scalar
part
         1
quad4
 5.73380e-07
 5.28088e-07
 4.83409e-07
 4.40989e-07
 4.01670e-07
 3.65779e-07
 3.33329e-07
 3.04163e-07
 2.78032e-07
 2.54657e-07
 2.33751e-07
 2.15044e-07
 1.98282e-07
 1.83241e-07
 1.69718e-07
 1.57534e-07
 1.46534e-07
 1.36580e-07
 1.27552e-07
 1.19347e-07
 6.79546e-07
 6.13715e-07
 5.52202e-07
 4.96251e-07
 4.46169e-07
 4.01756e-07
 3.62562e-07
 3.28048e-07
 2.97663e-07
 2.70886e-07
 2.47248e-07
 2.26332e-07
 2.07776e-07
 1.91269e-07
 1.76541e-07
 1.63362e-07
 1.51535e-07
 1.40890e-07
 1.31283e-07
 1.22589e-07
 8.04960e-07
 7.11207e-07
 6.28073e-07
 5.55557e-07
 4.92819e-07
 4.38719e-07
 3.92079e-07
 3.51805e-07
 3.16932e-07
 2.86633e-07
 2.60210e-07
 2.37075e-07
 2.16739e-07
 1.98793e-07
 1.82894e-07
 1.68756e-07
 1.56138e-07
 1.44839e-07
 1.34686e-07
 1.25534e-07
 9.49735e-07
 8.19252e-07
 7.09338e-07
 6.17290e-07
 5.40226e-07
 4.75527e-07
 4.20967e-07
 3.74711e-07
 3.35273e-07
 3.01454e-07
 2.72289e-07
 2.46999e-07
 2.24954e-07
 2.05640e-07
 1.88638e-07
 1.73605e-07
 1.60255e-07
 1.48352e-07
 1.37699e-07
 1.28131e-07
 1.11082e-06
 9.34310e-07
 7.92858e-07
 6.78924e-07
 5.86439e-07
 5.10698e-07
 4.48107e-07
 3.95923e-07
 3.52047e-07
 3.14862e-07
 2.83113e-07
 2.55816e-07
 2.32196e-07
 2.11635e-07
 1.93636e-07
 1.77799e-07
 1.63796e-07
 1.51359e-07
 1.40266e-07
 1.30333e-07
 1.28011e-06
 1.04988e-06
 8.73828e-07
 7.37006e-07
 6.28995e-07
 5.42474e-07
 4.72236e-07
 4.14524e-07
 3.66582e-07
 3.26358e-07
 2.92306e-07
 2.63242e-07
 2.38249e-07
 2.16610e-07
 1.97757e-07
 1.81236e-07
 1.66682e-07
 1.53796e-07
 1.42336e-07
 1.32100e-07
 1.44307e-06
 1.15634e-06
 9.45935e-07
 7.87372e-07
 6.65109e-07
 5.68958e-07
 4.92041e-07
 4.29589e-07
 3.78215e-07
 3.35463e-07
 2.99517e-07
 2.69014e-07
 2.42915e-07
 2.20415e-07
 2.00884e-07
 1.83825e-07
 1.68840e-07
 1.55606e-07
 1.43862e-07
 1.33394e-07
 1.57936e-06
 1.24185e-06
 1.00211e-06
 8.25654e-07
 6.91999e-07
 5.88330e-07
 5.06300e-07
 4.40280e-07
 3.86361e-07
 3.41757e-07
 3.04442e-07
 2.72910e-07
 2.46028e-07
 2.22924e-07
 2.02923e-07
 1.85493e-07
 1.70214e-07
 1.56744e-07
 1.44810e-07
 1.34188e-07
 1.66704e-06
 1.29485e-06
 1.03585e-06
 8.48027e-07
 7.07317e-07
 5.99097e-07
 5.14035e-07
 4.45940e-07
 3.90567e-07
 3.44924e-07
 3.06854e-07
 2.74765e-07
 2.47465e-07
 2.24046e-07
 2.03803e-07
 1.86187e-07
 1.70762e-07
 1.57179e-07
 1.45155e-07
 1.34461e-07
 1.68986e-06
 1.30722e-06
 1.04281e-06
 8.52004e-07
 7.09575e-07
 6.00333e-07
 5.14651e-07
 4.46175e-07
 3.90566e-07
 3.44780e-07
 3.06623e-07
 2.74485e-07
 2.47161e-07
 2.23731e-07
 2.03489e-07
 1.85880e-07
 1.70465e-07
 1.56894e-07
 1.44884e-07
 1.34204e-07
 1.64355e-06
 1.27692e-06
 1.02192e-06
 8.36992e-07
 6.98432e-07
 5.91837e-07
 5.08025e-07
 4.40908e-07
 3.86311e-07
 3.41293e-07
 3.03731e-07
 2.72059e-07
 2.45106e-07
 2.21976e-07
 2.01977e-07
 1.84569e-07
 1.69321e-07
 1.55889e-07
 1.43997e-07
 1.33417e-07
 1.53699e-06
 1.20840e-06
 9.75598e-07
 8.04410e-07
 6.74757e-07
 5.74163e-07
 4.94526e-07
 4.30393e-07
 3.77980e-07
 3.34592e-07
 2.98270e-07
 2.67557e-07
 2.41354e-07
 2.18820e-07
 1.99300e-07
 1.82280e-07
 1.67350e-07
 1.54181e-07
 1.42507e-07
 1.32111e-07
 1.38795e-06
 1.11098e-06
 9.09066e-07
 7.57333e-07
 6.40448e-07
 5.48528e-07
 4.74958e-07
 4.15177e-07
 3.65954e-07
 3.24950e-07
 2.90439e-07
 2.61124e-07
 2.36016e-07
 2.14348e-07
 1.95522e-07
 1.79063e-07
 1.64592e-07
 1.51801e-07
 1.40441e-07
 1.30307e-07
 1.21694e-06
 9.96070e-07
 8.28999e-07
 6.99832e-07
 5.98081e-07
 5.16614e-07
 4.50451e-07
 3.96036e-07
 3.50779e-07
 3.12757e-07
 2.80524e-07
 2.52974e-07
 2.29249e-07
 2.08681e-07
 1.90736e-07
 1.74992e-07
 1.61104e-07
 1.48795e-07
 1.37834e-07
 1.28034e-07
 1.04226e-06
 8.74668e-07
 7.42204e-07
 6.36246e-07
 5.50494e-07
 4.80324e-07
 4.22309e-07
 3.73884e-07
 3.33106e-07
 2.98486e-07
 2.68872e-07
 2.43365e-07
 2.21252e-07
 2.01970e-07
 1.85061e-07
 1.70158e-07
 1.56960e-07
 1.45220e-07
 1.34734e-07
 1.25331e-07
 8.77291e-07
 7.55653e-07
 6.54599e-07
 5.70564e-07
 5.00414e-07
 4.41551e-07
 3.91868e-07
 3.49678e-07
 3.13631e-07
 2.82648e-07
 2.55866e-07
 2.32587e-07
 2.12246e-07
 1.94385e-07
 1.78629e-07
 1.64666e-07
 1.52243e-07
 1.41145e-07
 1.31194e-07
 1.22240e-07
 7.29839e-07
 6.45076e-07
 5.70648e-07
 5.06023e-07
 4.50185e-07
 4.01998e-07
 3.60373e-07
 3.24335e-07
 2.93038e-07
 2.65761e-07
 2.41898e-07
 2.20940e-07
 2.02463e-07
 1.86110e-07
 1.71583e-07
 1.58631e-07
 1.47043e-07
 1.36641e-07
 1.27274e-07
 1.18812e-07
 6.03025e-07
 5.46264e-07
 4.93243e-07
 4.44957e-07
 4.01626e-07
 3.63063e-07
 3.28894e-07
 2.98675e-07
 2.71955e-07
 2.48307e-07
 2.27343e-07
 2.08719e-07
 1.92134e-07
 1.77326e-07
 1.64069e-07
 1.52169e-07
 1.41456e-07
 1.31787e-07
 1.23037e-07
 1.15098e-07
 4.96763e-07
 4.60394e-07
 4.23890e-07
 3.88818e-07
 3.56000e-07
 3.25795e-07
 2.98281e-07
 2.73379e-07
 2.50925e-07
 2.30717e-07
 2.12544e-07
 1.96196e-07
 1.81478e-07
 1.68210e-07
 1.56231e-07
 1.45396e-07
 1.35577e-07
 1.26660e-07
 1.18548e-07
 1.11151e-07
 4.09192e-07
 3.87204e-07
 3.63041e-07
 3.38319e-07
 3.14069e-07
 2.90903e-07
 2.69155e-07
 2.48972e-07
 2.30385e-07
 2.13355e-07
 1.97798e-07
 1.83615e-07
 1.70694e-07
 1.58925e-07
 1.48201e-07
 1.38422e-07
 1.29495e-07
 1.21336e-07
 1.13868e-07
 1.07023e-07
