scalar
part
         1
quad4
 6.60616e-07
 6.03783e-07
 5.48890e-07
 4.97587e-07
 4.50633e-07
 4.08222e-07
 3.70227e-07
 3.36349e-07
 3.06214e-07
 2.79430e-07
 2.55616e-07
 2.34418e-07
 2.15518e-07
 1.98633e-07
 1.83515e-07
 1.69946e-07
 1.57739e-07
 1.46728e-07
 1.36772e-07
 1.27749e-07
 7.76432e-07
 6.96127e-07
 6.22221e-07
 5.55811e-07
 4.96974e-07
 4.45257e-07
 3.99977e-07
 3.60385e-07
 3.25750e-07
 2.95404e-07
 2.68756e-07
 2.45292e-07
 2.24567e-07
 2.06204e-07
 1.89883e-07
 1.75329e-07
 1.62309e-07
 1.50627e-07
 1.40112e-07
 1.30621e-07
 9.11873e-07
 8.00086e-07
 7.02084e-07
 6.17427e-07
 5.44813e-07
 4.82676e-07
 4.29477e-07
 3.83829e-07
 3.44530e-07
 3.10565e-07
 2.81085e-07
 2.55387e-07
 2.32888e-07
 2.13107e-07
 1.95642e-07
 1.80160e-07
 1.66383e-07
 1.54079e-07
 1.43051e-07
 1.33133e-07
 1.06633e-06
 9.13690e-07
 7.86265e-07
 6.80423e-07
 5.92471e-07
 5.19134e-07
 4.57675e-07
 4.05868e-07
 3.61926e-07
 3.24424e-07
 2.92222e-07
 2.64409e-07
 2.40253e-07
 2.19159e-07
 2.00648e-07
 1.84326e-07
 1.69869e-07
 1.57011e-07
 1.45528e-07
 1.35236e-07
 1.23548e-06
 1.03242e-06
 8.70927e-07
 7.41795e-07
 6.37680e-07
 5.52946e-07
 4.83320e-07
 4.25571e-07
 3.77244e-07
 3.36462e-07
 3.01776e-07
 2.72060e-07
 2.46429e-07
 2.24184e-07
 2.04763e-07
 1.87717e-07
 1.72680e-07
 1.59353e-07
 1.47490e-07
 1.36886e-07
 1.40923e-06
 1.14844e-06
 9.50429e-07
 7.97581e-07
 6.77672e-07
 5.82169e-07
 5.05040e-07
 4.41960e-07
 3.89777e-07
 3.46162e-07
 3.09364e-07
 2.78053e-07
 2.51203e-07
 2.28016e-07
 2.07861e-07
 1.90236e-07
 1.74740e-07
 1.61046e-07
 1.48887e-07
 1.38043e-07
 1.57032e-06
 1.25060e-06
 1.01761e-06
 8.43161e-07
 7.09421e-07
 6.04786e-07
 5.21465e-07
 4.54087e-07
 3.98860e-07
 3.53049e-07
 3.14643e-07
 2.82136e-07
 2.54387e-07
 2.30515e-07
 2.09833e-07
 1.91801e-07
 1.75985e-07
 1.62039e-07
 1.49681e-07
 1.38678e-07
 1.69540e-06
 1.32566e-06
 1.06479e-06
 8.73906e-07
 7.30053e-07
 6.18961e-07
 5.31390e-07
 4.61144e-07
 4.03938e-07
 3.56736e-07
 3.17336e-07
 2.84110e-07
 2.55835e-07
 2.31573e-07
 2.10601e-07
 1.92350e-07
 1.76369e-07
 1.62298e-07
 1.49843e-07
 1.38768e-07
 1.76047e-06
 1.36145e-06
 1.08537e-06
 8.86074e-07
 7.37345e-07
 6.23324e-07
 5.33946e-07
 4.62561e-07
 4.04630e-07
 3.56962e-07
 3.17264e-07
 2.83849e-07
 2.55455e-07
 2.31124e-07
 2.10114e-07
 1.91847e-07
 1.75864e-07
 1.61800e-07
 1.49359e-07
 1.38301e-07
 1.74993e-06
 1.35071e-06
 1.07570e-06
 8.77701e-07
 7.30190e-07
 6.17225e-07
 5.28737e-07
 4.58095e-07
 4.00781e-07
 3.53629e-07
 3.14361e-07
 2.81308e-07
 2.53221e-07
 2.29149e-07
 2.08361e-07
 1.90284e-07
 1.74466e-07
 1.60544e-07
 1.48227e-07
 1.37277e-07
 1.66399e-06
 1.29394e-06
 1.03622e-06
 8.49137e-07
 7.08853e-07
 6.00866e-07
 5.15919e-07
 4.47864e-07
 3.92485e-07
 3.46808e-07
 3.08685e-07
 2.76534e-07
 2.49168e-07
 2.25679e-07
 2.05366e-07
 1.87682e-07
 1.72191e-07
 1.58543e-07
 1.46458e-07
 1.35706e-07
 1.51852e-06
 1.19917e-06
 9.71354e-07
 8.02974e-07
 6.74937e-07
 5.75280e-07
 4.96180e-07
 4.32342e-07
 3.80075e-07
 3.36741e-07
 3.00414e-07
 2.69662e-07
 2.43398e-07
 2.20791e-07
 2.01192e-07
 1.84090e-07
 1.69078e-07
 1.55830e-07
 1.44079e-07
 1.33608e-07
 1.33754e-06
 1.07902e-06
 8.88200e-07
 7.43423e-07
 6.31054e-07
 5.42150e-07
 4.70643e-07
 4.12298e-07
 3.64091e-07
 3.23816e-07
 2.89832e-07
 2.60900e-07
 2.36072e-07
 2.14609e-07
 1.95932e-07
 1.79582e-07
 1.65188e-07
 1.52451e-07
 1.41127e-07
 1.31016e-07
 1.14460e-06
 9.46917e-07
 7.94723e-07
 6.75400e-07
 5.80345e-07
 5.03545e-07
 4.40704e-07
 3.88700e-07
 3.45219e-07
 3.08527e-07
 2.77301e-07
 2.50521e-07
 2.27393e-07
 2.07289e-07
 1.89710e-07
 1.74253e-07
 1.60594e-07
 1.48467e-07
 1.37652e-07
 1.27969e-07
 9.57750e-07
 8.14278e-07
 6.98240e-07
 6.03679e-07
 5.25987e-07
 4.61623e-07
 4.07863e-07
 3.62606e-07
 3.24221e-07
 2.91431e-07
 2.63234e-07
 2.38836e-07
 2.17599e-07
 1.99014e-07
 1.82666e-07
 1.68216e-07
 1.55387e-07
 1.43949e-07
 1.33711e-07
 1.24513e-07
 7.88307e-07
 6.89279e-07
 6.04506e-07
 5.32288e-07
 4.70813e-07
 4.18395e-07
 3.73562e-07
 3.35066e-07
 3.01866e-07
 2.73101e-07
 2.48065e-07
 2.26173e-07
 2.06944e-07
 1.89982e-07
 1.74957e-07
 1.61594e-07
 1.49665e-07
 1.38977e-07
 1.29369e-07
 1.20702e-07
 6.41615e-07
 5.76762e-07
 5.17424e-07
 4.64231e-07
 4.17086e-07
 3.75555e-07
 3.39069e-07
 3.07031e-07
 2.78876e-07
 2.54088e-07
 2.32215e-07
 2.12860e-07
 1.95684e-07
 1.80394e-07
 1.66742e-07
 1.54515e-07
 1.43531e-07
 1.33635e-07
 1.24693e-07
 1.16592e-07
 5.18687e-07
 4.78811e-07
 4.39187e-07
 4.01456e-07
 3.66426e-07
 3.34405e-07
 3.05411e-07
 2.79309e-07
 2.55883e-07
 2.34887e-07
 2.16074e-07
 1.99206e-07
 1.84062e-07
 1.70446e-07
 1.58179e-07
 1.47106e-07
 1.37089e-07
 1.28007e-07
 1.19755e-07
 1.12241e-07
 4.17924e-07
 3.95560e-07
 3.70626e-07
 3.44998e-07
 3.19844e-07
 2.95843e-07
 2.73355e-07
 2.52534e-07
 2.33405e-07
 2.15920e-07
 1.99985e-07
 1.85487e-07
 1.72305e-07
 1.60320e-07
 1.49417e-07
 1.39490e-07
 1.30439e-07
 1.22177e-07
 1.14623e-07
 1.07705e-07
 3.36486e-07
 3.25975e-07
 3.11631e-07
 2.95184e-07
 2.77840e-07
 2.60410e-07
 2.43413e-07
 2.27166e-07
 2.11842e-07
 1.97524e-07
 1.84230e-07
 1.71940e-07
 1.60609e-07
 1.50181e-07
 1.40593e-07
 1.31779e-07
 1.23676e-07
 1.16223e-07
 1.09363e-07
 1.03042e-07
