scalar
part
         1
quad4
 3.41989e-07
 3.30399e-07
 3.15149e-07
 2.97957e-07
 2.80007e-07
 2.62087e-07
 2.44698e-07
 2.28136e-07
 2.12562e-07
 1.98045e-07
 1.84592e-07
 1.72175e-07
 1.60744e-07
 1.50236e-07
 1.40585e-07
 1.31721e-07
 1.23579e-07
 1.16095e-07
 1.09211e-07
 1.02872e-07
 4.23577e-07
 3.99945e-07
 3.73985e-07
 3.47543e-07
 3.21748e-07
 2.97247e-07
 2.74370e-07
 2.53247e-07
 2.33884e-07
 2.16218e-07
 2.00142e-07
 1.85536e-07
 1.72271e-07
 1.60222e-07
 1.49271e-07
 1.39306e-07
 1.30228e-07
 1.21945e-07
 1.14377e-07
 1.07450e-07
 5.24300e-07
 4.82962e-07
 4.42209e-07
 4.03620e-07
 3.67941e-07
 3.35432e-07
 3.06074e-07
 2.79698e-07
 2.56067e-07
 2.34920e-07
 2.15994e-07
 1.99042e-07
 1.83837e-07
 1.70177e-07
 1.57879e-07
 1.46785e-07
 1.36754e-07
 1.27665e-07
 1.19409e-07
 1.11894e-07
 6.46868e-07
 5.80389e-07
 5.19865e-07
 4.65815e-07
 4.18055e-07
 3.76085e-07
 3.39284e-07
 3.07023e-07
 2.78710e-07
 2.53812e-07
 2.31862e-07
 2.12456e-07
 1.95247e-07
 1.79938e-07
 1.66276e-07
 1.54046e-07
 1.43065e-07
 1.33175e-07
 1.24242e-07
 1.16151e-07
 7.92690e-07
 6.91967e-07
 6.06043e-07
 5.33050e-07
 4.71055e-07
 4.18291e-07
 3.73230e-07
 3.34586e-07
 3.01292e-07
 2.72473e-07
 2.47408e-07
 2.25504e-07
 2.06277e-07
 1.89324e-07
 1.74313e-07
 1.60968e-07
 1.49059e-07
 1.38393e-07
 1.28806e-07
 1.20162e-07
 9.60500e-07
 8.15470e-07
 6.98479e-07
 6.03340e-07
 5.25306e-07
 4.60746e-07
 4.06884e-07
 3.61582e-07
 3.23188e-07
 2.90412e-07
 2.62244e-07
 2.37881e-07
 2.16685e-07
 1.98141e-07
 1.81835e-07
 1.67426e-07
 1.54637e-07
 1.43237e-07
 1.33035e-07
 1.23871e-07
 1.14467e-06
 9.45933e-07
 7.93218e-07
 6.73667e-07
 5.78545e-07
 5.01763e-07
 4.38987e-07
 3.87068e-07
 3.43682e-07
 3.07086e-07
 2.75954e-07
 2.49264e-07
 2.26219e-07
 2.06192e-07
 1.88684e-07
 1.73294e-07
 1.59695e-07
 1.47623e-07
 1.36860e-07
 1.27223e-07
 1.33370e-06
 1.07513e-06
 8.84515e-07
 7.40028e-07
 6.27967e-07
 5.39357e-07
 4.68117e-07
 4.10012e-07
 3.62019e-07
 3.21932e-07
 2.88114e-07
 2.59330e-07
 2.34631e-07
 2.13284e-07
 1.94710e-07
 1.78451e-07
 1.64139e-07
 1.51476e-07
 1.40219e-07
 1.30167e-07
 1.50958e-06
 1.19176e-06
 9.65156e-07
 7.97732e-07
 6.70456e-07
 5.71410e-07
 4.92808e-07
 4.29380e-07
 3.77454e-07
 3.34406e-07
 2.98322e-07
 2.67776e-07
 2.41691e-07
 2.19238e-07
 1.99773e-07
 1.82789e-07
 1.67881e-07
 1.54724e-07
 1.43055e-07
 1.32658e-07
 1.64930e-06
 1.28273e-06
 1.02738e-06
 8.41993e-07
 7.02956e-07
 5.95916e-07
 5.11703e-07
 4.44231e-07
 3.89322e-07
 3.44029e-07
 3.06224e-07
 2.74340e-07
 2.47198e-07
 2.23902e-07
 2.03755e-07
 1.86214e-07
 1.70848e-07
 1.57310e-07
 1.45322e-07
 1.34655e-07
 1.72979e-06
 1.33592e-06
 1.06438e-06
 8.68770e-07
 7.22962e-07
 6.11257e-07
 5.23726e-07
 4.53829e-07
 3.97105e-07
 3.50429e-07
 3.11550e-07
 2.78820e-07
 2.51002e-07
 2.27159e-07
 2.06566e-07
 1.88657e-07
 1.72983e-07
 1.59188e-07
 1.46982e-07
 1.36130e-07
 1.73621e-06
 1.34382e-06
 1.07202e-06
 8.75636e-07
 7.28973e-07
 6.16467e-07
 5.28232e-07
 4.57729e-07
 4.00492e-07
 3.53380e-07
 3.14133e-07
 2.81090e-07
 2.53007e-07
 2.28936e-07
 2.08148e-07
 1.90070e-07
 1.74251e-07
 1.60329e-07
 1.48013e-07
 1.37064e-07
 1.66897e-06
 1.30627e-06
 1.05004e-06
 8.62365e-07
 7.20802e-07
 6.11396e-07
 5.25099e-07
 4.55836e-07
 3.99405e-07
 3.52822e-07
 3.13925e-07
 2.81112e-07
 2.53180e-07
 2.29207e-07
 2.08479e-07
 1.90437e-07
 1.74636e-07
 1.60720e-07
 1.48402e-07
 1.37446e-07
 1.54363e-06
 1.23058e-06
 1.00218e-06
 8.30972e-07
 6.99595e-07
 5.96723e-07
 5.14746e-07
 4.48413e-07
 3.94013e-07
 3.48865e-07
 3.10997e-07
 2.78935e-07
 2.51555e-07
 2.27993e-07
 2.07575e-07
 1.89767e-07
 1.74145e-07
 1.60366e-07
 1.48153e-07
 1.37279e-07
 1.38371e-06
 1.12876e-06
 9.34948e-07
 7.85181e-07
 6.67575e-07
 5.73823e-07
 4.98050e-07
 4.36035e-07
 3.84702e-07
 3.41773e-07
 3.05536e-07
 2.74688e-07
 2.48226e-07
 2.25364e-07
 2.05486e-07
 1.88098e-07
 1.72806e-07
 1.59288e-07
 1.47283e-07
 1.36575e-07
 1.21199e-06
 1.01374e-06
 8.55905e-07
 7.29557e-07
 6.27584e-07
 5.44519e-07
 4.76208e-07
 4.19508e-07
 3.72027e-07
 3.31935e-07
 2.97817e-07
 2.68574e-07
 2.43339e-07
 2.21429e-07
 2.02294e-07
 1.85493e-07
 1.70667e-07
 1.57524e-07
 1.45820e-07
 1.35357e-07
 1.04522e-06
 8.96415e-07
 7.72045e-07
 6.68624e-07
 5.82596e-07
 5.10797e-07
 4.50574e-07
 3.99770e-07
 3.56648e-07
 3.19823e-07
 2.88183e-07
 2.60842e-07
 2.37083e-07
 2.16328e-07
 1.98106e-07
 1.82033e-07
 1.67792e-07
 1.55122e-07
 1.43804e-07
 1.33657e-07
 8.93173e-07
 7.84373e-07
 6.88860e-07
 6.06254e-07
 5.35321e-07
 4.74563e-07
 4.22498e-07
 3.77787e-07
 3.39265e-07
 3.05949e-07
 2.77014e-07
 2.51778e-07
 2.29672e-07
 2.10226e-07
 1.93050e-07
 1.77818e-07
 1.64258e-07
 1.52144e-07
 1.41283e-07
 1.31512e-07
 7.59994e-07
 6.81985e-07
 6.10074e-07
 5.45368e-07
 4.87971e-07
 4.37467e-07
 3.93206e-07
 3.54470e-07
 3.20558e-07
 2.90825e-07
 2.64697e-07
 2.41676e-07
 2.21333e-07
 2.03299e-07
 1.87262e-07
 1.72955e-07
 1.60151e-07
 1.48658e-07
 1.38311e-07
 1.28968e-07
 6.46208e-07
 5.91131e-07
 5.37822e-07
 4.87918e-07
 4.42180e-07
 4.00818e-07
 3.63724e-07
 3.30619e-07
 3.01146e-07
 2.74930e-07
 2.51604e-07
 2.30828e-07
 2.12293e-07
 1.95726e-07
 1.80884e-07
 1.67557e-07
 1.55562e-07
 1.44738e-07
 1.34949e-07
 1.26072e-07
