scalar
part
         1
quad4
 5.63717e-07
 5.19098e-07
 4.75157e-07
 4.33467e-07
 3.94835e-07
 3.59570e-07
 3.27683e-07
 2.99018e-07
 2.73331e-07
 2.50350e-07
 2.29793e-07
 2.11396e-07
 1.94911e-07
 1.80116e-07
 1.66814e-07
 1.54830e-07
 1.44009e-07
 1.34218e-07
 1.25338e-07
 1.17266e-07
 6.66633e-07
 6.02140e-07
 5.41898e-07
 4.87096e-07
 4.38025e-07
 3.94488e-07
 3.56051e-07
 3.22189e-07
 2.92367e-07
 2.66078e-07
 2.42865e-07
 2.22320e-07
 2.04092e-07
 1.87873e-07
 1.73401e-07
 1.60450e-07
 1.48827e-07
 1.38366e-07
 1.28925e-07
 1.20380e-07
 7.87971e-07
 6.96539e-07
 6.15410e-07
 5.44582e-07
 4.83252e-07
 4.30322e-07
 3.84659e-07
 3.45204e-07
 3.11023e-07
 2.81314e-07
 2.55396e-07
 2.32697e-07
 2.12740e-07
 1.95125e-07
 1.79518e-07
 1.65637e-07
 1.53249e-07
 1.42154e-07
 1.32184e-07
 1.23197e-07
 9.27807e-07
 8.01023e-07
 6.94062e-07
 6.04359e-07
 5.29163e-07
 4.65963e-07
 4.12618e-07
 3.67360e-07
 3.28750e-07
 2.95625e-07
 2.67047e-07
 2.42259e-07
 2.20645e-07
 2.01705e-07
 1.85030e-07
 1.70284e-07
 1.57187e-07
 1.45510e-07
 1.35058e-07
 1.25670e-07
 1.08321e-06
 9.12194e-07
 7.74835e-07
 6.63988e-07
 5.73869e-07
 4.99973e-07
 4.38844e-07
 3.87839e-07
 3.44925e-07
 3.08537e-07
 2.77456e-07
 2.50724e-07
 2.27587e-07
 2.07442e-07
 1.89804e-07
 1.74282e-07
 1.60557e-07
 1.48366e-07
 1.37491e-07
 1.27753e-07
 1.24650e-06
 1.02384e-06
 8.53109e-07
 7.20137e-07
 6.14987e-07
 5.30646e-07
 4.62107e-07
 4.05744e-07
 3.58892e-07
 3.19564e-07
 2.86256e-07
 2.57817e-07
 2.33356e-07
 2.12172e-07
 1.93712e-07
 1.77534e-07
 1.63279e-07
 1.50658e-07
 1.39433e-07
 1.29406e-07
 1.40386e-06
 1.12674e-06
 9.22805e-07
 7.68778e-07
 6.49814e-07
 5.56138e-07
 4.81128e-07
 4.20178e-07
 3.70008e-07
 3.28238e-07
 2.93104e-07
 2.63282e-07
 2.37758e-07
 2.15749e-07
 1.96642e-07
 1.79950e-07
 1.65285e-07
 1.52334e-07
 1.40839e-07
 1.30593e-07
 1.53587e-06
 1.20952e-06
 9.77082e-07
 8.05669e-07
 6.75643e-07
 5.74677e-07
 4.94718e-07
 4.30322e-07
 3.77700e-07
 3.34152e-07
 2.97707e-07
 2.66902e-07
 2.40633e-07
 2.18052e-07
 1.98500e-07
 1.81460e-07
 1.66519e-07
 1.53348e-07
 1.41677e-07
 1.31288e-07
 1.62133e-06
 1.26090e-06
 1.00959e-06
 8.27065e-07
 6.90174e-07
 5.84800e-07
 5.01919e-07
 4.35535e-07
 3.81529e-07
 3.36998e-07
 2.99843e-07
 2.68518e-07
 2.41863e-07
 2.18992e-07
 1.99221e-07
 1.82013e-07
 1.66943e-07
 1.53672e-07
 1.41922e-07
 1.31471e-07
 1.64399e-06
 1.27279e-06
 1.01599e-06
 8.30495e-07
 6.91933e-07
 5.85594e-07
 5.02148e-07
 4.35432e-07
 3.81234e-07
 3.36596e-07
 2.99388e-07
 2.68042e-07
 2.41385e-07
 2.18524e-07
 1.98771e-07
 1.81584e-07
 1.66537e-07
 1.53289e-07
 1.41563e-07
 1.31135e-07
 1.59896e-06
 1.24289e-06
 9.95101e-07
 8.15324e-07
 6.80564e-07
 5.76853e-07
 4.95282e-07
 4.29939e-07
 3.76772e-07
 3.32922e-07
 2.96325e-07
 2.65462e-07
 2.39192e-07
 2.16645e-07
 1.97147e-07
 1.80172e-07
 1.65302e-07
 1.52202e-07
 1.40601e-07
 1.30280e-07
 1.49438e-06
 1.17533e-06
 9.49217e-07
 7.82902e-07
 6.56903e-07
 5.59116e-07
 4.81682e-07
 4.19307e-07
 3.68319e-07
 3.26101e-07
 2.90750e-07
 2.60852e-07
 2.35340e-07
 2.13396e-07
 1.94384e-07
 1.77804e-07
 1.63258e-07
 1.50426e-07
 1.39050e-07
 1.28917e-07
 1.34759e-06
 1.07920e-06
 8.83421e-07
 7.36234e-07
 6.22811e-07
 5.33582e-07
 4.62144e-07
 4.04078e-07
 3.56254e-07
 3.16406e-07
 2.82859e-07
 2.54356e-07
 2.29938e-07
 2.08861e-07
 1.90546e-07
 1.74530e-07
 1.60446e-07
 1.47995e-07
 1.36936e-07
 1.27068e-07
 1.17902e-06
 9.65813e-07
 8.04319e-07
 6.79348e-07
 5.80832e-07
 5.01910e-07
 4.37782e-07
 3.85019e-07
 3.41118e-07
 3.04224e-07
 2.72936e-07
 2.46186e-07
 2.23144e-07
 2.03163e-07
 1.85726e-07
 1.70423e-07
 1.56923e-07
 1.44954e-07
 1.34295e-07
 1.24762e-07
 1.00702e-06
 8.46151e-07
 7.18686e-07
 6.16547e-07
 5.33780e-07
 4.65984e-07
 4.09888e-07
 3.63034e-07
 3.23556e-07
 2.90023e-07
 2.61326e-07
 2.36599e-07
 2.15155e-07
 1.96449e-07
 1.80041e-07
 1.65576e-07
 1.52762e-07
 1.41360e-07
 1.31174e-07
 1.22038e-07
 8.44932e-07
 7.29064e-07
 6.32405e-07
 5.51792e-07
 4.84357e-07
 4.27681e-07
 3.79785e-07
 3.39070e-07
 3.04255e-07
 2.74310e-07
 2.48408e-07
 2.25882e-07
 2.06190e-07
 1.88891e-07
 1.73624e-07
 1.60091e-07
 1.48045e-07
 1.37281e-07
 1.27627e-07
 1.18939e-07
 7.00485e-07
 6.20545e-07
 5.49902e-07
 4.88290e-07
 4.34884e-07
 3.88684e-07
 3.48702e-07
 3.14035e-07
 2.83892e-07
 2.57594e-07
 2.34568e-07
 2.14332e-07
 1.96478e-07
 1.80668e-07
 1.66616e-07
 1.54082e-07
 1.42864e-07
 1.32789e-07
 1.23714e-07
 1.15513e-07
 5.76658e-07
 5.23841e-07
 4.74016e-07
 4.28338e-07
 3.87153e-07
 3.50372e-07
 3.17695e-07
 2.88736e-07
 2.63086e-07
 2.40353e-07
 2.20178e-07
 2.02238e-07
 1.86247e-07
 1.71960e-07
 1.59161e-07
 1.47665e-07
 1.37310e-07
 1.27960e-07
 1.19495e-07
 1.11812e-07
 4.73245e-07
 4.40048e-07
 4.06199e-07
 3.73350e-07
 3.42400e-07
 3.13773e-07
 2.87599e-07
 2.63841e-07
 2.42370e-07
 2.23011e-07
 2.05574e-07
 1.89869e-07
 1.75714e-07
 1.62942e-07
 1.51400e-07
 1.40953e-07
 1.31479e-07
 1.22872e-07
 1.15035e-07
 1.07887e-07
 3.88308e-07
 3.68841e-07
 3.46855e-07
 3.24005e-07
 3.01361e-07
 2.79576e-07
 2.59019e-07
 2.39866e-07
 2.22174e-07
 2.05923e-07
 1.91049e-07
 1.77465e-07
 1.65073e-07
 1.53772e-07
 1.43464e-07
 1.34055e-07
 1.25459e-07
 1.17597e-07
 1.10396e-07
 1.03792e-07
