scalar
part
         1
quad4
 3.60934e-07
 3.46022e-07
 3.28001e-07
 3.08526e-07
 2.88709e-07
 2.69267e-07
 2.50638e-07
 2.33066e-07
 2.16667e-07
 2.01473e-07
 1.87464e-07
 1.74588e-07
 1.62777e-07
 1.51953e-07
 1.42037e-07
 1.32951e-07
 1.24622e-07
 1.16981e-07
 1.09963e-07
 1.03510e-07
 4.43651e-07
 4.16062e-07
 3.86922e-07
 3.57944e-07
 3.30135e-07
 3.04035e-07
 2.79886e-07
 2.57748e-07
 2.37571e-07
 2.19249e-07
 2.02642e-07
 1.87604e-07
 1.73986e-07
 1.61646e-07
 1.50455e-07
 1.40291e-07
 1.31047e-07
 1.22626e-07
 1.14941e-07
 1.07916e-07
 5.45126e-07
 4.99162e-07
 4.54844e-07
 4.13515e-07
 3.75731e-07
 3.41597e-07
 3.10978e-07
 2.83619e-07
 2.59216e-07
 2.37457e-07
 2.18044e-07
 2.00702e-07
 1.85183e-07
 1.71267e-07
 1.58762e-07
 1.47497e-07
 1.37327e-07
 1.28121e-07
 1.19770e-07
 1.12175e-07
 6.67749e-07
 5.96031e-07
 5.31657e-07
 4.74768e-07
 4.24904e-07
 3.81358e-07
 3.43368e-07
 3.10202e-07
 2.81193e-07
 2.55755e-07
 2.33384e-07
 2.13646e-07
 1.96174e-07
 1.80655e-07
 1.66825e-07
 1.54460e-07
 1.43369e-07
 1.33390e-07
 1.24385e-07
 1.16235e-07
 8.12488e-07
 7.06130e-07
 6.16284e-07
 5.40529e-07
 4.76564e-07
 4.22376e-07
 3.76272e-07
 3.36855e-07
 3.02983e-07
 2.73725e-07
 2.48325e-07
 2.26165e-07
 2.06738e-07
 1.89630e-07
 1.74499e-07
 1.61059e-07
 1.49076e-07
 1.38351e-07
 1.28719e-07
 1.20038e-07
 9.77525e-07
 8.26939e-07
 7.06311e-07
 6.08741e-07
 5.29049e-07
 4.63338e-07
 4.08663e-07
 3.62780e-07
 3.23966e-07
 2.90884e-07
 2.62490e-07
 2.37960e-07
 2.16641e-07
 1.98006e-07
 1.81633e-07
 1.67175e-07
 1.54350e-07
 1.42925e-07
 1.32706e-07
 1.23532e-07
 1.15669e-06
 9.53268e-07
 7.97706e-07
 6.76372e-07
 5.80106e-07
 5.02576e-07
 4.39303e-07
 3.87053e-07
 3.43446e-07
 3.06702e-07
 2.75472e-07
 2.48720e-07
 2.25638e-07
 2.05591e-07
 1.88076e-07
 1.72686e-07
 1.59094e-07
 1.47033e-07
 1.36283e-07
 1.26662e-07
 1.33821e-06
 1.07688e-06
 8.84782e-07
 7.39492e-07
 6.26997e-07
 5.38160e-07
 4.66815e-07
 4.08677e-07
 3.60692e-07
 3.20637e-07
 2.86865e-07
 2.58134e-07
 2.33491e-07
 2.12200e-07
 1.93682e-07
 1.77476e-07
 1.63215e-07
 1.50600e-07
 1.39389e-07
 1.29381e-07
 1.50443e-06
 1.18678e-06
 9.60572e-07
 7.93586e-07
 6.66729e-07
 5.68063e-07
 4.89797e-07
 4.26663e-07
 3.74995e-07
 3.32173e-07
 2.96286e-07
 2.65914e-07
 2.39982e-07
 2.17665e-07
 1.98321e-07
 1.81444e-07
 1.66632e-07
 1.53563e-07
 1.41971e-07
 1.31644e-07
 1.63354e-06
 1.27060e-06
 1.01774e-06
 8.34135e-07
 6.96422e-07
 5.90393e-07
 5.06971e-07
 4.40129e-07
 3.85731e-07
 3.40859e-07
 3.03405e-07
 2.71815e-07
 2.44925e-07
 2.21843e-07
 2.01882e-07
 1.84503e-07
 1.69278e-07
 1.55865e-07
 1.43987e-07
 1.33418e-07
 1.70427e-06
 1.31715e-06
 1.05000e-06
 8.57410e-07
 7.13764e-07
 6.03660e-07
 5.17347e-07
 4.48397e-07
 3.92426e-07
 3.46356e-07
 3.07974e-07
 2.75654e-07
 2.48180e-07
 2.24628e-07
 2.04283e-07
 1.86588e-07
 1.71100e-07
 1.57466e-07
 1.45401e-07
 1.34674e-07
 1.70337e-06
 1.31973e-06
 1.05368e-06
 8.61262e-07
 7.17432e-07
 6.07015e-07
 5.20360e-07
 4.51080e-07
 3.94806e-07
 3.48466e-07
 3.09847e-07
 2.77321e-07
 2.49667e-07
 2.25957e-07
 2.05475e-07
 1.87660e-07
 1.72067e-07
 1.58341e-07
 1.46195e-07
 1.35396e-07
 1.63187e-06
 1.27862e-06
 1.02882e-06
 8.45656e-07
 7.07367e-07
 6.00397e-07
 5.15953e-07
 4.48127e-07
 3.92829e-07
 3.47155e-07
 3.08996e-07
 2.76791e-07
 2.49363e-07
 2.25813e-07
 2.05443e-07
 1.87707e-07
 1.72169e-07
 1.58481e-07
 1.46360e-07
 1.35577e-07
 1.50507e-06
 1.20113e-06
 9.79196e-07
 8.12680e-07
 6.84780e-07
 5.84535e-07
 5.04581e-07
 4.39830e-07
 3.86687e-07
 3.42551e-07
 3.05508e-07
 2.74125e-07
 2.47311e-07
 2.24224e-07
 2.04208e-07
 1.86744e-07
 1.71417e-07
 1.57893e-07
 1.45903e-07
 1.35222e-07
 1.34576e-06
 1.09897e-06
 9.11234e-07
 7.66028e-07
 6.51892e-07
 5.60817e-07
 4.87137e-07
 4.26781e-07
 3.76778e-07
 3.34929e-07
 2.99577e-07
 2.69462e-07
 2.43612e-07
 2.21266e-07
 2.01825e-07
 1.84812e-07
 1.69842e-07
 1.56603e-07
 1.44841e-07
 1.34345e-07
 1.17593e-06
 9.84685e-07
 8.32280e-07
 7.10159e-07
 6.11496e-07
 5.31042e-07
 4.64812e-07
 4.09784e-07
 3.63662e-07
 3.24682e-07
 2.91484e-07
 2.63007e-07
 2.38416e-07
 2.17050e-07
 1.98379e-07
 1.81977e-07
 1.67494e-07
 1.54649e-07
 1.43205e-07
 1.32970e-07
 1.01176e-06
 8.68772e-07
 7.49104e-07
 6.49470e-07
 5.66491e-07
 4.97156e-07
 4.38935e-07
 3.89766e-07
 3.47990e-07
 3.12279e-07
 2.81571e-07
 2.55011e-07
 2.31913e-07
 2.11720e-07
 1.93980e-07
 1.78321e-07
 1.64440e-07
 1.52081e-07
 1.41037e-07
 1.31129e-07
 8.62586e-07
 7.58526e-07
 6.66993e-07
 5.87695e-07
 5.19501e-07
 4.61009e-07
 4.10822e-07
 3.67670e-07
 3.30450e-07
 2.98226e-07
 2.70212e-07
 2.45756e-07
 2.24315e-07
 2.05439e-07
 1.88753e-07
 1.73945e-07
 1.60755e-07
 1.48963e-07
 1.38384e-07
 1.28863e-07
 7.32284e-07
 6.58097e-07
 5.89504e-07
 5.27639e-07
 4.72657e-07
 4.24195e-07
 3.81660e-07
 3.44383e-07
 3.11706e-07
 2.83022e-07
 2.57789e-07
 2.35534e-07
 2.15848e-07
 1.98381e-07
 1.82835e-07
 1.68956e-07
 1.56526e-07
 1.45361e-07
 1.35302e-07
 1.26214e-07
 6.21230e-07
 5.69217e-07
 5.18649e-07
 4.71157e-07
 4.27518e-07
 3.87971e-07
 3.52439e-07
 3.20676e-07
 2.92357e-07
 2.67134e-07
 2.44664e-07
 2.24627e-07
 2.06733e-07
 1.90723e-07
 1.76367e-07
 1.63466e-07
 1.51844e-07
 1.41350e-07
 1.31851e-07
 1.23233e-07
