scalar
part
         1
quad4
 3.58181e-07
 3.43817e-07
 3.26255e-07
 3.07158e-07
 2.87648e-07
 2.68454e-07
 2.50024e-07
 2.32610e-07
 2.16337e-07
 2.01243e-07
 1.87314e-07
 1.74501e-07
 1.62739e-07
 1.51954e-07
 1.42069e-07
 1.33008e-07
 1.24697e-07
 1.17070e-07
 1.10063e-07
 1.03619e-07
 4.40842e-07
 4.13894e-07
 3.85270e-07
 3.56704e-07
 3.29218e-07
 3.03370e-07
 2.79416e-07
 2.57429e-07
 2.37370e-07
 2.19138e-07
 2.02601e-07
 1.87616e-07
 1.74038e-07
 1.61729e-07
 1.50561e-07
 1.40414e-07
 1.31183e-07
 1.22771e-07
 1.15092e-07
 1.08070e-07
 5.42361e-07
 4.97132e-07
 4.53380e-07
 4.12483e-07
 3.75024e-07
 3.41134e-07
 3.10698e-07
 2.83474e-07
 2.59171e-07
 2.37487e-07
 2.18129e-07
 2.00827e-07
 1.85336e-07
 1.71441e-07
 1.58949e-07
 1.47694e-07
 1.37528e-07
 1.28325e-07
 1.19974e-07
 1.12378e-07
 6.65196e-07
 5.94290e-07
 5.30508e-07
 4.74047e-07
 4.24488e-07
 3.81160e-07
 3.43325e-07
 3.10268e-07
 2.81334e-07
 2.55949e-07
 2.33613e-07
 2.13898e-07
 1.96439e-07
 1.80928e-07
 1.67100e-07
 1.54734e-07
 1.43640e-07
 1.33656e-07
 1.24644e-07
 1.16488e-07
 8.10410e-07
 7.04893e-07
 6.15616e-07
 5.40244e-07
 4.76534e-07
 4.22514e-07
 3.76519e-07
 3.37171e-07
 3.03340e-07
 2.74106e-07
 2.48716e-07
 2.26557e-07
 2.07126e-07
 1.90011e-07
 1.74868e-07
 1.61417e-07
 1.49421e-07
 1.38683e-07
 1.29037e-07
 1.20344e-07
 9.76314e-07
 8.26492e-07
 7.06328e-07
 6.09037e-07
 5.29505e-07
 4.63883e-07
 4.09251e-07
 3.63383e-07
 3.24566e-07
 2.91470e-07
 2.63056e-07
 2.38504e-07
 2.17160e-07
 1.98500e-07
 1.82101e-07
 1.67620e-07
 1.54772e-07
 1.43325e-07
 1.33085e-07
 1.23891e-07
 1.15689e-06
 9.53962e-07
 7.98639e-07
 6.77401e-07
 5.81151e-07
 5.03598e-07
 4.40281e-07
 3.87976e-07
 3.44311e-07
 3.07511e-07
 2.76227e-07
 2.49423e-07
 2.26294e-07
 2.06203e-07
 1.88647e-07
 1.73219e-07
 1.59594e-07
 1.47501e-07
 1.36723e-07
 1.27075e-07
 1.34045e-06
 1.07909e-06
 8.86856e-07
 7.41392e-07
 6.28718e-07
 5.39714e-07
 4.68218e-07
 4.09944e-07
 3.61839e-07
 3.21680e-07
 2.87815e-07
 2.59002e-07
 2.34287e-07
 2.12932e-07
 1.94357e-07
 1.78100e-07
 1.63794e-07
 1.51138e-07
 1.39890e-07
 1.29849e-07
 1.50932e-06
 1.19083e-06
 9.63963e-07
 7.96455e-07
 6.69183e-07
 5.70182e-07
 4.91644e-07
 4.28286e-07
 3.76431e-07
 3.33453e-07
 2.97433e-07
 2.66948e-07
 2.40919e-07
 2.18517e-07
 1.99099e-07
 1.82158e-07
 1.67290e-07
 1.54169e-07
 1.42534e-07
 1.32166e-07
 1.64144e-06
 1.27665e-06
 1.02252e-06
 8.38004e-07
 6.99620e-07
 5.93080e-07
 5.09262e-07
 4.42105e-07
 3.87453e-07
 3.42373e-07
 3.04746e-07
 2.73012e-07
 2.45999e-07
 2.22813e-07
 2.02762e-07
 1.85304e-07
 1.70011e-07
 1.56539e-07
 1.44608e-07
 1.33992e-07
 1.71505e-06
 1.32508e-06
 1.05608e-06
 8.62219e-07
 7.17662e-07
 6.06883e-07
 5.20056e-07
 4.50707e-07
 3.94418e-07
 3.48091e-07
 3.09499e-07
 2.77005e-07
 2.49386e-07
 2.25710e-07
 2.05260e-07
 1.87473e-07
 1.71907e-07
 1.58204e-07
 1.46080e-07
 1.35299e-07
 1.71633e-06
 1.32917e-06
 1.06084e-06
 8.66865e-07
 7.21933e-07
 6.10706e-07
 5.23439e-07
 4.53687e-07
 3.97041e-07
 3.50403e-07
 3.11541e-07
 2.78814e-07
 2.50993e-07
 2.27143e-07
 2.06542e-07
 1.88624e-07
 1.72943e-07
 1.59140e-07
 1.46927e-07
 1.36069e-07
 1.64600e-06
 1.28900e-06
 1.03671e-06
 8.51842e-07
 7.12331e-07
 6.04460e-07
 5.19335e-07
 4.50983e-07
 3.95271e-07
 3.49265e-07
 3.10837e-07
 2.78410e-07
 2.50797e-07
 2.27092e-07
 2.06591e-07
 1.88742e-07
 1.73108e-07
 1.59335e-07
 1.47142e-07
 1.36295e-07
 1.51935e-06
 1.21184e-06
 9.87457e-07
 8.19209e-07
 6.90047e-07
 5.88861e-07
 5.08188e-07
 4.42879e-07
 3.89294e-07
 3.44803e-07
 3.07471e-07
 2.75851e-07
 2.48838e-07
 2.25585e-07
 2.05428e-07
 1.87843e-07
 1.72412e-07
 1.58798e-07
 1.46729e-07
 1.35980e-07
 1.35942e-06
 1.10951e-06
 9.19519e-07
 7.72666e-07
 6.57301e-07
 5.65290e-07
 4.90886e-07
 4.29961e-07
 3.79504e-07
 3.37288e-07
 3.01636e-07
 2.71273e-07
 2.45215e-07
 2.22695e-07
 2.03106e-07
 1.85965e-07
 1.70886e-07
 1.57552e-07
 1.45707e-07
 1.35139e-07
 1.18851e-06
 9.94681e-07
 8.40321e-07
 7.16711e-07
 6.16903e-07
 5.35557e-07
 4.68624e-07
 4.13036e-07
 3.66461e-07
 3.27113e-07
 2.93611e-07
 2.64881e-07
 2.40078e-07
 2.18533e-07
 1.99709e-07
 1.83175e-07
 1.68579e-07
 1.55635e-07
 1.44106e-07
 1.33795e-07
 1.02307e-06
 8.78021e-07
 7.56716e-07
 6.55785e-07
 5.71778e-07
 5.01621e-07
 4.42739e-07
 3.93034e-07
 3.50820e-07
 3.14748e-07
 2.83738e-07
 2.56927e-07
 2.33616e-07
 2.13242e-07
 1.95347e-07
 1.79555e-07
 1.65558e-07
 1.53099e-07
 1.41966e-07
 1.31981e-07
 8.72602e-07
 7.66938e-07
 6.74071e-07
 5.93676e-07
 5.24582e-07
 4.65352e-07
 4.14559e-07
 3.70907e-07
 3.33272e-07
 3.00701e-07
 2.72396e-07
 2.47693e-07
 2.26042e-07
 2.06986e-07
 1.90146e-07
 1.75205e-07
 1.61898e-07
 1.50004e-07
 1.39336e-07
 1.29736e-07
 7.41086e-07
 6.65667e-07
 5.96004e-07
 5.33228e-07
 4.77474e-07
 4.28364e-07
 3.85285e-07
 3.47550e-07
 3.14487e-07
 2.85476e-07
 2.59965e-07
 2.37472e-07
 2.17583e-07
 1.99941e-07
 1.84243e-07
 1.70231e-07
 1.57686e-07
 1.46420e-07
 1.36271e-07
 1.27104e-07
 6.28943e-07
 5.75988e-07
 5.24571e-07
 4.76330e-07
 4.32040e-07
 3.91932e-07
 3.55919e-07
 3.23743e-07
 2.95071e-07
 2.69544e-07
 2.46813e-07
 2.26551e-07
 2.08462e-07
 1.92282e-07
 1.77779e-07
 1.64748e-07
 1.53013e-07
 1.42418e-07
 1.32831e-07
 1.24134e-07
