scalar
part
         1
quad4
 6.18977e-07
 5.68188e-07
 5.18605e-07
 4.71871e-07
 4.28791e-07
 3.89641e-07
 3.54377e-07
 3.22782e-07
 2.94557e-07
 2.69373e-07
 2.46902e-07
 2.26836e-07
 2.08894e-07
 1.92821e-07
 1.78395e-07
 1.65419e-07
 1.53720e-07
 1.43149e-07
 1.33574e-07
 1.24881e-07
 7.30062e-07
 6.57416e-07
 5.89990e-07
 5.28968e-07
 4.74567e-07
 4.26484e-07
 3.84177e-07
 3.47020e-07
 3.14385e-07
 2.85689e-07
 2.60408e-07
 2.38079e-07
 2.18306e-07
 2.00743e-07
 1.85097e-07
 1.71116e-07
 1.58586e-07
 1.47323e-07
 1.37170e-07
 1.27992e-07
 8.60661e-07
 7.58507e-07
 6.68311e-07
 5.89901e-07
 5.22262e-07
 4.64086e-07
 4.14051e-07
 3.70939e-07
 3.33685e-07
 3.01379e-07
 2.73255e-07
 2.48671e-07
 2.27096e-07
 2.08082e-07
 1.91261e-07
 1.76322e-07
 1.63005e-07
 1.51093e-07
 1.40400e-07
 1.30772e-07
 1.01065e-06
 8.69927e-07
 7.51689e-07
 6.52898e-07
 5.70367e-07
 5.01220e-07
 4.43021e-07
 3.93773e-07
 3.51858e-07
 3.15975e-07
 2.85078e-07
 2.58325e-07
 2.35037e-07
 2.14661e-07
 1.96745e-07
 1.80922e-07
 1.66885e-07
 1.54383e-07
 1.43204e-07
 1.33172e-07
 1.17658e-06
 9.87800e-07
 8.36731e-07
 7.15246e-07
 6.16796e-07
 5.36309e-07
 4.69907e-07
 4.14635e-07
 3.68236e-07
 3.28970e-07
 2.95491e-07
 2.66745e-07
 2.41901e-07
 2.20299e-07
 2.01410e-07
 1.84806e-07
 1.70138e-07
 1.57123e-07
 1.45524e-07
 1.35146e-07
 1.34975e-06
 1.10517e-06
 9.18310e-07
 7.73276e-07
 6.58947e-07
 5.67504e-07
 4.93383e-07
 4.32569e-07
 3.82120e-07
 3.39850e-07
 3.04110e-07
 2.73640e-07
 2.47466e-07
 2.24828e-07
 2.05123e-07
 1.87870e-07
 1.72684e-07
 1.59249e-07
 1.47309e-07
 1.36652e-07
 1.51474e-06
 1.21183e-06
 9.89754e-07
 8.22605e-07
 6.93901e-07
 5.92831e-07
 5.12092e-07
 4.46624e-07
 3.92837e-07
 3.48128e-07
 3.10579e-07
 2.78747e-07
 2.51536e-07
 2.28098e-07
 2.07770e-07
 1.90028e-07
 1.74452e-07
 1.60707e-07
 1.48516e-07
 1.37656e-07
 1.65006e-06
 1.29532e-06
 1.04365e-06
 8.58682e-07
 7.18784e-07
 6.10423e-07
 5.24791e-07
 4.55955e-07
 3.99798e-07
 3.53389e-07
 3.14599e-07
 2.81850e-07
 2.53950e-07
 2.29989e-07
 2.09260e-07
 1.91207e-07
 1.75390e-07
 1.61454e-07
 1.49113e-07
 1.38132e-07
 1.73254e-06
 1.34350e-06
 1.07326e-06
 8.77591e-07
 7.31219e-07
 6.18788e-07
 5.30515e-07
 4.59921e-07
 4.02567e-07
 3.55330e-07
 3.15958e-07
 2.82794e-07
 2.54596e-07
 2.30419e-07
 2.09532e-07
 1.91364e-07
 1.75461e-07
 1.61463e-07
 1.49077e-07
 1.38063e-07
 1.74512e-06
 1.34808e-06
 1.07424e-06
 8.76908e-07
 7.29789e-07
 6.17062e-07
 5.28721e-07
 4.58170e-07
 4.00912e-07
 3.53794e-07
 3.14546e-07
 2.81503e-07
 2.53420e-07
 2.29348e-07
 2.08557e-07
 1.90476e-07
 1.74652e-07
 1.60724e-07
 1.48400e-07
 1.37443e-07
 1.68403e-06
 1.30748e-06
 1.04586e-06
 8.56284e-07
 7.14326e-07
 6.05169e-07
 5.19376e-07
 4.50693e-07
 3.94836e-07
 3.48789e-07
 3.10374e-07
 2.77989e-07
 2.50432e-07
 2.26787e-07
 2.06345e-07
 1.88551e-07
 1.72967e-07
 1.59241e-07
 1.47089e-07
 1.36277e-07
 1.56027e-06
 1.22729e-06
 9.91217e-07
 8.17548e-07
 6.85966e-07
 5.83842e-07
 5.02972e-07
 4.37829e-07
 3.84579e-07
 3.40489e-07
 3.03571e-07
 2.72349e-07
 2.45707e-07
 2.22792e-07
 2.02939e-07
 1.85626e-07
 1.70437e-07
 1.57039e-07
 1.45161e-07
 1.34580e-07
 1.39445e-06
 1.11827e-06
 9.16342e-07
 7.64264e-07
 6.46915e-07
 5.54502e-07
 4.80454e-07
 4.20225e-07
 3.70593e-07
 3.29218e-07
 2.94373e-07
 2.64756e-07
 2.39377e-07
 2.17465e-07
 1.98419e-07
 1.81761e-07
 1.67110e-07
 1.54156e-07
 1.42648e-07
 1.32378e-07
 1.20932e-06
 9.93114e-07
 8.28656e-07
 7.00967e-07
 6.00046e-07
 5.19027e-07
 4.53085e-07
 3.98752e-07
 3.53492e-07
 3.15418e-07
 2.83103e-07
 2.55454e-07
 2.31623e-07
 2.10945e-07
 1.92892e-07
 1.77042e-07
 1.63052e-07
 1.50646e-07
 1.39593e-07
 1.29706e-07
 1.02422e-06
 8.63556e-07
 7.35473e-07
 6.32337e-07
 5.48432e-07
 4.79485e-07
 4.22286e-07
 3.74407e-07
 3.33991e-07
 2.99608e-07
 2.70145e-07
 2.44728e-07
 2.22664e-07
 2.03399e-07
 1.86489e-07
 1.71569e-07
 1.58345e-07
 1.46572e-07
 1.36049e-07
 1.26606e-07
 8.52471e-07
 7.38660e-07
 6.42925e-07
 5.62548e-07
 4.94948e-07
 4.37882e-07
 3.89482e-07
 3.48213e-07
 3.12835e-07
 2.82339e-07
 2.55912e-07
 2.32892e-07
 2.12740e-07
 1.95015e-07
 1.79355e-07
 1.65459e-07
 1.53080e-07
 1.42010e-07
 1.32074e-07
 1.23126e-07
 7.01260e-07
 6.24276e-07
 5.55449e-07
 4.94878e-07
 4.41994e-07
 3.95979e-07
 3.55966e-07
 3.21133e-07
 2.90744e-07
 2.64156e-07
 2.40819e-07
 2.20266e-07
 2.02099e-07
 1.85986e-07
 1.71643e-07
 1.58834e-07
 1.47356e-07
 1.37038e-07
 1.27735e-07
 1.19321e-07
 5.72908e-07
 5.23340e-07
 4.75764e-07
 4.31592e-07
 3.91376e-07
 3.55183e-07
 3.22828e-07
 2.94006e-07
 2.68367e-07
 2.45562e-07
 2.25259e-07
 2.07156e-07
 1.90984e-07
 1.76504e-07
 1.63510e-07
 1.51818e-07
 1.41274e-07
 1.31740e-07
 1.23097e-07
 1.15245e-07
 4.66602e-07
 4.36605e-07
 4.05135e-07
 3.74014e-07
 3.44292e-07
 3.16514e-07
 2.90908e-07
 2.67512e-07
 2.46252e-07
 2.26995e-07
 2.09582e-07
 1.93846e-07
 1.79622e-07
 1.66755e-07
 1.55102e-07
 1.44533e-07
 1.34932e-07
 1.26195e-07
 1.18230e-07
 1.10955e-07
 3.79918e-07
 3.63428e-07
 3.43773e-07
 3.22711e-07
 3.01416e-07
 2.80631e-07
 2.60802e-07
 2.42167e-07
 2.24832e-07
 2.08817e-07
 1.94089e-07
 1.80582e-07
 1.68216e-07
 1.56904e-07
 1.46558e-07
 1.37092e-07
 1.28426e-07
 1.20484e-07
 1.13198e-07
 1.06505e-07
