scalar
part
         1
quad4
 4.30825e-07
 4.04702e-07
 3.76972e-07
 3.49250e-07
 3.22523e-07
 2.97340e-07
 2.73963e-07
 2.52475e-07
 2.32847e-07
 2.14989e-07
 1.98777e-07
 1.84077e-07
 1.70749e-07
 1.58662e-07
 1.47690e-07
 1.37718e-07
 1.28644e-07
 1.20373e-07
 1.12822e-07
 1.05918e-07
 5.19648e-07
 4.78244e-07
 4.37559e-07
 3.99100e-07
 3.63583e-07
 3.31252e-07
 3.02078e-07
 2.75886e-07
 2.52434e-07
 2.31458e-07
 2.12695e-07
 1.95897e-07
 1.80838e-07
 1.67313e-07
 1.55143e-07
 1.44168e-07
 1.34250e-07
 1.25266e-07
 1.17109e-07
 1.09688e-07
 6.26694e-07
 5.63854e-07
 5.06020e-07
 4.54008e-07
 4.07830e-07
 3.67115e-07
 3.31329e-07
 2.99902e-07
 2.72283e-07
 2.47970e-07
 2.26519e-07
 2.07541e-07
 1.90703e-07
 1.75719e-07
 1.62344e-07
 1.50368e-07
 1.39614e-07
 1.29928e-07
 1.21179e-07
 1.13255e-07
 7.53329e-07
 6.61387e-07
 5.81600e-07
 5.13048e-07
 4.54363e-07
 4.04127e-07
 3.61039e-07
 3.23963e-07
 2.91936e-07
 2.64153e-07
 2.39947e-07
 2.18764e-07
 2.00148e-07
 1.83719e-07
 1.69160e-07
 1.56210e-07
 1.44647e-07
 1.34286e-07
 1.24971e-07
 1.16570e-07
 8.98831e-07
 7.69085e-07
 6.62410e-07
 5.74530e-07
 5.01774e-07
 4.41160e-07
 3.90315e-07
 3.47367e-07
 3.10842e-07
 2.79575e-07
 2.52640e-07
 2.29299e-07
 2.08959e-07
 1.91142e-07
 1.75456e-07
 1.61583e-07
 1.49260e-07
 1.38268e-07
 1.28426e-07
 1.19582e-07
 1.05885e-06
 8.82872e-07
 7.45131e-07
 6.35890e-07
 5.48128e-07
 4.76760e-07
 4.18066e-07
 3.69295e-07
 3.28382e-07
 2.93763e-07
 2.64234e-07
 2.38863e-07
 2.16918e-07
 1.97816e-07
 1.81095e-07
 1.66379e-07
 1.53365e-07
 1.41803e-07
 1.31486e-07
 1.22244e-07
 1.22397e-06
 9.95893e-07
 8.24923e-07
 6.93734e-07
 5.91032e-07
 5.09225e-07
 4.43070e-07
 3.88855e-07
 3.43899e-07
 3.06228e-07
 2.74362e-07
 2.47177e-07
 2.23807e-07
 2.03573e-07
 1.85944e-07
 1.70494e-07
 1.56879e-07
 1.44823e-07
 1.34096e-07
 1.24512e-07
 1.37923e-06
 1.09870e-06
 8.95722e-07
 7.44087e-07
 6.27827e-07
 5.36741e-07
 4.64063e-07
 4.05154e-07
 3.56750e-07
 3.16500e-07
 2.82675e-07
 2.53978e-07
 2.29427e-07
 2.08260e-07
 1.89886e-07
 1.73833e-07
 1.59728e-07
 1.47269e-07
 1.36210e-07
 1.26348e-07
 1.50583e-06
 1.18045e-06
 9.51009e-07
 7.82887e-07
 6.55899e-07
 5.57579e-07
 4.79871e-07
 4.17377e-07
 3.66358e-07
 3.24164e-07
 2.88867e-07
 2.59040e-07
 2.33608e-07
 2.11747e-07
 1.92818e-07
 1.76319e-07
 1.61851e-07
 1.49093e-07
 1.37787e-07
 1.27720e-07
 1.58507e-06
 1.23102e-06
 9.84974e-07
 8.06639e-07
 6.73061e-07
 5.70321e-07
 4.89553e-07
 4.24879e-07
 3.72272e-07
 3.28897e-07
 2.92706e-07
 2.62190e-07
 2.36221e-07
 2.13935e-07
 1.94666e-07
 1.77892e-07
 1.63200e-07
 1.50258e-07
 1.38798e-07
 1.28603e-07
 1.60368e-06
 1.24351e-06
 9.93776e-07
 8.13080e-07
 6.77919e-07
 5.74077e-07
 4.92517e-07
 4.27260e-07
 3.74214e-07
 3.30501e-07
 2.94046e-07
 2.63323e-07
 2.37186e-07
 2.14764e-07
 1.95383e-07
 1.78517e-07
 1.63747e-07
 1.50740e-07
 1.39226e-07
 1.28984e-07
 1.55846e-06
 1.21627e-06
 9.76493e-07
 8.01663e-07
 6.70131e-07
 5.68623e-07
 4.88614e-07
 4.24416e-07
 3.72109e-07
 3.28923e-07
 2.92850e-07
 2.62407e-07
 2.36479e-07
 2.14215e-07
 1.94955e-07
 1.78182e-07
 1.63485e-07
 1.50534e-07
 1.39064e-07
 1.28856e-07
 1.45769e-06
 1.15348e-06
 9.35381e-07
 7.73678e-07
 6.50470e-07
 5.54441e-07
 4.78153e-07
 4.16550e-07
 3.66095e-07
 3.24256e-07
 2.89182e-07
 2.59490e-07
 2.34136e-07
 2.12315e-07
 1.93401e-07
 1.76901e-07
 1.62422e-07
 1.49646e-07
 1.38318e-07
 1.28227e-07
 1.31834e-06
 1.06391e-06
 8.75313e-07
 7.31979e-07
 6.20678e-07
 5.32634e-07
 4.61854e-07
 4.04145e-07
 3.56503e-07
 3.16735e-07
 2.83209e-07
 2.54694e-07
 2.30245e-07
 2.09130e-07
 1.90772e-07
 1.74714e-07
 1.60589e-07
 1.48101e-07
 1.37007e-07
 1.27109e-07
 1.16024e-06
 9.58479e-07
 8.02601e-07
 6.80377e-07
 5.83147e-07
 5.04749e-07
 4.40747e-07
 3.87904e-07
 3.43823e-07
 3.06705e-07
 2.75182e-07
 2.48202e-07
 2.24943e-07
 2.04762e-07
 1.87145e-07
 1.71679e-07
 1.58033e-07
 1.45935e-07
 1.35161e-07
 1.25526e-07
 1.00062e-06
 8.47565e-07
 7.23655e-07
 6.22938e-07
 5.40522e-07
 4.72551e-07
 4.16035e-07
 3.68663e-07
 3.28647e-07
 2.94594e-07
 2.65413e-07
 2.40245e-07
 2.18405e-07
 1.99344e-07
 1.82622e-07
 1.67878e-07
 1.54817e-07
 1.43197e-07
 1.32818e-07
 1.23510e-07
 8.51286e-07
 7.39284e-07
 6.43956e-07
 5.63372e-07
 4.95340e-07
 4.37799e-07
 3.88955e-07
 3.47306e-07
 3.11615e-07
 2.80870e-07
 2.54251e-07
 2.31086e-07
 2.10828e-07
 1.93030e-07
 1.77323e-07
 1.63401e-07
 1.51013e-07
 1.39946e-07
 1.30025e-07
 1.21099e-07
 7.18484e-07
 6.38903e-07
 5.67533e-07
 5.04654e-07
 4.49772e-07
 4.02073e-07
 3.60664e-07
 3.24684e-07
 2.93360e-07
 2.66010e-07
 2.42055e-07
 2.21000e-07
 2.02426e-07
 1.85984e-07
 1.71376e-07
 1.58353e-07
 1.46703e-07
 1.36247e-07
 1.26835e-07
 1.18335e-07
 6.04252e-07
 5.49126e-07
 4.96916e-07
 4.48892e-07
 4.05488e-07
 3.66669e-07
 3.32156e-07
 3.01561e-07
 2.74467e-07
 2.50464e-07
 2.29175e-07
 2.10258e-07
 1.93412e-07
 1.78374e-07
 1.64915e-07
 1.52838e-07
 1.41972e-07
 1.32170e-07
 1.23304e-07
 1.15265e-07
 5.08043e-07
 4.70780e-07
 4.33376e-07
 3.97381e-07
 3.63647e-07
 3.32561e-07
 3.04225e-07
 2.78573e-07
 2.55443e-07
 2.34635e-07
 2.15931e-07
 1.99116e-07
 1.83990e-07
 1.70365e-07
 1.58073e-07
 1.46966e-07
 1.36909e-07
 1.27786e-07
 1.19492e-07
 1.11937e-07
