scalar
part
         1
quad4
 4.24180e-07
 4.01112e-07
 3.75731e-07
 3.49777e-07
 3.24350e-07
 3.00102e-07
 2.77379e-07
 2.56330e-07
 2.36980e-07
 2.19279e-07
 2.03136e-07
 1.88439e-07
 1.75068e-07
 1.62903e-07
 1.51831e-07
 1.41744e-07
 1.32545e-07
 1.24144e-07
 1.16460e-07
 1.09423e-07
 5.15491e-07
 4.77270e-07
 4.38895e-07
 4.02064e-07
 3.67659e-07
 3.36054e-07
 3.07323e-07
 2.81372e-07
 2.58015e-07
 2.37031e-07
 2.18190e-07
 2.01266e-07
 1.86049e-07
 1.72348e-07
 1.59991e-07
 1.48825e-07
 1.38715e-07
 1.29542e-07
 1.21201e-07
 1.13602e-07
 6.26400e-07
 5.66636e-07
 5.10847e-07
 4.60128e-07
 4.14711e-07
 3.74384e-07
 3.38733e-07
 3.07271e-07
 2.79505e-07
 2.54974e-07
 2.33264e-07
 2.14004e-07
 1.96875e-07
 1.81600e-07
 1.67939e-07
 1.55686e-07
 1.44667e-07
 1.34728e-07
 1.25740e-07
 1.17591e-07
 7.58808e-07
 6.69402e-07
 5.91036e-07
 5.23159e-07
 4.64667e-07
 4.14322e-07
 3.70940e-07
 3.33465e-07
 3.00984e-07
 2.72727e-07
 2.48046e-07
 2.26400e-07
 2.07340e-07
 1.90490e-07
 1.75536e-07
 1.62216e-07
 1.50308e-07
 1.39626e-07
 1.30013e-07
 1.21335e-07
 9.12634e-07
 7.84169e-07
 6.77756e-07
 5.89550e-07
 5.16150e-07
 4.54738e-07
 4.03037e-07
 3.59234e-07
 3.21884e-07
 2.89839e-07
 2.62180e-07
 2.38170e-07
 2.17217e-07
 1.98837e-07
 1.82637e-07
 1.68294e-07
 1.55541e-07
 1.44156e-07
 1.33954e-07
 1.24780e-07
 1.08420e-06
 9.07161e-07
 7.67799e-07
 6.56755e-07
 5.67200e-07
 4.94140e-07
 4.33894e-07
 3.83720e-07
 3.41550e-07
 3.05807e-07
 2.75277e-07
 2.49012e-07
 2.26269e-07
 2.06454e-07
 1.89093e-07
 1.73802e-07
 1.60270e-07
 1.48240e-07
 1.37500e-07
 1.27874e-07
 1.26458e-06
 1.03162e-06
 8.56274e-07
 7.21281e-07
 6.15320e-07
 5.30734e-07
 4.62209e-07
 4.05968e-07
 3.59273e-07
 3.20102e-07
 2.86936e-07
 2.58620e-07
 2.34258e-07
 2.13155e-07
 1.94757e-07
 1.78625e-07
 1.64403e-07
 1.51803e-07
 1.40590e-07
 1.30567e-07
 1.43875e-06
 1.14782e-06
 9.36815e-07
 7.78900e-07
 6.57652e-07
 5.62553e-07
 4.86603e-07
 4.24995e-07
 3.74344e-07
 3.32202e-07
 2.96770e-07
 2.66699e-07
 2.40963e-07
 2.18768e-07
 1.99496e-07
 1.82655e-07
 1.67855e-07
 1.54779e-07
 1.43170e-07
 1.32816e-07
 1.58670e-06
 1.24402e-06
 1.00228e-06
 8.25121e-07
 6.91288e-07
 5.87660e-07
 5.05756e-07
 4.39884e-07
 3.86108e-07
 3.41634e-07
 3.04430e-07
 2.72992e-07
 2.46186e-07
 2.23144e-07
 2.03193e-07
 1.85804e-07
 1.70555e-07
 1.57110e-07
 1.45194e-07
 1.34584e-07
 1.68713e-06
 1.30858e-06
 1.04596e-06
 8.55883e-07
 7.13672e-07
 6.04396e-07
 5.18557e-07
 4.49870e-07
 3.94032e-07
 3.48015e-07
 3.09636e-07
 2.77290e-07
 2.49771e-07
 2.26164e-07
 2.05758e-07
 1.87998e-07
 1.72447e-07
 1.58750e-07
 1.46625e-07
 1.35840e-07
 1.72327e-06
 1.33277e-06
 1.06298e-06
 8.68312e-07
 7.23032e-07
 6.11622e-07
 5.24254e-07
 4.54441e-07
 3.97756e-07
 3.51089e-07
 3.12204e-07
 2.79456e-07
 2.51616e-07
 2.27747e-07
 2.07127e-07
 1.89191e-07
 1.73492e-07
 1.59671e-07
 1.47441e-07
 1.36565e-07
 1.68880e-06
 1.31337e-06
 1.05153e-06
 8.61340e-07
 7.18700e-07
 6.08905e-07
 5.22553e-07
 4.53394e-07
 3.97136e-07
 3.50751e-07
 3.12054e-07
 2.79432e-07
 2.51675e-07
 2.27861e-07
 2.07276e-07
 1.89361e-07
 1.73673e-07
 1.59858e-07
 1.47628e-07
 1.36751e-07
 1.59083e-06
 1.25378e-06
 1.01340e-06
 8.35951e-07
 7.01246e-07
 5.96587e-07
 5.13667e-07
 4.46862e-07
 3.92258e-07
 3.47059e-07
 3.09226e-07
 2.77243e-07
 2.49966e-07
 2.26516e-07
 2.06211e-07
 1.88513e-07
 1.72995e-07
 1.59313e-07
 1.47190e-07
 1.36397e-07
 1.44724e-06
 1.16304e-06
 9.53482e-07
 7.94956e-07
 6.72359e-07
 5.75721e-07
 4.98272e-07
 4.35296e-07
 3.83428e-07
 3.40222e-07
 3.03867e-07
 2.72995e-07
 2.46566e-07
 2.23770e-07
 2.03975e-07
 1.86679e-07
 1.71481e-07
 1.58056e-07
 1.46140e-07
 1.35516e-07
 1.28006e-06
 1.05301e-06
 8.78527e-07
 7.42368e-07
 6.34519e-07
 5.47893e-07
 4.77414e-07
 4.19398e-07
 3.71130e-07
 3.30583e-07
 2.96222e-07
 2.66867e-07
 2.41606e-07
 2.19721e-07
 2.00643e-07
 1.83917e-07
 1.69176e-07
 1.56120e-07
 1.44506e-07
 1.34129e-07
 1.10885e-06
 9.35307e-07
 7.95593e-07
 6.82603e-07
 5.90568e-07
 5.14977e-07
 4.52356e-07
 4.00040e-07
 3.55977e-07
 3.18579e-07
 2.86609e-07
 2.59093e-07
 2.35262e-07
 2.14501e-07
 1.96315e-07
 1.80304e-07
 1.66140e-07
 1.53554e-07
 1.42325e-07
 1.32266e-07
 9.47222e-07
 8.19154e-07
 7.10833e-07
 6.19777e-07
 5.43287e-07
 4.78880e-07
 4.24429e-07
 3.78164e-07
 3.38646e-07
 3.04703e-07
 2.75392e-07
 2.49944e-07
 2.27739e-07
 2.08267e-07
 1.91113e-07
 1.75935e-07
 1.62448e-07
 1.50417e-07
 1.39644e-07
 1.29964e-07
 8.02590e-07
 7.10660e-07
 6.28851e-07
 5.57244e-07
 4.95095e-07
 4.41349e-07
 3.94897e-07
 3.54695e-07
 3.19817e-07
 2.89463e-07
 2.62952e-07
 2.39711e-07
 2.19258e-07
 2.01191e-07
 1.85171e-07
 1.70915e-07
 1.58183e-07
 1.46774e-07
 1.36517e-07
 1.27268e-07
 6.77583e-07
 6.13075e-07
 5.52603e-07
 4.97425e-07
 4.47888e-07
 4.03836e-07
 3.64865e-07
 3.30470e-07
 3.00130e-07
 2.73347e-07
 2.49666e-07
 2.28684e-07
 2.10048e-07
 1.93451e-07
 1.78630e-07
 1.65356e-07
 1.53435e-07
 1.42699e-07
 1.33004e-07
 1.24225e-07
 5.71875e-07
 5.27523e-07
 4.83638e-07
 4.41847e-07
 4.03002e-07
 3.67448e-07
 3.35227e-07
 3.06202e-07
 2.80147e-07
 2.56798e-07
 2.35884e-07
 2.17142e-07
 2.00328e-07
 1.85224e-07
 1.71630e-07
 1.59372e-07
 1.48296e-07
 1.38266e-07
 1.29164e-07
 1.20886e-07
