scalar
part
         1
quad4
 6.60030e-07
 6.03343e-07
 5.48572e-07
 4.97369e-07
 4.50492e-07
 4.08141e-07
 3.70192e-07
 3.36349e-07
 3.06240e-07
 2.79475e-07
 2.55674e-07
 2.34485e-07
 2.15592e-07
 1.98711e-07
 1.83595e-07
 1.70027e-07
 1.57819e-07
 1.46808e-07
 1.36851e-07
 1.27826e-07
 7.75786e-07
 6.95668e-07
 6.21912e-07
 5.55616e-07
 4.96865e-07
 4.45212e-07
 3.99979e-07
 3.60419e-07
 3.25807e-07
 2.95478e-07
 2.68841e-07
 2.45383e-07
 2.24662e-07
 2.06302e-07
 1.89980e-07
 1.75425e-07
 1.62404e-07
 1.50719e-07
 1.40202e-07
 1.30708e-07
 9.11179e-07
 7.99630e-07
 7.01806e-07
 6.17277e-07
 5.44754e-07
 4.82680e-07
 4.29526e-07
 3.83907e-07
 3.44627e-07
 3.10674e-07
 2.81200e-07
 2.55506e-07
 2.33008e-07
 2.13225e-07
 1.95758e-07
 1.80273e-07
 1.66493e-07
 1.54185e-07
 1.43152e-07
 1.33231e-07
 1.06562e-06
 9.13276e-07
 7.86052e-07
 6.80346e-07
 5.92484e-07
 5.19206e-07
 4.57784e-07
 4.05999e-07
 3.62069e-07
 3.24573e-07
 2.92373e-07
 2.64559e-07
 2.40399e-07
 2.19301e-07
 2.00784e-07
 1.84457e-07
 1.69994e-07
 1.57130e-07
 1.45642e-07
 1.35345e-07
 1.23483e-06
 1.03211e-06
 8.70831e-07
 7.41830e-07
 6.37794e-07
 5.53105e-07
 4.83503e-07
 4.25766e-07
 3.77442e-07
 3.36657e-07
 3.01966e-07
 2.72243e-07
 2.46604e-07
 2.24350e-07
 2.04921e-07
 1.87867e-07
 1.72822e-07
 1.59487e-07
 1.47616e-07
 1.37005e-07
 1.40878e-06
 1.14834e-06
 9.50518e-07
 7.97773e-07
 6.77917e-07
 5.82436e-07
 5.05312e-07
 4.42227e-07
 3.90035e-07
 3.46407e-07
 3.09596e-07
 2.78271e-07
 2.51408e-07
 2.28208e-07
 2.08040e-07
 1.90405e-07
 1.74898e-07
 1.61194e-07
 1.49026e-07
 1.38174e-07
 1.57027e-06
 1.25082e-06
 1.01797e-06
 8.43559e-07
 7.09827e-07
 6.05180e-07
 5.21838e-07
 4.54436e-07
 3.99183e-07
 3.53348e-07
 3.14919e-07
 2.82391e-07
 2.54622e-07
 2.30733e-07
 2.10035e-07
 1.91988e-07
 1.76160e-07
 1.62202e-07
 1.49832e-07
 1.38819e-07
 1.69600e-06
 1.32636e-06
 1.06548e-06
 8.74554e-07
 7.30645e-07
 6.19496e-07
 5.31873e-07
 4.61578e-07
 4.04329e-07
 3.57090e-07
 3.17657e-07
 2.84402e-07
 2.56101e-07
 2.31817e-07
 2.10825e-07
 1.92556e-07
 1.76559e-07
 1.62474e-07
 1.50007e-07
 1.38920e-07
 1.76196e-06
 1.36273e-06
 1.08645e-06
 8.86997e-07
 7.38136e-07
 6.24007e-07
 5.34540e-07
 4.63082e-07
 4.05090e-07
 3.57371e-07
 3.17629e-07
 2.84177e-07
 2.55752e-07
 2.31393e-07
 2.10359e-07
 1.92071e-07
 1.76070e-07
 1.61990e-07
 1.49535e-07
 1.38464e-07
 1.75241e-06
 1.35260e-06
 1.07718e-06
 8.78898e-07
 7.31175e-07
 6.18051e-07
 5.29439e-07
 4.58698e-07
 4.01306e-07
 3.54089e-07
 3.14768e-07
 2.81671e-07
 2.53545e-07
 2.29442e-07
 2.08626e-07
 1.90525e-07
 1.74686e-07
 1.60746e-07
 1.48413e-07
 1.37449e-07
 1.66732e-06
 1.29635e-06
 1.03805e-06
 8.50573e-07
 7.10010e-07
 6.01818e-07
 5.16716e-07
 4.48541e-07
 3.93067e-07
 3.47314e-07
 3.09130e-07
 2.76928e-07
 2.49518e-07
 2.25993e-07
 2.05650e-07
 1.87939e-07
 1.72425e-07
 1.58757e-07
 1.46655e-07
 1.35887e-07
 1.52237e-06
 1.20193e-06
 9.73431e-07
 8.04587e-07
 6.76225e-07
 5.76331e-07
 4.97053e-07
 4.33079e-07
 3.80705e-07
 3.37286e-07
 3.00891e-07
 2.70081e-07
 2.43771e-07
 2.21124e-07
 2.01491e-07
 1.84361e-07
 1.69324e-07
 1.56054e-07
 1.44285e-07
 1.33797e-07
 1.34152e-06
 1.08192e-06
 8.90397e-07
 7.45135e-07
 6.32422e-07
 5.43266e-07
 4.71569e-07
 4.13078e-07
 3.64757e-07
 3.24391e-07
 2.90333e-07
 2.61341e-07
 2.36462e-07
 2.14957e-07
 1.96245e-07
 1.79864e-07
 1.65443e-07
 1.52684e-07
 1.41341e-07
 1.31212e-07
 1.14838e-06
 9.49761e-07
 7.96919e-07
 6.77134e-07
 5.81742e-07
 5.04690e-07
 4.41658e-07
 3.89505e-07
 3.45908e-07
 3.09122e-07
 2.77820e-07
 2.50977e-07
 2.27797e-07
 2.07649e-07
 1.90032e-07
 1.74544e-07
 1.60858e-07
 1.48707e-07
 1.37872e-07
 1.28170e-07
 9.61139e-07
 8.16925e-07
 7.00338e-07
 6.05367e-07
 5.27366e-07
 4.62765e-07
 4.08822e-07
 3.63420e-07
 3.24919e-07
 2.92036e-07
 2.63763e-07
 2.39301e-07
 2.18012e-07
 1.99382e-07
 1.82996e-07
 1.68514e-07
 1.55657e-07
 1.44195e-07
 1.33936e-07
 1.24719e-07
 7.91235e-07
 6.91654e-07
 6.06443e-07
 5.33882e-07
 4.72137e-07
 4.19506e-07
 3.74504e-07
 3.35871e-07
 3.02561e-07
 2.73707e-07
 2.48596e-07
 2.26641e-07
 2.07361e-07
 1.90354e-07
 1.75291e-07
 1.61896e-07
 1.49939e-07
 1.39227e-07
 1.29597e-07
 1.20912e-07
 6.44090e-07
 5.78843e-07
 5.19171e-07
 4.65701e-07
 4.18330e-07
 3.76615e-07
 3.39977e-07
 3.07815e-07
 2.79558e-07
 2.54686e-07
 2.32741e-07
 2.13327e-07
 1.96100e-07
 1.80767e-07
 1.67078e-07
 1.54819e-07
 1.43807e-07
 1.33887e-07
 1.24924e-07
 1.16804e-07
 5.20756e-07
 4.80608e-07
 4.40736e-07
 4.02790e-07
 3.67576e-07
 3.35399e-07
 3.06274e-07
 2.80062e-07
 2.56543e-07
 2.35470e-07
 2.16590e-07
 1.99665e-07
 1.84474e-07
 1.70816e-07
 1.58513e-07
 1.47409e-07
 1.37365e-07
 1.28259e-07
 1.19986e-07
 1.12453e-07
 4.19649e-07
 3.97100e-07
 3.71986e-07
 3.46194e-07
 3.20893e-07
 2.96764e-07
 2.74165e-07
 2.53248e-07
 2.34038e-07
 2.16482e-07
 2.00486e-07
 1.85936e-07
 1.72709e-07
 1.60685e-07
 1.49748e-07
 1.39790e-07
 1.30713e-07
 1.22428e-07
 1.14853e-07
 1.07918e-07
 3.37926e-07
 3.27291e-07
 3.12819e-07
 2.96248e-07
 2.78790e-07
 2.61256e-07
 2.44167e-07
 2.27837e-07
 2.12442e-07
 1.98061e-07
 1.84713e-07
 1.72374e-07
 1.61002e-07
 1.50538e-07
 1.40917e-07
 1.32075e-07
 1.23947e-07
 1.16471e-07
 1.09591e-07
 1.03253e-07
