scalar
part
         1
quad4
 4.31140e-07
 4.05649e-07
 3.78466e-07
 3.51187e-07
 3.24795e-07
 2.99849e-07
 2.76628e-07
 2.55227e-07
 2.35634e-07
 2.17770e-07
 2.01523e-07
 1.86766e-07
 1.73366e-07
 1.61196e-07
 1.50135e-07
 1.40073e-07
 1.30906e-07
 1.22543e-07
 1.14902e-07
 1.07909e-07
 5.20469e-07
 4.79828e-07
 4.39767e-07
 4.01778e-07
 3.66588e-07
 3.34462e-07
 3.05396e-07
 2.79238e-07
 2.55766e-07
 2.34731e-07
 2.15881e-07
 1.98980e-07
 1.83806e-07
 1.70161e-07
 1.57869e-07
 1.46773e-07
 1.36735e-07
 1.27636e-07
 1.19369e-07
 1.11841e-07
 6.28272e-07
 5.66355e-07
 5.09213e-07
 4.57669e-07
 4.11772e-07
 3.71193e-07
 3.35436e-07
 3.03961e-07
 2.76243e-07
 2.51799e-07
 2.30196e-07
 2.11056e-07
 1.94053e-07
 1.78904e-07
 1.65367e-07
 1.53237e-07
 1.42334e-07
 1.32507e-07
 1.23625e-07
 1.15575e-07
 7.56092e-07
 6.65235e-07
 5.86161e-07
 5.18011e-07
 4.59498e-07
 4.09273e-07
 3.66087e-07
 3.28845e-07
 2.96613e-07
 2.68604e-07
 2.44165e-07
 2.22750e-07
 2.03908e-07
 1.87262e-07
 1.72498e-07
 1.59354e-07
 1.47610e-07
 1.37080e-07
 1.27608e-07
 1.19060e-07
 9.03520e-07
 7.74939e-07
 6.68872e-07
 5.81207e-07
 5.08411e-07
 4.47600e-07
 3.96470e-07
 3.53194e-07
 3.16324e-07
 2.84712e-07
 2.57445e-07
 2.33789e-07
 2.13154e-07
 1.95061e-07
 1.79121e-07
 1.65013e-07
 1.52473e-07
 1.41282e-07
 1.31256e-07
 1.22243e-07
 1.06672e-06
 8.91701e-07
 7.54201e-07
 6.44782e-07
 5.56616e-07
 4.84738e-07
 4.25497e-07
 3.76182e-07
 3.34749e-07
 2.99643e-07
 2.69666e-07
 2.43884e-07
 2.21564e-07
 2.02123e-07
 1.85094e-07
 1.70098e-07
 1.56830e-07
 1.45037e-07
 1.34510e-07
 1.25077e-07
 1.23697e-06
 1.00901e-06
 8.37463e-07
 7.05399e-07
 6.01733e-07
 5.18976e-07
 4.51930e-07
 3.96903e-07
 3.51217e-07
 3.12893e-07
 2.80447e-07
 2.52746e-07
 2.28916e-07
 2.08274e-07
 1.90280e-07
 1.74503e-07
 1.60596e-07
 1.48276e-07
 1.37312e-07
 1.27513e-07
 1.40007e-06
 1.11768e-06
 9.12651e-07
 7.59068e-07
 6.41065e-07
 5.48459e-07
 4.74468e-07
 4.14431e-07
 3.65058e-07
 3.23972e-07
 2.89423e-07
 2.60098e-07
 2.34998e-07
 2.13351e-07
 1.94553e-07
 1.78127e-07
 1.63691e-07
 1.50936e-07
 1.39612e-07
 1.29513e-07
 1.53745e-06
 1.20678e-06
 9.73099e-07
 8.01589e-07
 6.71885e-07
 5.71371e-07
 4.91873e-07
 4.27904e-07
 3.75660e-07
 3.32436e-07
 2.96269e-07
 2.65699e-07
 2.39629e-07
 2.17216e-07
 1.97807e-07
 1.80887e-07
 1.66049e-07
 1.52964e-07
 1.41367e-07
 1.31040e-07
 1.62950e-06
 1.26555e-06
 1.01257e-06
 8.29186e-07
 6.91821e-07
 5.86170e-07
 5.03117e-07
 4.36617e-07
 3.82528e-07
 3.37934e-07
 3.00728e-07
 2.69360e-07
 2.42666e-07
 2.19760e-07
 1.99956e-07
 1.82718e-07
 1.67619e-07
 1.54320e-07
 1.42545e-07
 1.32070e-07
 1.66072e-06
 1.28591e-06
 1.02656e-06
 8.39206e-07
 6.99240e-07
 5.91814e-07
 5.07509e-07
 4.40102e-07
 3.85340e-07
 3.40234e-07
 3.02634e-07
 2.70956e-07
 2.44017e-07
 2.20913e-07
 2.00948e-07
 1.83577e-07
 1.68369e-07
 1.54978e-07
 1.43126e-07
 1.32584e-07
 1.62504e-06
 1.26480e-06
 1.01341e-06
 8.30689e-07
 6.93555e-07
 5.87928e-07
 5.04804e-07
 4.38190e-07
 3.83974e-07
 3.39251e-07
 3.01923e-07
 2.70442e-07
 2.43646e-07
 2.20648e-07
 2.00761e-07
 1.83449e-07
 1.68284e-07
 1.54927e-07
 1.43099e-07
 1.32577e-07
 1.52875e-06
 1.20539e-06
 9.74823e-07
 8.04605e-07
 6.75345e-07
 5.74872e-07
 4.95228e-07
 4.31032e-07
 3.78532e-07
 3.35054e-07
 2.98644e-07
 2.67851e-07
 2.41578e-07
 2.18982e-07
 1.99408e-07
 1.82342e-07
 1.67373e-07
 1.54171e-07
 1.42470e-07
 1.32050e-07
 1.38859e-06
 1.11618e-06
 9.15468e-07
 7.63665e-07
 6.46255e-07
 5.53680e-07
 4.79458e-07
 4.19077e-07
 3.69323e-07
 3.27858e-07
 2.92950e-07
 2.63294e-07
 2.37894e-07
 2.15976e-07
 1.96935e-07
 1.80292e-07
 1.65661e-07
 1.52733e-07
 1.41254e-07
 1.31017e-07
 1.22567e-06
 1.00856e-06
 8.41818e-07
 7.11730e-07
 6.08684e-07
 5.25894e-07
 4.58510e-07
 4.03017e-07
 3.56825e-07
 3.18003e-07
 2.85085e-07
 2.56950e-07
 2.32726e-07
 2.11729e-07
 1.93417e-07
 1.77356e-07
 1.63195e-07
 1.50648e-07
 1.39481e-07
 1.29500e-07
 1.05902e-06
 8.93751e-07
 7.60688e-07
 6.53064e-07
 5.65376e-07
 4.93327e-07
 4.33613e-07
 3.83700e-07
 3.41637e-07
 3.05916e-07
 2.75361e-07
 2.49049e-07
 2.26249e-07
 2.06374e-07
 1.88956e-07
 1.73613e-07
 1.60034e-07
 1.47963e-07
 1.37187e-07
 1.27531e-07
 9.01993e-07
 7.80720e-07
 6.78033e-07
 5.91641e-07
 5.19018e-07
 4.57826e-07
 4.06055e-07
 3.62039e-07
 3.24415e-07
 2.92078e-07
 2.64134e-07
 2.39859e-07
 2.18662e-07
 2.00064e-07
 1.83671e-07
 1.69157e-07
 1.56254e-07
 1.44738e-07
 1.34421e-07
 1.25146e-07
 7.61794e-07
 6.75396e-07
 5.98304e-07
 5.30700e-07
 4.71943e-07
 4.21071e-07
 3.77056e-07
 3.38928e-07
 3.05820e-07
 2.76982e-07
 2.51775e-07
 2.29660e-07
 2.10185e-07
 1.92968e-07
 1.77693e-07
 1.64091e-07
 1.51936e-07
 1.41038e-07
 1.31235e-07
 1.22390e-07
 6.40944e-07
 5.80904e-07
 5.24345e-07
 4.72568e-07
 4.25973e-07
 3.84461e-07
 3.47680e-07
 3.15175e-07
 2.86469e-07
 2.61100e-07
 2.38648e-07
 2.18737e-07
 2.01036e-07
 1.85260e-07
 1.71160e-07
 1.58524e-07
 1.47168e-07
 1.36934e-07
 1.27686e-07
 1.19308e-07
 5.39048e-07
 4.98285e-07
 4.57624e-07
 4.18700e-07
 3.82385e-07
 3.49055e-07
 3.18782e-07
 2.91462e-07
 2.66899e-07
 2.44857e-07
 2.25089e-07
 2.07354e-07
 1.91429e-07
 1.77108e-07
 1.64209e-07
 1.52567e-07
 1.42039e-07
 1.32499e-07
 1.23836e-07
 1.15952e-07
