scalar
part
         1
quad4
 3.43876e-07
 3.31891e-07
 3.16351e-07
 2.98944e-07
 2.80836e-07
 2.62796e-07
 2.45315e-07
 2.28680e-07
 2.13048e-07
 1.98483e-07
 1.84989e-07
 1.72538e-07
 1.61078e-07
 1.50544e-07
 1.40869e-07
 1.31985e-07
 1.23825e-07
 1.16324e-07
 1.09425e-07
 1.03073e-07
 4.25503e-07
 4.01431e-07
 3.75164e-07
 3.48505e-07
 3.22555e-07
 2.97939e-07
 2.74975e-07
 2.53783e-07
 2.34365e-07
 2.16653e-07
 2.00539e-07
 1.85899e-07
 1.72605e-07
 1.60531e-07
 1.49556e-07
 1.39571e-07
 1.30475e-07
 1.22176e-07
 1.14592e-07
 1.07651e-07
 5.26192e-07
 4.84389e-07
 4.43331e-07
 4.04537e-07
 3.68715e-07
 3.36102e-07
 3.06664e-07
 2.80226e-07
 2.56544e-07
 2.35353e-07
 2.16390e-07
 1.99406e-07
 1.84173e-07
 1.70487e-07
 1.58167e-07
 1.47052e-07
 1.37003e-07
 1.27896e-07
 1.19625e-07
 1.12097e-07
 6.48623e-07
 5.81697e-07
 5.20899e-07
 4.66672e-07
 4.18791e-07
 3.76732e-07
 3.39862e-07
 3.07545e-07
 2.79185e-07
 2.54246e-07
 2.32261e-07
 2.12823e-07
 1.95586e-07
 1.80251e-07
 1.66566e-07
 1.54316e-07
 1.43315e-07
 1.33408e-07
 1.24459e-07
 1.16354e-07
 7.94195e-07
 6.93104e-07
 6.06971e-07
 5.33846e-07
 4.71759e-07
 4.18924e-07
 3.73805e-07
 3.35110e-07
 3.01772e-07
 2.72914e-07
 2.47813e-07
 2.25877e-07
 2.06621e-07
 1.89641e-07
 1.74607e-07
 1.61241e-07
 1.49313e-07
 1.38629e-07
 1.29026e-07
 1.20367e-07
 9.61671e-07
 8.16425e-07
 6.99316e-07
 6.04099e-07
 5.26000e-07
 4.61384e-07
 4.07470e-07
 3.62120e-07
 3.23681e-07
 2.90865e-07
 2.62660e-07
 2.38263e-07
 2.17036e-07
 1.98466e-07
 1.82134e-07
 1.67703e-07
 1.54894e-07
 1.43475e-07
 1.33257e-07
 1.24078e-07
 1.14555e-06
 9.46777e-07
 7.94035e-07
 6.74445e-07
 5.79272e-07
 5.02437e-07
 4.39606e-07
 3.87635e-07
 3.44200e-07
 3.07560e-07
 2.76387e-07
 2.49659e-07
 2.26582e-07
 2.06525e-07
 1.88991e-07
 1.73576e-07
 1.59956e-07
 1.47865e-07
 1.37084e-07
 1.27432e-07
 1.33455e-06
 1.07607e-06
 8.85450e-07
 7.40917e-07
 6.28789e-07
 5.40106e-07
 4.68797e-07
 4.10627e-07
 3.62574e-07
 3.22434e-07
 2.88570e-07
 2.59743e-07
 2.35008e-07
 2.13628e-07
 1.95025e-07
 1.78740e-07
 1.64405e-07
 1.51722e-07
 1.40446e-07
 1.30379e-07
 1.51096e-06
 1.19312e-06
 9.66403e-07
 7.98847e-07
 6.71443e-07
 5.72281e-07
 4.93577e-07
 4.30060e-07
 3.78058e-07
 3.34945e-07
 2.98805e-07
 2.68211e-07
 2.42084e-07
 2.19594e-07
 2.00097e-07
 1.83085e-07
 1.68153e-07
 1.54974e-07
 1.43286e-07
 1.32871e-07
 1.65197e-06
 1.28489e-06
 1.02915e-06
 8.43450e-07
 7.04175e-07
 5.96947e-07
 5.12586e-07
 4.44993e-07
 3.89985e-07
 3.44611e-07
 3.06740e-07
 2.74799e-07
 2.47610e-07
 2.24272e-07
 2.04090e-07
 1.86519e-07
 1.71126e-07
 1.57565e-07
 1.45556e-07
 1.34871e-07
 1.73435e-06
 1.33917e-06
 1.06680e-06
 8.70645e-07
 7.24455e-07
 6.12474e-07
 5.24737e-07
 4.54681e-07
 3.97834e-07
 3.51059e-07
 3.12101e-07
 2.79304e-07
 2.51432e-07
 2.27543e-07
 2.06911e-07
 1.88969e-07
 1.73267e-07
 1.59447e-07
 1.47220e-07
 1.36348e-07
 1.74272e-06
 1.34818e-06
 1.07511e-06
 8.77938e-07
 7.30746e-07
 6.17872e-07
 5.29371e-07
 4.58672e-07
 4.01285e-07
 3.54057e-07
 3.14718e-07
 2.81600e-07
 2.53456e-07
 2.29334e-07
 2.08503e-07
 1.90390e-07
 1.74540e-07
 1.60592e-07
 1.48253e-07
 1.37283e-07
 1.67686e-06
 1.31149e-06
 1.05369e-06
 8.65025e-07
 7.22815e-07
 6.12966e-07
 5.26354e-07
 4.56861e-07
 4.00257e-07
 3.53541e-07
 3.14540e-07
 2.81645e-07
 2.53645e-07
 2.29617e-07
 2.08844e-07
 1.90763e-07
 1.74930e-07
 1.60987e-07
 1.48644e-07
 1.37667e-07
 1.55201e-06
 1.23622e-06
 1.00614e-06
 8.33866e-07
 7.01776e-07
 5.98414e-07
 5.16089e-07
 4.49502e-07
 3.94911e-07
 3.49618e-07
 3.11638e-07
 2.79486e-07
 2.52034e-07
 2.28414e-07
 2.07947e-07
 1.90098e-07
 1.74442e-07
 1.60635e-07
 1.48397e-07
 1.37501e-07
 1.39178e-06
 1.13438e-06
 9.38978e-07
 7.88159e-07
 6.69834e-07
 5.75579e-07
 4.99443e-07
 4.37163e-07
 3.85631e-07
 3.42549e-07
 3.06194e-07
 2.75252e-07
 2.48714e-07
 2.25792e-07
 2.05863e-07
 1.88433e-07
 1.73106e-07
 1.59558e-07
 1.47528e-07
 1.36798e-07
 1.21921e-06
 1.01898e-06
 8.59778e-07
 7.32477e-07
 6.29830e-07
 5.46279e-07
 4.77614e-07
 4.20649e-07
 3.72968e-07
 3.32721e-07
 2.98483e-07
 2.69144e-07
 2.43832e-07
 2.21859e-07
 2.02673e-07
 1.85829e-07
 1.70968e-07
 1.57794e-07
 1.46064e-07
 1.35579e-07
 1.05138e-06
 9.01084e-07
 7.75609e-07
 6.71377e-07
 5.84752e-07
 5.12510e-07
 4.51955e-07
 4.00898e-07
 3.57583e-07
 3.20606e-07
 2.88848e-07
 2.61411e-07
 2.37575e-07
 2.16758e-07
 1.98484e-07
 1.82368e-07
 1.68091e-07
 1.55390e-07
 1.44047e-07
 1.33877e-07
 8.98274e-07
 7.88395e-07
 6.92033e-07
 6.08769e-07
 5.37332e-07
 4.76186e-07
 4.23823e-07
 3.78879e-07
 3.40176e-07
 3.06716e-07
 2.77667e-07
 2.52339e-07
 2.30158e-07
 2.10651e-07
 1.93424e-07
 1.78149e-07
 1.64554e-07
 1.52410e-07
 1.41522e-07
 1.31730e-07
 7.64134e-07
 6.85372e-07
 6.12831e-07
 5.47611e-07
 4.89803e-07
 4.38971e-07
 3.94450e-07
 3.55508e-07
 3.21431e-07
 2.91565e-07
 2.65330e-07
 2.42222e-07
 2.21807e-07
 2.03714e-07
 1.87628e-07
 1.73280e-07
 1.60442e-07
 1.48919e-07
 1.38547e-07
 1.29182e-07
 6.49531e-07
 5.93941e-07
 5.40176e-07
 4.89882e-07
 4.43817e-07
 4.02187e-07
 3.64873e-07
 3.31588e-07
 3.01970e-07
 2.75634e-07
 2.52211e-07
 2.31354e-07
 2.12752e-07
 1.96129e-07
 1.81240e-07
 1.67874e-07
 1.55845e-07
 1.44993e-07
 1.35179e-07
 1.26282e-07
