scalar
part
         1
quad4
 6.41074e-07
 5.86583e-07
 5.33792e-07
 4.84347e-07
 4.39016e-07
 3.98014e-07
 3.61236e-07
 3.28408e-07
 2.99178e-07
 2.73175e-07
 2.50036e-07
 2.29423e-07
 2.11031e-07
 1.94589e-07
 1.79858e-07
 1.66629e-07
 1.54719e-07
 1.43972e-07
 1.34250e-07
 1.25434e-07
 7.54753e-07
 6.77365e-07
 6.06004e-07
 5.41784e-07
 4.84816e-07
 4.34688e-07
 3.90756e-07
 3.52307e-07
 3.18643e-07
 2.89126e-07
 2.63186e-07
 2.40329e-07
 2.20127e-07
 2.02217e-07
 1.86288e-07
 1.72076e-07
 1.59356e-07
 1.47937e-07
 1.37654e-07
 1.28369e-07
 8.87931e-07
 7.79759e-07
 6.84812e-07
 6.02709e-07
 5.32220e-07
 4.71850e-07
 4.20122e-07
 3.75701e-07
 3.37430e-07
 3.04329e-07
 2.75580e-07
 2.50504e-07
 2.28537e-07
 2.09211e-07
 1.92139e-07
 1.76998e-07
 1.63519e-07
 1.51474e-07
 1.40674e-07
 1.30958e-07
 1.04011e-06
 8.91902e-07
 7.68092e-07
 6.65181e-07
 5.79604e-07
 5.08197e-07
 4.48312e-07
 3.97796e-07
 3.54922e-07
 3.18307e-07
 2.86848e-07
 2.59660e-07
 2.36034e-07
 2.15393e-07
 1.97270e-07
 1.81282e-07
 1.67116e-07
 1.54510e-07
 1.43249e-07
 1.33153e-07
 1.20714e-06
 1.00943e-06
 8.52130e-07
 7.26286e-07
 6.24762e-07
 5.42084e-07
 4.74105e-07
 4.17685e-07
 3.70441e-07
 3.30549e-07
 2.96601e-07
 2.67502e-07
 2.42391e-07
 2.20586e-07
 2.01542e-07
 1.84819e-07
 1.70061e-07
 1.56977e-07
 1.45325e-07
 1.34908e-07
 1.37924e-06
 1.12474e-06
 9.31439e-07
 7.82164e-07
 6.64994e-07
 5.71615e-07
 4.96156e-07
 4.34404e-07
 3.83291e-07
 3.40546e-07
 3.04464e-07
 2.73747e-07
 2.47395e-07
 2.24627e-07
 2.04829e-07
 1.87511e-07
 1.72279e-07
 1.58813e-07
 1.46853e-07
 1.36185e-07
 1.53958e-06
 1.22694e-06
 9.99037e-07
 8.28302e-07
 6.97335e-07
 5.94808e-07
 5.13116e-07
 4.47018e-07
 3.92812e-07
 3.47825e-07
 3.10091e-07
 2.78141e-07
 2.50856e-07
 2.27374e-07
 2.07024e-07
 1.89275e-07
 1.73703e-07
 1.59968e-07
 1.47794e-07
 1.36952e-07
 1.66538e-06
 1.30314e-06
 1.04740e-06
 8.60155e-07
 7.18955e-07
 6.09846e-07
 5.23789e-07
 4.54721e-07
 3.98448e-07
 3.51996e-07
 3.13207e-07
 2.80484e-07
 2.52627e-07
 2.28717e-07
 2.08043e-07
 1.90047e-07
 1.74286e-07
 1.60405e-07
 1.48116e-07
 1.37186e-07
 1.73327e-06
 1.34140e-06
 1.07004e-06
 8.74020e-07
 7.27640e-07
 6.15357e-07
 5.27298e-07
 4.56936e-07
 3.99812e-07
 3.52793e-07
 3.13623e-07
 2.80643e-07
 2.52612e-07
 2.28586e-07
 2.07835e-07
 1.89790e-07
 1.73999e-07
 1.60101e-07
 1.47805e-07
 1.36874e-07
 1.72798e-06
 1.33454e-06
 1.06330e-06
 8.67895e-07
 7.22245e-07
 6.10659e-07
 5.23221e-07
 4.53396e-07
 3.96732e-07
 3.50103e-07
 3.11264e-07
 2.78566e-07
 2.50776e-07
 2.26956e-07
 2.06383e-07
 1.88491e-07
 1.72832e-07
 1.59050e-07
 1.46856e-07
 1.36014e-07
 1.64935e-06
 1.28278e-06
 1.02741e-06
 8.41998e-07
 7.02944e-07
 5.95889e-07
 5.11667e-07
 4.44188e-07
 3.89274e-07
 3.43978e-07
 3.06173e-07
 2.74288e-07
 2.47147e-07
 2.23851e-07
 2.03706e-07
 1.86166e-07
 1.70801e-07
 1.57265e-07
 1.45278e-07
 1.34613e-07
 1.51213e-06
 1.19355e-06
 9.66467e-07
 7.98714e-07
 6.71205e-07
 5.71992e-07
 4.93265e-07
 4.29742e-07
 3.77744e-07
 3.34640e-07
 2.98512e-07
 2.67931e-07
 2.41818e-07
 2.19343e-07
 1.99859e-07
 1.82860e-07
 1.67940e-07
 1.54773e-07
 1.43095e-07
 1.32691e-07
 1.33889e-06
 1.07875e-06
 8.87153e-07
 7.42010e-07
 6.29492e-07
 5.40553e-07
 4.69070e-07
 4.10782e-07
 3.62648e-07
 3.22451e-07
 2.88547e-07
 2.59692e-07
 2.34937e-07
 2.13544e-07
 1.94932e-07
 1.78642e-07
 1.64303e-07
 1.51618e-07
 1.40343e-07
 1.30276e-07
 1.15215e-06
 9.51207e-07
 7.97085e-07
 6.76589e-07
 5.80806e-07
 5.03547e-07
 4.40417e-07
 3.88231e-07
 3.44639e-07
 3.07882e-07
 2.76621e-07
 2.49828e-07
 2.26700e-07
 2.06605e-07
 1.89040e-07
 1.73602e-07
 1.59964e-07
 1.47858e-07
 1.37066e-07
 1.27406e-07
 9.69582e-07
 8.22028e-07
 7.03361e-07
 6.07070e-07
 5.28217e-07
 4.63060e-07
 4.08751e-07
 3.63109e-07
 3.24451e-07
 2.91468e-07
 2.63134e-07
 2.38638e-07
 2.17332e-07
 1.98699e-07
 1.82319e-07
 1.67848e-07
 1.55006e-07
 1.43562e-07
 1.33322e-07
 1.24126e-07
 8.02653e-07
 6.99368e-07
 6.11666e-07
 5.37411e-07
 4.74499e-07
 4.21053e-07
 3.75476e-07
 3.36435e-07
 3.02831e-07
 2.73766e-07
 2.48503e-07
 2.26440e-07
 2.07081e-07
 1.90019e-07
 1.74918e-07
 1.61498e-07
 1.49525e-07
 1.38804e-07
 1.29171e-07
 1.20486e-07
 6.57095e-07
 5.88216e-07
 5.25948e-07
 4.70616e-07
 4.21899e-07
 3.79202e-07
 3.41842e-07
 3.09145e-07
 2.80487e-07
 2.55313e-07
 2.33141e-07
 2.13553e-07
 1.96194e-07
 1.80760e-07
 1.66994e-07
 1.54676e-07
 1.43620e-07
 1.33667e-07
 1.24679e-07
 1.16541e-07
 5.34349e-07
 4.90877e-07
 4.48504e-07
 4.08680e-07
 3.72052e-07
 3.38807e-07
 3.08871e-07
 2.82038e-07
 2.58042e-07
 2.36598e-07
 2.17431e-07
 2.00281e-07
 1.84912e-07
 1.71113e-07
 1.58700e-07
 1.47508e-07
 1.37393e-07
 1.28232e-07
 1.19915e-07
 1.12347e-07
 4.33168e-07
 4.07703e-07
 3.80294e-07
 3.52708e-07
 3.26008e-07
 3.00789e-07
 2.77337e-07
 2.55752e-07
 2.36014e-07
 2.18040e-07
 2.01712e-07
 1.86896e-07
 1.73456e-07
 1.61259e-07
 1.50183e-07
 1.40112e-07
 1.30943e-07
 1.22582e-07
 1.14946e-07
 1.07961e-07
 3.50973e-07
 3.37841e-07
 3.21326e-07
 3.03103e-07
 2.84316e-07
 2.65715e-07
 2.47770e-07
 2.30754e-07
 2.14806e-07
 1.99978e-07
 1.86267e-07
 1.73635e-07
 1.62021e-07
 1.51360e-07
 1.41577e-07
 1.32601e-07
 1.24362e-07
 1.16795e-07
 1.09838e-07
 1.03436e-07
