scalar
part
         1
quad4
 5.17441e-07
 4.80465e-07
 4.43007e-07
 4.06750e-07
 3.72633e-07
 3.41103e-07
 3.12300e-07
 2.86179e-07
 2.62594e-07
 2.41350e-07
 2.22234e-07
 2.05034e-07
 1.89548e-07
 1.75589e-07
 1.62988e-07
 1.51594e-07
 1.41272e-07
 1.31903e-07
 1.23382e-07
 1.15616e-07
 6.18215e-07
 5.62676e-07
 5.09790e-07
 4.60974e-07
 4.16747e-07
 3.77121e-07
 3.41842e-07
 3.10533e-07
 2.82781e-07
 2.58177e-07
 2.36338e-07
 2.16920e-07
 1.99618e-07
 1.84165e-07
 1.70328e-07
 1.57906e-07
 1.46724e-07
 1.36633e-07
 1.27502e-07
 1.19220e-07
 7.38424e-07
 6.57286e-07
 5.84313e-07
 5.19905e-07
 4.63618e-07
 4.14653e-07
 3.72114e-07
 3.35132e-07
 3.02916e-07
 2.74776e-07
 2.50117e-07
 2.28435e-07
 2.09301e-07
 1.92355e-07
 1.77296e-07
 1.63865e-07
 1.51847e-07
 1.41058e-07
 1.31343e-07
 1.22567e-07
 8.78850e-07
 7.63546e-07
 6.65310e-07
 5.82224e-07
 5.12057e-07
 4.52696e-07
 4.02297e-07
 3.59314e-07
 3.22471e-07
 2.90728e-07
 2.63238e-07
 2.39310e-07
 2.18381e-07
 1.99989e-07
 1.83753e-07
 1.69360e-07
 1.56550e-07
 1.45104e-07
 1.34840e-07
 1.25605e-07
 1.03754e-06
 8.78707e-07
 7.50175e-07
 6.45747e-07
 5.60327e-07
 4.89899e-07
 4.31350e-07
 3.82281e-07
 3.40832e-07
 3.05560e-07
 2.75333e-07
 2.49261e-07
 2.26635e-07
 2.06887e-07
 1.89559e-07
 1.74278e-07
 1.60741e-07
 1.48696e-07
 1.37936e-07
 1.28285e-07
 1.20803e-06
 9.97272e-07
 8.34689e-07
 7.07356e-07
 6.06151e-07
 5.24601e-07
 4.58059e-07
 4.03137e-07
 3.57332e-07
 3.18769e-07
 2.86023e-07
 2.57997e-07
 2.33838e-07
 2.12875e-07
 1.94575e-07
 1.78510e-07
 1.64334e-07
 1.51766e-07
 1.40572e-07
 1.30561e-07
 1.37781e-06
 1.11066e-06
 9.13064e-07
 7.63133e-07
 6.46849e-07
 5.54946e-07
 4.81113e-07
 4.20946e-07
 3.71293e-07
 3.29858e-07
 2.94935e-07
 2.65237e-07
 2.39776e-07
 2.17789e-07
 1.98675e-07
 1.81955e-07
 1.67250e-07
 1.54248e-07
 1.42698e-07
 1.32393e-07
 1.52849e-06
 1.20782e-06
 9.78488e-07
 8.08761e-07
 6.79612e-07
 5.79055e-07
 4.99234e-07
 4.34816e-07
 3.82082e-07
 3.38370e-07
 3.01736e-07
 2.70732e-07
 2.44263e-07
 2.21486e-07
 2.01747e-07
 1.84529e-07
 1.69420e-07
 1.56091e-07
 1.44272e-07
 1.33745e-07
 1.63887e-06
 1.27712e-06
 1.02423e-06
 8.40170e-07
 7.01881e-07
 5.95272e-07
 5.11313e-07
 4.43991e-07
 3.89169e-07
 3.43928e-07
 3.06152e-07
 2.74283e-07
 2.47148e-07
 2.23853e-07
 2.03706e-07
 1.86163e-07
 1.70793e-07
 1.57252e-07
 1.45261e-07
 1.34591e-07
 1.69085e-06
 1.30916e-06
 1.04506e-06
 8.54287e-07
 7.11772e-07
 6.02395e-07
 5.16564e-07
 4.47938e-07
 3.92189e-07
 3.46272e-07
 3.07997e-07
 2.75752e-07
 2.48331e-07
 2.24814e-07
 2.04493e-07
 1.86813e-07
 1.71334e-07
 1.57705e-07
 1.45642e-07
 1.34914e-07
 1.67556e-06
 1.29942e-06
 1.03850e-06
 8.49671e-07
 7.08408e-07
 5.99872e-07
 5.14625e-07
 4.46418e-07
 3.90975e-07
 3.45289e-07
 3.07189e-07
 2.75081e-07
 2.47767e-07
 2.24336e-07
 2.04084e-07
 1.86461e-07
 1.71028e-07
 1.57438e-07
 1.45408e-07
 1.34707e-07
 1.59624e-06
 1.24948e-06
 1.00540e-06
 8.26805e-07
 6.92081e-07
 5.87887e-07
 5.05617e-07
 4.39510e-07
 3.85584e-07
 3.41016e-07
 3.03757e-07
 2.72289e-07
 2.45472e-07
 2.22430e-07
 2.02488e-07
 1.85113e-07
 1.69882e-07
 1.56456e-07
 1.44561e-07
 1.33973e-07
 1.46660e-06
 1.16644e-06
 9.49658e-07
 7.87976e-07
 6.64187e-07
 5.67324e-07
 4.90120e-07
 4.27606e-07
 3.76286e-07
 3.33646e-07
 2.97837e-07
 2.67479e-07
 2.41521e-07
 2.19155e-07
 1.99748e-07
 1.82803e-07
 1.67920e-07
 1.54779e-07
 1.43118e-07
 1.32725e-07
 1.30610e-06
 1.06076e-06
 8.77282e-07
 7.36772e-07
 6.26962e-07
 5.39625e-07
 4.69091e-07
 4.11357e-07
 3.63534e-07
 3.23499e-07
 2.89663e-07
 2.60820e-07
 2.36042e-07
 2.14605e-07
 1.95939e-07
 1.79589e-07
 1.65189e-07
 1.52443e-07
 1.41108e-07
 1.30986e-07
 1.13436e-06
 9.43747e-07
 7.95031e-07
 6.77398e-07
 5.83104e-07
 5.06570e-07
 4.43734e-07
 3.91596e-07
 3.47917e-07
 3.10999e-07
 2.79544e-07
 2.52543e-07
 2.29208e-07
 2.08913e-07
 1.91161e-07
 1.75548e-07
 1.61749e-07
 1.49497e-07
 1.38570e-07
 1.28787e-07
 9.67059e-07
 8.25273e-07
 7.09237e-07
 6.13993e-07
 5.35376e-07
 4.70042e-07
 4.15354e-07
 3.69246e-07
 3.30096e-07
 2.96630e-07
 2.67837e-07
 2.42915e-07
 2.21221e-07
 2.02235e-07
 1.85535e-07
 1.70776e-07
 1.57676e-07
 1.46000e-07
 1.35551e-07
 1.26167e-07
 8.14209e-07
 7.12588e-07
 6.24998e-07
 5.50124e-07
 4.86285e-07
 4.31818e-07
 3.85229e-07
 3.45233e-07
 3.10753e-07
 2.80896e-07
 2.54923e-07
 2.32226e-07
 2.12304e-07
 1.94741e-07
 1.79195e-07
 1.65380e-07
 1.53055e-07
 1.42020e-07
 1.32106e-07
 1.23171e-07
 6.80559e-07
 6.10075e-07
 5.45851e-07
 4.88506e-07
 4.37874e-07
 3.93426e-07
 3.54499e-07
 3.20414e-07
 2.90536e-07
 2.64291e-07
 2.41179e-07
 2.20766e-07
 2.02683e-07
 1.86612e-07
 1.72284e-07
 1.59470e-07
 1.47974e-07
 1.37630e-07
 1.28295e-07
 1.19847e-07
 5.67075e-07
 5.19703e-07
 4.73854e-07
 4.30959e-07
 3.91646e-07
 3.56068e-07
 3.24111e-07
 2.95530e-07
 2.70021e-07
 2.47267e-07
 2.26960e-07
 2.08818e-07
 1.92582e-07
 1.78024e-07
 1.64943e-07
 1.53163e-07
 1.42529e-07
 1.32907e-07
 1.24180e-07
 1.16247e-07
 4.72493e-07
 4.41747e-07
 4.09882e-07
 3.78509e-07
 3.48581e-07
 3.20603e-07
 2.94790e-07
 2.71178e-07
 2.49696e-07
 2.30217e-07
 2.12584e-07
 1.96635e-07
 1.82206e-07
 1.69145e-07
 1.57309e-07
 1.46569e-07
 1.36809e-07
 1.27924e-07
 1.19823e-07
 1.12422e-07
