scalar
part
         1
quad4
 6.54742e-07
 5.98884e-07
 5.44835e-07
 4.94245e-07
 4.47882e-07
 4.05959e-07
 3.68364e-07
 3.34812e-07
 3.04944e-07
 2.78378e-07
 2.54742e-07
 2.33691e-07
 2.14911e-07
 1.98126e-07
 1.83091e-07
 1.69591e-07
 1.57441e-07
 1.46478e-07
 1.36563e-07
 1.27574e-07
 7.69894e-07
 6.90830e-07
 6.17954e-07
 5.52382e-07
 4.94217e-07
 4.43038e-07
 3.98187e-07
 3.58935e-07
 3.24573e-07
 2.94446e-07
 2.67974e-07
 2.44651e-07
 2.24042e-07
 2.05774e-07
 1.89529e-07
 1.75038e-07
 1.62071e-07
 1.50432e-07
 1.39953e-07
 1.30492e-07
 9.04679e-07
 7.94459e-07
 6.97695e-07
 6.14002e-07
 5.42132e-07
 4.80571e-07
 4.27818e-07
 3.82516e-07
 3.43486e-07
 3.09733e-07
 2.80420e-07
 2.54855e-07
 2.32462e-07
 2.12766e-07
 1.95369e-07
 1.79943e-07
 1.66212e-07
 1.53944e-07
 1.42947e-07
 1.33054e-07
 1.05859e-06
 9.07885e-07
 7.81905e-07
 6.77134e-07
 5.89977e-07
 5.17232e-07
 4.56217e-07
 4.04745e-07
 3.61058e-07
 3.23751e-07
 2.91701e-07
 2.64006e-07
 2.39942e-07
 2.18921e-07
 2.00468e-07
 1.84191e-07
 1.69771e-07
 1.56942e-07
 1.45484e-07
 1.35211e-07
 1.22747e-06
 1.02671e-06
 8.66829e-07
 7.38828e-07
 6.35514e-07
 5.51354e-07
 4.82144e-07
 4.24699e-07
 3.76598e-07
 3.35984e-07
 3.01426e-07
 2.71807e-07
 2.46250e-07
 2.24061e-07
 2.04685e-07
 1.87673e-07
 1.72663e-07
 1.59357e-07
 1.47509e-07
 1.36918e-07
 1.40152e-06
 1.14327e-06
 9.46916e-07
 7.95167e-07
 6.76000e-07
 5.81005e-07
 5.04231e-07
 4.41402e-07
 3.89399e-07
 3.45913e-07
 3.09210e-07
 2.77969e-07
 2.51170e-07
 2.28021e-07
 2.07893e-07
 1.90290e-07
 1.74809e-07
 1.61125e-07
 1.48974e-07
 1.38135e-07
 1.56381e-06
 1.24657e-06
 1.01509e-06
 8.41565e-07
 7.08420e-07
 6.04172e-07
 5.21107e-07
 4.53901e-07
 3.98791e-07
 3.53059e-07
 3.14707e-07
 2.82237e-07
 2.54512e-07
 2.30656e-07
 2.09984e-07
 1.91957e-07
 1.76144e-07
 1.62198e-07
 1.49838e-07
 1.38832e-07
 1.69130e-06
 1.32349e-06
 1.06367e-06
 8.73391e-07
 7.29888e-07
 6.19002e-07
 5.31554e-07
 4.61378e-07
 4.04211e-07
 3.57028e-07
 3.17635e-07
 2.84409e-07
 2.56127e-07
 2.31857e-07
 2.10875e-07
 1.92613e-07
 1.76620e-07
 1.62538e-07
 1.50072e-07
 1.38986e-07
 1.76006e-06
 1.36180e-06
 1.08603e-06
 8.86848e-07
 7.38141e-07
 6.24099e-07
 5.34680e-07
 4.63248e-07
 4.05267e-07
 3.57552e-07
 3.17808e-07
 2.84352e-07
 2.55921e-07
 2.31555e-07
 2.10514e-07
 1.92218e-07
 1.76210e-07
 1.62123e-07
 1.49661e-07
 1.38583e-07
 1.75404e-06
 1.35396e-06
 1.07832e-06
 8.79866e-07
 7.32003e-07
 6.18765e-07
 5.30061e-07
 4.59244e-07
 4.01788e-07
 3.54518e-07
 3.15152e-07
 2.82017e-07
 2.53859e-07
 2.29726e-07
 2.08886e-07
 1.90764e-07
 1.74905e-07
 1.60948e-07
 1.48600e-07
 1.37623e-07
 1.67254e-06
 1.30003e-06
 1.04076e-06
 8.52654e-07
 7.11655e-07
 6.03149e-07
 5.17814e-07
 4.49463e-07
 3.93851e-07
 3.47989e-07
 3.09717e-07
 2.77443e-07
 2.49974e-07
 2.26399e-07
 2.06014e-07
 1.88267e-07
 1.72722e-07
 1.59028e-07
 1.46902e-07
 1.36114e-07
 1.53051e-06
 1.20756e-06
 9.77517e-07
 8.07664e-07
 6.78612e-07
 5.78230e-07
 4.98595e-07
 4.34353e-07
 3.81774e-07
 3.38194e-07
 3.01671e-07
 2.70758e-07
 2.44363e-07
 2.21647e-07
 2.01956e-07
 1.84776e-07
 1.69697e-07
 1.56391e-07
 1.44590e-07
 1.34076e-07
 1.35145e-06
 1.08892e-06
 8.95516e-07
 7.49003e-07
 6.35424e-07
 5.45649e-07
 4.73497e-07
 4.14665e-07
 3.66082e-07
 3.25511e-07
 2.91291e-07
 2.62168e-07
 2.37182e-07
 2.15590e-07
 1.96804e-07
 1.80361e-07
 1.65888e-07
 1.53084e-07
 1.41702e-07
 1.31541e-07
 1.15898e-06
 9.57470e-07
 8.02679e-07
 6.81546e-07
 5.85197e-07
 5.07448e-07
 4.43899e-07
 3.91352e-07
 3.47451e-07
 3.10426e-07
 2.78934e-07
 2.51938e-07
 2.28633e-07
 2.08381e-07
 1.90678e-07
 1.75118e-07
 1.61370e-07
 1.49167e-07
 1.38286e-07
 1.28546e-07
 9.71570e-07
 8.24787e-07
 7.06371e-07
 6.10078e-07
 5.31108e-07
 4.65784e-07
 4.11293e-07
 3.65469e-07
 3.26637e-07
 2.93492e-07
 2.65009e-07
 2.40377e-07
 2.18948e-07
 2.00203e-07
 1.83720e-07
 1.69156e-07
 1.56230e-07
 1.44709e-07
 1.34399e-07
 1.25139e-07
 8.00979e-07
 6.99273e-07
 6.12457e-07
 5.38682e-07
 4.76015e-07
 4.22677e-07
 3.77125e-07
 3.38062e-07
 3.04410e-07
 2.75281e-07
 2.49948e-07
 2.27813e-07
 2.08382e-07
 1.91251e-07
 1.76083e-07
 1.62599e-07
 1.50567e-07
 1.39790e-07
 1.30105e-07
 1.21371e-07
 6.52912e-07
 5.85980e-07
 5.24963e-07
 4.70429e-07
 4.22219e-07
 3.79841e-07
 3.42676e-07
 3.10092e-07
 2.81494e-07
 2.56345e-07
 2.34174e-07
 2.14572e-07
 1.97189e-07
 1.81726e-07
 1.67927e-07
 1.55574e-07
 1.44482e-07
 1.34493e-07
 1.25471e-07
 1.17299e-07
 5.28605e-07
 4.87151e-07
 4.46184e-07
 4.07334e-07
 3.71381e-07
 3.38602e-07
 3.08988e-07
 2.82375e-07
 2.58527e-07
 2.37182e-07
 2.18078e-07
 2.00965e-07
 1.85616e-07
 1.71824e-07
 1.59408e-07
 1.48207e-07
 1.38080e-07
 1.28902e-07
 1.20567e-07
 1.12980e-07
 4.26569e-07
 4.03021e-07
 3.77030e-07
 3.50486e-07
 3.24550e-07
 2.99888e-07
 2.76844e-07
 2.55556e-07
 2.36036e-07
 2.18220e-07
 2.02005e-07
 1.87270e-07
 1.73887e-07
 1.61730e-07
 1.50678e-07
 1.40622e-07
 1.31461e-07
 1.23102e-07
 1.15463e-07
 1.08471e-07
 3.44008e-07
 3.32610e-07
 3.17442e-07
 3.00254e-07
 2.82258e-07
 2.64261e-07
 2.46775e-07
 2.30108e-07
 2.14426e-07
 1.99801e-07
 1.86244e-07
 1.73728e-07
 1.62203e-07
 1.51607e-07
 1.41873e-07
 1.32933e-07
 1.24720e-07
 1.17170e-07
 1.10225e-07
 1.03830e-07
