scalar
part
         1
quad4
 3.83351e-07
 3.66357e-07
 3.46263e-07
 3.24825e-07
 3.03211e-07
 2.82158e-07
 2.62104e-07
 2.43282e-07
 2.25791e-07
 2.09644e-07
 1.94805e-07
 1.81205e-07
 1.68761e-07
 1.57382e-07
 1.46979e-07
 1.37464e-07
 1.28756e-07
 1.20778e-07
 1.13460e-07
 1.06740e-07
 4.70404e-07
 4.39776e-07
 4.07775e-07
 3.76213e-07
 3.46128e-07
 3.18053e-07
 2.92204e-07
 2.68608e-07
 2.47184e-07
 2.27792e-07
 2.10268e-07
 1.94438e-07
 1.80136e-07
 1.67203e-07
 1.55495e-07
 1.44878e-07
 1.35237e-07
 1.26466e-07
 1.18471e-07
 1.11170e-07
 5.77084e-07
 5.26731e-07
 4.78518e-07
 4.33838e-07
 3.93218e-07
 3.56702e-07
 3.24090e-07
 2.95060e-07
 2.69255e-07
 2.46314e-07
 2.25900e-07
 2.07706e-07
 1.91459e-07
 1.76916e-07
 1.63868e-07
 1.52132e-07
 1.41550e-07
 1.31984e-07
 1.23314e-07
 1.15438e-07
 7.05775e-07
 6.27827e-07
 5.58258e-07
 4.97117e-07
 4.43795e-07
 3.97440e-07
 3.57162e-07
 3.22121e-07
 2.91567e-07
 2.64847e-07
 2.41403e-07
 2.20763e-07
 2.02525e-07
 1.86353e-07
 1.71962e-07
 1.59112e-07
 1.47600e-07
 1.37252e-07
 1.27924e-07
 1.19489e-07
 8.57220e-07
 7.42265e-07
 6.45694e-07
 5.64702e-07
 4.96645e-07
 4.39236e-07
 3.90574e-07
 3.49105e-07
 3.13569e-07
 2.82950e-07
 2.56425e-07
 2.33325e-07
 2.13109e-07
 1.95331e-07
 1.79627e-07
 1.65696e-07
 1.53287e-07
 1.42191e-07
 1.32233e-07
 1.23267e-07
 1.02899e-06
 8.67042e-07
 7.38068e-07
 6.34306e-07
 5.49952e-07
 4.80677e-07
 4.23235e-07
 3.75171e-07
 3.34614e-07
 3.00121e-07
 2.70572e-07
 2.45087e-07
 2.22967e-07
 2.03658e-07
 1.86710e-07
 1.71761e-07
 1.58511e-07
 1.46717e-07
 1.36175e-07
 1.26717e-07
 1.21378e-06
 9.96237e-07
 8.30908e-07
 7.02633e-07
 6.01306e-07
 5.19999e-07
 4.53847e-07
 3.99359e-07
 3.53982e-07
 3.15818e-07
 2.83432e-07
 2.55728e-07
 2.31853e-07
 2.11140e-07
 1.93058e-07
 1.77184e-07
 1.63175e-07
 1.50752e-07
 1.39685e-07
 1.29787e-07
 1.39810e-06
 1.12073e-06
 9.18060e-07
 7.65504e-07
 6.47834e-07
 5.55198e-07
 4.80991e-07
 4.20647e-07
 3.70929e-07
 3.29489e-07
 2.94593e-07
 2.64938e-07
 2.39527e-07
 2.17591e-07
 1.98525e-07
 1.81851e-07
 1.67187e-07
 1.54222e-07
 1.42704e-07
 1.32427e-07
 1.56258e-06
 1.22877e-06
 9.92222e-07
 8.18251e-07
 6.86473e-07
 5.84216e-07
 5.03253e-07
 4.38045e-07
 3.84746e-07
 3.40620e-07
 3.03675e-07
 2.72431e-07
 2.45773e-07
 2.22846e-07
 2.02982e-07
 1.85661e-07
 1.70466e-07
 1.57063e-07
 1.45180e-07
 1.34596e-07
 1.68455e-06
 1.30777e-06
 1.04602e-06
 8.56376e-07
 7.14375e-07
 6.05191e-07
 5.19381e-07
 4.50688e-07
 3.94825e-07
 3.48773e-07
 3.10356e-07
 2.77969e-07
 2.50412e-07
 2.26766e-07
 2.06324e-07
 1.88531e-07
 1.72947e-07
 1.59222e-07
 1.47070e-07
 1.36259e-07
 1.74370e-06
 1.34710e-06
 1.07352e-06
 8.76367e-07
 7.29367e-07
 6.16724e-07
 5.28445e-07
 4.57941e-07
 4.00720e-07
 3.53630e-07
 3.14405e-07
 2.81380e-07
 2.53312e-07
 2.29252e-07
 2.08472e-07
 1.90399e-07
 1.74583e-07
 1.60661e-07
 1.48343e-07
 1.37392e-07
 1.72940e-06
 1.34136e-06
 1.07172e-06
 8.76455e-07
 7.30350e-07
 6.18106e-07
 5.29970e-07
 4.59476e-07
 4.02199e-07
 3.55021e-07
 3.15696e-07
 2.82569e-07
 2.54402e-07
 2.30249e-07
 2.09383e-07
 1.91232e-07
 1.75344e-07
 1.61358e-07
 1.48982e-07
 1.37978e-07
 1.64569e-06
 1.29227e-06
 1.04144e-06
 8.57037e-07
 7.17522e-07
 6.09433e-07
 5.24000e-07
 4.55312e-07
 3.99266e-07
 3.52945e-07
 3.14224e-07
 2.81529e-07
 2.53674e-07
 2.29750e-07
 2.09050e-07
 1.91023e-07
 1.75226e-07
 1.61308e-07
 1.48982e-07
 1.38015e-07
 1.50970e-06
 1.20820e-06
 9.87073e-07
 8.20572e-07
 6.92325e-07
 5.91585e-07
 5.11090e-07
 4.45806e-07
 3.92160e-07
 3.47561e-07
 3.10099e-07
 2.78338e-07
 2.51184e-07
 2.27792e-07
 2.07503e-07
 1.89792e-07
 1.74244e-07
 1.60522e-07
 1.48351e-07
 1.37507e-07
 1.34451e-06
 1.10127e-06
 9.15344e-07
 7.70981e-07
 6.57141e-07
 5.66060e-07
 4.92211e-07
 4.31606e-07
 3.81320e-07
 3.39177e-07
 3.03539e-07
 2.73151e-07
 2.47045e-07
 2.24462e-07
 2.04802e-07
 1.87588e-07
 1.72434e-07
 1.59027e-07
 1.47111e-07
 1.36474e-07
 1.17147e-06
 9.83850e-07
 8.33648e-07
 7.12808e-07
 6.14845e-07
 5.34727e-07
 4.68610e-07
 4.13560e-07
 3.67335e-07
 3.28209e-07
 2.94842e-07
 2.66187e-07
 2.41418e-07
 2.19879e-07
 2.01041e-07
 1.84481e-07
 1.69851e-07
 1.56867e-07
 1.45295e-07
 1.34940e-07
 1.00585e-06
 8.66097e-07
 7.48617e-07
 6.50416e-07
 5.68343e-07
 4.99555e-07
 4.41640e-07
 3.92617e-07
 3.50882e-07
 3.15144e-07
 2.84366e-07
 2.57711e-07
 2.34503e-07
 2.14194e-07
 1.96335e-07
 1.80559e-07
 1.66563e-07
 1.54096e-07
 1.42947e-07
 1.32941e-07
 8.56263e-07
 7.54892e-07
 6.65337e-07
 5.87447e-07
 5.20226e-07
 4.62387e-07
 4.12622e-07
 3.69730e-07
 3.32656e-07
 3.00497e-07
 2.72494e-07
 2.48011e-07
 2.26519e-07
 2.07576e-07
 1.90815e-07
 1.75926e-07
 1.62653e-07
 1.50778e-07
 1.40118e-07
 1.30518e-07
 7.26085e-07
 6.54063e-07
 5.87169e-07
 5.26594e-07
 4.72563e-07
 4.24786e-07
 3.82733e-07
 3.45785e-07
 3.13324e-07
 2.84772e-07
 2.59611e-07
 2.37384e-07
 2.17696e-07
 2.00205e-07
 1.84621e-07
 1.70693e-07
 1.58208e-07
 1.46985e-07
 1.36865e-07
 1.27717e-07
 6.15407e-07
 5.65112e-07
 5.15965e-07
 4.69608e-07
 4.26851e-07
 3.87974e-07
 3.52942e-07
 3.21542e-07
 2.93482e-07
 2.68436e-07
 2.46083e-07
 2.26117e-07
 2.08259e-07
 1.92259e-07
 1.77896e-07
 1.64973e-07
 1.53321e-07
 1.42790e-07
 1.33250e-07
 1.24588e-07
