scalar
part
         1
quad4
 6.60424e-07
 6.03566e-07
 5.48658e-07
 4.97347e-07
 4.50391e-07
 4.07983e-07
 3.69995e-07
 3.36126e-07
 3.06001e-07
 2.79228e-07
 2.55424e-07
 2.34237e-07
 2.15348e-07
 1.98473e-07
 1.83365e-07
 1.69805e-07
 1.57605e-07
 1.46602e-07
 1.36654e-07
 1.27637e-07
 7.76216e-07
 6.95877e-07
 6.21952e-07
 5.55535e-07
 4.96698e-07
 4.44987e-07
 3.99718e-07
 3.60137e-07
 3.25515e-07
 2.95184e-07
 2.68549e-07
 2.45097e-07
 2.24385e-07
 2.06034e-07
 1.89724e-07
 1.75180e-07
 1.62170e-07
 1.50496e-07
 1.39989e-07
 1.30506e-07
 9.11620e-07
 7.99790e-07
 7.01767e-07
 6.17104e-07
 5.44495e-07
 4.82369e-07
 4.29186e-07
 3.83555e-07
 3.44273e-07
 3.10324e-07
 2.80861e-07
 2.55179e-07
 2.32695e-07
 2.12927e-07
 1.95474e-07
 1.80003e-07
 1.66237e-07
 1.53942e-07
 1.42923e-07
 1.33014e-07
 1.06602e-06
 9.13327e-07
 7.85882e-07
 6.80041e-07
 5.92102e-07
 5.18784e-07
 4.57347e-07
 4.05563e-07
 3.61643e-07
 3.24163e-07
 2.91981e-07
 2.64187e-07
 2.40047e-07
 2.18969e-07
 2.00472e-07
 1.84162e-07
 1.69717e-07
 1.56869e-07
 1.45396e-07
 1.35113e-07
 1.23507e-06
 1.03195e-06
 8.70456e-07
 7.41339e-07
 6.37250e-07
 5.52546e-07
 4.82952e-07
 4.25234e-07
 3.76935e-07
 3.36179e-07
 3.01517e-07
 2.71823e-07
 2.46212e-07
 2.23984e-07
 2.04579e-07
 1.87547e-07
 1.72522e-07
 1.59207e-07
 1.47353e-07
 1.36759e-07
 1.40866e-06
 1.14784e-06
 9.49843e-07
 7.97033e-07
 6.77171e-07
 5.81714e-07
 5.04628e-07
 4.41588e-07
 3.89442e-07
 3.45858e-07
 3.09088e-07
 2.77802e-07
 2.50974e-07
 2.27806e-07
 2.07668e-07
 1.90060e-07
 1.74577e-07
 1.60895e-07
 1.48747e-07
 1.37913e-07
 1.56949e-06
 1.24980e-06
 1.01688e-06
 8.42507e-07
 7.08841e-07
 6.04272e-07
 5.21009e-07
 4.53681e-07
 3.98498e-07
 3.52724e-07
 3.14350e-07
 2.81872e-07
 2.54148e-07
 2.30297e-07
 2.09634e-07
 1.91618e-07
 1.75817e-07
 1.61885e-07
 1.49537e-07
 1.38545e-07
 1.69420e-06
 1.32462e-06
 1.06389e-06
 8.73136e-07
 7.29390e-07
 6.18388e-07
 5.30891e-07
 4.60705e-07
 4.03551e-07
 3.56392e-07
 3.17029e-07
 2.83835e-07
 2.55586e-07
 2.31348e-07
 2.10396e-07
 1.92162e-07
 1.76197e-07
 1.62139e-07
 1.49697e-07
 1.38633e-07
 1.75883e-06
 1.36014e-06
 1.08430e-06
 8.85190e-07
 7.36605e-07
 6.22696e-07
 5.33407e-07
 4.62095e-07
 4.04222e-07
 3.56603e-07
 3.16945e-07
 2.83564e-07
 2.55199e-07
 2.30893e-07
 2.09904e-07
 1.91655e-07
 1.75689e-07
 1.61639e-07
 1.49211e-07
 1.38164e-07
 1.74786e-06
 1.34915e-06
 1.07448e-06
 8.76722e-07
 7.29386e-07
 6.16553e-07
 5.28168e-07
 4.57606e-07
 4.00357e-07
 3.53257e-07
 3.14033e-07
 2.81016e-07
 2.52959e-07
 2.28914e-07
 2.08148e-07
 1.90090e-07
 1.74289e-07
 1.60382e-07
 1.48078e-07
 1.37139e-07
 1.66164e-06
 1.29221e-06
 1.03490e-06
 8.48094e-07
 7.08008e-07
 6.00167e-07
 5.15330e-07
 4.47361e-07
 3.92050e-07
 3.46429e-07
 3.08352e-07
 2.76239e-07
 2.48903e-07
 2.25441e-07
 2.05152e-07
 1.87487e-07
 1.72013e-07
 1.58380e-07
 1.46308e-07
 1.35567e-07
 1.51611e-06
 1.19740e-06
 9.70005e-07
 8.01911e-07
 6.74078e-07
 5.74571e-07
 4.95585e-07
 4.31835e-07
 3.79638e-07
 3.36360e-07
 3.00080e-07
 2.69365e-07
 2.43133e-07
 2.20553e-07
 2.00977e-07
 1.83895e-07
 1.68901e-07
 1.55667e-07
 1.43929e-07
 1.33470e-07
 1.33528e-06
 1.07733e-06
 8.86891e-07
 7.42384e-07
 6.30211e-07
 5.41452e-07
 4.70055e-07
 4.11796e-07
 3.63659e-07
 3.23439e-07
 2.89500e-07
 2.60606e-07
 2.35809e-07
 2.14373e-07
 1.95719e-07
 1.79388e-07
 1.65011e-07
 1.52289e-07
 1.40979e-07
 1.30879e-07
 1.14263e-06
 9.45391e-07
 7.93515e-07
 6.74424e-07
 5.79543e-07
 5.02875e-07
 4.40137e-07
 3.88213e-07
 3.44798e-07
 3.08159e-07
 2.76976e-07
 2.50233e-07
 2.27135e-07
 2.07057e-07
 1.89500e-07
 1.74062e-07
 1.60420e-07
 1.48307e-07
 1.37505e-07
 1.27833e-07
 9.56134e-07
 8.12967e-07
 6.97169e-07
 6.02793e-07
 5.25246e-07
 4.60996e-07
 4.07327e-07
 3.62144e-07
 3.23817e-07
 2.91076e-07
 2.62921e-07
 2.38556e-07
 2.17349e-07
 1.98788e-07
 1.82461e-07
 1.68029e-07
 1.55216e-07
 1.43792e-07
 1.33567e-07
 1.24380e-07
 7.87030e-07
 6.88193e-07
 6.03586e-07
 5.31507e-07
 4.70146e-07
 4.17822e-07
 3.73065e-07
 3.34632e-07
 3.01485e-07
 2.72765e-07
 2.47765e-07
 2.25904e-07
 2.06703e-07
 1.89763e-07
 1.74758e-07
 1.61413e-07
 1.49499e-07
 1.38825e-07
 1.29228e-07
 1.20572e-07
 6.40630e-07
 5.75885e-07
 5.16654e-07
 4.63557e-07
 4.16498e-07
 3.75040e-07
 3.38616e-07
 3.06631e-07
 2.78521e-07
 2.53772e-07
 2.31931e-07
 2.12605e-07
 1.95453e-07
 1.80184e-07
 1.66551e-07
 1.54340e-07
 1.43370e-07
 1.33487e-07
 1.24557e-07
 1.16465e-07
 5.17940e-07
 4.78115e-07
 4.38553e-07
 4.00886e-07
 3.65916e-07
 3.33949e-07
 3.05005e-07
 2.78945e-07
 2.55556e-07
 2.34594e-07
 2.15809e-07
 1.98965e-07
 1.83844e-07
 1.70246e-07
 1.57996e-07
 1.46938e-07
 1.36934e-07
 1.27864e-07
 1.19623e-07
 1.12118e-07
 4.17362e-07
 3.95015e-07
 3.70111e-07
 3.44522e-07
 3.19407e-07
 2.95445e-07
 2.72994e-07
 2.52207e-07
 2.33108e-07
 2.15650e-07
 1.99739e-07
 1.85262e-07
 1.72100e-07
 1.60132e-07
 1.49244e-07
 1.39330e-07
 1.30291e-07
 1.22040e-07
 1.14495e-07
 1.07587e-07
 3.36066e-07
 3.25551e-07
 3.11217e-07
 2.94789e-07
 2.77471e-07
 2.60067e-07
 2.43097e-07
 2.26874e-07
 2.11574e-07
 1.97278e-07
 1.84004e-07
 1.71732e-07
 1.60417e-07
 1.50004e-07
 1.40429e-07
 1.31627e-07
 1.23535e-07
 1.16092e-07
 1.09241e-07
 1.02928e-07
