scalar
part
         1
quad4
 3.47256e-07
 3.35264e-07
 3.19593e-07
 3.01988e-07
 2.83649e-07
 2.65373e-07
 2.47661e-07
 2.30811e-07
 2.14982e-07
 2.00237e-07
 1.86584e-07
 1.73989e-07
 1.62401e-07
 1.51754e-07
 1.41978e-07
 1.33004e-07
 1.24763e-07
 1.17191e-07
 1.10228e-07
 1.03817e-07
 4.29974e-07
 4.05718e-07
 3.79150e-07
 3.52143e-07
 3.25838e-07
 3.00886e-07
 2.77612e-07
 2.56144e-07
 2.36481e-07
 2.18552e-07
 2.02249e-07
 1.87444e-07
 1.74005e-07
 1.61803e-07
 1.50717e-07
 1.40633e-07
 1.31449e-07
 1.23072e-07
 1.15420e-07
 1.08417e-07
 5.32086e-07
 4.89801e-07
 4.48186e-07
 4.08837e-07
 3.72503e-07
 3.39432e-07
 3.09595e-07
 2.82812e-07
 2.58834e-07
 2.37389e-07
 2.18208e-07
 2.01036e-07
 1.85641e-07
 1.71815e-07
 1.59372e-07
 1.48150e-07
 1.38007e-07
 1.28818e-07
 1.20475e-07
 1.12881e-07
 6.56320e-07
 5.88443e-07
 5.26727e-07
 4.71680e-07
 4.23095e-07
 3.80440e-07
 3.43073e-07
 3.10341e-07
 2.81633e-07
 2.56403e-07
 2.34172e-07
 2.14526e-07
 1.97111e-07
 1.81624e-07
 1.67808e-07
 1.55444e-07
 1.44345e-07
 1.34351e-07
 1.25326e-07
 1.17153e-07
 8.04067e-07
 7.01342e-07
 6.13820e-07
 5.39557e-07
 4.76551e-07
 4.22976e-07
 3.77261e-07
 3.38083e-07
 3.04351e-07
 2.75168e-07
 2.49797e-07
 2.27636e-07
 2.08190e-07
 1.91049e-07
 1.75877e-07
 1.62391e-07
 1.50360e-07
 1.39586e-07
 1.29904e-07
 1.21175e-07
 9.73957e-07
 8.26180e-07
 7.07129e-07
 6.10431e-07
 5.31200e-07
 4.65710e-07
 4.11113e-07
 3.65223e-07
 3.26352e-07
 2.93186e-07
 2.64693e-07
 2.40059e-07
 2.18633e-07
 1.99894e-07
 1.83420e-07
 1.68866e-07
 1.55951e-07
 1.44440e-07
 1.34141e-07
 1.24892e-07
 1.16013e-06
 9.57830e-07
 8.02598e-07
 6.81220e-07
 5.84741e-07
 5.06928e-07
 4.43354e-07
 3.90805e-07
 3.46915e-07
 3.09909e-07
 2.78439e-07
 2.51468e-07
 2.28187e-07
 2.07960e-07
 1.90281e-07
 1.74742e-07
 1.61016e-07
 1.48832e-07
 1.37970e-07
 1.28247e-07
 1.35071e-06
 1.08786e-06
 8.94361e-07
 7.47854e-07
 6.34328e-07
 5.44623e-07
 4.72547e-07
 4.13789e-07
 3.65277e-07
 3.24770e-07
 2.90609e-07
 2.61539e-07
 2.36602e-07
 2.15052e-07
 1.96306e-07
 1.79898e-07
 1.65458e-07
 1.52682e-07
 1.41327e-07
 1.31189e-07
 1.52723e-06
 1.20475e-06
 9.75101e-07
 8.05585e-07
 6.76812e-07
 5.76660e-07
 4.97217e-07
 4.33134e-07
 3.80690e-07
 3.37224e-07
 3.00798e-07
 2.69969e-07
 2.43647e-07
 2.20993e-07
 2.01357e-07
 1.84226e-07
 1.69190e-07
 1.55922e-07
 1.44156e-07
 1.33672e-07
 1.66634e-06
 1.29527e-06
 1.03700e-06
 8.49604e-07
 7.09131e-07
 6.01026e-07
 5.16003e-07
 4.47900e-07
 3.92489e-07
 3.46791e-07
 3.08654e-07
 2.76495e-07
 2.49122e-07
 2.25630e-07
 2.05316e-07
 1.87631e-07
 1.72140e-07
 1.58493e-07
 1.46409e-07
 1.35658e-07
 1.74502e-06
 1.34735e-06
 1.07328e-06
 8.75889e-07
 7.28789e-07
 6.16114e-07
 5.27837e-07
 4.57352e-07
 4.00160e-07
 3.53101e-07
 3.13909e-07
 2.80916e-07
 2.52878e-07
 2.28847e-07
 2.08093e-07
 1.90045e-07
 1.74251e-07
 1.60350e-07
 1.48051e-07
 1.37117e-07
 1.74885e-06
 1.35368e-06
 1.07990e-06
 8.82073e-07
 7.34322e-07
 6.20979e-07
 5.32086e-07
 4.61058e-07
 4.03395e-07
 3.55934e-07
 3.16396e-07
 2.83109e-07
 2.54819e-07
 2.30572e-07
 2.09631e-07
 1.91421e-07
 1.75487e-07
 1.61464e-07
 1.49058e-07
 1.38030e-07
 1.67885e-06
 1.31439e-06
 1.05678e-06
 8.68015e-07
 7.25593e-07
 6.15500e-07
 5.28649e-07
 4.58933e-07
 4.02128e-07
 3.55233e-07
 3.16074e-07
 2.83039e-07
 2.54916e-07
 2.30779e-07
 2.09909e-07
 1.91743e-07
 1.75834e-07
 1.61823e-07
 1.49420e-07
 1.38388e-07
 1.55107e-06
 1.23706e-06
 1.00778e-06
 8.35814e-07
 7.03798e-07
 6.00391e-07
 5.17965e-07
 4.51255e-07
 3.96535e-07
 3.51117e-07
 3.13018e-07
 2.80757e-07
 2.53205e-07
 2.29494e-07
 2.08945e-07
 1.91023e-07
 1.75300e-07
 1.61432e-07
 1.49139e-07
 1.38193e-07
 1.38924e-06
 1.13383e-06
 9.39517e-07
 7.89260e-07
 6.71204e-07
 5.77053e-07
 5.00930e-07
 4.38611e-07
 3.87014e-07
 3.43856e-07
 3.07420e-07
 2.76398e-07
 2.49783e-07
 2.26788e-07
 2.06791e-07
 1.89299e-07
 1.73914e-07
 1.60313e-07
 1.48234e-07
 1.37459e-07
 1.21610e-06
 1.01769e-06
 8.59597e-07
 7.32953e-07
 6.30682e-07
 5.47332e-07
 4.78758e-07
 4.21821e-07
 3.74127e-07
 3.33845e-07
 2.99559e-07
 2.70166e-07
 2.44799e-07
 2.22770e-07
 2.03530e-07
 1.86635e-07
 1.71724e-07
 1.58505e-07
 1.46733e-07
 1.36208e-07
 1.04831e-06
 8.99498e-07
 7.75019e-07
 6.71437e-07
 5.85221e-07
 5.13228e-07
 4.52815e-07
 4.01830e-07
 3.58542e-07
 3.21563e-07
 2.89784e-07
 2.62317e-07
 2.38444e-07
 2.17585e-07
 1.99271e-07
 1.83114e-07
 1.68797e-07
 1.56057e-07
 1.44677e-07
 1.34473e-07
 8.95535e-07
 7.86794e-07
 6.91261e-07
 6.08579e-07
 5.37537e-07
 4.76653e-07
 4.24456e-07
 3.79612e-07
 3.40962e-07
 3.07524e-07
 2.78477e-07
 2.53135e-07
 2.30933e-07
 2.11399e-07
 1.94141e-07
 1.78836e-07
 1.65209e-07
 1.53033e-07
 1.42115e-07
 1.32293e-07
 7.61825e-07
 6.83905e-07
 6.12020e-07
 5.47292e-07
 4.89840e-07
 4.39260e-07
 3.94910e-07
 3.56080e-07
 3.22072e-07
 2.92245e-07
 2.66027e-07
 2.42921e-07
 2.22497e-07
 2.04388e-07
 1.88281e-07
 1.73910e-07
 1.61047e-07
 1.49499e-07
 1.39101e-07
 1.29712e-07
 6.47646e-07
 5.92668e-07
 5.39409e-07
 4.89515e-07
 4.43757e-07
 4.02354e-07
 3.65205e-07
 3.32034e-07
 3.02492e-07
 2.76205e-07
 2.52809e-07
 2.31964e-07
 2.13364e-07
 1.96733e-07
 1.81833e-07
 1.68450e-07
 1.56403e-07
 1.45532e-07
 1.35697e-07
 1.26779e-07
