scalar
part
         1
quad4
 3.61772e-07
 3.46055e-07
 3.27403e-07
 3.07448e-07
 2.87279e-07
 2.67590e-07
 2.48796e-07
 2.31124e-07
 2.14673e-07
 1.99463e-07
 1.85466e-07
 1.72620e-07
 1.60853e-07
 1.50082e-07
 1.40225e-07
 1.31202e-07
 1.22937e-07
 1.15360e-07
 1.08406e-07
 1.02016e-07
 4.43481e-07
 4.15080e-07
 3.85339e-07
 3.55939e-07
 3.27851e-07
 3.01581e-07
 2.77345e-07
 2.55181e-07
 2.35021e-07
 2.16745e-07
 2.00206e-07
 1.85248e-07
 1.71717e-07
 1.59469e-07
 1.48370e-07
 1.38299e-07
 1.29145e-07
 1.20811e-07
 1.13209e-07
 1.06264e-07
 5.43467e-07
 4.96757e-07
 4.51943e-07
 4.10316e-07
 3.72380e-07
 3.38202e-07
 3.07611e-07
 2.80328e-07
 2.56033e-07
 2.34401e-07
 2.15124e-07
 1.97922e-07
 1.82542e-07
 1.68763e-07
 1.56388e-07
 1.45249e-07
 1.35196e-07
 1.26103e-07
 1.17857e-07
 1.10361e-07
 6.63926e-07
 5.91666e-07
 5.27020e-07
 4.70055e-07
 4.20245e-07
 3.76839e-07
 3.39037e-07
 3.06085e-07
 2.77301e-07
 2.52089e-07
 2.29937e-07
 2.10410e-07
 1.93136e-07
 1.77803e-07
 1.64147e-07
 1.51944e-07
 1.41003e-07
 1.31162e-07
 1.22286e-07
 1.14255e-07
 8.05570e-07
 6.99109e-07
 6.09402e-07
 5.33933e-07
 4.70333e-07
 4.16543e-07
 3.70841e-07
 3.31814e-07
 2.98311e-07
 2.69398e-07
 2.44315e-07
 2.22445e-07
 2.03284e-07
 1.86418e-07
 1.71507e-07
 1.58269e-07
 1.46469e-07
 1.35911e-07
 1.26431e-07
 1.17890e-07
 9.66265e-07
 8.16404e-07
 6.96598e-07
 5.99865e-07
 5.20974e-07
 4.56006e-07
 4.02005e-07
 3.56728e-07
 3.18454e-07
 2.85853e-07
 2.57886e-07
 2.33737e-07
 2.12756e-07
 1.94424e-07
 1.78321e-07
 1.64106e-07
 1.51499e-07
 1.40271e-07
 1.30230e-07
 1.21216e-07
 1.13953e-06
 9.38236e-07
 7.84546e-07
 6.64827e-07
 5.69941e-07
 4.93587e-07
 4.31318e-07
 3.79924e-07
 3.37051e-07
 3.00940e-07
 2.70259e-07
 2.43983e-07
 2.21317e-07
 2.01636e-07
 1.84443e-07
 1.69338e-07
 1.56001e-07
 1.44166e-07
 1.33620e-07
 1.24181e-07
 1.31339e-06
 1.05637e-06
 8.67622e-07
 7.24962e-07
 6.14559e-07
 5.27409e-07
 4.57441e-07
 4.00438e-07
 3.53398e-07
 3.14138e-07
 2.81041e-07
 2.52885e-07
 2.28738e-07
 2.07877e-07
 1.89733e-07
 1.73856e-07
 1.59885e-07
 1.47527e-07
 1.36543e-07
 1.26739e-07
 1.47045e-06
 1.16008e-06
 9.39066e-07
 7.75905e-07
 6.51945e-07
 5.55524e-07
 4.79032e-07
 4.17323e-07
 3.66816e-07
 3.24952e-07
 2.89866e-07
 2.60169e-07
 2.34811e-07
 2.12986e-07
 1.94068e-07
 1.77562e-07
 1.63074e-07
 1.50290e-07
 1.38951e-07
 1.28848e-07
 1.58983e-06
 1.23758e-06
 9.91911e-07
 8.13376e-07
 6.79375e-07
 5.76144e-07
 4.94884e-07
 4.29747e-07
 3.76717e-07
 3.32959e-07
 2.96425e-07
 2.65604e-07
 2.39361e-07
 2.16831e-07
 1.97343e-07
 1.80374e-07
 1.65505e-07
 1.52404e-07
 1.40801e-07
 1.30476e-07
 1.65190e-06
 1.27853e-06
 1.02035e-06
 8.33926e-07
 6.94709e-07
 5.87890e-07
 5.04081e-07
 4.37082e-07
 3.82662e-07
 3.37844e-07
 3.00488e-07
 2.69019e-07
 2.42260e-07
 2.19312e-07
 1.99484e-07
 1.82233e-07
 1.67130e-07
 1.53833e-07
 1.42064e-07
 1.31598e-07
 1.64515e-06
 1.27709e-06
 1.02116e-06
 8.35677e-07
 6.96790e-07
 5.90018e-07
 5.06125e-07
 4.38988e-07
 3.84409e-07
 3.39433e-07
 3.01926e-07
 2.70319e-07
 2.43434e-07
 2.20373e-07
 2.00444e-07
 1.83103e-07
 1.67921e-07
 1.54553e-07
 1.42721e-07
 1.32198e-07
 1.57159e-06
 1.23410e-06
 9.94720e-07
 8.18779e-07
 6.85674e-07
 5.82541e-07
 5.01013e-07
 4.35450e-07
 3.81943e-07
 3.37709e-07
 3.00725e-07
 2.69489e-07
 2.42871e-07
 2.20004e-07
 2.00216e-07
 1.82978e-07
 1.67871e-07
 1.54558e-07
 1.42766e-07
 1.32271e-07
 1.44636e-06
 1.15687e-06
 9.44859e-07
 7.85381e-07
 6.62621e-07
 5.66229e-07
 4.89226e-07
 4.26781e-07
 3.75470e-07
 3.32813e-07
 2.96979e-07
 2.66596e-07
 2.40618e-07
 2.18238e-07
 1.98823e-07
 1.81874e-07
 1.66993e-07
 1.53857e-07
 1.42206e-07
 1.31824e-07
 1.29123e-06
 1.05674e-06
 8.77831e-07
 7.39109e-07
 6.29828e-07
 5.42459e-07
 4.71658e-07
 4.13575e-07
 3.65395e-07
 3.25025e-07
 2.90888e-07
 2.61784e-07
 2.36780e-07
 2.15151e-07
 1.96322e-07
 1.79835e-07
 1.65320e-07
 1.52477e-07
 1.41062e-07
 1.30872e-07
 1.12697e-06
 9.45607e-07
 8.00683e-07
 6.84268e-07
 5.90006e-07
 5.12988e-07
 4.49476e-07
 3.96626e-07
 3.52268e-07
 3.14734e-07
 2.82732e-07
 2.55255e-07
 2.31508e-07
 2.10858e-07
 1.92801e-07
 1.76926e-07
 1.62903e-07
 1.50457e-07
 1.39365e-07
 1.29439e-07
 9.68752e-07
 8.33419e-07
 7.19850e-07
 6.25060e-07
 5.45940e-07
 4.79696e-07
 4.23971e-07
 3.76834e-07
 3.36728e-07
 3.02400e-07
 2.72847e-07
 2.47260e-07
 2.24987e-07
 2.05499e-07
 1.88366e-07
 1.73232e-07
 1.59806e-07
 1.47848e-07
 1.37154e-07
 1.27557e-07
 8.25285e-07
 7.27016e-07
 6.40328e-07
 5.65035e-07
 5.00137e-07
 4.44357e-07
 3.96408e-07
 3.55113e-07
 3.19441e-07
 2.88515e-07
 2.61598e-07
 2.38073e-07
 2.17428e-07
 1.99236e-07
 1.83142e-07
 1.68849e-07
 1.56108e-07
 1.44711e-07
 1.34480e-07
 1.25267e-07
 7.00132e-07
 6.30267e-07
 5.65457e-07
 5.06841e-07
 4.54619e-07
 4.08491e-07
 3.67925e-07
 3.32313e-07
 3.01047e-07
 2.73562e-07
 2.49354e-07
 2.27977e-07
 2.09048e-07
 1.92238e-07
 1.77263e-07
 1.63883e-07
 1.51892e-07
 1.41113e-07
 1.31396e-07
 1.22612e-07
 5.93563e-07
 5.44756e-07
 4.97111e-07
 4.52220e-07
 4.10860e-07
 3.73290e-07
 3.39465e-07
 3.09173e-07
 2.82121e-07
 2.57990e-07
 2.36465e-07
 2.17247e-07
 2.00065e-07
 1.84677e-07
 1.70866e-07
 1.58444e-07
 1.47245e-07
 1.37125e-07
 1.27960e-07
 1.19639e-07
