scalar
part
         1
quad4
 4.78880e-07
 4.47243e-07
 4.14595e-07
 3.82546e-07
 3.52041e-07
 3.23574e-07
 2.97349e-07
 2.73389e-07
 2.51614e-07
 2.31888e-07
 2.14046e-07
 1.97918e-07
 1.83338e-07
 1.70147e-07
 1.58200e-07
 1.47364e-07
 1.37521e-07
 1.28564e-07
 1.20399e-07
 1.12943e-07
 5.74156e-07
 5.25668e-07
 4.78870e-07
 4.35181e-07
 3.95209e-07
 3.59086e-07
 3.26680e-07
 2.97727e-07
 2.71910e-07
 2.48899e-07
 2.28378e-07
 2.10055e-07
 1.93668e-07
 1.78981e-07
 1.65791e-07
 1.53916e-07
 1.43201e-07
 1.33509e-07
 1.24722e-07
 1.16736e-07
 6.88352e-07
 6.16476e-07
 5.51116e-07
 4.92854e-07
 4.41483e-07
 3.96441e-07
 3.57033e-07
 3.22559e-07
 2.92363e-07
 2.65858e-07
 2.42531e-07
 2.21940e-07
 2.03708e-07
 1.87511e-07
 1.73077e-07
 1.60173e-07
 1.48599e-07
 1.38189e-07
 1.28796e-07
 1.20299e-07
 8.22665e-07
 7.19339e-07
 6.30416e-07
 5.54507e-07
 4.89861e-07
 4.34762e-07
 3.87674e-07
 3.47281e-07
 3.12483e-07
 2.82368e-07
 2.56185e-07
 2.33316e-07
 2.13250e-07
 1.95569e-07
 1.79923e-07
 1.66022e-07
 1.53625e-07
 1.42528e-07
 1.32562e-07
 1.23580e-07
 9.76022e-07
 8.32202e-07
 7.14655e-07
 6.18283e-07
 5.38815e-07
 4.72832e-07
 4.17645e-07
 3.71146e-07
 3.31688e-07
 2.97975e-07
 2.68984e-07
 2.43901e-07
 2.22074e-07
 2.02978e-07
 1.86186e-07
 1.71350e-07
 1.58184e-07
 1.46452e-07
 1.35955e-07
 1.26530e-07
 1.14350e-06
 9.50573e-07
 8.00225e-07
 6.81424e-07
 5.86278e-07
 5.09111e-07
 4.45797e-07
 3.93293e-07
 3.49328e-07
 3.12186e-07
 2.80551e-07
 2.53405e-07
 2.29951e-07
 2.09559e-07
 1.91725e-07
 1.76045e-07
 1.62188e-07
 1.49887e-07
 1.38919e-07
 1.29100e-07
 1.31486e-06
 1.06708e-06
 8.81967e-07
 7.40332e-07
 6.29727e-07
 5.41813e-07
 4.70852e-07
 4.12795e-07
 3.64724e-07
 3.24495e-07
 2.90506e-07
 2.61539e-07
 2.36661e-07
 2.15142e-07
 1.96408e-07
 1.80001e-07
 1.65553e-07
 1.52767e-07
 1.41398e-07
 1.31245e-07
 1.47419e-06
 1.17174e-06
 9.53503e-07
 7.90852e-07
 6.66396e-07
 5.69058e-07
 4.91508e-07
 4.28734e-07
 3.77217e-07
 3.34423e-07
 2.98493e-07
 2.68039e-07
 2.42003e-07
 2.19573e-07
 2.00114e-07
 1.83124e-07
 1.68204e-07
 1.55032e-07
 1.43344e-07
 1.32928e-07
 1.60172e-06
 1.25323e-06
 1.00808e-06
 8.28795e-07
 6.93602e-07
 5.89078e-07
 5.06570e-07
 4.40285e-07
 3.86224e-07
 3.41552e-07
 3.04210e-07
 2.72677e-07
 2.45806e-07
 2.22722e-07
 2.02743e-07
 1.85338e-07
 1.70082e-07
 1.56634e-07
 1.44721e-07
 1.34117e-07
 1.67811e-06
 1.30117e-06
 1.03977e-06
 8.50624e-07
 7.09147e-07
 6.00459e-07
 5.15101e-07
 4.46810e-07
 3.91304e-07
 3.45568e-07
 3.07428e-07
 2.75288e-07
 2.47948e-07
 2.24495e-07
 2.04226e-07
 1.86587e-07
 1.71141e-07
 1.57540e-07
 1.45500e-07
 1.34791e-07
 1.69009e-06
 1.30873e-06
 1.04481e-06
 8.54138e-07
 7.11687e-07
 6.02350e-07
 5.16544e-07
 4.47936e-07
 3.92197e-07
 3.46288e-07
 3.08017e-07
 2.75775e-07
 2.48355e-07
 2.24839e-07
 2.04519e-07
 1.86838e-07
 1.71359e-07
 1.57730e-07
 1.45666e-07
 1.34937e-07
 1.63502e-06
 1.27461e-06
 1.02252e-06
 8.38953e-07
 7.00993e-07
 5.94609e-07
 5.10807e-07
 4.43598e-07
 3.88861e-07
 3.43682e-07
 3.05954e-07
 2.74122e-07
 2.47017e-07
 2.23745e-07
 2.03616e-07
 1.86088e-07
 1.70731e-07
 1.57200e-07
 1.45217e-07
 1.34554e-07
 1.52229e-06
 1.20361e-06
 9.75521e-07
 8.06602e-07
 6.77999e-07
 5.77823e-07
 4.98274e-07
 4.34057e-07
 3.81473e-07
 3.37875e-07
 3.01329e-07
 2.70395e-07
 2.43981e-07
 2.21249e-07
 2.01545e-07
 1.84356e-07
 1.69272e-07
 1.55963e-07
 1.44161e-07
 1.33648e-07
 1.37016e-06
 1.10527e-06
 9.09149e-07
 7.60218e-07
 6.44630e-07
 5.53224e-07
 4.79755e-07
 4.19858e-07
 3.70410e-07
 3.29134e-07
 2.94334e-07
 2.64734e-07
 2.39352e-07
 2.17428e-07
 1.98365e-07
 1.81689e-07
 1.67019e-07
 1.54047e-07
 1.42522e-07
 1.32238e-07
 1.19975e-06
 9.91203e-07
 8.30150e-07
 7.03896e-07
 6.03467e-07
 5.22486e-07
 4.56368e-07
 4.01767e-07
 3.56210e-07
 3.17840e-07
 2.85247e-07
 2.57342e-07
 2.33282e-07
 2.12399e-07
 1.94165e-07
 1.78155e-07
 1.64025e-07
 1.51495e-07
 1.40334e-07
 1.30351e-07
 1.02924e-06
 8.72388e-07
 7.45305e-07
 6.41945e-07
 5.57320e-07
 4.87491e-07
 4.29400e-07
 3.80683e-07
 3.39510e-07
 3.04456e-07
 2.74404e-07
 2.48473e-07
 2.25961e-07
 2.06307e-07
 1.89057e-07
 1.73842e-07
 1.60359e-07
 1.48361e-07
 1.37639e-07
 1.28022e-07
 8.70903e-07
 7.57283e-07
 6.60344e-07
 5.78256e-07
 5.08857e-07
 4.50092e-07
 4.00158e-07
 3.57542e-07
 3.20990e-07
 2.89482e-07
 2.62181e-07
 2.38407e-07
 2.17605e-07
 1.99317e-07
 1.83169e-07
 1.68850e-07
 1.56102e-07
 1.44708e-07
 1.34490e-07
 1.25293e-07
 7.31023e-07
 6.51274e-07
 5.79420e-07
 5.15907e-07
 4.60333e-07
 4.11937e-07
 3.69853e-07
 3.33237e-07
 3.01317e-07
 2.73418e-07
 2.48956e-07
 2.27436e-07
 2.08437e-07
 1.91605e-07
 1.76640e-07
 1.63289e-07
 1.51339e-07
 1.40608e-07
 1.30943e-07
 1.22210e-07
 6.11438e-07
 5.57023e-07
 5.05081e-07
 4.57047e-07
 4.13463e-07
 3.74363e-07
 3.39515e-07
 3.08561e-07
 2.81100e-07
 2.56736e-07
 2.35096e-07
 2.15845e-07
 1.98683e-07
 1.83348e-07
 1.69610e-07
 1.57273e-07
 1.46164e-07
 1.36135e-07
 1.27058e-07
 1.18823e-07
 5.11294e-07
 4.75220e-07
 4.38547e-07
 4.02961e-07
 3.69412e-07
 3.38360e-07
 3.09956e-07
 2.84169e-07
 2.60863e-07
 2.39853e-07
 2.20935e-07
 2.03901e-07
 1.88556e-07
 1.74717e-07
 1.62219e-07
 1.50913e-07
 1.40667e-07
 1.31363e-07
 1.22898e-07
 1.15182e-07
