scalar
part
         1
quad4
 5.02484e-07
 4.67591e-07
 4.32071e-07
 3.97538e-07
 3.64909e-07
 3.34640e-07
 3.06892e-07
 2.81647e-07
 2.58787e-07
 2.38143e-07
 2.19524e-07
 2.02735e-07
 1.87591e-07
 1.73917e-07
 1.61555e-07
 1.50360e-07
 1.40207e-07
 1.30980e-07
 1.22580e-07
 1.14917e-07
 6.00363e-07
 5.47783e-07
 4.97500e-07
 4.50887e-07
 4.08485e-07
 3.70350e-07
 3.36280e-07
 3.05950e-07
 2.78988e-07
 2.55024e-07
 2.33705e-07
 2.14712e-07
 1.97757e-07
 1.82590e-07
 1.68989e-07
 1.56763e-07
 1.45745e-07
 1.35791e-07
 1.26775e-07
 1.18591e-07
 7.17240e-07
 6.40257e-07
 5.70715e-07
 5.09066e-07
 4.54963e-07
 4.07718e-07
 3.66529e-07
 3.30608e-07
 2.99230e-07
 2.71755e-07
 2.47626e-07
 2.26368e-07
 2.07578e-07
 1.90912e-07
 1.76079e-07
 1.62836e-07
 1.50973e-07
 1.40312e-07
 1.30704e-07
 1.22018e-07
 8.54086e-07
 7.44478e-07
 6.50639e-07
 5.70896e-07
 5.03257e-07
 4.45808e-07
 3.96863e-07
 3.54991e-07
 3.19005e-07
 2.87928e-07
 2.60960e-07
 2.37444e-07
 2.16842e-07
 1.98712e-07
 1.82689e-07
 1.68469e-07
 1.55800e-07
 1.44470e-07
 1.34303e-07
 1.25148e-07
 1.00943e-06
 8.58090e-07
 7.34943e-07
 6.34379e-07
 5.51745e-07
 4.83345e-07
 4.26289e-07
 3.78330e-07
 3.37717e-07
 3.03082e-07
 2.73345e-07
 2.47654e-07
 2.25327e-07
 2.05815e-07
 1.88676e-07
 1.73548e-07
 1.60134e-07
 1.48190e-07
 1.37512e-07
 1.27929e-07
 1.17772e-06
 9.76193e-07
 8.19771e-07
 6.96608e-07
 5.98274e-07
 5.18737e-07
 4.53629e-07
 3.99748e-07
 3.54709e-07
 3.16718e-07
 2.84404e-07
 2.56709e-07
 2.32806e-07
 2.12044e-07
 1.93902e-07
 1.77962e-07
 1.63888e-07
 1.51400e-07
 1.40273e-07
 1.30316e-07
 1.34786e-06
 1.09095e-06
 8.99714e-07
 7.53856e-07
 6.40257e-07
 5.50169e-07
 4.77594e-07
 4.18314e-07
 3.69302e-07
 3.28335e-07
 2.93760e-07
 2.64324e-07
 2.39063e-07
 2.17230e-07
 1.98235e-07
 1.81610e-07
 1.66978e-07
 1.54036e-07
 1.42533e-07
 1.32266e-07
 1.50305e-06
 1.19197e-06
 9.68230e-07
 8.01907e-07
 6.74912e-07
 5.75765e-07
 4.96890e-07
 4.33124e-07
 3.80849e-07
 3.37465e-07
 3.01070e-07
 2.70243e-07
 2.43904e-07
 2.21226e-07
 2.01562e-07
 1.84401e-07
 1.69337e-07
 1.56041e-07
 1.44249e-07
 1.33742e-07
 1.62295e-06
 1.26782e-06
 1.01857e-06
 8.36620e-07
 6.99610e-07
 5.93804e-07
 5.10364e-07
 4.43385e-07
 3.88795e-07
 3.43711e-07
 3.06045e-07
 2.74251e-07
 2.47170e-07
 2.23912e-07
 2.03790e-07
 1.86264e-07
 1.70906e-07
 1.57372e-07
 1.45385e-07
 1.34717e-07
 1.68862e-06
 1.30847e-06
 1.04508e-06
 8.54647e-07
 7.12284e-07
 6.02967e-07
 5.17146e-07
 4.48506e-07
 3.92731e-07
 3.46784e-07
 3.08476e-07
 2.76199e-07
 2.48746e-07
 2.25201e-07
 2.04853e-07
 1.87148e-07
 1.71647e-07
 1.57997e-07
 1.45915e-07
 1.35170e-07
 1.68837e-06
 1.30794e-06
 1.04451e-06
 8.54097e-07
 7.11789e-07
 6.02531e-07
 5.16766e-07
 4.48176e-07
 3.92444e-07
 3.46533e-07
 3.08257e-07
 2.76007e-07
 2.48577e-07
 2.25051e-07
 2.04721e-07
 1.87030e-07
 1.71541e-07
 1.57902e-07
 1.45830e-07
 1.35093e-07
 1.62183e-06
 1.26611e-06
 1.01679e-06
 8.34955e-07
 6.98123e-07
 5.92500e-07
 5.09229e-07
 4.42399e-07
 3.87938e-07
 3.42964e-07
 3.05392e-07
 2.73679e-07
 2.46665e-07
 2.23465e-07
 2.03393e-07
 1.85910e-07
 1.70590e-07
 1.57088e-07
 1.45129e-07
 1.34486e-07
 1.50022e-06
 1.18875e-06
 9.65123e-07
 7.99092e-07
 6.72430e-07
 5.73603e-07
 4.95015e-07
 4.31498e-07
 3.79436e-07
 3.36235e-07
 2.99994e-07
 2.69298e-07
 2.43071e-07
 2.20489e-07
 2.00907e-07
 1.83817e-07
 1.68814e-07
 1.55572e-07
 1.43826e-07
 1.33360e-07
 1.34259e-06
 1.08593e-06
 8.95184e-07
 7.49874e-07
 6.36797e-07
 5.47177e-07
 4.75007e-07
 4.16075e-07
 3.67357e-07
 3.26640e-07
 2.92277e-07
 2.63021e-07
 2.37914e-07
 2.16212e-07
 1.97330e-07
 1.80802e-07
 1.66255e-07
 1.53386e-07
 1.41947e-07
 1.31735e-07
 1.16973e-06
 9.69278e-07
 8.13815e-07
 6.91493e-07
 5.93883e-07
 5.14963e-07
 4.50376e-07
 3.96933e-07
 3.52265e-07
 3.14587e-07
 2.82537e-07
 2.55067e-07
 2.31357e-07
 2.10758e-07
 1.92758e-07
 1.76941e-07
 1.62971e-07
 1.50576e-07
 1.39529e-07
 1.29643e-07
 9.99027e-07
 8.49457e-07
 7.27690e-07
 6.28236e-07
 5.46511e-07
 4.78862e-07
 4.22430e-07
 3.74992e-07
 3.34817e-07
 3.00550e-07
 2.71125e-07
 2.45699e-07
 2.23597e-07
 2.04280e-07
 1.87308e-07
 1.72324e-07
 1.59036e-07
 1.47200e-07
 1.36618e-07
 1.27119e-07
 8.41899e-07
 7.34488e-07
 6.42320e-07
 5.63889e-07
 4.97302e-07
 4.40713e-07
 3.92475e-07
 3.51192e-07
 3.15699e-07
 2.85037e-07
 2.58420e-07
 2.35202e-07
 2.14856e-07
 1.96946e-07
 1.81113e-07
 1.67057e-07
 1.54530e-07
 1.43326e-07
 1.33267e-07
 1.24208e-07
 7.03975e-07
 6.29349e-07
 5.61619e-07
 5.01395e-07
 4.48436e-07
 4.02122e-07
 3.61700e-07
 3.26417e-07
 2.95574e-07
 2.68550e-07
 2.44804e-07
 2.23873e-07
 2.05362e-07
 1.88937e-07
 1.74313e-07
 1.61251e-07
 1.49546e-07
 1.39023e-07
 1.29536e-07
 1.20958e-07
 5.86646e-07
 5.36381e-07
 4.87920e-07
 4.42764e-07
 4.01542e-07
 3.64373e-07
 3.31103e-07
 3.01441e-07
 2.75042e-07
 2.51554e-07
 2.30641e-07
 2.11995e-07
 1.95339e-07
 1.80430e-07
 1.67053e-07
 1.55021e-07
 1.44174e-07
 1.34370e-07
 1.25486e-07
 1.17418e-07
 4.88791e-07
 4.56050e-07
 4.22273e-07
 3.89161e-07
 3.57700e-07
 3.28399e-07
 3.01460e-07
 2.76895e-07
 2.54612e-07
 2.34458e-07
 2.16259e-07
 1.99831e-07
 1.84999e-07
 1.71596e-07
 1.59469e-07
 1.48481e-07
 1.38508e-07
 1.29440e-07
 1.21180e-07
 1.13642e-07
