scalar
part
         1
quad4
 6.44420e-07
 5.89825e-07
 5.36913e-07
 4.87327e-07
 4.41837e-07
 4.00667e-07
 3.63718e-07
 3.30720e-07
 3.01326e-07
 2.75167e-07
 2.51881e-07
 2.31131e-07
 2.12614e-07
 1.96055e-07
 1.81218e-07
 1.67891e-07
 1.55892e-07
 1.45064e-07
 1.35267e-07
 1.26383e-07
 7.58143e-07
 6.80725e-07
 6.09277e-07
 5.44924e-07
 4.87791e-07
 4.37480e-07
 3.93357e-07
 3.54719e-07
 3.20874e-07
 2.91185e-07
 2.65085e-07
 2.42079e-07
 2.21742e-07
 2.03708e-07
 1.87666e-07
 1.73352e-07
 1.60539e-07
 1.49035e-07
 1.38676e-07
 1.29320e-07
 8.91344e-07
 7.83256e-07
 6.88269e-07
 6.06039e-07
 5.35371e-07
 4.74794e-07
 4.22850e-07
 3.78217e-07
 3.39742e-07
 3.06452e-07
 2.77528e-07
 2.52292e-07
 2.30179e-07
 2.10722e-07
 1.93531e-07
 1.78283e-07
 1.64707e-07
 1.52574e-07
 1.41695e-07
 1.31907e-07
 1.04357e-06
 8.95599e-07
 7.71793e-07
 6.68746e-07
 5.82959e-07
 5.11309e-07
 4.51175e-07
 4.00416e-07
 3.57314e-07
 3.20489e-07
 2.88839e-07
 2.61479e-07
 2.37698e-07
 2.16918e-07
 1.98670e-07
 1.82571e-07
 1.68304e-07
 1.55608e-07
 1.44266e-07
 1.34096e-07
 1.21081e-06
 1.01346e-06
 8.56175e-07
 7.30150e-07
 6.28358e-07
 5.45383e-07
 4.77107e-07
 4.20408e-07
 3.72907e-07
 3.32783e-07
 2.98628e-07
 2.69344e-07
 2.44068e-07
 2.22117e-07
 2.02943e-07
 1.86105e-07
 1.71244e-07
 1.58068e-07
 1.46334e-07
 1.35842e-07
 1.38347e-06
 1.12935e-06
 9.35970e-07
 7.86402e-07
 6.68865e-07
 5.75111e-07
 4.99296e-07
 4.37221e-07
 3.85819e-07
 3.42819e-07
 3.06513e-07
 2.75599e-07
 2.49075e-07
 2.26155e-07
 2.06223e-07
 1.88787e-07
 1.73450e-07
 1.59891e-07
 1.47848e-07
 1.37105e-07
 1.54500e-06
 1.23246e-06
 1.00421e-06
 8.32982e-07
 7.01503e-07
 5.98499e-07
 5.16382e-07
 4.49913e-07
 3.95385e-07
 3.50121e-07
 3.12149e-07
 2.79991e-07
 2.52527e-07
 2.28889e-07
 2.08402e-07
 1.90533e-07
 1.74855e-07
 1.61027e-07
 1.48769e-07
 1.37854e-07
 1.67276e-06
 1.30989e-06
 1.05333e-06
 8.65303e-07
 7.23408e-07
 6.13707e-07
 5.27152e-07
 4.57666e-07
 4.01042e-07
 3.54293e-07
 3.15253e-07
 2.82316e-07
 2.54275e-07
 2.30206e-07
 2.09395e-07
 1.91279e-07
 1.75412e-07
 1.61438e-07
 1.49068e-07
 1.38065e-07
 1.74316e-06
 1.34952e-06
 1.07673e-06
 8.79583e-07
 7.32317e-07
 6.19331e-07
 5.30708e-07
 4.59889e-07
 4.02392e-07
 3.55063e-07
 3.15635e-07
 2.82437e-07
 2.54221e-07
 2.30036e-07
 2.09149e-07
 1.90985e-07
 1.75091e-07
 1.61102e-07
 1.48727e-07
 1.37725e-07
 1.74016e-06
 1.34377e-06
 1.07053e-06
 8.73712e-07
 7.27023e-07
 6.14653e-07
 5.26608e-07
 4.56304e-07
 3.99255e-07
 3.52313e-07
 3.13215e-07
 2.80302e-07
 2.52329e-07
 2.28355e-07
 2.07648e-07
 1.89641e-07
 1.73883e-07
 1.60014e-07
 1.47742e-07
 1.36832e-07
 1.66263e-06
 1.29245e-06
 1.03478e-06
 8.47809e-07
 7.07650e-07
 5.99784e-07
 5.14946e-07
 4.46988e-07
 3.91695e-07
 3.46094e-07
 3.08037e-07
 2.75944e-07
 2.48628e-07
 2.25184e-07
 2.04912e-07
 1.87263e-07
 1.71803e-07
 1.58183e-07
 1.46124e-07
 1.35394e-07
 1.52477e-06
 1.20275e-06
 9.73455e-07
 8.04205e-07
 6.75641e-07
 5.75654e-07
 4.96344e-07
 4.32370e-07
 3.80015e-07
 3.36624e-07
 3.00262e-07
 2.69486e-07
 2.43210e-07
 2.20596e-07
 2.00995e-07
 1.83894e-07
 1.68885e-07
 1.55641e-07
 1.43895e-07
 1.33430e-07
 1.34940e-06
 1.08666e-06
 8.93277e-07
 7.46887e-07
 6.33467e-07
 5.43856e-07
 4.71862e-07
 4.13175e-07
 3.64724e-07
 3.24271e-07
 2.90156e-07
 2.61127e-07
 2.36225e-07
 2.14706e-07
 1.95987e-07
 1.79604e-07
 1.65185e-07
 1.52430e-07
 1.41092e-07
 1.30969e-07
 1.15975e-06
 9.57297e-07
 8.02012e-07
 6.80631e-07
 5.84172e-07
 5.06390e-07
 4.42851e-07
 3.90338e-07
 3.46482e-07
 3.09509e-07
 2.78069e-07
 2.51125e-07
 2.27869e-07
 2.07665e-07
 1.90006e-07
 1.74486e-07
 1.60777e-07
 1.48609e-07
 1.37761e-07
 1.28050e-07
 9.74225e-07
 8.26167e-07
 7.06953e-07
 6.10166e-07
 5.30890e-07
 4.65380e-07
 4.10779e-07
 3.64894e-07
 3.26034e-07
 2.92881e-07
 2.64403e-07
 2.39784e-07
 2.18374e-07
 1.99650e-07
 1.83189e-07
 1.68649e-07
 1.55746e-07
 1.44247e-07
 1.33958e-07
 1.24719e-07
 8.04760e-07
 7.01701e-07
 6.13960e-07
 5.39555e-07
 4.76458e-07
 4.22827e-07
 3.77077e-07
 3.37880e-07
 3.04139e-07
 2.74953e-07
 2.49584e-07
 2.27427e-07
 2.07987e-07
 1.90853e-07
 1.75688e-07
 1.62211e-07
 1.50187e-07
 1.39421e-07
 1.29747e-07
 1.21025e-07
 6.57261e-07
 5.89049e-07
 5.27095e-07
 4.71880e-07
 4.23178e-07
 3.80442e-07
 3.43019e-07
 3.10249e-07
 2.81516e-07
 2.56270e-07
 2.34029e-07
 2.14378e-07
 1.96961e-07
 1.81475e-07
 1.67661e-07
 1.55300e-07
 1.44204e-07
 1.34214e-07
 1.25193e-07
 1.17025e-07
 5.33152e-07
 4.90558e-07
 4.48710e-07
 4.09186e-07
 3.72722e-07
 3.39556e-07
 3.09649e-07
 2.82815e-07
 2.58800e-07
 2.37329e-07
 2.18129e-07
 2.00944e-07
 1.85541e-07
 1.71709e-07
 1.59263e-07
 1.48040e-07
 1.37897e-07
 1.28709e-07
 1.20367e-07
 1.12775e-07
 4.31087e-07
 4.06557e-07
 3.79771e-07
 3.52594e-07
 3.26158e-07
 3.01104e-07
 2.77753e-07
 2.56225e-07
 2.36518e-07
 2.18555e-07
 2.02227e-07
 1.87402e-07
 1.73949e-07
 1.61737e-07
 1.50643e-07
 1.40554e-07
 1.31367e-07
 1.22989e-07
 1.15335e-07
 1.08332e-07
 3.48364e-07
 3.36136e-07
 3.20270e-07
 3.02506e-07
 2.84040e-07
 2.65662e-07
 2.47870e-07
 2.30957e-07
 2.15077e-07
 2.00294e-07
 1.86610e-07
 1.73992e-07
 1.62385e-07
 1.51724e-07
 1.41938e-07
 1.32955e-07
 1.24708e-07
 1.17132e-07
 1.10165e-07
 1.03752e-07
