scalar
part
         1
quad4
 6.53410e-07
 5.97333e-07
 5.43134e-07
 4.92459e-07
 4.46064e-07
 4.04149e-07
 3.66591e-07
 3.33096e-07
 3.03297e-07
 2.76808e-07
 2.53251e-07
 2.32280e-07
 2.13579e-07
 1.96870e-07
 1.81906e-07
 1.68475e-07
 1.56389e-07
 1.45487e-07
 1.35628e-07
 1.26692e-07
 7.68373e-07
 6.89017e-07
 6.15961e-07
 5.50301e-07
 4.92119e-07
 4.40972e-07
 3.96185e-07
 3.57017e-07
 3.22750e-07
 2.92723e-07
 2.66352e-07
 2.43127e-07
 2.22611e-07
 2.04432e-07
 1.88271e-07
 1.73858e-07
 1.60964e-07
 1.49392e-07
 1.38976e-07
 1.29573e-07
 9.02874e-07
 7.92276e-07
 6.95309e-07
 6.11543e-07
 5.39689e-07
 4.78198e-07
 4.25550e-07
 3.80370e-07
 3.41469e-07
 3.07844e-07
 2.78656e-07
 2.53210e-07
 2.30930e-07
 2.11337e-07
 1.94037e-07
 1.78699e-07
 1.65050e-07
 1.52857e-07
 1.41929e-07
 1.32099e-07
 1.05631e-06
 9.05158e-07
 7.78984e-07
 6.74189e-07
 5.87110e-07
 5.14499e-07
 4.53646e-07
 4.02345e-07
 3.58829e-07
 3.21687e-07
 2.89790e-07
 2.62239e-07
 2.38305e-07
 2.17405e-07
 1.99061e-07
 1.82885e-07
 1.68556e-07
 1.55809e-07
 1.44426e-07
 1.34222e-07
 1.22440e-06
 1.02317e-06
 8.63182e-07
 7.35265e-07
 6.32135e-07
 5.48202e-07
 4.79233e-07
 4.22024e-07
 3.74144e-07
 3.33736e-07
 2.99364e-07
 2.69914e-07
 2.44510e-07
 2.22459e-07
 2.03206e-07
 1.86306e-07
 1.71396e-07
 1.58179e-07
 1.46414e-07
 1.35896e-07
 1.39710e-06
 1.13856e-06
 9.42306e-07
 7.90840e-07
 6.72021e-07
 5.77384e-07
 5.00950e-07
 4.38434e-07
 3.86713e-07
 3.43478e-07
 3.06998e-07
 2.75954e-07
 2.49330e-07
 2.26336e-07
 2.06346e-07
 1.88865e-07
 1.73493e-07
 1.59907e-07
 1.47844e-07
 1.37084e-07
 1.55724e-06
 1.24022e-06
 1.00926e-06
 8.36338e-07
 7.03769e-07
 6.00044e-07
 5.17441e-07
 4.50636e-07
 3.95873e-07
 3.50442e-07
 3.12350e-07
 2.80106e-07
 2.52578e-07
 2.28894e-07
 2.08373e-07
 1.90479e-07
 1.74784e-07
 1.60943e-07
 1.48677e-07
 1.37755e-07
 1.68167e-06
 1.31508e-06
 1.05643e-06
 8.67173e-07
 7.24531e-07
 6.14362e-07
 5.27508e-07
 4.57827e-07
 4.01075e-07
 3.54242e-07
 3.15145e-07
 2.82172e-07
 2.54109e-07
 2.30027e-07
 2.09208e-07
 1.91089e-07
 1.75223e-07
 1.61251e-07
 1.48884e-07
 1.37886e-07
 1.74668e-06
 1.35108e-06
 1.07730e-06
 8.79642e-07
 7.32105e-07
 6.18977e-07
 5.30286e-07
 4.59439e-07
 4.01937e-07
 3.54617e-07
 3.15204e-07
 2.82025e-07
 2.53830e-07
 2.29667e-07
 2.08800e-07
 1.90657e-07
 1.74781e-07
 1.60810e-07
 1.48451e-07
 1.37465e-07
 1.73699e-06
 1.34110e-06
 1.06828e-06
 8.71803e-07
 7.25389e-07
 6.13242e-07
 5.25380e-07
 4.55227e-07
 3.98303e-07
 3.51466e-07
 3.12458e-07
 2.79620e-07
 2.51713e-07
 2.27795e-07
 2.07137e-07
 1.89173e-07
 1.73453e-07
 1.59617e-07
 1.47375e-07
 1.36492e-07
 1.65292e-06
 1.28566e-06
 1.02979e-06
 8.43990e-07
 7.04638e-07
 5.97348e-07
 5.12936e-07
 4.45302e-07
 3.90260e-07
 3.44858e-07
 3.06961e-07
 2.74999e-07
 2.47792e-07
 2.24438e-07
 2.04242e-07
 1.86659e-07
 1.71255e-07
 1.57685e-07
 1.45667e-07
 1.34975e-07
 1.51011e-06
 1.19267e-06
 9.66176e-07
 7.98748e-07
 6.71419e-07
 5.72303e-07
 4.93627e-07
 4.30127e-07
 3.78135e-07
 3.35027e-07
 2.98889e-07
 2.68294e-07
 2.42166e-07
 2.19675e-07
 2.00175e-07
 1.83160e-07
 1.68225e-07
 1.55044e-07
 1.43353e-07
 1.32935e-07
 1.33210e-06
 1.07450e-06
 8.84408e-07
 7.40208e-07
 6.28298e-07
 5.39762e-07
 4.68554e-07
 4.10456e-07
 3.62456e-07
 3.22354e-07
 2.88517e-07
 2.59711e-07
 2.34991e-07
 2.13623e-07
 1.95029e-07
 1.78751e-07
 1.64421e-07
 1.51741e-07
 1.40468e-07
 1.30403e-07
 1.14192e-06
 9.44309e-07
 7.92305e-07
 6.73201e-07
 5.78360e-07
 5.01756e-07
 4.39091e-07
 3.87241e-07
 3.43897e-07
 3.07324e-07
 2.76202e-07
 2.49515e-07
 2.26469e-07
 2.06437e-07
 1.88922e-07
 1.73523e-07
 1.59916e-07
 1.47835e-07
 1.37062e-07
 1.27417e-07
 9.57313e-07
 8.13326e-07
 6.97063e-07
 6.02426e-07
 5.24736e-07
 4.60414e-07
 4.06714e-07
 3.61525e-07
 3.23208e-07
 2.90486e-07
 2.62353e-07
 2.38014e-07
 2.16832e-07
 1.98298e-07
 1.81996e-07
 1.67589e-07
 1.54799e-07
 1.43397e-07
 1.33192e-07
 1.24024e-07
 7.89509e-07
 6.89637e-07
 6.04365e-07
 5.31858e-07
 4.70221e-07
 4.17718e-07
 3.72847e-07
 3.34342e-07
 3.01151e-07
 2.72406e-07
 2.47395e-07
 2.25531e-07
 2.06332e-07
 1.89400e-07
 1.74404e-07
 1.61069e-07
 1.49167e-07
 1.38505e-07
 1.28920e-07
 1.20276e-07
 6.43903e-07
 5.78076e-07
 5.18094e-07
 4.64477e-07
 4.17056e-07
 3.75346e-07
 3.38744e-07
 3.06635e-07
 2.78437e-07
 2.53628e-07
 2.31745e-07
 2.12391e-07
 1.95221e-07
 1.79942e-07
 1.66303e-07
 1.54090e-07
 1.43121e-07
 1.33241e-07
 1.24315e-07
 1.16229e-07
 5.21624e-07
 4.80771e-07
 4.40453e-07
 4.02231e-07
 3.66855e-07
 3.34589e-07
 3.05425e-07
 2.79203e-07
 2.55694e-07
 2.34642e-07
 2.15791e-07
 1.98899e-07
 1.83741e-07
 1.70117e-07
 1.57849e-07
 1.46777e-07
 1.36765e-07
 1.27689e-07
 1.19445e-07
 1.11938e-07
 4.21196e-07
 3.97922e-07
 3.72302e-07
 3.46164e-07
 3.20630e-07
 2.96349e-07
 2.73653e-07
 2.52678e-07
 2.33436e-07
 2.15867e-07
 1.99871e-07
 1.85328e-07
 1.72115e-07
 1.60108e-07
 1.49190e-07
 1.39253e-07
 1.30196e-07
 1.21932e-07
 1.14378e-07
 1.07462e-07
 3.39878e-07
 3.28555e-07
 3.13570e-07
 2.96624e-07
 2.78895e-07
 2.61168e-07
 2.43943e-07
 2.27519e-07
 2.12061e-07
 1.97640e-07
 1.84267e-07
 1.71916e-07
 1.60539e-07
 1.50076e-07
 1.40461e-07
 1.31628e-07
 1.23511e-07
 1.16048e-07
 1.09181e-07
 1.02856e-07
