scalar
part
         1
quad4
 3.48052e-07
 3.35042e-07
 3.18646e-07
 3.00540e-07
 2.81871e-07
 2.63390e-07
 2.45563e-07
 2.28664e-07
 2.12829e-07
 1.98111e-07
 1.84506e-07
 1.71973e-07
 1.60454e-07
 1.49881e-07
 1.40182e-07
 1.31284e-07
 1.23118e-07
 1.15619e-07
 1.08726e-07
 1.02383e-07
 4.29448e-07
 4.04210e-07
 3.77007e-07
 3.49615e-07
 3.23101e-07
 2.98059e-07
 2.74778e-07
 2.53354e-07
 2.33769e-07
 2.15939e-07
 1.99745e-07
 1.85054e-07
 1.71731e-07
 1.59642e-07
 1.48666e-07
 1.38687e-07
 1.29603e-07
 1.21322e-07
 1.13759e-07
 1.06840e-07
 5.29615e-07
 4.86521e-07
 4.44479e-07
 4.04954e-07
 3.68602e-07
 3.35611e-07
 3.05912e-07
 2.79297e-07
 2.55501e-07
 2.34243e-07
 2.15244e-07
 1.98248e-07
 1.83021e-07
 1.69352e-07
 1.57056e-07
 1.45971e-07
 1.35956e-07
 1.26885e-07
 1.18650e-07
 1.11158e-07
 6.51070e-07
 5.82786e-07
 5.21024e-07
 4.66135e-07
 4.17814e-07
 3.75473e-07
 3.38433e-07
 3.06024e-07
 2.77625e-07
 2.52684e-07
 2.30720e-07
 2.11320e-07
 1.94130e-07
 1.78848e-07
 1.65220e-07
 1.53026e-07
 1.42083e-07
 1.32231e-07
 1.23337e-07
 1.15283e-07
 7.94979e-07
 6.92601e-07
 6.05653e-07
 5.32040e-07
 4.69684e-07
 4.16724e-07
 3.71571e-07
 3.32901e-07
 2.99624e-07
 2.70846e-07
 2.45837e-07
 2.23998e-07
 2.04839e-07
 1.87955e-07
 1.73012e-07
 1.59733e-07
 1.47887e-07
 1.37281e-07
 1.27751e-07
 1.19160e-07
 9.59793e-07
 8.13604e-07
 6.96040e-07
 6.00661e-07
 5.22573e-07
 4.58063e-07
 4.04304e-07
 3.59133e-07
 3.20880e-07
 2.88246e-07
 2.60216e-07
 2.35984e-07
 2.14910e-07
 1.96481e-07
 1.80280e-07
 1.65969e-07
 1.53270e-07
 1.41952e-07
 1.31827e-07
 1.22733e-07
 1.13965e-06
 9.40748e-07
 7.88220e-07
 6.68996e-07
 5.74242e-07
 4.97828e-07
 4.35397e-07
 3.83794e-07
 3.40693e-07
 3.04353e-07
 2.73449e-07
 2.46962e-07
 2.24099e-07
 2.04234e-07
 1.86872e-07
 1.71612e-07
 1.58131e-07
 1.46165e-07
 1.35498e-07
 1.25949e-07
 1.32297e-06
 1.06587e-06
 8.76525e-07
 7.33112e-07
 6.21944e-07
 5.34078e-07
 4.63460e-07
 4.05878e-07
 3.58328e-07
 3.18618e-07
 2.85124e-07
 2.56619e-07
 2.32163e-07
 2.11027e-07
 1.92640e-07
 1.76545e-07
 1.62379e-07
 1.49845e-07
 1.38704e-07
 1.28757e-07
 1.49212e-06
 1.17792e-06
 9.53933e-07
 7.88449e-07
 6.62652e-07
 5.64760e-07
 4.87073e-07
 4.24384e-07
 3.73062e-07
 3.30516e-07
 2.94852e-07
 2.64662e-07
 2.38880e-07
 2.16688e-07
 1.97450e-07
 1.80663e-07
 1.65929e-07
 1.52925e-07
 1.41392e-07
 1.31115e-07
 1.62493e-06
 1.26432e-06
 1.01298e-06
 8.30407e-07
 6.93432e-07
 5.87944e-07
 5.04933e-07
 4.38408e-07
 3.84259e-07
 3.39587e-07
 3.02295e-07
 2.70839e-07
 2.44060e-07
 2.21071e-07
 2.01190e-07
 1.83878e-07
 1.68712e-07
 1.55349e-07
 1.43516e-07
 1.32986e-07
 1.69953e-06
 1.31357e-06
 1.04719e-06
 8.55145e-07
 7.11899e-07
 6.02096e-07
 5.16016e-07
 4.47251e-07
 3.91428e-07
 3.45478e-07
 3.07196e-07
 2.74960e-07
 2.47558e-07
 2.24066e-07
 2.03773e-07
 1.86123e-07
 1.70674e-07
 1.57075e-07
 1.45041e-07
 1.34340e-07
 1.70211e-06
 1.31865e-06
 1.05273e-06
 8.60409e-07
 7.16663e-07
 6.06319e-07
 5.19727e-07
 4.50503e-07
 3.94278e-07
 3.47982e-07
 3.09402e-07
 2.76909e-07
 2.49286e-07
 2.25605e-07
 2.05147e-07
 1.87354e-07
 1.71781e-07
 1.58074e-07
 1.45945e-07
 1.35161e-07
 1.63342e-06
 1.27967e-06
 1.02950e-06
 8.46079e-07
 7.07608e-07
 6.00511e-07
 5.15979e-07
 4.48092e-07
 3.92753e-07
 3.47050e-07
 3.08873e-07
 2.76655e-07
 2.49219e-07
 2.25665e-07
 2.05295e-07
 1.87558e-07
 1.72022e-07
 1.58337e-07
 1.46220e-07
 1.35440e-07
 1.50873e-06
 1.20386e-06
 9.81226e-07
 8.14189e-07
 6.85903e-07
 5.85373e-07
 5.05206e-07
 4.40296e-07
 3.87031e-07
 3.42802e-07
 3.05689e-07
 2.74251e-07
 2.47394e-07
 2.24275e-07
 2.04233e-07
 1.86748e-07
 1.71405e-07
 1.57869e-07
 1.45869e-07
 1.35181e-07
 1.35090e-06
 1.10295e-06
 9.14309e-07
 7.68412e-07
 6.53750e-07
 5.62274e-07
 4.88285e-07
 4.27690e-07
 3.77502e-07
 3.35506e-07
 3.00039e-07
 2.69832e-07
 2.43908e-07
 2.21503e-07
 2.02014e-07
 1.84962e-07
 1.69960e-07
 1.56695e-07
 1.44911e-07
 1.34397e-07
 1.18203e-06
 9.89519e-07
 8.36115e-07
 7.13213e-07
 6.13939e-07
 5.33006e-07
 4.66400e-07
 4.11076e-07
 3.64717e-07
 3.25549e-07
 2.92199e-07
 2.63599e-07
 2.38909e-07
 2.17461e-07
 1.98722e-07
 1.82263e-07
 1.67734e-07
 1.54850e-07
 1.43374e-07
 1.33111e-07
 1.01838e-06
 8.74133e-07
 7.53449e-07
 6.53001e-07
 5.69373e-07
 4.99517e-07
 4.40879e-07
 3.91375e-07
 3.49328e-07
 3.13398e-07
 2.82509e-07
 2.55802e-07
 2.32582e-07
 2.12288e-07
 1.94464e-07
 1.78735e-07
 1.64794e-07
 1.52385e-07
 1.41298e-07
 1.31354e-07
 8.69400e-07
 7.64151e-07
 6.71640e-07
 5.91540e-07
 5.22692e-07
 4.63666e-07
 4.13042e-07
 3.69534e-07
 3.32021e-07
 2.99555e-07
 2.71342e-07
 2.46720e-07
 2.25140e-07
 2.06148e-07
 1.89364e-07
 1.74474e-07
 1.61214e-07
 1.49362e-07
 1.38732e-07
 1.29166e-07
 7.39052e-07
 6.63788e-07
 5.94287e-07
 5.31662e-07
 4.76045e-07
 4.27057e-07
 3.84083e-07
 3.46442e-07
 3.13461e-07
 2.84524e-07
 2.59078e-07
 2.36645e-07
 2.16808e-07
 1.99214e-07
 1.83560e-07
 1.69589e-07
 1.57080e-07
 1.45847e-07
 1.35730e-07
 1.26591e-07
 6.27797e-07
 5.74832e-07
 5.23444e-07
 4.75249e-07
 4.31013e-07
 3.90960e-07
 3.55001e-07
 3.22877e-07
 2.94253e-07
 2.68771e-07
 2.46083e-07
 2.25860e-07
 2.07808e-07
 1.91662e-07
 1.77190e-07
 1.64189e-07
 1.52482e-07
 1.41913e-07
 1.32350e-07
 1.23676e-07
