scalar
part
         1
quad4
 4.24991e-07
 4.00376e-07
 3.73960e-07
 3.47340e-07
 3.21508e-07
 2.97036e-07
 2.74212e-07
 2.53146e-07
 2.33834e-07
 2.16207e-07
 2.00160e-07
 1.85572e-07
 1.72316e-07
 1.60269e-07
 1.49314e-07
 1.39342e-07
 1.30253e-07
 1.21959e-07
 1.14377e-07
 1.07436e-07
 5.13672e-07
 4.74125e-07
 4.34989e-07
 3.97770e-07
 3.63217e-07
 3.31617e-07
 3.02982e-07
 2.77180e-07
 2.54003e-07
 2.33212e-07
 2.14566e-07
 1.97835e-07
 1.82805e-07
 1.69282e-07
 1.57093e-07
 1.46086e-07
 1.36124e-07
 1.27090e-07
 1.18879e-07
 1.11401e-07
 6.20819e-07
 5.60258e-07
 5.04218e-07
 4.53560e-07
 4.08375e-07
 3.68366e-07
 3.33068e-07
 3.01964e-07
 2.74549e-07
 2.50351e-07
 2.28951e-07
 2.09979e-07
 1.93116e-07
 1.78085e-07
 1.64648e-07
 1.52602e-07
 1.41771e-07
 1.32005e-07
 1.23177e-07
 1.15173e-07
 7.48041e-07
 6.58837e-07
 5.81048e-07
 5.13893e-07
 4.56153e-07
 4.06531e-07
 3.63820e-07
 3.26954e-07
 2.95021e-07
 2.67255e-07
 2.43013e-07
 2.21760e-07
 2.03051e-07
 1.86516e-07
 1.71846e-07
 1.58780e-07
 1.47103e-07
 1.36630e-07
 1.27206e-07
 1.18700e-07
 8.95034e-07
 7.68413e-07
 6.63795e-07
 5.77207e-07
 5.05220e-07
 4.45023e-07
 3.94365e-07
 3.51456e-07
 3.14875e-07
 2.83494e-07
 2.56411e-07
 2.32905e-07
 2.12392e-07
 1.94401e-07
 1.78545e-07
 1.64508e-07
 1.52028e-07
 1.40888e-07
 1.30906e-07
 1.21930e-07
 1.05813e-06
 8.85325e-07
 7.49377e-07
 6.41065e-07
 5.53703e-07
 4.82419e-07
 4.23626e-07
 3.74652e-07
 3.33483e-07
 2.98585e-07
 2.68774e-07
 2.43125e-07
 2.20913e-07
 2.01561e-07
 1.84605e-07
 1.69671e-07
 1.56454e-07
 1.44705e-07
 1.34215e-07
 1.24813e-07
 1.22883e-06
 1.00318e-06
 8.33172e-07
 7.02162e-07
 5.99237e-07
 5.17015e-07
 4.50364e-07
 3.95633e-07
 3.50174e-07
 3.12026e-07
 2.79719e-07
 2.52129e-07
 2.28389e-07
 2.07820e-07
 1.89886e-07
 1.74160e-07
 1.60294e-07
 1.48010e-07
 1.37076e-07
 1.27304e-07
 1.39314e-06
 1.11289e-06
 9.09208e-07
 7.56518e-07
 6.39126e-07
 5.46951e-07
 4.73274e-07
 4.13470e-07
 3.64272e-07
 3.23322e-07
 2.88879e-07
 2.59639e-07
 2.34607e-07
 2.13015e-07
 1.94263e-07
 1.77874e-07
 1.63469e-07
 1.50740e-07
 1.39439e-07
 1.29359e-07
 1.53262e-06
 1.20354e-06
 9.70809e-07
 7.99916e-07
 6.70626e-07
 5.70399e-07
 4.91109e-07
 4.27291e-07
 3.75161e-07
 3.32025e-07
 2.95926e-07
 2.65410e-07
 2.39383e-07
 2.17005e-07
 1.97624e-07
 1.80728e-07
 1.65910e-07
 1.52842e-07
 1.41259e-07
 1.30944e-07
 1.62754e-06
 1.26425e-06
 1.01166e-06
 8.28528e-07
 6.91328e-07
 5.85791e-07
 5.02819e-07
 4.36379e-07
 3.82335e-07
 3.37775e-07
 3.00595e-07
 2.69248e-07
 2.42571e-07
 2.19678e-07
 1.99886e-07
 1.82656e-07
 1.67566e-07
 1.54273e-07
 1.42503e-07
 1.32033e-07
 1.66196e-06
 1.28673e-06
 1.02713e-06
 8.39617e-07
 6.99547e-07
 5.92050e-07
 5.07694e-07
 4.40249e-07
 3.85459e-07
 3.40332e-07
 3.02715e-07
 2.71025e-07
 2.44075e-07
 2.20962e-07
 2.00991e-07
 1.83614e-07
 1.68401e-07
 1.55006e-07
 1.43151e-07
 1.32607e-07
 1.62922e-06
 1.26761e-06
 1.01538e-06
 8.32127e-07
 6.94635e-07
 5.88761e-07
 5.05458e-07
 4.38714e-07
 3.84400e-07
 3.39602e-07
 3.02216e-07
 2.70689e-07
 2.43855e-07
 2.20827e-07
 2.00916e-07
 1.83583e-07
 1.68402e-07
 1.55030e-07
 1.43191e-07
 1.32658e-07
 1.53515e-06
 1.20980e-06
 9.77985e-07
 8.06943e-07
 6.77120e-07
 5.76250e-07
 4.96319e-07
 4.31909e-07
 3.79248e-07
 3.35646e-07
 2.99139e-07
 2.68269e-07
 2.41933e-07
 2.19287e-07
 1.99672e-07
 1.82572e-07
 1.67574e-07
 1.54348e-07
 1.42627e-07
 1.32189e-07
 1.39633e-06
 1.12171e-06
 9.19523e-07
 7.66717e-07
 6.48605e-07
 5.55524e-07
 4.80929e-07
 4.20269e-07
 3.70301e-07
 3.28670e-07
 2.93631e-07
 2.63871e-07
 2.38386e-07
 2.16400e-07
 1.97302e-07
 1.80612e-07
 1.65942e-07
 1.52981e-07
 1.41474e-07
 1.31213e-07
 1.23396e-06
 1.01470e-06
 8.46450e-07
 7.15292e-07
 6.11471e-07
 5.28109e-07
 4.60296e-07
 4.04476e-07
 3.58031e-07
 3.19009e-07
 2.85934e-07
 2.57672e-07
 2.33345e-07
 2.12263e-07
 1.93881e-07
 1.77762e-07
 1.63551e-07
 1.50963e-07
 1.39760e-07
 1.29750e-07
 1.06730e-06
 9.00098e-07
 7.65614e-07
 6.56937e-07
 5.68461e-07
 4.95815e-07
 4.35643e-07
 3.85373e-07
 3.43031e-07
 3.07088e-07
 2.76355e-07
 2.49899e-07
 2.26979e-07
 2.07007e-07
 1.89508e-07
 1.74097e-07
 1.60461e-07
 1.48340e-07
 1.37523e-07
 1.27831e-07
 9.09898e-07
 7.86985e-07
 6.83029e-07
 5.95658e-07
 5.22275e-07
 4.60492e-07
 4.08258e-07
 3.63875e-07
 3.25958e-07
 2.93385e-07
 2.65249e-07
 2.40816e-07
 2.19490e-07
 2.00785e-07
 1.84301e-07
 1.69711e-07
 1.56743e-07
 1.45172e-07
 1.34808e-07
 1.25493e-07
 7.69143e-07
 6.81395e-07
 6.03209e-07
 5.34728e-07
 4.75269e-07
 4.23835e-07
 3.79369e-07
 3.40876e-07
 3.07472e-07
 2.78393e-07
 2.52987e-07
 2.30707e-07
 2.11095e-07
 1.93764e-07
 1.78391e-07
 1.64707e-07
 1.52482e-07
 1.41524e-07
 1.31669e-07
 1.22779e-07
 6.47667e-07
 5.86534e-07
 5.29054e-07
 4.76512e-07
 4.29285e-07
 3.87254e-07
 3.50046e-07
 3.17190e-07
 2.88194e-07
 2.62585e-07
 2.39933e-07
 2.19854e-07
 2.02013e-07
 1.86117e-07
 1.71916e-07
 1.59194e-07
 1.47763e-07
 1.37466e-07
 1.28163e-07
 1.19737e-07
 5.45143e-07
 5.03503e-07
 4.62077e-07
 4.22496e-07
 3.85624e-07
 3.51824e-07
 3.21157e-07
 2.93506e-07
 2.68666e-07
 2.46391e-07
 2.26426e-07
 2.08524e-07
 1.92457e-07
 1.78015e-07
 1.65012e-07
 1.53282e-07
 1.42677e-07
 1.33071e-07
 1.24349e-07
 1.16414e-07
