scalar
part
         1
quad4
 3.73453e-07
 3.56860e-07
 3.37369e-07
 3.16626e-07
 2.95728e-07
 2.75367e-07
 2.55960e-07
 2.37727e-07
 2.20767e-07
 2.05095e-07
 1.90678e-07
 1.77452e-07
 1.65339e-07
 1.54254e-07
 1.44112e-07
 1.34829e-07
 1.26327e-07
 1.18534e-07
 1.11382e-07
 1.04811e-07
 4.57688e-07
 4.27971e-07
 3.97031e-07
 3.66551e-07
 3.37493e-07
 3.10357e-07
 2.85346e-07
 2.62490e-07
 2.41713e-07
 2.22885e-07
 2.05852e-07
 1.90450e-07
 1.76522e-07
 1.63917e-07
 1.52496e-07
 1.42134e-07
 1.32717e-07
 1.24144e-07
 1.16326e-07
 1.09183e-07
 5.60773e-07
 5.12135e-07
 4.65644e-07
 4.22559e-07
 3.83355e-07
 3.48072e-07
 3.16516e-07
 2.88389e-07
 2.63353e-07
 2.41068e-07
 2.21216e-07
 2.03503e-07
 1.87671e-07
 1.73488e-07
 1.60753e-07
 1.49291e-07
 1.38949e-07
 1.29594e-07
 1.21112e-07
 1.13402e-07
 6.85005e-07
 6.09979e-07
 5.43027e-07
 4.84128e-07
 4.32685e-07
 3.87891e-07
 3.48905e-07
 3.14934e-07
 2.85271e-07
 2.59297e-07
 2.36481e-07
 2.16372e-07
 1.98588e-07
 1.82804e-07
 1.68749e-07
 1.56189e-07
 1.44931e-07
 1.34807e-07
 1.25674e-07
 1.17413e-07
 8.31180e-07
 7.20832e-07
 6.28015e-07
 5.50025e-07
 4.84355e-07
 4.28849e-07
 3.81711e-07
 3.41474e-07
 3.06942e-07
 2.77149e-07
 2.51310e-07
 2.28784e-07
 2.09053e-07
 1.91688e-07
 1.76337e-07
 1.62711e-07
 1.50566e-07
 1.39702e-07
 1.29948e-07
 1.21161e-07
 9.97220e-07
 8.42010e-07
 7.18092e-07
 6.18131e-07
 5.36663e-07
 4.69608e-07
 4.13897e-07
 3.67202e-07
 3.27741e-07
 2.94139e-07
 2.65320e-07
 2.40441e-07
 2.18830e-07
 1.99950e-07
 1.83369e-07
 1.68734e-07
 1.55757e-07
 1.44200e-07
 1.33866e-07
 1.24591e-07
 1.17662e-06
 9.68134e-07
 8.09126e-07
 6.85362e-07
 5.87332e-07
 5.08489e-07
 4.44217e-07
 3.91191e-07
 3.46971e-07
 3.09736e-07
 2.78109e-07
 2.51029e-07
 2.27675e-07
 2.07401e-07
 1.89692e-07
 1.74138e-07
 1.60405e-07
 1.48222e-07
 1.37366e-07
 1.27652e-07
 1.35724e-06
 1.09081e-06
 8.95362e-07
 7.47759e-07
 6.33611e-07
 5.43557e-07
 4.71294e-07
 4.12446e-07
 3.63903e-07
 3.23403e-07
 2.89271e-07
 2.60243e-07
 2.35354e-07
 2.13857e-07
 1.95164e-07
 1.78810e-07
 1.64421e-07
 1.51695e-07
 1.40387e-07
 1.30295e-07
 1.52125e-06
 1.19901e-06
 9.69832e-07
 8.00820e-07
 6.72523e-07
 5.72801e-07
 4.93738e-07
 4.29990e-07
 3.77838e-07
 3.34628e-07
 2.98428e-07
 2.67797e-07
 2.41650e-07
 2.19153e-07
 1.99655e-07
 1.82648e-07
 1.67724e-07
 1.54556e-07
 1.42880e-07
 1.32478e-07
 1.64698e-06
 1.28047e-06
 1.02529e-06
 8.40085e-07
 7.01230e-07
 5.94357e-07
 5.10294e-07
 4.42954e-07
 3.88161e-07
 3.42971e-07
 3.05257e-07
 2.73453e-07
 2.46383e-07
 2.23149e-07
 2.03059e-07
 1.85569e-07
 1.70248e-07
 1.56751e-07
 1.44799e-07
 1.34166e-07
 1.71368e-06
 1.32428e-06
 1.05560e-06
 8.61923e-07
 7.17483e-07
 6.06777e-07
 5.19999e-07
 4.50681e-07
 3.94414e-07
 3.48102e-07
 3.09519e-07
 2.77032e-07
 2.49417e-07
 2.25744e-07
 2.05295e-07
 1.87510e-07
 1.71943e-07
 1.58240e-07
 1.46115e-07
 1.35334e-07
 1.70873e-06
 1.32408e-06
 1.05729e-06
 8.64305e-07
 7.20032e-07
 6.09263e-07
 5.22322e-07
 4.52807e-07
 3.96339e-07
 3.49836e-07
 3.11078e-07
 2.78432e-07
 2.50676e-07
 2.26878e-07
 2.06318e-07
 1.88434e-07
 1.72781e-07
 1.59001e-07
 1.46808e-07
 1.35966e-07
 1.63370e-06
 1.28046e-06
 1.03057e-06
 8.47302e-07
 7.08890e-07
 6.01797e-07
 5.17238e-07
 4.49305e-07
 3.93911e-07
 3.48149e-07
 3.09912e-07
 2.77635e-07
 2.50144e-07
 2.26536e-07
 2.06115e-07
 1.88332e-07
 1.72752e-07
 1.59026e-07
 1.46871e-07
 1.36056e-07
 1.50415e-06
 1.20088e-06
 9.79359e-07
 8.13085e-07
 6.85323e-07
 5.85152e-07
 5.05231e-07
 4.40488e-07
 3.87336e-07
 3.43183e-07
 3.06117e-07
 2.74709e-07
 2.47868e-07
 2.24754e-07
 2.04712e-07
 1.87222e-07
 1.71870e-07
 1.58324e-07
 1.46311e-07
 1.35610e-07
 1.34287e-06
 1.09714e-06
 9.10114e-07
 7.65395e-07
 6.51590e-07
 5.60740e-07
 4.87213e-07
 4.26960e-07
 3.77026e-07
 3.35221e-07
 2.99896e-07
 2.69797e-07
 2.43954e-07
 2.21609e-07
 2.02166e-07
 1.85147e-07
 1.70169e-07
 1.56921e-07
 1.45149e-07
 1.34644e-07
 1.17177e-06
 9.81727e-07
 8.30194e-07
 7.08704e-07
 6.10499e-07
 5.30377e-07
 4.64390e-07
 4.09540e-07
 3.63547e-07
 3.24663e-07
 2.91535e-07
 2.63109e-07
 2.38556e-07
 2.17216e-07
 1.98564e-07
 1.82174e-07
 1.67699e-07
 1.54858e-07
 1.43417e-07
 1.33182e-07
 1.00686e-06
 8.65083e-07
 7.46336e-07
 6.47398e-07
 5.64948e-07
 4.96012e-07
 4.38095e-07
 3.89157e-07
 3.47559e-07
 3.11984e-07
 2.81380e-07
 2.54901e-07
 2.31866e-07
 2.11721e-07
 1.94019e-07
 1.78389e-07
 1.64529e-07
 1.52187e-07
 1.41155e-07
 1.31257e-07
 8.57338e-07
 7.54414e-07
 6.63780e-07
 5.85189e-07
 5.17549e-07
 4.59491e-07
 4.09643e-07
 3.66758e-07
 3.29749e-07
 2.97691e-07
 2.69808e-07
 2.45457e-07
 2.24099e-07
 2.05289e-07
 1.88657e-07
 1.73892e-07
 1.60736e-07
 1.48971e-07
 1.38414e-07
 1.28910e-07
 7.26954e-07
 6.53788e-07
 5.86033e-07
 5.24849e-07
 4.70416e-07
 4.22397e-07
 3.80217e-07
 3.43227e-07
 3.10781e-07
 2.82283e-07
 2.57200e-07
 2.35067e-07
 2.15481e-07
 1.98095e-07
 1.82616e-07
 1.68792e-07
 1.56407e-07
 1.45278e-07
 1.35250e-07
 1.26187e-07
 6.15990e-07
 5.64873e-07
 5.15063e-07
 4.68203e-07
 4.25089e-07
 3.85975e-07
 3.50799e-07
 3.19329e-07
 2.91251e-07
 2.66226e-07
 2.43919e-07
 2.24017e-07
 2.06235e-07
 1.90317e-07
 1.76038e-07
 1.63201e-07
 1.51632e-07
 1.41183e-07
 1.31722e-07
 1.23135e-07
