scalar
part
         1
quad4
 4.70196e-07
 4.38356e-07
 4.05637e-07
 3.73642e-07
 3.43294e-07
 3.15064e-07
 2.89134e-07
 2.65508e-07
 2.44087e-07
 2.24724e-07
 2.07245e-07
 1.91474e-07
 1.77238e-07
 1.64377e-07
 1.52743e-07
 1.42204e-07
 1.32640e-07
 1.23946e-07
 1.16028e-07
 1.08802e-07
 5.63145e-07
 5.14595e-07
 4.67894e-07
 4.24442e-07
 3.84816e-07
 3.49114e-07
 3.17176e-07
 2.88714e-07
 2.63392e-07
 2.40869e-07
 2.20820e-07
 2.02947e-07
 1.86986e-07
 1.72700e-07
 1.59885e-07
 1.48360e-07
 1.37970e-07
 1.28580e-07
 1.20074e-07
 1.12348e-07
 6.74309e-07
 6.02615e-07
 5.37625e-07
 4.79883e-07
 4.29134e-07
 3.84769e-07
 3.46059e-07
 3.12277e-07
 2.82752e-07
 2.56885e-07
 2.34158e-07
 2.14128e-07
 1.96414e-07
 1.80698e-07
 1.66707e-07
 1.54209e-07
 1.43011e-07
 1.32945e-07
 1.23869e-07
 1.15663e-07
 8.04609e-07
 7.01886e-07
 6.13782e-07
 5.38827e-07
 4.75201e-07
 4.21129e-07
 3.75039e-07
 3.35594e-07
 3.01681e-07
 2.72383e-07
 2.46949e-07
 2.24764e-07
 2.05322e-07
 1.88208e-07
 1.73077e-07
 1.59646e-07
 1.47675e-07
 1.36968e-07
 1.27356e-07
 1.18699e-07
 9.52562e-07
 8.10099e-07
 6.94103e-07
 5.99342e-07
 5.21456e-07
 4.56970e-07
 4.03166e-07
 3.57928e-07
 3.19609e-07
 2.86921e-07
 2.58848e-07
 2.34587e-07
 2.13497e-07
 1.95061e-07
 1.78862e-07
 1.64560e-07
 1.51875e-07
 1.40577e-07
 1.30474e-07
 1.21406e-07
 1.11267e-06
 9.22464e-07
 7.74845e-07
 6.58622e-07
 5.65829e-07
 4.90766e-07
 4.29310e-07
 3.78441e-07
 3.35909e-07
 3.00024e-07
 2.69493e-07
 2.43318e-07
 2.20722e-07
 2.01088e-07
 1.83928e-07
 1.68847e-07
 1.55527e-07
 1.43706e-07
 1.33170e-07
 1.23741e-07
 1.27403e-06
 1.03135e-06
 8.50783e-07
 7.13084e-07
 6.05839e-07
 5.20780e-07
 4.52241e-07
 3.96246e-07
 3.49934e-07
 3.11215e-07
 2.78526e-07
 2.50687e-07
 2.26790e-07
 2.06130e-07
 1.88150e-07
 1.72409e-07
 1.58552e-07
 1.46292e-07
 1.35393e-07
 1.25662e-07
 1.42027e-06
 1.12674e-06
 9.15642e-07
 7.58700e-07
 6.38837e-07
 5.45227e-07
 4.70730e-07
 4.10481e-07
 3.61069e-07
 3.20047e-07
 2.85620e-07
 2.56449e-07
 2.31518e-07
 2.10044e-07
 1.91419e-07
 1.75160e-07
 1.60883e-07
 1.48280e-07
 1.37099e-07
 1.27134e-07
 1.53197e-06
 1.19777e-06
 9.63038e-07
 7.91558e-07
 6.62340e-07
 5.62484e-07
 4.83687e-07
 4.20397e-07
 3.68787e-07
 3.26143e-07
 2.90499e-07
 2.60399e-07
 2.34751e-07
 2.12716e-07
 1.93645e-07
 1.77030e-07
 1.62466e-07
 1.49629e-07
 1.38255e-07
 1.28131e-07
 1.59162e-06
 1.23517e-06
 9.87739e-07
 8.08551e-07
 6.74424e-07
 5.71317e-07
 4.90294e-07
 4.25440e-07
 3.72703e-07
 3.29230e-07
 2.92966e-07
 2.62395e-07
 2.36383e-07
 2.14063e-07
 1.94768e-07
 1.77973e-07
 1.63264e-07
 1.50308e-07
 1.38838e-07
 1.28633e-07
 1.58914e-06
 1.23373e-06
 9.86862e-07
 8.07995e-07
 6.74059e-07
 5.71070e-07
 4.90124e-07
 4.25320e-07
 3.72617e-07
 3.29169e-07
 2.92921e-07
 2.62362e-07
 2.36359e-07
 2.14045e-07
 1.94755e-07
 1.77963e-07
 1.63257e-07
 1.50303e-07
 1.38834e-07
 1.28631e-07
 1.52519e-06
 1.19378e-06
 9.60574e-07
 7.89977e-07
 6.61294e-07
 5.61774e-07
 4.83194e-07
 4.20050e-07
 3.68538e-07
 3.25963e-07
 2.90367e-07
 2.60303e-07
 2.34680e-07
 2.12663e-07
 1.93607e-07
 1.77002e-07
 1.62446e-07
 1.49614e-07
 1.38245e-07
 1.28125e-07
 1.41090e-06
 1.12103e-06
 9.12027e-07
 7.56336e-07
 6.37249e-07
 5.44137e-07
 4.69967e-07
 4.09939e-07
 3.60679e-07
 3.19763e-07
 2.85411e-07
 2.56295e-07
 2.31404e-07
 2.09960e-07
 1.91357e-07
 1.75114e-07
 1.60850e-07
 1.48257e-07
 1.37083e-07
 1.27124e-07
 1.26399e-06
 1.02494e-06
 8.46575e-07
 7.10258e-07
 6.03902e-07
 5.19427e-07
 4.51283e-07
 3.95557e-07
 3.49435e-07
 3.10849e-07
 2.78257e-07
 2.50488e-07
 2.26643e-07
 2.06020e-07
 1.88069e-07
 1.72350e-07
 1.58509e-07
 1.46261e-07
 1.35372e-07
 1.25649e-07
 1.10341e-06
 9.16212e-07
 7.70571e-07
 6.55659e-07
 5.63745e-07
 4.89281e-07
 4.28241e-07
 3.77663e-07
 3.35339e-07
 2.99603e-07
 2.69180e-07
 2.43086e-07
 2.20549e-07
 2.00960e-07
 1.83833e-07
 1.68778e-07
 1.55477e-07
 1.43671e-07
 1.33147e-07
 1.23726e-07
 9.44851e-07
 8.04585e-07
 6.90157e-07
 5.96507e-07
 5.19405e-07
 4.55475e-07
 4.02068e-07
 3.57118e-07
 3.19008e-07
 2.86472e-07
 2.58513e-07
 2.34336e-07
 2.13309e-07
 1.94921e-07
 1.78759e-07
 1.64485e-07
 1.51822e-07
 1.40540e-07
 1.30450e-07
 1.21391e-07
 7.98660e-07
 6.97373e-07
 6.10397e-07
 5.36300e-07
 4.73316e-07
 4.19721e-07
 3.73985e-07
 3.34802e-07
 3.01085e-07
 2.71934e-07
 2.46611e-07
 2.24510e-07
 2.05131e-07
 1.88066e-07
 1.72972e-07
 1.59569e-07
 1.47621e-07
 1.36931e-07
 1.27332e-07
 1.18685e-07
 6.69992e-07
 5.99140e-07
 5.34891e-07
 4.77761e-07
 4.27500e-07
 3.83515e-07
 3.45100e-07
 3.11545e-07
 2.82192e-07
 2.56459e-07
 2.33834e-07
 2.13882e-07
 1.96230e-07
 1.80561e-07
 1.66605e-07
 1.54137e-07
 1.42960e-07
 1.32911e-07
 1.23849e-07
 1.15653e-07
 5.60191e-07
 5.12068e-07
 4.65806e-07
 4.22755e-07
 3.83473e-07
 3.48056e-07
 3.16348e-07
 2.88069e-07
 2.62893e-07
 2.40484e-07
 2.20525e-07
 2.02723e-07
 1.86817e-07
 1.72575e-07
 1.59793e-07
 1.48295e-07
 1.37926e-07
 1.28552e-07
 1.20058e-07
 1.12343e-07
 4.68311e-07
 4.36629e-07
 4.04132e-07
 3.72372e-07
 3.42247e-07
 3.14215e-07
 2.88454e-07
 2.64968e-07
 2.43664e-07
 2.24394e-07
 2.06991e-07
 1.91279e-07
 1.77092e-07
 1.64269e-07
 1.52665e-07
 1.42150e-07
 1.32605e-07
 1.23926e-07
 1.16020e-07
 1.08803e-07
