scalar
part
         1
quad4
 3.50286e-07
 3.37253e-07
 3.20824e-07
 3.02673e-07
 2.83947e-07
 2.65398e-07
 2.47497e-07
 2.30517e-07
 2.14600e-07
 1.99798e-07
 1.86109e-07
 1.73495e-07
 1.61898e-07
 1.51250e-07
 1.41479e-07
 1.32513e-07
 1.24283e-07
 1.16723e-07
 1.09773e-07
 1.03377e-07
 4.32410e-07
 4.07067e-07
 3.79760e-07
 3.52258e-07
 3.25629e-07
 3.00467e-07
 2.77062e-07
 2.55516e-07
 2.35810e-07
 2.17863e-07
 2.01558e-07
 1.86760e-07
 1.73336e-07
 1.61154e-07
 1.50089e-07
 1.40028e-07
 1.30868e-07
 1.22515e-07
 1.14885e-07
 1.07905e-07
 5.33517e-07
 4.90196e-07
 4.47945e-07
 4.08217e-07
 3.71667e-07
 3.38484e-07
 3.08599e-07
 2.81806e-07
 2.57843e-07
 2.36427e-07
 2.17283e-07
 2.00151e-07
 1.84798e-07
 1.71013e-07
 1.58611e-07
 1.47428e-07
 1.37323e-07
 1.28169e-07
 1.19858e-07
 1.12295e-07
 6.56197e-07
 5.87500e-07
 5.25373e-07
 4.70148e-07
 4.21516e-07
 3.78885e-07
 3.41577e-07
 3.08921e-07
 2.80297e-07
 2.55151e-07
 2.33001e-07
 2.13431e-07
 1.96087e-07
 1.80666e-07
 1.66911e-07
 1.54603e-07
 1.43555e-07
 1.33608e-07
 1.24626e-07
 1.16493e-07
 8.01704e-07
 6.98633e-07
 6.11089e-07
 5.36951e-07
 4.74127e-07
 4.20750e-07
 3.75225e-07
 3.36225e-07
 3.02654e-07
 2.73615e-07
 2.48373e-07
 2.26327e-07
 2.06983e-07
 1.89933e-07
 1.74842e-07
 1.61430e-07
 1.49465e-07
 1.38750e-07
 1.29122e-07
 1.20442e-07
 9.68614e-07
 8.21301e-07
 7.02803e-07
 6.06633e-07
 5.27869e-07
 4.62778e-07
 4.08520e-07
 3.62917e-07
 3.24290e-07
 2.91331e-07
 2.63017e-07
 2.38537e-07
 2.17245e-07
 1.98622e-07
 1.82251e-07
 1.67788e-07
 1.54952e-07
 1.43514e-07
 1.33279e-07
 1.24087e-07
 1.15121e-06
 9.50523e-07
 7.96571e-07
 6.76193e-07
 5.80494e-07
 5.03297e-07
 4.40213e-07
 3.88062e-07
 3.44498e-07
 3.07763e-07
 2.76519e-07
 2.49740e-07
 2.26623e-07
 2.06538e-07
 1.88981e-07
 1.73550e-07
 1.59917e-07
 1.47817e-07
 1.37029e-07
 1.27372e-07
 1.33805e-06
 1.07816e-06
 8.86711e-07
 7.41674e-07
 6.29229e-07
 5.40343e-07
 4.68900e-07
 4.10642e-07
 3.62530e-07
 3.22352e-07
 2.88461e-07
 2.59619e-07
 2.34874e-07
 2.13488e-07
 1.94883e-07
 1.78598e-07
 1.64264e-07
 1.51583e-07
 1.40311e-07
 1.30247e-07
 1.51147e-06
 1.19309e-06
 9.66125e-07
 7.98454e-07
 6.71002e-07
 5.71829e-07
 4.93133e-07
 4.29633e-07
 3.77652e-07
 3.34563e-07
 2.98446e-07
 2.67874e-07
 2.41768e-07
 2.19298e-07
 1.99820e-07
 1.82825e-07
 1.67909e-07
 1.54745e-07
 1.43070e-07
 1.32668e-07
 1.64893e-06
 1.28248e-06
 1.02719e-06
 8.41827e-07
 7.02808e-07
 5.95780e-07
 5.11577e-07
 4.44113e-07
 3.89211e-07
 3.43924e-07
 3.06126e-07
 2.74247e-07
 2.47111e-07
 2.23819e-07
 2.03677e-07
 1.86141e-07
 1.70778e-07
 1.57244e-07
 1.45259e-07
 1.34596e-07
 1.72782e-06
 1.33442e-06
 1.06320e-06
 8.67818e-07
 7.22180e-07
 6.10605e-07
 5.23175e-07
 4.53357e-07
 3.96697e-07
 3.50072e-07
 3.11237e-07
 2.78542e-07
 2.50754e-07
 2.26937e-07
 2.06365e-07
 1.88475e-07
 1.72818e-07
 1.59037e-07
 1.46844e-07
 1.36002e-07
 1.73336e-06
 1.34145e-06
 1.07007e-06
 8.74034e-07
 7.27646e-07
 6.15358e-07
 5.27296e-07
 4.56932e-07
 3.99807e-07
 3.52787e-07
 3.13616e-07
 2.80636e-07
 2.52605e-07
 2.28579e-07
 2.07829e-07
 1.89783e-07
 1.73992e-07
 1.60095e-07
 1.47799e-07
 1.36869e-07
 1.66567e-06
 1.30333e-06
 1.04753e-06
 8.60252e-07
 7.19026e-07
 6.09898e-07
 5.23828e-07
 4.54751e-07
 3.98471e-07
 3.52013e-07
 3.13220e-07
 2.80494e-07
 2.52634e-07
 2.28723e-07
 2.08047e-07
 1.90050e-07
 1.74288e-07
 1.60406e-07
 1.48117e-07
 1.37186e-07
 1.54001e-06
 1.22724e-06
 9.99260e-07
 8.28468e-07
 6.97462e-07
 5.94905e-07
 5.13192e-07
 4.47078e-07
 3.92859e-07
 3.47863e-07
 3.10123e-07
 2.78167e-07
 2.50877e-07
 2.27392e-07
 2.07038e-07
 1.89287e-07
 1.73713e-07
 1.59977e-07
 1.47800e-07
 1.36958e-07
 1.37975e-06
 1.12512e-06
 9.31727e-07
 7.82385e-07
 6.65166e-07
 5.71750e-07
 4.96263e-07
 4.34491e-07
 3.83362e-07
 3.40604e-07
 3.04512e-07
 2.73787e-07
 2.47428e-07
 2.24656e-07
 2.04853e-07
 1.87531e-07
 1.72296e-07
 1.58828e-07
 1.46866e-07
 1.36196e-07
 1.20769e-06
 1.00985e-06
 8.52460e-07
 7.26545e-07
 6.24968e-07
 5.42250e-07
 4.74239e-07
 4.17795e-07
 3.70532e-07
 3.30624e-07
 2.96665e-07
 2.67556e-07
 2.42436e-07
 2.20625e-07
 2.01575e-07
 1.84848e-07
 1.70086e-07
 1.56998e-07
 1.45344e-07
 1.34924e-07
 1.04066e-06
 8.92344e-07
 7.68445e-07
 6.65465e-07
 5.79834e-07
 5.08384e-07
 4.48466e-07
 3.97924e-07
 3.55029e-07
 3.18397e-07
 2.86924e-07
 2.59725e-07
 2.36089e-07
 2.15440e-07
 1.97311e-07
 1.81318e-07
 1.67147e-07
 1.54538e-07
 1.43273e-07
 1.33174e-07
 8.88474e-07
 7.80202e-07
 6.85174e-07
 6.03006e-07
 5.32465e-07
 4.72053e-07
 4.20292e-07
 3.75843e-07
 3.37550e-07
 3.04431e-07
 2.75667e-07
 2.50579e-07
 2.28601e-07
 2.09267e-07
 1.92188e-07
 1.77041e-07
 1.63556e-07
 1.51507e-07
 1.40703e-07
 1.30984e-07
 7.55269e-07
 6.77796e-07
 6.06363e-07
 5.42085e-07
 4.85068e-07
 4.34900e-07
 3.90935e-07
 3.52459e-07
 3.18773e-07
 2.89237e-07
 2.63282e-07
 2.40411e-07
 2.20199e-07
 2.02280e-07
 1.86343e-07
 1.72124e-07
 1.59399e-07
 1.47975e-07
 1.37688e-07
 1.28399e-07
 6.41558e-07
 5.86995e-07
 5.34142e-07
 4.84645e-07
 4.39270e-07
 3.98230e-07
 3.61421e-07
 3.28567e-07
 2.99315e-07
 2.73294e-07
 2.50139e-07
 2.29512e-07
 2.11109e-07
 1.94658e-07
 1.79918e-07
 1.66682e-07
 1.54767e-07
 1.44014e-07
 1.34287e-07
 1.25467e-07
