scalar
part
         1
quad4
 6.15039e-07
 5.63864e-07
 5.14059e-07
 4.67233e-07
 4.24163e-07
 3.85093e-07
 3.49960e-07
 3.18529e-07
 2.90487e-07
 2.65494e-07
 2.43217e-07
 2.23343e-07
 2.05587e-07
 1.89694e-07
 1.75439e-07
 1.62624e-07
 1.51077e-07
 1.40649e-07
 1.31207e-07
 1.22640e-07
 7.24569e-07
 6.51634e-07
 5.84112e-07
 5.23137e-07
 4.68882e-07
 4.21010e-07
 3.78953e-07
 3.42064e-07
 3.09704e-07
 2.81280e-07
 2.56262e-07
 2.34185e-07
 2.14649e-07
 1.97309e-07
 1.81871e-07
 1.68084e-07
 1.55734e-07
 1.44637e-07
 1.34639e-07
 1.25604e-07
 8.53064e-07
 7.50825e-07
 6.60754e-07
 5.82610e-07
 5.15320e-07
 4.57536e-07
 4.07907e-07
 3.65198e-07
 3.28333e-07
 2.96396e-07
 2.68616e-07
 2.44352e-07
 2.23071e-07
 2.04329e-07
 1.87757e-07
 1.73046e-07
 1.59939e-07
 1.48219e-07
 1.37703e-07
 1.28236e-07
 1.00020e-06
 8.59775e-07
 7.42033e-07
 6.43842e-07
 5.61949e-07
 4.93437e-07
 4.35848e-07
 3.87170e-07
 3.45781e-07
 3.10379e-07
 2.79919e-07
 2.53563e-07
 2.30633e-07
 2.10580e-07
 1.92958e-07
 1.77400e-07
 1.63604e-07
 1.51320e-07
 1.40340e-07
 1.30489e-07
 1.16229e-06
 9.74474e-07
 8.24489e-07
 7.04092e-07
 6.06678e-07
 5.27143e-07
 4.61603e-07
 4.07103e-07
 3.61389e-07
 3.22733e-07
 2.89794e-07
 2.61528e-07
 2.37110e-07
 2.15889e-07
 1.97339e-07
 1.81039e-07
 1.66644e-07
 1.53874e-07
 1.42497e-07
 1.32319e-07
 1.33032e-06
 1.08784e-06
 9.02957e-07
 7.59695e-07
 6.46921e-07
 5.56827e-07
 4.83869e-07
 4.24059e-07
 3.74477e-07
 3.32957e-07
 2.97868e-07
 2.67967e-07
 2.42291e-07
 2.20091e-07
 2.00772e-07
 1.83863e-07
 1.68981e-07
 1.55819e-07
 1.44123e-07
 1.33686e-07
 1.48864e-06
 1.18962e-06
 9.70793e-07
 8.06317e-07
 6.79812e-07
 5.80557e-07
 5.01326e-07
 4.37118e-07
 3.84391e-07
 3.40581e-07
 3.03799e-07
 2.72627e-07
 2.45987e-07
 2.23044e-07
 2.03150e-07
 1.85788e-07
 1.70550e-07
 1.57103e-07
 1.45179e-07
 1.34557e-07
 1.61577e-06
 1.26750e-06
 1.02072e-06
 8.39524e-07
 7.02566e-07
 5.96536e-07
 5.12780e-07
 4.45471e-07
 3.90572e-07
 3.45212e-07
 3.07305e-07
 2.75304e-07
 2.48045e-07
 2.24636e-07
 2.04385e-07
 1.86751e-07
 1.71300e-07
 1.57687e-07
 1.45633e-07
 1.34908e-07
 1.68912e-06
 1.30975e-06
 1.04631e-06
 8.55599e-07
 7.12941e-07
 6.03363e-07
 5.17329e-07
 4.48522e-07
 3.92617e-07
 3.46571e-07
 3.08189e-07
 2.75856e-07
 2.48364e-07
 2.24791e-07
 2.04424e-07
 1.86707e-07
 1.71200e-07
 1.57548e-07
 1.45467e-07
 1.34725e-07
 1.69294e-06
 1.30883e-06
 1.04363e-06
 8.52372e-07
 7.09678e-07
 6.00277e-07
 5.14499e-07
 4.45966e-07
 3.90326e-07
 3.44523e-07
 3.06359e-07
 2.74221e-07
 2.46901e-07
 2.23478e-07
 2.03243e-07
 1.85643e-07
 1.70237e-07
 1.56676e-07
 1.44675e-07
 1.34004e-07
 1.62524e-06
 1.26402e-06
 1.01243e-06
 8.29764e-07
 6.92772e-07
 5.87303e-07
 5.04325e-07
 4.37839e-07
 3.83731e-07
 3.39098e-07
 3.01843e-07
 2.70421e-07
 2.43673e-07
 2.20713e-07
 2.00857e-07
 1.83569e-07
 1.68423e-07
 1.55080e-07
 1.43264e-07
 1.32750e-07
 1.49843e-06
 1.18162e-06
 9.56165e-07
 7.89813e-07
 6.63483e-07
 5.65253e-07
 4.87348e-07
 4.24515e-07
 3.73097e-07
 3.30487e-07
 2.94780e-07
 2.64561e-07
 2.38761e-07
 2.16558e-07
 1.97313e-07
 1.80523e-07
 1.65788e-07
 1.52785e-07
 1.41254e-07
 1.30980e-07
 1.33345e-06
 1.07262e-06
 8.81022e-07
 7.36182e-07
 6.24083e-07
 5.35591e-07
 4.64543e-07
 4.06659e-07
 3.58892e-07
 3.19025e-07
 2.85415e-07
 2.56824e-07
 2.32303e-07
 2.11119e-07
 1.92694e-07
 1.76570e-07
 1.62382e-07
 1.49832e-07
 1.38678e-07
 1.28721e-07
 1.15233e-06
 9.49448e-07
 7.94325e-07
 6.73370e-07
 5.77435e-07
 5.00195e-07
 4.37177e-07
 3.85148e-07
 3.41733e-07
 3.05158e-07
 2.74075e-07
 2.47452e-07
 2.24483e-07
 2.04536e-07
 1.87108e-07
 1.71796e-07
 1.58274e-07
 1.46275e-07
 1.35580e-07
 1.26009e-07
 9.73124e-07
 8.23245e-07
 7.03109e-07
 6.05919e-07
 5.26539e-07
 4.61095e-07
 4.06650e-07
 3.60968e-07
 3.22329e-07
 2.89400e-07
 2.61141e-07
 2.36731e-07
 2.15517e-07
 1.96976e-07
 1.80686e-07
 1.66302e-07
 1.53544e-07
 1.42178e-07
 1.32012e-07
 1.22886e-07
 8.07951e-07
 7.02433e-07
 6.13149e-07
 5.37803e-07
 4.74158e-07
 4.20230e-07
 3.74345e-07
 3.35117e-07
 3.01408e-07
 2.72295e-07
 2.47021e-07
 2.24972e-07
 2.05645e-07
 1.88625e-07
 1.73572e-07
 1.60203e-07
 1.48283e-07
 1.37616e-07
 1.28034e-07
 1.19400e-07
 6.63154e-07
 5.92323e-07
 5.28553e-07
 4.72099e-07
 4.22565e-07
 3.79281e-07
 3.41508e-07
 3.08524e-07
 2.79671e-07
 2.54370e-07
 2.32119e-07
 2.12487e-07
 1.95108e-07
 1.79673e-07
 1.65918e-07
 1.53621e-07
 1.42590e-07
 1.32666e-07
 1.23710e-07
 1.15605e-07
 5.40599e-07
 4.95494e-07
 4.51781e-07
 4.10895e-07
 3.73446e-07
 3.39576e-07
 3.09172e-07
 2.81991e-07
 2.57740e-07
 2.36113e-07
 2.16815e-07
 1.99574e-07
 1.84145e-07
 1.70309e-07
 1.57875e-07
 1.46675e-07
 1.36563e-07
 1.27410e-07
 1.19106e-07
 1.11555e-07
 4.39307e-07
 4.12498e-07
 3.83932e-07
 3.55384e-07
 3.27906e-07
 3.02066e-07
 2.78129e-07
 2.56165e-07
 2.36137e-07
 2.17942e-07
 2.01446e-07
 1.86505e-07
 1.72973e-07
 1.60710e-07
 1.49588e-07
 1.39486e-07
 1.30298e-07
 1.21927e-07
 1.14288e-07
 1.07305e-07
 3.56849e-07
 3.42617e-07
 3.25118e-07
 3.06045e-07
 2.86544e-07
 2.67354e-07
 2.48930e-07
 2.31528e-07
 2.15273e-07
 2.00202e-07
 1.86300e-07
 1.73518e-07
 1.61789e-07
 1.51039e-07
 1.41189e-07
 1.32163e-07
 1.23887e-07
 1.16295e-07
 1.09321e-07
 1.02909e-07
