scalar
part
         1
quad4
 3.59854e-07
 3.44868e-07
 3.26805e-07
 3.07314e-07
 2.87501e-07
 2.68080e-07
 2.49482e-07
 2.31949e-07
 2.15593e-07
 2.00446e-07
 1.86484e-07
 1.73656e-07
 1.61891e-07
 1.51111e-07
 1.41238e-07
 1.32194e-07
 1.23904e-07
 1.16299e-07
 1.09316e-07
 1.02895e-07
 4.42090e-07
 4.14473e-07
 3.85334e-07
 3.56384e-07
 3.28621e-07
 3.02578e-07
 2.78494e-07
 2.56424e-07
 2.36317e-07
 2.18063e-07
 2.01524e-07
 1.86550e-07
 1.72993e-07
 1.60711e-07
 1.49573e-07
 1.39460e-07
 1.30263e-07
 1.21886e-07
 1.14242e-07
 1.07255e-07
 5.42921e-07
 4.97009e-07
 4.52766e-07
 4.11531e-07
 3.73850e-07
 3.39825e-07
 3.09316e-07
 2.82063e-07
 2.57761e-07
 2.36099e-07
 2.16776e-07
 1.99518e-07
 1.84077e-07
 1.70233e-07
 1.57794e-07
 1.46590e-07
 1.36476e-07
 1.27322e-07
 1.19018e-07
 1.11467e-07
 6.64689e-07
 5.93154e-07
 5.28969e-07
 4.72271e-07
 4.22592e-07
 3.79224e-07
 3.41401e-07
 3.08388e-07
 2.79520e-07
 2.54211e-07
 2.31957e-07
 2.12326e-07
 1.94950e-07
 1.79518e-07
 1.65768e-07
 1.53475e-07
 1.42449e-07
 1.32530e-07
 1.23579e-07
 1.15479e-07
 8.08297e-07
 7.02333e-07
 6.12847e-07
 5.37421e-07
 4.73754e-07
 4.19832e-07
 3.73966e-07
 3.34760e-07
 3.01075e-07
 2.71984e-07
 2.46732e-07
 2.24703e-07
 2.05393e-07
 1.88390e-07
 1.73351e-07
 1.59996e-07
 1.48088e-07
 1.37431e-07
 1.27860e-07
 1.19235e-07
 9.71857e-07
 8.21992e-07
 7.01974e-07
 6.04923e-07
 5.25673e-07
 4.60341e-07
 4.05990e-07
 3.60386e-07
 3.21812e-07
 2.88938e-07
 2.60725e-07
 2.36353e-07
 2.15173e-07
 1.96660e-07
 1.80395e-07
 1.66033e-07
 1.53294e-07
 1.41945e-07
 1.31795e-07
 1.22682e-07
 1.14914e-06
 9.46921e-07
 7.92317e-07
 6.71752e-07
 5.76110e-07
 4.99092e-07
 4.36244e-07
 3.84348e-07
 3.41038e-07
 3.04548e-07
 2.73534e-07
 2.46968e-07
 2.24047e-07
 2.04141e-07
 1.86748e-07
 1.71467e-07
 1.57971e-07
 1.45995e-07
 1.35321e-07
 1.25768e-07
 1.32833e-06
 1.06890e-06
 8.78216e-07
 7.34003e-07
 6.22346e-07
 5.34173e-07
 4.63362e-07
 4.05659e-07
 3.58033e-07
 3.18278e-07
 2.84758e-07
 2.56241e-07
 2.31782e-07
 2.10650e-07
 1.92269e-07
 1.76183e-07
 1.62028e-07
 1.49507e-07
 1.38378e-07
 1.28443e-07
 1.49189e-06
 1.17702e-06
 9.52770e-07
 7.87209e-07
 6.61422e-07
 5.63579e-07
 4.85960e-07
 4.23343e-07
 3.72094e-07
 3.29618e-07
 2.94018e-07
 2.63888e-07
 2.38161e-07
 2.16019e-07
 1.96827e-07
 1.80082e-07
 1.65385e-07
 1.52416e-07
 1.40914e-07
 1.30667e-07
 1.61827e-06
 1.25909e-06
 1.00875e-06
 8.26918e-07
 6.90502e-07
 5.85449e-07
 5.02780e-07
 4.36532e-07
 3.82610e-07
 3.38125e-07
 3.00990e-07
 2.69668e-07
 2.43002e-07
 2.20111e-07
 2.00314e-07
 1.83077e-07
 1.67975e-07
 1.54670e-07
 1.42888e-07
 1.32403e-07
 1.68668e-06
 1.30415e-06
 1.04000e-06
 8.49481e-07
 7.07323e-07
 5.98323e-07
 5.12854e-07
 4.44562e-07
 3.89114e-07
 3.43467e-07
 3.05431e-07
 2.73400e-07
 2.46168e-07
 2.22820e-07
 2.02650e-07
 1.85106e-07
 1.69748e-07
 1.56229e-07
 1.44265e-07
 1.33626e-07
 1.68434e-06
 1.30575e-06
 1.04298e-06
 8.52822e-07
 7.10605e-07
 6.01381e-07
 5.15633e-07
 4.47057e-07
 3.91342e-07
 3.45452e-07
 3.07201e-07
 2.74978e-07
 2.47579e-07
 2.24085e-07
 2.03787e-07
 1.86130e-07
 1.70673e-07
 1.57067e-07
 1.45026e-07
 1.34319e-07
 1.61256e-06
 1.26430e-06
 1.01781e-06
 8.36953e-07
 7.00321e-07
 5.94581e-07
 5.11073e-07
 4.43977e-07
 3.89257e-07
 3.44050e-07
 3.06272e-07
 2.74382e-07
 2.47218e-07
 2.23890e-07
 2.03711e-07
 1.86138e-07
 1.70741e-07
 1.57176e-07
 1.45164e-07
 1.34476e-07
 1.48654e-06
 1.18711e-06
 9.68283e-07
 8.03974e-07
 6.77689e-07
 5.78659e-07
 4.99637e-07
 4.35618e-07
 3.83056e-07
 3.39391e-07
 3.02735e-07
 2.71672e-07
 2.45126e-07
 2.22266e-07
 2.02444e-07
 1.85146e-07
 1.69963e-07
 1.56565e-07
 1.44685e-07
 1.34101e-07
 1.32876e-06
 1.08576e-06
 9.00751e-07
 7.57551e-07
 6.44920e-07
 5.54997e-07
 4.82215e-07
 4.22569e-07
 3.73138e-07
 3.31753e-07
 2.96784e-07
 2.66988e-07
 2.41406e-07
 2.19287e-07
 2.00041e-07
 1.83195e-07
 1.68370e-07
 1.55258e-07
 1.43607e-07
 1.33210e-07
 1.16083e-06
 9.72595e-07
 8.22472e-07
 7.02095e-07
 6.04781e-07
 5.25382e-07
 4.59988e-07
 4.05633e-07
 3.60056e-07
 3.21525e-07
 2.88699e-07
 2.60534e-07
 2.36207e-07
 2.15066e-07
 1.96588e-07
 1.80351e-07
 1.66014e-07
 1.53295e-07
 1.41963e-07
 1.31825e-07
 9.98629e-07
 8.57942e-07
 7.40112e-07
 6.41941e-07
 5.60132e-07
 4.91735e-07
 4.34274e-07
 3.85725e-07
 3.44460e-07
 3.09174e-07
 2.78821e-07
 2.52561e-07
 2.29718e-07
 2.09744e-07
 1.92192e-07
 1.76698e-07
 1.62958e-07
 1.50725e-07
 1.39791e-07
 1.29981e-07
 8.51304e-07
 7.48961e-07
 6.58870e-07
 5.80768e-07
 5.13562e-07
 4.55884e-07
 4.06371e-07
 3.63780e-07
 3.27029e-07
 2.95200e-07
 2.67520e-07
 2.43348e-07
 2.22151e-07
 2.03485e-07
 1.86981e-07
 1.72332e-07
 1.59281e-07
 1.47611e-07
 1.37141e-07
 1.27715e-07
 7.22645e-07
 6.49721e-07
 5.82239e-07
 5.21334e-07
 4.67169e-07
 4.19401e-07
 3.77453e-07
 3.40674e-07
 3.08420e-07
 2.80097e-07
 2.55173e-07
 2.33184e-07
 2.13727e-07
 1.96460e-07
 1.81089e-07
 1.67362e-07
 1.55067e-07
 1.44020e-07
 1.34067e-07
 1.25073e-07
 6.13005e-07
 5.61915e-07
 5.12194e-07
 4.65460e-07
 4.22488e-07
 3.83522e-07
 3.48494e-07
 3.17167e-07
 2.89225e-07
 2.64327e-07
 2.42140e-07
 2.22348e-07
 2.04669e-07
 1.88846e-07
 1.74655e-07
 1.61899e-07
 1.50405e-07
 1.40026e-07
 1.30629e-07
 1.22101e-07
