scalar
part
         1
quad4
 5.69050e-07
 5.24557e-07
 4.80548e-07
 4.38682e-07
 3.99817e-07
 3.64295e-07
 3.32145e-07
 3.03221e-07
 2.77287e-07
 2.54071e-07
 2.33294e-07
 2.14691e-07
 1.98015e-07
 1.83043e-07
 1.69576e-07
 1.57438e-07
 1.46475e-07
 1.36552e-07
 1.27549e-07
 1.19364e-07
 6.75110e-07
 6.10207e-07
 5.49444e-07
 4.94094e-07
 4.44490e-07
 4.00454e-07
 3.61559e-07
 3.27281e-07
 2.97081e-07
 2.70452e-07
 2.46930e-07
 2.26107e-07
 2.07625e-07
 1.91177e-07
 1.76495e-07
 1.63354e-07
 1.51556e-07
 1.40935e-07
 1.31347e-07
 1.22668e-07
 8.00560e-07
 7.07859e-07
 6.25543e-07
 5.53657e-07
 4.91402e-07
 4.37672e-07
 3.91315e-07
 3.51257e-07
 3.16551e-07
 2.86381e-07
 2.60057e-07
 2.36998e-07
 2.16721e-07
 1.98820e-07
 1.82956e-07
 1.68844e-07
 1.56247e-07
 1.44962e-07
 1.34820e-07
 1.25677e-07
 9.45602e-07
 8.16268e-07
 7.07204e-07
 6.15782e-07
 5.39179e-07
 4.74818e-07
 4.20507e-07
 3.74435e-07
 3.35133e-07
 3.01415e-07
 2.72324e-07
 2.47089e-07
 2.25084e-07
 2.05798e-07
 1.88817e-07
 1.73798e-07
 1.60457e-07
 1.48559e-07
 1.37909e-07
 1.28342e-07
 1.10730e-06
 9.31972e-07
 7.91338e-07
 6.77973e-07
 5.85884e-07
 5.10420e-07
 4.48021e-07
 3.95971e-07
 3.52188e-07
 3.15067e-07
 2.83360e-07
 2.56091e-07
 2.32488e-07
 2.11936e-07
 1.93941e-07
 1.78103e-07
 1.64097e-07
 1.51655e-07
 1.40556e-07
 1.30615e-07
 1.27772e-06
 1.04856e-06
 8.73184e-07
 7.36799e-07
 6.29066e-07
 5.42721e-07
 4.72593e-07
 4.14947e-07
 3.67041e-07
 3.26834e-07
 2.92787e-07
 2.63718e-07
 2.38716e-07
 2.17063e-07
 1.98195e-07
 1.81658e-07
 1.67086e-07
 1.54184e-07
 1.42707e-07
 1.32455e-07
 1.44247e-06
 1.15646e-06
 9.46457e-07
 7.88103e-07
 6.65938e-07
 5.69822e-07
 4.92905e-07
 4.30431e-07
 3.79024e-07
 3.36233e-07
 3.00247e-07
 2.69704e-07
 2.43565e-07
 2.21027e-07
 2.01461e-07
 1.84368e-07
 1.69352e-07
 1.56089e-07
 1.44318e-07
 1.33824e-07
 1.58132e-06
 1.24389e-06
 1.00408e-06
 8.27500e-07
 6.93700e-07
 5.89886e-07
 5.07720e-07
 4.41576e-07
 3.87544e-07
 3.42839e-07
 3.05434e-07
 2.73822e-07
 2.46868e-07
 2.23699e-07
 2.03641e-07
 1.86160e-07
 1.70834e-07
 1.57322e-07
 1.45351e-07
 1.34693e-07
 1.67230e-06
 1.29919e-06
 1.03949e-06
 8.51116e-07
 7.09967e-07
 6.01392e-07
 5.16041e-07
 4.47707e-07
 3.92135e-07
 3.46325e-07
 3.08112e-07
 2.75902e-07
 2.48497e-07
 2.24986e-07
 2.04664e-07
 1.86978e-07
 1.71491e-07
 1.57853e-07
 1.45780e-07
 1.35042e-07
 1.69883e-06
 1.31407e-06
 1.04822e-06
 8.56381e-07
 7.13194e-07
 6.03377e-07
 5.17246e-07
 4.48414e-07
 3.92519e-07
 3.46497e-07
 3.08146e-07
 2.75845e-07
 2.48381e-07
 2.24834e-07
 2.04490e-07
 1.86792e-07
 1.71300e-07
 1.57662e-07
 1.45592e-07
 1.34859e-07
 1.65608e-06
 1.28615e-06
 1.02900e-06
 8.42598e-07
 7.02976e-07
 5.95594e-07
 5.11183e-07
 4.43599e-07
 3.88632e-07
 3.43314e-07
 3.05507e-07
 2.73632e-07
 2.46509e-07
 2.23235e-07
 2.03113e-07
 1.85599e-07
 1.70259e-07
 1.56748e-07
 1.44785e-07
 1.34143e-07
 1.55233e-06
 1.21960e-06
 9.84106e-07
 8.11079e-07
 6.80115e-07
 5.78557e-07
 4.98191e-07
 4.33495e-07
 3.80637e-07
 3.36894e-07
 3.00282e-07
 2.69329e-07
 2.42928e-07
 2.20226e-07
 2.00564e-07
 1.83421e-07
 1.68386e-07
 1.55126e-07
 1.43373e-07
 1.32906e-07
 1.40494e-06
 1.12349e-06
 9.18606e-07
 7.64816e-07
 6.46456e-07
 5.53447e-07
 4.79052e-07
 4.18632e-07
 3.68906e-07
 3.27499e-07
 2.92661e-07
 2.63077e-07
 2.37744e-07
 2.15889e-07
 1.96903e-07
 1.80308e-07
 1.65719e-07
 1.52827e-07
 1.41378e-07
 1.31166e-07
 1.23439e-06
 1.00918e-06
 8.39128e-07
 7.07842e-07
 6.04546e-07
 5.21923e-07
 4.54877e-07
 3.99775e-07
 3.53973e-07
 3.15515e-07
 2.82926e-07
 2.55083e-07
 2.31115e-07
 2.10341e-07
 1.92223e-07
 1.76330e-07
 1.62315e-07
 1.49894e-07
 1.38838e-07
 1.28953e-07
 1.05923e-06
 8.87757e-07
 7.52502e-07
 6.44498e-07
 5.57217e-07
 4.85882e-07
 4.26965e-07
 3.77831e-07
 3.36486e-07
 3.01408e-07
 2.71420e-07
 2.45604e-07
 2.23233e-07
 2.03733e-07
 1.86639e-07
 1.71578e-07
 1.58244e-07
 1.46386e-07
 1.35797e-07
 1.26303e-07
 8.93171e-07
 7.68251e-07
 6.64723e-07
 5.78806e-07
 5.07211e-07
 4.47223e-07
 3.96653e-07
 3.53756e-07
 3.17138e-07
 2.85691e-07
 2.58526e-07
 2.34927e-07
 2.14320e-07
 1.96233e-07
 1.80284e-07
 1.66156e-07
 1.53590e-07
 1.42368e-07
 1.32310e-07
 1.23261e-07
 7.44327e-07
 6.56890e-07
 5.80351e-07
 5.14061e-07
 4.56904e-07
 4.07665e-07
 3.65196e-07
 3.28474e-07
 2.96617e-07
 2.68879e-07
 2.44633e-07
 2.23355e-07
 2.04607e-07
 1.88023e-07
 1.73299e-07
 1.60178e-07
 1.48444e-07
 1.37914e-07
 1.28435e-07
 1.19875e-07
 6.16034e-07
 5.57145e-07
 5.02370e-07
 4.52650e-07
 4.08148e-07
 3.68629e-07
 3.33676e-07
 3.02811e-07
 2.75555e-07
 2.51460e-07
 2.30121e-07
 2.11180e-07
 1.94325e-07
 1.79287e-07
 1.65833e-07
 1.53761e-07
 1.42899e-07
 1.33100e-07
 1.24236e-07
 1.16196e-07
 5.08338e-07
 4.70299e-07
 4.32363e-07
 3.96079e-07
 3.62244e-07
 3.31187e-07
 3.02959e-07
 2.77459e-07
 2.54501e-07
 2.33869e-07
 2.15334e-07
 1.98678e-07
 1.83696e-07
 1.70201e-07
 1.58026e-07
 1.47020e-07
 1.37051e-07
 1.28004e-07
 1.19776e-07
 1.12278e-07
 4.19448e-07
 3.96157e-07
 3.70836e-07
 3.45104e-07
 3.19982e-07
 2.96069e-07
 2.73683e-07
 2.52955e-07
 2.33902e-07
 2.16473e-07
 2.00574e-07
 1.86096e-07
 1.72920e-07
 1.60930e-07
 1.50014e-07
 1.40066e-07
 1.30991e-07
 1.22702e-07
 1.15119e-07
 1.08172e-07
