scalar
part
         1
quad4
 3.72005e-07
 3.56535e-07
 3.37794e-07
 3.17532e-07
 2.96927e-07
 2.76733e-07
 2.57407e-07
 2.39200e-07
 2.22229e-07
 2.06524e-07
 1.92060e-07
 1.78780e-07
 1.66609e-07
 1.55465e-07
 1.45264e-07
 1.35924e-07
 1.27368e-07
 1.19523e-07
 1.12322e-07
 1.05705e-07
 4.57611e-07
 4.28941e-07
 3.98614e-07
 3.68461e-07
 3.39550e-07
 3.12449e-07
 2.87407e-07
 2.64481e-07
 2.43614e-07
 2.24688e-07
 2.07553e-07
 1.92053e-07
 1.78030e-07
 1.65335e-07
 1.53829e-07
 1.43388e-07
 1.33898e-07
 1.25257e-07
 1.17377e-07
 1.10176e-07
 5.62734e-07
 5.14881e-07
 4.68720e-07
 4.25703e-07
 3.86426e-07
 3.50995e-07
 3.19261e-07
 2.90947e-07
 2.65726e-07
 2.43267e-07
 2.23253e-07
 2.05392e-07
 1.89423e-07
 1.75117e-07
 1.62270e-07
 1.50706e-07
 1.40271e-07
 1.30832e-07
 1.22273e-07
 1.14493e-07
 6.89855e-07
 6.15056e-07
 5.47952e-07
 4.88732e-07
 4.36910e-07
 3.91735e-07
 3.52390e-07
 3.18093e-07
 2.88138e-07
 2.61906e-07
 2.38861e-07
 2.18550e-07
 2.00587e-07
 1.84645e-07
 1.70448e-07
 1.57764e-07
 1.46393e-07
 1.36168e-07
 1.26944e-07
 1.18601e-07
 8.39903e-07
 7.28812e-07
 6.35113e-07
 5.56269e-07
 4.89834e-07
 4.33666e-07
 3.85964e-07
 3.45247e-07
 3.10308e-07
 2.80168e-07
 2.54030e-07
 2.31249e-07
 2.11295e-07
 1.93737e-07
 1.78217e-07
 1.64441e-07
 1.52165e-07
 1.41183e-07
 1.31324e-07
 1.22443e-07
 1.01076e-06
 8.53351e-07
 7.27574e-07
 6.26105e-07
 5.43428e-07
 4.75403e-07
 4.18909e-07
 3.71576e-07
 3.31591e-07
 2.97553e-07
 2.68369e-07
 2.43180e-07
 2.21305e-07
 2.02199e-07
 1.85421e-07
 1.70614e-07
 1.57486e-07
 1.45797e-07
 1.35345e-07
 1.25965e-07
 1.19556e-06
 9.82992e-07
 8.20990e-07
 6.95012e-07
 5.95316e-07
 5.15199e-07
 4.49935e-07
 3.96122e-07
 3.51269e-07
 3.13518e-07
 2.81462e-07
 2.54025e-07
 2.30369e-07
 2.09836e-07
 1.91906e-07
 1.76159e-07
 1.62258e-07
 1.49928e-07
 1.38941e-07
 1.29112e-07
 1.38130e-06
 1.10883e-06
 9.09302e-07
 7.58848e-07
 6.42639e-07
 5.51053e-07
 4.77621e-07
 4.17862e-07
 3.68594e-07
 3.27508e-07
 2.92895e-07
 2.63468e-07
 2.38244e-07
 2.16461e-07
 1.97525e-07
 1.80960e-07
 1.66387e-07
 1.53502e-07
 1.42053e-07
 1.31835e-07
 1.54891e-06
 1.21921e-06
 9.85216e-07
 8.12932e-07
 6.82315e-07
 5.80889e-07
 5.00537e-07
 4.35790e-07
 3.82847e-07
 3.39001e-07
 3.02280e-07
 2.71218e-07
 2.44709e-07
 2.21905e-07
 2.02146e-07
 1.84912e-07
 1.69792e-07
 1.56453e-07
 1.44626e-07
 1.34091e-07
 1.67557e-06
 1.30137e-06
 1.04124e-06
 8.52683e-07
 7.11439e-07
 6.02803e-07
 5.17403e-07
 4.49023e-07
 3.93405e-07
 3.47548e-07
 3.09289e-07
 2.77032e-07
 2.49581e-07
 2.26026e-07
 2.05660e-07
 1.87932e-07
 1.72405e-07
 1.58728e-07
 1.46618e-07
 1.35844e-07
 1.74022e-06
 1.34429e-06
 1.07122e-06
 8.74448e-07
 7.27747e-07
 6.15340e-07
 5.27249e-07
 4.56898e-07
 3.99802e-07
 3.52816e-07
 3.13678e-07
 2.80728e-07
 2.52723e-07
 2.28719e-07
 2.07986e-07
 1.89955e-07
 1.74175e-07
 1.60285e-07
 1.47996e-07
 1.37069e-07
 1.73116e-06
 1.34203e-06
 1.07185e-06
 8.76293e-07
 7.30040e-07
 6.17724e-07
 5.29557e-07
 4.59056e-07
 4.01785e-07
 3.54621e-07
 3.15313e-07
 2.82206e-07
 2.54058e-07
 2.29925e-07
 2.09077e-07
 1.90943e-07
 1.75072e-07
 1.61102e-07
 1.48740e-07
 1.37749e-07
 1.65158e-06
 1.29587e-06
 1.04369e-06
 8.58459e-07
 7.18419e-07
 6.09989e-07
 5.24329e-07
 4.55488e-07
 3.99339e-07
 3.52946e-07
 3.14176e-07
 2.81448e-07
 2.53570e-07
 2.29630e-07
 2.08921e-07
 1.90888e-07
 1.75089e-07
 1.61170e-07
 1.48845e-07
 1.37879e-07
 1.51826e-06
 1.21392e-06
 9.90983e-07
 8.23296e-07
 6.94253e-07
 5.92965e-07
 5.12086e-07
 4.46528e-07
 3.92683e-07
 3.47938e-07
 3.10368e-07
 2.78525e-07
 2.51309e-07
 2.27871e-07
 2.07545e-07
 1.89807e-07
 1.74238e-07
 1.60499e-07
 1.48316e-07
 1.37463e-07
 1.35442e-06
 1.10829e-06
 9.20405e-07
 7.74683e-07
 6.59886e-07
 5.68121e-07
 4.93776e-07
 4.32804e-07
 3.82244e-07
 3.39894e-07
 3.04097e-07
 2.73587e-07
 2.47385e-07
 2.24726e-07
 2.05007e-07
 1.87746e-07
 1.72554e-07
 1.59116e-07
 1.47175e-07
 1.36518e-07
 1.18175e-06
 9.91505e-07
 8.39396e-07
 7.17169e-07
 6.18187e-07
 5.37315e-07
 4.70633e-07
 4.15155e-07
 3.68603e-07
 3.29223e-07
 2.95658e-07
 2.66847e-07
 2.41954e-07
 2.20315e-07
 2.01398e-07
 1.84772e-07
 1.70089e-07
 1.57061e-07
 1.45453e-07
 1.35069e-07
 1.01589e-06
 8.73887e-07
 7.54679e-07
 6.55159e-07
 5.72081e-07
 5.02522e-07
 4.44012e-07
 3.94527e-07
 3.52431e-07
 3.16408e-07
 2.85404e-07
 2.58567e-07
 2.35213e-07
 2.14785e-07
 1.96829e-07
 1.80974e-07
 1.66912e-07
 1.54389e-07
 1.43194e-07
 1.33149e-07
 8.65733e-07
 7.62499e-07
 6.71442e-07
 5.92355e-07
 5.24187e-07
 4.65599e-07
 4.15242e-07
 3.71878e-07
 3.34427e-07
 3.01965e-07
 2.73717e-07
 2.49035e-07
 2.27381e-07
 2.08304e-07
 1.91432e-07
 1.76452e-07
 1.63101e-07
 1.51162e-07
 1.40447e-07
 1.30801e-07
 7.34837e-07
 6.61300e-07
 5.93133e-07
 5.31505e-07
 4.76612e-07
 4.28134e-07
 3.85511e-07
 3.48099e-07
 3.15259e-07
 2.86399e-07
 2.60984e-07
 2.38547e-07
 2.18685e-07
 2.01051e-07
 1.85346e-07
 1.71316e-07
 1.58746e-07
 1.47450e-07
 1.37270e-07
 1.28068e-07
 6.23401e-07
 5.71887e-07
 5.21676e-07
 4.74410e-07
 4.30887e-07
 3.91370e-07
 3.55803e-07
 3.23960e-07
 2.95531e-07
 2.70179e-07
 2.47570e-07
 2.27391e-07
 2.09354e-07
 1.93204e-07
 1.78713e-07
 1.65682e-07
 1.53938e-07
 1.43329e-07
 1.33722e-07
 1.25002e-07
