scalar
part
         1
quad4
 3.62691e-07
 3.47715e-07
 3.29620e-07
 3.10064e-07
 2.90164e-07
 2.70640e-07
 2.51929e-07
 2.34278e-07
 2.17804e-07
 2.02539e-07
 1.88463e-07
 1.75525e-07
 1.63655e-07
 1.52777e-07
 1.42811e-07
 1.33679e-07
 1.25307e-07
 1.17626e-07
 1.10571e-07
 1.04084e-07
 4.45893e-07
 4.18172e-07
 3.88898e-07
 3.59789e-07
 3.31853e-07
 3.05633e-07
 2.81370e-07
 2.59126e-07
 2.38851e-07
 2.20438e-07
 2.03748e-07
 1.88633e-07
 1.74945e-07
 1.62541e-07
 1.51291e-07
 1.41073e-07
 1.31780e-07
 1.23313e-07
 1.15587e-07
 1.08523e-07
 5.47983e-07
 5.01786e-07
 4.57251e-07
 4.15721e-07
 3.77752e-07
 3.43450e-07
 3.12677e-07
 2.85179e-07
 2.60650e-07
 2.38778e-07
 2.19262e-07
 2.01828e-07
 1.86226e-07
 1.72235e-07
 1.59661e-07
 1.48335e-07
 1.38108e-07
 1.28851e-07
 1.20453e-07
 1.12816e-07
 6.71387e-07
 5.99287e-07
 5.34577e-07
 4.77394e-07
 4.27269e-07
 3.83495e-07
 3.45303e-07
 3.11958e-07
 2.82791e-07
 2.57215e-07
 2.34720e-07
 2.14872e-07
 1.97302e-07
 1.81696e-07
 1.67788e-07
 1.55352e-07
 1.44198e-07
 1.34162e-07
 1.25105e-07
 1.16909e-07
 8.17103e-07
 7.10150e-07
 6.19808e-07
 5.43636e-07
 4.79316e-07
 4.24825e-07
 3.78461e-07
 3.38820e-07
 3.04754e-07
 2.75329e-07
 2.49782e-07
 2.27493e-07
 2.07953e-07
 1.90745e-07
 1.75525e-07
 1.62007e-07
 1.49954e-07
 1.39166e-07
 1.29476e-07
 1.20745e-07
 9.83351e-07
 8.31872e-07
 7.10533e-07
 6.12387e-07
 5.32223e-07
 4.66121e-07
 4.11119e-07
 3.64962e-07
 3.25914e-07
 2.92633e-07
 2.64067e-07
 2.39390e-07
 2.17942e-07
 1.99194e-07
 1.82722e-07
 1.68176e-07
 1.55274e-07
 1.43780e-07
 1.33499e-07
 1.24269e-07
 1.16399e-06
 9.59262e-07
 8.02711e-07
 6.80606e-07
 5.83729e-07
 5.05707e-07
 4.42034e-07
 3.89453e-07
 3.45570e-07
 3.08595e-07
 2.77169e-07
 2.50248e-07
 2.27022e-07
 2.06849e-07
 1.89224e-07
 1.73738e-07
 1.60062e-07
 1.47926e-07
 1.37110e-07
 1.27429e-07
 1.34722e-06
 1.08405e-06
 8.90628e-07
 7.44341e-07
 6.31079e-07
 5.41641e-07
 4.69817e-07
 4.11291e-07
 3.62987e-07
 3.22668e-07
 2.88675e-07
 2.59756e-07
 2.34953e-07
 2.13525e-07
 1.94887e-07
 1.78577e-07
 1.64225e-07
 1.51530e-07
 1.40247e-07
 1.30175e-07
 1.51532e-06
 1.19520e-06
 9.67270e-07
 7.99040e-07
 6.71254e-07
 5.71877e-07
 4.93054e-07
 4.29476e-07
 3.77449e-07
 3.34331e-07
 2.98200e-07
 2.67622e-07
 2.41516e-07
 2.19049e-07
 1.99577e-07
 1.82589e-07
 1.67680e-07
 1.54525e-07
 1.42858e-07
 1.32464e-07
 1.64626e-06
 1.28019e-06
 1.02523e-06
 8.40139e-07
 7.01346e-07
 5.94503e-07
 5.10454e-07
 4.43118e-07
 3.88324e-07
 3.43130e-07
 3.05410e-07
 2.73599e-07
 2.46521e-07
 2.23281e-07
 2.03183e-07
 1.85686e-07
 1.70359e-07
 1.56856e-07
 1.44899e-07
 1.34260e-07
 1.71848e-06
 1.32768e-06
 1.05812e-06
 8.63853e-07
 7.19006e-07
 6.08008e-07
 5.21013e-07
 4.51529e-07
 3.95133e-07
 3.48719e-07
 3.10054e-07
 2.77500e-07
 2.49830e-07
 2.26111e-07
 2.05623e-07
 1.87804e-07
 1.72209e-07
 1.58482e-07
 1.46335e-07
 1.35536e-07
 1.71838e-06
 1.33080e-06
 1.06218e-06
 8.67988e-07
 7.22887e-07
 6.11527e-07
 5.24154e-07
 4.54314e-07
 3.97596e-07
 3.50898e-07
 3.11985e-07
 2.79215e-07
 2.51357e-07
 2.27475e-07
 2.06845e-07
 1.88902e-07
 1.73199e-07
 1.59377e-07
 1.47147e-07
 1.36273e-07
 1.64683e-06
 1.28976e-06
 1.03741e-06
 8.52479e-07
 7.12909e-07
 6.04985e-07
 5.19812e-07
 4.51418e-07
 3.95668e-07
 3.49629e-07
 3.11170e-07
 2.78717e-07
 2.51080e-07
 2.27354e-07
 2.06834e-07
 1.88968e-07
 1.73318e-07
 1.59532e-07
 1.47325e-07
 1.36467e-07
 1.51922e-06
 1.21188e-06
 9.87602e-07
 8.19412e-07
 6.90282e-07
 5.89111e-07
 5.08442e-07
 4.43130e-07
 3.89538e-07
 3.45038e-07
 3.07697e-07
 2.76065e-07
 2.49042e-07
 2.25778e-07
 2.05611e-07
 1.88016e-07
 1.72576e-07
 1.58954e-07
 1.46877e-07
 1.36120e-07
 1.35859e-06
 1.10899e-06
 9.19212e-07
 7.72505e-07
 6.57239e-07
 5.65296e-07
 4.90938e-07
 4.30044e-07
 3.79607e-07
 3.37403e-07
 3.01759e-07
 2.71400e-07
 2.45343e-07
 2.22822e-07
 2.03231e-07
 1.86088e-07
 1.71005e-07
 1.57668e-07
 1.45819e-07
 1.35247e-07
 1.18721e-06
 9.93756e-07
 8.39668e-07
 7.16258e-07
 6.16595e-07
 5.35355e-07
 4.68500e-07
 4.12969e-07
 3.66436e-07
 3.27118e-07
 2.93639e-07
 2.64925e-07
 2.40134e-07
 2.18597e-07
 1.99779e-07
 1.83249e-07
 1.68656e-07
 1.55713e-07
 1.44183e-07
 1.33872e-07
 1.02148e-06
 8.76823e-07
 7.55815e-07
 6.55110e-07
 5.71275e-07
 5.01249e-07
 4.42467e-07
 3.92838e-07
 3.50683e-07
 3.14656e-07
 2.83681e-07
 2.56896e-07
 2.33606e-07
 2.13248e-07
 1.95365e-07
 1.79583e-07
 1.65593e-07
 1.53139e-07
 1.42010e-07
 1.32028e-07
 8.70865e-07
 7.65575e-07
 6.73004e-07
 5.92841e-07
 5.23932e-07
 4.64846e-07
 4.14166e-07
 3.70603e-07
 3.33039e-07
 3.00523e-07
 2.72262e-07
 2.47595e-07
 2.25972e-07
 2.06939e-07
 1.90116e-07
 1.75190e-07
 1.61894e-07
 1.50010e-07
 1.39349e-07
 1.29755e-07
 7.39297e-07
 6.64218e-07
 5.94836e-07
 5.32287e-07
 4.76718e-07
 4.27757e-07
 3.84797e-07
 3.47158e-07
 3.14174e-07
 2.85226e-07
 2.59766e-07
 2.37315e-07
 2.17459e-07
 1.99845e-07
 1.84170e-07
 1.70177e-07
 1.57647e-07
 1.46393e-07
 1.36255e-07
 1.27096e-07
 6.27165e-07
 5.74513e-07
 5.23352e-07
 4.75325e-07
 4.31213e-07
 3.91251e-07
 3.55359e-07
 3.23283e-07
 2.94693e-07
 2.69234e-07
 2.46558e-07
 2.26343e-07
 2.08292e-07
 1.92144e-07
 1.77667e-07
 1.64658e-07
 1.52941e-07
 1.42362e-07
 1.32788e-07
 1.24102e-07
