scalar
part
         1
quad4
 5.76624e-07
 5.29847e-07
 4.84039e-07
 4.40772e-07
 4.00827e-07
 3.64481e-07
 3.31709e-07
 3.02320e-07
 2.76044e-07
 2.52581e-07
 2.31630e-07
 2.12910e-07
 1.96160e-07
 1.81146e-07
 1.67663e-07
 1.55529e-07
 1.44583e-07
 1.34687e-07
 1.25720e-07
 1.17575e-07
 6.80694e-07
 6.13508e-07
 5.51031e-07
 4.94409e-07
 4.43876e-07
 3.99170e-07
 3.59803e-07
 3.25200e-07
 2.94786e-07
 2.68025e-07
 2.44432e-07
 2.23583e-07
 2.05107e-07
 1.88688e-07
 1.74053e-07
 1.60968e-07
 1.49236e-07
 1.38685e-07
 1.29170e-07
 1.20564e-07
 8.03036e-07
 7.08284e-07
 6.24529e-07
 5.51655e-07
 4.88742e-07
 4.34591e-07
 3.87985e-07
 3.47799e-07
 3.13050e-07
 2.82897e-07
 2.56630e-07
 2.33656e-07
 2.13481e-07
 1.95692e-07
 1.79945e-07
 1.65953e-07
 1.53475e-07
 1.42307e-07
 1.32279e-07
 1.23245e-07
 9.43468e-07
 8.12693e-07
 7.02751e-07
 6.10838e-07
 5.34006e-07
 4.69591e-07
 4.15339e-07
 3.69400e-07
 3.30275e-07
 2.96758e-07
 2.67880e-07
 2.42860e-07
 2.21068e-07
 2.01989e-07
 1.85206e-07
 1.70375e-07
 1.57213e-07
 1.45483e-07
 1.34991e-07
 1.25572e-07
 1.09864e-06
 9.23047e-07
 7.82491e-07
 6.69406e-07
 5.77709e-07
 5.02692e-07
 4.40760e-07
 3.89172e-07
 3.45833e-07
 3.09133e-07
 2.77820e-07
 2.50917e-07
 2.27652e-07
 2.07412e-07
 1.89703e-07
 1.74129e-07
 1.60366e-07
 1.48146e-07
 1.37252e-07
 1.27500e-07
 1.26023e-06
 1.03277e-06
 8.58926e-07
 7.23919e-07
 6.17417e-07
 5.32165e-07
 4.63006e-07
 4.06218e-07
 3.59072e-07
 3.19539e-07
 2.86090e-07
 2.57554e-07
 2.33027e-07
 2.11800e-07
 1.93313e-07
 1.77119e-07
 1.62858e-07
 1.50235e-07
 1.39013e-07
 1.28992e-07
 1.41365e-06
 1.13226e-06
 9.25815e-07
 7.70285e-07
 6.50405e-07
 5.56166e-07
 4.80811e-07
 4.19650e-07
 3.69358e-07
 3.27520e-07
 2.92354e-07
 2.62523e-07
 2.37006e-07
 2.15013e-07
 1.95927e-07
 1.79260e-07
 1.64623e-07
 1.51699e-07
 1.40232e-07
 1.30012e-07
 1.53883e-06
 1.20995e-06
 9.76276e-07
 8.04280e-07
 6.74002e-07
 5.72959e-07
 4.93014e-07
 4.28679e-07
 3.76141e-07
 3.32685e-07
 2.96333e-07
 2.65619e-07
 2.39436e-07
 2.16935e-07
 1.97458e-07
 1.80487e-07
 1.65609e-07
 1.52496e-07
 1.40878e-07
 1.30538e-07
 1.61455e-06
 1.25472e-06
 1.00414e-06
 8.22302e-07
 6.86016e-07
 5.81160e-07
 4.98718e-07
 4.32704e-07
 3.79012e-07
 3.34749e-07
 2.97823e-07
 2.66695e-07
 2.40211e-07
 2.17488e-07
 1.97847e-07
 1.80753e-07
 1.65783e-07
 1.52601e-07
 1.40931e-07
 1.30551e-07
 1.62571e-06
 1.25919e-06
 1.00548e-06
 8.22147e-07
 6.85146e-07
 5.79970e-07
 4.97415e-07
 4.31395e-07
 3.77751e-07
 3.33562e-07
 2.96721e-07
 2.65679e-07
 2.39278e-07
 2.16634e-07
 1.97065e-07
 1.80038e-07
 1.65129e-07
 1.52002e-07
 1.40382e-07
 1.30046e-07
 1.56960e-06
 1.22214e-06
 9.79741e-07
 8.03533e-07
 6.71249e-07
 5.69321e-07
 4.89074e-07
 4.24739e-07
 3.72356e-07
 3.29127e-07
 2.93032e-07
 2.62577e-07
 2.36645e-07
 2.14380e-07
 1.95121e-07
 1.78349e-07
 1.63653e-07
 1.50703e-07
 1.39234e-07
 1.29027e-07
 1.45659e-06
 1.14885e-06
 9.29804e-07
 7.68154e-07
 6.45372e-07
 5.49884e-07
 4.74143e-07
 4.13047e-07
 3.63045e-07
 3.21603e-07
 2.86872e-07
 2.57477e-07
 2.32378e-07
 2.10777e-07
 1.92053e-07
 1.75716e-07
 1.61378e-07
 1.48726e-07
 1.37504e-07
 1.27506e-07
 1.30528e-06
 1.04909e-06
 8.61172e-07
 7.19273e-07
 6.09537e-07
 5.22964e-07
 4.53489e-07
 3.96908e-07
 3.50232e-07
 3.11285e-07
 2.78458e-07
 2.50538e-07
 2.26598e-07
 2.05917e-07
 1.87933e-07
 1.72197e-07
 1.58351e-07
 1.46105e-07
 1.35222e-07
 1.25507e-07
 1.13594e-06
 9.34280e-07
 7.80580e-07
 6.61023e-07
 5.66373e-07
 4.90281e-07
 4.28272e-07
 3.77126e-07
 3.34483e-07
 2.98581e-07
 2.68088e-07
 2.41983e-07
 2.19471e-07
 1.99929e-07
 1.82860e-07
 1.67868e-07
 1.54631e-07
 1.42889e-07
 1.32426e-07
 1.23063e-07
 9.65915e-07
 8.15026e-07
 6.94670e-07
 5.97676e-07
 5.18695e-07
 4.53736e-07
 3.99801e-07
 3.54620e-07
 3.16456e-07
 2.83969e-07
 2.56116e-07
 2.32077e-07
 2.11201e-07
 1.92966e-07
 1.76954e-07
 1.62823e-07
 1.50295e-07
 1.39139e-07
 1.29164e-07
 1.20212e-07
 8.07353e-07
 6.99594e-07
 6.09049e-07
 5.33057e-07
 4.69143e-07
 4.15176e-07
 3.69388e-07
 3.30334e-07
 2.96841e-07
 2.67961e-07
 2.42925e-07
 2.21110e-07
 2.02008e-07
 1.85203e-07
 1.70351e-07
 1.57171e-07
 1.45427e-07
 1.34922e-07
 1.25493e-07
 1.17000e-07
 6.67018e-07
 5.93420e-07
 5.27824e-07
 4.70199e-07
 4.19939e-07
 3.76231e-07
 3.38234e-07
 3.05160e-07
 2.76306e-07
 2.51061e-07
 2.28900e-07
 2.09380e-07
 1.92125e-07
 1.76819e-07
 1.63194e-07
 1.51024e-07
 1.40118e-07
 1.30313e-07
 1.21472e-07
 1.13475e-07
 5.47291e-07
 4.99324e-07
 4.53557e-07
 4.11221e-07
 3.72766e-07
 3.38211e-07
 3.07352e-07
 2.79881e-07
 2.55456e-07
 2.33738e-07
 2.14406e-07
 1.97172e-07
 1.81778e-07
 1.67995e-07
 1.55627e-07
 1.44499e-07
 1.34463e-07
 1.25389e-07
 1.17164e-07
 1.09690e-07
 4.47658e-07
 4.18130e-07
 3.87490e-07
 3.57389e-07
 3.28760e-07
 3.02078e-07
 2.77532e-07
 2.55135e-07
 2.34804e-07
 2.16403e-07
 1.99773e-07
 1.84751e-07
 1.71178e-07
 1.58902e-07
 1.47788e-07
 1.37709e-07
 1.28554e-07
 1.20225e-07
 1.12632e-07
 1.05697e-07
 3.66058e-07
 3.49358e-07
 3.29890e-07
 3.09271e-07
 2.88571e-07
 2.68461e-07
 2.49337e-07
 2.31408e-07
 2.14758e-07
 1.99396e-07
 1.85282e-07
 1.72349e-07
 1.60516e-07
 1.49698e-07
 1.39807e-07
 1.30760e-07
 1.22481e-07
 1.14895e-07
 1.07937e-07
 1.01548e-07
