scalar
part
         1
quad4
 3.40142e-07
 3.29250e-07
 3.14537e-07
 2.97750e-07
 2.80101e-07
 2.62401e-07
 2.45168e-07
 2.28715e-07
 2.13214e-07
 1.98743e-07
 1.85316e-07
 1.72911e-07
 1.61481e-07
 1.50967e-07
 1.41303e-07
 1.32423e-07
 1.24263e-07
 1.16758e-07
 1.09853e-07
 1.03493e-07
 4.22201e-07
 3.99308e-07
 3.73885e-07
 3.47824e-07
 3.22294e-07
 2.97970e-07
 2.75207e-07
 2.54153e-07
 2.34826e-07
 2.17172e-07
 2.01094e-07
 1.86473e-07
 1.73186e-07
 1.61111e-07
 1.50129e-07
 1.40133e-07
 1.31023e-07
 1.22709e-07
 1.15109e-07
 1.08151e-07
 5.23692e-07
 4.83082e-07
 4.42816e-07
 4.04541e-07
 3.69055e-07
 3.36654e-07
 3.07346e-07
 2.80982e-07
 2.57338e-07
 2.36161e-07
 2.17195e-07
 2.00197e-07
 1.84944e-07
 1.71234e-07
 1.58887e-07
 1.47744e-07
 1.37667e-07
 1.28533e-07
 1.20235e-07
 1.12680e-07
 6.47443e-07
 5.81586e-07
 5.21419e-07
 4.67553e-07
 4.19867e-07
 3.77901e-07
 3.41062e-07
 3.08738e-07
 2.80348e-07
 2.55368e-07
 2.33335e-07
 2.13847e-07
 1.96558e-07
 1.81173e-07
 1.67439e-07
 1.55142e-07
 1.44098e-07
 1.34150e-07
 1.25163e-07
 1.17021e-07
 7.95010e-07
 6.94638e-07
 6.08823e-07
 5.35800e-07
 4.73701e-07
 4.20797e-07
 3.75580e-07
 3.36779e-07
 3.03333e-07
 2.74370e-07
 2.49170e-07
 2.27142e-07
 2.07800e-07
 1.90743e-07
 1.75637e-07
 1.62205e-07
 1.50217e-07
 1.39478e-07
 1.29824e-07
 1.21119e-07
 9.65272e-07
 8.20076e-07
 7.02782e-07
 6.07296e-07
 5.28914e-07
 4.64026e-07
 4.09864e-07
 3.64292e-07
 3.25656e-07
 2.92666e-07
 2.64307e-07
 2.39775e-07
 2.18427e-07
 1.99749e-07
 1.83322e-07
 1.68805e-07
 1.55919e-07
 1.44431e-07
 1.34150e-07
 1.24914e-07
 1.15270e-06
 9.52944e-07
 7.99326e-07
 6.78999e-07
 5.83219e-07
 5.05882e-07
 4.42636e-07
 3.90320e-07
 3.46595e-07
 3.09708e-07
 2.78324e-07
 2.51416e-07
 2.28182e-07
 2.07989e-07
 1.90334e-07
 1.74814e-07
 1.61101e-07
 1.48926e-07
 1.38071e-07
 1.28351e-07
 1.34573e-06
 1.08494e-06
 8.92630e-07
 7.46844e-07
 6.33765e-07
 5.44345e-07
 4.72451e-07
 4.13812e-07
 3.65376e-07
 3.24919e-07
 2.90789e-07
 2.61738e-07
 2.36811e-07
 2.15265e-07
 1.96519e-07
 1.80110e-07
 1.65665e-07
 1.52884e-07
 1.41523e-07
 1.31378e-07
 1.52605e-06
 1.20452e-06
 9.75339e-07
 8.06045e-07
 6.77371e-07
 5.77254e-07
 4.97811e-07
 4.33712e-07
 3.81241e-07
 3.37746e-07
 3.01289e-07
 2.70430e-07
 2.44078e-07
 2.21397e-07
 2.01735e-07
 1.84580e-07
 1.69522e-07
 1.56234e-07
 1.44449e-07
 1.33948e-07
 1.67002e-06
 1.29828e-06
 1.03949e-06
 8.51694e-07
 7.10906e-07
 6.02550e-07
 5.17325e-07
 4.49056e-07
 3.93508e-07
 3.47696e-07
 3.09464e-07
 2.77222e-07
 2.49780e-07
 2.26227e-07
 2.05860e-07
 1.88129e-07
 1.72598e-07
 1.58915e-07
 1.46800e-07
 1.36020e-07
 1.75382e-06
 1.35370e-06
 1.07807e-06
 8.79628e-07
 7.31786e-07
 6.18568e-07
 5.29883e-07
 4.59084e-07
 4.01643e-07
 3.54387e-07
 3.15033e-07
 2.81907e-07
 2.53759e-07
 2.29635e-07
 2.08801e-07
 1.90685e-07
 1.74833e-07
 1.60881e-07
 1.48538e-07
 1.37564e-07
 1.76205e-06
 1.36299e-06
 1.08677e-06
 8.87322e-07
 7.38451e-07
 6.24302e-07
 5.34813e-07
 4.63333e-07
 4.05320e-07
 3.57582e-07
 3.17823e-07
 2.84355e-07
 2.55915e-07
 2.31544e-07
 2.10498e-07
 1.92200e-07
 1.76190e-07
 1.62101e-07
 1.49639e-07
 1.38561e-07
 1.69499e-06
 1.32588e-06
 1.06527e-06
 8.74502e-07
 7.30679e-07
 6.19578e-07
 5.31980e-07
 4.61697e-07
 4.04454e-07
 3.57214e-07
 3.17779e-07
 2.84521e-07
 2.56214e-07
 2.31925e-07
 2.10927e-07
 1.92653e-07
 1.76652e-07
 1.62561e-07
 1.50090e-07
 1.38998e-07
 1.56854e-06
 1.24979e-06
 1.01734e-06
 8.43189e-07
 7.09615e-07
 6.05069e-07
 5.21792e-07
 4.54432e-07
 3.99207e-07
 3.53390e-07
 3.14972e-07
 2.82451e-07
 2.54687e-07
 2.30799e-07
 2.10102e-07
 1.92055e-07
 1.76225e-07
 1.62265e-07
 1.49894e-07
 1.38879e-07
 1.40669e-06
 1.14696e-06
 9.49600e-07
 7.97159e-07
 6.77505e-07
 5.82162e-07
 5.05133e-07
 4.42114e-07
 3.89968e-07
 3.46373e-07
 3.09585e-07
 2.78277e-07
 2.51426e-07
 2.28234e-07
 2.08073e-07
 1.90441e-07
 1.74937e-07
 1.61235e-07
 1.49067e-07
 1.38216e-07
 1.23264e-06
 1.03056e-06
 8.69734e-07
 7.41048e-07
 6.37234e-07
 5.52703e-07
 4.83215e-07
 4.25559e-07
 3.77295e-07
 3.36555e-07
 3.01897e-07
 2.72199e-07
 2.46579e-07
 2.24339e-07
 2.04921e-07
 1.87875e-07
 1.72836e-07
 1.59505e-07
 1.47638e-07
 1.37030e-07
 1.06349e-06
 9.11685e-07
 7.84869e-07
 6.79464e-07
 5.91824e-07
 5.18710e-07
 4.57410e-07
 4.05717e-07
 3.61857e-07
 3.24413e-07
 2.92254e-07
 2.64471e-07
 2.40335e-07
 2.19256e-07
 2.00754e-07
 1.84438e-07
 1.69985e-07
 1.57128e-07
 1.45645e-07
 1.35352e-07
 9.09184e-07
 7.98079e-07
 7.00605e-07
 6.16348e-07
 5.44034e-07
 4.82121e-07
 4.29091e-07
 3.83568e-07
 3.44362e-07
 3.10466e-07
 2.81038e-07
 2.55379e-07
 2.32910e-07
 2.13150e-07
 1.95700e-07
 1.80230e-07
 1.66461e-07
 1.54163e-07
 1.43138e-07
 1.33223e-07
 7.73968e-07
 6.94203e-07
 6.20738e-07
 5.54680e-07
 4.96118e-07
 4.44616e-07
 3.99502e-07
 3.60038e-07
 3.25502e-07
 2.95233e-07
 2.68644e-07
 2.45224e-07
 2.24535e-07
 2.06199e-07
 1.89899e-07
 1.75360e-07
 1.62353e-07
 1.50679e-07
 1.40172e-07
 1.30686e-07
 6.58394e-07
 6.01985e-07
 5.47453e-07
 4.96452e-07
 4.49742e-07
 4.07529e-07
 3.69692e-07
 3.35940e-07
 3.05905e-07
 2.79200e-07
 2.55448e-07
 2.34300e-07
 2.15440e-07
 1.98586e-07
 1.83492e-07
 1.69943e-07
 1.57751e-07
 1.46752e-07
 1.36806e-07
 1.27790e-07
