scalar
part
         1
quad4
 5.76989e-07
 5.31183e-07
 4.86055e-07
 4.43248e-07
 4.03601e-07
 3.67432e-07
 3.34750e-07
 3.05388e-07
 2.79093e-07
 2.55579e-07
 2.34556e-07
 2.15749e-07
 1.98903e-07
 1.83790e-07
 1.70204e-07
 1.57968e-07
 1.46921e-07
 1.36927e-07
 1.27865e-07
 1.19629e-07
 6.83530e-07
 6.17059e-07
 5.55004e-07
 4.98601e-07
 4.48148e-07
 4.03427e-07
 3.63981e-07
 3.29259e-07
 2.98701e-07
 2.71781e-07
 2.48024e-07
 2.27008e-07
 2.08368e-07
 1.91789e-07
 1.77000e-07
 1.63769e-07
 1.51898e-07
 1.41215e-07
 1.31575e-07
 1.22852e-07
 8.09321e-07
 7.14775e-07
 6.30997e-07
 5.57963e-07
 4.94811e-07
 4.40378e-07
 3.93470e-07
 3.52978e-07
 3.17929e-07
 2.87487e-07
 2.60944e-07
 2.37711e-07
 2.17293e-07
 1.99278e-07
 1.83320e-07
 1.69133e-07
 1.56473e-07
 1.45137e-07
 1.34953e-07
 1.25774e-07
 9.54434e-07
 8.22987e-07
 7.12324e-07
 6.19697e-07
 5.42184e-07
 4.77134e-07
 4.22297e-07
 3.75822e-07
 3.36208e-07
 3.02248e-07
 2.72968e-07
 2.47584e-07
 2.25461e-07
 2.06082e-07
 1.89026e-07
 1.73946e-07
 1.60557e-07
 1.48621e-07
 1.37939e-07
 1.28346e-07
 1.11575e-06
 9.38108e-07
 7.95815e-07
 6.81256e-07
 5.88302e-07
 5.12205e-07
 4.49340e-07
 3.96943e-07
 3.52899e-07
 3.15580e-07
 2.83723e-07
 2.56339e-07
 2.32647e-07
 2.12026e-07
 1.93978e-07
 1.78100e-07
 1.64062e-07
 1.51595e-07
 1.40476e-07
 1.30521e-07
 1.28508e-06
 1.05358e-06
 8.76626e-07
 7.39166e-07
 6.30690e-07
 5.43826e-07
 4.73330e-07
 4.15421e-07
 3.67325e-07
 3.26981e-07
 2.92833e-07
 2.63691e-07
 2.38635e-07
 2.16944e-07
 1.98048e-07
 1.81491e-07
 1.66907e-07
 1.53995e-07
 1.42513e-07
 1.32259e-07
 1.44775e-06
 1.15969e-06
 9.48409e-07
 7.89244e-07
 6.66556e-07
 5.70098e-07
 4.92954e-07
 4.30332e-07
 3.78827e-07
 3.35973e-07
 2.99946e-07
 2.69380e-07
 2.43228e-07
 2.20685e-07
 2.01119e-07
 1.84031e-07
 1.69021e-07
 1.55766e-07
 1.44005e-07
 1.33522e-07
 1.58329e-06
 1.24458e-06
 1.00407e-06
 8.27116e-07
 6.93115e-07
 5.89201e-07
 5.06993e-07
 4.40841e-07
 3.86821e-07
 3.42139e-07
 3.04763e-07
 2.73183e-07
 2.46261e-07
 2.23125e-07
 2.03097e-07
 1.85646e-07
 1.70348e-07
 1.56863e-07
 1.44916e-07
 1.34282e-07
 1.66971e-06
 1.29665e-06
 1.03713e-06
 8.48971e-07
 7.08032e-07
 5.99653e-07
 5.14476e-07
 4.46296e-07
 3.90858e-07
 3.45166e-07
 3.07057e-07
 2.74937e-07
 2.47613e-07
 2.24173e-07
 2.03914e-07
 1.86285e-07
 1.70848e-07
 1.57255e-07
 1.45223e-07
 1.34521e-07
 1.69083e-06
 1.30788e-06
 1.04328e-06
 8.52351e-07
 7.09840e-07
 6.00541e-07
 5.14818e-07
 4.46310e-07
 3.90678e-07
 3.44874e-07
 3.06703e-07
 2.74554e-07
 2.47220e-07
 2.23783e-07
 2.03534e-07
 1.85920e-07
 1.70501e-07
 1.56926e-07
 1.44913e-07
 1.34230e-07
 1.64266e-06
 1.27634e-06
 1.02152e-06
 8.36714e-07
 6.98229e-07
 5.91685e-07
 5.07909e-07
 4.40818e-07
 3.86240e-07
 3.41237e-07
 3.03685e-07
 2.72022e-07
 2.45075e-07
 2.21950e-07
 2.01956e-07
 1.84551e-07
 1.69306e-07
 1.55877e-07
 1.43986e-07
 1.33408e-07
 1.53440e-06
 1.20667e-06
 9.74390e-07
 8.03535e-07
 6.74103e-07
 5.73662e-07
 4.94135e-07
 4.30082e-07
 3.77729e-07
 3.34388e-07
 2.98100e-07
 2.67415e-07
 2.41235e-07
 2.18718e-07
 1.99213e-07
 1.82205e-07
 1.67285e-07
 1.54124e-07
 1.42458e-07
 1.32067e-07
 1.38410e-06
 1.10833e-06
 9.07172e-07
 7.55936e-07
 6.39392e-07
 5.47711e-07
 4.74314e-07
 4.14660e-07
 3.65534e-07
 3.24604e-07
 2.90152e-07
 2.60883e-07
 2.35811e-07
 2.14173e-07
 1.95371e-07
 1.78932e-07
 1.64478e-07
 1.51701e-07
 1.40353e-07
 1.30229e-07
 1.21234e-06
 9.92790e-07
 8.26593e-07
 6.98023e-07
 5.96692e-07
 5.15526e-07
 4.49585e-07
 3.95336e-07
 3.50206e-07
 3.12283e-07
 2.80127e-07
 2.52638e-07
 2.28964e-07
 2.08436e-07
 1.90525e-07
 1.74808e-07
 1.60943e-07
 1.48653e-07
 1.37709e-07
 1.27923e-07
 1.03736e-06
 8.71044e-07
 7.39470e-07
 6.34146e-07
 5.48852e-07
 4.79021e-07
 4.21260e-07
 3.73029e-07
 3.32400e-07
 2.97897e-07
 2.68377e-07
 2.42945e-07
 2.20893e-07
 2.01660e-07
 1.84793e-07
 1.69924e-07
 1.56755e-07
 1.45039e-07
 1.34574e-07
 1.25188e-07
 8.72419e-07
 7.51917e-07
 6.51700e-07
 5.68285e-07
 4.98601e-07
 4.40090e-07
 3.90678e-07
 3.48697e-07
 3.12815e-07
 2.81964e-07
 2.55286e-07
 2.32092e-07
 2.11821e-07
 1.94018e-07
 1.78309e-07
 1.64387e-07
 1.51997e-07
 1.40927e-07
 1.31001e-07
 1.22068e-07
 7.25195e-07
 6.41395e-07
 5.67713e-07
 5.03665e-07
 4.48273e-07
 4.00434e-07
 3.59082e-07
 3.23260e-07
 2.92135e-07
 2.64997e-07
 2.41247e-07
 2.20382e-07
 2.01981e-07
 1.85691e-07
 1.71217e-07
 1.58310e-07
 1.46760e-07
 1.36390e-07
 1.27050e-07
 1.18613e-07
 5.98711e-07
 5.42743e-07
 4.90364e-07
 4.42594e-07
 3.99675e-07
 3.61443e-07
 3.27540e-07
 2.97535e-07
 2.70989e-07
 2.47483e-07
 2.26635e-07
 2.08108e-07
 1.91604e-07
 1.76863e-07
 1.63664e-07
 1.51811e-07
 1.41140e-07
 1.31506e-07
 1.22786e-07
 1.14873e-07
 4.92817e-07
 4.57090e-07
 4.21128e-07
 3.86505e-07
 3.54059e-07
 3.24158e-07
 2.96895e-07
 2.72199e-07
 2.49916e-07
 2.29849e-07
 2.11794e-07
 1.95544e-07
 1.80909e-07
 1.67711e-07
 1.55791e-07
 1.45007e-07
 1.35231e-07
 1.26352e-07
 1.18272e-07
 1.10903e-07
 4.05615e-07
 3.84143e-07
 3.60430e-07
 3.36094e-07
 3.12171e-07
 2.89281e-07
 2.67764e-07
 2.47776e-07
 2.29352e-07
 2.12458e-07
 1.97018e-07
 1.82932e-07
 1.70095e-07
 1.58397e-07
 1.47734e-07
 1.38007e-07
 1.29125e-07
 1.21004e-07
 1.13571e-07
 1.06755e-07
