scalar
part
         1
quad4
 4.40509e-07
 4.12982e-07
 3.84026e-07
 3.55253e-07
 3.27636e-07
 3.01703e-07
 2.77698e-07
 2.55683e-07
 2.35614e-07
 2.17385e-07
 2.00862e-07
 1.85898e-07
 1.72347e-07
 1.60069e-07
 1.48934e-07
 1.38823e-07
 1.29628e-07
 1.21253e-07
 1.13612e-07
 1.06628e-07
 5.30362e-07
 4.87200e-07
 4.45034e-07
 4.05345e-07
 3.68816e-07
 3.35655e-07
 3.05799e-07
 2.79048e-07
 2.55135e-07
 2.33778e-07
 2.14698e-07
 1.97635e-07
 1.82354e-07
 1.68641e-07
 1.56312e-07
 1.45202e-07
 1.35167e-07
 1.26083e-07
 1.17840e-07
 1.10344e-07
 6.38442e-07
 5.73419e-07
 5.13821e-07
 4.60394e-07
 4.13089e-07
 3.71472e-07
 3.34965e-07
 3.02957e-07
 2.74867e-07
 2.50171e-07
 2.28405e-07
 2.09167e-07
 1.92113e-07
 1.76948e-07
 1.63421e-07
 1.51317e-07
 1.40453e-07
 1.30673e-07
 1.21843e-07
 1.13850e-07
 7.66009e-07
 6.71402e-07
 5.89559e-07
 5.19423e-07
 4.59516e-07
 4.08332e-07
 3.64502e-07
 3.26840e-07
 2.94346e-07
 2.66188e-07
 2.41679e-07
 2.20248e-07
 2.01428e-07
 1.84829e-07
 1.70129e-07
 1.57060e-07
 1.45396e-07
 1.34950e-07
 1.25561e-07
 1.17097e-07
 9.12151e-07
 7.79253e-07
 6.70267e-07
 5.80681e-07
 5.06653e-07
 4.45079e-07
 3.93501e-07
 3.49985e-07
 3.13016e-07
 2.81396e-07
 2.54179e-07
 2.30610e-07
 2.10085e-07
 1.92114e-07
 1.76301e-07
 1.62322e-07
 1.49909e-07
 1.38841e-07
 1.28935e-07
 1.20035e-07
 1.07224e-06
 8.92721e-07
 7.52523e-07
 6.41545e-07
 5.52531e-07
 4.80244e-07
 4.20863e-07
 3.71570e-07
 3.30255e-07
 2.95321e-07
 2.65543e-07
 2.39972e-07
 2.17865e-07
 1.98631e-07
 1.81801e-07
 1.66994e-07
 1.53904e-07
 1.42277e-07
 1.31906e-07
 1.22617e-07
 1.23648e-06
 1.00476e-06
 8.31388e-07
 6.98572e-07
 5.94735e-07
 5.12115e-07
 4.45364e-07
 3.90704e-07
 3.45410e-07
 3.07476e-07
 2.75405e-07
 2.48056e-07
 2.24554e-07
 2.04214e-07
 1.86497e-07
 1.70974e-07
 1.57299e-07
 1.45191e-07
 1.34422e-07
 1.24801e-07
 1.38958e-06
 1.10577e-06
 9.00747e-07
 7.47774e-07
 6.30606e-07
 5.38884e-07
 4.65747e-07
 4.06500e-07
 3.57842e-07
 3.17398e-07
 2.83420e-07
 2.54604e-07
 2.29957e-07
 2.08713e-07
 1.90275e-07
 1.74170e-07
 1.60022e-07
 1.47526e-07
 1.36436e-07
 1.26548e-07
 1.51256e-06
 1.18491e-06
 9.54110e-07
 7.85125e-07
 6.57563e-07
 5.58848e-07
 4.80860e-07
 4.18160e-07
 3.66989e-07
 3.24679e-07
 2.89292e-07
 2.59395e-07
 2.33907e-07
 2.12001e-07
 1.93035e-07
 1.76506e-07
 1.62012e-07
 1.49234e-07
 1.37910e-07
 1.27828e-07
 1.58700e-06
 1.23226e-06
 9.85809e-07
 8.07224e-07
 6.73483e-07
 5.70634e-07
 4.89790e-07
 4.25061e-07
 3.72415e-07
 3.29010e-07
 2.92796e-07
 2.62263e-07
 2.36280e-07
 2.13983e-07
 1.94706e-07
 1.77925e-07
 1.63227e-07
 1.50280e-07
 1.38817e-07
 1.28619e-07
 1.60043e-06
 1.24133e-06
 9.92236e-07
 8.11949e-07
 6.77062e-07
 5.73410e-07
 4.91987e-07
 4.26830e-07
 3.73861e-07
 3.30207e-07
 2.93798e-07
 2.63111e-07
 2.37003e-07
 2.14605e-07
 1.95245e-07
 1.78395e-07
 1.63639e-07
 1.50644e-07
 1.39140e-07
 1.28906e-07
 1.55059e-06
 1.21096e-06
 9.72738e-07
 7.98910e-07
 6.68052e-07
 5.67014e-07
 4.87342e-07
 4.23392e-07
 3.71273e-07
 3.28230e-07
 2.92269e-07
 2.61915e-07
 2.36059e-07
 2.13853e-07
 1.94641e-07
 1.77907e-07
 1.63243e-07
 1.50320e-07
 1.38873e-07
 1.28686e-07
 1.44647e-06
 1.14571e-06
 9.29793e-07
 7.69534e-07
 6.47313e-07
 5.51983e-07
 4.76203e-07
 4.14976e-07
 3.64806e-07
 3.23188e-07
 2.88286e-07
 2.58732e-07
 2.33488e-07
 2.11757e-07
 1.92917e-07
 1.76478e-07
 1.62050e-07
 1.49317e-07
 1.38026e-07
 1.27966e-07
 1.30523e-06
 1.05452e-06
 8.68395e-07
 7.26754e-07
 6.16646e-07
 5.29463e-07
 4.59318e-07
 4.02086e-07
 3.54809e-07
 3.15325e-07
 2.82024e-07
 2.53688e-07
 2.29384e-07
 2.08387e-07
 1.90126e-07
 1.74149e-07
 1.60093e-07
 1.47662e-07
 1.36617e-07
 1.26761e-07
 1.14649e-06
 9.48261e-07
 7.94864e-07
 6.74411e-07
 5.78467e-07
 5.01021e-07
 4.37735e-07
 3.85439e-07
 3.41782e-07
 3.04997e-07
 2.73739e-07
 2.46973e-07
 2.23888e-07
 2.03849e-07
 1.86350e-07
 1.70984e-07
 1.57421e-07
 1.45392e-07
 1.34678e-07
 1.25095e-07
 9.87110e-07
 8.37157e-07
 7.15549e-07
 6.16545e-07
 5.35417e-07
 4.68426e-07
 4.12663e-07
 3.65877e-07
 3.26322e-07
 2.92635e-07
 2.63750e-07
 2.38821e-07
 2.17178e-07
 1.98280e-07
 1.81692e-07
 1.67061e-07
 1.54097e-07
 1.42559e-07
 1.32249e-07
 1.23001e-07
 8.38526e-07
 7.29126e-07
 6.35825e-07
 5.56816e-07
 4.90009e-07
 4.33425e-07
 3.85335e-07
 3.44283e-07
 3.09070e-07
 2.78712e-07
 2.52406e-07
 2.29498e-07
 2.09454e-07
 1.91833e-07
 1.76274e-07
 1.62478e-07
 1.50196e-07
 1.39220e-07
 1.29376e-07
 1.20518e-07
 7.06722e-07
 6.29260e-07
 5.59619e-07
 4.98136e-07
 4.44376e-07
 3.97578e-07
 3.56896e-07
 3.21504e-07
 2.90658e-07
 2.63700e-07
 2.40068e-07
 2.19279e-07
 2.00929e-07
 1.84674e-07
 1.70224e-07
 1.57335e-07
 1.45799e-07
 1.35442e-07
 1.26115e-07
 1.17688e-07
 5.93563e-07
 5.40136e-07
 4.89371e-07
 4.42554e-07
 4.00151e-07
 3.62158e-07
 3.28326e-07
 2.98293e-07
 2.71664e-07
 2.48048e-07
 2.27082e-07
 2.08435e-07
 1.91817e-07
 1.76972e-07
 1.63677e-07
 1.51740e-07
 1.40995e-07
 1.31296e-07
 1.22520e-07
 1.14560e-07
 4.98403e-07
 4.62494e-07
 4.26281e-07
 3.91315e-07
 3.58457e-07
 3.28113e-07
 3.00402e-07
 2.75276e-07
 2.52589e-07
 2.32154e-07
 2.13766e-07
 1.97219e-07
 1.82320e-07
 1.68889e-07
 1.56765e-07
 1.45801e-07
 1.35868e-07
 1.26852e-07
 1.18653e-07
 1.11180e-07
