scalar
part
         1
quad4
 5.07661e-07
 4.72131e-07
 4.35929e-07
 4.00745e-07
 3.67534e-07
 3.36766e-07
 3.08599e-07
 2.83009e-07
 2.59868e-07
 2.38996e-07
 2.20193e-07
 2.03257e-07
 1.87994e-07
 1.74225e-07
 1.61786e-07
 1.50531e-07
 1.40328e-07
 1.31062e-07
 1.22630e-07
 1.14942e-07
 6.07443e-07
 5.53703e-07
 5.02327e-07
 4.54759e-07
 4.11557e-07
 3.72770e-07
 3.38176e-07
 3.07429e-07
 2.80139e-07
 2.55916e-07
 2.34393e-07
 2.15238e-07
 1.98157e-07
 1.82890e-07
 1.69209e-07
 1.56921e-07
 1.45853e-07
 1.35860e-07
 1.26814e-07
 1.18605e-07
 7.26675e-07
 6.47757e-07
 5.76571e-07
 5.13590e-07
 4.58438e-07
 4.10377e-07
 3.68561e-07
 3.32158e-07
 3.00411e-07
 2.72651e-07
 2.48304e-07
 2.26877e-07
 2.07956e-07
 1.91189e-07
 1.76278e-07
 1.62973e-07
 1.51062e-07
 1.40364e-07
 1.30726e-07
 1.22018e-07
 8.66254e-07
 7.53640e-07
 6.57471e-07
 5.75971e-07
 5.07025e-07
 4.48608e-07
 3.98947e-07
 3.56543e-07
 3.20161e-07
 2.88786e-07
 2.61594e-07
 2.37909e-07
 2.17178e-07
 1.98951e-07
 1.82852e-07
 1.68574e-07
 1.55861e-07
 1.44497e-07
 1.34304e-07
 1.25128e-07
 1.02442e-06
 8.68740e-07
 7.42512e-07
 6.39779e-07
 5.55617e-07
 4.86136e-07
 4.28309e-07
 3.79795e-07
 3.38781e-07
 3.03851e-07
 2.73898e-07
 2.48046e-07
 2.25599e-07
 2.05998e-07
 1.88791e-07
 1.73612e-07
 1.60160e-07
 1.48186e-07
 1.37486e-07
 1.27888e-07
 1.19499e-06
 9.87740e-07
 8.27580e-07
 7.01953e-07
 6.01972e-07
 5.21317e-07
 4.55441e-07
 4.01023e-07
 3.55605e-07
 3.17344e-07
 2.84835e-07
 2.56999e-07
 2.32992e-07
 2.12154e-07
 1.93956e-07
 1.77975e-07
 1.63870e-07
 1.51360e-07
 1.40217e-07
 1.30249e-07
 1.36583e-06
 1.10225e-06
 9.06981e-07
 7.58621e-07
 6.43428e-07
 5.52301e-07
 4.79035e-07
 4.19288e-07
 3.69953e-07
 3.28763e-07
 2.94031e-07
 2.64483e-07
 2.39143e-07
 2.17253e-07
 1.98217e-07
 1.81563e-07
 1.66911e-07
 1.53955e-07
 1.42443e-07
 1.32169e-07
 1.51889e-06
 1.20135e-06
 9.73949e-07
 8.05477e-07
 6.77172e-07
 5.77203e-07
 4.97801e-07
 4.33689e-07
 3.81183e-07
 3.37645e-07
 3.01145e-07
 2.70246e-07
 2.43859e-07
 2.21148e-07
 2.01462e-07
 1.84287e-07
 1.69215e-07
 1.55915e-07
 1.44121e-07
 1.33614e-07
 1.63310e-06
 1.27340e-06
 1.02171e-06
 8.38408e-07
 7.00612e-07
 5.94336e-07
 5.10610e-07
 4.43454e-07
 3.88755e-07
 3.43604e-07
 3.05897e-07
 2.74080e-07
 2.46986e-07
 2.23724e-07
 2.03602e-07
 1.86079e-07
 1.70726e-07
 1.57198e-07
 1.45217e-07
 1.34556e-07
 1.69006e-06
 1.30878e-06
 1.04490e-06
 8.54242e-07
 7.11793e-07
 6.02453e-07
 5.16642e-07
 4.48027e-07
 3.92283e-07
 3.46367e-07
 3.08091e-07
 2.75843e-07
 2.48419e-07
 2.24898e-07
 2.04574e-07
 1.86890e-07
 1.71407e-07
 1.57775e-07
 1.45708e-07
 1.34977e-07
 1.68007e-06
 1.30254e-06
 1.04078e-06
 8.51390e-07
 7.09747e-07
 6.00942e-07
 5.15496e-07
 4.47140e-07
 3.91582e-07
 3.45805e-07
 3.07634e-07
 2.75467e-07
 2.48105e-07
 2.24635e-07
 2.04350e-07
 1.86698e-07
 1.71242e-07
 1.57631e-07
 1.45583e-07
 1.34867e-07
 1.60541e-06
 1.25578e-06
 1.00992e-06
 8.30178e-07
 6.94669e-07
 5.89921e-07
 5.07249e-07
 4.40843e-07
 3.86689e-07
 3.41943e-07
 3.04544e-07
 2.72964e-07
 2.46056e-07
 2.22940e-07
 2.02936e-07
 1.85509e-07
 1.70234e-07
 1.56771e-07
 1.44845e-07
 1.34229e-07
 1.47909e-06
 1.17519e-06
 9.56028e-07
 7.92755e-07
 6.67867e-07
 5.70220e-07
 4.92444e-07
 4.29501e-07
 3.77853e-07
 3.34957e-07
 2.98947e-07
 2.68428e-07
 2.42340e-07
 2.19867e-07
 2.00372e-07
 1.83352e-07
 1.68407e-07
 1.55213e-07
 1.43507e-07
 1.33075e-07
 1.32041e-06
 1.07111e-06
 8.84971e-07
 7.42629e-07
 6.31520e-07
 5.43241e-07
 4.72007e-07
 4.13744e-07
 3.65513e-07
 3.25158e-07
 2.91069e-07
 2.62023e-07
 2.37079e-07
 2.15506e-07
 1.96727e-07
 1.80283e-07
 1.65803e-07
 1.52990e-07
 1.41598e-07
 1.31425e-07
 1.14921e-06
 9.54864e-07
 8.03508e-07
 6.83981e-07
 5.88303e-07
 5.10741e-07
 4.47126e-07
 3.94391e-07
 3.50246e-07
 3.12960e-07
 2.81211e-07
 2.53972e-07
 2.30442e-07
 2.09987e-07
 1.92101e-07
 1.76377e-07
 1.62483e-07
 1.50150e-07
 1.39154e-07
 1.29312e-07
 9.81577e-07
 8.36517e-07
 7.18045e-07
 6.20979e-07
 5.40986e-07
 4.74601e-07
 4.19102e-07
 3.72360e-07
 3.32709e-07
 2.98842e-07
 2.69726e-07
 2.44540e-07
 2.22629e-07
 2.03463e-07
 1.86612e-07
 1.71727e-07
 1.58519e-07
 1.46751e-07
 1.36224e-07
 1.26772e-07
 8.27874e-07
 7.23516e-07
 6.33784e-07
 5.57242e-07
 4.92101e-07
 4.36612e-07
 3.89216e-07
 3.48577e-07
 3.13582e-07
 2.83306e-07
 2.56992e-07
 2.34015e-07
 2.13860e-07
 1.96103e-07
 1.80393e-07
 1.66439e-07
 1.53996e-07
 1.42860e-07
 1.32860e-07
 1.23849e-07
 6.93131e-07
 6.20418e-07
 5.54371e-07
 4.95551e-07
 4.43730e-07
 3.98324e-07
 3.58622e-07
 3.23908e-07
 2.93516e-07
 2.66849e-07
 2.43389e-07
 2.22687e-07
 2.04361e-07
 1.88086e-07
 1.73586e-07
 1.60624e-07
 1.49003e-07
 1.38550e-07
 1.29121e-07
 1.20592e-07
 5.78485e-07
 5.29327e-07
 4.81958e-07
 4.37788e-07
 3.97417e-07
 3.60962e-07
 3.28281e-07
 2.99101e-07
 2.73094e-07
 2.49925e-07
 2.29272e-07
 2.10838e-07
 1.94356e-07
 1.79589e-07
 1.66330e-07
 1.54397e-07
 1.43631e-07
 1.33895e-07
 1.25070e-07
 1.17051e-07
 4.82774e-07
 4.50605e-07
 4.17487e-07
 3.85031e-07
 3.54177e-07
 3.25413e-07
 2.98937e-07
 2.74765e-07
 2.52812e-07
 2.32933e-07
 2.14963e-07
 1.98726e-07
 1.84052e-07
 1.70780e-07
 1.58764e-07
 1.47868e-07
 1.37973e-07
 1.28972e-07
 1.20768e-07
 1.13277e-07
