scalar
part
         1
quad4
 3.37249e-07
 3.26425e-07
 3.11851e-07
 2.95240e-07
 2.77780e-07
 2.60270e-07
 2.43219e-07
 2.26935e-07
 2.11590e-07
 1.97260e-07
 1.83960e-07
 1.71669e-07
 1.60341e-07
 1.49919e-07
 1.40337e-07
 1.31531e-07
 1.23436e-07
 1.15991e-07
 1.09139e-07
 1.02827e-07
 4.18467e-07
 3.95779e-07
 3.70623e-07
 3.44848e-07
 3.19599e-07
 2.95539e-07
 2.73017e-07
 2.52179e-07
 2.33045e-07
 2.15561e-07
 1.99633e-07
 1.85144e-07
 1.71974e-07
 1.60002e-07
 1.49112e-07
 1.39198e-07
 1.30160e-07
 1.21910e-07
 1.14369e-07
 1.07463e-07
 5.18875e-07
 4.78692e-07
 4.38881e-07
 4.01041e-07
 3.65953e-07
 3.33906e-07
 3.04908e-07
 2.78813e-07
 2.55402e-07
 2.34425e-07
 2.15633e-07
 1.98786e-07
 1.83665e-07
 1.70069e-07
 1.57823e-07
 1.46769e-07
 1.36770e-07
 1.27705e-07
 1.19470e-07
 1.11970e-07
 6.41264e-07
 5.76174e-07
 5.16722e-07
 4.63486e-07
 4.16341e-07
 3.74832e-07
 3.38378e-07
 3.06379e-07
 2.78263e-07
 2.53515e-07
 2.31679e-07
 2.12360e-07
 1.95216e-07
 1.79957e-07
 1.66333e-07
 1.54132e-07
 1.43172e-07
 1.33298e-07
 1.24376e-07
 1.16293e-07
 7.87183e-07
 6.88068e-07
 6.03308e-07
 5.31151e-07
 4.69754e-07
 4.17419e-07
 3.72667e-07
 3.34246e-07
 3.01114e-07
 2.72412e-07
 2.47432e-07
 2.25590e-07
 2.06406e-07
 1.89484e-07
 1.74495e-07
 1.61165e-07
 1.49265e-07
 1.38604e-07
 1.29020e-07
 1.20375e-07
 9.55583e-07
 8.12288e-07
 6.96457e-07
 6.02095e-07
 5.24583e-07
 4.60376e-07
 4.06752e-07
 3.61612e-07
 3.23326e-07
 2.90623e-07
 2.62502e-07
 2.38169e-07
 2.16990e-07
 1.98455e-07
 1.82151e-07
 1.67741e-07
 1.54947e-07
 1.43540e-07
 1.33330e-07
 1.24158e-07
 1.14114e-06
 9.44024e-07
 7.92293e-07
 6.73340e-07
 5.78581e-07
 5.02020e-07
 4.39374e-07
 3.87530e-07
 3.44183e-07
 3.07602e-07
 2.76471e-07
 2.49773e-07
 2.26714e-07
 2.06670e-07
 1.89143e-07
 1.73733e-07
 1.60115e-07
 1.48023e-07
 1.37241e-07
 1.27586e-07
 1.33265e-06
 1.07518e-06
 8.85112e-07
 7.40889e-07
 6.28939e-07
 5.40357e-07
 4.69103e-07
 4.10961e-07
 3.62919e-07
 3.22780e-07
 2.88909e-07
 2.60073e-07
 2.35326e-07
 2.13933e-07
 1.95317e-07
 1.79019e-07
 1.64671e-07
 1.51975e-07
 1.40687e-07
 1.30608e-07
 1.51228e-06
 1.19446e-06
 9.67672e-07
 8.00015e-07
 6.72505e-07
 5.73244e-07
 4.94450e-07
 4.30853e-07
 3.78779e-07
 3.35603e-07
 2.99406e-07
 2.68763e-07
 2.42591e-07
 2.20063e-07
 2.00531e-07
 1.83487e-07
 1.68527e-07
 1.55323e-07
 1.43612e-07
 1.33176e-07
 1.65677e-06
 1.28858e-06
 1.03208e-06
 8.45840e-07
 7.06164e-07
 5.98629e-07
 5.14028e-07
 4.46244e-07
 3.91081e-07
 3.45580e-07
 3.07602e-07
 2.75571e-07
 2.48305e-07
 2.24902e-07
 2.04664e-07
 1.87043e-07
 1.71607e-07
 1.58008e-07
 1.45966e-07
 1.35251e-07
 1.74229e-06
 1.34502e-06
 1.07128e-06
 8.74183e-07
 7.27320e-07
 6.14840e-07
 5.26723e-07
 4.56372e-07
 3.99291e-07
 3.52327e-07
 3.13214e-07
 2.80290e-07
 2.52311e-07
 2.28331e-07
 2.07622e-07
 1.89613e-07
 1.73853e-07
 1.59983e-07
 1.47712e-07
 1.36802e-07
 1.75299e-06
 1.35574e-06
 1.08088e-06
 8.82460e-07
 7.34379e-07
 6.20849e-07
 5.31851e-07
 4.60766e-07
 4.03076e-07
 3.55604e-07
 3.16067e-07
 2.82787e-07
 2.54507e-07
 2.30272e-07
 2.09344e-07
 1.91148e-07
 1.75227e-07
 1.61217e-07
 1.48824e-07
 1.37807e-07
 1.68846e-06
 1.32019e-06
 1.06039e-06
 8.70309e-07
 7.27069e-07
 6.16452e-07
 5.29255e-07
 4.59307e-07
 4.02343e-07
 3.55339e-07
 3.16104e-07
 2.83016e-07
 2.54856e-07
 2.30693e-07
 2.09806e-07
 1.91628e-07
 1.75711e-07
 1.61696e-07
 1.49291e-07
 1.38258e-07
 1.56409e-06
 1.24550e-06
 1.01341e-06
 8.39668e-07
 7.06485e-07
 6.02293e-07
 5.19327e-07
 4.52237e-07
 3.97247e-07
 3.51632e-07
 3.13388e-07
 2.81020e-07
 2.53387e-07
 2.29615e-07
 2.09020e-07
 1.91062e-07
 1.75311e-07
 1.61422e-07
 1.49114e-07
 1.38156e-07
 1.40369e-06
 1.14378e-06
 9.46497e-07
 7.94250e-07
 6.74833e-07
 5.79731e-07
 5.02931e-07
 4.40123e-07
 3.88166e-07
 3.44740e-07
 3.08101e-07
 2.76926e-07
 2.50192e-07
 2.27104e-07
 2.07034e-07
 1.89485e-07
 1.74054e-07
 1.60417e-07
 1.48309e-07
 1.37510e-07
 1.23057e-06
 1.02818e-06
 8.67287e-07
 7.38660e-07
 6.34970e-07
 5.50592e-07
 4.81265e-07
 4.23768e-07
 3.75653e-07
 3.35050e-07
 3.00517e-07
 2.70932e-07
 2.45414e-07
 2.23266e-07
 2.03930e-07
 1.86958e-07
 1.71986e-07
 1.58717e-07
 1.46904e-07
 1.36345e-07
 1.06197e-06
 9.09867e-07
 7.82921e-07
 6.77498e-07
 5.89910e-07
 5.16885e-07
 4.55693e-07
 4.04114e-07
 3.60368e-07
 3.23034e-07
 2.90977e-07
 2.63289e-07
 2.39241e-07
 2.18242e-07
 1.99814e-07
 1.83564e-07
 1.69171e-07
 1.56369e-07
 1.44937e-07
 1.34690e-07
 9.08000e-07
 7.96637e-07
 6.99024e-07
 6.14716e-07
 5.42410e-07
 4.80543e-07
 4.27581e-07
 3.82138e-07
 3.43018e-07
 3.09207e-07
 2.79862e-07
 2.54282e-07
 2.31887e-07
 2.12196e-07
 1.94811e-07
 1.79400e-07
 1.65685e-07
 1.53436e-07
 1.42458e-07
 1.32585e-07
 7.72986e-07
 6.93019e-07
 6.19428e-07
 5.53307e-07
 4.94730e-07
 4.43247e-07
 3.98174e-07
 3.58764e-07
 3.24290e-07
 2.94087e-07
 2.67564e-07
 2.44209e-07
 2.23582e-07
 2.05305e-07
 1.89060e-07
 1.74574e-07
 1.61615e-07
 1.49986e-07
 1.39520e-07
 1.30072e-07
 6.57545e-07
 6.00981e-07
 5.46344e-07
 4.95281e-07
 4.48546e-07
 4.06335e-07
 3.68520e-07
 3.34804e-07
 3.04814e-07
 2.78159e-07
 2.54459e-07
 2.33363e-07
 2.14554e-07
 1.97750e-07
 1.82704e-07
 1.69200e-07
 1.57050e-07
 1.46092e-07
 1.36183e-07
 1.27202e-07
