scalar
part
         1
quad4
 4.77902e-07
 4.45797e-07
 4.12719e-07
 3.80316e-07
 3.49543e-07
 3.20892e-07
 2.94555e-07
 2.70544e-07
 2.48765e-07
 2.29069e-07
 2.11284e-07
 1.95232e-07
 1.80738e-07
 1.67641e-07
 1.55792e-07
 1.45056e-07
 1.35311e-07
 1.26452e-07
 1.18382e-07
 1.11017e-07
 5.73082e-07
 5.23920e-07
 4.76554e-07
 4.32433e-07
 3.92165e-07
 3.55861e-07
 3.23368e-07
 2.94400e-07
 2.68619e-07
 2.45680e-07
 2.25256e-07
 2.07046e-07
 1.90780e-07
 1.76219e-07
 1.63155e-07
 1.51405e-07
 1.40811e-07
 1.31236e-07
 1.22560e-07
 1.14680e-07
 6.87087e-07
 6.14247e-07
 5.48154e-07
 4.89392e-07
 4.37720e-07
 3.92529e-07
 3.53086e-07
 3.18656e-07
 2.88556e-07
 2.62182e-07
 2.39006e-07
 2.18576e-07
 2.00507e-07
 1.84474e-07
 1.70199e-07
 1.57447e-07
 1.46020e-07
 1.35748e-07
 1.26486e-07
 1.18110e-07
 8.20950e-07
 7.16294e-07
 6.26484e-07
 5.50050e-07
 4.85149e-07
 4.29983e-07
 3.82953e-07
 3.42697e-07
 3.08082e-07
 2.78176e-07
 2.52212e-07
 2.29563e-07
 2.09713e-07
 1.92239e-07
 1.76789e-07
 1.63073e-07
 1.50849e-07
 1.39915e-07
 1.30099e-07
 1.21257e-07
 9.73262e-07
 8.27755e-07
 7.09259e-07
 6.12445e-07
 5.32866e-07
 4.66974e-07
 4.11996e-07
 3.65770e-07
 3.26614e-07
 2.93210e-07
 2.64523e-07
 2.39732e-07
 2.18180e-07
 1.99340e-07
 1.82787e-07
 1.68171e-07
 1.55209e-07
 1.43663e-07
 1.33339e-07
 1.24072e-07
 1.13851e-06
 9.43778e-07
 7.92670e-07
 6.73714e-07
 5.78750e-07
 5.01939e-07
 4.39060e-07
 3.87015e-07
 3.43505e-07
 3.06797e-07
 2.75567e-07
 2.48795e-07
 2.25684e-07
 2.05604e-07
 1.88055e-07
 1.72632e-07
 1.59011e-07
 1.46923e-07
 1.36149e-07
 1.26507e-07
 1.30558e-06
 1.05657e-06
 8.71366e-07
 7.30182e-07
 6.20257e-07
 5.33094e-07
 4.62877e-07
 4.05520e-07
 3.58092e-07
 3.18443e-07
 2.84975e-07
 2.56475e-07
 2.32013e-07
 2.10866e-07
 1.92465e-07
 1.76355e-07
 1.62175e-07
 1.49629e-07
 1.38477e-07
 1.28521e-07
 1.45768e-06
 1.15583e-06
 9.38887e-07
 7.77698e-07
 6.54653e-07
 5.58597e-07
 4.82179e-07
 4.20395e-07
 3.69736e-07
 3.27688e-07
 2.92407e-07
 2.62517e-07
 2.36975e-07
 2.14979e-07
 1.95902e-07
 1.79251e-07
 1.64632e-07
 1.51727e-07
 1.40279e-07
 1.30078e-07
 1.57473e-06
 1.23030e-06
 9.88618e-07
 8.12208e-07
 6.79364e-07
 5.76762e-07
 4.95835e-07
 4.30859e-07
 3.77892e-07
 3.34139e-07
 2.97577e-07
 2.66710e-07
 2.40412e-07
 2.17823e-07
 1.98276e-07
 1.81248e-07
 1.66324e-07
 1.53171e-07
 1.41519e-07
 1.31148e-07
 1.63842e-06
 1.27030e-06
 1.01509e-06
 8.30465e-07
 6.92380e-07
 5.86300e-07
 5.02990e-07
 4.36335e-07
 3.82156e-07
 3.37511e-07
 3.00280e-07
 2.68902e-07
 2.42210e-07
 2.19312e-07
 1.99520e-07
 1.82296e-07
 1.67213e-07
 1.53930e-07
 1.42172e-07
 1.31713e-07
 1.63798e-06
 1.27027e-06
 1.01524e-06
 8.30673e-07
 6.92600e-07
 5.86513e-07
 5.03186e-07
 4.36513e-07
 3.82315e-07
 3.37653e-07
 3.00406e-07
 2.69014e-07
 2.42310e-07
 2.19401e-07
 1.99600e-07
 1.82368e-07
 1.67278e-07
 1.53989e-07
 1.42225e-07
 1.31761e-07
 1.57379e-06
 1.23039e-06
 9.89130e-07
 8.12862e-07
 6.80038e-07
 5.77404e-07
 4.96424e-07
 4.31391e-07
 3.78367e-07
 3.34563e-07
 2.97954e-07
 2.67045e-07
 2.40711e-07
 2.18090e-07
 1.98515e-07
 1.81463e-07
 1.66518e-07
 1.53346e-07
 1.41677e-07
 1.31292e-07
 1.45716e-06
 1.15644e-06
 9.39943e-07
 7.78879e-07
 6.55815e-07
 5.59682e-07
 4.83166e-07
 4.21279e-07
 3.70525e-07
 3.28389e-07
 2.93030e-07
 2.63072e-07
 2.37470e-07
 2.15421e-07
 1.96298e-07
 1.79607e-07
 1.64952e-07
 1.52016e-07
 1.40541e-07
 1.30315e-07
 1.30641e-06
 1.05813e-06
 8.73164e-07
 7.31978e-07
 6.21945e-07
 5.34635e-07
 4.64261e-07
 4.06754e-07
 3.59187e-07
 3.19415e-07
 2.85838e-07
 2.57243e-07
 2.32698e-07
 2.11478e-07
 1.93012e-07
 1.76848e-07
 1.62619e-07
 1.50030e-07
 1.38841e-07
 1.28851e-07
 1.14121e-06
 9.46558e-07
 7.95340e-07
 6.76183e-07
 5.80984e-07
 5.03937e-07
 4.40834e-07
 3.88587e-07
 3.44896e-07
 3.08029e-07
 2.76660e-07
 2.49767e-07
 2.26551e-07
 2.06379e-07
 1.88749e-07
 1.73257e-07
 1.59574e-07
 1.47432e-07
 1.36610e-07
 1.26926e-07
 9.77848e-07
 8.31787e-07
 7.12820e-07
 6.15589e-07
 5.35636e-07
 4.69413e-07
 4.14142e-07
 3.67661e-07
 3.28283e-07
 2.94687e-07
 2.65833e-07
 2.40896e-07
 2.19218e-07
 2.00269e-07
 1.83620e-07
 1.68921e-07
 1.55885e-07
 1.44275e-07
 1.33894e-07
 1.24577e-07
 8.27087e-07
 7.21421e-07
 6.30850e-07
 5.53810e-07
 4.88411e-07
 4.32827e-07
 3.85441e-07
 3.44882e-07
 3.10008e-07
 2.79878e-07
 2.53722e-07
 2.30906e-07
 2.10912e-07
 1.93312e-07
 1.77752e-07
 1.63941e-07
 1.51633e-07
 1.40624e-07
 1.30743e-07
 1.21844e-07
 6.94306e-07
 6.20207e-07
 5.53169e-07
 4.93669e-07
 4.41403e-07
 3.95725e-07
 3.55875e-07
 3.21101e-07
 2.90710e-07
 2.64086e-07
 2.40696e-07
 2.20081e-07
 2.01852e-07
 1.85679e-07
 1.71283e-07
 1.58424e-07
 1.46904e-07
 1.36549e-07
 1.27214e-07
 1.18774e-07
 5.80929e-07
 5.30428e-07
 4.82033e-07
 4.37102e-07
 3.96182e-07
 3.59345e-07
 3.26408e-07
 2.97067e-07
 2.70969e-07
 2.47761e-07
 2.27106e-07
 2.08696e-07
 1.92256e-07
 1.77544e-07
 1.64348e-07
 1.52482e-07
 1.41786e-07
 1.32121e-07
 1.23365e-07
 1.15415e-07
 4.86005e-07
 4.52595e-07
 4.18482e-07
 3.85249e-07
 3.53801e-07
 3.24593e-07
 2.97792e-07
 2.73390e-07
 2.51279e-07
 2.31299e-07
 2.13270e-07
 1.97006e-07
 1.82329e-07
 1.69072e-07
 1.57082e-07
 1.46223e-07
 1.36370e-07
 1.27414e-07
 1.19259e-07
 1.11818e-07
