scalar
part
         1
quad4
 3.39150e-07
 3.27967e-07
 3.13099e-07
 2.96250e-07
 2.78600e-07
 2.60936e-07
 2.43762e-07
 2.27380e-07
 2.11954e-07
 1.97559e-07
 1.84207e-07
 1.71873e-07
 1.60510e-07
 1.50058e-07
 1.40452e-07
 1.31625e-07
 1.23514e-07
 1.16055e-07
 1.09192e-07
 1.02870e-07
 4.20447e-07
 3.97338e-07
 3.71851e-07
 3.45817e-07
 3.20367e-07
 2.96150e-07
 2.73505e-07
 2.52569e-07
 2.33358e-07
 2.15813e-07
 1.99836e-07
 1.85308e-07
 1.72107e-07
 1.60108e-07
 1.49197e-07
 1.39265e-07
 1.30214e-07
 1.21952e-07
 1.14401e-07
 1.07487e-07
 5.20879e-07
 4.80215e-07
 4.40042e-07
 4.01931e-07
 3.66638e-07
 3.34437e-07
 3.05320e-07
 2.79134e-07
 2.55652e-07
 2.34621e-07
 2.15786e-07
 1.98905e-07
 1.83756e-07
 1.70139e-07
 1.57875e-07
 1.46807e-07
 1.36797e-07
 1.27723e-07
 1.19480e-07
 1.11974e-07
 6.43202e-07
 5.77584e-07
 5.17755e-07
 4.64248e-07
 4.16907e-07
 3.75254e-07
 3.38693e-07
 3.06614e-07
 2.78438e-07
 2.53644e-07
 2.31773e-07
 2.12427e-07
 1.95262e-07
 1.79986e-07
 1.66349e-07
 1.54138e-07
 1.43170e-07
 1.33289e-07
 1.24363e-07
 1.16276e-07
 7.88917e-07
 6.89261e-07
 6.04136e-07
 5.31730e-07
 4.70160e-07
 4.17703e-07
 3.72864e-07
 3.34379e-07
 3.01202e-07
 2.72466e-07
 2.47460e-07
 2.25599e-07
 2.06402e-07
 1.89469e-07
 1.74472e-07
 1.61137e-07
 1.49233e-07
 1.38568e-07
 1.28982e-07
 1.20336e-07
 9.56923e-07
 8.13134e-07
 6.96993e-07
 6.02432e-07
 5.24788e-07
 4.60494e-07
 4.06810e-07
 3.61629e-07
 3.23316e-07
 2.90594e-07
 2.62459e-07
 2.38117e-07
 2.16932e-07
 1.98394e-07
 1.82088e-07
 1.67677e-07
 1.54883e-07
 1.43477e-07
 1.33268e-07
 1.24097e-07
 1.14185e-06
 9.44382e-07
 7.92448e-07
 6.73377e-07
 5.78549e-07
 5.01946e-07
 4.39277e-07
 3.87419e-07
 3.44066e-07
 3.07483e-07
 2.76352e-07
 2.49656e-07
 2.26601e-07
 2.06561e-07
 1.89038e-07
 1.73632e-07
 1.60018e-07
 1.47931e-07
 1.37153e-07
 1.27502e-07
 1.33251e-06
 1.07492e-06
 8.84815e-07
 7.40585e-07
 6.28643e-07
 5.40075e-07
 4.68838e-07
 4.10714e-07
 3.62690e-07
 3.22567e-07
 2.88712e-07
 2.59890e-07
 2.35156e-07
 2.13774e-07
 1.95169e-07
 1.78880e-07
 1.64541e-07
 1.51853e-07
 1.40573e-07
 1.30501e-07
 1.51114e-06
 1.19351e-06
 9.66885e-07
 7.99348e-07
 6.71933e-07
 5.72748e-07
 4.94015e-07
 4.30468e-07
 3.78437e-07
 3.35296e-07
 2.99130e-07
 2.68512e-07
 2.42364e-07
 2.19854e-07
 2.00340e-07
 1.83311e-07
 1.68364e-07
 1.55172e-07
 1.43472e-07
 1.33046e-07
 1.65462e-06
 1.28696e-06
 1.03081e-06
 8.44819e-07
 7.05323e-07
 5.97923e-07
 5.13426e-07
 4.45725e-07
 3.90629e-07
 3.45181e-07
 3.07248e-07
 2.75256e-07
 2.48022e-07
 2.24646e-07
 2.04431e-07
 1.86831e-07
 1.71412e-07
 1.57829e-07
 1.45801e-07
 1.35098e-07
 1.73933e-06
 1.34283e-06
 1.06960e-06
 8.72847e-07
 7.26235e-07
 6.13941e-07
 5.25967e-07
 4.55727e-07
 3.98735e-07
 3.51842e-07
 3.12788e-07
 2.79912e-07
 2.51974e-07
 2.28029e-07
 2.07349e-07
 1.89365e-07
 1.73628e-07
 1.59777e-07
 1.47522e-07
 1.36627e-07
 1.74951e-06
 1.35314e-06
 1.07887e-06
 8.80868e-07
 7.33089e-07
 6.19785e-07
 5.30959e-07
 4.60009e-07
 4.02426e-07
 3.55040e-07
 3.15574e-07
 2.82351e-07
 2.54120e-07
 2.29926e-07
 2.09033e-07
 1.90867e-07
 1.74972e-07
 1.60985e-07
 1.48611e-07
 1.37612e-07
 1.68476e-06
 1.31735e-06
 1.05816e-06
 8.68533e-07
 7.25623e-07
 6.15256e-07
 5.28252e-07
 4.58455e-07
 4.01612e-07
 3.54706e-07
 3.15550e-07
 2.82528e-07
 2.54424e-07
 2.30308e-07
 2.09460e-07
 1.91316e-07
 1.75429e-07
 1.61439e-07
 1.49056e-07
 1.38043e-07
 1.56037e-06
 1.24258e-06
 1.01108e-06
 8.37779e-07
 7.04933e-07
 6.01001e-07
 5.18238e-07
 4.51310e-07
 3.96450e-07
 3.50940e-07
 3.12784e-07
 2.80487e-07
 2.52916e-07
 2.29195e-07
 2.08643e-07
 1.90722e-07
 1.75004e-07
 1.61143e-07
 1.48859e-07
 1.37922e-07
 1.40011e-06
 1.14088e-06
 9.44139e-07
 7.92311e-07
 6.73221e-07
 5.78377e-07
 5.01783e-07
 4.39140e-07
 3.87318e-07
 3.44003e-07
 3.07455e-07
 2.76356e-07
 2.49686e-07
 2.26653e-07
 2.06630e-07
 1.89121e-07
 1.73724e-07
 1.60118e-07
 1.48036e-07
 1.37260e-07
 1.22718e-06
 1.02539e-06
 8.64967e-07
 7.36722e-07
 6.33339e-07
 5.49209e-07
 4.80083e-07
 4.22749e-07
 3.74769e-07
 3.34278e-07
 2.99839e-07
 2.70332e-07
 2.44881e-07
 2.22790e-07
 2.03503e-07
 1.86573e-07
 1.71637e-07
 1.58399e-07
 1.46614e-07
 1.36080e-07
 1.05883e-06
 9.07217e-07
 7.80682e-07
 6.75599e-07
 5.88291e-07
 5.15498e-07
 4.54497e-07
 4.03076e-07
 3.59463e-07
 3.22239e-07
 2.90276e-07
 2.62667e-07
 2.38687e-07
 2.17746e-07
 1.99367e-07
 1.83161e-07
 1.68806e-07
 1.56037e-07
 1.44634e-07
 1.34412e-07
 9.05112e-07
 7.94158e-07
 6.96894e-07
 6.12883e-07
 5.40828e-07
 4.79173e-07
 4.26389e-07
 3.81097e-07
 3.42103e-07
 3.08400e-07
 2.79147e-07
 2.53645e-07
 2.31317e-07
 2.11685e-07
 1.94350e-07
 1.78982e-07
 1.65306e-07
 1.53091e-07
 1.42142e-07
 1.32295e-07
 7.70352e-07
 6.90719e-07
 6.17423e-07
 5.51559e-07
 4.93204e-07
 4.41911e-07
 3.97001e-07
 3.57731e-07
 3.23377e-07
 2.93276e-07
 2.66842e-07
 2.43563e-07
 2.23002e-07
 2.04783e-07
 1.88588e-07
 1.74145e-07
 1.61225e-07
 1.49630e-07
 1.39194e-07
 1.29773e-07
 6.55153e-07
 5.98862e-07
 5.44472e-07
 4.93628e-07
 4.47086e-07
 4.05044e-07
 3.67377e-07
 3.33789e-07
 3.03911e-07
 2.77352e-07
 2.53737e-07
 2.32714e-07
 2.13969e-07
 1.97222e-07
 1.82225e-07
 1.68764e-07
 1.56653e-07
 1.45728e-07
 1.35849e-07
 1.26895e-07
