scalar
part
         1
quad4
 5.37012e-07
 4.97145e-07
 4.57173e-07
 4.18769e-07
 3.82838e-07
 3.49787e-07
 3.19711e-07
 2.92526e-07
 2.68051e-07
 2.46061e-07
 2.26319e-07
 2.08591e-07
 1.92657e-07
 1.78318e-07
 1.65393e-07
 1.53722e-07
 1.43161e-07
 1.33586e-07
 1.24886e-07
 1.16965e-07
 6.39747e-07
 5.80614e-07
 5.24713e-07
 4.73402e-07
 4.27126e-07
 3.85824e-07
 3.49174e-07
 3.16742e-07
 2.88066e-07
 2.62699e-07
 2.40228e-07
 2.20283e-07
 2.02540e-07
 1.86715e-07
 1.72563e-07
 1.59874e-07
 1.48464e-07
 1.38177e-07
 1.28877e-07
 1.20449e-07
 7.61878e-07
 6.76315e-07
 5.99775e-07
 5.32519e-07
 4.73966e-07
 4.23197e-07
 3.79216e-07
 3.41075e-07
 3.07923e-07
 2.79022e-07
 2.53740e-07
 2.31545e-07
 2.11985e-07
 1.94685e-07
 1.79328e-07
 1.65646e-07
 1.53415e-07
 1.42444e-07
 1.32572e-07
 1.23662e-07
 9.03960e-07
 7.83302e-07
 6.80947e-07
 5.94700e-07
 5.22099e-07
 4.60853e-07
 4.08983e-07
 3.64842e-07
 3.27081e-07
 2.94602e-07
 2.66517e-07
 2.42105e-07
 2.20779e-07
 2.02057e-07
 1.85548e-07
 1.70926e-07
 1.57922e-07
 1.46312e-07
 1.35908e-07
 1.26552e-07
 1.06366e-06
 8.98551e-07
 7.65437e-07
 6.57638e-07
 5.69710e-07
 4.97395e-07
 4.37409e-07
 3.87231e-07
 3.44916e-07
 3.08961e-07
 2.78190e-07
 2.51679e-07
 2.28695e-07
 2.08654e-07
 1.91084e-07
 1.75602e-07
 1.61896e-07
 1.49708e-07
 1.38826e-07
 1.29072e-07
 1.23392e-06
 1.01621e-06
 8.48820e-07
 7.18097e-07
 6.14458e-07
 5.31128e-07
 4.63260e-07
 4.07335e-07
 3.60760e-07
 3.21598e-07
 2.88378e-07
 2.59975e-07
 2.35513e-07
 2.14303e-07
 1.95800e-07
 1.79567e-07
 1.65251e-07
 1.52565e-07
 1.41272e-07
 1.31178e-07
 1.40154e-06
 1.12733e-06
 9.25119e-07
 7.72072e-07
 6.53624e-07
 5.60180e-07
 4.85225e-07
 4.24223e-07
 3.73940e-07
 3.32020e-07
 2.96719e-07
 2.66722e-07
 2.41023e-07
 2.18844e-07
 1.99572e-07
 1.82724e-07
 1.67912e-07
 1.54821e-07
 1.43197e-07
 1.32828e-07
 1.54741e-06
 1.22058e-06
 9.87430e-07
 8.15225e-07
 6.84407e-07
 5.82691e-07
 5.02043e-07
 4.37021e-07
 3.83836e-07
 3.39783e-07
 3.02887e-07
 2.71678e-07
 2.45046e-07
 2.22140e-07
 2.02296e-07
 1.84992e-07
 1.69814e-07
 1.56426e-07
 1.44560e-07
 1.33992e-07
 1.65008e-06
 1.28435e-06
 1.02910e-06
 8.43568e-07
 7.04319e-07
 5.97061e-07
 5.12650e-07
 4.45005e-07
 3.89949e-07
 3.44532e-07
 3.06625e-07
 2.74655e-07
 2.47442e-07
 2.24086e-07
 2.03890e-07
 1.86308e-07
 1.70908e-07
 1.57342e-07
 1.45331e-07
 1.34644e-07
 1.69208e-06
 1.30967e-06
 1.04520e-06
 8.54230e-07
 7.11612e-07
 6.02182e-07
 5.16326e-07
 4.47692e-07
 3.91943e-07
 3.46032e-07
 3.07766e-07
 2.75531e-07
 2.48120e-07
 2.24615e-07
 2.04304e-07
 1.86634e-07
 1.71165e-07
 1.57545e-07
 1.45491e-07
 1.34771e-07
 1.66615e-06
 1.29288e-06
 1.03373e-06
 8.46061e-07
 7.05593e-07
 5.97622e-07
 5.12790e-07
 4.44896e-07
 3.89694e-07
 3.44197e-07
 3.06249e-07
 2.74263e-07
 2.47050e-07
 2.23703e-07
 2.03521e-07
 1.85957e-07
 1.70575e-07
 1.57028e-07
 1.45036e-07
 1.34368e-07
 1.57746e-06
 1.23657e-06
 9.96098e-07
 8.19868e-07
 6.86752e-07
 5.83692e-07
 5.02248e-07
 4.36756e-07
 3.83300e-07
 3.39097e-07
 3.02126e-07
 2.70889e-07
 2.44259e-07
 2.21372e-07
 2.01557e-07
 1.84289e-07
 1.69148e-07
 1.55799e-07
 1.43970e-07
 1.33439e-07
 1.44113e-06
 1.14857e-06
 9.36649e-07
 7.78206e-07
 6.56657e-07
 5.61391e-07
 4.85357e-07
 4.23719e-07
 3.73070e-07
 3.30950e-07
 2.95553e-07
 2.65525e-07
 2.39835e-07
 2.17688e-07
 1.98464e-07
 1.81670e-07
 1.66915e-07
 1.53883e-07
 1.42316e-07
 1.32002e-07
 1.27696e-06
 1.03969e-06
 8.61615e-07
 7.24830e-07
 6.17661e-07
 5.32243e-07
 4.63134e-07
 4.06478e-07
 3.59487e-07
 3.20103e-07
 2.86784e-07
 2.58356e-07
 2.33916e-07
 2.12757e-07
 1.94321e-07
 1.78163e-07
 1.63926e-07
 1.51318e-07
 1.40102e-07
 1.30081e-07
 1.10413e-06
 9.21122e-07
 7.77773e-07
 6.63991e-07
 5.72511e-07
 4.98070e-07
 4.36816e-07
 3.85894e-07
 3.43163e-07
 3.06994e-07
 2.76138e-07
 2.49623e-07
 2.26684e-07
 2.06716e-07
 1.89236e-07
 1.73852e-07
 1.60246e-07
 1.48157e-07
 1.37372e-07
 1.27710e-07
 9.37520e-07
 8.02396e-07
 6.91316e-07
 5.99777e-07
 5.23957e-07
 4.60759e-07
 4.07720e-07
 3.62901e-07
 3.24770e-07
 2.92118e-07
 2.63984e-07
 2.39599e-07
 2.18346e-07
 1.99726e-07
 1.83333e-07
 1.68833e-07
 1.55952e-07
 1.44462e-07
 1.34174e-07
 1.24929e-07
 7.86402e-07
 6.90358e-07
 6.07124e-07
 5.35643e-07
 4.74452e-07
 4.22061e-07
 3.77112e-07
 3.38423e-07
 3.04992e-07
 2.75984e-07
 2.50704e-07
 2.28579e-07
 2.09130e-07
 1.91964e-07
 1.76751e-07
 1.63217e-07
 1.51132e-07
 1.40303e-07
 1.30567e-07
 1.21785e-07
 6.54975e-07
 5.89032e-07
 5.28518e-07
 4.74175e-07
 4.25961e-07
 3.83463e-07
 3.46110e-07
 3.13304e-07
 2.84469e-07
 2.59081e-07
 2.36677e-07
 2.16854e-07
 1.99264e-07
 1.83608e-07
 1.69631e-07
 1.57116e-07
 1.45877e-07
 1.35753e-07
 1.26609e-07
 1.18327e-07
 5.43851e-07
 5.00122e-07
 4.57370e-07
 4.17068e-07
 3.79909e-07
 3.46112e-07
 3.15628e-07
 2.88266e-07
 2.63768e-07
 2.41856e-07
 2.22254e-07
 2.04704e-07
 1.88968e-07
 1.74836e-07
 1.62117e-07
 1.50648e-07
 1.40281e-07
 1.30890e-07
 1.22365e-07
 1.14607e-07
 4.51568e-07
 4.23723e-07
 3.94411e-07
 3.65245e-07
 3.37201e-07
 3.10820e-07
 2.86355e-07
 2.63880e-07
 2.43358e-07
 2.24689e-07
 2.07744e-07
 1.92379e-07
 1.78448e-07
 1.65813e-07
 1.54344e-07
 1.43921e-07
 1.34435e-07
 1.25789e-07
 1.17896e-07
 1.10677e-07
