scalar
part
         1
quad4
 5.46481e-07
 5.05250e-07
 4.64087e-07
 4.24660e-07
 3.87863e-07
 3.54083e-07
 3.23394e-07
 2.95695e-07
 2.70790e-07
 2.48437e-07
 2.28389e-07
 2.10402e-07
 1.94249e-07
 1.79723e-07
 1.66638e-07
 1.54828e-07
 1.44148e-07
 1.34470e-07
 1.25680e-07
 1.17681e-07
 6.50216e-07
 5.89378e-07
 5.32039e-07
 4.79534e-07
 4.32274e-07
 3.90163e-07
 3.52849e-07
 3.19871e-07
 2.90744e-07
 2.65004e-07
 2.42221e-07
 2.22016e-07
 2.04055e-07
 1.88045e-07
 1.73736e-07
 1.60913e-07
 1.49388e-07
 1.39001e-07
 1.29616e-07
 1.21113e-07
 7.73352e-07
 6.85674e-07
 6.07423e-07
 5.38795e-07
 4.79146e-07
 4.27499e-07
 3.82814e-07
 3.44105e-07
 3.10492e-07
 2.81215e-07
 2.55624e-07
 2.33172e-07
 2.13400e-07
 1.95921e-07
 1.80413e-07
 1.66604e-07
 1.54264e-07
 1.43199e-07
 1.33247e-07
 1.24267e-07
 9.16340e-07
 7.93106e-07
 6.88758e-07
 6.00974e-07
 5.27185e-07
 4.65014e-07
 4.12419e-07
 3.67705e-07
 3.29486e-07
 2.96639e-07
 2.68255e-07
 2.43598e-07
 2.22069e-07
 2.03180e-07
 1.86530e-07
 1.71790e-07
 1.58685e-07
 1.46989e-07
 1.36512e-07
 1.27093e-07
 1.07667e-06
 9.08517e-07
 7.73164e-07
 6.63708e-07
 5.74542e-07
 5.01289e-07
 4.40585e-07
 3.89849e-07
 3.47097e-07
 3.10794e-07
 2.79744e-07
 2.53006e-07
 2.29838e-07
 2.09644e-07
 1.91947e-07
 1.76359e-07
 1.62563e-07
 1.50299e-07
 1.39352e-07
 1.29542e-07
 1.24702e-06
 1.02589e-06
 8.56117e-07
 7.23703e-07
 6.18842e-07
 5.34611e-07
 4.66068e-07
 4.09628e-07
 3.62655e-07
 3.23180e-07
 2.89712e-07
 2.61110e-07
 2.36485e-07
 2.15142e-07
 1.96529e-07
 1.80205e-07
 1.65812e-07
 1.53061e-07
 1.41712e-07
 1.31570e-07
 1.41384e-06
 1.13610e-06
 9.31549e-07
 7.76909e-07
 6.57346e-07
 5.63099e-07
 4.87554e-07
 4.26110e-07
 3.75488e-07
 3.33306e-07
 2.97798e-07
 2.67636e-07
 2.41804e-07
 2.19516e-07
 2.00155e-07
 1.83233e-07
 1.68358e-07
 1.55215e-07
 1.43546e-07
 1.33139e-07
 1.55769e-06
 1.22767e-06
 9.92501e-07
 8.18973e-07
 6.87252e-07
 5.84900e-07
 5.03791e-07
 4.38427e-07
 3.84985e-07
 3.40733e-07
 3.03681e-07
 2.72348e-07
 2.45618e-07
 2.22631e-07
 2.02721e-07
 1.85362e-07
 1.70138e-07
 1.56712e-07
 1.44813e-07
 1.34217e-07
 1.65696e-06
 1.28897e-06
 1.03235e-06
 8.45940e-07
 7.06103e-07
 5.98437e-07
 5.13733e-07
 4.45873e-07
 3.90655e-07
 3.45115e-07
 3.07111e-07
 2.75064e-07
 2.47791e-07
 2.24385e-07
 2.04149e-07
 1.86534e-07
 1.71105e-07
 1.57516e-07
 1.45484e-07
 1.34781e-07
 1.69444e-06
 1.31123e-06
 1.04630e-06
 8.55028e-07
 7.12211e-07
 6.02644e-07
 5.16689e-07
 4.47983e-07
 3.92180e-07
 3.46228e-07
 3.07929e-07
 2.75669e-07
 2.48238e-07
 2.24716e-07
 2.04392e-07
 1.86711e-07
 1.71232e-07
 1.57605e-07
 1.45544e-07
 1.34818e-07
 1.66358e-06
 1.29119e-06
 1.03256e-06
 8.45218e-07
 7.04965e-07
 5.97143e-07
 5.12416e-07
 4.44598e-07
 3.89454e-07
 3.44000e-07
 3.06086e-07
 2.74126e-07
 2.46934e-07
 2.23604e-07
 2.03436e-07
 1.85883e-07
 1.70511e-07
 1.56972e-07
 1.44986e-07
 1.34324e-07
 1.57047e-06
 1.23188e-06
 9.92803e-07
 8.17467e-07
 6.84949e-07
 5.82305e-07
 5.01158e-07
 4.35885e-07
 3.82593e-07
 3.38515e-07
 3.01641e-07
 2.70481e-07
 2.43913e-07
 2.21075e-07
 2.01301e-07
 1.84067e-07
 1.68954e-07
 1.55629e-07
 1.43820e-07
 1.33305e-07
 1.43090e-06
 1.14150e-06
 9.31581e-07
 7.74458e-07
 6.53811e-07
 5.59182e-07
 4.83610e-07
 4.22315e-07
 3.71924e-07
 3.30004e-07
 2.94763e-07
 2.64858e-07
 2.39267e-07
 2.17201e-07
 1.98042e-07
 1.81304e-07
 1.66594e-07
 1.53601e-07
 1.42066e-07
 1.31780e-07
 1.26485e-06
 1.03103e-06
 8.55241e-07
 7.20026e-07
 6.13961e-07
 5.29338e-07
 4.60815e-07
 4.04601e-07
 3.57946e-07
 3.18824e-07
 2.85711e-07
 2.57448e-07
 2.33141e-07
 2.12090e-07
 1.93743e-07
 1.77659e-07
 1.63484e-07
 1.50929e-07
 1.39757e-07
 1.29774e-07
 1.09131e-06
 9.11607e-07
 7.70577e-07
 6.58449e-07
 5.68170e-07
 4.94616e-07
 4.34029e-07
 3.83617e-07
 3.41281e-07
 3.05423e-07
 2.74814e-07
 2.48496e-07
 2.25718e-07
 2.05883e-07
 1.88512e-07
 1.73219e-07
 1.59690e-07
 1.47666e-07
 1.36936e-07
 1.27321e-07
 9.24836e-07
 7.92637e-07
 6.83722e-07
 5.93796e-07
 5.19187e-07
 4.56908e-07
 4.04576e-07
 3.60306e-07
 3.22608e-07
 2.90300e-07
 2.62442e-07
 2.38281e-07
 2.17212e-07
 1.98744e-07
 1.82477e-07
 1.68082e-07
 1.55291e-07
 1.43877e-07
 1.33654e-07
 1.24464e-07
 7.74354e-07
 6.80779e-07
 5.99466e-07
 5.29475e-07
 4.69441e-07
 4.17955e-07
 3.73717e-07
 3.35591e-07
 3.02611e-07
 2.73966e-07
 2.48982e-07
 2.27099e-07
 2.07850e-07
 1.90850e-07
 1.75777e-07
 1.62360e-07
 1.50375e-07
 1.39631e-07
 1.29968e-07
 1.21249e-07
 6.43816e-07
 5.79897e-07
 5.21030e-07
 4.68014e-07
 4.20867e-07
 3.79224e-07
 3.42560e-07
 3.10311e-07
 2.81929e-07
 2.56911e-07
 2.34812e-07
 2.15242e-07
 1.97862e-07
 1.82383e-07
 1.68555e-07
 1.56167e-07
 1.45035e-07
 1.35004e-07
 1.25940e-07
 1.17727e-07
 5.33668e-07
 4.91572e-07
 4.50203e-07
 4.11055e-07
 3.74851e-07
 3.41841e-07
 3.12005e-07
 2.85178e-07
 2.61122e-07
 2.39577e-07
 2.20281e-07
 2.02988e-07
 1.87468e-07
 1.73518e-07
 1.60955e-07
 1.49618e-07
 1.39365e-07
 1.30073e-07
 1.21632e-07
 1.13949e-07
 4.42352e-07
 4.15815e-07
 3.87650e-07
 3.59470e-07
 3.32266e-07
 3.06594e-07
 2.82727e-07
 2.60754e-07
 2.40654e-07
 2.22342e-07
 2.05697e-07
 1.90586e-07
 1.76872e-07
 1.64422e-07
 1.53112e-07
 1.42825e-07
 1.33456e-07
 1.24912e-07
 1.17108e-07
 1.09967e-07
