scalar
part
         1
quad4
 4.61699e-07
 4.32902e-07
 4.02565e-07
 3.72397e-07
 3.43428e-07
 3.16222e-07
 2.91038e-07
 2.67943e-07
 2.46890e-07
 2.27770e-07
 2.10440e-07
 1.94748e-07
 1.80539e-07
 1.67666e-07
 1.55993e-07
 1.45394e-07
 1.35757e-07
 1.26980e-07
 1.18972e-07
 1.11654e-07
 5.56648e-07
 5.11325e-07
 4.67022e-07
 4.25312e-07
 3.86923e-07
 3.52077e-07
 3.20711e-07
 2.92611e-07
 2.67499e-07
 2.45075e-07
 2.25046e-07
 2.07138e-07
 1.91103e-07
 1.76716e-07
 1.63783e-07
 1.52130e-07
 1.41606e-07
 1.32081e-07
 1.23438e-07
 1.15580e-07
 6.71053e-07
 6.02567e-07
 5.39794e-07
 4.83533e-07
 4.33734e-07
 3.89940e-07
 3.51536e-07
 3.17877e-07
 2.88349e-07
 2.62395e-07
 2.39528e-07
 2.19322e-07
 2.01414e-07
 1.85494e-07
 1.71295e-07
 1.58592e-07
 1.47193e-07
 1.36932e-07
 1.27671e-07
 1.19287e-07
 8.06334e-07
 7.06423e-07
 6.20032e-07
 5.46041e-07
 4.82878e-07
 4.28944e-07
 3.82784e-07
 3.43139e-07
 3.08949e-07
 2.79334e-07
 2.53565e-07
 2.31041e-07
 2.11265e-07
 1.93829e-07
 1.78391e-07
 1.64668e-07
 1.52423e-07
 1.41458e-07
 1.31606e-07
 1.22724e-07
 9.61622e-07
 8.20929e-07
 7.05657e-07
 6.10991e-07
 5.32832e-07
 4.67872e-07
 4.13495e-07
 3.67646e-07
 3.28715e-07
 2.95434e-07
 2.66798e-07
 2.42011e-07
 2.20431e-07
 2.01542e-07
 1.84927e-07
 1.70241e-07
 1.57204e-07
 1.45582e-07
 1.35180e-07
 1.25838e-07
 1.13208e-06
 9.41600e-07
 7.93049e-07
 6.75606e-07
 5.81509e-07
 5.05167e-07
 4.42507e-07
 3.90528e-07
 3.46988e-07
 3.10193e-07
 2.78844e-07
 2.51935e-07
 2.28679e-07
 2.08453e-07
 1.90759e-07
 1.75197e-07
 1.61442e-07
 1.49228e-07
 1.38335e-07
 1.28580e-07
 1.30730e-06
 1.06094e-06
 8.76960e-07
 7.36229e-07
 6.26347e-07
 5.39014e-07
 4.68520e-07
 4.10841e-07
 3.63077e-07
 3.23099e-07
 2.89315e-07
 2.60520e-07
 2.35785e-07
 2.14385e-07
 1.95751e-07
 1.79428e-07
 1.65053e-07
 1.52328e-07
 1.41012e-07
 1.30905e-07
 1.47091e-06
 1.16871e-06
 9.50861e-07
 7.88613e-07
 6.64519e-07
 5.67492e-07
 4.90202e-07
 4.27644e-07
 3.76304e-07
 3.33656e-07
 2.97847e-07
 2.67492e-07
 2.41540e-07
 2.19179e-07
 1.99778e-07
 1.82837e-07
 1.67958e-07
 1.54821e-07
 1.43163e-07
 1.32772e-07
 1.60251e-06
 1.25325e-06
 1.00782e-06
 8.28460e-07
 6.93274e-07
 5.88789e-07
 5.06329e-07
 4.40091e-07
 3.86073e-07
 3.41436e-07
 3.04125e-07
 2.72618e-07
 2.45768e-07
 2.22701e-07
 2.02736e-07
 1.85342e-07
 1.70095e-07
 1.56655e-07
 1.44748e-07
 1.34149e-07
 1.68223e-06
 1.30394e-06
 1.04177e-06
 8.52142e-07
 7.10350e-07
 6.01444e-07
 5.15928e-07
 4.47518e-07
 3.91919e-07
 3.46109e-07
 3.07910e-07
 2.75720e-07
 2.48338e-07
 2.24850e-07
 2.04550e-07
 1.86885e-07
 1.71416e-07
 1.57795e-07
 1.45737e-07
 1.35011e-07
 1.69671e-06
 1.31384e-06
 1.04885e-06
 8.57397e-07
 7.14356e-07
 6.04569e-07
 5.18413e-07
 4.49527e-07
 3.93567e-07
 3.47477e-07
 3.09058e-07
 2.76693e-07
 2.49170e-07
 2.25567e-07
 2.05172e-07
 1.87428e-07
 1.71894e-07
 1.58216e-07
 1.46111e-07
 1.35345e-07
 1.64364e-06
 1.28176e-06
 1.02840e-06
 8.43811e-07
 7.05029e-07
 5.97991e-07
 5.13666e-07
 4.46036e-07
 3.90956e-07
 3.45497e-07
 3.07538e-07
 2.75514e-07
 2.48246e-07
 2.24838e-07
 2.04592e-07
 1.86964e-07
 1.71520e-07
 1.57915e-07
 1.45866e-07
 1.35146e-07
 1.53287e-06
 1.21263e-06
 9.83071e-07
 8.12908e-07
 6.83282e-07
 5.82276e-07
 5.02052e-07
 4.37285e-07
 3.84251e-07
 3.40282e-07
 3.03429e-07
 2.72238e-07
 2.45607e-07
 2.22691e-07
 2.02831e-07
 1.85508e-07
 1.70309e-07
 1.56899e-07
 1.45010e-07
 1.34421e-07
 1.38285e-06
 1.11603e-06
 9.18196e-07
 7.67812e-07
 6.51025e-07
 5.58636e-07
 4.84362e-07
 4.23806e-07
 3.73815e-07
 3.32089e-07
 2.96914e-07
 2.66999e-07
 2.41351e-07
 2.19202e-07
 1.99947e-07
 1.83105e-07
 1.68292e-07
 1.55196e-07
 1.43563e-07
 1.33184e-07
 1.21447e-06
 1.00354e-06
 8.40498e-07
 7.12598e-07
 6.10819e-07
 5.28731e-07
 4.61704e-07
 4.06354e-07
 3.60176e-07
 3.21290e-07
 2.88264e-07
 2.59996e-07
 2.35627e-07
 2.14481e-07
 1.96023e-07
 1.79819e-07
 1.65521e-07
 1.52845e-07
 1.41557e-07
 1.31463e-07
 1.04561e-06
 8.85994e-07
 7.56701e-07
 6.51548e-07
 5.65460e-07
 4.94432e-07
 4.35353e-07
 3.85818e-07
 3.43965e-07
 3.08342e-07
 2.77811e-07
 2.51475e-07
 2.28619e-07
 2.08671e-07
 1.91168e-07
 1.75735e-07
 1.62063e-07
 1.49900e-07
 1.39034e-07
 1.29291e-07
 8.88299e-07
 7.71753e-07
 6.72491e-07
 5.88530e-07
 5.17604e-07
 4.57583e-07
 4.06612e-07
 3.63131e-07
 3.25857e-07
 2.93740e-07
 2.65926e-07
 2.41716e-07
 2.20540e-07
 2.01933e-07
 1.85509e-07
 1.70952e-07
 1.57996e-07
 1.46421e-07
 1.36044e-07
 1.26707e-07
 7.48822e-07
 6.66179e-07
 5.92010e-07
 5.26618e-07
 4.69503e-07
 4.19833e-07
 3.76689e-07
 3.39184e-07
 3.06517e-07
 2.77985e-07
 2.52986e-07
 2.31007e-07
 2.11614e-07
 1.94442e-07
 1.79184e-07
 1.65578e-07
 1.53405e-07
 1.42479e-07
 1.32642e-07
 1.23758e-07
 6.29106e-07
 5.71979e-07
 5.17826e-07
 4.67973e-07
 4.22881e-07
 3.82523e-07
 3.46618e-07
 3.14773e-07
 2.86556e-07
 2.61548e-07
 2.39358e-07
 2.19634e-07
 2.02064e-07
 1.86376e-07
 1.72331e-07
 1.59726e-07
 1.48382e-07
 1.38148e-07
 1.28889e-07
 1.20493e-07
 5.28439e-07
 4.89918e-07
 4.51203e-07
 4.13907e-07
 3.78920e-07
 3.46654e-07
 3.17221e-07
 2.90557e-07
 2.66502e-07
 2.44849e-07
 2.25377e-07
 2.07865e-07
 1.92105e-07
 1.77904e-07
 1.65091e-07
 1.53508e-07
 1.43019e-07
 1.33500e-07
 1.24846e-07
 1.16962e-07
