scalar
part
         1
quad4
 5.32762e-07
 4.93731e-07
 4.54555e-07
 4.16851e-07
 3.81508e-07
 3.48933e-07
 3.19233e-07
 2.92339e-07
 2.68086e-07
 2.46263e-07
 2.26644e-07
 2.09004e-07
 1.93132e-07
 1.78835e-07
 1.65936e-07
 1.54279e-07
 1.43723e-07
 1.34147e-07
 1.25441e-07
 1.17510e-07
 6.34040e-07
 5.76246e-07
 5.21512e-07
 4.71161e-07
 4.25646e-07
 3.84931e-07
 3.48724e-07
 3.16622e-07
 2.88188e-07
 2.62996e-07
 2.40648e-07
 2.20789e-07
 2.03102e-07
 1.87312e-07
 1.73179e-07
 1.60497e-07
 1.49086e-07
 1.38791e-07
 1.29480e-07
 1.21037e-07
 7.54438e-07
 6.70929e-07
 5.96035e-07
 5.30043e-07
 4.72433e-07
 4.22354e-07
 3.78872e-07
 3.41086e-07
 3.08184e-07
 2.79455e-07
 2.54289e-07
 2.32168e-07
 2.12654e-07
 1.95378e-07
 1.80029e-07
 1.66345e-07
 1.54103e-07
 1.43117e-07
 1.33227e-07
 1.24296e-07
 8.94649e-07
 7.76990e-07
 6.76839e-07
 5.92166e-07
 5.20672e-07
 4.60193e-07
 4.08850e-07
 3.65066e-07
 3.27542e-07
 2.95218e-07
 2.67230e-07
 2.42874e-07
 2.21574e-07
 2.02861e-07
 1.86346e-07
 1.71709e-07
 1.58684e-07
 1.47050e-07
 1.36619e-07
 1.27236e-07
 1.05269e-06
 8.91684e-07
 7.61323e-07
 6.55349e-07
 5.68624e-07
 4.97094e-07
 4.37617e-07
 3.87762e-07
 3.45648e-07
 3.09811e-07
 2.79103e-07
 2.52619e-07
 2.29638e-07
 2.09583e-07
 1.91989e-07
 1.76477e-07
 1.62737e-07
 1.50514e-07
 1.39597e-07
 1.29807e-07
 1.22222e-06
 1.00959e-06
 8.45308e-07
 7.16492e-07
 6.14020e-07
 5.31400e-07
 4.63957e-07
 4.08277e-07
 3.61835e-07
 3.22733e-07
 2.89529e-07
 2.61113e-07
 2.36620e-07
 2.15370e-07
 1.96822e-07
 1.80541e-07
 1.66177e-07
 1.53443e-07
 1.42104e-07
 1.31965e-07
 1.39104e-06
 1.12227e-06
 9.23063e-07
 7.71699e-07
 6.54190e-07
 5.61256e-07
 4.86563e-07
 4.25677e-07
 3.75424e-07
 3.33486e-07
 2.98137e-07
 2.68078e-07
 2.42310e-07
 2.20059e-07
 2.00717e-07
 1.83801e-07
 1.68924e-07
 1.55772e-07
 1.44091e-07
 1.33669e-07
 1.54115e-06
 1.21880e-06
 9.87824e-07
 8.16670e-07
 6.86327e-07
 5.84786e-07
 5.04155e-07
 4.39071e-07
 3.85785e-07
 3.41614e-07
 3.04595e-07
 2.73267e-07
 2.46522e-07
 2.23509e-07
 2.03567e-07
 1.86174e-07
 1.70913e-07
 1.57451e-07
 1.45515e-07
 1.34885e-07
 1.65151e-06
 1.28756e-06
 1.03285e-06
 8.47320e-07
 7.07867e-07
 6.00331e-07
 5.15629e-07
 4.47705e-07
 3.92392e-07
 3.46745e-07
 3.08633e-07
 2.76481e-07
 2.49108e-07
 2.25609e-07
 2.05287e-07
 1.87593e-07
 1.72093e-07
 1.58438e-07
 1.46346e-07
 1.35588e-07
 1.70363e-06
 1.31897e-06
 1.05280e-06
 8.60534e-07
 7.16908e-07
 6.06685e-07
 5.20196e-07
 4.51050e-07
 3.94882e-07
 3.48625e-07
 3.10069e-07
 2.77589e-07
 2.49970e-07
 2.26286e-07
 2.05822e-07
 1.88018e-07
 1.72431e-07
 1.58709e-07
 1.46563e-07
 1.35762e-07
 1.68780e-06
 1.30816e-06
 1.04508e-06
 8.54817e-07
 7.12554e-07
 6.03292e-07
 5.17500e-07
 4.48872e-07
 3.93097e-07
 3.47144e-07
 3.08826e-07
 2.76536e-07
 2.49070e-07
 2.25511e-07
 2.05149e-07
 1.87431e-07
 1.71916e-07
 1.58253e-07
 1.46159e-07
 1.35402e-07
 1.60654e-06
 1.25646e-06
 1.01042e-06
 8.30621e-07
 6.95095e-07
 5.90343e-07
 5.07670e-07
 4.41261e-07
 3.87102e-07
 3.42349e-07
 3.04940e-07
 2.73349e-07
 2.46428e-07
 2.23300e-07
 2.03282e-07
 1.85842e-07
 1.70554e-07
 1.57078e-07
 1.45139e-07
 1.34512e-07
 1.47349e-06
 1.17091e-06
 9.52759e-07
 7.90253e-07
 6.65947e-07
 5.68744e-07
 4.91306e-07
 4.28624e-07
 3.77179e-07
 3.34442e-07
 2.98556e-07
 2.68135e-07
 2.42124e-07
 2.19713e-07
 2.00268e-07
 1.83288e-07
 1.68375e-07
 1.55207e-07
 1.43522e-07
 1.33106e-07
 1.30866e-06
 1.06227e-06
 8.78210e-07
 7.37381e-07
 6.27399e-07
 5.39971e-07
 4.69389e-07
 4.11631e-07
 3.63797e-07
 3.23756e-07
 2.89917e-07
 2.61073e-07
 2.36293e-07
 2.14854e-07
 1.96184e-07
 1.79830e-07
 1.65426e-07
 1.52676e-07
 1.41337e-07
 1.31209e-07
 1.13252e-06
 9.42221e-07
 7.93748e-07
 6.76327e-07
 5.82220e-07
 5.05851e-07
 4.43155e-07
 3.91137e-07
 3.47559e-07
 3.10726e-07
 2.79341e-07
 2.52399e-07
 2.29111e-07
 2.08856e-07
 1.91136e-07
 1.75550e-07
 1.61773e-07
 1.49538e-07
 1.38626e-07
 1.28854e-07
 9.61419e-07
 8.21012e-07
 7.05915e-07
 6.11351e-07
 5.33247e-07
 4.68313e-07
 4.13942e-07
 3.68089e-07
 3.29146e-07
 2.95848e-07
 2.67195e-07
 2.42388e-07
 2.20789e-07
 2.01882e-07
 1.85248e-07
 1.70545e-07
 1.57491e-07
 1.45854e-07
 1.35438e-07
 1.26082e-07
 8.05709e-07
 7.06122e-07
 6.19953e-07
 5.46112e-07
 4.83048e-07
 4.29177e-07
 3.83055e-07
 3.43431e-07
 3.09252e-07
 2.79639e-07
 2.53867e-07
 2.31337e-07
 2.11553e-07
 1.94107e-07
 1.78658e-07
 1.64924e-07
 1.52669e-07
 1.41693e-07
 1.31830e-07
 1.22938e-07
 6.70169e-07
 6.02006e-07
 5.39470e-07
 4.83382e-07
 4.33706e-07
 3.89999e-07
 3.51656e-07
 3.18039e-07
 2.88538e-07
 2.62602e-07
 2.39744e-07
 2.19543e-07
 2.01636e-07
 1.85713e-07
 1.71511e-07
 1.58803e-07
 1.47398e-07
 1.37131e-07
 1.27863e-07
 1.19472e-07
 5.55622e-07
 5.10599e-07
 4.66528e-07
 4.24996e-07
 3.86742e-07
 3.51997e-07
 3.20706e-07
 2.92661e-07
 2.67589e-07
 2.45194e-07
 2.25185e-07
 2.07290e-07
 1.91263e-07
 1.76882e-07
 1.63951e-07
 1.52298e-07
 1.41773e-07
 1.32245e-07
 1.23600e-07
 1.15737e-07
 4.60607e-07
 4.32079e-07
 4.01959e-07
 3.71964e-07
 3.43132e-07
 3.16033e-07
 2.90931e-07
 2.67900e-07
 2.46895e-07
 2.27812e-07
 2.10510e-07
 1.94838e-07
 1.80644e-07
 1.67782e-07
 1.56116e-07
 1.45522e-07
 1.35888e-07
 1.27112e-07
 1.19104e-07
 1.11785e-07
