scalar
part
         1
quad4
 5.83673e-07
 5.37087e-07
 4.91250e-07
 4.47814e-07
 4.07616e-07
 3.70969e-07
 3.37875e-07
 3.08157e-07
 2.81556e-07
 2.57778e-07
 2.36528e-07
 2.17523e-07
 2.00505e-07
 1.85241e-07
 1.71525e-07
 1.59172e-07
 1.48024e-07
 1.37940e-07
 1.28797e-07
 1.20489e-07
 6.91244e-07
 6.23733e-07
 5.60770e-07
 5.03588e-07
 4.52472e-07
 4.07191e-07
 3.67272e-07
 3.32151e-07
 3.01255e-07
 2.74047e-07
 2.50043e-07
 2.28816e-07
 2.09994e-07
 1.93258e-07
 1.78332e-07
 1.64982e-07
 1.53005e-07
 1.42229e-07
 1.32507e-07
 1.23711e-07
 8.18205e-07
 7.22281e-07
 6.37351e-07
 5.63364e-07
 4.99427e-07
 4.44348e-07
 3.96906e-07
 3.55972e-07
 3.20553e-07
 2.89801e-07
 2.62997e-07
 2.39541e-07
 2.18933e-07
 2.00754e-07
 1.84656e-07
 1.70345e-07
 1.57578e-07
 1.46148e-07
 1.35881e-07
 1.26628e-07
 9.64599e-07
 8.31350e-07
 7.19249e-07
 6.25478e-07
 5.47053e-07
 4.81272e-07
 4.25844e-07
 3.78887e-07
 3.38878e-07
 3.04590e-07
 2.75036e-07
 2.49421e-07
 2.27102e-07
 2.07555e-07
 1.90355e-07
 1.75151e-07
 1.61654e-07
 1.49623e-07
 1.38858e-07
 1.29191e-07
 1.12723e-06
 9.47282e-07
 8.03241e-07
 6.87347e-07
 5.93360e-07
 5.16457e-07
 4.52953e-07
 4.00043e-07
 3.55584e-07
 3.17925e-07
 2.85786e-07
 2.58166e-07
 2.34275e-07
 2.13486e-07
 1.95293e-07
 1.79289e-07
 1.65143e-07
 1.52582e-07
 1.41381e-07
 1.31353e-07
 1.29776e-06
 1.06341e-06
 8.84416e-07
 7.45451e-07
 6.35847e-07
 5.48120e-07
 4.76952e-07
 4.18512e-07
 3.69990e-07
 3.29300e-07
 2.94868e-07
 2.65490e-07
 2.40236e-07
 2.18377e-07
 1.99338e-07
 1.82657e-07
 1.67966e-07
 1.54962e-07
 1.43399e-07
 1.33072e-07
 1.46127e-06
 1.16991e-06
 9.56348e-07
 7.95565e-07
 6.71693e-07
 5.74346e-07
 4.96520e-07
 4.33364e-07
 3.81434e-07
 3.38237e-07
 3.01931e-07
 2.71132e-07
 2.44786e-07
 2.22079e-07
 2.02374e-07
 1.85165e-07
 1.70051e-07
 1.56707e-07
 1.44866e-07
 1.34313e-07
 1.59701e-06
 1.25475e-06
 1.01188e-06
 8.33279e-07
 6.98097e-07
 5.93307e-07
 5.10432e-07
 4.43762e-07
 3.89331e-07
 3.44319e-07
 3.06672e-07
 2.74869e-07
 2.47761e-07
 2.24468e-07
 2.04306e-07
 1.86740e-07
 1.71343e-07
 1.57771e-07
 1.45749e-07
 1.35048e-07
 1.68279e-06
 1.30626e-06
 1.04448e-06
 8.54768e-07
 7.12719e-07
 6.03519e-07
 5.17719e-07
 4.49054e-07
 3.93233e-07
 3.47231e-07
 3.08870e-07
 2.76541e-07
 2.49042e-07
 2.25454e-07
 2.05069e-07
 1.87331e-07
 1.71801e-07
 1.58126e-07
 1.46022e-07
 1.35257e-07
 1.70237e-06
 1.31643e-06
 1.04988e-06
 8.57592e-07
 7.14106e-07
 6.04081e-07
 5.17802e-07
 4.48861e-07
 3.92884e-07
 3.46799e-07
 3.08399e-07
 2.76059e-07
 2.48564e-07
 2.24991e-07
 2.04627e-07
 1.86912e-07
 1.71406e-07
 1.57755e-07
 1.45675e-07
 1.34932e-07
 1.65202e-06
 1.28347e-06
 1.02714e-06
 8.41258e-07
 7.01979e-07
 5.94831e-07
 5.10588e-07
 4.43126e-07
 3.88249e-07
 3.43001e-07
 3.05247e-07
 2.73415e-07
 2.46325e-07
 2.23078e-07
 2.02979e-07
 1.85483e-07
 1.70158e-07
 1.56660e-07
 1.44708e-07
 1.34075e-07
 1.54138e-06
 1.21224e-06
 9.78932e-07
 8.07305e-07
 6.77280e-07
 5.76374e-07
 4.96476e-07
 4.32123e-07
 3.79523e-07
 3.35977e-07
 2.99518e-07
 2.68687e-07
 2.42382e-07
 2.19759e-07
 2.00161e-07
 1.83072e-07
 1.68081e-07
 1.54858e-07
 1.43136e-07
 1.32695e-07
 1.38887e-06
 1.11239e-06
 9.10646e-07
 7.58926e-07
 6.41984e-07
 5.49974e-07
 4.76304e-07
 4.16422e-07
 3.67103e-07
 3.26010e-07
 2.91417e-07
 2.62027e-07
 2.36851e-07
 2.15122e-07
 1.96240e-07
 1.79731e-07
 1.65214e-07
 1.52382e-07
 1.40985e-07
 1.30817e-07
 1.21531e-06
 9.95543e-07
 8.29100e-07
 7.00285e-07
 5.98725e-07
 5.17353e-07
 4.51230e-07
 3.96820e-07
 3.51549e-07
 3.13502e-07
 2.81237e-07
 2.53653e-07
 2.29894e-07
 2.09291e-07
 1.91313e-07
 1.75537e-07
 1.61619e-07
 1.49281e-07
 1.38294e-07
 1.28469e-07
 1.03898e-06
 8.72745e-07
 7.41158e-07
 6.35766e-07
 5.50379e-07
 4.80443e-07
 4.22578e-07
 3.74246e-07
 3.33523e-07
 2.98934e-07
 2.69334e-07
 2.43830e-07
 2.21713e-07
 2.02420e-07
 1.85499e-07
 1.70582e-07
 1.57368e-07
 1.45613e-07
 1.35110e-07
 1.25692e-07
 8.73077e-07
 7.52818e-07
 6.52729e-07
 5.69367e-07
 4.99686e-07
 4.41151e-07
 3.91697e-07
 3.49667e-07
 3.13731e-07
 2.82826e-07
 2.56096e-07
 2.32851e-07
 2.12533e-07
 1.94685e-07
 1.78934e-07
 1.64974e-07
 1.52548e-07
 1.41446e-07
 1.31489e-07
 1.22529e-07
 7.25201e-07
 6.41711e-07
 5.68233e-07
 5.04310e-07
 4.48989e-07
 4.01182e-07
 3.59838e-07
 3.24007e-07
 2.92862e-07
 2.65698e-07
 2.41918e-07
 2.21022e-07
 2.02589e-07
 1.86268e-07
 1.71764e-07
 1.58828e-07
 1.47251e-07
 1.36855e-07
 1.27491e-07
 1.19031e-07
 5.98289e-07
 5.42646e-07
 4.90503e-07
 4.42899e-07
 4.00090e-07
 3.61929e-07
 3.28068e-07
 2.98085e-07
 2.71545e-07
 2.48035e-07
 2.27178e-07
 2.08636e-07
 1.92114e-07
 1.77355e-07
 1.64135e-07
 1.52263e-07
 1.41572e-07
 1.31919e-07
 1.23180e-07
 1.15249e-07
 4.92125e-07
 4.56711e-07
 4.20989e-07
 3.86548e-07
 3.54234e-07
 3.24429e-07
 2.97231e-07
 2.72578e-07
 2.50321e-07
 2.30270e-07
 2.12219e-07
 1.95969e-07
 1.81329e-07
 1.68122e-07
 1.56192e-07
 1.45395e-07
 1.35606e-07
 1.26714e-07
 1.18621e-07
 1.11239e-07
 4.04761e-07
 3.83576e-07
 3.60094e-07
 3.35942e-07
 3.12160e-07
 2.89377e-07
 2.67941e-07
 2.48010e-07
 2.29628e-07
 2.12762e-07
 1.97339e-07
 1.83264e-07
 1.70431e-07
 1.58734e-07
 1.48068e-07
 1.38335e-07
 1.29447e-07
 1.21318e-07
 1.13876e-07
 1.07051e-07
