scalar
part
         1
quad4
 6.44002e-07
 5.89609e-07
 5.36859e-07
 4.87396e-07
 4.41998e-07
 4.00894e-07
 3.63990e-07
 3.31023e-07
 3.01647e-07
 2.75498e-07
 2.52215e-07
 2.31464e-07
 2.12941e-07
 1.96376e-07
 1.81529e-07
 1.68192e-07
 1.56183e-07
 1.45344e-07
 1.35537e-07
 1.26642e-07
 7.57821e-07
 6.80635e-07
 6.09361e-07
 5.45134e-07
 4.88087e-07
 4.37833e-07
 3.93745e-07
 3.55126e-07
 3.21288e-07
 2.91599e-07
 2.65492e-07
 2.42477e-07
 2.22127e-07
 2.04080e-07
 1.88023e-07
 1.73694e-07
 1.60866e-07
 1.49348e-07
 1.38974e-07
 1.29605e-07
 8.91192e-07
 7.83360e-07
 6.88551e-07
 6.06438e-07
 5.35841e-07
 4.75304e-07
 4.23378e-07
 3.78746e-07
 3.40264e-07
 3.06959e-07
 2.78018e-07
 2.52761e-07
 2.30627e-07
 2.11149e-07
 1.93937e-07
 1.78668e-07
 1.65072e-07
 1.52921e-07
 1.42024e-07
 1.32219e-07
 1.04370e-06
 8.95996e-07
 7.72352e-07
 6.69395e-07
 5.83650e-07
 5.12011e-07
 4.51867e-07
 4.01087e-07
 3.57957e-07
 3.21100e-07
 2.89418e-07
 2.62026e-07
 2.38213e-07
 2.17402e-07
 1.99126e-07
 1.83000e-07
 1.68708e-07
 1.55989e-07
 1.44625e-07
 1.34435e-07
 1.21140e-06
 1.01429e-06
 8.57111e-07
 7.31121e-07
 6.29321e-07
 5.46312e-07
 4.77989e-07
 4.21238e-07
 3.73684e-07
 3.33508e-07
 2.99303e-07
 2.69972e-07
 2.44653e-07
 2.22662e-07
 2.03452e-07
 1.86580e-07
 1.71688e-07
 1.58484e-07
 1.46724e-07
 1.36208e-07
 1.38478e-06
 1.13079e-06
 9.37403e-07
 7.87775e-07
 6.70152e-07
 5.76302e-07
 5.00392e-07
 4.38227e-07
 3.86741e-07
 3.43665e-07
 3.07289e-07
 2.76313e-07
 2.49732e-07
 2.26762e-07
 2.06785e-07
 1.89308e-07
 1.73934e-07
 1.60342e-07
 1.48269e-07
 1.37499e-07
 1.54737e-06
 1.23471e-06
 1.00627e-06
 8.34835e-07
 7.03163e-07
 5.99983e-07
 5.17711e-07
 4.51106e-07
 3.96459e-07
 3.51091e-07
 3.13028e-07
 2.80792e-07
 2.53257e-07
 2.29558e-07
 2.09017e-07
 1.91100e-07
 1.75379e-07
 1.61513e-07
 1.49221e-07
 1.38274e-07
 1.67658e-06
 1.31316e-06
 1.05613e-06
 8.67699e-07
 7.25475e-07
 6.15503e-07
 5.28724e-07
 4.59051e-07
 4.02270e-07
 3.55389e-07
 3.16235e-07
 2.83202e-07
 2.55077e-07
 2.30937e-07
 2.10062e-07
 1.91890e-07
 1.75975e-07
 1.61958e-07
 1.49549e-07
 1.38511e-07
 1.74876e-06
 1.35395e-06
 1.08032e-06
 8.82548e-07
 7.34801e-07
 6.21440e-07
 5.32521e-07
 4.61463e-07
 4.03770e-07
 3.56281e-07
 3.16717e-07
 2.83405e-07
 2.55093e-07
 2.30825e-07
 2.09866e-07
 1.91640e-07
 1.75691e-07
 1.61654e-07
 1.49236e-07
 1.38196e-07
 1.74760e-06
 1.34938e-06
 1.07490e-06
 8.77225e-07
 7.29904e-07
 6.17058e-07
 5.28647e-07
 4.58055e-07
 4.00774e-07
 3.53643e-07
 3.14390e-07
 2.81347e-07
 2.53265e-07
 2.29197e-07
 2.08411e-07
 1.90335e-07
 1.74517e-07
 1.60595e-07
 1.48277e-07
 1.37326e-07
 1.67162e-06
 1.29904e-06
 1.03982e-06
 8.51789e-07
 7.10872e-07
 6.02445e-07
 5.17181e-07
 4.48893e-07
 3.93337e-07
 3.47524e-07
 3.09294e-07
 2.77058e-07
 2.49621e-07
 2.26075e-07
 2.05716e-07
 1.87992e-07
 1.72468e-07
 1.58792e-07
 1.46683e-07
 1.35909e-07
 1.53468e-06
 1.20999e-06
 9.78957e-07
 8.08524e-07
 6.79118e-07
 5.78512e-07
 4.98734e-07
 4.34398e-07
 3.81757e-07
 3.38137e-07
 3.01587e-07
 2.70657e-07
 2.44252e-07
 2.21529e-07
 2.01835e-07
 1.84655e-07
 1.69577e-07
 1.56273e-07
 1.44475e-07
 1.33964e-07
 1.35949e-06
 1.09412e-06
 8.98990e-07
 7.51387e-07
 6.37096e-07
 5.46841e-07
 4.74358e-07
 4.15291e-07
 3.66540e-07
 3.25846e-07
 2.91534e-07
 2.62343e-07
 2.37306e-07
 2.15673e-07
 1.96858e-07
 1.80391e-07
 1.65901e-07
 1.53082e-07
 1.41690e-07
 1.31519e-07
 1.16937e-06
 9.64596e-07
 8.07693e-07
 6.85155e-07
 5.87847e-07
 5.09428e-07
 4.45398e-07
 3.92503e-07
 3.48343e-07
 3.11124e-07
 2.79484e-07
 2.52374e-07
 2.28979e-07
 2.08658e-07
 1.90899e-07
 1.75294e-07
 1.61510e-07
 1.49278e-07
 1.38374e-07
 1.28614e-07
 9.82992e-07
 8.33018e-07
 7.12403e-07
 6.14575e-07
 5.34512e-07
 4.68399e-07
 4.13328e-07
 3.67070e-07
 3.27911e-07
 2.94515e-07
 2.65837e-07
 2.41052e-07
 2.19501e-07
 2.00659e-07
 1.84098e-07
 1.69471e-07
 1.56492e-07
 1.44928e-07
 1.34583e-07
 1.25293e-07
 8.12490e-07
 7.07939e-07
 6.19044e-07
 5.43745e-07
 4.79950e-07
 4.25769e-07
 3.79582e-07
 3.40033e-07
 3.06005e-07
 2.76584e-07
 2.51020e-07
 2.28700e-07
 2.09122e-07
 1.91871e-07
 1.76606e-07
 1.63042e-07
 1.50943e-07
 1.40111e-07
 1.30379e-07
 1.21607e-07
 6.63943e-07
 5.94611e-07
 5.31740e-07
 4.75784e-07
 4.26482e-07
 3.83261e-07
 3.45443e-07
 3.12348e-07
 2.83348e-07
 2.57880e-07
 2.35453e-07
 2.15644e-07
 1.98093e-07
 1.82493e-07
 1.68580e-07
 1.56133e-07
 1.44963e-07
 1.34908e-07
 1.25830e-07
 1.17611e-07
 5.38867e-07
 4.95450e-07
 4.52893e-07
 4.12770e-07
 3.75804e-07
 3.42220e-07
 3.11964e-07
 2.84838e-07
 2.60579e-07
 2.38901e-07
 2.19526e-07
 2.02192e-07
 1.86661e-07
 1.72719e-07
 1.60177e-07
 1.48871e-07
 1.38656e-07
 1.29403e-07
 1.21005e-07
 1.13363e-07
 4.35954e-07
 4.10827e-07
 3.83502e-07
 3.55849e-07
 3.29001e-07
 3.03594e-07
 2.79941e-07
 2.58156e-07
 2.38228e-07
 2.20077e-07
 2.03587e-07
 1.88623e-07
 1.75049e-07
 1.62732e-07
 1.51547e-07
 1.41378e-07
 1.32121e-07
 1.23680e-07
 1.15971e-07
 1.08919e-07
 3.52510e-07
 3.39852e-07
 3.23579e-07
 3.05442e-07
 2.86643e-07
 2.67971e-07
 2.49921e-07
 2.32783e-07
 2.16709e-07
 2.01756e-07
 1.87924e-07
 1.75178e-07
 1.63459e-07
 1.52699e-07
 1.42826e-07
 1.33767e-07
 1.25453e-07
 1.17816e-07
 1.10796e-07
 1.04336e-07
