scalar
part
         1
quad4
 3.49753e-07
 3.37573e-07
 3.21708e-07
 3.03912e-07
 2.85395e-07
 2.66954e-07
 2.49094e-07
 2.32110e-07
 2.16161e-07
 2.01311e-07
 1.87563e-07
 1.74885e-07
 1.63222e-07
 1.52509e-07
 1.42674e-07
 1.33646e-07
 1.25358e-07
 1.17743e-07
 1.10741e-07
 1.04296e-07
 4.33020e-07
 4.08470e-07
 3.81619e-07
 3.54350e-07
 3.27809e-07
 3.02647e-07
 2.79189e-07
 2.57559e-07
 2.37755e-07
 2.19703e-07
 2.03292e-07
 1.88392e-07
 1.74870e-07
 1.62594e-07
 1.51443e-07
 1.41301e-07
 1.32066e-07
 1.23643e-07
 1.15949e-07
 1.08910e-07
 5.35805e-07
 4.93075e-07
 4.51058e-07
 4.11355e-07
 3.74715e-07
 3.41382e-07
 3.11320e-07
 2.84344e-07
 2.60202e-07
 2.38616e-07
 2.19312e-07
 2.02034e-07
 1.86547e-07
 1.72640e-07
 1.60127e-07
 1.48843e-07
 1.38645e-07
 1.29407e-07
 1.21019e-07
 1.13386e-07
 6.60853e-07
 5.92318e-07
 5.30043e-07
 4.74529e-07
 4.25556e-07
 3.82579e-07
 3.44944e-07
 3.11987e-07
 2.83090e-07
 2.57700e-07
 2.35333e-07
 2.15571e-07
 1.98055e-07
 1.82481e-07
 1.68589e-07
 1.56158e-07
 1.45000e-07
 1.34954e-07
 1.25883e-07
 1.17669e-07
 8.09548e-07
 7.05880e-07
 6.17605e-07
 5.42743e-07
 4.79258e-07
 4.25298e-07
 3.79269e-07
 3.39834e-07
 3.05890e-07
 2.76529e-07
 2.51009e-07
 2.28722e-07
 2.09167e-07
 1.91933e-07
 1.76680e-07
 1.63125e-07
 1.51031e-07
 1.40203e-07
 1.30473e-07
 1.21702e-07
 9.80481e-07
 8.31406e-07
 7.11379e-07
 6.13939e-07
 5.34135e-07
 4.68196e-07
 4.13243e-07
 3.67066e-07
 3.27961e-07
 2.94601e-07
 2.65948e-07
 2.41178e-07
 2.19638e-07
 2.00801e-07
 1.84242e-07
 1.69615e-07
 1.56635e-07
 1.45068e-07
 1.34719e-07
 1.25426e-07
 1.16770e-06
 9.63705e-07
 8.07265e-07
 6.85007e-07
 5.87867e-07
 5.09550e-07
 4.45582e-07
 3.92721e-07
 3.48579e-07
 3.11367e-07
 2.79727e-07
 2.52613e-07
 2.29212e-07
 2.08883e-07
 1.91116e-07
 1.75502e-07
 1.61709e-07
 1.49467e-07
 1.38555e-07
 1.28786e-07
 1.35917e-06
 1.09425e-06
 8.99347e-07
 7.51845e-07
 6.37590e-07
 5.47339e-07
 4.74842e-07
 4.15754e-07
 3.66977e-07
 3.26256e-07
 2.91918e-07
 2.62701e-07
 2.37640e-07
 2.15986e-07
 1.97150e-07
 1.80665e-07
 1.66157e-07
 1.53323e-07
 1.41915e-07
 1.31732e-07
 1.53623e-06
 1.21143e-06
 9.80255e-07
 8.09678e-07
 6.80140e-07
 5.79419e-07
 4.99541e-07
 4.35120e-07
 3.82405e-07
 3.38720e-07
 3.02115e-07
 2.71137e-07
 2.44690e-07
 2.21930e-07
 2.02204e-07
 1.84994e-07
 1.69891e-07
 1.56564e-07
 1.44745e-07
 1.34216e-07
 1.67538e-06
 1.30195e-06
 1.04214e-06
 8.53681e-07
 7.12445e-07
 6.03773e-07
 5.18318e-07
 4.49876e-07
 3.94197e-07
 3.48281e-07
 3.09967e-07
 2.77659e-07
 2.50162e-07
 2.26564e-07
 2.06160e-07
 1.88398e-07
 1.72839e-07
 1.59133e-07
 1.46997e-07
 1.36200e-07
 1.75354e-06
 1.35372e-06
 1.07822e-06
 8.79832e-07
 7.32009e-07
 6.18794e-07
 5.30102e-07
 4.59292e-07
 4.01839e-07
 3.54569e-07
 3.15203e-07
 2.82065e-07
 2.53906e-07
 2.29771e-07
 2.08929e-07
 1.90804e-07
 1.74944e-07
 1.60985e-07
 1.48635e-07
 1.37656e-07
 1.75644e-06
 1.35949e-06
 1.08449e-06
 8.85782e-07
 7.37381e-07
 6.23543e-07
 5.34265e-07
 4.62933e-07
 4.05025e-07
 3.57363e-07
 3.17660e-07
 2.84235e-07
 2.55827e-07
 2.31480e-07
 2.10453e-07
 1.92169e-07
 1.76171e-07
 1.62091e-07
 1.49635e-07
 1.38563e-07
 1.68531e-06
 1.31951e-06
 1.06091e-06
 8.71418e-07
 7.28437e-07
 6.17910e-07
 5.30715e-07
 4.60722e-07
 4.03691e-07
 3.56611e-07
 3.17297e-07
 2.84131e-07
 2.55898e-07
 2.31665e-07
 2.10714e-07
 1.92476e-07
 1.76505e-07
 1.62439e-07
 1.49987e-07
 1.38913e-07
 1.55642e-06
 1.24144e-06
 1.01142e-06
 8.38874e-07
 7.06397e-07
 6.02620e-07
 5.19896e-07
 4.52941e-07
 3.98019e-07
 3.52432e-07
 3.14191e-07
 2.81809e-07
 2.54154e-07
 2.30353e-07
 2.09727e-07
 1.91737e-07
 1.75954e-07
 1.62034e-07
 1.49695e-07
 1.38708e-07
 1.39360e-06
 1.13754e-06
 9.42674e-07
 7.91969e-07
 6.73545e-07
 5.79089e-07
 5.02713e-07
 4.40183e-07
 3.88409e-07
 3.45100e-07
 3.08535e-07
 2.77404e-07
 2.50693e-07
 2.27615e-07
 2.07546e-07
 1.89991e-07
 1.74550e-07
 1.60900e-07
 1.48776e-07
 1.37962e-07
 1.21963e-06
 1.02079e-06
 8.62303e-07
 7.35325e-07
 6.32767e-07
 5.49172e-07
 4.80390e-07
 4.23273e-07
 3.75427e-07
 3.35013e-07
 3.00613e-07
 2.71121e-07
 2.45667e-07
 2.23563e-07
 2.04256e-07
 1.87302e-07
 1.72339e-07
 1.59073e-07
 1.47260e-07
 1.36698e-07
 1.05118e-06
 9.02073e-07
 7.77326e-07
 6.73498e-07
 5.87064e-07
 5.14878e-07
 4.54295e-07
 4.03162e-07
 3.59744e-07
 3.22651e-07
 2.90773e-07
 2.63218e-07
 2.39267e-07
 2.18341e-07
 1.99965e-07
 1.83754e-07
 1.69389e-07
 1.56606e-07
 1.45187e-07
 1.34948e-07
 8.97866e-07
 7.88939e-07
 6.93221e-07
 6.10363e-07
 5.39157e-07
 4.78124e-07
 4.25791e-07
 3.80826e-07
 3.42067e-07
 3.08533e-07
 2.79399e-07
 2.53981e-07
 2.31710e-07
 2.12115e-07
 1.94803e-07
 1.79448e-07
 1.65776e-07
 1.53560e-07
 1.42606e-07
 1.32751e-07
 7.63731e-07
 6.85693e-07
 6.13685e-07
 5.48833e-07
 4.91260e-07
 4.40565e-07
 3.96109e-07
 3.57181e-07
 3.23084e-07
 2.93175e-07
 2.66884e-07
 2.43711e-07
 2.23227e-07
 2.05064e-07
 1.88908e-07
 1.74492e-07
 1.61589e-07
 1.50005e-07
 1.39574e-07
 1.30154e-07
 6.49214e-07
 5.94164e-07
 5.40825e-07
 4.90845e-07
 4.44999e-07
 4.03510e-07
 3.66278e-07
 3.33030e-07
 3.03415e-07
 2.77061e-07
 2.53602e-07
 2.32700e-07
 2.14048e-07
 1.97370e-07
 1.82425e-07
 1.69003e-07
 1.56920e-07
 1.46015e-07
 1.36150e-07
 1.27204e-07
