scalar
part
         1
quad4
 3.38038e-07
 3.27063e-07
 3.12367e-07
 2.95658e-07
 2.78122e-07
 2.60551e-07
 2.43451e-07
 2.27128e-07
 2.11752e-07
 1.97396e-07
 1.84075e-07
 1.71767e-07
 1.60425e-07
 1.49990e-07
 1.40398e-07
 1.31583e-07
 1.23482e-07
 1.16031e-07
 1.09174e-07
 1.02858e-07
 4.19287e-07
 3.96423e-07
 3.71131e-07
 3.45252e-07
 3.19922e-07
 2.95801e-07
 2.73230e-07
 2.52354e-07
 2.33189e-07
 2.15681e-07
 1.99733e-07
 1.85229e-07
 1.72046e-07
 1.60063e-07
 1.49164e-07
 1.39242e-07
 1.30198e-07
 1.21943e-07
 1.14396e-07
 1.07487e-07
 5.19703e-07
 4.79321e-07
 4.39363e-07
 4.01416e-07
 3.66247e-07
 3.34140e-07
 3.05095e-07
 2.78964e-07
 2.55525e-07
 2.34526e-07
 2.15717e-07
 1.98856e-07
 1.83722e-07
 1.70118e-07
 1.57864e-07
 1.46803e-07
 1.36799e-07
 1.27730e-07
 1.19490e-07
 1.11987e-07
 6.42061e-07
 5.76757e-07
 5.17156e-07
 4.63814e-07
 4.16592e-07
 3.75027e-07
 3.38532e-07
 3.06501e-07
 2.78361e-07
 2.53594e-07
 2.31744e-07
 2.12412e-07
 1.95259e-07
 1.79992e-07
 1.66362e-07
 1.54156e-07
 1.43191e-07
 1.33313e-07
 1.24389e-07
 1.16304e-07
 7.87895e-07
 6.88567e-07
 6.03666e-07
 5.31413e-07
 4.69950e-07
 4.17568e-07
 3.72781e-07
 3.34334e-07
 3.01183e-07
 2.72467e-07
 2.47474e-07
 2.25623e-07
 2.06433e-07
 1.89505e-07
 1.74511e-07
 1.61177e-07
 1.49275e-07
 1.38611e-07
 1.29025e-07
 1.20378e-07
 9.56140e-07
 8.12659e-07
 6.96712e-07
 6.02275e-07
 5.24712e-07
 4.60470e-07
 4.06821e-07
 3.61663e-07
 3.23364e-07
 2.90651e-07
 2.62522e-07
 2.38183e-07
 2.16999e-07
 1.98461e-07
 1.82154e-07
 1.67742e-07
 1.54946e-07
 1.43538e-07
 1.33327e-07
 1.24154e-07
 1.14147e-06
 9.44225e-07
 7.92420e-07
 6.73422e-07
 5.78634e-07
 5.02053e-07
 4.39394e-07
 3.87541e-07
 3.44187e-07
 3.07602e-07
 2.76467e-07
 2.49766e-07
 2.26706e-07
 2.06661e-07
 1.89133e-07
 1.73722e-07
 1.60103e-07
 1.48012e-07
 1.37229e-07
 1.27575e-07
 1.33270e-06
 1.07518e-06
 8.85098e-07
 7.40866e-07
 6.28911e-07
 5.40327e-07
 4.69072e-07
 4.10930e-07
 3.62889e-07
 3.22750e-07
 2.88881e-07
 2.60046e-07
 2.35300e-07
 2.13908e-07
 1.95293e-07
 1.78996e-07
 1.64649e-07
 1.51954e-07
 1.40667e-07
 1.30589e-07
 1.51203e-06
 1.19427e-06
 9.67520e-07
 7.99889e-07
 6.72399e-07
 5.73152e-07
 4.94369e-07
 4.30781e-07
 3.78715e-07
 3.35545e-07
 2.99354e-07
 2.68715e-07
 2.42547e-07
 2.20022e-07
 2.00493e-07
 1.83453e-07
 1.68494e-07
 1.55293e-07
 1.43583e-07
 1.33149e-07
 1.65629e-06
 1.28823e-06
 1.03181e-06
 8.45623e-07
 7.05986e-07
 5.98480e-07
 5.13901e-07
 4.46134e-07
 3.90985e-07
 3.45495e-07
 3.07526e-07
 2.75503e-07
 2.48244e-07
 2.24847e-07
 2.04613e-07
 1.86997e-07
 1.71564e-07
 1.57969e-07
 1.45929e-07
 1.35217e-07
 1.74169e-06
 1.34456e-06
 1.07092e-06
 8.73894e-07
 7.27082e-07
 6.14641e-07
 5.26554e-07
 4.56227e-07
 3.99165e-07
 3.52216e-07
 3.13117e-07
 2.80203e-07
 2.52233e-07
 2.28261e-07
 2.07558e-07
 1.89555e-07
 1.73801e-07
 1.59935e-07
 1.47667e-07
 1.36761e-07
 1.75236e-06
 1.35523e-06
 1.08046e-06
 8.82118e-07
 7.34094e-07
 6.20609e-07
 5.31646e-07
 4.60591e-07
 4.02923e-07
 3.55471e-07
 3.15950e-07
 2.82683e-07
 2.54414e-07
 2.30188e-07
 2.09269e-07
 1.91080e-07
 1.75165e-07
 1.61160e-07
 1.48772e-07
 1.37760e-07
 1.68787e-06
 1.31967e-06
 1.05994e-06
 8.69933e-07
 7.26750e-07
 6.16180e-07
 5.29022e-07
 4.59106e-07
 4.02168e-07
 3.55186e-07
 3.15969e-07
 2.82896e-07
 2.54749e-07
 2.30597e-07
 2.09720e-07
 1.91550e-07
 1.75641e-07
 1.61631e-07
 1.49231e-07
 1.38204e-07
 1.56352e-06
 1.24498e-06
 1.01296e-06
 8.39272e-07
 7.06144e-07
 6.01998e-07
 5.19072e-07
 4.52016e-07
 3.97054e-07
 3.51462e-07
 3.13238e-07
 2.80886e-07
 2.53268e-07
 2.29509e-07
 2.08924e-07
 1.90975e-07
 1.75233e-07
 1.61351e-07
 1.49048e-07
 1.38095e-07
 1.40314e-06
 1.14326e-06
 9.46034e-07
 7.93843e-07
 6.74477e-07
 5.79420e-07
 5.02660e-07
 4.39886e-07
 3.87958e-07
 3.44556e-07
 3.07939e-07
 2.76781e-07
 2.50062e-07
 2.26987e-07
 2.06930e-07
 1.89390e-07
 1.73968e-07
 1.60339e-07
 1.48237e-07
 1.37445e-07
 1.23001e-06
 1.02767e-06
 8.66824e-07
 7.38248e-07
 6.34606e-07
 5.50272e-07
 4.80984e-07
 4.23519e-07
 3.75433e-07
 3.34855e-07
 3.00344e-07
 2.70777e-07
 2.45276e-07
 2.23141e-07
 2.03818e-07
 1.86856e-07
 1.71894e-07
 1.58632e-07
 1.46826e-07
 1.36274e-07
 1.06141e-06
 9.09355e-07
 7.82459e-07
 6.77085e-07
 5.89542e-07
 5.16560e-07
 4.55405e-07
 4.03858e-07
 3.60141e-07
 3.22831e-07
 2.90796e-07
 2.63127e-07
 2.39095e-07
 2.18111e-07
 1.99695e-07
 1.83456e-07
 1.69073e-07
 1.56280e-07
 1.44855e-07
 1.34615e-07
 9.07443e-07
 7.96131e-07
 6.98567e-07
 6.14305e-07
 5.42043e-07
 4.80216e-07
 4.27289e-07
 3.81878e-07
 3.42785e-07
 3.08999e-07
 2.79676e-07
 2.54115e-07
 2.31736e-07
 2.12059e-07
 1.94687e-07
 1.79286e-07
 1.65582e-07
 1.53342e-07
 1.42371e-07
 1.32505e-07
 7.72437e-07
 6.92522e-07
 6.18979e-07
 5.52903e-07
 4.94367e-07
 4.42921e-07
 3.97882e-07
 3.58502e-07
 3.24055e-07
 2.93875e-07
 2.67374e-07
 2.44037e-07
 2.23426e-07
 2.05164e-07
 1.88932e-07
 1.74457e-07
 1.61508e-07
 1.49888e-07
 1.39430e-07
 1.29989e-07
 6.57012e-07
 6.00498e-07
 5.45907e-07
 4.94886e-07
 4.48189e-07
 4.06013e-07
 3.68230e-07
 3.34543e-07
 3.04578e-07
 2.77946e-07
 2.54266e-07
 2.33188e-07
 2.14395e-07
 1.97606e-07
 1.82573e-07
 1.69080e-07
 1.56940e-07
 1.45990e-07
 1.36090e-07
 1.27116e-07
