scalar
part
         1
quad4
 3.48027e-07
 3.36065e-07
 3.20397e-07
 3.02775e-07
 2.84409e-07
 2.66098e-07
 2.48348e-07
 2.31460e-07
 2.15591e-07
 2.00809e-07
 1.87120e-07
 1.74492e-07
 1.62872e-07
 1.52196e-07
 1.42393e-07
 1.33393e-07
 1.25129e-07
 1.17536e-07
 1.10552e-07
 1.04123e-07
 4.31054e-07
 4.06789e-07
 3.80186e-07
 3.53129e-07
 3.26767e-07
 3.01754e-07
 2.78421e-07
 2.56895e-07
 2.37178e-07
 2.19199e-07
 2.02850e-07
 1.88002e-07
 1.74524e-07
 1.62286e-07
 1.51167e-07
 1.41054e-07
 1.31843e-07
 1.23441e-07
 1.15766e-07
 1.08743e-07
 5.33575e-07
 4.91216e-07
 4.49508e-07
 4.10060e-07
 3.73626e-07
 3.40462e-07
 3.10538e-07
 2.83675e-07
 2.59625e-07
 2.38115e-07
 2.18876e-07
 2.01651e-07
 1.86209e-07
 1.72340e-07
 1.59860e-07
 1.48604e-07
 1.38429e-07
 1.29212e-07
 1.20843e-07
 1.13226e-07
 6.58345e-07
 5.90287e-07
 5.28391e-07
 4.73176e-07
 4.24438e-07
 3.81648e-07
 3.44161e-07
 3.11323e-07
 2.82522e-07
 2.57211e-07
 2.34909e-07
 2.15200e-07
 1.97729e-07
 1.82193e-07
 1.68333e-07
 1.55929e-07
 1.44794e-07
 1.34769e-07
 1.25715e-07
 1.17517e-07
 8.06776e-07
 7.03706e-07
 6.15882e-07
 5.41361e-07
 4.78135e-07
 4.24375e-07
 3.78501e-07
 3.39188e-07
 3.05341e-07
 2.76059e-07
 2.50603e-07
 2.28368e-07
 2.08857e-07
 1.91660e-07
 1.76437e-07
 1.62908e-07
 1.50837e-07
 1.40028e-07
 1.30315e-07
 1.21558e-07
 9.77505e-07
 8.29151e-07
 7.09638e-07
 6.12570e-07
 5.33040e-07
 4.67306e-07
 4.12509e-07
 3.66453e-07
 3.27443e-07
 2.94160e-07
 2.65567e-07
 2.40848e-07
 2.19348e-07
 2.00546e-07
 1.84015e-07
 1.69413e-07
 1.56454e-07
 1.44905e-07
 1.34572e-07
 1.25291e-07
 1.16465e-06
 9.61471e-07
 8.05581e-07
 6.83705e-07
 5.86838e-07
 5.08721e-07
 4.44903e-07
 3.92156e-07
 3.48103e-07
 3.10962e-07
 2.79379e-07
 2.52311e-07
 2.28948e-07
 2.08650e-07
 1.90909e-07
 1.75317e-07
 1.61543e-07
 1.49318e-07
 1.38419e-07
 1.28663e-07
 1.35627e-06
 1.09218e-06
 8.97814e-07
 7.50673e-07
 6.36671e-07
 5.46601e-07
 4.74239e-07
 4.15253e-07
 3.66555e-07
 3.25896e-07
 2.91608e-07
 2.62432e-07
 2.37405e-07
 2.15778e-07
 1.96965e-07
 1.80499e-07
 1.66008e-07
 1.53188e-07
 1.41793e-07
 1.31620e-07
 1.53376e-06
 1.20969e-06
 9.78973e-07
 8.08699e-07
 6.79371e-07
 5.78800e-07
 4.99034e-07
 4.34696e-07
 3.82047e-07
 3.38414e-07
 3.01850e-07
 2.70906e-07
 2.44486e-07
 2.21750e-07
 2.02043e-07
 1.84849e-07
 1.69760e-07
 1.56446e-07
 1.44637e-07
 1.34117e-07
 1.67362e-06
 1.30069e-06
 1.04120e-06
 8.52948e-07
 7.11860e-07
 6.03296e-07
 5.17921e-07
 4.49541e-07
 3.93910e-07
 3.48033e-07
 3.09750e-07
 2.77468e-07
 2.49993e-07
 2.26413e-07
 2.06024e-07
 1.88275e-07
 1.72727e-07
 1.59032e-07
 1.46904e-07
 1.36115e-07
 1.75266e-06
 1.35303e-06
 1.07766e-06
 8.79377e-07
 7.31629e-07
 6.18472e-07
 5.29825e-07
 4.59052e-07
 4.01629e-07
 3.54384e-07
 3.15038e-07
 2.81918e-07
 2.53773e-07
 2.29651e-07
 2.08820e-07
 1.90705e-07
 1.74853e-07
 1.60901e-07
 1.48558e-07
 1.37584e-07
 1.75643e-06
 1.35938e-06
 1.08433e-06
 8.85609e-07
 7.37209e-07
 6.23379e-07
 5.34112e-07
 4.62790e-07
 4.04893e-07
 3.57242e-07
 3.17548e-07
 2.84131e-07
 2.55732e-07
 2.31391e-07
 2.10371e-07
 1.92093e-07
 1.76100e-07
 1.62025e-07
 1.49573e-07
 1.38505e-07
 1.68602e-06
 1.31989e-06
 1.06111e-06
 8.71504e-07
 7.28460e-07
 6.17897e-07
 5.30679e-07
 4.60674e-07
 4.03636e-07
 3.56552e-07
 3.17236e-07
 2.84071e-07
 2.55839e-07
 2.31609e-07
 2.10659e-07
 1.92424e-07
 1.76454e-07
 1.62391e-07
 1.49941e-07
 1.38869e-07
 1.55760e-06
 1.24219e-06
 1.01190e-06
 8.39178e-07
 7.06591e-07
 6.02741e-07
 5.19968e-07
 4.52980e-07
 3.98035e-07
 3.52432e-07
 3.14181e-07
 2.81791e-07
 2.54131e-07
 2.30327e-07
 2.09699e-07
 1.91707e-07
 1.75924e-07
 1.62004e-07
 1.49665e-07
 1.38678e-07
 1.39503e-06
 1.13851e-06
 9.43348e-07
 7.92439e-07
 6.73875e-07
 5.79323e-07
 5.02878e-07
 4.40299e-07
 3.88489e-07
 3.45155e-07
 3.08571e-07
 2.77425e-07
 2.50704e-07
 2.27618e-07
 2.07543e-07
 1.89983e-07
 1.74539e-07
 1.60886e-07
 1.48761e-07
 1.37946e-07
 1.22114e-06
 1.02188e-06
 8.63100e-07
 7.35910e-07
 6.33200e-07
 5.49494e-07
 4.80631e-07
 4.23455e-07
 3.75564e-07
 3.35116e-07
 3.00690e-07
 2.71178e-07
 2.45709e-07
 2.23593e-07
 2.04277e-07
 1.87315e-07
 1.72347e-07
 1.59076e-07
 1.47260e-07
 1.36695e-07
 1.05266e-06
 9.03202e-07
 7.78183e-07
 6.74153e-07
 5.87567e-07
 5.15265e-07
 4.54596e-07
 4.03397e-07
 3.59927e-07
 3.22795e-07
 2.90886e-07
 2.63307e-07
 2.39337e-07
 2.18395e-07
 2.00008e-07
 1.83787e-07
 1.69414e-07
 1.56625e-07
 1.45200e-07
 1.34957e-07
 8.99271e-07
 7.90048e-07
 6.94094e-07
 6.11051e-07
 5.39702e-07
 4.78555e-07
 4.26135e-07
 3.81101e-07
 3.42288e-07
 3.08711e-07
 2.79543e-07
 2.54098e-07
 2.31805e-07
 2.12192e-07
 1.94865e-07
 1.79498e-07
 1.65817e-07
 1.53593e-07
 1.42633e-07
 1.32772e-07
 7.65027e-07
 6.86751e-07
 6.14543e-07
 5.49528e-07
 4.91824e-07
 4.41023e-07
 3.96482e-07
 3.57485e-07
 3.23333e-07
 2.93380e-07
 2.67053e-07
 2.43851e-07
 2.23343e-07
 2.05160e-07
 1.88988e-07
 1.74559e-07
 1.61645e-07
 1.50051e-07
 1.39612e-07
 1.30185e-07
 6.50394e-07
 5.95154e-07
 5.41649e-07
 4.91529e-07
 4.45566e-07
 4.03980e-07
 3.66668e-07
 3.33354e-07
 3.03685e-07
 2.77286e-07
 2.53791e-07
 2.32859e-07
 2.14181e-07
 1.97482e-07
 1.82520e-07
 1.69084e-07
 1.56988e-07
 1.46073e-07
 1.36199e-07
 1.27245e-07
