scalar
part
         1
quad4
 5.87382e-07
 5.40270e-07
 4.93971e-07
 4.50139e-07
 4.09604e-07
 3.72673e-07
 3.39338e-07
 3.09420e-07
 2.82649e-07
 2.58729e-07
 2.37358e-07
 2.18251e-07
 2.01146e-07
 1.85808e-07
 1.72027e-07
 1.59620e-07
 1.48424e-07
 1.38299e-07
 1.29120e-07
 1.20781e-07
 6.95339e-07
 6.27172e-07
 5.63652e-07
 5.06008e-07
 4.54509e-07
 4.08913e-07
 3.68735e-07
 3.33399e-07
 3.02325e-07
 2.74970e-07
 2.50844e-07
 2.29514e-07
 2.10605e-07
 1.93796e-07
 1.78807e-07
 1.65403e-07
 1.53380e-07
 1.42565e-07
 1.32809e-07
 1.23983e-07
 8.22687e-07
 7.25951e-07
 6.40360e-07
 5.65841e-07
 5.01478e-07
 4.46057e-07
 3.98339e-07
 3.57182e-07
 3.21583e-07
 2.90682e-07
 2.63755e-07
 2.40198e-07
 2.19506e-07
 2.01256e-07
 1.85097e-07
 1.70735e-07
 1.57925e-07
 1.46457e-07
 1.36157e-07
 1.26877e-07
 9.69431e-07
 8.35193e-07
 7.22324e-07
 6.27958e-07
 5.49071e-07
 4.82928e-07
 4.27216e-07
 3.80034e-07
 3.39845e-07
 3.05411e-07
 2.75739e-07
 2.50026e-07
 2.27626e-07
 2.08013e-07
 1.90756e-07
 1.75505e-07
 1.61967e-07
 1.49901e-07
 1.39106e-07
 1.29414e-07
 1.13231e-06
 9.51192e-07
 8.06288e-07
 6.89751e-07
 5.95282e-07
 5.18012e-07
 4.54226e-07
 4.01097e-07
 3.56464e-07
 3.18667e-07
 2.86417e-07
 2.58707e-07
 2.34742e-07
 2.13891e-07
 1.95647e-07
 1.79601e-07
 1.65419e-07
 1.52827e-07
 1.41599e-07
 1.31548e-07
 1.30287e-06
 1.06722e-06
 8.87302e-07
 7.47680e-07
 6.37599e-07
 5.49518e-07
 4.78084e-07
 4.19440e-07
 3.70760e-07
 3.29946e-07
 2.95414e-07
 2.65956e-07
 2.40636e-07
 2.18724e-07
 1.99640e-07
 1.82923e-07
 1.68200e-07
 1.55169e-07
 1.43583e-07
 1.33237e-07
 1.46609e-06
 1.17337e-06
 9.58906e-07
 7.97501e-07
 6.73191e-07
 5.75527e-07
 4.97468e-07
 4.34135e-07
 3.82070e-07
 3.38767e-07
 3.02377e-07
 2.71511e-07
 2.45112e-07
 2.22360e-07
 2.02618e-07
 1.85380e-07
 1.70240e-07
 1.56874e-07
 1.45015e-07
 1.34446e-07
 1.60108e-06
 1.25758e-06
 1.01392e-06
 8.34798e-07
 6.99258e-07
 5.94214e-07
 5.11154e-07
 4.44346e-07
 3.89811e-07
 3.44718e-07
 3.07008e-07
 2.75154e-07
 2.48005e-07
 2.24678e-07
 2.04489e-07
 1.86900e-07
 1.71484e-07
 1.57896e-07
 1.45860e-07
 1.35147e-07
 1.68556e-06
 1.30815e-06
 1.04583e-06
 8.55756e-07
 7.13470e-07
 6.04103e-07
 5.18182e-07
 4.49428e-07
 3.93540e-07
 3.47487e-07
 3.09084e-07
 2.76723e-07
 2.49198e-07
 2.25589e-07
 2.05187e-07
 1.87434e-07
 1.71892e-07
 1.58207e-07
 1.46094e-07
 1.35322e-07
 1.70342e-06
 1.31715e-06
 1.05039e-06
 8.57971e-07
 7.14396e-07
 6.04309e-07
 5.17985e-07
 4.49010e-07
 3.93007e-07
 3.46903e-07
 3.08487e-07
 2.76134e-07
 2.48630e-07
 2.25049e-07
 2.04677e-07
 1.86956e-07
 1.71445e-07
 1.57790e-07
 1.45706e-07
 1.34961e-07
 1.65116e-06
 1.28292e-06
 1.02677e-06
 8.40996e-07
 7.01788e-07
 5.94690e-07
 5.10481e-07
 4.43043e-07
 3.88185e-07
 3.42950e-07
 3.05207e-07
 2.73382e-07
 2.46299e-07
 2.23056e-07
 2.02961e-07
 1.85468e-07
 1.70146e-07
 1.56649e-07
 1.44699e-07
 1.34067e-07
 1.53878e-06
 1.21051e-06
 9.77722e-07
 8.06429e-07
 6.76627e-07
 5.75875e-07
 4.96086e-07
 4.31814e-07
 3.79274e-07
 3.35774e-07
 2.99350e-07
 2.68547e-07
 2.42264e-07
 2.19659e-07
 2.00075e-07
 1.82998e-07
 1.68017e-07
 1.54802e-07
 1.43087e-07
 1.32653e-07
 1.38497e-06
 1.10971e-06
 9.08729e-07
 7.57514e-07
 6.40916e-07
 5.49149e-07
 4.75654e-07
 4.15901e-07
 3.66680e-07
 3.25662e-07
 2.91127e-07
 2.61784e-07
 2.36645e-07
 2.14946e-07
 1.96089e-07
 1.79600e-07
 1.65100e-07
 1.52282e-07
 1.40897e-07
 1.30739e-07
 1.21062e-06
 9.92207e-07
 8.26655e-07
 6.98447e-07
 5.97314e-07
 5.16249e-07
 4.50351e-07
 3.96111e-07
 3.50968e-07
 3.13021e-07
 2.80835e-07
 2.53313e-07
 2.29605e-07
 2.09043e-07
 1.91099e-07
 1.75351e-07
 1.61456e-07
 1.49138e-07
 1.38168e-07
 1.28357e-07
 1.03398e-06
 8.69050e-07
 7.38372e-07
 6.33626e-07
 5.48707e-07
 4.79117e-07
 4.21510e-07
 3.73376e-07
 3.32806e-07
 2.98336e-07
 2.68831e-07
 2.43403e-07
 2.21348e-07
 2.02106e-07
 1.85227e-07
 1.70344e-07
 1.57160e-07
 1.45429e-07
 1.34948e-07
 1.25547e-07
 8.68099e-07
 7.49003e-07
 6.49770e-07
 5.67042e-07
 4.97837e-07
 4.39661e-07
 3.90484e-07
 3.48667e-07
 3.12900e-07
 2.82128e-07
 2.55506e-07
 2.32348e-07
 2.12100e-07
 1.94311e-07
 1.78609e-07
 1.64689e-07
 1.52298e-07
 1.41225e-07
 1.31293e-07
 1.22354e-07
 7.20450e-07
 6.37947e-07
 5.65233e-07
 5.01901e-07
 4.47036e-07
 3.99585e-07
 3.58520e-07
 3.22910e-07
 2.91941e-07
 2.64919e-07
 2.41254e-07
 2.20452e-07
 2.02098e-07
 1.85841e-07
 1.71391e-07
 1.58501e-07
 1.46962e-07
 1.36600e-07
 1.27264e-07
 1.18827e-07
 5.93871e-07
 5.39042e-07
 4.87558e-07
 4.40482e-07
 3.98096e-07
 3.60273e-07
 3.26684e-07
 2.96920e-07
 2.70558e-07
 2.47194e-07
 2.26456e-07
 2.08013e-07
 1.91573e-07
 1.76883e-07
 1.63721e-07
 1.51898e-07
 1.41249e-07
 1.31632e-07
 1.22924e-07
 1.15020e-07
 4.88081e-07
 4.53327e-07
 4.18161e-07
 3.84181e-07
 3.52248e-07
 3.22754e-07
 2.95813e-07
 2.71372e-07
 2.49290e-07
 2.29383e-07
 2.11453e-07
 1.95303e-07
 1.80747e-07
 1.67612e-07
 1.55742e-07
 1.44998e-07
 1.35253e-07
 1.26400e-07
 1.18339e-07
 1.10986e-07
 4.01094e-07
 3.80438e-07
 3.57419e-07
 3.33662e-07
 3.10216e-07
 2.87716e-07
 2.66517e-07
 2.46786e-07
 2.28570e-07
 2.11845e-07
 1.96541e-07
 1.82566e-07
 1.69818e-07
 1.58193e-07
 1.47589e-07
 1.37911e-07
 1.29068e-07
 1.20980e-07
 1.13572e-07
 1.06778e-07
