scalar
part
         1
quad4
 5.17851e-07
 4.80858e-07
 4.43482e-07
 4.07340e-07
 3.73334e-07
 3.41895e-07
 3.13157e-07
 2.87075e-07
 2.63509e-07
 2.42267e-07
 2.23140e-07
 2.05919e-07
 1.90406e-07
 1.76416e-07
 1.63781e-07
 1.52351e-07
 1.41994e-07
 1.32590e-07
 1.24034e-07
 1.16235e-07
 6.17454e-07
 5.62228e-07
 5.09687e-07
 4.61177e-07
 4.17196e-07
 3.77752e-07
 3.42598e-07
 3.11369e-07
 2.83660e-07
 2.59073e-07
 2.37232e-07
 2.17799e-07
 2.00473e-07
 1.84989e-07
 1.71118e-07
 1.58661e-07
 1.47443e-07
 1.37316e-07
 1.28151e-07
 1.19835e-07
 7.36117e-07
 6.55823e-07
 5.83565e-07
 5.19713e-07
 4.63831e-07
 4.15148e-07
 3.72796e-07
 3.35929e-07
 3.03778e-07
 2.75666e-07
 2.51011e-07
 2.29315e-07
 2.10157e-07
 1.93181e-07
 1.78087e-07
 1.64620e-07
 1.52564e-07
 1.41739e-07
 1.31987e-07
 1.23177e-07
 8.74669e-07
 7.60977e-07
 6.63936e-07
 5.81693e-07
 5.12098e-07
 4.53112e-07
 4.02950e-07
 3.60108e-07
 3.23342e-07
 2.91632e-07
 2.64146e-07
 2.40203e-07
 2.19247e-07
 2.00821e-07
 1.84548e-07
 1.70117e-07
 1.57267e-07
 1.45782e-07
 1.35481e-07
 1.26210e-07
 1.03138e-06
 8.75138e-07
 7.48333e-07
 6.45025e-07
 5.60315e-07
 4.90327e-07
 4.32043e-07
 3.83122e-07
 3.41747e-07
 3.06502e-07
 2.76272e-07
 2.50178e-07
 2.27519e-07
 2.07731e-07
 1.90361e-07
 1.75038e-07
 1.61459e-07
 1.49373e-07
 1.38573e-07
 1.28885e-07
 1.20030e-06
 9.93143e-07
 8.32735e-07
 7.06704e-07
 6.06271e-07
 5.25170e-07
 4.58877e-07
 4.04083e-07
 3.58331e-07
 3.19776e-07
 2.87010e-07
 2.58949e-07
 2.34747e-07
 2.13736e-07
 1.95388e-07
 1.79275e-07
 1.65053e-07
 1.52440e-07
 1.41205e-07
 1.31156e-07
 1.36978e-06
 1.10685e-06
 9.11573e-07
 7.62921e-07
 6.47337e-07
 5.55804e-07
 4.82154e-07
 4.22059e-07
 3.72416e-07
 3.30956e-07
 2.95988e-07
 2.66235e-07
 2.40717e-07
 2.18671e-07
 1.99500e-07
 1.82726e-07
 1.67970e-07
 1.54921e-07
 1.43327e-07
 1.32981e-07
 1.52240e-06
 1.20560e-06
 9.78189e-07
 8.09413e-07
 6.80718e-07
 5.80355e-07
 5.00588e-07
 4.36152e-07
 3.83363e-07
 3.39579e-07
 3.02866e-07
 2.71784e-07
 2.45239e-07
 2.22391e-07
 2.02585e-07
 1.85305e-07
 1.70141e-07
 1.56761e-07
 1.44896e-07
 1.34326e-07
 1.63748e-06
 1.27787e-06
 1.02584e-06
 8.42071e-07
 7.03818e-07
 5.97132e-07
 5.13049e-07
 4.45589e-07
 3.90631e-07
 3.45260e-07
 3.07366e-07
 2.75390e-07
 2.48160e-07
 2.24779e-07
 2.04555e-07
 1.86944e-07
 1.71513e-07
 1.57917e-07
 1.45877e-07
 1.35163e-07
 1.69630e-06
 1.31384e-06
 1.04904e-06
 8.57663e-07
 7.14654e-07
 6.04873e-07
 5.18710e-07
 4.49811e-07
 3.93835e-07
 3.47729e-07
 3.09294e-07
 2.76913e-07
 2.49375e-07
 2.25758e-07
 2.05351e-07
 1.87595e-07
 1.72050e-07
 1.58363e-07
 1.46249e-07
 1.35475e-07
 1.68817e-06
 1.30812e-06
 1.04485e-06
 8.54498e-07
 7.12206e-07
 6.02940e-07
 5.17157e-07
 4.48545e-07
 3.92789e-07
 3.46855e-07
 3.08556e-07
 2.76284e-07
 2.48836e-07
 2.25292e-07
 2.04945e-07
 1.87239e-07
 1.71737e-07
 1.58085e-07
 1.46002e-07
 1.35254e-07
 1.61418e-06
 1.26129e-06
 1.01361e-06
 8.32798e-07
 6.96619e-07
 5.91431e-07
 5.08459e-07
 4.41839e-07
 3.87529e-07
 3.42665e-07
 3.05174e-07
 2.73521e-07
 2.46553e-07
 2.23389e-07
 2.03344e-07
 1.85882e-07
 1.70577e-07
 1.57088e-07
 1.45139e-07
 1.34503e-07
 1.48678e-06
 1.17979e-06
 9.58911e-07
 7.94654e-07
 6.69176e-07
 5.71166e-07
 4.93156e-07
 4.30059e-07
 3.78307e-07
 3.35339e-07
 2.99276e-07
 2.68718e-07
 2.42600e-07
 2.20104e-07
 2.00590e-07
 1.83555e-07
 1.68597e-07
 1.55392e-07
 1.43676e-07
 1.33235e-07
 1.32550e-06
 1.07401e-06
 8.86635e-07
 7.43584e-07
 6.32066e-07
 5.43550e-07
 4.72181e-07
 4.13840e-07
 3.65567e-07
 3.25191e-07
 2.91092e-07
 2.62043e-07
 2.37101e-07
 2.15531e-07
 1.96756e-07
 1.80316e-07
 1.65841e-07
 1.53031e-07
 1.41642e-07
 1.31473e-07
 1.15096e-06
 9.55634e-07
 8.03697e-07
 6.83846e-07
 5.88004e-07
 5.10370e-07
 4.46737e-07
 3.94013e-07
 3.49894e-07
 3.12642e-07
 2.80928e-07
 2.53724e-07
 2.30227e-07
 2.09802e-07
 1.91942e-07
 1.76242e-07
 1.62369e-07
 1.50055e-07
 1.39076e-07
 1.29247e-07
 9.80048e-07
 8.35102e-07
 7.16701e-07
 6.19715e-07
 5.39818e-07
 4.73540e-07
 4.18148e-07
 3.71510e-07
 3.31957e-07
 2.98179e-07
 2.69144e-07
 2.44030e-07
 2.22182e-07
 2.03072e-07
 1.86270e-07
 1.71428e-07
 1.58258e-07
 1.46523e-07
 1.36024e-07
 1.26598e-07
 8.23624e-07
 7.20164e-07
 6.31026e-07
 5.54913e-07
 4.90105e-07
 4.34889e-07
 3.87720e-07
 3.47275e-07
 3.12445e-07
 2.82313e-07
 2.56123e-07
 2.33252e-07
 2.13190e-07
 1.95514e-07
 1.79875e-07
 1.65982e-07
 1.53592e-07
 1.42503e-07
 1.32543e-07
 1.23569e-07
 6.86896e-07
 6.15535e-07
 5.50430e-07
 4.92295e-07
 4.40996e-07
 3.95999e-07
 3.56627e-07
 3.22186e-07
 2.92021e-07
 2.65546e-07
 2.42249e-07
 2.21687e-07
 2.03481e-07
 1.87310e-07
 1.72899e-07
 1.60016e-07
 1.48462e-07
 1.38069e-07
 1.28693e-07
 1.20209e-07
 5.70965e-07
 5.23350e-07
 4.77109e-07
 4.33785e-07
 3.94063e-07
 3.58119e-07
 3.25849e-07
 2.97005e-07
 2.71277e-07
 2.48341e-07
 2.27885e-07
 2.09619e-07
 1.93281e-07
 1.78638e-07
 1.65486e-07
 1.53646e-07
 1.42962e-07
 1.33297e-07
 1.24534e-07
 1.16570e-07
 4.74541e-07
 4.43930e-07
 4.12003e-07
 3.80467e-07
 3.50336e-07
 3.22148e-07
 2.96138e-07
 2.72349e-07
 2.50712e-07
 2.31099e-07
 2.13354e-07
 1.97308e-07
 1.82799e-07
 1.69669e-07
 1.57775e-07
 1.46986e-07
 1.37184e-07
 1.28264e-07
 1.20132e-07
 1.12705e-07
