scalar
part
         1
quad4
 5.79669e-07
 5.34228e-07
 4.89381e-07
 4.46758e-07
 4.07203e-07
 3.71048e-07
 3.38320e-07
 3.08868e-07
 2.82454e-07
 2.58802e-07
 2.37632e-07
 2.18672e-07
 2.01675e-07
 1.86412e-07
 1.72683e-07
 1.60309e-07
 1.49133e-07
 1.39016e-07
 1.29838e-07
 1.21493e-07
 6.86221e-07
 6.20344e-07
 5.58706e-07
 5.02551e-07
 4.52204e-07
 4.07482e-07
 3.67959e-07
 3.33109e-07
 3.02392e-07
 2.75295e-07
 2.51353e-07
 2.30152e-07
 2.11331e-07
 1.94579e-07
 1.79624e-07
 1.66237e-07
 1.54219e-07
 1.43399e-07
 1.33631e-07
 1.24789e-07
 8.12088e-07
 7.18450e-07
 6.35245e-07
 5.62508e-07
 4.99452e-07
 4.44976e-07
 3.97935e-07
 3.57257e-07
 3.21992e-07
 2.91321e-07
 2.64549e-07
 2.41092e-07
 2.20459e-07
 2.02240e-07
 1.86093e-07
 1.71728e-07
 1.58904e-07
 1.47416e-07
 1.37092e-07
 1.27783e-07
 9.57514e-07
 8.27349e-07
 7.17391e-07
 6.25062e-07
 5.47581e-07
 4.82401e-07
 4.27339e-07
 3.80592e-07
 3.40687e-07
 3.06433e-07
 2.76868e-07
 2.51213e-07
 2.28836e-07
 2.09222e-07
 1.91949e-07
 1.76670e-07
 1.63097e-07
 1.50993e-07
 1.40158e-07
 1.30424e-07
 1.11973e-06
 9.43686e-07
 8.02114e-07
 6.87741e-07
 5.94665e-07
 5.18284e-07
 4.55056e-07
 4.02268e-07
 3.57834e-07
 3.20141e-07
 2.87933e-07
 2.60225e-07
 2.36236e-07
 2.15345e-07
 1.97051e-07
 1.80949e-07
 1.66709e-07
 1.54058e-07
 1.42773e-07
 1.32666e-07
 1.29110e-06
 1.06121e-06
 8.84723e-07
 7.47138e-07
 6.38255e-07
 5.50864e-07
 4.79810e-07
 4.21355e-07
 3.72748e-07
 3.31935e-07
 2.97361e-07
 2.67836e-07
 2.42437e-07
 2.20438e-07
 2.01266e-07
 1.84462e-07
 1.69655e-07
 1.56544e-07
 1.44882e-07
 1.34464e-07
 1.45771e-06
 1.17052e-06
 9.58979e-07
 7.99097e-07
 6.75546e-07
 5.78222e-07
 5.00268e-07
 4.36912e-07
 3.84754e-07
 3.41324e-07
 3.04791e-07
 2.73778e-07
 2.47234e-07
 2.24346e-07
 2.04474e-07
 1.87114e-07
 1.71863e-07
 1.58393e-07
 1.46439e-07
 1.35782e-07
 1.59967e-06
 1.25988e-06
 1.01777e-06
 8.39180e-07
 7.03696e-07
 5.98489e-07
 5.15171e-07
 4.48072e-07
 3.93246e-07
 3.47875e-07
 3.09908e-07
 2.77819e-07
 2.50457e-07
 2.26938e-07
 2.06576e-07
 1.88831e-07
 1.73273e-07
 1.59559e-07
 1.47407e-07
 1.36591e-07
 1.69479e-06
 1.31738e-06
 1.05435e-06
 8.63396e-07
 7.20245e-07
 6.10095e-07
 5.23489e-07
 4.54143e-07
 3.97745e-07
 3.51254e-07
 3.12473e-07
 2.79786e-07
 2.51976e-07
 2.28119e-07
 2.07499e-07
 1.89555e-07
 1.73844e-07
 1.60008e-07
 1.47762e-07
 1.36869e-07
 1.72535e-06
 1.33415e-06
 1.06393e-06
 8.69006e-07
 7.23552e-07
 6.12023e-07
 5.24569e-07
 4.54694e-07
 3.97962e-07
 3.51259e-07
 3.12346e-07
 2.79577e-07
 2.51719e-07
 2.27836e-07
 2.07205e-07
 1.89259e-07
 1.73551e-07
 1.59724e-07
 1.47487e-07
 1.36607e-07
 1.68483e-06
 1.30707e-06
 1.04492e-06
 8.55139e-07
 7.13121e-07
 6.03977e-07
 5.18232e-07
 4.49612e-07
 3.93825e-07
 3.47846e-07
 3.09497e-07
 2.77174e-07
 2.49674e-07
 2.26081e-07
 2.05687e-07
 1.87937e-07
 1.72394e-07
 1.58704e-07
 1.46585e-07
 1.35804e-07
 1.58038e-06
 1.23981e-06
 9.99350e-07
 8.22995e-07
 6.89700e-07
 5.86444e-07
 5.04804e-07
 4.39126e-07
 3.85495e-07
 3.41131e-07
 3.04012e-07
 2.72641e-07
 2.45889e-07
 2.22891e-07
 2.02975e-07
 1.85615e-07
 1.70391e-07
 1.56965e-07
 1.45066e-07
 1.34471e-07
 1.42943e-06
 1.14145e-06
 9.32281e-07
 7.75568e-07
 6.55138e-07
 5.60611e-07
 4.85073e-07
 4.23770e-07
 3.73347e-07
 3.31381e-07
 2.96086e-07
 2.66124e-07
 2.40475e-07
 2.18351e-07
 1.99136e-07
 1.82342e-07
 1.67582e-07
 1.54539e-07
 1.42958e-07
 1.32628e-07
 1.25351e-06
 1.02378e-06
 8.50555e-07
 7.17000e-07
 6.12042e-07
 5.28174e-07
 4.60174e-07
 4.04326e-07
 3.57931e-07
 3.18991e-07
 2.86007e-07
 2.57835e-07
 2.33590e-07
 2.12581e-07
 1.94261e-07
 1.78193e-07
 1.64025e-07
 1.51471e-07
 1.40296e-07
 1.30306e-07
 1.07248e-06
 8.98544e-07
 7.61334e-07
 6.51810e-07
 5.63349e-07
 4.91092e-07
 4.31446e-07
 3.81727e-07
 3.39908e-07
 3.04440e-07
 2.74128e-07
 2.48038e-07
 2.25436e-07
 2.05736e-07
 1.88471e-07
 1.73260e-07
 1.59794e-07
 1.47820e-07
 1.37128e-07
 1.27542e-07
 9.01060e-07
 7.75340e-07
 6.70937e-07
 5.84212e-07
 5.11917e-07
 4.51337e-07
 4.00273e-07
 3.56961e-07
 3.19997e-07
 2.88256e-07
 2.60841e-07
 2.37029e-07
 2.16237e-07
 1.97990e-07
 1.81901e-07
 1.67650e-07
 1.54974e-07
 1.43655e-07
 1.33509e-07
 1.24383e-07
 7.47855e-07
 6.60755e-07
 5.84167e-07
 5.17658e-07
 4.60221e-07
 4.10695e-07
 3.67954e-07
 3.30983e-07
 2.98904e-07
 2.70970e-07
 2.46550e-07
 2.25118e-07
 2.06233e-07
 1.89529e-07
 1.74697e-07
 1.61480e-07
 1.49658e-07
 1.39051e-07
 1.29501e-07
 1.20877e-07
 6.16300e-07
 5.58415e-07
 5.04146e-07
 4.54642e-07
 4.10195e-07
 3.70642e-07
 3.35611e-07
 3.04647e-07
 2.77285e-07
 2.53084e-07
 2.31643e-07
 2.12606e-07
 1.95663e-07
 1.80542e-07
 1.67011e-07
 1.54869e-07
 1.43944e-07
 1.34086e-07
 1.25167e-07
 1.17077e-07
 5.06319e-07
 4.69603e-07
 4.32497e-07
 3.96719e-07
 3.63181e-07
 3.32287e-07
 3.04139e-07
 2.78666e-07
 2.55703e-07
 2.35046e-07
 2.16476e-07
 1.99778e-07
 1.84751e-07
 1.71210e-07
 1.58989e-07
 1.47938e-07
 1.37928e-07
 1.28840e-07
 1.20574e-07
 1.13038e-07
 4.15919e-07
 3.94047e-07
 3.69712e-07
 3.44655e-07
 3.19989e-07
 2.96380e-07
 2.74193e-07
 2.53593e-07
 2.34619e-07
 2.17234e-07
 2.01357e-07
 1.86884e-07
 1.73704e-07
 1.61701e-07
 1.50768e-07
 1.40800e-07
 1.31703e-07
 1.23391e-07
 1.15785e-07
 1.08815e-07
