scalar
part
         1
quad4
 6.55730e-07
 5.99372e-07
 5.44919e-07
 4.94021e-07
 4.47431e-07
 4.05347e-07
 3.67644e-07
 3.34025e-07
 3.04120e-07
 2.77538e-07
 2.53903e-07
 2.32863e-07
 2.14103e-07
 1.97343e-07
 1.82335e-07
 1.68864e-07
 1.56744e-07
 1.45811e-07
 1.35926e-07
 1.26965e-07
 7.71013e-07
 6.91291e-07
 6.17917e-07
 5.51985e-07
 4.93573e-07
 4.42231e-07
 3.97280e-07
 3.57975e-07
 3.23592e-07
 2.93466e-07
 2.67011e-07
 2.43714e-07
 2.23137e-07
 2.04905e-07
 1.88698e-07
 1.74245e-07
 1.61315e-07
 1.49713e-07
 1.39270e-07
 1.29843e-07
 9.05868e-07
 7.94796e-07
 6.97435e-07
 6.13342e-07
 5.41219e-07
 4.79508e-07
 4.26678e-07
 3.81348e-07
 3.42322e-07
 3.08593e-07
 2.79317e-07
 2.53796e-07
 2.31452e-07
 2.11806e-07
 1.94459e-07
 1.79081e-07
 1.65396e-07
 1.53173e-07
 1.42217e-07
 1.32364e-07
 1.05969e-06
 9.07924e-07
 7.81267e-07
 6.76087e-07
 5.88700e-07
 5.15845e-07
 4.54793e-07
 4.03331e-07
 3.59684e-07
 3.22432e-07
 2.90446e-07
 2.62818e-07
 2.38820e-07
 2.17865e-07
 1.99474e-07
 1.83258e-07
 1.68893e-07
 1.56117e-07
 1.44707e-07
 1.34479e-07
 1.22815e-06
 1.02616e-06
 8.65590e-07
 7.37231e-07
 6.33761e-07
 5.49562e-07
 4.80381e-07
 4.23004e-07
 3.74989e-07
 3.34469e-07
 3.00006e-07
 2.70480e-07
 2.45012e-07
 2.22907e-07
 2.03608e-07
 1.86667e-07
 1.71723e-07
 1.58477e-07
 1.46685e-07
 1.36145e-07
 1.40116e-06
 1.14171e-06
 9.44788e-07
 7.92832e-07
 6.73647e-07
 5.78730e-07
 5.02079e-07
 4.39392e-07
 3.87534e-07
 3.44189e-07
 3.07619e-07
 2.76500e-07
 2.49813e-07
 2.26766e-07
 2.06732e-07
 1.89212e-07
 1.73807e-07
 1.60193e-07
 1.48104e-07
 1.37323e-07
 1.56150e-06
 1.24342e-06
 1.01174e-06
 8.38298e-07
 7.05352e-07
 6.01345e-07
 5.18526e-07
 4.51553e-07
 3.96658e-07
 3.51120e-07
 3.12941e-07
 2.80625e-07
 2.53037e-07
 2.29303e-07
 2.08740e-07
 1.90810e-07
 1.75083e-07
 1.61215e-07
 1.48925e-07
 1.37982e-07
 1.68589e-06
 1.31819e-06
 1.05880e-06
 8.69031e-07
 7.26023e-07
 6.15583e-07
 5.28524e-07
 4.58685e-07
 4.01808e-07
 3.54875e-07
 3.15698e-07
 2.82658e-07
 2.54539e-07
 2.30410e-07
 2.09552e-07
 1.91399e-07
 1.75504e-07
 1.61507e-07
 1.49118e-07
 1.38101e-07
 1.75058e-06
 1.35392e-06
 1.07946e-06
 8.81327e-07
 7.33457e-07
 6.20086e-07
 5.31210e-07
 4.60221e-07
 4.02607e-07
 3.55197e-07
 3.15711e-07
 2.82472e-07
 2.54227e-07
 2.30021e-07
 2.09119e-07
 1.90945e-07
 1.75042e-07
 1.61049e-07
 1.48670e-07
 1.37666e-07
 1.74025e-06
 1.34350e-06
 1.07011e-06
 8.73248e-07
 7.26559e-07
 6.14208e-07
 5.26191e-07
 4.55917e-07
 3.98898e-07
 3.51984e-07
 3.12912e-07
 2.80022e-07
 2.52072e-07
 2.28117e-07
 2.07428e-07
 1.89437e-07
 1.73693e-07
 1.59837e-07
 1.47577e-07
 1.36677e-07
 1.65532e-06
 1.28749e-06
 1.03122e-06
 8.45150e-07
 7.05594e-07
 5.98150e-07
 5.13618e-07
 4.45890e-07
 3.90772e-07
 3.45307e-07
 3.07359e-07
 2.75354e-07
 2.48110e-07
 2.24725e-07
 2.04503e-07
 1.86896e-07
 1.71472e-07
 1.57884e-07
 1.45851e-07
 1.35145e-07
 1.51160e-06
 1.19389e-06
 9.67190e-07
 7.99602e-07
 6.72147e-07
 5.72931e-07
 4.94173e-07
 4.30606e-07
 3.78558e-07
 3.35404e-07
 2.99226e-07
 2.68599e-07
 2.42441e-07
 2.19925e-07
 2.00404e-07
 1.83370e-07
 1.68418e-07
 1.55222e-07
 1.43518e-07
 1.33088e-07
 1.33276e-06
 1.07515e-06
 8.85014e-07
 7.40761e-07
 6.28799e-07
 5.40214e-07
 4.68962e-07
 4.10825e-07
 3.62790e-07
 3.22657e-07
 2.88793e-07
 2.59964e-07
 2.35223e-07
 2.13836e-07
 1.95225e-07
 1.78932e-07
 1.64589e-07
 1.51898e-07
 1.40614e-07
 1.30539e-07
 1.14192e-06
 9.44478e-07
 7.92554e-07
 6.73483e-07
 5.78651e-07
 5.02043e-07
 4.39367e-07
 3.87503e-07
 3.44143e-07
 3.07554e-07
 2.76418e-07
 2.49717e-07
 2.26657e-07
 2.06613e-07
 1.89086e-07
 1.73677e-07
 1.60060e-07
 1.47970e-07
 1.37189e-07
 1.27537e-07
 9.56867e-07
 8.13132e-07
 6.97022e-07
 6.02477e-07
 5.24843e-07
 4.60552e-07
 4.06869e-07
 3.61687e-07
 3.23372e-07
 2.90647e-07
 2.62510e-07
 2.38165e-07
 2.16978e-07
 1.98437e-07
 1.82129e-07
 1.67715e-07
 1.54919e-07
 1.43511e-07
 1.33300e-07
 1.24127e-07
 7.88782e-07
 6.89190e-07
 6.04107e-07
 5.31727e-07
 4.70174e-07
 4.17728e-07
 3.72895e-07
 3.34414e-07
 3.01239e-07
 2.72503e-07
 2.47497e-07
 2.25636e-07
 2.06437e-07
 1.89503e-07
 1.74505e-07
 1.61168e-07
 1.49263e-07
 1.38597e-07
 1.29009e-07
 1.20362e-07
 6.43022e-07
 5.77468e-07
 5.17683e-07
 4.64208e-07
 4.16889e-07
 3.75251e-07
 3.38701e-07
 3.06629e-07
 2.78458e-07
 2.53667e-07
 2.31798e-07
 2.12452e-07
 1.95288e-07
 1.80012e-07
 1.66375e-07
 1.54163e-07
 1.43194e-07
 1.33313e-07
 1.24386e-07
 1.16298e-07
 5.20678e-07
 4.80071e-07
 4.39942e-07
 4.01864e-07
 3.66596e-07
 3.34411e-07
 3.05308e-07
 2.79131e-07
 2.55656e-07
 2.34630e-07
 2.15798e-07
 1.98920e-07
 1.83773e-07
 1.70157e-07
 1.57894e-07
 1.46826e-07
 1.36816e-07
 1.27742e-07
 1.19498e-07
 1.11992e-07
 4.20238e-07
 3.97180e-07
 3.71733e-07
 3.45732e-07
 3.20306e-07
 2.96107e-07
 2.73477e-07
 2.52552e-07
 2.33350e-07
 2.15811e-07
 1.99839e-07
 1.85314e-07
 1.72115e-07
 1.60119e-07
 1.49209e-07
 1.39278e-07
 1.30227e-07
 1.21966e-07
 1.14415e-07
 1.07501e-07
 3.38943e-07
 3.27803e-07
 3.12972e-07
 2.96153e-07
 2.78526e-07
 2.60881e-07
 2.43722e-07
 2.27351e-07
 2.11935e-07
 1.97547e-07
 1.84201e-07
 1.71871e-07
 1.60511e-07
 1.50062e-07
 1.40458e-07
 1.31633e-07
 1.23523e-07
 1.16065e-07
 1.09202e-07
 1.02881e-07
