scalar
part
         1
quad4
 3.36015e-07
 3.25505e-07
 3.11176e-07
 2.94754e-07
 2.77440e-07
 2.60040e-07
 2.43073e-07
 2.26854e-07
 2.11557e-07
 1.97263e-07
 1.83991e-07
 1.71720e-07
 1.60407e-07
 1.49995e-07
 1.40421e-07
 1.31621e-07
 1.23529e-07
 1.16087e-07
 1.09236e-07
 1.02924e-07
 4.17304e-07
 3.94964e-07
 3.70067e-07
 3.44484e-07
 3.19375e-07
 2.95418e-07
 2.72971e-07
 2.52186e-07
 2.33091e-07
 2.15635e-07
 1.99726e-07
 1.85251e-07
 1.72090e-07
 1.60123e-07
 1.49237e-07
 1.39323e-07
 1.30285e-07
 1.22035e-07
 1.14491e-07
 1.07583e-07
 5.17874e-07
 4.78059e-07
 4.38506e-07
 4.00846e-07
 3.65883e-07
 3.33921e-07
 3.04981e-07
 2.78925e-07
 2.55540e-07
 2.34580e-07
 2.15797e-07
 1.98955e-07
 1.83835e-07
 1.70239e-07
 1.57990e-07
 1.46932e-07
 1.36929e-07
 1.27860e-07
 1.19619e-07
 1.12114e-07
 6.40555e-07
 5.75823e-07
 5.16603e-07
 4.63515e-07
 4.16464e-07
 3.75012e-07
 3.38593e-07
 3.06612e-07
 2.78505e-07
 2.53759e-07
 2.31920e-07
 2.12595e-07
 1.95445e-07
 1.80177e-07
 1.66545e-07
 1.54335e-07
 1.43366e-07
 1.33483e-07
 1.24553e-07
 1.16462e-07
 7.86945e-07
 6.88126e-07
 6.03532e-07
 5.31465e-07
 4.70112e-07
 4.17795e-07
 3.73044e-07
 3.34615e-07
 3.01470e-07
 2.72753e-07
 2.47755e-07
 2.25896e-07
 2.06696e-07
 1.89758e-07
 1.74753e-07
 1.61408e-07
 1.49495e-07
 1.38821e-07
 1.29225e-07
 1.20569e-07
 9.56041e-07
 8.12897e-07
 6.97115e-07
 6.02752e-07
 5.25215e-07
 4.60972e-07
 4.07308e-07
 3.62128e-07
 3.23805e-07
 2.91066e-07
 2.62912e-07
 2.38549e-07
 2.17343e-07
 1.98783e-07
 1.82457e-07
 1.68026e-07
 1.55213e-07
 1.43790e-07
 1.33565e-07
 1.24378e-07
 1.14254e-06
 9.45323e-07
 7.93465e-07
 6.74388e-07
 5.79515e-07
 5.02854e-07
 4.40121e-07
 3.88201e-07
 3.44788e-07
 3.08151e-07
 2.76970e-07
 2.50228e-07
 2.27131e-07
 2.07054e-07
 1.89497e-07
 1.74060e-07
 1.60418e-07
 1.48305e-07
 1.37504e-07
 1.27832e-07
 1.33520e-06
 1.07727e-06
 8.86850e-07
 7.42354e-07
 6.30189e-07
 5.41436e-07
 4.70043e-07
 4.11788e-07
 3.63652e-07
 3.23433e-07
 2.89496e-07
 2.60603e-07
 2.35807e-07
 2.14371e-07
 1.95718e-07
 1.79387e-07
 1.65010e-07
 1.52288e-07
 1.40978e-07
 1.30878e-07
 1.51604e-06
 1.19736e-06
 9.69977e-07
 8.01893e-07
 6.74066e-07
 5.74562e-07
 4.95579e-07
 4.31831e-07
 3.79635e-07
 3.36358e-07
 3.00078e-07
 2.69364e-07
 2.43133e-07
 2.20553e-07
 2.00977e-07
 1.83895e-07
 1.68901e-07
 1.55667e-07
 1.43930e-07
 1.33470e-07
 1.66161e-06
 1.29220e-06
 1.03489e-06
 8.48090e-07
 7.08006e-07
 6.00166e-07
 5.15330e-07
 4.47362e-07
 3.92051e-07
 3.46430e-07
 3.08353e-07
 2.76240e-07
 2.48904e-07
 2.25442e-07
 2.05153e-07
 1.87488e-07
 1.72014e-07
 1.58381e-07
 1.46309e-07
 1.35568e-07
 1.74789e-06
 1.34917e-06
 1.07449e-06
 8.76733e-07
 7.29396e-07
 6.16562e-07
 5.28175e-07
 4.57612e-07
 4.00362e-07
 3.53262e-07
 3.14037e-07
 2.81020e-07
 2.52962e-07
 2.28916e-07
 2.08150e-07
 1.90093e-07
 1.74291e-07
 1.60384e-07
 1.48079e-07
 1.37141e-07
 1.75891e-06
 1.36019e-06
 1.08433e-06
 8.85219e-07
 7.36627e-07
 6.22714e-07
 5.33421e-07
 4.62106e-07
 4.04231e-07
 3.56611e-07
 3.16952e-07
 2.83570e-07
 2.55205e-07
 2.30897e-07
 2.09908e-07
 1.91659e-07
 1.75692e-07
 1.61642e-07
 1.49214e-07
 1.38167e-07
 1.69432e-06
 1.32470e-06
 1.06395e-06
 8.73180e-07
 7.29423e-07
 6.18413e-07
 5.30911e-07
 4.60722e-07
 4.03565e-07
 3.56404e-07
 3.17039e-07
 2.83843e-07
 2.55593e-07
 2.31354e-07
 2.10401e-07
 1.92167e-07
 1.76201e-07
 1.62143e-07
 1.49701e-07
 1.38636e-07
 1.56965e-06
 1.24990e-06
 1.01696e-06
 8.42563e-07
 7.08883e-07
 6.04305e-07
 5.21035e-07
 4.53703e-07
 3.98516e-07
 3.52739e-07
 3.14363e-07
 2.81883e-07
 2.54157e-07
 2.30305e-07
 2.09641e-07
 1.91624e-07
 1.75823e-07
 1.61889e-07
 1.49542e-07
 1.38549e-07
 1.40883e-06
 1.14796e-06
 9.49929e-07
 7.97098e-07
 6.77221e-07
 5.81753e-07
 5.04660e-07
 4.41614e-07
 3.89463e-07
 3.45875e-07
 3.09103e-07
 2.77815e-07
 2.50985e-07
 2.27816e-07
 2.07677e-07
 1.90067e-07
 1.74583e-07
 1.60901e-07
 1.48752e-07
 1.37918e-07
 1.23523e-06
 1.03208e-06
 8.70548e-07
 7.41409e-07
 6.37305e-07
 5.52590e-07
 4.82987e-07
 4.25262e-07
 3.76959e-07
 3.36199e-07
 3.01534e-07
 2.71837e-07
 2.46224e-07
 2.23994e-07
 2.04588e-07
 1.87555e-07
 1.72530e-07
 1.59213e-07
 1.47359e-07
 1.36764e-07
 1.06617e-06
 9.13445e-07
 7.85974e-07
 6.80113e-07
 5.92159e-07
 5.18830e-07
 4.57385e-07
 4.05594e-07
 3.61669e-07
 3.24184e-07
 2.91999e-07
 2.64203e-07
 2.40061e-07
 2.18981e-07
 2.00482e-07
 1.84171e-07
 1.69725e-07
 1.56876e-07
 1.45402e-07
 1.35118e-07
 9.11759e-07
 7.99901e-07
 7.01856e-07
 6.17176e-07
 5.44553e-07
 4.82416e-07
 4.29225e-07
 3.83587e-07
 3.44300e-07
 3.10348e-07
 2.80881e-07
 2.55196e-07
 2.32709e-07
 2.12939e-07
 1.95485e-07
 1.80013e-07
 1.66246e-07
 1.53950e-07
 1.42930e-07
 1.33020e-07
 7.76340e-07
 6.95979e-07
 6.22036e-07
 5.55603e-07
 4.96755e-07
 4.45035e-07
 3.99757e-07
 3.60170e-07
 3.25543e-07
 2.95208e-07
 2.68570e-07
 2.45115e-07
 2.24401e-07
 2.06048e-07
 1.89736e-07
 1.75190e-07
 1.62179e-07
 1.50504e-07
 1.39997e-07
 1.30512e-07
 6.60534e-07
 6.03659e-07
 5.48735e-07
 4.97413e-07
 4.50446e-07
 4.08030e-07
 3.70034e-07
 3.36159e-07
 3.06030e-07
 2.79252e-07
 2.55446e-07
 2.34256e-07
 2.15364e-07
 1.98488e-07
 1.83377e-07
 1.69816e-07
 1.57615e-07
 1.46611e-07
 1.36662e-07
 1.27645e-07
