scalar
part
         1
quad4
 3.84740e-07
 3.66428e-07
 3.45452e-07
 3.23448e-07
 3.01488e-07
 2.80241e-07
 2.60095e-07
 2.41248e-07
 2.23776e-07
 2.07676e-07
 1.92901e-07
 1.79375e-07
 1.67008e-07
 1.55709e-07
 1.45384e-07
 1.35946e-07
 1.27311e-07
 1.19403e-07
 1.12153e-07
 1.05496e-07
 4.70011e-07
 4.38178e-07
 4.05474e-07
 3.73540e-07
 3.43295e-07
 3.15191e-07
 2.89392e-07
 2.65892e-07
 2.44588e-07
 2.25327e-07
 2.07936e-07
 1.92238e-07
 1.78063e-07
 1.65250e-07
 1.53655e-07
 1.43145e-07
 1.33602e-07
 1.24922e-07
 1.17012e-07
 1.09790e-07
 5.74073e-07
 5.22858e-07
 4.74300e-07
 4.29573e-07
 3.89069e-07
 3.52754e-07
 3.20377e-07
 2.91594e-07
 2.66030e-07
 2.43318e-07
 2.23118e-07
 2.05121e-07
 1.89053e-07
 1.74675e-07
 1.61778e-07
 1.50179e-07
 1.39722e-07
 1.30269e-07
 1.21704e-07
 1.13923e-07
 6.99082e-07
 6.20976e-07
 5.51665e-07
 4.90964e-07
 4.38141e-07
 3.92282e-07
 3.52470e-07
 3.17853e-07
 2.87679e-07
 2.61298e-07
 2.38156e-07
 2.17782e-07
 1.99782e-07
 1.83822e-07
 1.69619e-07
 1.56938e-07
 1.45578e-07
 1.35367e-07
 1.26162e-07
 1.17839e-07
 8.45607e-07
 7.31702e-07
 6.36297e-07
 5.56411e-07
 4.89340e-07
 4.32785e-07
 3.84853e-07
 3.44007e-07
 3.09004e-07
 2.78842e-07
 2.52709e-07
 2.29950e-07
 2.10030e-07
 1.92511e-07
 1.77035e-07
 1.63305e-07
 1.51075e-07
 1.40138e-07
 1.30323e-07
 1.21485e-07
 1.01124e-06
 8.52150e-07
 7.25561e-07
 6.23730e-07
 5.40929e-07
 4.72906e-07
 4.16480e-07
 3.69249e-07
 3.29381e-07
 2.95463e-07
 2.66400e-07
 2.41327e-07
 2.19561e-07
 2.00558e-07
 1.83876e-07
 1.69159e-07
 1.56115e-07
 1.44502e-07
 1.34122e-07
 1.24808e-07
 1.18907e-06
 9.76734e-07
 8.15225e-07
 6.89789e-07
 5.90610e-07
 5.10958e-07
 4.46105e-07
 3.92653e-07
 3.48115e-07
 3.10640e-07
 2.78827e-07
 2.51604e-07
 2.28138e-07
 2.07774e-07
 1.89994e-07
 1.74382e-07
 1.60603e-07
 1.48382e-07
 1.37495e-07
 1.27755e-07
 1.36658e-06
 1.09692e-06
 8.99487e-07
 7.50624e-07
 6.35644e-07
 5.45024e-07
 4.72366e-07
 4.13237e-07
 3.64490e-07
 3.23839e-07
 2.89594e-07
 2.60481e-07
 2.35527e-07
 2.13980e-07
 1.95249e-07
 1.78864e-07
 1.64451e-07
 1.51707e-07
 1.40385e-07
 1.30281e-07
 1.52581e-06
 1.20169e-06
 9.71438e-07
 8.01788e-07
 6.73098e-07
 5.73125e-07
 4.93899e-07
 4.30044e-07
 3.77820e-07
 3.34564e-07
 2.98331e-07
 2.67681e-07
 2.41521e-07
 2.19015e-07
 1.99514e-07
 1.82506e-07
 1.67582e-07
 1.54416e-07
 1.42743e-07
 1.32344e-07
 1.64549e-06
 1.27907e-06
 1.02401e-06
 8.38946e-07
 7.00218e-07
 5.93456e-07
 5.09491e-07
 4.42235e-07
 3.87515e-07
 3.42388e-07
 3.04729e-07
 2.72972e-07
 2.45944e-07
 2.22747e-07
 2.02689e-07
 1.85227e-07
 1.69931e-07
 1.56457e-07
 1.44526e-07
 1.33911e-07
 1.70582e-06
 1.31865e-06
 1.05137e-06
 8.58642e-07
 7.14866e-07
 6.04644e-07
 5.18228e-07
 4.49189e-07
 3.93139e-07
 3.47001e-07
 3.08559e-07
 2.76188e-07
 2.48669e-07
 2.25077e-07
 2.04696e-07
 1.86969e-07
 1.71453e-07
 1.57794e-07
 1.45707e-07
 1.34959e-07
 1.69533e-06
 1.31466e-06
 1.05036e-06
 8.59038e-07
 7.15911e-07
 6.05964e-07
 5.19630e-07
 4.50574e-07
 3.94460e-07
 3.48235e-07
 3.09700e-07
 2.77236e-07
 2.49628e-07
 2.25952e-07
 2.05496e-07
 1.87699e-07
 1.72120e-07
 1.58405e-07
 1.46267e-07
 1.35473e-07
 1.61642e-06
 1.26814e-06
 1.02147e-06
 8.40365e-07
 7.03468e-07
 5.97468e-07
 5.13717e-07
 4.46397e-07
 3.91475e-07
 3.46085e-07
 3.08143e-07
 2.76107e-07
 2.48811e-07
 2.25366e-07
 2.05080e-07
 1.87411e-07
 1.71928e-07
 1.58285e-07
 1.46201e-07
 1.35449e-07
 1.48483e-06
 1.18675e-06
 9.68729e-07
 8.04892e-07
 6.78870e-07
 5.79975e-07
 5.01008e-07
 4.36994e-07
 3.84409e-07
 3.40703e-07
 3.03995e-07
 2.72876e-07
 2.46273e-07
 2.23356e-07
 2.03477e-07
 1.86125e-07
 1.70892e-07
 1.57446e-07
 1.45519e-07
 1.34893e-07
 1.32308e-06
 1.08220e-06
 8.98614e-07
 7.56380e-07
 6.44402e-07
 5.54921e-07
 4.82435e-07
 4.22988e-07
 3.73686e-07
 3.32384e-07
 2.97465e-07
 2.67695e-07
 2.42123e-07
 2.20004e-07
 2.00749e-07
 1.83889e-07
 1.69047e-07
 1.55915e-07
 1.44243e-07
 1.33824e-07
 1.15257e-06
 9.66760e-07
 8.18385e-07
 6.99268e-07
 6.02863e-07
 5.24123e-07
 4.59208e-07
 4.05202e-07
 3.59880e-07
 3.21534e-07
 2.88844e-07
 2.60777e-07
 2.36520e-07
 2.15429e-07
 1.96985e-07
 1.80771e-07
 1.66447e-07
 1.53735e-07
 1.42405e-07
 1.32266e-07
 9.88882e-07
 8.50632e-07
 7.34649e-07
 6.37873e-07
 5.57115e-07
 4.89513e-07
 4.32654e-07
 3.84563e-07
 3.43648e-07
 3.08629e-07
 2.78481e-07
 2.52379e-07
 2.29658e-07
 2.09778e-07
 1.92298e-07
 1.76858e-07
 1.63160e-07
 1.50958e-07
 1.40047e-07
 1.30254e-07
 8.40856e-07
 7.40796e-07
 6.52509e-07
 5.75823e-07
 5.09723e-07
 4.52909e-07
 4.04071e-07
 3.62010e-07
 3.25675e-07
 2.94173e-07
 2.66752e-07
 2.42786e-07
 2.21752e-07
 2.03216e-07
 1.86816e-07
 1.72251e-07
 1.59266e-07
 1.47649e-07
 1.37221e-07
 1.27829e-07
 7.12034e-07
 6.41161e-07
 5.75359e-07
 5.15815e-07
 4.62748e-07
 4.15862e-07
 3.74622e-07
 3.38412e-07
 3.06616e-07
 2.78661e-07
 2.54035e-07
 2.32287e-07
 2.13027e-07
 1.95920e-07
 1.80679e-07
 1.67059e-07
 1.54851e-07
 1.43877e-07
 1.33982e-07
 1.25037e-07
 6.02577e-07
 5.53281e-07
 5.05077e-07
 4.59609e-07
 4.17686e-07
 3.79584e-07
 3.45266e-07
 3.14522e-07
 2.87057e-07
 2.62553e-07
 2.40689e-07
 2.21164e-07
 2.03705e-07
 1.88064e-07
 1.74025e-07
 1.61394e-07
 1.50006e-07
 1.39714e-07
 1.30391e-07
 1.21925e-07
