scalar
part
         1
quad4
 3.94923e-07
 3.76162e-07
 3.54536e-07
 3.31793e-07
 3.09083e-07
 2.87114e-07
 2.66297e-07
 2.46841e-07
 2.28823e-07
 2.12238e-07
 1.97032e-07
 1.83125e-07
 1.70422e-07
 1.58825e-07
 1.48237e-07
 1.38565e-07
 1.29722e-07
 1.21629e-07
 1.14212e-07
 1.07406e-07
 4.83111e-07
 4.50288e-07
 4.16450e-07
 3.83376e-07
 3.52056e-07
 3.22976e-07
 2.96310e-07
 2.72049e-07
 2.50081e-07
 2.30244e-07
 2.12353e-07
 1.96220e-07
 1.81665e-07
 1.68522e-07
 1.56636e-07
 1.45870e-07
 1.36102e-07
 1.27223e-07
 1.19136e-07
 1.11756e-07
 5.90886e-07
 5.37830e-07
 4.87451e-07
 4.41051e-07
 3.99069e-07
 3.61477e-07
 3.28011e-07
 2.98301e-07
 2.71950e-07
 2.48569e-07
 2.27799e-07
 2.09313e-07
 1.92825e-07
 1.78085e-07
 1.64872e-07
 1.52998e-07
 1.42300e-07
 1.32636e-07
 1.23883e-07
 1.15935e-07
 7.20484e-07
 6.39272e-07
 5.67208e-07
 5.04165e-07
 4.49390e-07
 4.01921e-07
 3.60781e-07
 3.25067e-07
 2.93984e-07
 2.66845e-07
 2.43067e-07
 2.22156e-07
 2.03699e-07
 1.87347e-07
 1.72808e-07
 1.59835e-07
 1.48220e-07
 1.37787e-07
 1.28386e-07
 1.19890e-07
 8.72402e-07
 7.53636e-07
 6.54303e-07
 5.71298e-07
 5.01760e-07
 4.43249e-07
 3.93756e-07
 3.51653e-07
 3.15630e-07
 2.84630e-07
 2.57804e-07
 2.34466e-07
 2.14058e-07
 1.96126e-07
 1.80296e-07
 1.66260e-07
 1.53765e-07
 1.42598e-07
 1.32581e-07
 1.23564e-07
 1.04385e-06
 8.77693e-07
 7.45848e-07
 6.40088e-07
 5.54320e-07
 4.84025e-07
 4.25835e-07
 3.77214e-07
 3.36236e-07
 3.01420e-07
 2.71621e-07
 2.45939e-07
 2.23664e-07
 2.04230e-07
 1.87183e-07
 1.72152e-07
 1.58835e-07
 1.46987e-07
 1.36400e-07
 1.26904e-07
 1.22703e-06
 1.00528e-06
 8.37251e-07
 7.07185e-07
 6.04639e-07
 5.22481e-07
 4.55721e-07
 4.00792e-07
 3.55088e-07
 3.16678e-07
 2.84106e-07
 2.56258e-07
 2.32272e-07
 2.11470e-07
 1.93319e-07
 1.77389e-07
 1.63335e-07
 1.50876e-07
 1.39780e-07
 1.29858e-07
 1.40804e-06
 1.12712e-06
 9.22307e-07
 7.68403e-07
 6.49852e-07
 5.56625e-07
 4.82010e-07
 4.21378e-07
 3.71454e-07
 3.29864e-07
 2.94858e-07
 2.65120e-07
 2.39647e-07
 2.17664e-07
 1.98562e-07
 1.81861e-07
 1.67175e-07
 1.54194e-07
 1.42665e-07
 1.32378e-07
 1.56734e-06
 1.23147e-06
 9.93773e-07
 8.19132e-07
 6.86948e-07
 5.84439e-07
 5.03316e-07
 4.38006e-07
 3.84641e-07
 3.40474e-07
 3.03504e-07
 2.72246e-07
 2.45581e-07
 2.22650e-07
 2.02788e-07
 1.85469e-07
 1.70278e-07
 1.56880e-07
 1.45003e-07
 1.34425e-07
 1.68271e-06
 1.30605e-06
 1.04448e-06
 8.55011e-07
 7.13169e-07
 6.04123e-07
 5.18432e-07
 4.49841e-07
 3.94065e-07
 3.48089e-07
 3.09737e-07
 2.77408e-07
 2.49899e-07
 2.26297e-07
 2.05893e-07
 1.88134e-07
 1.72581e-07
 1.58882e-07
 1.46754e-07
 1.35965e-07
 1.73492e-06
 1.34082e-06
 1.06882e-06
 8.72722e-07
 7.26463e-07
 6.14358e-07
 5.26481e-07
 4.56286e-07
 3.99306e-07
 3.52409e-07
 3.13340e-07
 2.80444e-07
 2.52481e-07
 2.28512e-07
 2.07807e-07
 1.89799e-07
 1.74038e-07
 1.60165e-07
 1.47890e-07
 1.36975e-07
 1.71465e-06
 1.33102e-06
 1.06416e-06
 8.70710e-07
 7.25863e-07
 6.14518e-07
 5.27044e-07
 4.57050e-07
 4.00159e-07
 3.53284e-07
 3.14201e-07
 2.81270e-07
 2.53263e-07
 2.29244e-07
 2.08490e-07
 1.90433e-07
 1.74626e-07
 1.60710e-07
 1.48393e-07
 1.37441e-07
 1.62684e-06
 1.27889e-06
 1.03158e-06
 8.49544e-07
 7.11677e-07
 6.04773e-07
 5.20214e-07
 4.52187e-07
 3.96651e-07
 3.50729e-07
 3.12327e-07
 2.79889e-07
 2.52244e-07
 2.28494e-07
 2.07940e-07
 1.90034e-07
 1.74341e-07
 1.60512e-07
 1.48263e-07
 1.37361e-07
 1.48881e-06
 1.19297e-06
 9.75647e-07
 8.11785e-07
 6.85418e-07
 5.86051e-07
 5.06583e-07
 4.42081e-07
 3.89041e-07
 3.44921e-07
 3.07840e-07
 2.76388e-07
 2.49487e-07
 2.26304e-07
 2.06189e-07
 1.88626e-07
 1.73202e-07
 1.59587e-07
 1.47508e-07
 1.36744e-07
 1.32330e-06
 1.08528e-06
 9.03068e-07
 7.61376e-07
 6.49495e-07
 5.59877e-07
 4.87142e-07
 4.27395e-07
 3.77782e-07
 3.36174e-07
 3.00966e-07
 2.70928e-07
 2.45109e-07
 2.22764e-07
 2.03304e-07
 1.86258e-07
 1.71247e-07
 1.57963e-07
 1.46152e-07
 1.35606e-07
 1.15108e-06
 9.67964e-07
 8.21127e-07
 7.02815e-07
 6.06767e-07
 5.28118e-07
 4.63139e-07
 4.08983e-07
 3.63469e-07
 3.24912e-07
 2.92008e-07
 2.63732e-07
 2.39276e-07
 2.17997e-07
 1.99379e-07
 1.83004e-07
 1.68533e-07
 1.55684e-07
 1.44229e-07
 1.33976e-07
 9.86912e-07
 8.50868e-07
 7.36305e-07
 6.40385e-07
 5.60101e-07
 4.92720e-07
 4.35922e-07
 3.87791e-07
 3.46776e-07
 3.11623e-07
 2.81325e-07
 2.55066e-07
 2.32189e-07
 2.12156e-07
 1.94531e-07
 1.78955e-07
 1.65129e-07
 1.52808e-07
 1.41785e-07
 1.31889e-07
 8.39032e-07
 7.40640e-07
 6.53536e-07
 5.77638e-07
 5.12030e-07
 4.55496e-07
 4.06792e-07
 3.64763e-07
 3.28395e-07
 2.96819e-07
 2.69300e-07
 2.45220e-07
 2.24067e-07
 2.05411e-07
 1.88893e-07
 1.74212e-07
 1.61118e-07
 1.49397e-07
 1.38871e-07
 1.29388e-07
 7.10595e-07
 6.40929e-07
 5.76054e-07
 5.17181e-07
 4.64571e-07
 4.17975e-07
 3.76901e-07
 3.40767e-07
 3.08984e-07
 2.80999e-07
 2.56314e-07
 2.34489e-07
 2.15140e-07
 1.97940e-07
 1.82603e-07
 1.68889e-07
 1.56589e-07
 1.45525e-07
 1.35545e-07
 1.26519e-07
 6.01564e-07
 5.53122e-07
 5.05621e-07
 4.60696e-07
 4.19169e-07
 3.81341e-07
 3.47197e-07
 3.16550e-07
 2.89127e-07
 2.64622e-07
 2.42728e-07
 2.23154e-07
 2.05632e-07
 1.89920e-07
 1.75805e-07
 1.63098e-07
 1.51633e-07
 1.41265e-07
 1.31868e-07
 1.23331e-07
