scalar
part
         1
quad4
 4.15899e-07
 3.92862e-07
 3.67793e-07
 3.42303e-07
 3.17407e-07
 2.93704e-07
 2.71509e-07
 2.50956e-07
 2.32063e-07
 2.14777e-07
 1.99009e-07
 1.84649e-07
 1.71580e-07
 1.59686e-07
 1.48857e-07
 1.38989e-07
 1.29986e-07
 1.21762e-07
 1.14239e-07
 1.07347e-07
 5.04042e-07
 4.66388e-07
 4.28812e-07
 3.92859e-07
 3.59323e-07
 3.28535e-07
 3.00548e-07
 2.75262e-07
 2.52495e-07
 2.32033e-07
 2.13650e-07
 1.97130e-07
 1.82269e-07
 1.68883e-07
 1.56805e-07
 1.45887e-07
 1.35998e-07
 1.27022e-07
 1.18859e-07
 1.11420e-07
 6.10823e-07
 5.52504e-07
 4.98235e-07
 4.48960e-07
 4.04847e-07
 3.65668e-07
 3.31012e-07
 3.00406e-07
 2.73377e-07
 2.49480e-07
 2.28316e-07
 2.09530e-07
 1.92812e-07
 1.77895e-07
 1.64549e-07
 1.52573e-07
 1.41799e-07
 1.32077e-07
 1.23283e-07
 1.15307e-07
 7.38012e-07
 6.51397e-07
 5.75554e-07
 5.09852e-07
 4.53193e-07
 4.04377e-07
 3.62268e-07
 3.25855e-07
 2.94264e-07
 2.66755e-07
 2.42709e-07
 2.21604e-07
 2.03009e-07
 1.86560e-07
 1.71955e-07
 1.58939e-07
 1.47298e-07
 1.36852e-07
 1.27449e-07
 1.18956e-07
 8.85550e-07
 7.61788e-07
 6.59194e-07
 5.74039e-07
 5.03068e-07
 4.43596e-07
 3.93458e-07
 3.50922e-07
 3.14612e-07
 2.83426e-07
 2.56485e-07
 2.33081e-07
 2.12641e-07
 1.94702e-07
 1.78881e-07
 1.64868e-07
 1.52402e-07
 1.41270e-07
 1.31292e-07
 1.22315e-07
 1.05011e-06
 8.80219e-07
 7.46189e-07
 6.39147e-07
 5.52632e-07
 4.81916e-07
 4.23505e-07
 3.74788e-07
 3.33792e-07
 2.99008e-07
 2.69270e-07
 2.43666e-07
 2.21479e-07
 2.02138e-07
 1.85183e-07
 1.70244e-07
 1.57018e-07
 1.45255e-07
 1.34750e-07
 1.25332e-07
 1.22360e-06
 1.00050e-06
 8.32007e-07
 7.01906e-07
 5.99528e-07
 5.17630e-07
 4.51166e-07
 3.96537e-07
 3.51125e-07
 3.12991e-07
 2.80675e-07
 2.53063e-07
 2.29293e-07
 2.08690e-07
 1.90720e-07
 1.74956e-07
 1.61054e-07
 1.48734e-07
 1.37765e-07
 1.27960e-07
 1.39242e-06
 1.11367e-06
 9.10704e-07
 7.58327e-07
 6.41037e-07
 5.48856e-07
 4.75115e-07
 4.15219e-07
 3.65920e-07
 3.24866e-07
 2.90322e-07
 2.60986e-07
 2.35864e-07
 2.14188e-07
 1.95359e-07
 1.78899e-07
 1.64429e-07
 1.51641e-07
 1.40284e-07
 1.30154e-07
 1.53816e-06
 1.20873e-06
 9.75509e-07
 8.04109e-07
 6.74353e-07
 5.73714e-07
 4.94065e-07
 4.29937e-07
 3.77539e-07
 3.34172e-07
 2.97871e-07
 2.67180e-07
 2.40999e-07
 2.18486e-07
 1.98986e-07
 1.81985e-07
 1.67072e-07
 1.53920e-07
 1.42261e-07
 1.31879e-07
 1.64059e-06
 1.27446e-06
 1.01987e-06
 8.35264e-07
 6.96956e-07
 5.90563e-07
 5.06917e-07
 4.39935e-07
 3.85450e-07
 3.40526e-07
 3.03044e-07
 2.71440e-07
 2.44545e-07
 2.21466e-07
 2.01511e-07
 1.84141e-07
 1.68927e-07
 1.55526e-07
 1.43661e-07
 1.33105e-07
 1.68256e-06
 1.30191e-06
 1.03878e-06
 8.48837e-07
 7.07025e-07
 5.98237e-07
 5.12898e-07
 4.44687e-07
 3.89288e-07
 3.43670e-07
 3.05651e-07
 2.73626e-07
 2.46396e-07
 2.23047e-07
 2.02873e-07
 1.85322e-07
 1.69958e-07
 1.56431e-07
 1.44459e-07
 1.33813e-07
 1.65601e-06
 1.28700e-06
 1.03002e-06
 8.43542e-07
 7.03772e-07
 5.96231e-07
 5.11675e-07
 4.43965e-07
 3.88892e-07
 3.43487e-07
 3.05608e-07
 2.73675e-07
 2.46505e-07
 2.23193e-07
 2.03041e-07
 1.85503e-07
 1.70144e-07
 1.56618e-07
 1.44644e-07
 1.33993e-07
 1.56578e-06
 1.23212e-06
 9.94852e-07
 8.20080e-07
 6.87606e-07
 5.84793e-07
 5.03401e-07
 4.37866e-07
 3.84324e-07
 3.40018e-07
 3.02942e-07
 2.71605e-07
 2.44883e-07
 2.21912e-07
 2.02022e-07
 1.84688e-07
 1.69489e-07
 1.56089e-07
 1.44216e-07
 1.33645e-07
 1.42829e-06
 1.14548e-06
 9.37723e-07
 7.81004e-07
 6.60061e-07
 5.64881e-07
 4.88694e-07
 4.26802e-07
 3.75864e-07
 3.33458e-07
 2.97791e-07
 2.67515e-07
 2.41602e-07
 2.19257e-07
 1.99856e-07
 1.82908e-07
 1.68016e-07
 1.54863e-07
 1.43189e-07
 1.32782e-07
 1.26523e-06
 1.03862e-06
 8.65122e-07
 7.30151e-07
 6.23502e-07
 5.38003e-07
 4.68545e-07
 4.11438e-07
 3.63973e-07
 3.24130e-07
 2.90385e-07
 2.61573e-07
 2.36787e-07
 2.15321e-07
 1.96614e-07
 1.80216e-07
 1.65767e-07
 1.52972e-07
 1.41590e-07
 1.31422e-07
 1.09658e-06
 9.23182e-07
 7.84051e-07
 6.71861e-07
 5.80700e-07
 5.05978e-07
 4.44178e-07
 3.92618e-07
 3.49239e-07
 3.12455e-07
 2.81032e-07
 2.54004e-07
 2.30607e-07
 2.10232e-07
 1.92391e-07
 1.76688e-07
 1.62800e-07
 1.50461e-07
 1.39454e-07
 1.29595e-07
 9.36550e-07
 8.08630e-07
 7.00724e-07
 6.10247e-07
 5.34416e-07
 4.70688e-07
 4.16899e-07
 3.71262e-07
 3.32324e-07
 2.98914e-07
 2.70084e-07
 2.45073e-07
 2.23260e-07
 2.04142e-07
 1.87307e-07
 1.72415e-07
 1.59186e-07
 1.47389e-07
 1.36827e-07
 1.27338e-07
 7.92993e-07
 7.01296e-07
 6.19848e-07
 5.48702e-07
 4.87073e-07
 4.33872e-07
 3.87961e-07
 3.48282e-07
 3.13898e-07
 2.84004e-07
 2.57916e-07
 2.35063e-07
 2.14964e-07
 1.97218e-07
 1.81491e-07
 1.67500e-07
 1.55009e-07
 1.43819e-07
 1.33761e-07
 1.24693e-07
 6.68808e-07
 6.04603e-07
 5.44478e-07
 4.89696e-07
 4.40590e-07
 3.96986e-07
 3.58465e-07
 3.24511e-07
 2.94593e-07
 2.68207e-07
 2.44898e-07
 2.24260e-07
 2.05941e-07
 1.89636e-07
 1.75081e-07
 1.62052e-07
 1.50354e-07
 1.39823e-07
 1.30315e-07
 1.21707e-07
 5.63802e-07
 5.19787e-07
 4.76239e-07
 4.34801e-07
 3.96325e-07
 3.61151e-07
 3.29310e-07
 3.00660e-07
 2.74967e-07
 2.51964e-07
 2.31375e-07
 2.12938e-07
 1.96409e-07
 1.81567e-07
 1.68217e-07
 1.56183e-07
 1.45313e-07
 1.35474e-07
 1.26546e-07
 1.18429e-07
