scalar
part
         1
quad4
 5.68666e-07
 5.24689e-07
 4.81143e-07
 4.39653e-07
 4.01071e-07
 3.65747e-07
 3.33724e-07
 3.04870e-07
 2.78962e-07
 2.55741e-07
 2.34936e-07
 2.16289e-07
 1.99559e-07
 1.84527e-07
 1.70997e-07
 1.58795e-07
 1.47768e-07
 1.37782e-07
 1.28719e-07
 1.20475e-07
 6.73916e-07
 6.09898e-07
 5.49855e-07
 4.95045e-07
 4.45822e-07
 4.02036e-07
 3.63290e-07
 3.29086e-07
 2.98908e-07
 2.72263e-07
 2.48701e-07
 2.27820e-07
 2.09271e-07
 1.92750e-07
 1.77995e-07
 1.64778e-07
 1.52908e-07
 1.42217e-07
 1.32561e-07
 1.23817e-07
 7.98408e-07
 7.07117e-07
 6.25845e-07
 5.54683e-07
 4.92903e-07
 4.39462e-07
 3.93262e-07
 3.53270e-07
 3.18568e-07
 2.88362e-07
 2.61976e-07
 2.38841e-07
 2.18479e-07
 2.00490e-07
 1.84538e-07
 1.70340e-07
 1.57660e-07
 1.46296e-07
 1.36079e-07
 1.26865e-07
 9.42482e-07
 8.15238e-07
 7.07579e-07
 6.17053e-07
 5.40988e-07
 4.76924e-07
 4.22750e-07
 3.76713e-07
 3.37382e-07
 3.03595e-07
 2.74413e-07
 2.49076e-07
 2.26963e-07
 2.07571e-07
 1.90486e-07
 1.75367e-07
 1.61932e-07
 1.49946e-07
 1.39213e-07
 1.29568e-07
 1.10354e-06
 9.31042e-07
 7.92125e-07
 6.79750e-07
 5.88193e-07
 5.12977e-07
 4.50656e-07
 3.98580e-07
 3.54713e-07
 3.17476e-07
 2.85639e-07
 2.58234e-07
 2.34497e-07
 2.13816e-07
 1.95699e-07
 1.79747e-07
 1.65634e-07
 1.53093e-07
 1.41903e-07
 1.31878e-07
 1.27424e-06
 1.04847e-06
 8.74908e-07
 7.39439e-07
 6.32111e-07
 5.45886e-07
 4.75720e-07
 4.17951e-07
 3.69883e-07
 3.29499e-07
 2.95271e-07
 2.66028e-07
 2.40860e-07
 2.19053e-07
 2.00043e-07
 1.83375e-07
 1.68684e-07
 1.55672e-07
 1.44095e-07
 1.33752e-07
 1.44106e-06
 1.15834e-06
 9.49810e-07
 7.92024e-07
 6.69973e-07
 5.73746e-07
 4.96615e-07
 4.33886e-07
 3.82216e-07
 3.39171e-07
 3.02946e-07
 2.72183e-07
 2.45845e-07
 2.23125e-07
 2.03396e-07
 1.86156e-07
 1.71006e-07
 1.57623e-07
 1.45744e-07
 1.35152e-07
 1.58456e-06
 1.24911e-06
 1.00980e-06
 8.33107e-07
 6.98946e-07
 5.94691e-07
 5.12080e-07
 4.45515e-07
 3.91102e-07
 3.46056e-07
 3.08347e-07
 2.76468e-07
 2.49277e-07
 2.25900e-07
 2.05657e-07
 1.88012e-07
 1.72540e-07
 1.58899e-07
 1.46810e-07
 1.36048e-07
 1.68282e-06
 1.30896e-06
 1.04816e-06
 8.58681e-07
 7.16552e-07
 6.07135e-07
 5.21070e-07
 4.52134e-07
 3.96052e-07
 3.49810e-07
 3.11229e-07
 2.78703e-07
 2.51026e-07
 2.27280e-07
 2.06752e-07
 1.88887e-07
 1.73242e-07
 1.59464e-07
 1.47267e-07
 1.36419e-07
 1.71798e-06
 1.32886e-06
 1.05997e-06
 8.65930e-07
 7.21097e-07
 6.10020e-07
 5.22905e-07
 4.53290e-07
 3.96762e-07
 3.50222e-07
 3.11441e-07
 2.78780e-07
 2.51013e-07
 2.27206e-07
 2.06638e-07
 1.88747e-07
 1.73087e-07
 1.59301e-07
 1.47100e-07
 1.36252e-07
 1.68288e-06
 1.30535e-06
 1.04344e-06
 8.53850e-07
 7.11999e-07
 6.02994e-07
 5.17366e-07
 4.48846e-07
 3.93141e-07
 3.47233e-07
 3.08945e-07
 2.76674e-07
 2.49219e-07
 2.25665e-07
 2.05306e-07
 1.87587e-07
 1.72070e-07
 1.58405e-07
 1.46307e-07
 1.35546e-07
 1.58361e-06
 1.24157e-06
 1.00030e-06
 8.23477e-07
 6.89904e-07
 5.86481e-07
 5.04738e-07
 4.38997e-07
 3.85329e-07
 3.40943e-07
 3.03814e-07
 2.72439e-07
 2.45687e-07
 2.22692e-07
 2.02781e-07
 1.85427e-07
 1.70209e-07
 1.56791e-07
 1.44899e-07
 1.34310e-07
 1.43679e-06
 1.14614e-06
 9.35370e-07
 7.77651e-07
 6.56567e-07
 5.61603e-07
 4.85765e-07
 4.24253e-07
 3.73681e-07
 3.31607e-07
 2.96234e-07
 2.66214e-07
 2.40521e-07
 2.18365e-07
 1.99126e-07
 1.82315e-07
 1.67541e-07
 1.54488e-07
 1.42899e-07
 1.32565e-07
 1.26356e-06
 1.03062e-06
 8.55325e-07
 7.20405e-07
 6.14521e-07
 5.30008e-07
 4.61549e-07
 4.05368e-07
 3.58727e-07
 3.19604e-07
 2.86481e-07
 2.58202e-07
 2.33874e-07
 2.12801e-07
 1.94429e-07
 1.78321e-07
 1.64121e-07
 1.51541e-07
 1.40345e-07
 1.30338e-07
 1.08389e-06
 9.06699e-07
 7.67271e-07
 6.56209e-07
 5.66661e-07
 4.93621e-07
 4.33402e-07
 3.83257e-07
 3.41117e-07
 3.05403e-07
 2.74900e-07
 2.48662e-07
 2.25942e-07
 2.06149e-07
 1.88808e-07
 1.73536e-07
 1.60021e-07
 1.48006e-07
 1.37280e-07
 1.27667e-07
 9.12811e-07
 7.84118e-07
 6.77567e-07
 5.89280e-07
 5.15836e-07
 4.54403e-07
 4.02698e-07
 3.58898e-07
 3.21558e-07
 2.89524e-07
 2.61879e-07
 2.37884e-07
 2.16946e-07
 1.98580e-07
 1.82394e-07
 1.68065e-07
 1.55324e-07
 1.43951e-07
 1.33760e-07
 1.24595e-07
 7.59304e-07
 6.69643e-07
 5.91102e-07
 5.23108e-07
 4.64540e-07
 4.14146e-07
 3.70735e-07
 3.33243e-07
 3.00754e-07
 2.72495e-07
 2.47816e-07
 2.26175e-07
 2.07122e-07
 1.90280e-07
 1.75334e-07
 1.62022e-07
 1.50122e-07
 1.39449e-07
 1.29843e-07
 1.21172e-07
 6.27088e-07
 5.67073e-07
 5.11099e-07
 4.60246e-07
 4.14734e-07
 3.74340e-07
 3.38642e-07
 3.07148e-07
 2.79361e-07
 2.54818e-07
 2.33099e-07
 2.13836e-07
 1.96707e-07
 1.81433e-07
 1.67775e-07
 1.55526e-07
 1.44511e-07
 1.34578e-07
 1.25595e-07
 1.17450e-07
 5.16284e-07
 4.77831e-07
 4.39276e-07
 4.02307e-07
 3.67797e-07
 3.36115e-07
 3.07327e-07
 2.81333e-07
 2.57946e-07
 2.36941e-07
 2.18084e-07
 2.01150e-07
 1.85927e-07
 1.72222e-07
 1.59863e-07
 1.48697e-07
 1.38588e-07
 1.29417e-07
 1.21079e-07
 1.13483e-07
 4.25019e-07
 4.01744e-07
 3.76195e-07
 3.50107e-07
 3.24576e-07
 3.00246e-07
 2.77460e-07
 2.56362e-07
 2.36975e-07
 2.19246e-07
 2.03082e-07
 1.88370e-07
 1.74987e-07
 1.62815e-07
 1.51737e-07
 1.41647e-07
 1.32445e-07
 1.24043e-07
 1.16360e-07
 1.09323e-07
