scalar
part
         1
quad4
 6.14804e-07
 5.63725e-07
 5.13969e-07
 4.67172e-07
 4.24122e-07
 3.85072e-07
 3.49958e-07
 3.18546e-07
 2.90522e-07
 2.65546e-07
 2.43285e-07
 2.23426e-07
 2.05682e-07
 1.89799e-07
 1.75553e-07
 1.62746e-07
 1.51205e-07
 1.40781e-07
 1.31343e-07
 1.22778e-07
 7.25333e-07
 6.52278e-07
 5.84640e-07
 5.23569e-07
 4.69243e-07
 4.21321e-07
 3.79230e-07
 3.42320e-07
 3.09946e-07
 2.81513e-07
 2.56490e-07
 2.34409e-07
 2.14870e-07
 1.97528e-07
 1.82087e-07
 1.68298e-07
 1.55945e-07
 1.44846e-07
 1.34844e-07
 1.25805e-07
 8.55158e-07
 7.52457e-07
 6.62029e-07
 5.83621e-07
 5.16141e-07
 4.58222e-07
 4.08497e-07
 3.65719e-07
 3.28803e-07
 2.96827e-07
 2.69017e-07
 2.44729e-07
 2.23429e-07
 2.04670e-07
 1.88083e-07
 1.73359e-07
 1.60239e-07
 1.48508e-07
 1.37981e-07
 1.28504e-07
 1.00398e-06
 8.62589e-07
 7.44168e-07
 6.45503e-07
 5.63279e-07
 4.94534e-07
 4.36778e-07
 3.87977e-07
 3.46496e-07
 3.11022e-07
 2.80506e-07
 2.54103e-07
 2.31135e-07
 2.11050e-07
 1.93399e-07
 1.77816e-07
 1.63997e-07
 1.51693e-07
 1.40695e-07
 1.30827e-07
 1.16803e-06
 9.78605e-07
 8.27556e-07
 7.06449e-07
 6.08550e-07
 5.28678e-07
 4.62894e-07
 4.08215e-07
 3.62365e-07
 3.23602e-07
 2.90577e-07
 2.62241e-07
 2.37765e-07
 2.16493e-07
 1.97900e-07
 1.81562e-07
 1.67134e-07
 1.54334e-07
 1.42930e-07
 1.32728e-07
 1.33814e-06
 1.09332e-06
 9.06967e-07
 7.62758e-07
 6.49349e-07
 5.58812e-07
 4.85536e-07
 4.25488e-07
 3.75724e-07
 3.34060e-07
 2.98856e-07
 2.68859e-07
 2.43103e-07
 2.20835e-07
 2.01457e-07
 1.84497e-07
 1.69570e-07
 1.56368e-07
 1.44637e-07
 1.34167e-07
 1.49833e-06
 1.19632e-06
 9.75686e-07
 8.10062e-07
 6.82790e-07
 5.82998e-07
 5.03375e-07
 4.38873e-07
 3.85917e-07
 3.41926e-07
 3.04997e-07
 2.73703e-07
 2.46960e-07
 2.23931e-07
 2.03962e-07
 1.86535e-07
 1.71240e-07
 1.57743e-07
 1.45774e-07
 1.35112e-07
 1.62680e-06
 1.27517e-06
 1.02639e-06
 8.43908e-07
 7.06078e-07
 5.99428e-07
 5.15214e-07
 4.47555e-07
 3.92383e-07
 3.46803e-07
 3.08716e-07
 2.76567e-07
 2.49183e-07
 2.25668e-07
 2.05326e-07
 1.87612e-07
 1.72092e-07
 1.58419e-07
 1.46310e-07
 1.35538e-07
 1.70086e-06
 1.31815e-06
 1.05265e-06
 8.60578e-07
 7.16970e-07
 6.06700e-07
 5.20146e-07
 4.50936e-07
 3.94712e-07
 3.48408e-07
 3.09814e-07
 2.77306e-07
 2.49666e-07
 2.25967e-07
 2.05493e-07
 1.87682e-07
 1.72093e-07
 1.58370e-07
 1.46226e-07
 1.35428e-07
 1.70505e-06
 1.31783e-06
 1.05059e-06
 8.57923e-07
 7.14212e-07
 6.04053e-07
 5.17694e-07
 4.48706e-07
 3.92702e-07
 3.46603e-07
 3.08197e-07
 2.75857e-07
 2.48365e-07
 2.24797e-07
 2.04438e-07
 1.86730e-07
 1.71231e-07
 1.57588e-07
 1.45515e-07
 1.34780e-07
 1.63789e-06
 1.27368e-06
 1.02003e-06
 8.35889e-07
 6.97806e-07
 5.91510e-07
 5.07889e-07
 4.40897e-07
 3.86381e-07
 3.41415e-07
 3.03887e-07
 2.72236e-07
 2.45295e-07
 2.22171e-07
 2.02175e-07
 1.84766e-07
 1.69515e-07
 1.56080e-07
 1.44182e-07
 1.33597e-07
 1.51203e-06
 1.19209e-06
 9.64451e-07
 7.96518e-07
 6.69008e-07
 5.69876e-07
 4.91267e-07
 4.27876e-07
 3.76008e-07
 3.33031e-07
 2.97020e-07
 2.66548e-07
 2.40535e-07
 2.18150e-07
 1.98749e-07
 1.81825e-07
 1.66974e-07
 1.53869e-07
 1.42249e-07
 1.31896e-07
 1.34825e-06
 1.08397e-06
 8.89996e-07
 7.43445e-07
 6.30070e-07
 5.40602e-07
 4.68791e-07
 4.10302e-07
 3.62046e-07
 3.21779e-07
 2.87839e-07
 2.58972e-07
 2.34218e-07
 2.12836e-07
 1.94242e-07
 1.77972e-07
 1.63657e-07
 1.50996e-07
 1.39745e-07
 1.29702e-07
 1.16813e-06
 9.61564e-07
 8.03904e-07
 6.81123e-07
 5.83828e-07
 5.05549e-07
 4.41717e-07
 3.89042e-07
 3.45105e-07
 3.08102e-07
 2.76665e-07
 2.49746e-07
 2.26528e-07
 2.06369e-07
 1.88759e-07
 1.73290e-07
 1.59632e-07
 1.47514e-07
 1.36715e-07
 1.27052e-07
 9.89445e-07
 8.35852e-07
 7.13118e-07
 6.14044e-07
 5.33254e-07
 4.66726e-07
 4.11433e-07
 3.65073e-07
 3.25886e-07
 2.92509e-07
 2.63878e-07
 2.39156e-07
 2.17679e-07
 1.98913e-07
 1.82430e-07
 1.67881e-07
 1.54978e-07
 1.43486e-07
 1.33210e-07
 1.23986e-07
 8.24209e-07
 7.15176e-07
 6.23363e-07
 5.46148e-07
 4.81085e-07
 4.26060e-07
 3.79310e-07
 3.39388e-07
 3.05116e-07
 2.75539e-07
 2.49880e-07
 2.27508e-07
 2.07906e-07
 1.90653e-07
 1.75399e-07
 1.61857e-07
 1.49786e-07
 1.38986e-07
 1.29289e-07
 1.20553e-07
 6.78851e-07
 6.04863e-07
 5.38739e-07
 4.80500e-07
 4.29588e-07
 3.85224e-07
 3.46590e-07
 3.12911e-07
 2.83490e-07
 2.57719e-07
 2.35075e-07
 2.15112e-07
 1.97453e-07
 1.81778e-07
 1.67816e-07
 1.55339e-07
 1.44153e-07
 1.34092e-07
 1.25016e-07
 1.16804e-07
 5.55393e-07
 5.07560e-07
 4.61735e-07
 4.19201e-07
 3.80453e-07
 3.45547e-07
 3.14306e-07
 2.86443e-07
 2.61629e-07
 2.39533e-07
 2.19841e-07
 2.02268e-07
 1.86555e-07
 1.72476e-07
 1.59831e-07
 1.48448e-07
 1.38176e-07
 1.28883e-07
 1.20456e-07
 1.12796e-07
 4.53009e-07
 4.23907e-07
 3.93497e-07
 3.63469e-07
 3.34796e-07
 3.07986e-07
 2.83252e-07
 2.60632e-07
 2.40056e-07
 2.21401e-07
 2.04517e-07
 1.89246e-07
 1.75430e-07
 1.62924e-07
 1.51589e-07
 1.41303e-07
 1.31953e-07
 1.23440e-07
 1.15676e-07
 1.08581e-07
 3.69392e-07
 3.53265e-07
 3.34191e-07
 3.13816e-07
 2.93237e-07
 2.73155e-07
 2.53988e-07
 2.35964e-07
 2.19185e-07
 2.03670e-07
 1.89390e-07
 1.76284e-07
 1.64276e-07
 1.53284e-07
 1.43223e-07
 1.34013e-07
 1.25575e-07
 1.17840e-07
 1.10739e-07
 1.04214e-07
