scalar
part
         1
quad4
 4.12932e-07
 3.91278e-07
 3.67165e-07
 3.42324e-07
 3.17861e-07
 2.94441e-07
 2.72425e-07
 2.51979e-07
 2.33143e-07
 2.15882e-07
 2.00117e-07
 1.85744e-07
 1.72652e-07
 1.60730e-07
 1.49869e-07
 1.39966e-07
 1.30928e-07
 1.22668e-07
 1.15110e-07
 1.08183e-07
 5.02666e-07
 4.66292e-07
 4.29512e-07
 3.94034e-07
 3.60767e-07
 3.30115e-07
 3.02181e-07
 2.76896e-07
 2.54099e-07
 2.33588e-07
 2.15146e-07
 1.98562e-07
 1.83636e-07
 1.70185e-07
 1.58043e-07
 1.47064e-07
 1.37118e-07
 1.28087e-07
 1.19873e-07
 1.12385e-07
 6.11830e-07
 5.54464e-07
 5.00660e-07
 4.51565e-07
 4.07472e-07
 3.68224e-07
 3.33456e-07
 3.02718e-07
 2.75551e-07
 2.51519e-07
 2.30225e-07
 2.11317e-07
 1.94486e-07
 1.79465e-07
 1.66022e-07
 1.53958e-07
 1.43101e-07
 1.33305e-07
 1.24442e-07
 1.16402e-07
 7.42400e-07
 6.56067e-07
 5.80126e-07
 5.14159e-07
 4.57173e-07
 4.08024e-07
 3.65599e-07
 3.28895e-07
 2.97043e-07
 2.69301e-07
 2.45047e-07
 2.23758e-07
 2.04998e-07
 1.88403e-07
 1.73666e-07
 1.60532e-07
 1.48785e-07
 1.38244e-07
 1.28753e-07
 1.20182e-07
 8.94454e-07
 7.69830e-07
 6.66300e-07
 5.80273e-07
 5.08538e-07
 4.48414e-07
 3.97723e-07
 3.54720e-07
 3.18013e-07
 2.86490e-07
 2.59259e-07
 2.35605e-07
 2.14948e-07
 1.96818e-07
 1.80831e-07
 1.66670e-07
 1.54074e-07
 1.42824e-07
 1.32741e-07
 1.23670e-07
 1.06460e-06
 8.92166e-07
 7.56091e-07
 6.47436e-07
 5.59652e-07
 4.87930e-07
 4.28714e-07
 3.79345e-07
 3.37814e-07
 3.02585e-07
 2.72474e-07
 2.46555e-07
 2.24098e-07
 2.04524e-07
 1.87367e-07
 1.72251e-07
 1.58869e-07
 1.46969e-07
 1.36341e-07
 1.26814e-07
 1.24431e-06
 1.01655e-06
 8.44737e-07
 7.12225e-07
 6.08057e-07
 5.24800e-07
 4.57282e-07
 4.01821e-07
 3.55740e-07
 3.17060e-07
 2.84292e-07
 2.56302e-07
 2.32212e-07
 2.11335e-07
 1.93129e-07
 1.77161e-07
 1.63080e-07
 1.50602e-07
 1.39494e-07
 1.29564e-07
 1.41903e-06
 1.13347e-06
 9.25973e-07
 7.70458e-07
 6.50915e-07
 5.57064e-07
 4.82051e-07
 4.21166e-07
 3.71080e-07
 3.29389e-07
 2.94322e-07
 2.64551e-07
 2.39064e-07
 2.17077e-07
 1.97981e-07
 1.81291e-07
 1.66620e-07
 1.53656e-07
 1.42144e-07
 1.31876e-07
 1.56909e-06
 1.23129e-06
 9.92693e-07
 8.17649e-07
 6.85311e-07
 5.82776e-07
 5.01692e-07
 4.36452e-07
 3.83173e-07
 3.39096e-07
 3.02214e-07
 2.71041e-07
 2.44455e-07
 2.21599e-07
 2.01805e-07
 1.84550e-07
 1.69417e-07
 1.56072e-07
 1.44244e-07
 1.33711e-07
 1.67312e-06
 1.29830e-06
 1.03810e-06
 8.49678e-07
 7.08650e-07
 6.00248e-07
 5.15074e-07
 4.46904e-07
 3.91475e-07
 3.45789e-07
 3.07680e-07
 2.75558e-07
 2.48227e-07
 2.24778e-07
 2.04507e-07
 1.86864e-07
 1.71414e-07
 1.57805e-07
 1.45758e-07
 1.35040e-07
 1.71377e-06
 1.32544e-06
 1.05715e-06
 8.63564e-07
 7.19091e-07
 6.08298e-07
 5.21413e-07
 4.51985e-07
 3.95611e-07
 3.49200e-07
 3.10528e-07
 2.77959e-07
 2.50270e-07
 2.26531e-07
 2.06023e-07
 1.88184e-07
 1.72569e-07
 1.58823e-07
 1.46659e-07
 1.35842e-07
 1.68385e-06
 1.30905e-06
 1.04779e-06
 8.58101e-07
 7.15881e-07
 6.06438e-07
 5.20381e-07
 4.51469e-07
 3.95420e-07
 3.49214e-07
 3.10669e-07
 2.78179e-07
 2.50536e-07
 2.26821e-07
 2.06323e-07
 1.88485e-07
 1.72865e-07
 1.59110e-07
 1.46935e-07
 1.36106e-07
 1.58973e-06
 1.25215e-06
 1.01159e-06
 8.34139e-07
 6.99508e-07
 5.94955e-07
 5.12152e-07
 4.45464e-07
 3.90970e-07
 3.45873e-07
 3.08133e-07
 2.76235e-07
 2.49035e-07
 2.25654e-07
 2.05412e-07
 1.87770e-07
 1.72303e-07
 1.58668e-07
 1.46587e-07
 1.35832e-07
 1.44894e-06
 1.16353e-06
 9.53293e-07
 7.94391e-07
 6.71593e-07
 5.74859e-07
 4.97375e-07
 4.34398e-07
 3.82551e-07
 3.39378e-07
 3.03060e-07
 2.72229e-07
 2.45841e-07
 2.23085e-07
 2.03328e-07
 1.86069e-07
 1.70905e-07
 1.57513e-07
 1.45627e-07
 1.35031e-07
 1.28354e-06
 1.05502e-06
 8.79584e-07
 7.42817e-07
 6.34579e-07
 5.47705e-07
 4.77069e-07
 4.18958e-07
 3.70635e-07
 3.30059e-07
 2.95686e-07
 2.66333e-07
 2.41080e-07
 2.19207e-07
 2.00145e-07
 1.83437e-07
 1.68715e-07
 1.55678e-07
 1.44082e-07
 1.33723e-07
 1.11331e-06
 9.38288e-07
 7.97537e-07
 6.83826e-07
 5.91289e-07
 5.15349e-07
 4.52486e-07
 4.00003e-07
 3.55824e-07
 3.18347e-07
 2.86324e-07
 2.58774e-07
 2.34922e-07
 2.14150e-07
 1.95960e-07
 1.79949e-07
 1.65789e-07
 1.53210e-07
 1.41988e-07
 1.31938e-07
 9.52116e-07
 8.22691e-07
 7.13357e-07
 6.21552e-07
 5.44511e-07
 4.79701e-07
 4.24952e-07
 3.78470e-07
 3.38791e-07
 3.04731e-07
 2.75333e-07
 2.49823e-07
 2.27572e-07
 2.08068e-07
 1.90892e-07
 1.75698e-07
 1.62202e-07
 1.50166e-07
 1.39391e-07
 1.29712e-07
 8.07566e-07
 7.14456e-07
 6.31716e-07
 5.59387e-07
 4.96682e-07
 4.42511e-07
 3.95733e-07
 3.55282e-07
 3.20214e-07
 2.89715e-07
 2.63092e-07
 2.39766e-07
 2.19248e-07
 2.01131e-07
 1.85074e-07
 1.70789e-07
 1.58036e-07
 1.46612e-07
 1.36345e-07
 1.27088e-07
 6.82439e-07
 6.16930e-07
 5.55634e-07
 4.99790e-07
 4.49720e-07
 4.05245e-07
 3.65940e-07
 3.31282e-07
 3.00735e-07
 2.73788e-07
 2.49978e-07
 2.28894e-07
 2.10178e-07
 1.93517e-07
 1.78646e-07
 1.65332e-07
 1.53380e-07
 1.42620e-07
 1.32906e-07
 1.24113e-07
 5.76499e-07
 5.31312e-07
 4.86713e-07
 4.44324e-07
 4.04985e-07
 3.69028e-07
 3.36478e-07
 3.07187e-07
 2.80917e-07
 2.57395e-07
 2.36340e-07
 2.17485e-07
 2.00580e-07
 1.85401e-07
 1.71747e-07
 1.59441e-07
 1.48325e-07
 1.38264e-07
 1.29136e-07
 1.20837e-07
