scalar
part
         1
quad4
 5.31473e-07
 4.92618e-07
 4.53598e-07
 4.16029e-07
 3.80802e-07
 3.48325e-07
 3.18709e-07
 2.91885e-07
 2.67692e-07
 2.45919e-07
 2.26342e-07
 2.08738e-07
 1.92898e-07
 1.78627e-07
 1.65751e-07
 1.54113e-07
 1.43575e-07
 1.34013e-07
 1.25320e-07
 1.17401e-07
 6.32605e-07
 5.75033e-07
 5.20490e-07
 4.70299e-07
 4.24916e-07
 3.84311e-07
 3.48195e-07
 3.16169e-07
 2.87798e-07
 2.62658e-07
 2.40354e-07
 2.20531e-07
 2.02875e-07
 1.87112e-07
 1.73002e-07
 1.60339e-07
 1.48945e-07
 1.38665e-07
 1.29366e-07
 1.20934e-07
 7.52852e-07
 6.69622e-07
 5.94956e-07
 5.29149e-07
 4.71689e-07
 4.21732e-07
 3.78347e-07
 3.40641e-07
 3.07804e-07
 2.79128e-07
 2.54007e-07
 2.31922e-07
 2.12439e-07
 1.95189e-07
 1.79862e-07
 1.66196e-07
 1.53971e-07
 1.42999e-07
 1.33121e-07
 1.24200e-07
 8.92917e-07
 7.75603e-07
 6.75722e-07
 5.91260e-07
 5.19930e-07
 4.59581e-07
 4.08340e-07
 3.64638e-07
 3.27180e-07
 2.94909e-07
 2.66964e-07
 2.42643e-07
 2.21374e-07
 2.02685e-07
 1.86191e-07
 1.71572e-07
 1.58562e-07
 1.46941e-07
 1.36521e-07
 1.27148e-07
 1.05084e-06
 8.90250e-07
 7.60197e-07
 6.54455e-07
 5.67904e-07
 4.96508e-07
 4.37134e-07
 3.87361e-07
 3.45311e-07
 3.09525e-07
 2.78859e-07
 2.52408e-07
 2.29455e-07
 2.09423e-07
 1.91849e-07
 1.76353e-07
 1.62627e-07
 1.50416e-07
 1.39509e-07
 1.29728e-07
 1.22031e-06
 1.00816e-06
 8.44217e-07
 7.15643e-07
 6.13348e-07
 5.30860e-07
 4.63517e-07
 4.07914e-07
 3.61532e-07
 3.22477e-07
 2.89311e-07
 2.60926e-07
 2.36459e-07
 2.15229e-07
 1.96698e-07
 1.80432e-07
 1.66080e-07
 1.53357e-07
 1.42027e-07
 1.31896e-07
 1.38919e-06
 1.12092e-06
 9.22064e-07
 7.70936e-07
 6.53594e-07
 5.60782e-07
 4.86180e-07
 4.25363e-07
 3.75164e-07
 3.33266e-07
 2.97951e-07
 2.67919e-07
 2.42173e-07
 2.19940e-07
 2.00612e-07
 1.83709e-07
 1.68842e-07
 1.55699e-07
 1.44025e-07
 1.33610e-07
 1.53952e-06
 1.21765e-06
 9.86983e-07
 8.16037e-07
 6.85838e-07
 5.84400e-07
 5.03845e-07
 4.38817e-07
 3.85575e-07
 3.41437e-07
 3.04445e-07
 2.73138e-07
 2.46411e-07
 2.23413e-07
 2.03483e-07
 1.86099e-07
 1.70847e-07
 1.57391e-07
 1.45462e-07
 1.34837e-07
 1.65028e-06
 1.28671e-06
 1.03223e-06
 8.46859e-07
 7.07512e-07
 6.00051e-07
 5.15403e-07
 4.47520e-07
 3.92238e-07
 3.46616e-07
 3.08523e-07
 2.76386e-07
 2.49025e-07
 2.25537e-07
 2.05224e-07
 1.87537e-07
 1.72043e-07
 1.58393e-07
 1.46306e-07
 1.35552e-07
 1.70297e-06
 1.31851e-06
 1.05247e-06
 8.60277e-07
 7.16706e-07
 6.06524e-07
 5.20064e-07
 4.50940e-07
 3.94790e-07
 3.48546e-07
 3.10001e-07
 2.77530e-07
 2.49918e-07
 2.26240e-07
 2.05781e-07
 1.87981e-07
 1.72399e-07
 1.58679e-07
 1.46536e-07
 1.35738e-07
 1.68780e-06
 1.30814e-06
 1.04505e-06
 8.54779e-07
 7.12517e-07
 6.03256e-07
 5.17466e-07
 4.48840e-07
 3.93068e-07
 3.47117e-07
 3.08801e-07
 2.76513e-07
 2.49049e-07
 2.25491e-07
 2.05131e-07
 1.87414e-07
 1.71900e-07
 1.58239e-07
 1.46146e-07
 1.35389e-07
 1.60716e-06
 1.25685e-06
 1.01068e-06
 8.30798e-07
 6.95218e-07
 5.90431e-07
 5.07734e-07
 4.41307e-07
 3.87136e-07
 3.42374e-07
 3.04958e-07
 2.73362e-07
 2.46438e-07
 2.23307e-07
 2.03287e-07
 1.85845e-07
 1.70556e-07
 1.57079e-07
 1.45139e-07
 1.34511e-07
 1.47460e-06
 1.17166e-06
 9.53273e-07
 7.90621e-07
 6.66217e-07
 5.68946e-07
 4.91461e-07
 4.28744e-07
 3.77273e-07
 3.34517e-07
 2.98616e-07
 2.68184e-07
 2.42164e-07
 2.19746e-07
 2.00295e-07
 1.83311e-07
 1.68394e-07
 1.55222e-07
 1.43535e-07
 1.33117e-07
 1.31008e-06
 1.06326e-06
 8.78920e-07
 7.37904e-07
 6.27793e-07
 5.40272e-07
 4.69625e-07
 4.11817e-07
 3.63946e-07
 3.23877e-07
 2.90016e-07
 2.61155e-07
 2.36361e-07
 2.14911e-07
 1.96233e-07
 1.79872e-07
 1.65462e-07
 1.52706e-07
 1.41363e-07
 1.31232e-07
 1.13408e-06
 9.43355e-07
 7.94590e-07
 6.76963e-07
 5.82710e-07
 5.06233e-07
 4.43458e-07
 3.91381e-07
 3.47757e-07
 3.10889e-07
 2.79476e-07
 2.52511e-07
 2.29206e-07
 2.08936e-07
 1.91205e-07
 1.75609e-07
 1.61824e-07
 1.49582e-07
 1.38664e-07
 1.28888e-07
 9.62998e-07
 8.22206e-07
 7.06830e-07
 6.12060e-07
 5.33805e-07
 4.68756e-07
 4.14299e-07
 3.68379e-07
 3.29385e-07
 2.96046e-07
 2.67361e-07
 2.42528e-07
 2.20907e-07
 2.01983e-07
 1.85335e-07
 1.70620e-07
 1.57557e-07
 1.45911e-07
 1.35488e-07
 1.26126e-07
 8.07230e-07
 7.07314e-07
 6.20893e-07
 5.46860e-07
 4.83648e-07
 4.29662e-07
 3.83451e-07
 3.43758e-07
 3.09524e-07
 2.79867e-07
 2.54059e-07
 2.31500e-07
 2.11693e-07
 1.94227e-07
 1.78762e-07
 1.65014e-07
 1.52748e-07
 1.41762e-07
 1.31891e-07
 1.22992e-07
 6.71591e-07
 6.03156e-07
 5.40402e-07
 4.84140e-07
 4.34326e-07
 3.90510e-07
 3.52080e-07
 3.18392e-07
 2.88834e-07
 2.62853e-07
 2.39958e-07
 2.19726e-07
 2.01793e-07
 1.85850e-07
 1.71629e-07
 1.58907e-07
 1.47489e-07
 1.37212e-07
 1.27934e-07
 1.19536e-07
 5.56927e-07
 5.11684e-07
 4.67429e-07
 4.25744e-07
 3.87366e-07
 3.52519e-07
 3.21144e-07
 2.93031e-07
 2.67903e-07
 2.45462e-07
 2.25415e-07
 2.07489e-07
 1.91436e-07
 1.77032e-07
 1.64082e-07
 1.52413e-07
 1.41875e-07
 1.32335e-07
 1.23680e-07
 1.15809e-07
 4.61794e-07
 4.33088e-07
 4.02814e-07
 3.72688e-07
 3.43746e-07
 3.16554e-07
 2.91375e-07
 2.68279e-07
 2.47221e-07
 2.28093e-07
 2.10753e-07
 1.95049e-07
 1.80828e-07
 1.67943e-07
 1.56258e-07
 1.45647e-07
 1.35999e-07
 1.27210e-07
 1.19192e-07
 1.11864e-07
