scalar
part
         1
quad4
 3.44371e-07
 3.32937e-07
 3.17733e-07
 3.00513e-07
 2.82488e-07
 2.64465e-07
 2.46956e-07
 2.30270e-07
 2.14571e-07
 1.99930e-07
 1.86360e-07
 1.73833e-07
 1.62298e-07
 1.51693e-07
 1.41952e-07
 1.33005e-07
 1.24786e-07
 1.17231e-07
 1.10281e-07
 1.03881e-07
 4.26997e-07
 4.03397e-07
 3.77359e-07
 3.50774e-07
 3.24801e-07
 3.00109e-07
 2.77038e-07
 2.55728e-07
 2.36187e-07
 2.18355e-07
 2.02126e-07
 1.87379e-07
 1.73985e-07
 1.61818e-07
 1.50758e-07
 1.40695e-07
 1.31527e-07
 1.23163e-07
 1.15519e-07
 1.08523e-07
 5.29108e-07
 4.87583e-07
 4.46554e-07
 4.07652e-07
 3.71655e-07
 3.38839e-07
 3.09193e-07
 2.82554e-07
 2.58685e-07
 2.37322e-07
 2.18202e-07
 2.01076e-07
 1.85715e-07
 1.71914e-07
 1.59490e-07
 1.48281e-07
 1.38147e-07
 1.28964e-07
 1.20624e-07
 1.13032e-07
 6.53502e-07
 5.86473e-07
 5.25375e-07
 4.70776e-07
 4.22513e-07
 3.80091e-07
 3.42891e-07
 3.10278e-07
 2.81657e-07
 2.56488e-07
 2.34300e-07
 2.14685e-07
 1.97290e-07
 1.81816e-07
 1.68008e-07
 1.55648e-07
 1.44550e-07
 1.34555e-07
 1.25527e-07
 1.17351e-07
 8.01664e-07
 6.99827e-07
 6.12909e-07
 5.39055e-07
 4.76326e-07
 4.22939e-07
 3.77348e-07
 3.38253e-07
 3.04576e-07
 2.75426e-07
 2.50076e-07
 2.27926e-07
 2.08483e-07
 1.91341e-07
 1.76164e-07
 1.62673e-07
 1.50634e-07
 1.39851e-07
 1.30161e-07
 1.21423e-07
 9.72350e-07
 8.25398e-07
 7.06856e-07
 6.10472e-07
 5.31431e-07
 4.66054e-07
 4.11520e-07
 3.65662e-07
 3.26804e-07
 2.93638e-07
 2.65137e-07
 2.40490e-07
 2.19049e-07
 2.00293e-07
 1.83801e-07
 1.69229e-07
 1.56297e-07
 1.44770e-07
 1.34454e-07
 1.25190e-07
 1.15984e-06
 9.58122e-07
 8.03186e-07
 6.81950e-07
 5.85525e-07
 5.07720e-07
 4.44126e-07
 3.91545e-07
 3.47617e-07
 3.10570e-07
 2.79060e-07
 2.52049e-07
 2.28731e-07
 2.08470e-07
 1.90758e-07
 1.75189e-07
 1.61435e-07
 1.49226e-07
 1.38341e-07
 1.28596e-07
 1.35235e-06
 1.08959e-06
 8.96027e-07
 7.49405e-07
 6.35748e-07
 5.45915e-07
 4.73720e-07
 4.14854e-07
 3.66244e-07
 3.25651e-07
 2.91414e-07
 2.62276e-07
 2.37279e-07
 2.15676e-07
 1.96881e-07
 1.80431e-07
 1.65952e-07
 1.53142e-07
 1.41756e-07
 1.31589e-07
 1.53140e-06
 1.20821e-06
 9.78010e-07
 8.08050e-07
 6.78923e-07
 5.78485e-07
 4.98809e-07
 4.34534e-07
 3.81929e-07
 3.38329e-07
 3.01789e-07
 2.70863e-07
 2.44456e-07
 2.21730e-07
 2.02030e-07
 1.84843e-07
 1.69759e-07
 1.56447e-07
 1.44642e-07
 1.34123e-07
 1.67335e-06
 1.30062e-06
 1.04121e-06
 8.53010e-07
 7.11943e-07
 6.03387e-07
 5.18014e-07
 4.49633e-07
 3.93998e-07
 3.48117e-07
 3.09829e-07
 2.77542e-07
 2.50062e-07
 2.26478e-07
 2.06085e-07
 1.88332e-07
 1.72781e-07
 1.59082e-07
 1.46952e-07
 1.36159e-07
 1.75471e-06
 1.35446e-06
 1.07871e-06
 8.80180e-07
 7.32260e-07
 6.18980e-07
 5.30242e-07
 4.59400e-07
 4.01924e-07
 3.54637e-07
 3.15257e-07
 2.82110e-07
 2.53942e-07
 2.29801e-07
 2.08954e-07
 1.90825e-07
 1.74962e-07
 1.61000e-07
 1.48648e-07
 1.37666e-07
 1.76056e-06
 1.36219e-06
 1.08634e-06
 8.87111e-07
 7.38362e-07
 6.24287e-07
 5.34842e-07
 4.63388e-07
 4.05390e-07
 3.57660e-07
 3.17905e-07
 2.84438e-07
 2.55998e-07
 2.31625e-07
 2.10577e-07
 1.92276e-07
 1.76263e-07
 1.62172e-07
 1.49706e-07
 1.38625e-07
 1.69163e-06
 1.32378e-06
 1.06392e-06
 8.73602e-07
 7.30071e-07
 6.19162e-07
 5.31693e-07
 4.61501e-07
 4.04320e-07
 3.57125e-07
 3.17723e-07
 2.84488e-07
 2.56199e-07
 2.31922e-07
 2.10934e-07
 1.92667e-07
 1.76670e-07
 1.62584e-07
 1.50115e-07
 1.39025e-07
 1.56400e-06
 1.24676e-06
 1.01526e-06
 8.41728e-07
 7.08566e-07
 6.04303e-07
 5.21224e-07
 4.54006e-07
 3.98886e-07
 3.53145e-07
 3.14785e-07
 2.82308e-07
 2.54577e-07
 2.30715e-07
 2.10039e-07
 1.92007e-07
 1.76190e-07
 1.62241e-07
 1.49878e-07
 1.38870e-07
 1.40162e-06
 1.14339e-06
 9.47039e-07
 7.95286e-07
 6.76112e-07
 5.81110e-07
 5.04327e-07
 4.41490e-07
 3.89480e-07
 3.45988e-07
 3.09279e-07
 2.78032e-07
 2.51229e-07
 2.28075e-07
 2.07943e-07
 1.90336e-07
 1.74852e-07
 1.61165e-07
 1.49011e-07
 1.38170e-07
 1.22751e-06
 1.02677e-06
 8.66907e-07
 7.38910e-07
 6.35597e-07
 5.51435e-07
 4.82221e-07
 4.24772e-07
 3.76667e-07
 3.36048e-07
 3.01485e-07
 2.71862e-07
 2.46302e-07
 2.24110e-07
 2.04730e-07
 1.87716e-07
 1.72702e-07
 1.59393e-07
 1.47544e-07
 1.36950e-07
 1.05859e-06
 9.07912e-07
 7.81949e-07
 6.77188e-07
 5.90036e-07
 5.17293e-07
 4.56277e-07
 4.04803e-07
 3.61114e-07
 3.23805e-07
 2.91752e-07
 2.64054e-07
 2.39987e-07
 2.18964e-07
 2.00508e-07
 1.84229e-07
 1.69807e-07
 1.56976e-07
 1.45516e-07
 1.35241e-07
 9.04656e-07
 7.94461e-07
 6.97715e-07
 6.14033e-07
 5.42171e-07
 4.80614e-07
 4.27863e-07
 3.82562e-07
 3.43532e-07
 3.09777e-07
 2.80463e-07
 2.54896e-07
 2.32502e-07
 2.12803e-07
 1.95405e-07
 1.79977e-07
 1.66244e-07
 1.53975e-07
 1.42976e-07
 1.33082e-07
 7.69857e-07
 6.90816e-07
 6.17957e-07
 5.52397e-07
 4.94241e-07
 4.43068e-07
 3.98220e-07
 3.58970e-07
 3.24609e-07
 2.94482e-07
 2.68010e-07
 2.44686e-07
 2.24076e-07
 2.05806e-07
 1.89561e-07
 1.75068e-07
 1.62100e-07
 1.50459e-07
 1.39979e-07
 1.30517e-07
 6.54698e-07
 5.98859e-07
 5.44825e-07
 4.94248e-07
 4.47894e-07
 4.05978e-07
 3.68387e-07
 3.34838e-07
 3.04972e-07
 2.78407e-07
 2.54771e-07
 2.33720e-07
 2.14940e-07
 1.98155e-07
 1.83118e-07
 1.69618e-07
 1.57466e-07
 1.46503e-07
 1.36587e-07
 1.27597e-07
