scalar
part
         1
quad4
 3.88870e-07
 3.70774e-07
 3.49762e-07
 3.27572e-07
 3.05350e-07
 2.83809e-07
 2.63365e-07
 2.44231e-07
 2.26492e-07
 2.10149e-07
 1.95153e-07
 1.81429e-07
 1.68886e-07
 1.57429e-07
 1.46964e-07
 1.37400e-07
 1.28654e-07
 1.20646e-07
 1.13305e-07
 1.06567e-07
 4.76060e-07
 4.44140e-07
 4.11104e-07
 3.78725e-07
 3.48001e-07
 3.19428e-07
 2.93194e-07
 2.69300e-07
 2.47645e-07
 2.28075e-07
 2.10413e-07
 1.94477e-07
 1.80094e-07
 1.67098e-07
 1.55342e-07
 1.44690e-07
 1.35022e-07
 1.26231e-07
 1.18223e-07
 1.10912e-07
 5.82681e-07
 5.30846e-07
 4.81500e-07
 4.35963e-07
 3.94698e-07
 3.57701e-07
 3.24728e-07
 2.95430e-07
 2.69424e-07
 2.46334e-07
 2.25810e-07
 2.07535e-07
 1.91228e-07
 1.76643e-07
 1.63565e-07
 1.51809e-07
 1.41214e-07
 1.31640e-07
 1.22967e-07
 1.15091e-07
 7.10987e-07
 6.31402e-07
 5.60650e-07
 4.98659e-07
 4.44730e-07
 3.97943e-07
 3.57357e-07
 3.22097e-07
 2.91389e-07
 2.64562e-07
 2.41045e-07
 2.20355e-07
 2.02086e-07
 1.85895e-07
 1.71495e-07
 1.58643e-07
 1.47133e-07
 1.36793e-07
 1.27473e-07
 1.19048e-07
 8.61536e-07
 7.44890e-07
 6.47180e-07
 5.65426e-07
 4.96860e-07
 4.39114e-07
 3.90229e-07
 3.48617e-07
 3.12992e-07
 2.82320e-07
 2.55767e-07
 2.32658e-07
 2.12443e-07
 1.94675e-07
 1.78986e-07
 1.65073e-07
 1.52684e-07
 1.41610e-07
 1.31674e-07
 1.22729e-07
 1.03166e-06
 8.68176e-07
 7.38269e-07
 6.33944e-07
 5.49259e-07
 4.79796e-07
 4.22255e-07
 3.74150e-07
 3.33587e-07
 2.99109e-07
 2.69588e-07
 2.44139e-07
 2.22059e-07
 2.02792e-07
 1.85886e-07
 1.70977e-07
 1.57767e-07
 1.46010e-07
 1.35504e-07
 1.26080e-07
 1.21380e-06
 9.95229e-07
 8.29399e-07
 7.00909e-07
 5.99521e-07
 5.18236e-07
 4.52148e-07
 3.97746e-07
 3.52463e-07
 3.14394e-07
 2.82101e-07
 2.54485e-07
 2.30692e-07
 2.10055e-07
 1.92044e-07
 1.76235e-07
 1.62285e-07
 1.49917e-07
 1.38901e-07
 1.29048e-07
 1.39430e-06
 1.11690e-06
 9.14439e-07
 7.62171e-07
 6.44803e-07
 5.52454e-07
 4.78510e-07
 4.18401e-07
 3.68890e-07
 3.27635e-07
 2.92902e-07
 2.63390e-07
 2.38107e-07
 2.16284e-07
 1.97319e-07
 1.80735e-07
 1.66151e-07
 1.53258e-07
 1.41806e-07
 1.31588e-07
 1.55390e-06
 1.22158e-06
 9.86193e-07
 8.13145e-07
 6.82101e-07
 5.80437e-07
 4.99957e-07
 4.35145e-07
 3.82177e-07
 3.38329e-07
 3.01620e-07
 2.70578e-07
 2.44094e-07
 2.21316e-07
 2.01585e-07
 1.84379e-07
 1.69285e-07
 1.55972e-07
 1.44169e-07
 1.33657e-07
 1.67045e-06
 1.29698e-06
 1.03749e-06
 8.49460e-07
 7.08654e-07
 6.00378e-07
 5.15276e-07
 4.47144e-07
 3.91734e-07
 3.46054e-07
 3.07945e-07
 2.75818e-07
 2.48479e-07
 2.25020e-07
 2.04739e-07
 1.87086e-07
 1.71625e-07
 1.58007e-07
 1.45949e-07
 1.35223e-07
 1.72455e-06
 1.33297e-06
 1.06266e-06
 8.67764e-07
 7.22384e-07
 6.10944e-07
 5.23581e-07
 4.53791e-07
 3.97138e-07
 3.50507e-07
 3.11657e-07
 2.78945e-07
 2.51138e-07
 2.27301e-07
 2.06710e-07
 1.88800e-07
 1.73125e-07
 1.59327e-07
 1.47118e-07
 1.36262e-07
 1.70650e-06
 1.32460e-06
 1.05897e-06
 8.66441e-07
 7.22289e-07
 6.11484e-07
 5.24437e-07
 4.54786e-07
 3.98175e-07
 3.51531e-07
 3.12641e-07
 2.79874e-07
 2.52006e-07
 2.28107e-07
 2.07455e-07
 1.89488e-07
 1.73760e-07
 1.59913e-07
 1.47658e-07
 1.36760e-07
 1.62083e-06
 1.27391e-06
 1.02740e-06
 8.45995e-07
 7.08637e-07
 6.02143e-07
 5.17921e-07
 4.50171e-07
 3.94866e-07
 3.49138e-07
 3.10900e-07
 2.78604e-07
 2.51080e-07
 2.27435e-07
 2.06972e-07
 1.89147e-07
 1.73526e-07
 1.59759e-07
 1.47565e-07
 1.36714e-07
 1.48462e-06
 1.18928e-06
 9.72399e-07
 8.08930e-07
 6.82903e-07
 5.83827e-07
 5.04607e-07
 4.40318e-07
 3.87460e-07
 3.43497e-07
 3.06552e-07
 2.75218e-07
 2.48420e-07
 2.25328e-07
 2.05293e-07
 1.87800e-07
 1.72440e-07
 1.58880e-07
 1.46851e-07
 1.36132e-07
 1.32052e-06
 1.08266e-06
 9.00634e-07
 7.59148e-07
 6.47468e-07
 5.58038e-07
 4.85473e-07
 4.25880e-07
 3.76404e-07
 3.34917e-07
 2.99817e-07
 2.69875e-07
 2.44141e-07
 2.21872e-07
 2.02480e-07
 1.85496e-07
 1.70539e-07
 1.57304e-07
 1.45537e-07
 1.35032e-07
 1.14934e-06
 9.66177e-07
 8.19367e-07
 7.01128e-07
 6.05175e-07
 5.26630e-07
 4.61757e-07
 4.07704e-07
 3.62285e-07
 3.23818e-07
 2.90996e-07
 2.62795e-07
 2.38407e-07
 2.17190e-07
 1.98629e-07
 1.82305e-07
 1.67880e-07
 1.55074e-07
 1.43658e-07
 1.33440e-07
 9.85913e-07
 8.49717e-07
 7.35083e-07
 6.39147e-07
 5.58883e-07
 4.91544e-07
 4.34800e-07
 3.86729e-07
 3.45775e-07
 3.10684e-07
 2.80444e-07
 2.54241e-07
 2.31416e-07
 2.11433e-07
 1.93853e-07
 1.78318e-07
 1.64531e-07
 1.52246e-07
 1.41257e-07
 1.31391e-07
 8.38547e-07
 7.39960e-07
 6.52731e-07
 5.76764e-07
 5.11125e-07
 4.54588e-07
 4.05898e-07
 3.63896e-07
 3.27562e-07
 2.96023e-07
 2.68542e-07
 2.44502e-07
 2.23387e-07
 2.04768e-07
 1.88285e-07
 1.73638e-07
 1.60575e-07
 1.48884e-07
 1.38385e-07
 1.28928e-07
 7.10463e-07
 6.40590e-07
 5.75568e-07
 5.16595e-07
 4.63923e-07
 4.17293e-07
 3.76206e-07
 3.40073e-07
 3.08301e-07
 2.80334e-07
 2.55670e-07
 2.33870e-07
 2.14547e-07
 1.97373e-07
 1.82063e-07
 1.68374e-07
 1.56098e-07
 1.45058e-07
 1.35101e-07
 1.26096e-07
 6.01671e-07
 5.53029e-07
 5.05374e-07
 4.60336e-07
 4.18729e-07
 3.80847e-07
 3.46670e-07
 3.16005e-07
 2.88576e-07
 2.64074e-07
 2.42188e-07
 2.22627e-07
 2.05120e-07
 1.89425e-07
 1.75328e-07
 1.62640e-07
 1.51193e-07
 1.40843e-07
 1.31464e-07
 1.22945e-07
