scalar
part
         1
quad4
 5.40031e-07
 4.98888e-07
 4.57933e-07
 4.18783e-07
 3.82299e-07
 3.48844e-07
 3.18480e-07
 2.91097e-07
 2.66491e-07
 2.44421e-07
 2.24637e-07
 2.06895e-07
 1.90968e-07
 1.76651e-07
 1.63758e-07
 1.52126e-07
 1.41609e-07
 1.32081e-07
 1.23430e-07
 1.15559e-07
 6.41579e-07
 5.81154e-07
 5.24313e-07
 4.72333e-07
 4.25596e-07
 3.83987e-07
 3.47143e-07
 3.14600e-07
 2.85874e-07
 2.60498e-07
 2.38049e-07
 2.18146e-07
 2.00459e-07
 1.84699e-07
 1.70617e-07
 1.58000e-07
 1.46664e-07
 1.36449e-07
 1.27221e-07
 1.18862e-07
 7.61892e-07
 6.75142e-07
 5.97811e-07
 5.30053e-07
 4.71202e-07
 4.20278e-07
 3.76240e-07
 3.38110e-07
 3.05013e-07
 2.76195e-07
 2.51014e-07
 2.28928e-07
 2.09482e-07
 1.92297e-07
 1.77052e-07
 1.63480e-07
 1.51354e-07
 1.40484e-07
 1.30707e-07
 1.21888e-07
 9.01298e-07
 7.79765e-07
 6.76933e-07
 5.90473e-07
 5.17831e-07
 4.56652e-07
 4.04915e-07
 3.60944e-07
 3.23370e-07
 2.91086e-07
 2.63196e-07
 2.38972e-07
 2.17826e-07
 1.99276e-07
 1.82927e-07
 1.68455e-07
 1.55592e-07
 1.44112e-07
 1.33830e-07
 1.24587e-07
 1.05720e-06
 8.91857e-07
 7.58812e-07
 6.51255e-07
 5.63659e-07
 4.91714e-07
 4.32106e-07
 3.82295e-07
 3.40331e-07
 3.04702e-07
 2.74233e-07
 2.48000e-07
 2.25271e-07
 2.05463e-07
 1.88106e-07
 1.72818e-07
 1.59289e-07
 1.47264e-07
 1.36531e-07
 1.26913e-07
 1.22230e-06
 1.00546e-06
 8.38985e-07
 7.09159e-07
 6.06355e-07
 5.23784e-07
 4.56596e-07
 4.01277e-07
 3.55240e-07
 3.16554e-07
 2.83759e-07
 2.55732e-07
 2.31604e-07
 2.10693e-07
 1.92458e-07
 1.76465e-07
 1.62366e-07
 1.49875e-07
 1.38759e-07
 1.28825e-07
 1.38320e-06
 1.11158e-06
 9.11503e-07
 7.60222e-07
 6.43244e-07
 5.51029e-07
 4.77108e-07
 4.16983e-07
 3.67446e-07
 3.26168e-07
 2.91420e-07
 2.61903e-07
 2.36624e-07
 2.14813e-07
 1.95866e-07
 1.79306e-07
 1.64749e-07
 1.51887e-07
 1.40468e-07
 1.30283e-07
 1.52091e-06
 1.19905e-06
 9.69589e-07
 8.00213e-07
 6.71607e-07
 5.71654e-07
 4.92429e-07
 4.28575e-07
 3.76360e-07
 3.33119e-07
 2.96910e-07
 2.66288e-07
 2.40162e-07
 2.17693e-07
 1.98231e-07
 1.81262e-07
 1.66379e-07
 1.53253e-07
 1.41619e-07
 1.31260e-07
 1.61445e-06
 1.25659e-06
 1.00685e-06
 8.25320e-07
 6.89081e-07
 5.84143e-07
 5.01558e-07
 4.35376e-07
 3.81511e-07
 3.37077e-07
 2.99990e-07
 2.68712e-07
 2.42088e-07
 2.19238e-07
 1.99479e-07
 1.82278e-07
 1.67211e-07
 1.53939e-07
 1.42187e-07
 1.31732e-07
 1.64738e-06
 1.27586e-06
 1.01871e-06
 8.32905e-07
 6.94068e-07
 5.87492e-07
 5.03842e-07
 4.36951e-07
 3.82603e-07
 3.37835e-07
 3.00514e-07
 2.69069e-07
 2.42325e-07
 2.19389e-07
 1.99567e-07
 1.82321e-07
 1.67220e-07
 1.53924e-07
 1.42155e-07
 1.31688e-07
 1.61383e-06
 1.25394e-06
 1.00362e-06
 8.22072e-07
 6.86035e-07
 5.81372e-07
 4.99074e-07
 4.33164e-07
 3.79545e-07
 3.35331e-07
 2.98437e-07
 2.67328e-07
 2.40852e-07
 2.18130e-07
 1.98484e-07
 1.81381e-07
 1.66401e-07
 1.53205e-07
 1.41520e-07
 1.31125e-07
 1.52028e-06
 1.19407e-06
 9.63326e-07
 7.93852e-07
 6.65613e-07
 5.66187e-07
 4.87519e-07
 4.24197e-07
 3.72466e-07
 3.29658e-07
 2.93829e-07
 2.63541e-07
 2.37706e-07
 2.15492e-07
 1.96252e-07
 1.79479e-07
 1.64767e-07
 1.51793e-07
 1.40292e-07
 1.30051e-07
 1.38241e-06
 1.10446e-06
 9.02419e-07
 7.50939e-07
 6.34463e-07
 5.42998e-07
 4.69882e-07
 4.10528e-07
 3.61698e-07
 3.21050e-07
 2.86861e-07
 2.57833e-07
 2.32983e-07
 2.11546e-07
 1.92928e-07
 1.76656e-07
 1.62353e-07
 1.49714e-07
 1.38492e-07
 1.28483e-07
 1.21973e-06
 9.95843e-07
 8.27138e-07
 6.97121e-07
 5.94969e-07
 5.13358e-07
 4.47198e-07
 3.92867e-07
 3.47738e-07
 3.09866e-07
 2.77791e-07
 2.50398e-07
 2.26826e-07
 2.06403e-07
 1.88595e-07
 1.72979e-07
 1.59210e-07
 1.47012e-07
 1.36154e-07
 1.26449e-07
 1.05056e-06
 8.79046e-07
 7.44100e-07
 6.36578e-07
 5.49849e-07
 4.79077e-07
 4.20704e-07
 3.72078e-07
 3.31201e-07
 2.96549e-07
 2.66946e-07
 2.41477e-07
 2.19420e-07
 2.00202e-07
 1.83363e-07
 1.68532e-07
 1.55406e-07
 1.43737e-07
 1.33319e-07
 1.23982e-07
 8.88815e-07
 7.63110e-07
 6.59238e-07
 5.73260e-07
 5.01777e-07
 4.42001e-07
 3.91694e-07
 3.49082e-07
 3.12753e-07
 2.81588e-07
 2.54691e-07
 2.31345e-07
 2.10973e-07
 1.93104e-07
 1.77356e-07
 1.63415e-07
 1.51019e-07
 1.39954e-07
 1.30040e-07
 1.21124e-07
 7.42972e-07
 6.54398e-07
 5.77148e-07
 5.10454e-07
 4.53106e-07
 4.03821e-07
 3.61398e-07
 3.24781e-07
 2.93063e-07
 2.65484e-07
 2.41404e-07
 2.20294e-07
 2.01710e-07
 1.85286e-07
 1.70713e-07
 1.57735e-07
 1.46136e-07
 1.35732e-07
 1.26371e-07
 1.17922e-07
 6.16703e-07
 5.56563e-07
 5.00902e-07
 4.50583e-07
 4.05698e-07
 3.65953e-07
 3.30887e-07
 2.99988e-07
 2.72753e-07
 2.48714e-07
 2.27454e-07
 2.08608e-07
 1.91856e-07
 1.76923e-07
 1.63575e-07
 1.51607e-07
 1.40847e-07
 1.31146e-07
 1.22375e-07
 1.14424e-07
 5.10332e-07
 4.71057e-07
 4.32182e-07
 3.95206e-07
 3.60877e-07
 3.29480e-07
 3.01029e-07
 2.75393e-07
 2.52364e-07
 2.31707e-07
 2.13182e-07
 1.96558e-07
 1.81625e-07
 1.68189e-07
 1.56079e-07
 1.45143e-07
 1.35246e-07
 1.26270e-07
 1.18112e-07
 1.10683e-07
 4.22278e-07
 3.97831e-07
 3.71588e-07
 3.45138e-07
 3.19470e-07
 2.95151e-07
 2.72471e-07
 2.51537e-07
 2.32346e-07
 2.14830e-07
 1.98884e-07
 1.84388e-07
 1.71216e-07
 1.59245e-07
 1.48360e-07
 1.38451e-07
 1.29420e-07
 1.21178e-07
 1.13645e-07
 1.06748e-07
