scalar
part
         1
quad4
 3.36717e-07
 3.26007e-07
 3.11525e-07
 2.94987e-07
 2.77587e-07
 2.60123e-07
 2.43108e-07
 2.26854e-07
 2.11532e-07
 1.97219e-07
 1.83934e-07
 1.71654e-07
 1.60335e-07
 1.49919e-07
 1.40342e-07
 1.31540e-07
 1.23449e-07
 1.16007e-07
 1.09157e-07
 1.02846e-07
 4.17934e-07
 3.95376e-07
 3.70321e-07
 3.44625e-07
 3.19436e-07
 2.95423e-07
 2.72936e-07
 2.52125e-07
 2.33011e-07
 2.15543e-07
 1.99627e-07
 1.85147e-07
 1.71984e-07
 1.60017e-07
 1.49131e-07
 1.39220e-07
 1.30184e-07
 1.21936e-07
 1.14395e-07
 1.07490e-07
 5.18365e-07
 4.78327e-07
 4.38624e-07
 4.00864e-07
 3.65835e-07
 3.33831e-07
 3.04864e-07
 2.78792e-07
 2.55398e-07
 2.34434e-07
 2.15651e-07
 1.98811e-07
 1.83693e-07
 1.70101e-07
 1.57857e-07
 1.46804e-07
 1.36806e-07
 1.27742e-07
 1.19506e-07
 1.12006e-07
 6.40814e-07
 5.75878e-07
 5.16534e-07
 4.63374e-07
 4.16281e-07
 3.74809e-07
 3.38380e-07
 3.06398e-07
 2.78295e-07
 2.53555e-07
 2.31724e-07
 2.12407e-07
 1.95266e-07
 1.80007e-07
 1.66383e-07
 1.54181e-07
 1.43220e-07
 1.33345e-07
 1.24422e-07
 1.16338e-07
 7.86850e-07
 6.87885e-07
 6.03222e-07
 5.31126e-07
 4.69770e-07
 4.17460e-07
 3.72723e-07
 3.34312e-07
 3.01185e-07
 2.72485e-07
 2.47505e-07
 2.25662e-07
 2.06477e-07
 1.89553e-07
 1.74562e-07
 1.61229e-07
 1.49327e-07
 1.38663e-07
 1.29076e-07
 1.20429e-07
 9.55444e-07
 8.12270e-07
 6.96507e-07
 6.02183e-07
 5.24691e-07
 4.60493e-07
 4.06871e-07
 3.61730e-07
 3.23441e-07
 2.90734e-07
 2.62607e-07
 2.38269e-07
 2.17084e-07
 1.98544e-07
 1.82236e-07
 1.67821e-07
 1.55022e-07
 1.43611e-07
 1.33398e-07
 1.24222e-07
 1.14129e-06
 9.44230e-07
 7.92517e-07
 6.73564e-07
 5.78796e-07
 5.02223e-07
 4.39563e-07
 3.87705e-07
 3.44345e-07
 3.07752e-07
 2.76609e-07
 2.49901e-07
 2.26833e-07
 2.06780e-07
 1.89246e-07
 1.73828e-07
 1.60204e-07
 1.48107e-07
 1.37319e-07
 1.27660e-07
 1.33319e-06
 1.07567e-06
 8.85541e-07
 7.41267e-07
 6.29273e-07
 5.40653e-07
 4.69365e-07
 4.11195e-07
 3.63130e-07
 3.22970e-07
 2.89081e-07
 2.60230e-07
 2.35469e-07
 2.14064e-07
 1.95438e-07
 1.79130e-07
 1.64774e-07
 1.52070e-07
 1.40776e-07
 1.30691e-07
 1.51329e-06
 1.19526e-06
 9.68325e-07
 8.00557e-07
 6.72963e-07
 5.73635e-07
 4.94788e-07
 4.31148e-07
 3.79039e-07
 3.35833e-07
 2.99612e-07
 2.68948e-07
 2.42758e-07
 2.20214e-07
 2.00669e-07
 1.83614e-07
 1.68643e-07
 1.55430e-07
 1.43711e-07
 1.33268e-07
 1.65825e-06
 1.28969e-06
 1.03295e-06
 8.46543e-07
 7.06742e-07
 5.99113e-07
 5.14439e-07
 4.46597e-07
 3.91389e-07
 3.45849e-07
 3.07840e-07
 2.75784e-07
 2.48496e-07
 2.25074e-07
 2.04819e-07
 1.87185e-07
 1.71737e-07
 1.58127e-07
 1.46075e-07
 1.35352e-07
 1.74418e-06
 1.34641e-06
 1.07235e-06
 8.75029e-07
 7.28006e-07
 6.15407e-07
 5.27201e-07
 4.56779e-07
 3.99642e-07
 3.52633e-07
 3.13483e-07
 2.80528e-07
 2.52523e-07
 2.28522e-07
 2.07794e-07
 1.89769e-07
 1.73995e-07
 1.60113e-07
 1.47831e-07
 1.36912e-07
 1.75514e-06
 1.35733e-06
 1.08209e-06
 8.83419e-07
 7.35154e-07
 6.21487e-07
 5.32385e-07
 4.61220e-07
 4.03465e-07
 3.55942e-07
 3.16363e-07
 2.83048e-07
 2.54739e-07
 2.30479e-07
 2.09531e-07
 1.91317e-07
 1.75381e-07
 1.61357e-07
 1.48952e-07
 1.37926e-07
 1.69072e-06
 1.32188e-06
 1.06169e-06
 8.71346e-07
 7.27909e-07
 6.17144e-07
 5.29834e-07
 4.59798e-07
 4.02764e-07
 3.55704e-07
 3.16423e-07
 2.83297e-07
 2.55106e-07
 2.30916e-07
 2.10006e-07
 1.91809e-07
 1.75876e-07
 1.61845e-07
 1.49428e-07
 1.38384e-07
 1.56632e-06
 1.24721e-06
 1.01476e-06
 8.40746e-07
 7.07364e-07
 6.03021e-07
 5.19939e-07
 4.52757e-07
 3.97694e-07
 3.52019e-07
 3.13727e-07
 2.81318e-07
 2.53652e-07
 2.29852e-07
 2.09232e-07
 1.91253e-07
 1.75485e-07
 1.61581e-07
 1.49258e-07
 1.38288e-07
 1.40580e-06
 1.14545e-06
 9.47830e-07
 7.95334e-07
 6.75726e-07
 5.80477e-07
 5.03562e-07
 4.40661e-07
 3.88630e-07
 3.45143e-07
 3.08455e-07
 2.77238e-07
 2.50469e-07
 2.27351e-07
 2.07257e-07
 1.89685e-07
 1.74236e-07
 1.60583e-07
 1.48460e-07
 1.37649e-07
 1.23251e-06
 1.02976e-06
 8.68574e-07
 7.39723e-07
 6.35858e-07
 5.51341e-07
 4.81903e-07
 4.24315e-07
 3.76127e-07
 3.35464e-07
 3.00880e-07
 2.71253e-07
 2.45700e-07
 2.23522e-07
 2.04160e-07
 1.87166e-07
 1.72175e-07
 1.58888e-07
 1.47061e-07
 1.36489e-07
 1.06372e-06
 9.11321e-07
 7.84136e-07
 6.78520e-07
 5.90774e-07
 5.17623e-07
 4.56327e-07
 4.04662e-07
 3.60846e-07
 3.23452e-07
 2.91346e-07
 2.63617e-07
 2.39533e-07
 2.18504e-07
 2.00050e-07
 1.83777e-07
 1.69365e-07
 1.56546e-07
 1.45099e-07
 1.34839e-07
 9.09560e-07
 7.97966e-07
 7.00156e-07
 6.15683e-07
 5.43239e-07
 4.81259e-07
 4.28202e-07
 3.82680e-07
 3.43492e-07
 3.09626e-07
 2.80233e-07
 2.54613e-07
 2.32183e-07
 2.12462e-07
 1.95051e-07
 1.79617e-07
 1.65883e-07
 1.53617e-07
 1.42623e-07
 1.32736e-07
 7.74370e-07
 6.94221e-07
 6.20471e-07
 5.54212e-07
 4.95518e-07
 4.43934e-07
 3.98776e-07
 3.59293e-07
 3.24757e-07
 2.94501e-07
 2.67933e-07
 2.44540e-07
 2.23878e-07
 2.05573e-07
 1.89302e-07
 1.74794e-07
 1.61815e-07
 1.50169e-07
 1.39688e-07
 1.30227e-07
 6.58769e-07
 6.02064e-07
 5.47299e-07
 4.96122e-07
 4.49287e-07
 4.06988e-07
 3.69098e-07
 3.35316e-07
 3.05270e-07
 2.78565e-07
 2.54823e-07
 2.33690e-07
 2.14849e-07
 1.98018e-07
 1.82947e-07
 1.69421e-07
 1.57252e-07
 1.46277e-07
 1.36353e-07
 1.27358e-07
