scalar
part
         1
quad4
 5.88669e-07
 5.41348e-07
 4.94872e-07
 4.50890e-07
 4.10229e-07
 3.73194e-07
 3.39774e-07
 3.09785e-07
 2.82956e-07
 2.58986e-07
 2.37575e-07
 2.18434e-07
 2.01302e-07
 1.85940e-07
 1.72140e-07
 1.59716e-07
 1.48506e-07
 1.38369e-07
 1.29180e-07
 1.20832e-07
 6.96706e-07
 6.28290e-07
 5.64565e-07
 5.06753e-07
 4.55117e-07
 4.09411e-07
 3.69144e-07
 3.33735e-07
 3.02603e-07
 2.75201e-07
 2.51035e-07
 2.29673e-07
 2.10739e-07
 1.93907e-07
 1.78901e-07
 1.65481e-07
 1.53446e-07
 1.42620e-07
 1.32855e-07
 1.24021e-07
 8.24113e-07
 7.27084e-07
 6.41261e-07
 5.66558e-07
 5.02050e-07
 4.46515e-07
 3.98708e-07
 3.57480e-07
 3.21824e-07
 2.90878e-07
 2.63915e-07
 2.40329e-07
 2.19612e-07
 2.01343e-07
 1.85168e-07
 1.70794e-07
 1.57972e-07
 1.46496e-07
 1.36189e-07
 1.26902e-07
 9.70875e-07
 8.36301e-07
 7.23177e-07
 6.28617e-07
 5.49582e-07
 4.83328e-07
 4.27529e-07
 3.80281e-07
 3.40039e-07
 3.05565e-07
 2.75860e-07
 2.50123e-07
 2.27702e-07
 2.08073e-07
 1.90803e-07
 1.75541e-07
 1.61994e-07
 1.49922e-07
 1.39121e-07
 1.29424e-07
 1.13370e-06
 9.52215e-07
 8.07045e-07
 6.90314e-07
 5.95704e-07
 5.18330e-07
 4.54466e-07
 4.01279e-07
 3.56602e-07
 3.18771e-07
 2.86495e-07
 2.58765e-07
 2.34784e-07
 2.13921e-07
 1.95668e-07
 1.79614e-07
 1.65425e-07
 1.52828e-07
 1.41597e-07
 1.31543e-07
 1.30411e-06
 1.06808e-06
 8.87901e-07
 7.48103e-07
 6.37898e-07
 5.49730e-07
 4.78234e-07
 4.19544e-07
 3.70831e-07
 3.29992e-07
 2.95442e-07
 2.65971e-07
 2.40641e-07
 2.18721e-07
 1.99631e-07
 1.82909e-07
 1.68184e-07
 1.55151e-07
 1.43563e-07
 1.33216e-07
 1.46701e-06
 1.17395e-06
 9.59275e-07
 7.97734e-07
 6.73334e-07
 5.75610e-07
 4.97510e-07
 4.34149e-07
 3.82065e-07
 3.38750e-07
 3.02351e-07
 2.71479e-07
 2.45076e-07
 2.22322e-07
 2.02579e-07
 1.85340e-07
 1.70200e-07
 1.56834e-07
 1.44976e-07
 1.34408e-07
 1.60149e-06
 1.25776e-06
 1.01398e-06
 8.34793e-07
 6.99213e-07
 5.94146e-07
 5.11074e-07
 4.44260e-07
 3.89723e-07
 3.44631e-07
 3.06923e-07
 2.75072e-07
 2.47926e-07
 2.24603e-07
 2.04417e-07
 1.86832e-07
 1.71419e-07
 1.57835e-07
 1.45801e-07
 1.35092e-07
 1.68526e-06
 1.30784e-06
 1.04552e-06
 8.55474e-07
 7.13212e-07
 6.03868e-07
 5.17970e-07
 4.49236e-07
 3.93364e-07
 3.47327e-07
 3.08938e-07
 2.76590e-07
 2.49075e-07
 2.25476e-07
 2.05082e-07
 1.87337e-07
 1.71802e-07
 1.58123e-07
 1.46016e-07
 1.35249e-07
 1.70227e-06
 1.31625e-06
 1.04967e-06
 8.57389e-07
 7.13912e-07
 6.03900e-07
 5.17635e-07
 4.48707e-07
 3.92742e-07
 3.46669e-07
 3.08279e-07
 2.75948e-07
 2.48462e-07
 2.24897e-07
 2.04539e-07
 1.86831e-07
 1.71330e-07
 1.57684e-07
 1.45609e-07
 1.34871e-07
 1.64914e-06
 1.28145e-06
 1.02565e-06
 8.40118e-07
 7.01082e-07
 5.94110e-07
 5.09995e-07
 4.42632e-07
 3.87832e-07
 3.42644e-07
 3.04938e-07
 2.73145e-07
 2.46088e-07
 2.22868e-07
 2.02791e-07
 1.85314e-07
 1.70006e-07
 1.56522e-07
 1.44582e-07
 1.33960e-07
 1.53603e-06
 1.20854e-06
 9.76243e-07
 8.05283e-07
 6.75717e-07
 5.75135e-07
 4.95475e-07
 4.31300e-07
 3.78837e-07
 3.35398e-07
 2.99024e-07
 2.68261e-07
 2.42012e-07
 2.19434e-07
 1.99874e-07
 1.82817e-07
 1.67853e-07
 1.54653e-07
 1.42951e-07
 1.32528e-07
 1.38173e-06
 1.10736e-06
 9.06968e-07
 7.56151e-07
 6.39834e-07
 5.48272e-07
 4.74931e-07
 4.15297e-07
 3.66168e-07
 3.25223e-07
 2.90748e-07
 2.61452e-07
 2.36353e-07
 2.14687e-07
 1.95858e-07
 1.79393e-07
 1.64914e-07
 1.52114e-07
 1.40743e-07
 1.30599e-07
 1.20718e-06
 9.89653e-07
 8.24708e-07
 6.96927e-07
 5.96101e-07
 5.15264e-07
 4.49537e-07
 3.95430e-07
 3.50391e-07
 3.12527e-07
 2.80408e-07
 2.52941e-07
 2.29278e-07
 2.08754e-07
 1.90842e-07
 1.75120e-07
 1.61249e-07
 1.48951e-07
 1.37998e-07
 1.28202e-07
 1.03054e-06
 8.66431e-07
 7.36336e-07
 6.32014e-07
 5.47408e-07
 4.78053e-07
 4.20628e-07
 3.72635e-07
 3.32176e-07
 2.97796e-07
 2.68364e-07
 2.42995e-07
 2.20990e-07
 2.01790e-07
 1.84945e-07
 1.70092e-07
 1.56934e-07
 1.45225e-07
 1.34762e-07
 1.25378e-07
 8.64822e-07
 7.46432e-07
 6.47726e-07
 5.65395e-07
 4.96493e-07
 4.38550e-07
 3.89555e-07
 3.47883e-07
 3.12231e-07
 2.81552e-07
 2.55006e-07
 2.31911e-07
 2.11716e-07
 1.93971e-07
 1.78306e-07
 1.64418e-07
 1.52054e-07
 1.41005e-07
 1.31093e-07
 1.22172e-07
 7.17419e-07
 6.35500e-07
 5.63243e-07
 5.00268e-07
 4.45684e-07
 3.98454e-07
 3.57566e-07
 3.22098e-07
 2.91244e-07
 2.64316e-07
 2.40730e-07
 2.19993e-07
 2.01692e-07
 1.85482e-07
 1.71071e-07
 1.58213e-07
 1.46704e-07
 1.36366e-07
 1.27052e-07
 1.18634e-07
 5.91120e-07
 5.36761e-07
 4.85662e-07
 4.38897e-07
 3.96764e-07
 3.59146e-07
 3.25723e-07
 2.96095e-07
 2.69846e-07
 2.46574e-07
 2.25914e-07
 2.07536e-07
 1.91151e-07
 1.76508e-07
 1.63386e-07
 1.51597e-07
 1.40978e-07
 1.31386e-07
 1.22701e-07
 1.14817e-07
 4.85612e-07
 4.51230e-07
 4.16382e-07
 3.82669e-07
 3.50958e-07
 3.21649e-07
 2.94861e-07
 2.70548e-07
 2.48572e-07
 2.28755e-07
 2.10901e-07
 1.94815e-07
 1.80314e-07
 1.67226e-07
 1.55396e-07
 1.44686e-07
 1.34972e-07
 1.26144e-07
 1.18107e-07
 1.10774e-07
 3.98889e-07
 3.78528e-07
 3.55768e-07
 3.32236e-07
 3.08982e-07
 2.86646e-07
 2.65586e-07
 2.45972e-07
 2.27857e-07
 2.11216e-07
 1.95985e-07
 1.82072e-07
 1.69378e-07
 1.57799e-07
 1.47235e-07
 1.37591e-07
 1.28778e-07
 1.20717e-07
 1.13332e-07
 1.06559e-07
