scalar
part
         1
quad4
 3.36901e-07
 3.26368e-07
 3.11996e-07
 2.95518e-07
 2.78145e-07
 2.60687e-07
 2.43663e-07
 2.27392e-07
 2.12047e-07
 1.97710e-07
 1.84399e-07
 1.72093e-07
 1.60749e-07
 1.50309e-07
 1.40710e-07
 1.31887e-07
 1.23776e-07
 1.16315e-07
 1.09448e-07
 1.03122e-07
 4.18445e-07
 3.96039e-07
 3.71059e-07
 3.45387e-07
 3.20192e-07
 2.96153e-07
 2.73632e-07
 2.52781e-07
 2.33627e-07
 2.16119e-07
 2.00164e-07
 1.85649e-07
 1.72453e-07
 1.60455e-07
 1.49540e-07
 1.39602e-07
 1.30542e-07
 1.22272e-07
 1.14711e-07
 1.07787e-07
 5.19340e-07
 4.79393e-07
 4.39700e-07
 4.01906e-07
 3.66820e-07
 3.34750e-07
 3.05715e-07
 2.79577e-07
 2.56121e-07
 2.35100e-07
 2.16264e-07
 1.99377e-07
 1.84217e-07
 1.70586e-07
 1.58306e-07
 1.47222e-07
 1.37195e-07
 1.28105e-07
 1.19845e-07
 1.12324e-07
 6.42431e-07
 5.77464e-07
 5.18024e-07
 4.64744e-07
 4.17527e-07
 3.75936e-07
 3.39399e-07
 3.07319e-07
 2.79129e-07
 2.54312e-07
 2.32414e-07
 2.13038e-07
 1.95844e-07
 1.80539e-07
 1.66873e-07
 1.54634e-07
 1.43640e-07
 1.33735e-07
 1.24786e-07
 1.16677e-07
 7.89315e-07
 6.90112e-07
 6.05196e-07
 5.32864e-07
 4.71298e-07
 4.18808e-07
 3.73916e-07
 3.35371e-07
 3.02132e-07
 2.73336e-07
 2.48272e-07
 2.26357e-07
 2.07109e-07
 1.90131e-07
 1.75091e-07
 1.61716e-07
 1.49776e-07
 1.39079e-07
 1.29462e-07
 1.20789e-07
 9.58967e-07
 8.15244e-07
 6.99017e-07
 6.04313e-07
 5.26511e-07
 4.62062e-07
 4.08236e-07
 3.62926e-07
 3.24497e-07
 2.91673e-07
 2.63447e-07
 2.39024e-07
 2.17768e-07
 1.99166e-07
 1.82802e-07
 1.68340e-07
 1.55500e-07
 1.44052e-07
 1.33806e-07
 1.24600e-07
 1.14602e-06
 9.48001e-07
 7.95571e-07
 6.76078e-07
 5.80898e-07
 5.04003e-07
 4.41089e-07
 3.89028e-07
 3.45502e-07
 3.08773e-07
 2.77517e-07
 2.50713e-07
 2.27564e-07
 2.07442e-07
 1.89847e-07
 1.74378e-07
 1.60707e-07
 1.48570e-07
 1.37747e-07
 1.28056e-07
 1.33911e-06
 1.08018e-06
 8.89089e-07
 7.44124e-07
 6.31621e-07
 5.42617e-07
 4.71033e-07
 4.12629e-07
 3.64376e-07
 3.24063e-07
 2.90049e-07
 2.61092e-07
 2.36242e-07
 2.14762e-07
 1.96070e-07
 1.79706e-07
 1.65301e-07
 1.52554e-07
 1.41222e-07
 1.31104e-07
 1.52014e-06
 1.20034e-06
 9.72244e-07
 8.03672e-07
 6.75499e-07
 5.75742e-07
 4.96566e-07
 4.32670e-07
 3.80357e-07
 3.36986e-07
 3.00629e-07
 2.69852e-07
 2.43567e-07
 2.20943e-07
 2.01329e-07
 1.84214e-07
 1.69191e-07
 1.55933e-07
 1.44174e-07
 1.33696e-07
 1.66551e-06
 1.29504e-06
 1.03706e-06
 8.49802e-07
 7.09392e-07
 6.01311e-07
 5.16292e-07
 4.48182e-07
 3.92759e-07
 3.47047e-07
 3.08895e-07
 2.76721e-07
 2.49334e-07
 2.25828e-07
 2.05501e-07
 1.87804e-07
 1.72302e-07
 1.58645e-07
 1.46552e-07
 1.35792e-07
 1.75121e-06
 1.35168e-06
 1.07645e-06
 8.78308e-07
 7.30687e-07
 6.17641e-07
 5.29089e-07
 4.58397e-07
 4.01044e-07
 3.53858e-07
 3.14564e-07
 2.81488e-07
 2.53382e-07
 2.29294e-07
 2.08492e-07
 1.90403e-07
 1.74575e-07
 1.60644e-07
 1.48319e-07
 1.37362e-07
 1.76144e-06
 1.36223e-06
 1.08601e-06
 8.86604e-07
 7.37790e-07
 6.23702e-07
 5.34271e-07
 4.62843e-07
 4.04877e-07
 3.57180e-07
 3.17457e-07
 2.84022e-07
 2.55611e-07
 2.31264e-07
 2.10241e-07
 1.91963e-07
 1.75970e-07
 1.61898e-07
 1.49449e-07
 1.38384e-07
 1.69607e-06
 1.32626e-06
 1.06530e-06
 8.74352e-07
 7.30440e-07
 6.19297e-07
 5.31685e-07
 4.61402e-07
 4.04167e-07
 3.56940e-07
 3.17518e-07
 2.84275e-07
 2.55983e-07
 2.31707e-07
 2.10723e-07
 1.92462e-07
 1.76472e-07
 1.62392e-07
 1.49931e-07
 1.38849e-07
 1.57075e-06
 1.25103e-06
 1.01802e-06
 8.43526e-07
 7.09749e-07
 6.05079e-07
 5.21727e-07
 4.54321e-07
 3.99070e-07
 3.53238e-07
 3.14813e-07
 2.82290e-07
 2.54527e-07
 2.30643e-07
 2.09951e-07
 1.91908e-07
 1.76084e-07
 1.62131e-07
 1.49765e-07
 1.38757e-07
 1.40950e-06
 1.14875e-06
 9.50735e-07
 7.97874e-07
 6.77945e-07
 5.82420e-07
 5.05269e-07
 4.42168e-07
 3.89967e-07
 3.46335e-07
 3.09522e-07
 2.78197e-07
 2.51335e-07
 2.28137e-07
 2.07972e-07
 1.90339e-07
 1.74835e-07
 1.61134e-07
 1.48968e-07
 1.38119e-07
 1.23565e-06
 1.03263e-06
 8.71159e-07
 7.42028e-07
 6.37906e-07
 5.53159e-07
 4.83519e-07
 4.25756e-07
 3.77415e-07
 3.36619e-07
 3.01921e-07
 2.72193e-07
 2.46552e-07
 2.24297e-07
 2.04868e-07
 1.87815e-07
 1.72771e-07
 1.59437e-07
 1.47568e-07
 1.36959e-07
 1.06644e-06
 9.13844e-07
 7.86442e-07
 6.80608e-07
 5.92656e-07
 5.19314e-07
 4.57847e-07
 4.06030e-07
 3.62078e-07
 3.24565e-07
 2.92354e-07
 2.64532e-07
 2.40367e-07
 2.19265e-07
 2.00747e-07
 1.84418e-07
 1.69955e-07
 1.57091e-07
 1.45603e-07
 1.35306e-07
 9.11952e-07
 8.00201e-07
 7.02222e-07
 6.17576e-07
 5.44966e-07
 4.82828e-07
 4.29625e-07
 3.83971e-07
 3.44665e-07
 3.10692e-07
 2.81205e-07
 2.55499e-07
 2.32994e-07
 2.13206e-07
 1.95734e-07
 1.80246e-07
 1.66464e-07
 1.54155e-07
 1.43122e-07
 1.33200e-07
 7.76494e-07
 6.96217e-07
 6.22330e-07
 5.55932e-07
 4.97101e-07
 4.45386e-07
 4.00105e-07
 3.60509e-07
 3.25869e-07
 2.95518e-07
 2.68865e-07
 2.45394e-07
 2.24664e-07
 2.06296e-07
 1.89969e-07
 1.75410e-07
 1.62386e-07
 1.50699e-07
 1.40180e-07
 1.30685e-07
 6.60668e-07
 6.03856e-07
 5.48979e-07
 4.97687e-07
 4.50739e-07
 4.08331e-07
 3.70337e-07
 3.36457e-07
 3.06320e-07
 2.79532e-07
 2.55714e-07
 2.34512e-07
 2.15607e-07
 1.98718e-07
 1.83595e-07
 1.70022e-07
 1.57810e-07
 1.46796e-07
 1.36837e-07
 1.27810e-07
