scalar
part
         1
quad4
 5.55866e-07
 5.13398e-07
 4.71218e-07
 4.30938e-07
 3.93414e-07
 3.59007e-07
 3.27776e-07
 2.99604e-07
 2.74284e-07
 2.51569e-07
 2.31202e-07
 2.12935e-07
 1.96535e-07
 1.81791e-07
 1.68512e-07
 1.56532e-07
 1.45700e-07
 1.35887e-07
 1.26976e-07
 1.18869e-07
 6.59340e-07
 5.97289e-07
 5.38962e-07
 4.85627e-07
 4.37656e-07
 3.94931e-07
 3.57081e-07
 3.23636e-07
 2.94101e-07
 2.68004e-07
 2.44908e-07
 2.24429e-07
 2.06226e-07
 1.90005e-07
 1.75509e-07
 1.62520e-07
 1.50849e-07
 1.40333e-07
 1.30833e-07
 1.22227e-07
 7.81856e-07
 6.93116e-07
 6.13982e-07
 5.44593e-07
 4.84276e-07
 4.32043e-07
 3.86843e-07
 3.47682e-07
 3.13674e-07
 2.84051e-07
 2.58157e-07
 2.35441e-07
 2.15437e-07
 1.97755e-07
 1.82068e-07
 1.68101e-07
 1.55622e-07
 1.44435e-07
 1.34374e-07
 1.25298e-07
 9.23821e-07
 7.99845e-07
 6.94806e-07
 6.06374e-07
 5.31986e-07
 4.69272e-07
 4.16192e-07
 3.71049e-07
 3.32453e-07
 2.99276e-07
 2.70605e-07
 2.45697e-07
 2.23949e-07
 2.04869e-07
 1.88051e-07
 1.73163e-07
 1.59930e-07
 1.48119e-07
 1.37541e-07
 1.28033e-07
 1.08278e-06
 9.14381e-07
 7.78596e-07
 6.68633e-07
 5.78948e-07
 5.05204e-07
 4.44052e-07
 3.92916e-07
 3.49811e-07
 3.13200e-07
 2.81882e-07
 2.54911e-07
 2.31540e-07
 2.11170e-07
 1.93318e-07
 1.77595e-07
 1.63681e-07
 1.51313e-07
 1.40274e-07
 1.30383e-07
 1.25166e-06
 1.03085e-06
 8.60901e-07
 7.28111e-07
 6.22807e-07
 5.38135e-07
 4.69182e-07
 4.12375e-07
 3.65079e-07
 3.25322e-07
 2.91610e-07
 2.62796e-07
 2.37989e-07
 2.16487e-07
 1.97736e-07
 1.81291e-07
 1.66793e-07
 1.53950e-07
 1.42520e-07
 1.32306e-07
 1.41733e-06
 1.14030e-06
 9.35735e-07
 7.80793e-07
 6.60836e-07
 5.66189e-07
 4.90272e-07
 4.28496e-07
 3.77585e-07
 3.35152e-07
 2.99429e-07
 2.69081e-07
 2.43089e-07
 2.20663e-07
 2.01183e-07
 1.84157e-07
 1.69192e-07
 1.55970e-07
 1.44231e-07
 1.33763e-07
 1.56081e-06
 1.23143e-06
 9.96190e-07
 8.22340e-07
 6.90236e-07
 5.87512e-07
 5.06068e-07
 4.40413e-07
 3.86719e-07
 3.42253e-07
 3.05019e-07
 2.73531e-07
 2.46667e-07
 2.23566e-07
 2.03557e-07
 1.86114e-07
 1.70816e-07
 1.57326e-07
 1.45370e-07
 1.34724e-07
 1.66060e-06
 1.29258e-06
 1.03560e-06
 8.48768e-07
 7.08533e-07
 6.00519e-07
 5.15522e-07
 4.47415e-07
 3.91992e-07
 3.46280e-07
 3.08132e-07
 2.75964e-07
 2.48587e-07
 2.25094e-07
 2.04783e-07
 1.87103e-07
 1.71619e-07
 1.57981e-07
 1.45907e-07
 1.35166e-07
 1.69893e-06
 1.31471e-06
 1.04904e-06
 8.57228e-07
 7.14007e-07
 6.04131e-07
 5.17936e-07
 4.49041e-07
 3.93086e-07
 3.47012e-07
 3.08613e-07
 2.76269e-07
 2.48769e-07
 2.25188e-07
 2.04814e-07
 1.87091e-07
 1.71575e-07
 1.57916e-07
 1.45827e-07
 1.35077e-07
 1.66819e-06
 1.29410e-06
 1.03453e-06
 8.46624e-07
 7.06015e-07
 5.97957e-07
 5.13066e-07
 4.45131e-07
 3.89900e-07
 3.44380e-07
 3.06414e-07
 2.74413e-07
 2.47188e-07
 2.23830e-07
 2.03640e-07
 1.86068e-07
 1.70679e-07
 1.57126e-07
 1.45128e-07
 1.34455e-07
 1.57374e-06
 1.23351e-06
 9.93619e-07
 8.17862e-07
 6.85124e-07
 5.82365e-07
 5.01160e-07
 4.35858e-07
 3.82554e-07
 3.38474e-07
 3.01602e-07
 2.70446e-07
 2.43883e-07
 2.21051e-07
 2.01283e-07
 1.84053e-07
 1.68945e-07
 1.55623e-07
 1.43818e-07
 1.33307e-07
 1.43135e-06
 1.14114e-06
 9.30874e-07
 7.73643e-07
 6.53000e-07
 5.58425e-07
 4.82925e-07
 4.21705e-07
 3.71386e-07
 3.29532e-07
 2.94350e-07
 2.64497e-07
 2.38952e-07
 2.16925e-07
 1.97800e-07
 1.81091e-07
 1.66407e-07
 1.53436e-07
 1.41920e-07
 1.31651e-07
 1.26171e-06
 1.02824e-06
 8.52783e-07
 7.17881e-07
 6.12100e-07
 5.27729e-07
 4.59426e-07
 4.03400e-07
 3.56907e-07
 3.17922e-07
 2.84926e-07
 2.56763e-07
 2.32541e-07
 2.11563e-07
 1.93279e-07
 1.77249e-07
 1.63121e-07
 1.50606e-07
 1.39469e-07
 1.29516e-07
 1.08463e-06
 9.06379e-07
 7.66352e-07
 6.54968e-07
 5.65263e-07
 4.92166e-07
 4.31948e-07
 3.81839e-07
 3.39752e-07
 3.04102e-07
 2.73667e-07
 2.47496e-07
 2.24842e-07
 2.05112e-07
 1.87831e-07
 1.72616e-07
 1.59154e-07
 1.47188e-07
 1.36508e-07
 1.26938e-07
 9.15264e-07
 7.85292e-07
 6.77909e-07
 5.89087e-07
 5.15308e-07
 4.53669e-07
 4.01844e-07
 3.57981e-07
 3.20615e-07
 2.88580e-07
 2.60949e-07
 2.36979e-07
 2.16071e-07
 1.97739e-07
 1.81588e-07
 1.67294e-07
 1.54588e-07
 1.43249e-07
 1.33091e-07
 1.23958e-07
 7.62791e-07
 6.71830e-07
 5.92369e-07
 5.23733e-07
 4.64718e-07
 4.14019e-07
 3.70400e-07
 3.32770e-07
 3.00192e-07
 2.71878e-07
 2.47169e-07
 2.25515e-07
 2.06460e-07
 1.89624e-07
 1.74691e-07
 1.61395e-07
 1.49514e-07
 1.38860e-07
 1.29276e-07
 1.20625e-07
 6.31125e-07
 5.69894e-07
 5.13007e-07
 4.61476e-07
 4.15464e-07
 3.74705e-07
 3.38743e-07
 3.07057e-07
 2.79133e-07
 2.54493e-07
 2.32708e-07
 2.13401e-07
 1.96243e-07
 1.80952e-07
 1.67286e-07
 1.55036e-07
 1.44025e-07
 1.34098e-07
 1.25124e-07
 1.16991e-07
 5.20548e-07
 4.81010e-07
 4.41599e-07
 4.03964e-07
 3.68943e-07
 3.36868e-07
 3.07782e-07
 2.81563e-07
 2.58006e-07
 2.36873e-07
 2.17922e-07
 2.00917e-07
 1.85643e-07
 1.71902e-07
 1.59518e-07
 1.48336e-07
 1.38217e-07
 1.29041e-07
 1.20702e-07
 1.13107e-07
 4.29305e-07
 4.05087e-07
 3.78764e-07
 3.52051e-07
 3.26020e-07
 3.01294e-07
 2.78196e-07
 2.56854e-07
 2.37276e-07
 2.19398e-07
 2.03119e-07
 1.88317e-07
 1.74866e-07
 1.62641e-07
 1.51524e-07
 1.41404e-07
 1.32182e-07
 1.23765e-07
 1.16071e-07
 1.09028e-07
