scalar
part
         1
quad4
 3.59521e-07
 3.44192e-07
 3.25865e-07
 3.06179e-07
 2.86231e-07
 2.66722e-07
 2.48076e-07
 2.30524e-07
 2.14172e-07
 1.99044e-07
 1.85113e-07
 1.72323e-07
 1.60602e-07
 1.49869e-07
 1.40044e-07
 1.31048e-07
 1.22806e-07
 1.15249e-07
 1.08311e-07
 1.01935e-07
 4.41096e-07
 4.13157e-07
 3.83789e-07
 3.54688e-07
 3.26839e-07
 3.00759e-07
 2.76676e-07
 2.54632e-07
 2.34570e-07
 2.16374e-07
 1.99898e-07
 1.84992e-07
 1.71504e-07
 1.59292e-07
 1.48222e-07
 1.38174e-07
 1.29041e-07
 1.20724e-07
 1.13137e-07
 1.06204e-07
 5.40992e-07
 4.94823e-07
 4.50428e-07
 4.09124e-07
 3.71439e-07
 3.37453e-07
 3.07013e-07
 2.79849e-07
 2.55647e-07
 2.34088e-07
 2.14870e-07
 1.97715e-07
 1.82374e-07
 1.68625e-07
 1.56276e-07
 1.45157e-07
 1.35122e-07
 1.26043e-07
 1.17809e-07
 1.10323e-07
 6.61444e-07
 5.89796e-07
 5.25603e-07
 4.68974e-07
 4.19415e-07
 3.76197e-07
 3.38538e-07
 3.05695e-07
 2.76994e-07
 2.51848e-07
 2.29747e-07
 2.10260e-07
 1.93018e-07
 1.77711e-07
 1.64076e-07
 1.51889e-07
 1.40961e-07
 1.31132e-07
 1.22264e-07
 1.14240e-07
 8.03214e-07
 6.97413e-07
 6.08169e-07
 5.33028e-07
 4.69663e-07
 4.16043e-07
 3.70466e-07
 3.31533e-07
 2.98100e-07
 2.69239e-07
 2.44197e-07
 2.22359e-07
 2.03222e-07
 1.86376e-07
 1.71479e-07
 1.58253e-07
 1.46462e-07
 1.35912e-07
 1.26438e-07
 1.17901e-07
 9.64238e-07
 8.15028e-07
 6.95653e-07
 5.99209e-07
 5.20516e-07
 4.55686e-07
 4.01783e-07
 3.56576e-07
 3.18353e-07
 2.85789e-07
 2.57850e-07
 2.33721e-07
 2.12756e-07
 1.94435e-07
 1.78340e-07
 1.64131e-07
 1.51529e-07
 1.40304e-07
 1.30265e-07
 1.21253e-07
 1.13810e-06
 9.37356e-07
 7.84003e-07
 6.64496e-07
 5.69747e-07
 4.93483e-07
 4.31273e-07
 3.79919e-07
 3.37073e-07
 3.00981e-07
 2.70311e-07
 2.44043e-07
 2.21382e-07
 2.01704e-07
 1.84511e-07
 1.69407e-07
 1.56069e-07
 1.44233e-07
 1.33685e-07
 1.24245e-07
 1.31287e-06
 1.05617e-06
 8.67591e-07
 7.25024e-07
 6.14672e-07
 5.27549e-07
 4.57593e-07
 4.00594e-07
 3.53553e-07
 3.14289e-07
 2.81186e-07
 2.53024e-07
 2.28871e-07
 2.08003e-07
 1.89853e-07
 1.73970e-07
 1.59992e-07
 1.47628e-07
 1.36640e-07
 1.26830e-07
 1.47110e-06
 1.16070e-06
 9.39629e-07
 7.76410e-07
 6.52397e-07
 5.55928e-07
 4.79394e-07
 4.17648e-07
 3.67109e-07
 3.25218e-07
 2.90108e-07
 2.60390e-07
 2.35013e-07
 2.13172e-07
 1.94239e-07
 1.77720e-07
 1.63221e-07
 1.50426e-07
 1.39078e-07
 1.28967e-07
 1.59180e-06
 1.23908e-06
 9.93100e-07
 8.14340e-07
 6.80173e-07
 5.76816e-07
 4.95458e-07
 4.30243e-07
 3.77149e-07
 3.33340e-07
 2.96763e-07
 2.65906e-07
 2.39633e-07
 2.17076e-07
 1.97566e-07
 1.80577e-07
 1.65692e-07
 1.52576e-07
 1.40960e-07
 1.30623e-07
 1.65511e-06
 1.28087e-06
 1.02213e-06
 8.35327e-07
 6.95838e-07
 5.88819e-07
 5.04858e-07
 4.37742e-07
 3.83229e-07
 3.38336e-07
 3.00919e-07
 2.69400e-07
 2.42599e-07
 2.19615e-07
 1.99757e-07
 1.82480e-07
 1.67355e-07
 1.54038e-07
 1.42252e-07
 1.31771e-07
 1.64930e-06
 1.28011e-06
 1.02345e-06
 8.37458e-07
 6.98213e-07
 5.91178e-07
 5.07089e-07
 4.39799e-07
 3.85101e-07
 3.40029e-07
 3.02445e-07
 2.70775e-07
 2.43837e-07
 2.20732e-07
 2.00765e-07
 1.83393e-07
 1.68183e-07
 1.54791e-07
 1.42938e-07
 1.32397e-07
 1.57631e-06
 1.23758e-06
 9.97374e-07
 8.20856e-07
 6.87336e-07
 5.83897e-07
 5.02136e-07
 4.36394e-07
 3.82746e-07
 3.38399e-07
 3.01323e-07
 2.70013e-07
 2.43333e-07
 2.20414e-07
 2.00582e-07
 1.83307e-07
 1.68167e-07
 1.54827e-07
 1.43010e-07
 1.32495e-07
 1.45128e-06
 1.16059e-06
 9.47740e-07
 7.87661e-07
 6.64459e-07
 5.67734e-07
 4.90477e-07
 4.27834e-07
 3.76367e-07
 3.33584e-07
 2.97648e-07
 2.67181e-07
 2.41133e-07
 2.18694e-07
 1.99229e-07
 1.82239e-07
 1.67322e-07
 1.54155e-07
 1.42477e-07
 1.32071e-07
 1.29607e-06
 1.06050e-06
 8.80808e-07
 7.41500e-07
 6.31776e-07
 5.44068e-07
 4.73003e-07
 4.14713e-07
 3.66366e-07
 3.25861e-07
 2.91615e-07
 2.62420e-07
 2.37341e-07
 2.15648e-07
 1.96766e-07
 1.80232e-07
 1.65678e-07
 1.52801e-07
 1.41356e-07
 1.31140e-07
 1.13156e-06
 9.49279e-07
 8.03650e-07
 6.86691e-07
 5.92007e-07
 5.14658e-07
 4.50883e-07
 3.97823e-07
 3.53295e-07
 3.15622e-07
 2.83506e-07
 2.55934e-07
 2.32107e-07
 2.11390e-07
 1.93275e-07
 1.77352e-07
 1.63286e-07
 1.50804e-07
 1.39680e-07
 1.29727e-07
 9.73000e-07
 8.36907e-07
 7.22730e-07
 6.27453e-07
 5.47944e-07
 4.81387e-07
 4.25409e-07
 3.78067e-07
 3.37792e-07
 3.03325e-07
 2.73656e-07
 2.47972e-07
 2.25617e-07
 2.06060e-07
 1.88867e-07
 1.73682e-07
 1.60213e-07
 1.48216e-07
 1.37489e-07
 1.27863e-07
 8.29157e-07
 7.30272e-07
 6.43070e-07
 5.67353e-07
 5.02106e-07
 4.46038e-07
 3.97852e-07
 3.56360e-07
 3.20525e-07
 2.89463e-07
 2.62431e-07
 2.38809e-07
 2.18081e-07
 1.99819e-07
 1.83664e-07
 1.69319e-07
 1.56533e-07
 1.45096e-07
 1.34831e-07
 1.25587e-07
 7.03629e-07
 6.33270e-07
 5.68033e-07
 5.09054e-07
 4.56524e-07
 4.10136e-07
 3.69353e-07
 3.33557e-07
 3.02136e-07
 2.74520e-07
 2.50200e-07
 2.28728e-07
 2.09718e-07
 1.92837e-07
 1.77802e-07
 1.64369e-07
 1.52332e-07
 1.41513e-07
 1.31760e-07
 1.22945e-07
 5.96706e-07
 5.47504e-07
 4.99508e-07
 4.54309e-07
 4.12682e-07
 3.74882e-07
 3.40860e-07
 3.10399e-07
 2.83202e-07
 2.58948e-07
 2.37316e-07
 2.18006e-07
 2.00745e-07
 1.85287e-07
 1.71416e-07
 1.58941e-07
 1.47697e-07
 1.37537e-07
 1.28335e-07
 1.19983e-07
