scalar
part
         1
quad4
 6.22152e-07
 5.69949e-07
 5.19226e-07
 4.71606e-07
 4.27864e-07
 3.88234e-07
 3.52635e-07
 3.20819e-07
 2.92457e-07
 2.67199e-07
 2.44701e-07
 2.24642e-07
 2.06731e-07
 1.90706e-07
 1.76340e-07
 1.63430e-07
 1.51801e-07
 1.41302e-07
 1.31799e-07
 1.23178e-07
 7.33089e-07
 6.58709e-07
 5.89964e-07
 5.27978e-07
 4.72900e-07
 4.24364e-07
 3.81770e-07
 3.44447e-07
 3.11735e-07
 2.83023e-07
 2.57769e-07
 2.35497e-07
 2.15798e-07
 1.98322e-07
 1.82770e-07
 1.68885e-07
 1.56452e-07
 1.45285e-07
 1.35225e-07
 1.26136e-07
 8.63195e-07
 7.58957e-07
 6.67287e-07
 5.87885e-07
 5.19611e-07
 4.61059e-07
 4.10826e-07
 3.67640e-07
 3.30396e-07
 2.98153e-07
 2.70126e-07
 2.45661e-07
 2.24214e-07
 2.05334e-07
 1.88646e-07
 1.73837e-07
 1.60647e-07
 1.48856e-07
 1.38279e-07
 1.28759e-07
 1.01207e-06
 8.68942e-07
 7.49173e-07
 6.49465e-07
 5.66433e-07
 4.97060e-07
 4.38813e-07
 3.89626e-07
 3.47840e-07
 3.12123e-07
 2.81411e-07
 2.54851e-07
 2.31754e-07
 2.11564e-07
 1.93828e-07
 1.78173e-07
 1.64296e-07
 1.51943e-07
 1.40903e-07
 1.31000e-07
 1.17580e-06
 9.84501e-07
 8.32057e-07
 7.09911e-07
 6.11234e-07
 5.30773e-07
 4.64543e-07
 4.09520e-07
 3.63404e-07
 3.24432e-07
 2.91244e-07
 2.62777e-07
 2.38196e-07
 2.16841e-07
 1.98180e-07
 1.81786e-07
 1.67313e-07
 1.54476e-07
 1.43041e-07
 1.32814e-07
 1.34504e-06
 1.09833e-06
 9.10645e-07
 7.65484e-07
 6.51387e-07
 5.60348e-07
 4.86701e-07
 4.26376e-07
 3.76402e-07
 3.34578e-07
 2.99250e-07
 2.69158e-07
 2.43327e-07
 2.21000e-07
 2.01576e-07
 1.84578e-07
 1.69622e-07
 1.56396e-07
 1.44646e-07
 1.34162e-07
 1.50360e-06
 1.19992e-06
 9.78170e-07
 8.11792e-07
 6.84000e-07
 5.83843e-07
 5.03962e-07
 4.39274e-07
 3.86183e-07
 3.42093e-07
 3.05090e-07
 2.73742e-07
 2.46959e-07
 2.23900e-07
 2.03908e-07
 1.86465e-07
 1.71157e-07
 1.57652e-07
 1.45677e-07
 1.35011e-07
 1.62949e-06
 1.27675e-06
 1.02729e-06
 8.44382e-07
 7.06284e-07
 5.99463e-07
 5.15138e-07
 4.47410e-07
 3.92193e-07
 3.46586e-07
 3.08485e-07
 2.76328e-07
 2.48942e-07
 2.25429e-07
 2.05091e-07
 1.87383e-07
 1.71870e-07
 1.58204e-07
 1.46103e-07
 1.35338e-07
 1.69996e-06
 1.31712e-06
 1.05161e-06
 8.59576e-07
 7.16030e-07
 6.05830e-07
 5.19344e-07
 4.50199e-07
 3.94035e-07
 3.47785e-07
 3.09241e-07
 2.76777e-07
 2.49177e-07
 2.25514e-07
 2.05072e-07
 1.87291e-07
 1.71728e-07
 1.58029e-07
 1.45907e-07
 1.35129e-07
 1.69976e-06
 1.31377e-06
 1.04738e-06
 8.55307e-07
 7.12042e-07
 6.02224e-07
 5.16131e-07
 4.47354e-07
 3.91521e-07
 3.45564e-07
 3.07274e-07
 2.75031e-07
 2.47623e-07
 2.24126e-07
 2.03829e-07
 1.86174e-07
 1.70722e-07
 1.57119e-07
 1.45083e-07
 1.34380e-07
 1.62798e-06
 1.26649e-06
 1.01459e-06
 8.31639e-07
 6.94398e-07
 5.88720e-07
 5.05565e-07
 4.38932e-07
 3.84700e-07
 3.39961e-07
 3.02616e-07
 2.71118e-07
 2.44303e-07
 2.21285e-07
 2.01379e-07
 1.84047e-07
 1.68863e-07
 1.55485e-07
 1.43638e-07
 1.33097e-07
 1.49802e-06
 1.18207e-06
 9.56969e-07
 7.90748e-07
 6.64439e-07
 5.66179e-07
 4.88221e-07
 4.25327e-07
 3.73847e-07
 3.31178e-07
 2.95415e-07
 2.65146e-07
 2.39299e-07
 2.17055e-07
 1.97772e-07
 1.80948e-07
 1.66182e-07
 1.53152e-07
 1.41595e-07
 1.31299e-07
 1.33130e-06
 1.07175e-06
 8.80849e-07
 7.36390e-07
 6.24493e-07
 5.36101e-07
 4.65095e-07
 4.07220e-07
 3.59443e-07
 3.19557e-07
 2.85921e-07
 2.57303e-07
 2.32754e-07
 2.11542e-07
 1.93091e-07
 1.76943e-07
 1.62732e-07
 1.50161e-07
 1.38987e-07
 1.29011e-07
 1.14964e-06
 9.47952e-07
 7.93584e-07
 6.73098e-07
 5.77452e-07
 5.00387e-07
 4.37472e-07
 3.85500e-07
 3.42114e-07
 3.05549e-07
 2.74466e-07
 2.47834e-07
 2.24853e-07
 2.04891e-07
 1.87448e-07
 1.72119e-07
 1.58581e-07
 1.46566e-07
 1.35857e-07
 1.26271e-07
 9.70649e-07
 8.21642e-07
 7.02139e-07
 6.05390e-07
 5.26311e-07
 4.61067e-07
 4.06754e-07
 3.61157e-07
 3.22571e-07
 2.89675e-07
 2.61433e-07
 2.37029e-07
 2.15816e-07
 1.97270e-07
 1.80972e-07
 1.66580e-07
 1.53811e-07
 1.42435e-07
 1.32259e-07
 1.23121e-07
 8.06019e-07
 7.01018e-07
 6.12181e-07
 5.37188e-07
 4.73805e-07
 4.20069e-07
 3.74321e-07
 3.35188e-07
 3.01545e-07
 2.72475e-07
 2.47230e-07
 2.25199e-07
 2.05880e-07
 1.88864e-07
 1.73811e-07
 1.60439e-07
 1.48514e-07
 1.37840e-07
 1.28252e-07
 1.19611e-07
 6.61810e-07
 5.91217e-07
 5.27715e-07
 4.71508e-07
 4.22178e-07
 3.79057e-07
 3.41408e-07
 3.08516e-07
 2.79732e-07
 2.54480e-07
 2.32263e-07
 2.12654e-07
 1.95291e-07
 1.79866e-07
 1.66116e-07
 1.53819e-07
 1.42788e-07
 1.32861e-07
 1.23902e-07
 1.15792e-07
 5.39761e-07
 4.94706e-07
 4.51123e-07
 4.10387e-07
 3.73082e-07
 3.39338e-07
 3.09036e-07
 2.81937e-07
 2.57750e-07
 2.36171e-07
 2.16909e-07
 1.99695e-07
 1.84285e-07
 1.70462e-07
 1.58037e-07
 1.46842e-07
 1.36731e-07
 1.27579e-07
 1.19274e-07
 1.11720e-07
 4.38854e-07
 4.11988e-07
 3.83455e-07
 3.54983e-07
 3.27595e-07
 3.01844e-07
 2.77985e-07
 2.56090e-07
 2.36117e-07
 2.17966e-07
 2.01505e-07
 1.86591e-07
 1.73079e-07
 1.60831e-07
 1.49719e-07
 1.39624e-07
 1.30441e-07
 1.22073e-07
 1.14435e-07
 1.07451e-07
 3.56668e-07
 3.42325e-07
 3.24801e-07
 3.05752e-07
 2.86298e-07
 2.67165e-07
 2.48797e-07
 2.31447e-07
 2.15237e-07
 2.00205e-07
 1.86334e-07
 1.73578e-07
 1.61869e-07
 1.51134e-07
 1.41296e-07
 1.32278e-07
 1.24009e-07
 1.16420e-07
 1.09449e-07
 1.03037e-07
