scalar
part
         1
quad4
 6.41296e-07
 5.87294e-07
 5.34886e-07
 4.85718e-07
 4.40571e-07
 3.99678e-07
 3.62951e-07
 3.30132e-07
 3.00881e-07
 2.74835e-07
 2.51640e-07
 2.30963e-07
 2.12502e-07
 1.95990e-07
 1.81189e-07
 1.67891e-07
 1.55915e-07
 1.45105e-07
 1.35323e-07
 1.26450e-07
 7.54809e-07
 6.78116e-07
 6.07261e-07
 5.43382e-07
 4.86622e-07
 4.36603e-07
 3.92708e-07
 3.54247e-07
 3.20540e-07
 2.90957e-07
 2.64940e-07
 2.41999e-07
 2.21711e-07
 2.03716e-07
 1.87704e-07
 1.73413e-07
 1.60617e-07
 1.49126e-07
 1.38776e-07
 1.29428e-07
 8.87866e-07
 7.80654e-07
 6.86349e-07
 6.04639e-07
 5.34364e-07
 4.74084e-07
 4.22363e-07
 3.77897e-07
 3.39548e-07
 3.06351e-07
 2.77498e-07
 2.52315e-07
 2.30241e-07
 2.10813e-07
 1.93643e-07
 1.78410e-07
 1.64844e-07
 1.52719e-07
 1.41844e-07
 1.32059e-07
 1.04009e-06
 8.93146e-07
 7.70094e-07
 6.67593e-07
 5.82199e-07
 5.10832e-07
 4.50900e-07
 4.00288e-07
 3.57289e-07
 3.20539e-07
 2.88942e-07
 2.61619e-07
 2.37863e-07
 2.17100e-07
 1.98863e-07
 1.82770e-07
 1.68506e-07
 1.55811e-07
 1.44467e-07
 1.34294e-07
 1.20757e-06
 1.01138e-06
 8.54874e-07
 7.29379e-07
 6.27946e-07
 5.45213e-07
 4.77101e-07
 4.20511e-07
 3.73084e-07
 3.33007e-07
 2.98881e-07
 2.69615e-07
 2.44348e-07
 2.22399e-07
 2.03224e-07
 1.86381e-07
 1.71514e-07
 1.58331e-07
 1.46588e-07
 1.36088e-07
 1.38091e-06
 1.12796e-06
 9.35294e-07
 7.86174e-07
 6.68913e-07
 5.75329e-07
 4.99615e-07
 4.37598e-07
 3.86227e-07
 3.43239e-07
 3.06933e-07
 2.76013e-07
 2.49477e-07
 2.26544e-07
 2.06597e-07
 1.89145e-07
 1.73791e-07
 1.60217e-07
 1.48159e-07
 1.37401e-07
 1.54373e-06
 1.23216e-06
 1.00443e-06
 8.33470e-07
 7.02127e-07
 5.99181e-07
 5.17079e-07
 4.50600e-07
 3.96049e-07
 3.50754e-07
 3.12749e-07
 2.80557e-07
 2.53059e-07
 2.29389e-07
 2.08872e-07
 1.90974e-07
 1.75270e-07
 1.61418e-07
 1.49137e-07
 1.38200e-07
 1.67359e-06
 1.31114e-06
 1.05471e-06
 8.66672e-07
 7.24709e-07
 6.14918e-07
 5.28269e-07
 4.58690e-07
 4.01980e-07
 3.55153e-07
 3.16041e-07
 2.83040e-07
 2.54941e-07
 2.30821e-07
 2.09963e-07
 1.91805e-07
 1.75902e-07
 1.61894e-07
 1.49493e-07
 1.38462e-07
 1.74686e-06
 1.35272e-06
 1.07948e-06
 8.81951e-07
 7.34364e-07
 6.21112e-07
 5.32268e-07
 4.61266e-07
 4.03614e-07
 3.56155e-07
 3.16614e-07
 2.83321e-07
 2.55023e-07
 2.30766e-07
 2.09816e-07
 1.91598e-07
 1.75654e-07
 1.61623e-07
 1.49209e-07
 1.38173e-07
 1.74718e-06
 1.34912e-06
 1.07474e-06
 8.77118e-07
 7.29833e-07
 6.17010e-07
 5.28613e-07
 4.58032e-07
 4.00758e-07
 3.53633e-07
 3.14383e-07
 2.81343e-07
 2.53263e-07
 2.29197e-07
 2.08412e-07
 1.90337e-07
 1.74519e-07
 1.60597e-07
 1.48280e-07
 1.37329e-07
 1.67279e-06
 1.29982e-06
 1.04037e-06
 8.52192e-07
 7.11178e-07
 6.02683e-07
 5.17371e-07
 4.49047e-07
 3.93464e-07
 3.47630e-07
 3.09384e-07
 2.77135e-07
 2.49688e-07
 2.26133e-07
 2.05767e-07
 1.88037e-07
 1.72508e-07
 1.58828e-07
 1.46715e-07
 1.35938e-07
 1.53724e-06
 1.21170e-06
 9.80163e-07
 8.09406e-07
 6.79782e-07
 5.79025e-07
 4.99139e-07
 4.34724e-07
 3.82024e-07
 3.38358e-07
 3.01772e-07
 2.70814e-07
 2.44386e-07
 2.21645e-07
 2.01936e-07
 1.84743e-07
 1.69655e-07
 1.56342e-07
 1.44536e-07
 1.34019e-07
 1.36303e-06
 1.09656e-06
 9.00733e-07
 7.52675e-07
 6.38073e-07
 5.47600e-07
 4.74958e-07
 4.15775e-07
 3.66936e-07
 3.26174e-07
 2.91809e-07
 2.62576e-07
 2.37505e-07
 2.15845e-07
 1.97006e-07
 1.80521e-07
 1.66015e-07
 1.53183e-07
 1.41780e-07
 1.31600e-07
 1.17344e-06
 9.67492e-07
 8.09816e-07
 6.86751e-07
 5.89074e-07
 5.10390e-07
 4.46167e-07
 3.93125e-07
 3.48854e-07
 3.11549e-07
 2.79840e-07
 2.52676e-07
 2.29238e-07
 2.08881e-07
 1.91093e-07
 1.75463e-07
 1.61659e-07
 1.49410e-07
 1.38491e-07
 1.28718e-07
 9.87191e-07
 8.36126e-07
 7.14747e-07
 6.16376e-07
 5.35921e-07
 4.69518e-07
 4.14229e-07
 3.67807e-07
 3.28520e-07
 2.95024e-07
 2.66266e-07
 2.41417e-07
 2.19815e-07
 2.00930e-07
 1.84334e-07
 1.69677e-07
 1.56674e-07
 1.45089e-07
 1.34726e-07
 1.25420e-07
 8.16560e-07
 7.11067e-07
 6.21473e-07
 5.45655e-07
 4.81472e-07
 4.26996e-07
 3.80582e-07
 3.40858e-07
 3.06693e-07
 2.77162e-07
 2.51510e-07
 2.29120e-07
 2.09483e-07
 1.92184e-07
 1.76879e-07
 1.63282e-07
 1.51154e-07
 1.40298e-07
 1.30546e-07
 1.21756e-07
 6.67739e-07
 5.97630e-07
 5.34153e-07
 4.77726e-07
 4.28058e-07
 3.84552e-07
 3.46509e-07
 3.13237e-07
 2.84095e-07
 2.58513e-07
 2.35993e-07
 2.16109e-07
 1.98495e-07
 1.82842e-07
 1.68886e-07
 1.56403e-07
 1.45201e-07
 1.35120e-07
 1.26019e-07
 1.17781e-07
 5.42327e-07
 4.98287e-07
 4.55220e-07
 4.14685e-07
 3.77387e-07
 3.43537e-07
 3.13067e-07
 2.85768e-07
 2.61367e-07
 2.39575e-07
 2.20105e-07
 2.02693e-07
 1.87096e-07
 1.73099e-07
 1.60512e-07
 1.49167e-07
 1.38918e-07
 1.29637e-07
 1.21213e-07
 1.13550e-07
 4.39068e-07
 4.13448e-07
 3.85703e-07
 3.57698e-07
 3.30557e-07
 3.04908e-07
 2.81056e-07
 2.59106e-07
 2.39042e-07
 2.20778e-07
 2.04193e-07
 1.89151e-07
 1.75511e-07
 1.63138e-07
 1.51905e-07
 1.41695e-07
 1.32403e-07
 1.23932e-07
 1.16197e-07
 1.09123e-07
 3.55294e-07
 3.42248e-07
 3.25633e-07
 3.07199e-07
 2.88146e-07
 2.69259e-07
 2.51027e-07
 2.33737e-07
 2.17534e-07
 2.02472e-07
 1.88549e-07
 1.75725e-07
 1.63940e-07
 1.53124e-07
 1.43203e-07
 1.34102e-07
 1.25752e-07
 1.18084e-07
 1.11037e-07
 1.04553e-07
