scalar
part
         1
quad4
 6.41595e-07
 5.87650e-07
 5.35281e-07
 4.86135e-07
 4.40998e-07
 4.00105e-07
 3.63373e-07
 3.30542e-07
 3.01277e-07
 2.75215e-07
 2.52003e-07
 2.31309e-07
 2.12831e-07
 1.96302e-07
 1.81485e-07
 1.68172e-07
 1.56182e-07
 1.45357e-07
 1.35562e-07
 1.26677e-07
 7.55260e-07
 6.78619e-07
 6.07792e-07
 5.43923e-07
 4.87160e-07
 4.37129e-07
 3.93216e-07
 3.54733e-07
 3.21002e-07
 2.91395e-07
 2.65353e-07
 2.42389e-07
 2.22079e-07
 2.04062e-07
 1.88030e-07
 1.73719e-07
 1.60906e-07
 1.49399e-07
 1.39034e-07
 1.29671e-07
 8.88528e-07
 7.81353e-07
 6.87055e-07
 6.05335e-07
 5.35037e-07
 4.74725e-07
 4.22970e-07
 3.78467e-07
 3.40083e-07
 3.06851e-07
 2.77966e-07
 2.52751e-07
 2.30649e-07
 2.11194e-07
 1.94000e-07
 1.78744e-07
 1.65157e-07
 1.53013e-07
 1.42120e-07
 1.32319e-07
 1.04104e-06
 8.94103e-07
 7.71024e-07
 6.68478e-07
 5.83031e-07
 5.11607e-07
 4.51619e-07
 4.00953e-07
 3.57904e-07
 3.21106e-07
 2.89466e-07
 2.62105e-07
 2.38313e-07
 2.17517e-07
 1.99251e-07
 1.83131e-07
 1.68843e-07
 1.56125e-07
 1.44762e-07
 1.34570e-07
 1.20894e-06
 1.01268e-06
 8.56083e-07
 7.30492e-07
 6.28963e-07
 5.46140e-07
 4.77944e-07
 4.21279e-07
 3.73783e-07
 3.33646e-07
 2.99466e-07
 2.70151e-07
 2.44841e-07
 2.22854e-07
 2.03643e-07
 1.86770e-07
 1.71875e-07
 1.58666e-07
 1.46901e-07
 1.36380e-07
 1.38283e-06
 1.12969e-06
 9.36845e-07
 7.87554e-07
 6.70142e-07
 5.76423e-07
 5.00593e-07
 4.38475e-07
 3.87015e-07
 3.43951e-07
 3.07579e-07
 2.76600e-07
 2.50013e-07
 2.27035e-07
 2.07048e-07
 1.89560e-07
 1.74175e-07
 1.60573e-07
 1.48489e-07
 1.37709e-07
 1.54638e-06
 1.23444e-06
 1.00638e-06
 8.35153e-07
 7.03586e-07
 6.00455e-07
 5.18198e-07
 4.51589e-07
 3.96928e-07
 3.51540e-07
 3.13455e-07
 2.81195e-07
 2.53637e-07
 2.29916e-07
 2.09354e-07
 1.91416e-07
 1.75677e-07
 1.61793e-07
 1.49485e-07
 1.38523e-07
 1.67716e-06
 1.31405e-06
 1.05711e-06
 8.68679e-07
 7.26409e-07
 6.16374e-07
 5.29528e-07
 4.59790e-07
 4.02948e-07
 3.56010e-07
 3.16806e-07
 2.83726e-07
 2.55560e-07
 2.31382e-07
 2.10474e-07
 1.92272e-07
 1.76330e-07
 1.62288e-07
 1.49857e-07
 1.38800e-07
 1.75148e-06
 1.35631e-06
 1.08234e-06
 8.84282e-07
 7.36300e-07
 6.22744e-07
 5.33663e-07
 4.62470e-07
 4.04664e-07
 3.57079e-07
 3.17433e-07
 2.84052e-07
 2.55679e-07
 2.31359e-07
 2.10354e-07
 1.92087e-07
 1.76103e-07
 1.62034e-07
 1.49588e-07
 1.38523e-07
 1.75281e-06
 1.35335e-06
 1.07803e-06
 8.79745e-07
 7.31981e-07
 6.18800e-07
 5.30128e-07
 4.59329e-07
 4.01883e-07
 3.54616e-07
 3.15251e-07
 2.82114e-07
 2.53953e-07
 2.29818e-07
 2.08973e-07
 1.90847e-07
 1.74985e-07
 1.61024e-07
 1.48672e-07
 1.37691e-07
 1.67920e-06
 1.30454e-06
 1.04399e-06
 8.55053e-07
 7.13497e-07
 6.04601e-07
 5.18984e-07
 4.50422e-07
 3.94650e-07
 3.48664e-07
 3.10293e-07
 2.77940e-07
 2.50406e-07
 2.26778e-07
 2.06349e-07
 1.88566e-07
 1.72989e-07
 1.59268e-07
 1.47119e-07
 1.36311e-07
 1.54403e-06
 1.21670e-06
 9.83980e-07
 8.12415e-07
 6.82215e-07
 5.81032e-07
 5.00822e-07
 4.36155e-07
 3.83255e-07
 3.39429e-07
 3.02712e-07
 2.71646e-07
 2.45127e-07
 2.22310e-07
 2.02535e-07
 1.85286e-07
 1.70149e-07
 1.56794e-07
 1.44951e-07
 1.34400e-07
 1.36976e-06
 1.10157e-06
 9.04596e-07
 7.55736e-07
 6.40555e-07
 5.49650e-07
 4.76679e-07
 4.17239e-07
 3.68196e-07
 3.27270e-07
 2.92771e-07
 2.63426e-07
 2.38262e-07
 2.16523e-07
 1.97618e-07
 1.81075e-07
 1.66519e-07
 1.53644e-07
 1.42202e-07
 1.31988e-07
 1.17973e-06
 9.72298e-07
 8.13582e-07
 6.89769e-07
 5.91540e-07
 5.12439e-07
 4.47893e-07
 3.94599e-07
 3.50125e-07
 3.12656e-07
 2.80813e-07
 2.53537e-07
 2.30005e-07
 2.09568e-07
 1.91713e-07
 1.76025e-07
 1.62170e-07
 1.49876e-07
 1.38919e-07
 1.29113e-07
 9.92841e-07
 8.40571e-07
 7.18306e-07
 6.19273e-07
 5.38315e-07
 4.71525e-07
 4.15931e-07
 3.69267e-07
 3.29784e-07
 2.96128e-07
 2.67239e-07
 2.42279e-07
 2.20585e-07
 2.01621e-07
 1.84957e-07
 1.70242e-07
 1.57189e-07
 1.45560e-07
 1.35157e-07
 1.25818e-07
 8.21488e-07
 7.15067e-07
 6.24753e-07
 5.48374e-07
 4.83751e-07
 4.28927e-07
 3.82234e-07
 3.42284e-07
 3.07935e-07
 2.78252e-07
 2.52474e-07
 2.29976e-07
 2.10249e-07
 1.92873e-07
 1.77502e-07
 1.63847e-07
 1.51670e-07
 1.40770e-07
 1.30979e-07
 1.22155e-07
 6.71961e-07
 6.01163e-07
 5.37120e-07
 4.80233e-07
 4.30192e-07
 3.86382e-07
 3.48091e-07
 3.14614e-07
 2.85302e-07
 2.59577e-07
 2.36938e-07
 2.16952e-07
 1.99252e-07
 1.83525e-07
 1.69504e-07
 1.56965e-07
 1.45715e-07
 1.35590e-07
 1.26452e-07
 1.18180e-07
 5.45910e-07
 5.01370e-07
 4.57869e-07
 4.16966e-07
 3.79360e-07
 3.45251e-07
 3.14563e-07
 2.87082e-07
 2.62528e-07
 2.40605e-07
 2.21024e-07
 2.03517e-07
 1.87838e-07
 1.73770e-07
 1.61121e-07
 1.49722e-07
 1.39426e-07
 1.30104e-07
 1.21643e-07
 1.13948e-07
 4.42098e-07
 4.16120e-07
 3.88048e-07
 3.59754e-07
 3.32363e-07
 3.06497e-07
 2.82459e-07
 2.60349e-07
 2.40148e-07
 2.21767e-07
 2.05081e-07
 1.89950e-07
 1.76234e-07
 1.63794e-07
 1.52503e-07
 1.42242e-07
 1.32904e-07
 1.24393e-07
 1.16623e-07
 1.09516e-07
 3.57858e-07
 3.44558e-07
 3.27699e-07
 3.09042e-07
 2.89787e-07
 2.70721e-07
 2.52333e-07
 2.34905e-07
 2.18581e-07
 2.03415e-07
 1.89400e-07
 1.76495e-07
 1.64640e-07
 1.53762e-07
 1.43786e-07
 1.34637e-07
 1.26244e-07
 1.18538e-07
 1.11456e-07
 1.04942e-07
