scalar
part
         1
quad4
 5.45065e-07
 5.04229e-07
 4.63473e-07
 4.24412e-07
 3.87917e-07
 3.54373e-07
 3.23861e-07
 2.96288e-07
 2.71467e-07
 2.49168e-07
 2.29149e-07
 2.11173e-07
 1.95017e-07
 1.80479e-07
 1.67376e-07
 1.55543e-07
 1.44838e-07
 1.35133e-07
 1.26315e-07
 1.18288e-07
 6.47537e-07
 5.87504e-07
 5.30877e-07
 4.78949e-07
 4.32135e-07
 3.90353e-07
 3.53273e-07
 3.20455e-07
 2.91434e-07
 2.65756e-07
 2.43007e-07
 2.22814e-07
 2.04848e-07
 1.88825e-07
 1.74495e-07
 1.61646e-07
 1.50093e-07
 1.39677e-07
 1.30262e-07
 1.21729e-07
 7.69099e-07
 6.82833e-07
 6.05699e-07
 5.37909e-07
 4.78863e-07
 4.27638e-07
 3.83239e-07
 3.44717e-07
 3.11222e-07
 2.82011e-07
 2.56453e-07
 2.34009e-07
 2.14229e-07
 1.96732e-07
 1.81198e-07
 1.67359e-07
 1.54987e-07
 1.43890e-07
 1.33904e-07
 1.24892e-07
 9.10297e-07
 7.89301e-07
 6.86561e-07
 5.99891e-07
 5.26856e-07
 4.65182e-07
 4.12908e-07
 3.68393e-07
 3.30291e-07
 2.97505e-07
 2.69145e-07
 2.44488e-07
 2.22943e-07
 2.04027e-07
 1.87345e-07
 1.72569e-07
 1.59428e-07
 1.47695e-07
 1.37181e-07
 1.27727e-07
 1.06891e-06
 9.03979e-07
 7.70735e-07
 6.62633e-07
 5.74323e-07
 5.01603e-07
 4.41222e-07
 3.90673e-07
 3.48020e-07
 3.11760e-07
 2.80716e-07
 2.53964e-07
 2.30766e-07
 2.10535e-07
 1.92797e-07
 1.77166e-07
 1.63327e-07
 1.51021e-07
 1.40034e-07
 1.30186e-07
 1.23820e-06
 1.02121e-06
 8.53900e-07
 7.22950e-07
 6.18950e-07
 5.35218e-07
 4.66951e-07
 4.10653e-07
 3.63740e-07
 3.24274e-07
 2.90787e-07
 2.62147e-07
 2.37475e-07
 2.16082e-07
 1.97417e-07
 1.81041e-07
 1.66599e-07
 1.53800e-07
 1.42407e-07
 1.32223e-07
 1.40549e-06
 1.13229e-06
 9.30191e-07
 7.76884e-07
 6.58036e-07
 5.64158e-07
 4.88785e-07
 4.27400e-07
 3.76775e-07
 3.34555e-07
 2.98990e-07
 2.68763e-07
 2.42863e-07
 2.20507e-07
 2.01082e-07
 1.84098e-07
 1.69166e-07
 1.55970e-07
 1.44252e-07
 1.33799e-07
 1.55227e-06
 1.22608e-06
 9.92764e-07
 8.20110e-07
 6.88775e-07
 5.86559e-07
 5.05457e-07
 4.40036e-07
 3.86506e-07
 3.42155e-07
 3.05001e-07
 2.73571e-07
 2.46748e-07
 2.23675e-07
 2.03686e-07
 1.86256e-07
 1.70967e-07
 1.57482e-07
 1.45528e-07
 1.34884e-07
 1.65724e-06
 1.29096e-06
 1.03491e-06
 8.48593e-07
 7.08648e-07
 6.00798e-07
 5.15890e-07
 4.47829e-07
 3.92425e-07
 3.46716e-07
 3.08562e-07
 2.76382e-07
 2.48990e-07
 2.25480e-07
 2.05151e-07
 1.87453e-07
 1.71952e-07
 1.58297e-07
 1.46207e-07
 1.35451e-07
 1.70226e-06
 1.31758e-06
 1.05151e-06
 8.59353e-07
 7.15846e-07
 6.05734e-07
 5.19344e-07
 4.50285e-07
 3.94193e-07
 3.48001e-07
 3.09503e-07
 2.77074e-07
 2.49499e-07
 2.25854e-07
 2.05424e-07
 1.87651e-07
 1.72092e-07
 1.58394e-07
 1.46270e-07
 1.35489e-07
 1.67871e-06
 1.30170e-06
 1.04027e-06
 8.51100e-07
 7.09604e-07
 6.00897e-07
 5.15518e-07
 4.47207e-07
 3.91679e-07
 3.45922e-07
 3.07763e-07
 2.75603e-07
 2.48245e-07
 2.24776e-07
 2.04490e-07
 1.86837e-07
 1.71378e-07
 1.57764e-07
 1.45712e-07
 1.34992e-07
 1.59056e-06
 1.24535e-06
 1.00234e-06
 8.24522e-07
 6.90354e-07
 5.86569e-07
 5.04605e-07
 4.38729e-07
 3.84979e-07
 3.40547e-07
 3.03393e-07
 2.72009e-07
 2.45257e-07
 2.22268e-07
 2.02368e-07
 1.85026e-07
 1.69822e-07
 1.56418e-07
 1.44541e-07
 1.33967e-07
 1.45258e-06
 1.15621e-06
 9.42005e-07
 7.82129e-07
 6.59643e-07
 5.63740e-07
 4.87259e-07
 4.25296e-07
 3.74403e-07
 3.32098e-07
 2.96555e-07
 2.66410e-07
 2.40624e-07
 2.18399e-07
 1.99108e-07
 1.82258e-07
 1.67455e-07
 1.54381e-07
 1.42777e-07
 1.32431e-07
 1.28513e-06
 1.04528e-06
 8.65566e-07
 7.27721e-07
 6.19848e-07
 5.33951e-07
 4.64507e-07
 4.07611e-07
 3.60443e-07
 3.20925e-07
 2.87503e-07
 2.58994e-07
 2.34488e-07
 2.13275e-07
 1.94794e-07
 1.78599e-07
 1.64329e-07
 1.51693e-07
 1.40452e-07
 1.30409e-07
 1.10837e-06
 9.24207e-07
 7.80023e-07
 6.65659e-07
 5.73777e-07
 4.99058e-07
 4.37609e-07
 3.86549e-07
 3.43718e-07
 3.07476e-07
 2.76564e-07
 2.50006e-07
 2.27033e-07
 2.07038e-07
 1.89535e-07
 1.74132e-07
 1.60510e-07
 1.48408e-07
 1.37609e-07
 1.27936e-07
 9.38052e-07
 8.02975e-07
 6.91811e-07
 6.00169e-07
 5.24261e-07
 4.60996e-07
 4.07913e-07
 3.63065e-07
 3.24916e-07
 2.92254e-07
 2.64113e-07
 2.39726e-07
 2.18472e-07
 1.99852e-07
 1.83459e-07
 1.68959e-07
 1.56078e-07
 1.44588e-07
 1.34300e-07
 1.25054e-07
 7.83910e-07
 6.88745e-07
 6.06008e-07
 5.34824e-07
 4.73824e-07
 4.21567e-07
 3.76716e-07
 3.38103e-07
 3.04734e-07
 2.75778e-07
 2.50542e-07
 2.28453e-07
 2.09035e-07
 1.91895e-07
 1.76705e-07
 1.63190e-07
 1.51121e-07
 1.40306e-07
 1.30582e-07
 1.21810e-07
 6.50288e-07
 5.85689e-07
 5.26051e-07
 4.72297e-07
 4.24494e-07
 3.82292e-07
 3.45162e-07
 3.12527e-07
 2.83827e-07
 2.58548e-07
 2.36234e-07
 2.16484e-07
 1.98956e-07
 1.83352e-07
 1.69419e-07
 1.56941e-07
 1.45734e-07
 1.35638e-07
 1.26517e-07
 1.18255e-07
 5.37724e-07
 4.95529e-07
 4.53856e-07
 4.14325e-07
 3.77728e-07
 3.44350e-07
 3.14185e-07
 2.87072e-07
 2.62771e-07
 2.41018e-07
 2.21547e-07
 2.04104e-07
 1.88458e-07
 1.74401e-07
 1.61746e-07
 1.50330e-07
 1.40010e-07
 1.30659e-07
 1.22168e-07
 1.14440e-07
 4.44606e-07
 4.18305e-07
 3.90143e-07
 3.61838e-07
 3.34445e-07
 3.08564e-07
 2.84489e-07
 2.62321e-07
 2.42045e-07
 2.23577e-07
 2.06796e-07
 1.91567e-07
 1.77750e-07
 1.65211e-07
 1.53823e-07
 1.43469e-07
 1.34043e-07
 1.25448e-07
 1.17599e-07
 1.10419e-07
