scalar
part
         1
quad4
 3.89424e-07
 3.69958e-07
 3.48031e-07
 3.25259e-07
 3.02688e-07
 2.80961e-07
 2.60441e-07
 2.41307e-07
 2.23616e-07
 2.07352e-07
 1.92454e-07
 1.78837e-07
 1.66406e-07
 1.55063e-07
 1.44709e-07
 1.35254e-07
 1.26611e-07
 1.18702e-07
 1.11456e-07
 1.04807e-07
 4.74448e-07
 4.41310e-07
 4.07572e-07
 3.74837e-07
 3.43979e-07
 3.15414e-07
 2.89272e-07
 2.65521e-07
 2.44036e-07
 2.24647e-07
 2.07168e-07
 1.91412e-07
 1.77202e-07
 1.64371e-07
 1.52770e-07
 1.42264e-07
 1.32732e-07
 1.24068e-07
 1.16177e-07
 1.08976e-07
 5.77947e-07
 5.25297e-07
 4.75661e-07
 4.30140e-07
 3.89063e-07
 3.52340e-07
 3.19681e-07
 2.90705e-07
 2.65016e-07
 2.42228e-07
 2.21986e-07
 2.03972e-07
 1.87906e-07
 1.73542e-07
 1.60667e-07
 1.49096e-07
 1.38670e-07
 1.29252e-07
 1.20722e-07
 1.12977e-07
 7.01906e-07
 6.22307e-07
 5.51950e-07
 4.90534e-07
 4.37236e-07
 3.91072e-07
 3.51073e-07
 3.16353e-07
 2.86132e-07
 2.59742e-07
 2.36617e-07
 2.16278e-07
 1.98323e-07
 1.82413e-07
 1.68266e-07
 1.55641e-07
 1.44336e-07
 1.34181e-07
 1.25029e-07
 1.16757e-07
 8.46662e-07
 7.31359e-07
 6.35076e-07
 5.54665e-07
 4.87301e-07
 4.30605e-07
 3.82630e-07
 3.41802e-07
 3.06854e-07
 2.76769e-07
 2.50725e-07
 2.28061e-07
 2.08236e-07
 1.90811e-07
 1.75426e-07
 1.61783e-07
 1.49635e-07
 1.38776e-07
 1.29034e-07
 1.20263e-07
 1.00951e-06
 8.49402e-07
 7.22321e-07
 6.20308e-07
 5.37505e-07
 4.69580e-07
 4.13305e-07
 3.66250e-07
 3.26564e-07
 2.92828e-07
 2.63938e-07
 2.39028e-07
 2.17416e-07
 1.98554e-07
 1.82002e-07
 1.67405e-07
 1.54471e-07
 1.42960e-07
 1.32672e-07
 1.23444e-07
 1.18320e-06
 9.70708e-07
 8.09401e-07
 6.84326e-07
 5.85561e-07
 5.06328e-07
 4.41872e-07
 3.88787e-07
 3.44582e-07
 3.07407e-07
 2.75863e-07
 2.48880e-07
 2.25628e-07
 2.05457e-07
 1.87850e-07
 1.72393e-07
 1.58753e-07
 1.46658e-07
 1.35885e-07
 1.26249e-07
 1.35500e-06
 1.08670e-06
 8.90543e-07
 7.42796e-07
 6.28772e-07
 5.38966e-07
 4.66998e-07
 4.08456e-07
 3.60210e-07
 3.19989e-07
 2.86115e-07
 2.57324e-07
 2.32650e-07
 2.11349e-07
 1.92833e-07
 1.76640e-07
 1.62397e-07
 1.49804e-07
 1.38617e-07
 1.28634e-07
 1.50705e-06
 1.18654e-06
 9.58982e-07
 7.91385e-07
 6.64290e-07
 5.65577e-07
 4.87364e-07
 4.24332e-07
 3.72787e-07
 3.30096e-07
 2.94340e-07
 2.64094e-07
 2.38280e-07
 2.16074e-07
 1.96832e-07
 1.80050e-07
 1.65326e-07
 1.52336e-07
 1.40819e-07
 1.30560e-07
 1.61880e-06
 1.25869e-06
 1.00794e-06
 8.25945e-07
 6.89483e-07
 5.84441e-07
 5.01813e-07
 4.35617e-07
 3.81752e-07
 3.37323e-07
 3.00243e-07
 2.68972e-07
 2.42353e-07
 2.19507e-07
 1.99750e-07
 1.82550e-07
 1.67482e-07
 1.54208e-07
 1.42453e-07
 1.31995e-07
 1.67173e-06
 1.29344e-06
 1.03197e-06
 8.43250e-07
 7.02356e-07
 5.94276e-07
 5.09495e-07
 4.41732e-07
 3.86698e-07
 3.41381e-07
 3.03613e-07
 2.71801e-07
 2.44752e-07
 2.21557e-07
 2.01517e-07
 1.84083e-07
 1.68821e-07
 1.55384e-07
 1.43492e-07
 1.32917e-07
 1.65582e-06
 1.28573e-06
 1.02831e-06
 8.41688e-07
 7.01918e-07
 5.94446e-07
 5.09987e-07
 4.42386e-07
 3.87422e-07
 3.42123e-07
 3.04342e-07
 2.72501e-07
 2.45414e-07
 2.22178e-07
 2.02096e-07
 1.84621e-07
 1.69320e-07
 1.55847e-07
 1.43921e-07
 1.33314e-07
 1.57433e-06
 1.23708e-06
 9.97707e-07
 8.21657e-07
 6.88388e-07
 5.85072e-07
 5.03358e-07
 4.37618e-07
 3.83945e-07
 3.39558e-07
 3.02434e-07
 2.71072e-07
 2.44339e-07
 2.21368e-07
 2.01485e-07
 1.84162e-07
 1.68977e-07
 1.55593e-07
 1.43736e-07
 1.33183e-07
 1.44295e-06
 1.15520e-06
 9.44287e-07
 7.85490e-07
 6.63149e-07
 5.67010e-07
 4.90153e-07
 4.27785e-07
 3.76507e-07
 3.33853e-07
 2.98005e-07
 2.67597e-07
 2.41586e-07
 2.19169e-07
 1.99716e-07
 1.82728e-07
 1.67809e-07
 1.54636e-07
 1.42949e-07
 1.32533e-07
 1.28349e-06
 1.05156e-06
 8.74420e-07
 7.36917e-07
 6.28480e-07
 5.41700e-07
 4.71311e-07
 4.13517e-07
 3.65538e-07
 3.25309e-07
 2.91270e-07
 2.62230e-07
 2.37269e-07
 2.15667e-07
 1.96852e-07
 1.80370e-07
 1.65854e-07
 1.53006e-07
 1.41582e-07
 1.31381e-07
 1.11647e-06
 9.37986e-07
 7.95158e-07
 6.80272e-07
 5.87128e-07
 5.10933e-07
 4.48029e-07
 3.95631e-07
 3.51611e-07
 3.14330e-07
 2.82520e-07
 2.55187e-07
 2.31548e-07
 2.10980e-07
 1.92984e-07
 1.77155e-07
 1.63165e-07
 1.50744e-07
 1.39669e-07
 1.29754e-07
 9.56723e-07
 8.24246e-07
 7.12859e-07
 6.19730e-07
 5.41874e-07
 4.76595e-07
 4.21609e-07
 3.75040e-07
 3.35374e-07
 3.01388e-07
 2.72101e-07
 2.46723e-07
 2.24615e-07
 2.05257e-07
 1.88226e-07
 1.73173e-07
 1.59813e-07
 1.47905e-07
 1.37252e-07
 1.27687e-07
 8.12600e-07
 7.16986e-07
 6.32409e-07
 5.58783e-07
 4.95196e-07
 4.40448e-07
 3.93312e-07
 3.52659e-07
 3.17497e-07
 2.86977e-07
 2.60384e-07
 2.37119e-07
 2.16684e-07
 1.98661e-07
 1.82705e-07
 1.68524e-07
 1.55875e-07
 1.44552e-07
 1.34382e-07
 1.25220e-07
 6.87383e-07
 6.19889e-07
 5.57031e-07
 5.00006e-07
 4.49074e-07
 4.03988e-07
 3.64265e-07
 3.29333e-07
 2.98618e-07
 2.71582e-07
 2.47738e-07
 2.26659e-07
 2.07975e-07
 1.91366e-07
 1.76557e-07
 1.63315e-07
 1.51437e-07
 1.40754e-07
 1.31116e-07
 1.22399e-07
 5.81124e-07
 5.34382e-07
 4.88491e-07
 4.45071e-07
 4.04934e-07
 3.68378e-07
 3.35390e-07
 3.05789e-07
 2.79307e-07
 2.55647e-07
 2.34512e-07
 2.15618e-07
 1.98706e-07
 1.83543e-07
 1.69920e-07
 1.57656e-07
 1.46590e-07
 1.36583e-07
 1.27512e-07
 1.19272e-07
