scalar
part
         1
quad4
 6.45077e-07
 5.90061e-07
 5.36806e-07
 4.86957e-07
 4.41276e-07
 3.99976e-07
 3.62944e-07
 3.29899e-07
 3.00485e-07
 2.74325e-07
 2.51051e-07
 2.30323e-07
 2.11833e-07
 1.95305e-07
 1.80500e-07
 1.67206e-07
 1.55241e-07
 1.44444e-07
 1.34679e-07
 1.25825e-07
 7.59184e-07
 6.81142e-07
 6.09220e-07
 5.44525e-07
 4.87158e-07
 4.36697e-07
 3.92486e-07
 3.53803e-07
 3.19945e-07
 2.90263e-07
 2.64184e-07
 2.41209e-07
 2.20907e-07
 2.02911e-07
 1.86908e-07
 1.72632e-07
 1.59857e-07
 1.48390e-07
 1.38065e-07
 1.28742e-07
 8.92806e-07
 7.83824e-07
 6.88205e-07
 6.05552e-07
 5.34614e-07
 4.73878e-07
 4.21850e-07
 3.77182e-07
 3.38707e-07
 3.05438e-07
 2.76548e-07
 2.51353e-07
 2.29286e-07
 2.09875e-07
 1.92731e-07
 1.77528e-07
 1.63994e-07
 1.51903e-07
 1.41063e-07
 1.31311e-07
 1.04541e-06
 8.96211e-07
 7.71614e-07
 6.68078e-07
 5.82007e-07
 5.10206e-07
 4.50006e-07
 3.99236e-07
 3.56154e-07
 3.19370e-07
 2.87771e-07
 2.60467e-07
 2.36743e-07
 2.16020e-07
 1.97827e-07
 1.81779e-07
 1.67562e-07
 1.54912e-07
 1.43613e-07
 1.33482e-07
 1.21279e-06
 1.01390e-06
 8.55699e-07
 7.29169e-07
 6.27117e-07
 5.44029e-07
 4.75728e-07
 4.19053e-07
 3.71605e-07
 3.31548e-07
 2.97465e-07
 2.68254e-07
 2.43050e-07
 2.21167e-07
 2.02057e-07
 1.85278e-07
 1.70473e-07
 1.57347e-07
 1.45660e-07
 1.35211e-07
 1.38509e-06
 1.12922e-06
 9.34938e-07
 7.84939e-07
 6.67229e-07
 5.73441e-07
 4.97666e-07
 4.35669e-07
 3.84361e-07
 3.41460e-07
 3.05252e-07
 2.74431e-07
 2.47993e-07
 2.25154e-07
 2.05296e-07
 1.87927e-07
 1.72651e-07
 1.59148e-07
 1.47156e-07
 1.36459e-07
 1.54534e-06
 1.23122e-06
 1.00231e-06
 8.30856e-07
 6.99368e-07
 5.96454e-07
 5.14469e-07
 4.48146e-07
 3.93762e-07
 3.48635e-07
 3.10789e-07
 2.78746e-07
 2.51385e-07
 2.27840e-07
 2.07437e-07
 1.89642e-07
 1.74032e-07
 1.60265e-07
 1.48061e-07
 1.37195e-07
 1.67064e-06
 1.30695e-06
 1.05026e-06
 8.62362e-07
 7.20698e-07
 6.11250e-07
 5.24941e-07
 4.55679e-07
 3.99256e-07
 3.52684e-07
 3.13799e-07
 2.80999e-07
 2.53077e-07
 2.29114e-07
 2.08396e-07
 1.90362e-07
 1.74569e-07
 1.60660e-07
 1.48347e-07
 1.37396e-07
 1.73751e-06
 1.34443e-06
 1.07230e-06
 8.75756e-07
 7.29012e-07
 6.16464e-07
 5.28208e-07
 4.57696e-07
 4.00455e-07
 3.53344e-07
 3.14099e-07
 2.81058e-07
 2.52977e-07
 2.28909e-07
 2.08123e-07
 1.90048e-07
 1.74231e-07
 1.60312e-07
 1.47997e-07
 1.37049e-07
 1.73070e-06
 1.33651e-06
 1.06479e-06
 8.69060e-07
 7.23178e-07
 6.11424e-07
 5.23858e-07
 4.53936e-07
 3.97194e-07
 3.50503e-07
 3.11614e-07
 2.78874e-07
 2.51050e-07
 2.27201e-07
 2.06603e-07
 1.88690e-07
 1.73013e-07
 1.59215e-07
 1.47007e-07
 1.36153e-07
 1.65025e-06
 1.28352e-06
 1.02804e-06
 8.42531e-07
 7.03401e-07
 5.96286e-07
 5.12015e-07
 4.44495e-07
 3.89546e-07
 3.44222e-07
 3.06392e-07
 2.74486e-07
 2.47327e-07
 2.24015e-07
 2.03856e-07
 1.86304e-07
 1.70928e-07
 1.57383e-07
 1.45388e-07
 1.34715e-07
 1.51120e-06
 1.19307e-06
 9.66225e-07
 7.98610e-07
 6.71183e-07
 5.72017e-07
 4.93319e-07
 4.29814e-07
 3.77825e-07
 3.34725e-07
 2.98599e-07
 2.68018e-07
 2.41903e-07
 2.19425e-07
 1.99939e-07
 1.82936e-07
 1.68013e-07
 1.54843e-07
 1.43162e-07
 1.32755e-07
 1.33644e-06
 1.07719e-06
 8.86125e-07
 7.41318e-07
 6.29018e-07
 5.40225e-07
 4.68843e-07
 4.10626e-07
 3.62542e-07
 3.22381e-07
 2.88503e-07
 2.59668e-07
 2.34928e-07
 2.13545e-07
 1.94942e-07
 1.78657e-07
 1.64323e-07
 1.51641e-07
 1.40368e-07
 1.30302e-07
 1.14864e-06
 9.48823e-07
 7.95419e-07
 6.75397e-07
 5.79936e-07
 5.02902e-07
 4.39933e-07
 3.87864e-07
 3.44358e-07
 3.07666e-07
 2.76454e-07
 2.49699e-07
 2.26600e-07
 2.06528e-07
 1.88981e-07
 1.73558e-07
 1.59931e-07
 1.47835e-07
 1.37050e-07
 1.27396e-07
 9.65484e-07
 8.19102e-07
 7.01230e-07
 6.05488e-07
 5.27024e-07
 4.62147e-07
 4.08044e-07
 3.62555e-07
 3.24012e-07
 2.91118e-07
 2.62853e-07
 2.38410e-07
 2.17147e-07
 1.98548e-07
 1.82195e-07
 1.67746e-07
 1.54923e-07
 1.43493e-07
 1.33266e-07
 1.24080e-07
 7.98331e-07
 6.96148e-07
 6.09238e-07
 5.35555e-07
 4.73062e-07
 4.19928e-07
 3.74585e-07
 3.35722e-07
 3.02256e-07
 2.73297e-07
 2.48119e-07
 2.26122e-07
 2.06818e-07
 1.89800e-07
 1.74734e-07
 1.61343e-07
 1.49394e-07
 1.38693e-07
 1.29077e-07
 1.20406e-07
 6.52804e-07
 5.84900e-07
 5.23367e-07
 4.68589e-07
 4.20294e-07
 3.77918e-07
 3.40807e-07
 3.08303e-07
 2.79797e-07
 2.54744e-07
 2.32667e-07
 2.13157e-07
 1.95860e-07
 1.80478e-07
 1.66754e-07
 1.54472e-07
 1.43445e-07
 1.33516e-07
 1.24549e-07
 1.16429e-07
 5.30243e-07
 4.87599e-07
 4.45881e-07
 4.06570e-07
 3.70346e-07
 3.37418e-07
 3.07732e-07
 2.81098e-07
 2.57261e-07
 2.35945e-07
 2.16882e-07
 1.99816e-07
 1.84517e-07
 1.70776e-07
 1.58411e-07
 1.47258e-07
 1.37178e-07
 1.28045e-07
 1.19752e-07
 1.12205e-07
 4.29328e-07
 4.04551e-07
 3.77707e-07
 3.50582e-07
 3.24255e-07
 2.99337e-07
 2.76129e-07
 2.54741e-07
 2.35164e-07
 2.17321e-07
 2.01101e-07
 1.86374e-07
 1.73008e-07
 1.60874e-07
 1.49849e-07
 1.39822e-07
 1.30691e-07
 1.22362e-07
 1.14753e-07
 1.07790e-07
 3.47430e-07
 3.34863e-07
 3.18829e-07
 3.01010e-07
 2.82559e-07
 2.64237e-07
 2.46523e-07
 2.29697e-07
 2.13907e-07
 1.99210e-07
 1.85609e-07
 1.73067e-07
 1.61531e-07
 1.50934e-07
 1.41206e-07
 1.32276e-07
 1.24077e-07
 1.16544e-07
 1.09617e-07
 1.03240e-07
