scalar
part
         1
quad4
 6.23278e-07
 5.71179e-07
 5.20501e-07
 4.72889e-07
 4.29130e-07
 3.89467e-07
 3.53825e-07
 3.21961e-07
 2.93548e-07
 2.68239e-07
 2.45691e-07
 2.25583e-07
 2.07624e-07
 1.91554e-07
 1.77144e-07
 1.64193e-07
 1.52526e-07
 1.41991e-07
 1.32454e-07
 1.23801e-07
 7.35049e-07
 6.60651e-07
 5.91843e-07
 5.29773e-07
 4.74601e-07
 4.25967e-07
 3.83277e-07
 3.45862e-07
 3.13062e-07
 2.84268e-07
 2.58937e-07
 2.36593e-07
 2.16828e-07
 1.99290e-07
 1.83681e-07
 1.69744e-07
 1.57262e-07
 1.46049e-07
 1.35947e-07
 1.26820e-07
 8.66271e-07
 7.61809e-07
 6.69911e-07
 5.90293e-07
 5.21820e-07
 4.63087e-07
 4.12691e-07
 3.69358e-07
 3.31981e-07
 2.99619e-07
 2.71485e-07
 2.46922e-07
 2.25388e-07
 2.06428e-07
 1.89668e-07
 1.74794e-07
 1.61544e-07
 1.49698e-07
 1.39071e-07
 1.29505e-07
 1.01660e-06
 8.72928e-07
 7.52692e-07
 6.52589e-07
 5.69222e-07
 4.99563e-07
 4.41071e-07
 3.91673e-07
 3.49702e-07
 3.13824e-07
 2.82971e-07
 2.56286e-07
 2.33078e-07
 2.12789e-07
 1.94964e-07
 1.79230e-07
 1.65281e-07
 1.52863e-07
 1.41765e-07
 1.31809e-07
 1.18216e-06
 9.89850e-07
 8.36618e-07
 7.13847e-07
 6.14667e-07
 5.33796e-07
 4.67225e-07
 4.11916e-07
 3.65558e-07
 3.26379e-07
 2.93012e-07
 2.64390e-07
 2.39674e-07
 2.18199e-07
 1.99432e-07
 1.82945e-07
 1.68388e-07
 1.55476e-07
 1.43973e-07
 1.33685e-07
 1.35359e-06
 1.10526e-06
 9.16375e-07
 7.70312e-07
 6.55516e-07
 5.63923e-07
 4.89829e-07
 4.29137e-07
 3.78858e-07
 3.36777e-07
 3.01231e-07
 2.70951e-07
 2.44959e-07
 2.22491e-07
 2.02944e-07
 1.85838e-07
 1.70786e-07
 1.57475e-07
 1.45648e-07
 1.35095e-07
 1.51462e-06
 1.20857e-06
 9.85153e-07
 8.17560e-07
 6.88852e-07
 5.87987e-07
 5.07545e-07
 4.42403e-07
 3.88942e-07
 3.44544e-07
 3.07283e-07
 2.75716e-07
 2.48744e-07
 2.25523e-07
 2.05390e-07
 1.87824e-07
 1.72408e-07
 1.58807e-07
 1.46747e-07
 1.36004e-07
 1.64310e-06
 1.28717e-06
 1.03555e-06
 8.51097e-07
 7.11860e-07
 6.04171e-07
 5.19169e-07
 4.50902e-07
 3.95248e-07
 3.49283e-07
 3.10883e-07
 2.78475e-07
 2.50876e-07
 2.27179e-07
 2.06684e-07
 1.88838e-07
 1.73205e-07
 1.59433e-07
 1.47239e-07
 1.36390e-07
 1.71605e-06
 1.32924e-06
 1.06108e-06
 8.67194e-07
 7.22294e-07
 6.11074e-07
 5.23801e-07
 4.54034e-07
 3.97371e-07
 3.50715e-07
 3.11834e-07
 2.79089e-07
 2.51252e-07
 2.27386e-07
 2.06769e-07
 1.88837e-07
 1.73143e-07
 1.59329e-07
 1.47105e-07
 1.36237e-07
 1.71801e-06
 1.32739e-06
 1.05793e-06
 8.63731e-07
 7.18923e-07
 6.07951e-07
 5.20973e-07
 4.51502e-07
 3.95115e-07
 3.48706e-07
 3.10046e-07
 2.77496e-07
 2.49828e-07
 2.26110e-07
 2.05624e-07
 1.87806e-07
 1.72212e-07
 1.58485e-07
 1.46339e-07
 1.35539e-07
 1.64784e-06
 1.28127e-06
 1.02601e-06
 8.40720e-07
 7.01792e-07
 5.94854e-07
 5.10736e-07
 4.43349e-07
 3.88516e-07
 3.43291e-07
 3.05547e-07
 2.73717e-07
 2.46623e-07
 2.23370e-07
 2.03262e-07
 1.85755e-07
 1.70420e-07
 1.56911e-07
 1.44948e-07
 1.34305e-07
 1.51878e-06
 1.19756e-06
 9.68963e-07
 8.00295e-07
 6.72211e-07
 5.72624e-07
 4.93650e-07
 4.29960e-07
 3.77846e-07
 3.34663e-07
 2.98479e-07
 2.67860e-07
 2.41720e-07
 2.19226e-07
 1.99731e-07
 1.82725e-07
 1.67800e-07
 1.54631e-07
 1.42953e-07
 1.32550e-07
 1.35211e-06
 1.08746e-06
 8.93096e-07
 7.46185e-07
 6.32493e-07
 5.42749e-07
 4.70702e-07
 4.12009e-07
 3.63579e-07
 3.23161e-07
 2.89090e-07
 2.60109e-07
 2.35256e-07
 2.13787e-07
 1.95115e-07
 1.78778e-07
 1.64402e-07
 1.51687e-07
 1.40387e-07
 1.30300e-07
 1.16973e-06
 9.63385e-07
 8.05759e-07
 6.82919e-07
 5.85522e-07
 5.07124e-07
 4.43173e-07
 3.90382e-07
 3.46337e-07
 3.09236e-07
 2.77710e-07
 2.50709e-07
 2.27418e-07
 2.07192e-07
 1.89523e-07
 1.74000e-07
 1.60293e-07
 1.48131e-07
 1.37292e-07
 1.27593e-07
 9.89432e-07
 8.36387e-07
 7.13955e-07
 6.15031e-07
 5.34302e-07
 4.67783e-07
 4.12467e-07
 3.66068e-07
 3.26833e-07
 2.93404e-07
 2.64721e-07
 2.39948e-07
 2.18423e-07
 1.99611e-07
 1.83086e-07
 1.68496e-07
 1.55557e-07
 1.44031e-07
 1.33723e-07
 1.24469e-07
 8.23141e-07
 7.14786e-07
 6.23415e-07
 5.46481e-07
 4.81590e-07
 4.26666e-07
 3.79969e-07
 3.40069e-07
 3.05799e-07
 2.76210e-07
 2.50533e-07
 2.28137e-07
 2.08510e-07
 1.91230e-07
 1.75949e-07
 1.62380e-07
 1.50283e-07
 1.39459e-07
 1.29738e-07
 1.20979e-07
 6.77143e-07
 6.03848e-07
 5.38219e-07
 4.80327e-07
 4.29654e-07
 3.85452e-07
 3.46925e-07
 3.13314e-07
 2.83935e-07
 2.58186e-07
 2.35552e-07
 2.15589e-07
 1.97924e-07
 1.82239e-07
 1.68264e-07
 1.55773e-07
 1.44571e-07
 1.34494e-07
 1.25402e-07
 1.17175e-07
 5.53333e-07
 5.06148e-07
 4.60818e-07
 4.18652e-07
 3.80176e-07
 3.45468e-07
 3.14370e-07
 2.86608e-07
 2.61865e-07
 2.39818e-07
 2.20158e-07
 2.02605e-07
 1.86903e-07
 1.72828e-07
 1.60183e-07
 1.48797e-07
 1.38519e-07
 1.29218e-07
 1.20782e-07
 1.13112e-07
 4.50787e-07
 4.22264e-07
 3.92318e-07
 3.62654e-07
 3.34261e-07
 3.07666e-07
 2.83096e-07
 2.60598e-07
 2.40114e-07
 2.21527e-07
 2.04693e-07
 1.89457e-07
 1.75666e-07
 1.63176e-07
 1.51852e-07
 1.41571e-07
 1.32224e-07
 1.23711e-07
 1.15944e-07
 1.08845e-07
 3.67129e-07
 3.51507e-07
 3.32852e-07
 3.12819e-07
 2.92516e-07
 2.72652e-07
 2.53657e-07
 2.35768e-07
 2.19093e-07
 2.03660e-07
 1.89442e-07
 1.76383e-07
 1.64411e-07
 1.53445e-07
 1.43404e-07
 1.34207e-07
 1.25780e-07
 1.18050e-07
 1.10953e-07
 1.04429e-07
