scalar
part
         1
quad4
 5.42818e-07
 5.02419e-07
 4.62032e-07
 4.23277e-07
 3.87034e-07
 3.53694e-07
 3.23346e-07
 2.95904e-07
 2.71189e-07
 2.48973e-07
 2.29021e-07
 2.11097e-07
 1.94984e-07
 1.80479e-07
 1.67401e-07
 1.55590e-07
 1.44900e-07
 1.35207e-07
 1.26399e-07
 1.18379e-07
 6.45232e-07
 5.85712e-07
 5.29504e-07
 4.77913e-07
 4.31365e-07
 3.89792e-07
 3.52875e-07
 3.20184e-07
 2.91260e-07
 2.65659e-07
 2.42968e-07
 2.22820e-07
 2.04889e-07
 1.88892e-07
 1.74582e-07
 1.61748e-07
 1.50205e-07
 1.39797e-07
 1.30387e-07
 1.21858e-07
 7.66812e-07
 6.81139e-07
 6.04469e-07
 5.37035e-07
 4.78259e-07
 4.27238e-07
 3.82993e-07
 3.44586e-07
 3.11176e-07
 2.82030e-07
 2.56518e-07
 2.34109e-07
 2.14353e-07
 1.96874e-07
 1.81352e-07
 1.67521e-07
 1.55154e-07
 1.44059e-07
 1.34074e-07
 1.25061e-07
 9.08155e-07
 7.87824e-07
 6.85575e-07
 5.99263e-07
 5.26486e-07
 4.64998e-07
 4.12856e-07
 3.68435e-07
 3.30399e-07
 2.97659e-07
 2.69330e-07
 2.44693e-07
 2.23161e-07
 2.04252e-07
 1.87573e-07
 1.72797e-07
 1.59653e-07
 1.47917e-07
 1.37398e-07
 1.27938e-07
 1.06712e-06
 9.02892e-07
 7.70130e-07
 6.62355e-07
 5.74266e-07
 5.01693e-07
 4.41408e-07
 3.90921e-07
 3.48306e-07
 3.12068e-07
 2.81035e-07
 2.54285e-07
 2.31086e-07
 2.10849e-07
 1.93103e-07
 1.77463e-07
 1.63614e-07
 1.51298e-07
 1.40299e-07
 1.30441e-07
 1.23707e-06
 1.02075e-06
 8.53846e-07
 7.23144e-07
 6.19292e-07
 5.35643e-07
 4.67419e-07
 4.11139e-07
 3.64227e-07
 3.24754e-07
 2.91252e-07
 2.62595e-07
 2.37904e-07
 2.16491e-07
 1.97806e-07
 1.81411e-07
 1.66949e-07
 1.54133e-07
 1.42723e-07
 1.32523e-07
 1.40548e-06
 1.13275e-06
 9.30885e-07
 7.77682e-07
 6.58865e-07
 5.64979e-07
 4.89577e-07
 4.28154e-07
 3.77485e-07
 3.35221e-07
 2.99613e-07
 2.69345e-07
 2.43407e-07
 2.21016e-07
 2.01557e-07
 1.84543e-07
 1.69583e-07
 1.56361e-07
 1.44619e-07
 1.34145e-07
 1.55393e-06
 1.22780e-06
 9.94406e-07
 8.21634e-07
 6.90169e-07
 5.87826e-07
 5.06606e-07
 4.41079e-07
 3.87454e-07
 3.43018e-07
 3.05789e-07
 2.74292e-07
 2.47410e-07
 2.24285e-07
 2.04249e-07
 1.86777e-07
 1.71450e-07
 1.57931e-07
 1.45947e-07
 1.35275e-07
 1.66112e-06
 1.29422e-06
 1.03766e-06
 8.50937e-07
 7.10663e-07
 6.02544e-07
 5.17416e-07
 4.49174e-07
 3.93617e-07
 3.47780e-07
 3.09517e-07
 2.77243e-07
 2.49771e-07
 2.26191e-07
 2.05801e-07
 1.88050e-07
 1.72501e-07
 1.58805e-07
 1.46678e-07
 1.35889e-07
 1.70873e-06
 1.32255e-06
 1.05544e-06
 8.62553e-07
 7.18497e-07
 6.07966e-07
 5.21248e-07
 4.51929e-07
 3.95627e-07
 3.49264e-07
 3.10622e-07
 2.78073e-07
 2.50397e-07
 2.26665e-07
 2.06160e-07
 1.88322e-07
 1.72706e-07
 1.58958e-07
 1.46791e-07
 1.35970e-07
 1.68770e-06
 1.30832e-06
 1.04534e-06
 8.55115e-07
 7.12860e-07
 6.03590e-07
 5.17783e-07
 4.49137e-07
 3.93345e-07
 3.47374e-07
 3.09039e-07
 2.76734e-07
 2.49254e-07
 2.25682e-07
 2.05308e-07
 1.87579e-07
 1.72054e-07
 1.58383e-07
 1.46281e-07
 1.35516e-07
 1.60153e-06
 1.25332e-06
 1.00837e-06
 8.29236e-07
 6.94137e-07
 5.89670e-07
 5.07191e-07
 4.40917e-07
 3.86855e-07
 3.42172e-07
 3.04814e-07
 2.73262e-07
 2.46370e-07
 2.23263e-07
 2.03262e-07
 1.85835e-07
 1.70557e-07
 1.57088e-07
 1.45155e-07
 1.34532e-07
 1.46465e-06
 1.16504e-06
 9.48704e-07
 7.87366e-07
 6.63838e-07
 5.67170e-07
 4.90111e-07
 4.27702e-07
 3.76459e-07
 3.33873e-07
 2.98103e-07
 2.67771e-07
 2.41830e-07
 2.19474e-07
 2.00073e-07
 1.83128e-07
 1.68244e-07
 1.55099e-07
 1.43433e-07
 1.33033e-07
 1.29742e-06
 1.05446e-06
 8.72614e-07
 7.33274e-07
 6.24318e-07
 5.37614e-07
 4.67557e-07
 4.10186e-07
 3.62643e-07
 3.22824e-07
 2.89157e-07
 2.60447e-07
 2.35774e-07
 2.14420e-07
 1.95820e-07
 1.79523e-07
 1.65166e-07
 1.52454e-07
 1.41147e-07
 1.31046e-07
 1.12018e-06
 9.33264e-07
 7.87118e-07
 6.71326e-07
 5.78382e-07
 5.02858e-07
 4.40788e-07
 3.89242e-07
 3.46023e-07
 3.09469e-07
 2.78302e-07
 2.51533e-07
 2.28385e-07
 2.08242e-07
 1.90614e-07
 1.75103e-07
 1.61389e-07
 1.49206e-07
 1.38338e-07
 1.28604e-07
 9.48942e-07
 8.11589e-07
 6.98713e-07
 6.05774e-07
 5.28874e-07
 4.64840e-07
 4.11152e-07
 3.65823e-07
 3.27288e-07
 2.94311e-07
 2.65912e-07
 2.41309e-07
 2.19875e-07
 2.01103e-07
 1.84580e-07
 1.69969e-07
 1.56992e-07
 1.45419e-07
 1.35058e-07
 1.25749e-07
 7.93702e-07
 6.96722e-07
 6.12550e-07
 5.40236e-07
 4.78342e-07
 4.25374e-07
 3.79953e-07
 3.40879e-07
 3.07135e-07
 2.77869e-07
 2.52377e-07
 2.30073e-07
 2.10474e-07
 1.93180e-07
 1.77858e-07
 1.64231e-07
 1.52064e-07
 1.41164e-07
 1.31365e-07
 1.22527e-07
 6.58956e-07
 5.92945e-07
 5.32138e-07
 4.77425e-07
 4.28840e-07
 3.85999e-07
 3.48346e-07
 3.15280e-07
 2.86223e-07
 2.60647e-07
 2.38083e-07
 2.18124e-07
 2.00416e-07
 1.84659e-07
 1.70595e-07
 1.58004e-07
 1.46698e-07
 1.36516e-07
 1.27319e-07
 1.18990e-07
 5.45334e-07
 5.02055e-07
 4.59445e-07
 4.19118e-07
 3.81851e-07
 3.47911e-07
 3.17276e-07
 2.89767e-07
 2.65135e-07
 2.43101e-07
 2.23392e-07
 2.05746e-07
 1.89927e-07
 1.75720e-07
 1.62936e-07
 1.51408e-07
 1.40989e-07
 1.31552e-07
 1.22985e-07
 1.15190e-07
 4.51264e-07
 4.24136e-07
 3.95232e-07
 3.66274e-07
 3.38316e-07
 3.11948e-07
 2.87456e-07
 2.64933e-07
 2.44353e-07
 2.25624e-07
 2.08619e-07
 1.93197e-07
 1.79214e-07
 1.66531e-07
 1.55017e-07
 1.44553e-07
 1.35030e-07
 1.26350e-07
 1.18426e-07
 1.11179e-07
