scalar
part
         1
quad4
 3.38051e-07
 3.27405e-07
 3.12921e-07
 2.96339e-07
 2.78872e-07
 2.61329e-07
 2.44232e-07
 2.27896e-07
 2.12495e-07
 1.98109e-07
 1.84756e-07
 1.72413e-07
 1.61037e-07
 1.50570e-07
 1.40947e-07
 1.32102e-07
 1.23972e-07
 1.16495e-07
 1.09613e-07
 1.03273e-07
 4.19798e-07
 3.97232e-07
 3.72103e-07
 3.46296e-07
 3.20983e-07
 2.96843e-07
 2.74235e-07
 2.53310e-07
 2.34093e-07
 2.16531e-07
 2.00530e-07
 1.85976e-07
 1.72745e-07
 1.60718e-07
 1.49778e-07
 1.39818e-07
 1.30739e-07
 1.22451e-07
 1.14875e-07
 1.07938e-07
 5.20933e-07
 4.80761e-07
 4.40868e-07
 4.02904e-07
 3.67674e-07
 3.35484e-07
 3.06349e-07
 2.80128e-07
 2.56601e-07
 2.35521e-07
 2.16637e-07
 1.99707e-07
 1.84511e-07
 1.70850e-07
 1.58544e-07
 1.47437e-07
 1.37391e-07
 1.28283e-07
 1.20008e-07
 1.12474e-07
 6.44299e-07
 5.79019e-07
 5.19319e-07
 4.65826e-07
 4.18437e-07
 3.76706e-07
 3.40056e-07
 3.07884e-07
 2.79618e-07
 2.54739e-07
 2.32789e-07
 2.13369e-07
 1.96138e-07
 1.80801e-07
 1.67109e-07
 1.54847e-07
 1.43833e-07
 1.33911e-07
 1.24946e-07
 1.16824e-07
 7.91481e-07
 6.91854e-07
 6.06607e-07
 5.34017e-07
 4.72250e-07
 4.19602e-07
 3.74586e-07
 3.35943e-07
 3.02623e-07
 2.73761e-07
 2.48644e-07
 2.26684e-07
 2.07399e-07
 1.90389e-07
 1.75323e-07
 1.61925e-07
 1.49965e-07
 1.39251e-07
 1.29619e-07
 1.20932e-07
 9.61421e-07
 8.17146e-07
 7.00515e-07
 6.05511e-07
 5.27485e-07
 4.62865e-07
 4.08906e-07
 3.63493e-07
 3.24982e-07
 2.92091e-07
 2.63811e-07
 2.39344e-07
 2.18051e-07
 1.99417e-07
 1.83028e-07
 1.68543e-07
 1.55683e-07
 1.44219e-07
 1.33958e-07
 1.24740e-07
 1.14869e-06
 9.50000e-07
 7.97105e-07
 6.77283e-07
 5.81863e-07
 5.04791e-07
 4.41744e-07
 3.89578e-07
 3.45971e-07
 3.09177e-07
 2.77868e-07
 2.51020e-07
 2.27835e-07
 2.07684e-07
 1.90064e-07
 1.74573e-07
 1.60884e-07
 1.48731e-07
 1.37893e-07
 1.28190e-07
 1.34185e-06
 1.08217e-06
 8.90585e-07
 7.45284e-07
 6.32544e-07
 5.43366e-07
 4.71653e-07
 4.13150e-07
 3.64819e-07
 3.24445e-07
 2.90381e-07
 2.61383e-07
 2.36500e-07
 2.14991e-07
 1.96276e-07
 1.79892e-07
 1.65469e-07
 1.52707e-07
 1.41362e-07
 1.31232e-07
 1.52270e-06
 1.20217e-06
 9.73614e-07
 8.04732e-07
 6.76342e-07
 5.76427e-07
 4.97135e-07
 4.33148e-07
 3.80765e-07
 3.37339e-07
 3.00937e-07
 2.70122e-07
 2.43808e-07
 2.21157e-07
 2.01521e-07
 1.84388e-07
 1.69349e-07
 1.56077e-07
 1.44306e-07
 1.33817e-07
 1.66762e-06
 1.29657e-06
 1.03822e-06
 8.50707e-07
 7.10119e-07
 6.01909e-07
 5.16793e-07
 4.48607e-07
 3.93124e-07
 3.47364e-07
 3.09174e-07
 2.76967e-07
 2.49553e-07
 2.26025e-07
 2.05679e-07
 1.87966e-07
 1.72449e-07
 1.58780e-07
 1.46675e-07
 1.35906e-07
 1.75266e-06
 1.35279e-06
 1.07733e-06
 8.79017e-07
 7.31274e-07
 6.18134e-07
 5.29510e-07
 4.58760e-07
 4.01360e-07
 3.54136e-07
 3.14810e-07
 2.81708e-07
 2.53579e-07
 2.29472e-07
 2.08654e-07
 1.90551e-07
 1.74710e-07
 1.60768e-07
 1.48433e-07
 1.37467e-07
 1.76214e-06
 1.36288e-06
 1.08657e-06
 8.87099e-07
 7.38223e-07
 6.24081e-07
 5.34604e-07
 4.63138e-07
 4.05139e-07
 3.57415e-07
 3.17668e-07
 2.84212e-07
 2.55784e-07
 2.31422e-07
 2.10386e-07
 1.92095e-07
 1.76092e-07
 1.62010e-07
 1.49554e-07
 1.38481e-07
 1.69612e-06
 1.32647e-06
 1.06558e-06
 8.74638e-07
 7.30718e-07
 6.19561e-07
 5.31929e-07
 4.61628e-07
 4.04374e-07
 3.57130e-07
 3.17693e-07
 2.84435e-07
 2.56131e-07
 2.31844e-07
 2.10849e-07
 1.92579e-07
 1.76581e-07
 1.62494e-07
 1.50025e-07
 1.38937e-07
 1.57035e-06
 1.25090e-06
 1.01804e-06
 8.43627e-07
 7.09888e-07
 6.05235e-07
 5.21887e-07
 4.54480e-07
 3.99223e-07
 3.53384e-07
 3.14952e-07
 2.82421e-07
 2.54650e-07
 2.30758e-07
 2.10059e-07
 1.92010e-07
 1.76180e-07
 1.62220e-07
 1.49849e-07
 1.38836e-07
 1.40883e-06
 1.14839e-06
 9.50572e-07
 7.97825e-07
 6.77966e-07
 5.82481e-07
 5.05354e-07
 4.42266e-07
 3.90070e-07
 3.46440e-07
 3.09626e-07
 2.78299e-07
 2.51433e-07
 2.28231e-07
 2.08062e-07
 1.90425e-07
 1.74917e-07
 1.61211e-07
 1.49042e-07
 1.38189e-07
 1.23486e-06
 1.03214e-06
 8.70870e-07
 7.41869e-07
 6.37832e-07
 5.53142e-07
 4.83538e-07
 4.25799e-07
 3.77472e-07
 3.36686e-07
 3.01992e-07
 2.72268e-07
 2.46627e-07
 2.24371e-07
 2.04941e-07
 1.87885e-07
 1.72839e-07
 1.59503e-07
 1.47631e-07
 1.37020e-07
 1.06564e-06
 9.13298e-07
 7.86079e-07
 6.80375e-07
 5.92514e-07
 5.19236e-07
 4.57813e-07
 4.06027e-07
 3.62096e-07
 3.24598e-07
 2.92397e-07
 2.64581e-07
 2.40420e-07
 2.19321e-07
 2.00803e-07
 1.84474e-07
 1.70011e-07
 1.57145e-07
 1.45657e-07
 1.35358e-07
 9.11185e-07
 7.99643e-07
 7.01824e-07
 6.17298e-07
 5.44777e-07
 4.82704e-07
 4.29550e-07
 3.83931e-07
 3.44650e-07
 3.10695e-07
 2.81221e-07
 2.55526e-07
 2.33027e-07
 2.13243e-07
 1.95775e-07
 1.80289e-07
 1.66508e-07
 1.54199e-07
 1.43166e-07
 1.33244e-07
 7.75787e-07
 6.95676e-07
 6.21924e-07
 5.55632e-07
 4.96882e-07
 4.45231e-07
 3.99998e-07
 3.60438e-07
 3.25827e-07
 2.95497e-07
 2.68859e-07
 2.45401e-07
 2.24679e-07
 2.06318e-07
 1.89996e-07
 1.75440e-07
 1.62418e-07
 1.50733e-07
 1.40215e-07
 1.30721e-07
 6.60027e-07
 6.03346e-07
 5.48580e-07
 4.97380e-07
 4.50505e-07
 4.08156e-07
 3.70208e-07
 3.36365e-07
 3.06256e-07
 2.79491e-07
 2.55690e-07
 2.34501e-07
 2.15607e-07
 1.98726e-07
 1.83609e-07
 1.70041e-07
 1.57832e-07
 1.46820e-07
 1.36863e-07
 1.27837e-07
