scalar
part
         1
quad4
 3.56849e-07
 3.42792e-07
 3.25486e-07
 3.06596e-07
 2.87252e-07
 2.68190e-07
 2.49862e-07
 2.32529e-07
 2.16318e-07
 2.01272e-07
 1.87378e-07
 1.74592e-07
 1.62851e-07
 1.52080e-07
 1.42206e-07
 1.33151e-07
 1.24845e-07
 1.17221e-07
 1.10215e-07
 1.03770e-07
 4.39553e-07
 4.12956e-07
 3.84613e-07
 3.56265e-07
 3.28947e-07
 3.03227e-07
 2.79370e-07
 2.57455e-07
 2.37449e-07
 2.19255e-07
 2.02745e-07
 1.87779e-07
 1.74215e-07
 1.61914e-07
 1.50750e-07
 1.40605e-07
 1.31374e-07
 1.22960e-07
 1.15278e-07
 1.08253e-07
 5.41195e-07
 4.96356e-07
 4.52900e-07
 4.12222e-07
 3.74923e-07
 3.41150e-07
 3.10795e-07
 2.83629e-07
 2.59366e-07
 2.37707e-07
 2.18365e-07
 2.01072e-07
 1.85586e-07
 1.71690e-07
 1.59196e-07
 1.47936e-07
 1.37765e-07
 1.28555e-07
 1.20197e-07
 1.12594e-07
 6.64278e-07
 5.93783e-07
 5.30292e-07
 4.74033e-07
 4.24612e-07
 3.81375e-07
 3.43599e-07
 3.10577e-07
 2.81663e-07
 2.56287e-07
 2.33952e-07
 2.14233e-07
 1.96768e-07
 1.81246e-07
 1.67408e-07
 1.55031e-07
 1.43925e-07
 1.33929e-07
 1.24906e-07
 1.16738e-07
 8.09925e-07
 7.04801e-07
 6.15777e-07
 5.40561e-07
 4.76944e-07
 4.22974e-07
 3.77001e-07
 3.37658e-07
 3.03822e-07
 2.74575e-07
 2.49168e-07
 2.26990e-07
 2.07540e-07
 1.90404e-07
 1.75242e-07
 1.61771e-07
 1.49757e-07
 1.39001e-07
 1.29339e-07
 1.20630e-07
 9.76529e-07
 8.27008e-07
 7.07001e-07
 6.09779e-07
 5.30267e-07
 4.64634e-07
 4.09976e-07
 3.64073e-07
 3.25218e-07
 2.92083e-07
 2.63631e-07
 2.39042e-07
 2.17663e-07
 1.98971e-07
 1.82542e-07
 1.68033e-07
 1.55159e-07
 1.43689e-07
 1.33428e-07
 1.24213e-07
 1.15816e-06
 9.55315e-07
 7.99971e-07
 6.78665e-07
 5.82328e-07
 5.04682e-07
 4.41276e-07
 3.88888e-07
 3.45146e-07
 3.08276e-07
 2.76930e-07
 2.50070e-07
 2.26890e-07
 2.06754e-07
 1.89157e-07
 1.73693e-07
 1.60034e-07
 1.47912e-07
 1.37107e-07
 1.27435e-07
 1.34319e-06
 1.08152e-06
 8.88991e-07
 7.43264e-07
 6.30363e-07
 5.41166e-07
 4.69505e-07
 4.11091e-07
 3.62866e-07
 3.22604e-07
 2.88650e-07
 2.59760e-07
 2.34978e-07
 2.13564e-07
 1.94937e-07
 1.78635e-07
 1.64287e-07
 1.51596e-07
 1.40315e-07
 1.30244e-07
 1.51392e-06
 1.19454e-06
 9.67004e-07
 7.98991e-07
 6.71327e-07
 5.72018e-07
 4.93232e-07
 4.29673e-07
 3.77653e-07
 3.34536e-07
 2.98401e-07
 2.67817e-07
 2.41703e-07
 2.19229e-07
 1.99748e-07
 1.82752e-07
 1.67835e-07
 1.54672e-07
 1.42998e-07
 1.32597e-07
 1.64810e-06
 1.28171e-06
 1.02650e-06
 8.41213e-07
 7.02264e-07
 5.95296e-07
 5.11146e-07
 4.43726e-07
 3.88863e-07
 3.43610e-07
 3.05841e-07
 2.73988e-07
 2.46874e-07
 2.23602e-07
 2.03477e-07
 1.85956e-07
 1.70607e-07
 1.57085e-07
 1.45111e-07
 1.34458e-07
 1.72363e-06
 1.33140e-06
 1.06093e-06
 8.66049e-07
 7.20766e-07
 6.09450e-07
 5.22214e-07
 4.52546e-07
 3.96004e-07
 3.49473e-07
 3.10714e-07
 2.78081e-07
 2.50346e-07
 2.26572e-07
 2.06038e-07
 1.88179e-07
 1.72549e-07
 1.58792e-07
 1.46620e-07
 1.35797e-07
 1.72632e-06
 1.33645e-06
 1.06637e-06
 8.71206e-07
 7.25424e-07
 6.13573e-07
 5.25835e-07
 4.55717e-07
 3.98783e-07
 3.51913e-07
 3.12863e-07
 2.79981e-07
 2.52031e-07
 2.28071e-07
 2.07377e-07
 1.89380e-07
 1.73629e-07
 1.59767e-07
 1.47501e-07
 1.36597e-07
 1.65666e-06
 1.29684e-06
 1.04269e-06
 8.56541e-07
 7.16109e-07
 6.07559e-07
 5.21919e-07
 4.53169e-07
 3.97142e-07
 3.50885e-07
 3.12252e-07
 2.79656e-07
 2.51903e-07
 2.28079e-07
 2.07478e-07
 1.89543e-07
 1.73834e-07
 1.59997e-07
 1.47748e-07
 1.36851e-07
 1.52997e-06
 1.21982e-06
 9.93627e-07
 8.24094e-07
 6.93997e-07
 5.92111e-07
 5.10904e-07
 4.45179e-07
 3.91264e-07
 3.46508e-07
 3.08961e-07
 2.77161e-07
 2.50000e-07
 2.26622e-07
 2.06358e-07
 1.88682e-07
 1.73173e-07
 1.59491e-07
 1.47363e-07
 1.36561e-07
 1.36946e-06
 1.11727e-06
 9.25635e-07
 7.77576e-07
 6.61309e-07
 5.68613e-07
 4.93677e-07
 4.32333e-07
 3.81542e-07
 3.39054e-07
 3.03180e-07
 2.72634e-07
 2.46422e-07
 2.23772e-07
 2.04073e-07
 1.86838e-07
 1.71676e-07
 1.58272e-07
 1.46365e-07
 1.35742e-07
 1.19768e-06
 1.00198e-06
 8.46199e-07
 7.21510e-07
 6.20871e-07
 5.38878e-07
 4.71434e-07
 4.15438e-07
 3.68533e-07
 3.28915e-07
 2.95191e-07
 2.66276e-07
 2.41318e-07
 2.19640e-07
 2.00704e-07
 1.84073e-07
 1.69394e-07
 1.56377e-07
 1.44784e-07
 1.34417e-07
 1.03124e-06
 8.84715e-07
 7.62236e-07
 6.60374e-07
 5.75627e-07
 5.04878e-07
 4.45520e-07
 3.95428e-07
 3.52897e-07
 3.16563e-07
 2.85336e-07
 2.58341e-07
 2.34875e-07
 2.14370e-07
 1.96362e-07
 1.80472e-07
 1.66390e-07
 1.53857e-07
 1.42660e-07
 1.32618e-07
 8.79785e-07
 7.72983e-07
 6.79167e-07
 5.97990e-07
 5.28255e-07
 4.68498e-07
 4.17271e-07
 3.73261e-07
 3.35328e-07
 3.02508e-07
 2.73993e-07
 2.49112e-07
 2.27310e-07
 2.08125e-07
 1.91172e-07
 1.76134e-07
 1.62743e-07
 1.50775e-07
 1.40042e-07
 1.30384e-07
 7.47356e-07
 6.71071e-07
 6.00655e-07
 5.37234e-07
 4.80935e-07
 4.31365e-07
 3.87899e-07
 3.49838e-07
 3.16500e-07
 2.87256e-07
 2.61547e-07
 2.38884e-07
 2.18849e-07
 2.01081e-07
 1.85274e-07
 1.71167e-07
 1.58538e-07
 1.47198e-07
 1.36985e-07
 1.27761e-07
 6.34403e-07
 5.80792e-07
 5.28782e-07
 4.80017e-07
 4.35270e-07
 3.94767e-07
 3.58414e-07
 3.25947e-07
 2.97024e-07
 2.71283e-07
 2.48366e-07
 2.27944e-07
 2.09717e-07
 1.93416e-07
 1.78807e-07
 1.65684e-07
 1.53867e-07
 1.43200e-07
 1.33549e-07
 1.24796e-07
