scalar
part
         1
quad4
 3.92033e-07
 3.71670e-07
 3.49022e-07
 3.25682e-07
 3.02675e-07
 2.80619e-07
 2.59855e-07
 2.40544e-07
 2.22729e-07
 2.06381e-07
 1.91430e-07
 1.77784e-07
 1.65342e-07
 1.53999e-07
 1.43656e-07
 1.34218e-07
 1.25598e-07
 1.17715e-07
 1.10497e-07
 1.03878e-07
 4.76488e-07
 4.42383e-07
 4.07904e-07
 3.74615e-07
 3.43355e-07
 3.14506e-07
 2.88170e-07
 2.64292e-07
 2.42730e-07
 2.23302e-07
 2.05810e-07
 1.90061e-07
 1.75871e-07
 1.63070e-07
 1.51505e-07
 1.41038e-07
 1.31549e-07
 1.22927e-07
 1.15080e-07
 1.07922e-07
 5.79051e-07
 5.25413e-07
 4.75068e-07
 4.29058e-07
 3.87656e-07
 3.50731e-07
 3.17955e-07
 2.88927e-07
 2.63227e-07
 2.40458e-07
 2.20254e-07
 2.02292e-07
 1.86285e-07
 1.71984e-07
 1.59174e-07
 1.47669e-07
 1.37307e-07
 1.27951e-07
 1.19481e-07
 1.11793e-07
 7.01544e-07
 6.21035e-07
 5.50094e-07
 4.88330e-07
 4.34847e-07
 3.88611e-07
 3.48612e-07
 3.13939e-07
 2.83794e-07
 2.57498e-07
 2.34475e-07
 2.14241e-07
 1.96390e-07
 1.80583e-07
 1.66533e-07
 1.54002e-07
 1.42785e-07
 1.32713e-07
 1.23639e-07
 1.15441e-07
 8.44086e-07
 7.28136e-07
 6.31542e-07
 5.51036e-07
 4.83711e-07
 4.27132e-07
 3.79317e-07
 3.38669e-07
 3.03907e-07
 2.74005e-07
 2.48139e-07
 2.25641e-07
 2.05973e-07
 1.88694e-07
 1.73443e-07
 1.59924e-07
 1.47890e-07
 1.37137e-07
 1.27492e-07
 1.18812e-07
 1.00371e-06
 8.43526e-07
 7.16627e-07
 6.14926e-07
 5.32489e-07
 4.64942e-07
 4.09034e-07
 3.62323e-07
 3.22955e-07
 2.89508e-07
 2.60880e-07
 2.36208e-07
 2.14809e-07
 1.96139e-07
 1.79762e-07
 1.65322e-07
 1.52530e-07
 1.41148e-07
 1.30978e-07
 1.21856e-07
 1.17290e-06
 9.61374e-07
 8.01038e-07
 6.76865e-07
 5.78909e-07
 5.00388e-07
 4.36552e-07
 3.84007e-07
 3.40271e-07
 3.03504e-07
 2.72317e-07
 2.45647e-07
 2.22670e-07
 2.02742e-07
 1.85350e-07
 1.70084e-07
 1.56615e-07
 1.44673e-07
 1.34038e-07
 1.24526e-07
 1.33878e-06
 1.07311e-06
 8.79052e-07
 7.32989e-07
 6.20326e-07
 5.31629e-07
 4.60573e-07
 4.02789e-07
 3.55178e-07
 3.15494e-07
 2.82076e-07
 2.53676e-07
 2.29342e-07
 2.08334e-07
 1.90075e-07
 1.74108e-07
 1.60064e-07
 1.47648e-07
 1.36619e-07
 1.26778e-07
 1.48369e-06
 1.16809e-06
 9.44068e-07
 7.79085e-07
 6.53978e-07
 5.56812e-07
 4.79823e-07
 4.17778e-07
 3.67039e-07
 3.25015e-07
 2.89817e-07
 2.60041e-07
 2.34629e-07
 2.12767e-07
 1.93824e-07
 1.77302e-07
 1.62805e-07
 1.50016e-07
 1.38676e-07
 1.28575e-07
 1.58783e-06
 1.23526e-06
 9.89598e-07
 8.11190e-07
 6.77355e-07
 5.74297e-07
 4.93201e-07
 4.28215e-07
 3.75321e-07
 3.31685e-07
 2.95259e-07
 2.64534e-07
 2.38377e-07
 2.15923e-07
 1.96504e-07
 1.79595e-07
 1.64782e-07
 1.51730e-07
 1.40172e-07
 1.29888e-07
 1.63395e-06
 1.26556e-06
 1.01057e-06
 8.26297e-07
 6.88598e-07
 5.82889e-07
 4.99915e-07
 4.33561e-07
 3.79646e-07
 3.35234e-07
 2.98207e-07
 2.67009e-07
 2.40475e-07
 2.17718e-07
 1.98050e-07
 1.80938e-07
 1.65954e-07
 1.52761e-07
 1.41082e-07
 1.30695e-07
 1.61336e-06
 1.25461e-06
 1.00457e-06
 8.23004e-07
 6.86845e-07
 5.82036e-07
 4.99597e-07
 4.33562e-07
 3.79837e-07
 3.35534e-07
 2.98566e-07
 2.67397e-07
 2.40871e-07
 2.18110e-07
 1.98432e-07
 1.81303e-07
 1.66302e-07
 1.53090e-07
 1.41392e-07
 1.30987e-07
 1.53002e-06
 1.20430e-06
 9.72593e-07
 8.01854e-07
 6.72404e-07
 5.71918e-07
 4.92355e-07
 4.28286e-07
 3.75934e-07
 3.32610e-07
 2.96353e-07
 2.65706e-07
 2.39570e-07
 2.17103e-07
 1.97649e-07
 1.80693e-07
 1.65825e-07
 1.52718e-07
 1.41102e-07
 1.30762e-07
 1.39951e-06
 1.12240e-06
 9.18813e-07
 7.65227e-07
 6.46700e-07
 5.53422e-07
 4.78759e-07
 4.18107e-07
 3.68192e-07
 3.26638e-07
 2.91689e-07
 2.62025e-07
 2.36636e-07
 2.14743e-07
 1.95737e-07
 1.79132e-07
 1.64544e-07
 1.51659e-07
 1.40224e-07
 1.30029e-07
 1.24288e-06
 1.02005e-06
 8.49479e-07
 7.16807e-07
 6.11995e-07
 5.27985e-07
 4.59750e-07
 4.03658e-07
 3.57044e-07
 3.17923e-07
 2.84794e-07
 2.56511e-07
 2.32185e-07
 2.11118e-07
 1.92761e-07
 1.76672e-07
 1.62496e-07
 1.49945e-07
 1.38780e-07
 1.28807e-07
 1.07976e-06
 9.08651e-07
 7.71421e-07
 6.60814e-07
 5.70976e-07
 4.97366e-07
 4.36509e-07
 3.85751e-07
 3.43059e-07
 3.06868e-07
 2.75960e-07
 2.49380e-07
 2.26377e-07
 2.06349e-07
 1.88814e-07
 1.73383e-07
 1.59738e-07
 1.47617e-07
 1.36806e-07
 1.27124e-07
 9.24249e-07
 7.97538e-07
 6.90752e-07
 6.01281e-07
 5.26342e-07
 4.63402e-07
 4.10306e-07
 3.65278e-07
 3.26876e-07
 2.93938e-07
 2.65527e-07
 2.40887e-07
 2.19404e-07
 2.00580e-07
 1.84008e-07
 1.69353e-07
 1.56337e-07
 1.44732e-07
 1.34344e-07
 1.25013e-07
 7.84239e-07
 6.93031e-07
 6.12140e-07
 5.41561e-07
 4.80484e-07
 4.27801e-07
 3.82370e-07
 3.43132e-07
 3.09149e-07
 2.79619e-07
 2.53861e-07
 2.31306e-07
 2.11477e-07
 1.93976e-07
 1.78470e-07
 1.64680e-07
 1.52373e-07
 1.41350e-07
 1.31445e-07
 1.22517e-07
 6.62769e-07
 5.98600e-07
 5.38647e-07
 4.84115e-07
 4.35299e-07
 3.92002e-07
 3.53788e-07
 3.20132e-07
 2.90498e-07
 2.64381e-07
 2.41322e-07
 2.20916e-07
 2.02812e-07
 1.86705e-07
 1.72333e-07
 1.59472e-07
 1.47930e-07
 1.37541e-07
 1.28165e-07
 1.19679e-07
 5.59802e-07
 5.15556e-07
 4.71933e-07
 4.30525e-07
 3.92149e-07
 3.57119e-07
 3.25449e-07
 2.96981e-07
 2.71475e-07
 2.48657e-07
 2.28249e-07
 2.09986e-07
 1.93622e-07
 1.78937e-07
 1.65733e-07
 1.53837e-07
 1.43096e-07
 1.33376e-07
 1.24561e-07
 1.16548e-07
