scalar
part
         1
quad4
 4.60300e-07
 4.31823e-07
 4.01746e-07
 3.71788e-07
 3.42986e-07
 3.15912e-07
 2.90830e-07
 2.67815e-07
 2.46825e-07
 2.27753e-07
 2.10460e-07
 1.94796e-07
 1.80608e-07
 1.67752e-07
 1.56090e-07
 1.45500e-07
 1.35868e-07
 1.27095e-07
 1.19090e-07
 1.11773e-07
 5.55289e-07
 5.10328e-07
 4.66309e-07
 4.24819e-07
 3.86598e-07
 3.51880e-07
 3.20610e-07
 2.92582e-07
 2.67524e-07
 2.45140e-07
 2.25140e-07
 2.07253e-07
 1.91232e-07
 1.76855e-07
 1.63928e-07
 1.52279e-07
 1.41757e-07
 1.32232e-07
 1.23588e-07
 1.15727e-07
 6.69814e-07
 6.01727e-07
 5.39250e-07
 4.83208e-07
 4.33568e-07
 3.89890e-07
 3.51568e-07
 3.17968e-07
 2.88480e-07
 2.62554e-07
 2.39705e-07
 2.19511e-07
 2.01610e-07
 1.85692e-07
 1.71493e-07
 1.58788e-07
 1.47385e-07
 1.37121e-07
 1.27854e-07
 1.19465e-07
 8.05340e-07
 7.05842e-07
 6.19740e-07
 5.45949e-07
 4.82922e-07
 4.29079e-07
 3.82978e-07
 3.43371e-07
 3.09204e-07
 2.79601e-07
 2.53837e-07
 2.31312e-07
 2.11533e-07
 1.94090e-07
 1.78645e-07
 1.64914e-07
 1.52660e-07
 1.41686e-07
 1.31825e-07
 1.22934e-07
 9.61053e-07
 8.20746e-07
 7.05720e-07
 6.11206e-07
 5.33139e-07
 4.68231e-07
 4.13880e-07
 3.68041e-07
 3.29109e-07
 2.95820e-07
 2.67173e-07
 2.42371e-07
 2.20776e-07
 2.01872e-07
 1.85240e-07
 1.70539e-07
 1.57487e-07
 1.45851e-07
 1.35436e-07
 1.26081e-07
 1.13218e-06
 9.41989e-07
 7.93586e-07
 6.76212e-07
 5.82138e-07
 5.05791e-07
 4.43112e-07
 3.91106e-07
 3.47536e-07
 3.10710e-07
 2.79329e-07
 2.52390e-07
 2.29106e-07
 2.08853e-07
 1.91134e-07
 1.75550e-07
 1.61773e-07
 1.49539e-07
 1.38628e-07
 1.28856e-07
 1.30839e-06
 1.06210e-06
 8.78097e-07
 7.37307e-07
 6.27351e-07
 5.39939e-07
 4.69369e-07
 4.11619e-07
 3.63790e-07
 3.23753e-07
 2.89917e-07
 2.61074e-07
 2.36296e-07
 2.14857e-07
 1.96189e-07
 1.79835e-07
 1.65432e-07
 1.52682e-07
 1.41342e-07
 1.31215e-07
 1.47333e-06
 1.17083e-06
 9.52714e-07
 7.90231e-07
 6.65938e-07
 5.68743e-07
 4.91311e-07
 4.28632e-07
 3.77189e-07
 3.34453e-07
 2.98568e-07
 2.68146e-07
 2.42136e-07
 2.19725e-07
 2.00279e-07
 1.83299e-07
 1.68385e-07
 1.55216e-07
 1.43531e-07
 1.33115e-07
 1.60654e-06
 1.25648e-06
 1.01046e-06
 8.30658e-07
 6.95131e-07
 5.90378e-07
 5.07703e-07
 4.41292e-07
 3.87130e-07
 3.42375e-07
 3.04964e-07
 2.73371e-07
 2.46449e-07
 2.23319e-07
 2.03300e-07
 1.85858e-07
 1.70569e-07
 1.57093e-07
 1.45153e-07
 1.34524e-07
 1.68799e-06
 1.30831e-06
 1.04520e-06
 8.54917e-07
 7.12638e-07
 6.03364e-07
 5.17561e-07
 4.48925e-07
 3.93144e-07
 3.47185e-07
 3.08862e-07
 2.76569e-07
 2.49100e-07
 2.25538e-07
 2.05174e-07
 1.87453e-07
 1.71936e-07
 1.58272e-07
 1.46177e-07
 1.35418e-07
 1.70401e-06
 1.31925e-06
 1.05301e-06
 8.60696e-07
 7.17038e-07
 6.06791e-07
 5.20284e-07
 4.51125e-07
 3.94947e-07
 3.48681e-07
 3.10117e-07
 2.77632e-07
 2.50009e-07
 2.26320e-07
 2.05853e-07
 1.88046e-07
 1.72457e-07
 1.58732e-07
 1.46585e-07
 1.35782e-07
 1.65203e-06
 1.28794e-06
 1.03313e-06
 8.47535e-07
 7.08038e-07
 6.00469e-07
 5.15743e-07
 4.47800e-07
 3.92473e-07
 3.46815e-07
 3.08693e-07
 2.76534e-07
 2.49154e-07
 2.25651e-07
 2.05324e-07
 1.87627e-07
 1.72123e-07
 1.58465e-07
 1.46371e-07
 1.35611e-07
 1.54177e-06
 1.21924e-06
 9.88158e-07
 8.16928e-07
 6.86531e-07
 5.84951e-07
 5.04291e-07
 4.39184e-07
 3.85881e-07
 3.41696e-07
 3.04666e-07
 2.73329e-07
 2.46576e-07
 2.23557e-07
 2.03610e-07
 1.86212e-07
 1.70948e-07
 1.57482e-07
 1.45544e-07
 1.34911e-07
 1.39168e-06
 1.12275e-06
 9.23431e-07
 7.71986e-07
 6.54419e-07
 5.61442e-07
 4.86716e-07
 4.25805e-07
 3.75533e-07
 3.33578e-07
 2.98218e-07
 2.68148e-07
 2.42371e-07
 2.20113e-07
 2.00765e-07
 1.83844e-07
 1.68963e-07
 1.55807e-07
 1.44122e-07
 1.33698e-07
 1.22285e-06
 1.01008e-06
 8.45689e-07
 7.16794e-07
 6.14264e-07
 5.31600e-07
 4.64123e-07
 4.08417e-07
 3.61953e-07
 3.22835e-07
 2.89617e-07
 2.61190e-07
 2.36688e-07
 2.15429e-07
 1.96874e-07
 1.80588e-07
 1.66219e-07
 1.53481e-07
 1.42138e-07
 1.31997e-07
 1.05329e-06
 8.92157e-07
 7.61702e-07
 6.55657e-07
 5.68875e-07
 4.97302e-07
 4.37791e-07
 3.87910e-07
 3.45774e-07
 3.09920e-07
 2.79197e-07
 2.52701e-07
 2.29710e-07
 2.09647e-07
 1.92046e-07
 1.76528e-07
 1.62783e-07
 1.50556e-07
 1.39634e-07
 1.29841e-07
 8.95194e-07
 7.77436e-07
 6.77205e-07
 5.92469e-07
 5.20923e-07
 4.60404e-07
 4.09029e-07
 3.65218e-07
 3.27673e-07
 2.95332e-07
 2.67329e-07
 2.42960e-07
 2.21650e-07
 2.02928e-07
 1.86406e-07
 1.71763e-07
 1.58733e-07
 1.47093e-07
 1.36659e-07
 1.27272e-07
 7.54930e-07
 6.71342e-07
 5.96381e-07
 5.30334e-07
 4.72680e-07
 4.22564e-07
 3.79051e-07
 3.41240e-07
 3.08318e-07
 2.79571e-07
 2.54391e-07
 2.32258e-07
 2.12733e-07
 1.95448e-07
 1.80092e-07
 1.66401e-07
 1.54154e-07
 1.43164e-07
 1.33269e-07
 1.24334e-07
 6.34479e-07
 5.76623e-07
 5.21836e-07
 4.71438e-07
 4.25884e-07
 3.85136e-07
 3.48901e-07
 3.16776e-07
 2.88323e-07
 2.63113e-07
 2.40752e-07
 2.20880e-07
 2.03183e-07
 1.87384e-07
 1.73244e-07
 1.60556e-07
 1.49139e-07
 1.38839e-07
 1.29524e-07
 1.21077e-07
 5.33153e-07
 4.94073e-07
 4.54853e-07
 4.17111e-07
 3.81734e-07
 3.49130e-07
 3.19405e-07
 2.92491e-07
 2.68220e-07
 2.46381e-07
 2.26748e-07
 2.09096e-07
 1.93215e-07
 1.78909e-07
 1.66003e-07
 1.54339e-07
 1.43778e-07
 1.34196e-07
 1.25486e-07
 1.17551e-07
