scalar
part
         1
quad4
 3.36413e-07
 3.25921e-07
 3.11591e-07
 2.95156e-07
 2.77822e-07
 2.60399e-07
 2.43408e-07
 2.27164e-07
 2.11844e-07
 1.97528e-07
 1.84236e-07
 1.71947e-07
 1.60617e-07
 1.50190e-07
 1.40602e-07
 1.31788e-07
 1.23686e-07
 1.16233e-07
 1.09372e-07
 1.03052e-07
 4.17857e-07
 3.95515e-07
 3.70595e-07
 3.44980e-07
 3.19834e-07
 2.95840e-07
 2.73357e-07
 2.52539e-07
 2.33413e-07
 2.15929e-07
 1.99995e-07
 1.85498e-07
 1.72317e-07
 1.60333e-07
 1.49430e-07
 1.39502e-07
 1.30451e-07
 1.22189e-07
 1.14634e-07
 1.07717e-07
 5.18633e-07
 4.78778e-07
 4.39170e-07
 4.01450e-07
 3.66428e-07
 3.34412e-07
 3.05422e-07
 2.79322e-07
 2.55898e-07
 2.34903e-07
 2.16091e-07
 1.99222e-07
 1.84079e-07
 1.70462e-07
 1.58195e-07
 1.47121e-07
 1.37104e-07
 1.28021e-07
 1.19769e-07
 1.12254e-07
 6.41581e-07
 5.76750e-07
 5.17426e-07
 4.64241e-07
 4.17102e-07
 3.75575e-07
 3.39091e-07
 3.07054e-07
 2.78899e-07
 2.54111e-07
 2.32237e-07
 2.12882e-07
 1.95705e-07
 1.80414e-07
 1.66761e-07
 1.54534e-07
 1.43549e-07
 1.33652e-07
 1.24710e-07
 1.16608e-07
 7.88307e-07
 6.89296e-07
 6.04532e-07
 5.32320e-07
 4.70847e-07
 4.18430e-07
 3.73597e-07
 3.35099e-07
 3.01898e-07
 2.73132e-07
 2.48094e-07
 2.26201e-07
 2.06971e-07
 1.90007e-07
 1.74980e-07
 1.61616e-07
 1.49686e-07
 1.38997e-07
 1.29387e-07
 1.20720e-07
 9.57798e-07
 8.14334e-07
 6.98299e-07
 6.03737e-07
 5.26042e-07
 4.61675e-07
 4.07912e-07
 3.62652e-07
 3.24263e-07
 2.91470e-07
 2.63271e-07
 2.38870e-07
 2.17631e-07
 1.99044e-07
 1.82693e-07
 1.68242e-07
 1.55411e-07
 1.43971e-07
 1.33732e-07
 1.24533e-07
 1.14471e-06
 9.47025e-07
 7.94821e-07
 6.75489e-07
 5.80425e-07
 5.03616e-07
 4.40769e-07
 3.88758e-07
 3.45272e-07
 3.08575e-07
 2.77345e-07
 2.50561e-07
 2.27430e-07
 2.07323e-07
 1.89741e-07
 1.74282e-07
 1.60621e-07
 1.48492e-07
 1.37675e-07
 1.27990e-07
 1.33775e-06
 1.07919e-06
 8.88343e-07
 7.43545e-07
 6.31161e-07
 5.42243e-07
 4.70724e-07
 4.12369e-07
 3.64155e-07
 3.23873e-07
 2.89883e-07
 2.60947e-07
 2.36114e-07
 2.14648e-07
 1.95968e-07
 1.79614e-07
 1.65217e-07
 1.52478e-07
 1.41153e-07
 1.31040e-07
 1.51883e-06
 1.19941e-06
 9.71547e-07
 8.03133e-07
 6.75071e-07
 5.75394e-07
 4.96278e-07
 4.32427e-07
 3.80149e-07
 3.36807e-07
 3.00473e-07
 2.69714e-07
 2.43446e-07
 2.20834e-07
 2.01231e-07
 1.84126e-07
 1.69111e-07
 1.55860e-07
 1.44107e-07
 1.33634e-07
 1.66440e-06
 1.29425e-06
 1.03646e-06
 8.49331e-07
 7.09013e-07
 6.01000e-07
 5.16032e-07
 4.47961e-07
 3.92569e-07
 3.46882e-07
 3.08751e-07
 2.76593e-07
 2.49220e-07
 2.25726e-07
 2.05409e-07
 1.87721e-07
 1.72227e-07
 1.58576e-07
 1.46489e-07
 1.35734e-07
 1.75043e-06
 1.35108e-06
 1.07598e-06
 8.77927e-07
 7.30373e-07
 6.17377e-07
 5.28865e-07
 4.58204e-07
 4.00876e-07
 3.53711e-07
 3.14433e-07
 2.81372e-07
 2.53278e-07
 2.29200e-07
 2.08407e-07
 1.90326e-07
 1.74504e-07
 1.60579e-07
 1.48259e-07
 1.37307e-07
 1.76103e-06
 1.36186e-06
 1.08568e-06
 8.86324e-07
 7.37548e-07
 6.23491e-07
 5.34086e-07
 4.62681e-07
 4.04732e-07
 3.57052e-07
 3.17342e-07
 2.83918e-07
 2.55517e-07
 2.31179e-07
 2.10164e-07
 1.91892e-07
 1.75905e-07
 1.61838e-07
 1.49394e-07
 1.38333e-07
 1.69598e-06
 1.32610e-06
 1.06512e-06
 8.74173e-07
 7.30269e-07
 6.19140e-07
 5.31540e-07
 4.61271e-07
 4.04047e-07
 3.56831e-07
 3.17419e-07
 2.84184e-07
 2.55900e-07
 2.31631e-07
 2.10653e-07
 1.92397e-07
 1.76412e-07
 1.62337e-07
 1.49879e-07
 1.38801e-07
 1.57090e-06
 1.25104e-06
 1.01796e-06
 8.43436e-07
 7.09646e-07
 6.04972e-07
 5.21622e-07
 4.54220e-07
 3.98975e-07
 3.53149e-07
 3.14730e-07
 2.82213e-07
 2.54455e-07
 2.30576e-07
 2.09888e-07
 1.91850e-07
 1.76030e-07
 1.62080e-07
 1.49718e-07
 1.38712e-07
 1.40978e-06
 1.14887e-06
 9.50768e-07
 7.97856e-07
 6.77899e-07
 5.82358e-07
 5.05200e-07
 4.42096e-07
 3.89895e-07
 3.46265e-07
 3.09454e-07
 2.78133e-07
 2.51274e-07
 2.28079e-07
 2.07918e-07
 1.90288e-07
 1.74787e-07
 1.61088e-07
 1.48926e-07
 1.38079e-07
 1.23598e-06
 1.03282e-06
 8.71253e-07
 7.42064e-07
 6.37904e-07
 5.53134e-07
 4.83481e-07
 4.25709e-07
 3.77364e-07
 3.36566e-07
 3.01868e-07
 2.72141e-07
 2.46502e-07
 2.24249e-07
 2.04822e-07
 1.87770e-07
 1.72728e-07
 1.59397e-07
 1.47530e-07
 1.36922e-07
 1.06678e-06
 9.14059e-07
 7.86572e-07
 6.80680e-07
 5.92688e-07
 5.19319e-07
 4.57834e-07
 4.06005e-07
 3.62045e-07
 3.24529e-07
 2.92315e-07
 2.64492e-07
 2.40326e-07
 2.19225e-07
 2.00708e-07
 1.84380e-07
 1.69918e-07
 1.57055e-07
 1.45569e-07
 1.35274e-07
 9.12269e-07
 8.00421e-07
 7.02369e-07
 6.17669e-07
 5.45020e-07
 4.82854e-07
 4.29632e-07
 3.83964e-07
 3.44649e-07
 3.10669e-07
 2.81177e-07
 2.55469e-07
 2.32962e-07
 2.13173e-07
 1.95702e-07
 1.80214e-07
 1.66433e-07
 1.54124e-07
 1.43092e-07
 1.33171e-07
 7.76781e-07
 6.96428e-07
 6.22481e-07
 5.56037e-07
 4.97169e-07
 4.45428e-07
 4.00127e-07
 3.60516e-07
 3.25865e-07
 2.95507e-07
 2.68848e-07
 2.45374e-07
 2.24641e-07
 2.06271e-07
 1.89943e-07
 1.75384e-07
 1.62359e-07
 1.50672e-07
 1.40154e-07
 1.30660e-07
 6.60922e-07
 6.04053e-07
 5.49127e-07
 4.97796e-07
 4.50816e-07
 4.08383e-07
 3.70369e-07
 3.36475e-07
 3.06327e-07
 2.79530e-07
 2.55706e-07
 2.34499e-07
 2.15591e-07
 1.98700e-07
 1.83575e-07
 1.70001e-07
 1.57789e-07
 1.46774e-07
 1.36815e-07
 1.27788e-07
