scalar
part
         1
quad4
 5.97207e-07
 5.48702e-07
 5.01185e-07
 4.56304e-07
 4.14878e-07
 3.77194e-07
 3.43225e-07
 3.12773e-07
 2.85554e-07
 2.61255e-07
 2.39564e-07
 2.20186e-07
 2.02850e-07
 1.87315e-07
 1.73365e-07
 1.60812e-07
 1.49490e-07
 1.39255e-07
 1.29981e-07
 1.21558e-07
 7.06178e-07
 6.36276e-07
 5.71290e-07
 5.12423e-07
 4.59912e-07
 4.13482e-07
 3.72616e-07
 3.36713e-07
 3.05170e-07
 2.77425e-07
 2.52972e-07
 2.31369e-07
 2.12230e-07
 1.95225e-07
 1.80071e-07
 1.66525e-07
 1.54380e-07
 1.43459e-07
 1.33611e-07
 1.24706e-07
 8.34542e-07
 7.35663e-07
 6.48330e-07
 5.72408e-07
 5.06918e-07
 4.50591e-07
 4.02144e-07
 3.60397e-07
 3.24317e-07
 2.93022e-07
 2.65771e-07
 2.41945e-07
 2.21027e-07
 2.02588e-07
 1.86270e-07
 1.71773e-07
 1.58846e-07
 1.47279e-07
 1.36894e-07
 1.27539e-07
 9.82201e-07
 8.45358e-07
 7.30464e-07
 6.34528e-07
 5.54420e-07
 4.87322e-07
 4.30858e-07
 3.83079e-07
 3.42411e-07
 3.07591e-07
 2.77604e-07
 2.51633e-07
 2.29020e-07
 2.09228e-07
 1.91822e-07
 1.76444e-07
 1.62799e-07
 1.50642e-07
 1.39768e-07
 1.30008e-07
 1.14572e-06
 9.61529e-07
 8.14350e-07
 6.96119e-07
 6.00376e-07
 5.22136e-07
 4.57603e-07
 4.03892e-07
 3.58801e-07
 3.20638e-07
 2.88093e-07
 2.60144e-07
 2.35983e-07
 2.14969e-07
 1.96590e-07
 1.80429e-07
 1.66151e-07
 1.53476e-07
 1.42178e-07
 1.32067e-07
 1.31639e-06
 1.07728e-06
 8.94937e-07
 7.53582e-07
 6.42239e-07
 5.53223e-07
 4.81085e-07
 4.21901e-07
 3.72802e-07
 3.31658e-07
 2.96862e-07
 2.67192e-07
 2.41700e-07
 2.19645e-07
 2.00443e-07
 1.83627e-07
 1.68821e-07
 1.55720e-07
 1.44073e-07
 1.33676e-07
 1.47883e-06
 1.18252e-06
 9.65669e-07
 8.02625e-07
 6.77157e-07
 5.78656e-07
 4.99978e-07
 4.36178e-07
 3.83755e-07
 3.40172e-07
 3.03561e-07
 2.72519e-07
 2.45976e-07
 2.23107e-07
 2.03268e-07
 1.85949e-07
 1.70741e-07
 1.57317e-07
 1.45410e-07
 1.34799e-07
 1.61181e-06
 1.26504e-06
 1.01931e-06
 8.38814e-07
 7.02328e-07
 5.96614e-07
 5.13066e-07
 4.45893e-07
 3.91081e-07
 3.45774e-07
 3.07895e-07
 2.75907e-07
 2.48650e-07
 2.25235e-07
 2.04974e-07
 1.87324e-07
 1.71857e-07
 1.58227e-07
 1.46154e-07
 1.35410e-07
 1.69289e-06
 1.31313e-06
 1.04936e-06
 8.58364e-07
 7.15450e-07
 6.05643e-07
 5.19405e-07
 4.50416e-07
 3.94350e-07
 3.48160e-07
 3.09651e-07
 2.77204e-07
 2.49610e-07
 2.25946e-07
 2.05497e-07
 1.87706e-07
 1.72132e-07
 1.58419e-07
 1.46284e-07
 1.35492e-07
 1.70616e-06
 1.31900e-06
 1.05171e-06
 8.58955e-07
 7.15149e-07
 6.04900e-07
 5.18459e-07
 4.49397e-07
 3.93328e-07
 3.47172e-07
 3.08715e-07
 2.76330e-07
 2.48800e-07
 2.25197e-07
 2.04807e-07
 1.87072e-07
 1.71548e-07
 1.57882e-07
 1.45789e-07
 1.35036e-07
 1.64882e-06
 1.28141e-06
 1.02575e-06
 8.40274e-07
 7.01264e-07
 5.94299e-07
 5.10183e-07
 4.42813e-07
 3.88004e-07
 3.42807e-07
 3.05091e-07
 2.73289e-07
 2.46222e-07
 2.22994e-07
 2.02909e-07
 1.85425e-07
 1.70110e-07
 1.56619e-07
 1.44674e-07
 1.34046e-07
 1.53180e-06
 1.20585e-06
 9.74468e-07
 8.04071e-07
 6.74867e-07
 5.74529e-07
 4.95036e-07
 4.30979e-07
 3.78601e-07
 3.35224e-07
 2.98895e-07
 2.68167e-07
 2.41945e-07
 2.19387e-07
 1.99843e-07
 1.82798e-07
 1.67843e-07
 1.54651e-07
 1.42954e-07
 1.32536e-07
 1.37450e-06
 1.10251e-06
 9.03587e-07
 7.53724e-07
 6.38049e-07
 5.46931e-07
 4.73906e-07
 4.14501e-07
 3.65542e-07
 3.24725e-07
 2.90348e-07
 2.61129e-07
 2.36090e-07
 2.14471e-07
 1.95681e-07
 1.79246e-07
 1.64792e-07
 1.52012e-07
 1.40659e-07
 1.30528e-07
 1.19806e-06
 9.83259e-07
 8.20097e-07
 6.93519e-07
 5.93529e-07
 5.13286e-07
 4.47992e-07
 3.94205e-07
 3.49408e-07
 3.11730e-07
 2.79755e-07
 2.52402e-07
 2.28829e-07
 2.08377e-07
 1.90524e-07
 1.74851e-07
 1.61019e-07
 1.48754e-07
 1.37829e-07
 1.28056e-07
 1.02057e-06
 8.59134e-07
 7.30898e-07
 6.27887e-07
 5.44224e-07
 4.75559e-07
 4.18647e-07
 3.71041e-07
 3.30880e-07
 2.96731e-07
 2.67482e-07
 2.42258e-07
 2.20369e-07
 2.01263e-07
 1.84496e-07
 1.69707e-07
 1.56602e-07
 1.44937e-07
 1.34512e-07
 1.25159e-07
 8.54728e-07
 7.38760e-07
 6.41829e-07
 5.60805e-07
 4.92876e-07
 4.35666e-07
 3.87229e-07
 3.45987e-07
 3.10671e-07
 2.80257e-07
 2.53922e-07
 2.30997e-07
 2.10940e-07
 1.93307e-07
 1.77736e-07
 1.63925e-07
 1.51626e-07
 1.40631e-07
 1.30766e-07
 1.21884e-07
 7.07681e-07
 6.27839e-07
 5.57181e-07
 4.95434e-07
 4.41797e-07
 3.95301e-07
 3.54985e-07
 3.19968e-07
 2.89472e-07
 2.62830e-07
 2.39475e-07
 2.18926e-07
 2.00779e-07
 1.84696e-07
 1.70391e-07
 1.57623e-07
 1.46188e-07
 1.35913e-07
 1.26653e-07
 1.18282e-07
 5.81996e-07
 5.29360e-07
 4.79650e-07
 4.33995e-07
 3.92746e-07
 3.55831e-07
 3.22971e-07
 2.93796e-07
 2.67912e-07
 2.44937e-07
 2.24519e-07
 2.06341e-07
 1.90122e-07
 1.75616e-07
 1.62611e-07
 1.50919e-07
 1.40382e-07
 1.30862e-07
 1.22237e-07
 1.14405e-07
 4.77210e-07
 4.44234e-07
 4.10565e-07
 3.77827e-07
 3.46916e-07
 3.18263e-07
 2.92012e-07
 2.68137e-07
 2.46523e-07
 2.27004e-07
 2.09397e-07
 1.93517e-07
 1.79188e-07
 1.66245e-07
 1.54538e-07
 1.43932e-07
 1.34307e-07
 1.25555e-07
 1.17584e-07
 1.10307e-07
 3.91232e-07
 3.72007e-07
 3.50232e-07
 3.27542e-07
 3.04999e-07
 2.83260e-07
 2.62698e-07
 2.43501e-07
 2.25734e-07
 2.09386e-07
 1.94400e-07
 1.80694e-07
 1.68175e-07
 1.56745e-07
 1.46307e-07
 1.36772e-07
 1.28052e-07
 1.20071e-07
 1.12756e-07
 1.06043e-07
