scalar
part
         1
quad4
 5.43281e-07
 5.02532e-07
 4.61873e-07
 4.22913e-07
 3.86519e-07
 3.53072e-07
 3.22652e-07
 2.95166e-07
 2.70426e-07
 2.48201e-07
 2.28251e-07
 2.10337e-07
 1.94239e-07
 1.79754e-07
 1.66699e-07
 1.54910e-07
 1.44245e-07
 1.34577e-07
 1.25793e-07
 1.17797e-07
 6.45338e-07
 5.85456e-07
 5.28982e-07
 4.77202e-07
 4.30528e-07
 3.88877e-07
 3.51917e-07
 3.19209e-07
 2.90287e-07
 2.64700e-07
 2.42032e-07
 2.21913e-07
 2.04014e-07
 1.88051e-07
 1.73776e-07
 1.60976e-07
 1.49468e-07
 1.39093e-07
 1.29715e-07
 1.21217e-07
 7.66385e-07
 6.80363e-07
 6.03458e-07
 5.35878e-07
 4.77023e-07
 4.25970e-07
 3.81724e-07
 3.43339e-07
 3.09964e-07
 2.80862e-07
 2.55399e-07
 2.33041e-07
 2.13338e-07
 1.95909e-07
 1.80437e-07
 1.66652e-07
 1.54330e-07
 1.43278e-07
 1.33333e-07
 1.24358e-07
 9.06949e-07
 7.86328e-07
 6.83921e-07
 5.97543e-07
 5.24760e-07
 4.63308e-07
 4.11225e-07
 3.66877e-07
 3.28920e-07
 2.96261e-07
 2.68013e-07
 2.43454e-07
 2.21995e-07
 2.03156e-07
 1.86543e-07
 1.71827e-07
 1.58740e-07
 1.47057e-07
 1.36587e-07
 1.27173e-07
 1.06479e-06
 9.00421e-07
 7.67645e-07
 6.59934e-07
 5.71954e-07
 4.99511e-07
 4.39365e-07
 3.89016e-07
 3.46534e-07
 3.10421e-07
 2.79506e-07
 2.52864e-07
 2.29763e-07
 2.09617e-07
 1.91954e-07
 1.76390e-07
 1.62610e-07
 1.50357e-07
 1.39417e-07
 1.29611e-07
 1.23317e-06
 1.01699e-06
 8.50315e-07
 7.19878e-07
 6.16294e-07
 5.32903e-07
 4.64918e-07
 4.08856e-07
 3.62141e-07
 3.22844e-07
 2.89501e-07
 2.60984e-07
 2.36420e-07
 2.15120e-07
 1.96537e-07
 1.80233e-07
 1.65854e-07
 1.53112e-07
 1.41769e-07
 1.31630e-07
 1.39943e-06
 1.12734e-06
 9.26084e-07
 7.73428e-07
 6.55092e-07
 5.61623e-07
 4.86582e-07
 4.25470e-07
 3.75070e-07
 3.33038e-07
 2.97634e-07
 2.67543e-07
 2.41760e-07
 2.19505e-07
 2.00168e-07
 1.83261e-07
 1.68397e-07
 1.55260e-07
 1.43595e-07
 1.33191e-07
 1.54509e-06
 1.22039e-06
 9.88136e-07
 8.16281e-07
 6.85557e-07
 5.83819e-07
 5.03097e-07
 4.37983e-07
 3.84704e-07
 3.40561e-07
 3.03582e-07
 2.72299e-07
 2.45602e-07
 2.22637e-07
 2.02742e-07
 1.85393e-07
 1.70175e-07
 1.56753e-07
 1.44856e-07
 1.34260e-07
 1.64896e-06
 1.28455e-06
 1.02980e-06
 8.44429e-07
 7.05189e-07
 5.97879e-07
 5.13394e-07
 4.45671e-07
 3.90540e-07
 3.45056e-07
 3.07088e-07
 2.75066e-07
 2.47807e-07
 2.24411e-07
 2.04180e-07
 1.86568e-07
 1.71141e-07
 1.57552e-07
 1.45520e-07
 1.34816e-07
 1.69305e-06
 1.31059e-06
 1.04601e-06
 8.54922e-07
 7.12195e-07
 6.02673e-07
 5.16740e-07
 4.48043e-07
 3.92243e-07
 3.46289e-07
 3.07987e-07
 2.75723e-07
 2.48288e-07
 2.24761e-07
 2.04433e-07
 1.86748e-07
 1.71267e-07
 1.57636e-07
 1.45572e-07
 1.34844e-07
 1.66891e-06
 1.29433e-06
 1.03452e-06
 8.46496e-07
 7.05828e-07
 5.97743e-07
 5.12843e-07
 4.44909e-07
 3.89685e-07
 3.44174e-07
 3.06218e-07
 2.74228e-07
 2.47013e-07
 2.23666e-07
 2.03485e-07
 1.85922e-07
 1.70542e-07
 1.56997e-07
 1.45006e-07
 1.34339e-07
 1.58065e-06
 1.23790e-06
 9.96528e-07
 8.19858e-07
 6.86531e-07
 5.83377e-07
 5.01899e-07
 4.36406e-07
 3.82963e-07
 3.38781e-07
 3.01833e-07
 2.70621e-07
 2.44014e-07
 2.21148e-07
 2.01354e-07
 1.84103e-07
 1.68979e-07
 1.55645e-07
 1.43829e-07
 1.33310e-07
 1.44304e-06
 1.14895e-06
 9.36295e-07
 7.77526e-07
 6.55854e-07
 5.60568e-07
 4.84565e-07
 4.22979e-07
 3.72390e-07
 3.30332e-07
 2.94994e-07
 2.65020e-07
 2.39379e-07
 2.17277e-07
 1.98092e-07
 1.81333e-07
 1.66610e-07
 1.53605e-07
 1.42063e-07
 1.31771e-07
 1.27636e-06
 1.03846e-06
 8.60124e-07
 7.23286e-07
 6.16170e-07
 5.30853e-07
 4.61864e-07
 4.05331e-07
 3.58456e-07
 3.19178e-07
 2.85956e-07
 2.57615e-07
 2.33251e-07
 2.12159e-07
 1.93782e-07
 1.77677e-07
 1.63486e-07
 1.50919e-07
 1.39739e-07
 1.29750e-07
 1.10059e-06
 9.17990e-07
 7.74966e-07
 6.61480e-07
 5.70273e-07
 4.96082e-07
 4.35053e-07
 3.84332e-07
 3.41778e-07
 3.05765e-07
 2.75045e-07
 2.48647e-07
 2.25812e-07
 2.05935e-07
 1.88533e-07
 1.73219e-07
 1.59674e-07
 1.47639e-07
 1.36901e-07
 1.27281e-07
 9.31323e-07
 7.97442e-07
 6.87211e-07
 5.96303e-07
 5.20977e-07
 4.58179e-07
 4.05474e-07
 3.60934e-07
 3.23042e-07
 2.90593e-07
 2.62633e-07
 2.38398e-07
 2.17275e-07
 1.98768e-07
 1.82472e-07
 1.68058e-07
 1.55252e-07
 1.43829e-07
 1.33599e-07
 1.24405e-07
 7.78189e-07
 6.83903e-07
 6.01891e-07
 5.31302e-07
 4.70789e-07
 4.18932e-07
 3.74413e-07
 3.36077e-07
 3.02940e-07
 2.74180e-07
 2.49110e-07
 2.27164e-07
 2.07870e-07
 1.90837e-07
 1.75739e-07
 1.62306e-07
 1.50310e-07
 1.39558e-07
 1.29891e-07
 1.21169e-07
 6.45468e-07
 5.81500e-07
 5.22410e-07
 4.69125e-07
 4.21720e-07
 3.79855e-07
 3.43010e-07
 3.10617e-07
 2.82124e-07
 2.57022e-07
 2.34860e-07
 2.15242e-07
 1.97828e-07
 1.82324e-07
 1.68479e-07
 1.56079e-07
 1.44940e-07
 1.34904e-07
 1.25838e-07
 1.17624e-07
 5.33679e-07
 4.91928e-07
 4.50661e-07
 4.11493e-07
 3.75215e-07
 3.42114e-07
 3.12191e-07
 2.85286e-07
 2.61166e-07
 2.39571e-07
 2.20236e-07
 2.02913e-07
 1.87373e-07
 1.73408e-07
 1.60835e-07
 1.49492e-07
 1.39236e-07
 1.29943e-07
 1.21504e-07
 1.13822e-07
 4.41210e-07
 4.15217e-07
 3.87353e-07
 3.59324e-07
 3.32182e-07
 3.06526e-07
 2.82652e-07
 2.60661e-07
 2.40542e-07
 2.22212e-07
 2.05553e-07
 1.90432e-07
 1.76711e-07
 1.64257e-07
 1.52945e-07
 1.42658e-07
 1.33292e-07
 1.24752e-07
 1.16952e-07
 1.09816e-07
