scalar
part
         1
quad4
 4.43100e-07
 4.16123e-07
 3.87506e-07
 3.58917e-07
 3.31367e-07
 3.05422e-07
 2.81348e-07
 2.59228e-07
 2.39031e-07
 2.20661e-07
 2.03991e-07
 1.88878e-07
 1.75180e-07
 1.62759e-07
 1.51487e-07
 1.41245e-07
 1.31926e-07
 1.23434e-07
 1.15682e-07
 1.08594e-07
 5.34687e-07
 4.91921e-07
 4.49926e-07
 4.10251e-07
 3.73634e-07
 3.40317e-07
 3.10268e-07
 2.83302e-07
 2.59168e-07
 2.37589e-07
 2.18292e-07
 2.01022e-07
 1.85543e-07
 1.71644e-07
 1.59141e-07
 1.47868e-07
 1.37682e-07
 1.28456e-07
 1.20082e-07
 1.12464e-07
 6.45130e-07
 5.80200e-07
 5.20483e-07
 4.66811e-07
 4.19190e-07
 3.77225e-07
 3.40360e-07
 3.08001e-07
 2.79574e-07
 2.54560e-07
 2.32496e-07
 2.12984e-07
 1.95676e-07
 1.80277e-07
 1.66535e-07
 1.54233e-07
 1.43188e-07
 1.33242e-07
 1.24260e-07
 1.16125e-07
 7.75867e-07
 6.80820e-07
 5.98402e-07
 5.27641e-07
 4.67106e-07
 4.15320e-07
 3.70926e-07
 3.32745e-07
 2.99778e-07
 2.71192e-07
 2.46294e-07
 2.24514e-07
 2.05377e-07
 1.88493e-07
 1.73534e-07
 1.60231e-07
 1.48355e-07
 1.37716e-07
 1.28152e-07
 1.19527e-07
 9.26173e-07
 7.91972e-07
 6.81733e-07
 5.90994e-07
 5.15929e-07
 4.53434e-07
 4.01043e-07
 3.56813e-07
 3.19214e-07
 2.87041e-07
 2.59336e-07
 2.35335e-07
 2.14427e-07
 1.96116e-07
 1.79999e-07
 1.65748e-07
 1.53091e-07
 1.41804e-07
 1.31699e-07
 1.22619e-07
 1.09156e-06
 9.09436e-07
 7.67041e-07
 6.54220e-07
 5.63660e-07
 4.90070e-07
 4.29588e-07
 3.79359e-07
 3.37243e-07
 3.01621e-07
 2.71248e-07
 2.45160e-07
 2.22600e-07
 2.02969e-07
 1.85788e-07
 1.70672e-07
 1.57305e-07
 1.45432e-07
 1.34839e-07
 1.25351e-07
 1.26224e-06
 1.02610e-06
 8.49313e-07
 7.13807e-07
 6.07824e-07
 5.23470e-07
 4.55300e-07
 3.99465e-07
 3.53189e-07
 3.14427e-07
 2.81650e-07
 2.53698e-07
 2.29673e-07
 2.08880e-07
 1.90767e-07
 1.74895e-07
 1.60912e-07
 1.48531e-07
 1.37518e-07
 1.27679e-07
 1.42268e-06
 1.13216e-06
 9.22264e-07
 7.65644e-07
 6.45677e-07
 5.51762e-07
 4.76875e-07
 4.16210e-07
 3.66388e-07
 3.24976e-07
 2.90185e-07
 2.60680e-07
 2.35443e-07
 2.13691e-07
 1.94812e-07
 1.78323e-07
 1.63836e-07
 1.51042e-07
 1.39687e-07
 1.29563e-07
 1.55327e-06
 1.21636e-06
 9.79146e-07
 8.05532e-07
 6.74520e-07
 5.73162e-07
 4.93106e-07
 4.28757e-07
 3.76249e-07
 3.32840e-07
 2.96539e-07
 2.65874e-07
 2.39733e-07
 2.17269e-07
 1.97821e-07
 1.80873e-07
 1.66014e-07
 1.52914e-07
 1.41306e-07
 1.30971e-07
 1.63461e-06
 1.26822e-06
 1.01396e-06
 8.29869e-07
 6.92102e-07
 5.86216e-07
 5.03024e-07
 4.36443e-07
 3.82309e-07
 3.37690e-07
 3.00473e-07
 2.69103e-07
 2.42412e-07
 2.19512e-07
 1.99716e-07
 1.82487e-07
 1.67398e-07
 1.54109e-07
 1.42344e-07
 1.31878e-07
 1.65305e-06
 1.28066e-06
 1.02277e-06
 8.36338e-07
 6.96996e-07
 5.90010e-07
 5.06025e-07
 4.38858e-07
 3.84282e-07
 3.39323e-07
 3.01840e-07
 2.70258e-07
 2.43397e-07
 2.20359e-07
 2.00450e-07
 1.83127e-07
 1.67959e-07
 1.54604e-07
 1.42782e-07
 1.32268e-07
 1.60548e-06
 1.25208e-06
 1.00466e-06
 8.24400e-07
 6.88864e-07
 5.84323e-07
 5.01960e-07
 4.35899e-07
 3.82094e-07
 3.37684e-07
 3.00598e-07
 2.69309e-07
 2.42666e-07
 2.19792e-07
 2.00008e-07
 1.82781e-07
 1.67688e-07
 1.54391e-07
 1.42616e-07
 1.32138e-07
 1.50074e-06
 1.18690e-06
 9.62040e-07
 7.95417e-07
 6.68521e-07
 5.69661e-07
 4.91153e-07
 4.27779e-07
 3.75889e-07
 3.32872e-07
 2.96818e-07
 2.66305e-07
 2.40254e-07
 2.17837e-07
 1.98410e-07
 1.81465e-07
 1.66597e-07
 1.53480e-07
 1.41850e-07
 1.31492e-07
 1.35650e-06
 1.09427e-06
 8.99964e-07
 7.52353e-07
 6.37774e-07
 5.47168e-07
 4.74351e-07
 4.14997e-07
 3.66011e-07
 3.25129e-07
 2.90672e-07
 2.61371e-07
 2.36253e-07
 2.14563e-07
 1.95708e-07
 1.79218e-07
 1.64715e-07
 1.51894e-07
 1.40505e-07
 1.30345e-07
 1.19327e-06
 9.85458e-07
 8.24959e-07
 6.99149e-07
 5.99095e-07
 5.18442e-07
 4.52616e-07
 3.98280e-07
 3.52963e-07
 3.14812e-07
 2.82418e-07
 2.54697e-07
 2.30804e-07
 2.10075e-07
 1.91982e-07
 1.76102e-07
 1.62091e-07
 1.49670e-07
 1.38611e-07
 1.28722e-07
 1.02874e-06
 8.71160e-07
 7.43627e-07
 6.39992e-07
 5.55209e-07
 4.85302e-07
 4.27188e-07
 3.78488e-07
 3.37356e-07
 3.02361e-07
 2.72377e-07
 2.46521e-07
 2.24087e-07
 2.04511e-07
 1.87338e-07
 1.72199e-07
 1.58789e-07
 1.46861e-07
 1.36207e-07
 1.26654e-07
 8.74978e-07
 7.59690e-07
 6.61596e-07
 5.78696e-07
 5.08725e-07
 4.49556e-07
 3.99340e-07
 3.56530e-07
 3.19849e-07
 2.88258e-07
 2.60909e-07
 2.37112e-07
 2.16305e-07
 1.98027e-07
 1.81898e-07
 1.67604e-07
 1.54885e-07
 1.43525e-07
 1.33341e-07
 1.24180e-07
 7.38349e-07
 6.56427e-07
 5.82990e-07
 5.18310e-07
 4.61870e-07
 4.12827e-07
 3.70260e-07
 3.33281e-07
 3.01092e-07
 2.72991e-07
 2.48382e-07
 2.26754e-07
 2.07678e-07
 1.90793e-07
 1.75793e-07
 1.62422e-07
 1.50462e-07
 1.39730e-07
 1.30068e-07
 1.21345e-07
 6.20888e-07
 5.64122e-07
 5.10393e-07
 4.60991e-07
 4.16356e-07
 3.76445e-07
 3.40968e-07
 3.09525e-07
 2.81685e-07
 2.57025e-07
 2.35155e-07
 2.15725e-07
 1.98424e-07
 1.82982e-07
 1.69163e-07
 1.56764e-07
 1.45609e-07
 1.35547e-07
 1.26447e-07
 1.18196e-07
 5.21995e-07
 4.83601e-07
 4.45095e-07
 4.08061e-07
 3.73366e-07
 3.41405e-07
 3.12278e-07
 2.85915e-07
 2.62149e-07
 2.40771e-07
 2.21557e-07
 2.04287e-07
 1.88753e-07
 1.74761e-07
 1.62141e-07
 1.50738e-07
 1.40414e-07
 1.31049e-07
 1.22536e-07
 1.14783e-07
