scalar
part
         1
quad4
 3.70529e-07
 3.55413e-07
 3.36959e-07
 3.16927e-07
 2.96504e-07
 2.76453e-07
 2.57237e-07
 2.39116e-07
 2.22210e-07
 2.06555e-07
 1.92129e-07
 1.78877e-07
 1.66726e-07
 1.55598e-07
 1.45407e-07
 1.36075e-07
 1.27523e-07
 1.19680e-07
 1.12480e-07
 1.05862e-07
 4.56195e-07
 4.27924e-07
 3.97909e-07
 3.67997e-07
 3.39268e-07
 3.12303e-07
 2.87363e-07
 2.64512e-07
 2.43701e-07
 2.24814e-07
 2.07708e-07
 1.92227e-07
 1.78217e-07
 1.65529e-07
 1.54028e-07
 1.43588e-07
 1.34097e-07
 1.25455e-07
 1.17571e-07
 1.10366e-07
 5.61472e-07
 5.14057e-07
 4.68220e-07
 4.25440e-07
 3.86332e-07
 3.51023e-07
 3.19374e-07
 2.91118e-07
 2.65937e-07
 2.43503e-07
 2.23504e-07
 2.05652e-07
 1.89686e-07
 1.75379e-07
 1.62529e-07
 1.50960e-07
 1.40519e-07
 1.31073e-07
 1.22506e-07
 1.14719e-07
 6.88892e-07
 6.14545e-07
 5.47752e-07
 4.88743e-07
 4.37063e-07
 3.91979e-07
 3.52691e-07
 3.18429e-07
 2.88492e-07
 2.62266e-07
 2.39221e-07
 2.18905e-07
 2.00933e-07
 1.84981e-07
 1.70772e-07
 1.58075e-07
 1.46692e-07
 1.36454e-07
 1.27218e-07
 1.18863e-07
 8.39449e-07
 7.28774e-07
 6.35333e-07
 5.56643e-07
 4.90296e-07
 4.34173e-07
 3.86488e-07
 3.45772e-07
 3.10823e-07
 2.80666e-07
 2.54509e-07
 2.31706e-07
 2.11730e-07
 1.94150e-07
 1.78609e-07
 1.64812e-07
 1.52516e-07
 1.41516e-07
 1.31640e-07
 1.22742e-07
 1.01111e-06
 8.53988e-07
 7.28352e-07
 6.26937e-07
 5.44265e-07
 4.76218e-07
 4.19688e-07
 3.72313e-07
 3.32283e-07
 2.98201e-07
 2.68975e-07
 2.43746e-07
 2.21834e-07
 2.02693e-07
 1.85883e-07
 1.71047e-07
 1.57892e-07
 1.46177e-07
 1.35703e-07
 1.26301e-07
 1.19707e-06
 9.84536e-07
 8.22471e-07
 6.96394e-07
 5.96588e-07
 5.16362e-07
 4.50995e-07
 3.97089e-07
 3.52151e-07
 3.14324e-07
 2.82201e-07
 2.54703e-07
 2.30993e-07
 2.10413e-07
 1.92439e-07
 1.76654e-07
 1.62718e-07
 1.50356e-07
 1.39341e-07
 1.29486e-07
 1.38439e-06
 1.11151e-06
 9.11617e-07
 7.60858e-07
 6.44393e-07
 5.52593e-07
 4.78980e-07
 4.19069e-07
 3.69673e-07
 3.28477e-07
 2.93769e-07
 2.64260e-07
 2.38965e-07
 2.17121e-07
 1.98130e-07
 1.81516e-07
 1.66902e-07
 1.53978e-07
 1.42495e-07
 1.32246e-07
 1.55390e-06
 1.22318e-06
 9.88448e-07
 8.15612e-07
 6.84573e-07
 5.82816e-07
 5.02201e-07
 4.37240e-07
 3.84123e-07
 3.40132e-07
 3.03288e-07
 2.72123e-07
 2.45526e-07
 2.22646e-07
 2.02821e-07
 1.85530e-07
 1.70360e-07
 1.56976e-07
 1.45109e-07
 1.34539e-07
 1.68256e-06
 1.30666e-06
 1.04539e-06
 8.56025e-07
 7.14189e-07
 6.05107e-07
 5.19360e-07
 4.50707e-07
 3.94869e-07
 3.48834e-07
 3.10426e-07
 2.78045e-07
 2.50490e-07
 2.26845e-07
 2.06403e-07
 1.88608e-07
 1.73023e-07
 1.59296e-07
 1.47141e-07
 1.36328e-07
 1.74898e-06
 1.35076e-06
 1.07619e-06
 8.78387e-07
 7.30944e-07
 6.17986e-07
 5.29476e-07
 4.58797e-07
 4.01441e-07
 3.54245e-07
 3.14936e-07
 2.81843e-07
 2.53718e-07
 2.29612e-07
 2.08792e-07
 1.90686e-07
 1.74841e-07
 1.60896e-07
 1.48556e-07
 1.37586e-07
 1.74115e-06
 1.34937e-06
 1.07746e-06
 8.80708e-07
 7.33603e-07
 6.20657e-07
 5.32013e-07
 4.61142e-07
 4.03577e-07
 3.56177e-07
 3.16677e-07
 2.83410e-07
 2.55129e-07
 2.30884e-07
 2.09941e-07
 1.91725e-07
 1.75783e-07
 1.61751e-07
 1.49336e-07
 1.38297e-07
 1.66208e-06
 1.30368e-06
 1.04969e-06
 8.63195e-07
 7.22245e-07
 6.13139e-07
 5.26964e-07
 4.57723e-07
 4.01256e-07
 3.54608e-07
 3.15630e-07
 2.82730e-07
 2.54709e-07
 2.30648e-07
 2.09837e-07
 1.91715e-07
 1.75840e-07
 1.61855e-07
 1.49471e-07
 1.38455e-07
 1.52862e-06
 1.22180e-06
 9.97119e-07
 8.28188e-07
 6.98230e-07
 5.96252e-07
 5.14843e-07
 4.48870e-07
 3.94694e-07
 3.49683e-07
 3.11894e-07
 2.79871e-07
 2.52504e-07
 2.28938e-07
 2.08504e-07
 1.90673e-07
 1.75024e-07
 1.61215e-07
 1.48971e-07
 1.38064e-07
 1.36418e-06
 1.11591e-06
 9.26460e-07
 7.79577e-07
 6.63906e-07
 5.71468e-07
 4.96599e-07
 4.35211e-07
 3.84318e-07
 3.41697e-07
 3.05676e-07
 2.74981e-07
 2.48623e-07
 2.25833e-07
 2.06002e-07
 1.88644e-07
 1.73369e-07
 1.59859e-07
 1.47854e-07
 1.37141e-07
 1.19065e-06
 9.98653e-07
 8.45201e-07
 7.21940e-07
 6.22155e-07
 5.40652e-07
 4.73468e-07
 4.17587e-07
 3.70707e-07
 3.31059e-07
 2.97271e-07
 2.68274e-07
 2.43224e-07
 2.21452e-07
 2.02420e-07
 1.85696e-07
 1.70928e-07
 1.57826e-07
 1.46153e-07
 1.35711e-07
 1.02384e-06
 8.80450e-07
 7.60128e-07
 6.59716e-07
 5.75923e-07
 5.05789e-07
 4.46813e-07
 3.96947e-07
 3.54537e-07
 3.18254e-07
 2.87032e-07
 2.60012e-07
 2.36502e-07
 2.15941e-07
 1.97871e-07
 1.81916e-07
 1.67768e-07
 1.55170e-07
 1.43909e-07
 1.33806e-07
 8.72746e-07
 7.68437e-07
 6.76476e-07
 5.96639e-07
 5.27852e-07
 4.68752e-07
 4.17971e-07
 3.74255e-07
 3.36509e-07
 3.03800e-07
 2.75343e-07
 2.50483e-07
 2.28677e-07
 2.09470e-07
 1.92484e-07
 1.77406e-07
 1.63970e-07
 1.51955e-07
 1.41174e-07
 1.31469e-07
 7.40983e-07
 6.66622e-07
 5.97735e-07
 5.35487e-07
 4.80067e-07
 4.31142e-07
 3.88140e-07
 3.50408e-07
 3.17297e-07
 2.88205e-07
 2.62592e-07
 2.39987e-07
 2.19978e-07
 2.02217e-07
 1.86402e-07
 1.72276e-07
 1.59622e-07
 1.48251e-07
 1.38005e-07
 1.28745e-07
 6.28776e-07
 5.76634e-07
 5.25853e-07
 4.78081e-07
 4.34115e-07
 3.94213e-07
 3.58314e-07
 3.26184e-07
 2.97508e-07
 2.71943e-07
 2.49150e-07
 2.28810e-07
 2.10634e-07
 1.94362e-07
 1.79765e-07
 1.66642e-07
 1.54815e-07
 1.44133e-07
 1.34461e-07
 1.25683e-07
