scalar
part
         1
quad4
 5.29347e-07
 4.90782e-07
 4.52018e-07
 4.14672e-07
 3.79635e-07
 3.47320e-07
 3.17841e-07
 2.91133e-07
 2.67038e-07
 2.45348e-07
 2.25841e-07
 2.08297e-07
 1.92508e-07
 1.78281e-07
 1.65442e-07
 1.53837e-07
 1.43327e-07
 1.33790e-07
 1.25118e-07
 1.17218e-07
 6.30240e-07
 5.73034e-07
 5.18803e-07
 4.68874e-07
 4.23710e-07
 3.83286e-07
 3.47320e-07
 3.15418e-07
 2.87151e-07
 2.62097e-07
 2.39865e-07
 2.20103e-07
 2.02499e-07
 1.86779e-07
 1.72707e-07
 1.60076e-07
 1.48709e-07
 1.38453e-07
 1.29176e-07
 1.20762e-07
 7.50240e-07
 6.67467e-07
 5.93178e-07
 5.27675e-07
 4.70462e-07
 4.20703e-07
 3.77479e-07
 3.39904e-07
 3.07174e-07
 2.78587e-07
 2.53538e-07
 2.31514e-07
 2.12082e-07
 1.94874e-07
 1.79584e-07
 1.65949e-07
 1.53751e-07
 1.42801e-07
 1.32943e-07
 1.24040e-07
 8.90070e-07
 7.73320e-07
 6.73882e-07
 5.89766e-07
 5.18706e-07
 4.58570e-07
 4.07498e-07
 3.63929e-07
 3.26579e-07
 2.94396e-07
 2.66523e-07
 2.42261e-07
 2.21041e-07
 2.02393e-07
 1.85934e-07
 1.71344e-07
 1.58359e-07
 1.46759e-07
 1.36358e-07
 1.27001e-07
 1.04781e-06
 8.87891e-07
 7.58345e-07
 6.52983e-07
 5.66719e-07
 4.95543e-07
 4.36339e-07
 3.86698e-07
 3.44754e-07
 3.09052e-07
 2.78454e-07
 2.52059e-07
 2.29152e-07
 2.09158e-07
 1.91616e-07
 1.76147e-07
 1.62444e-07
 1.50253e-07
 1.39362e-07
 1.29596e-07
 1.21719e-06
 1.00582e-06
 8.42425e-07
 7.14248e-07
 6.12243e-07
 5.29971e-07
 4.62792e-07
 4.07315e-07
 3.61031e-07
 3.22055e-07
 2.88951e-07
 2.60617e-07
 2.36191e-07
 2.14995e-07
 1.96493e-07
 1.80250e-07
 1.65919e-07
 1.53213e-07
 1.41898e-07
 1.31779e-07
 1.38617e-06
 1.11873e-06
 9.20428e-07
 7.69686e-07
 6.52618e-07
 5.60005e-07
 4.85551e-07
 4.24847e-07
 3.74734e-07
 3.32905e-07
 2.97644e-07
 2.67655e-07
 2.41945e-07
 2.19741e-07
 2.00438e-07
 1.83555e-07
 1.68705e-07
 1.55577e-07
 1.43915e-07
 1.33511e-07
 1.53685e-06
 1.21577e-06
 9.85614e-07
 8.15005e-07
 6.85040e-07
 5.83769e-07
 5.03336e-07
 4.38401e-07
 3.85229e-07
 3.41147e-07
 3.04198e-07
 2.72926e-07
 2.46227e-07
 2.23252e-07
 2.03342e-07
 1.85974e-07
 1.70736e-07
 1.57292e-07
 1.45373e-07
 1.34756e-07
 1.64829e-06
 1.28534e-06
 1.03124e-06
 8.46114e-07
 7.06937e-07
 5.99596e-07
 5.15036e-07
 4.47218e-07
 3.91987e-07
 3.46404e-07
 3.08342e-07
 2.76230e-07
 2.48890e-07
 2.25418e-07
 2.05119e-07
 1.87444e-07
 1.71960e-07
 1.58318e-07
 1.46238e-07
 1.35490e-07
 1.70194e-06
 1.31779e-06
 1.05194e-06
 8.59873e-07
 7.16389e-07
 6.06268e-07
 5.19853e-07
 4.50764e-07
 3.94641e-07
 3.48418e-07
 3.09890e-07
 2.77433e-07
 2.49833e-07
 2.26165e-07
 2.05713e-07
 1.87920e-07
 1.72344e-07
 1.58629e-07
 1.46491e-07
 1.35696e-07
 1.68788e-06
 1.30815e-06
 1.04502e-06
 8.54741e-07
 7.12472e-07
 6.03210e-07
 5.17419e-07
 4.48795e-07
 3.93025e-07
 3.47076e-07
 3.08763e-07
 2.76478e-07
 2.49016e-07
 2.25460e-07
 2.05102e-07
 1.87386e-07
 1.71874e-07
 1.58214e-07
 1.46123e-07
 1.35368e-07
 1.60828e-06
 1.25756e-06
 1.01115e-06
 8.31117e-07
 6.95441e-07
 5.90590e-07
 5.07849e-07
 4.41392e-07
 3.87198e-07
 3.42420e-07
 3.04992e-07
 2.73387e-07
 2.46456e-07
 2.23319e-07
 2.03296e-07
 1.85850e-07
 1.70559e-07
 1.57080e-07
 1.45139e-07
 1.34509e-07
 1.47653e-06
 1.17294e-06
 9.54165e-07
 7.91259e-07
 6.66684e-07
 5.69296e-07
 4.91728e-07
 4.28951e-07
 3.77436e-07
 3.34646e-07
 2.98720e-07
 2.68267e-07
 2.42232e-07
 2.19802e-07
 2.00341e-07
 1.83349e-07
 1.68425e-07
 1.55248e-07
 1.43556e-07
 1.33135e-07
 1.31251e-06
 1.06496e-06
 8.80137e-07
 7.38799e-07
 6.28466e-07
 5.40789e-07
 4.70027e-07
 4.12135e-07
 3.64201e-07
 3.24083e-07
 2.90185e-07
 2.61294e-07
 2.36477e-07
 2.15008e-07
 1.96314e-07
 1.79941e-07
 1.65521e-07
 1.52757e-07
 1.41406e-07
 1.31269e-07
 1.13674e-06
 9.45290e-07
 7.96024e-07
 6.78047e-07
 5.83543e-07
 5.06884e-07
 4.43974e-07
 3.91794e-07
 3.48093e-07
 3.11164e-07
 2.79703e-07
 2.52701e-07
 2.29366e-07
 2.09072e-07
 1.91320e-07
 1.75708e-07
 1.61909e-07
 1.49656e-07
 1.38728e-07
 1.28944e-07
 9.65684e-07
 8.24237e-07
 7.08383e-07
 6.13264e-07
 5.34750e-07
 4.69508e-07
 4.14904e-07
 3.68871e-07
 3.29788e-07
 2.96381e-07
 2.67640e-07
 2.42763e-07
 2.21107e-07
 2.02153e-07
 1.85481e-07
 1.70746e-07
 1.57666e-07
 1.46006e-07
 1.35572e-07
 1.26199e-07
 8.09810e-07
 7.09336e-07
 6.22487e-07
 5.48125e-07
 4.84662e-07
 4.30483e-07
 3.84122e-07
 3.44310e-07
 3.09982e-07
 2.80250e-07
 2.54383e-07
 2.31774e-07
 2.11927e-07
 1.94428e-07
 1.78936e-07
 1.65165e-07
 1.52879e-07
 1.41878e-07
 1.31993e-07
 1.23082e-07
 6.73998e-07
 6.05103e-07
 5.41978e-07
 4.85422e-07
 4.35374e-07
 3.91372e-07
 3.52793e-07
 3.18987e-07
 2.89334e-07
 2.63275e-07
 2.40316e-07
 2.20033e-07
 2.02058e-07
 1.86078e-07
 1.71828e-07
 1.59080e-07
 1.47641e-07
 1.37345e-07
 1.28052e-07
 1.19640e-07
 5.59134e-07
 5.13517e-07
 4.68949e-07
 4.27007e-07
 3.88417e-07
 3.53398e-07
 3.21882e-07
 2.93654e-07
 2.68432e-07
 2.45913e-07
 2.25802e-07
 2.07823e-07
 1.91724e-07
 1.77283e-07
 1.64302e-07
 1.52606e-07
 1.42045e-07
 1.32486e-07
 1.23813e-07
 1.15927e-07
 4.63797e-07
 4.34791e-07
 4.04257e-07
 3.73910e-07
 3.44780e-07
 3.17432e-07
 2.92122e-07
 2.68917e-07
 2.47768e-07
 2.28564e-07
 2.11160e-07
 1.95403e-07
 1.81137e-07
 1.68213e-07
 1.56495e-07
 1.45857e-07
 1.36184e-07
 1.27375e-07
 1.19339e-07
 1.11995e-07
