scalar
part
         1
quad4
 4.18195e-07
 3.95080e-07
 3.69913e-07
 3.44314e-07
 3.19305e-07
 2.95488e-07
 2.73183e-07
 2.52523e-07
 2.33528e-07
 2.16147e-07
 2.00290e-07
 1.85846e-07
 1.72701e-07
 1.60736e-07
 1.49841e-07
 1.39912e-07
 1.30854e-07
 1.22579e-07
 1.15008e-07
 1.08072e-07
 5.06953e-07
 4.69133e-07
 4.31383e-07
 3.95254e-07
 3.61548e-07
 3.30598e-07
 3.02459e-07
 2.77031e-07
 2.54134e-07
 2.33552e-07
 2.15059e-07
 1.98439e-07
 1.83486e-07
 1.70017e-07
 1.57862e-07
 1.46875e-07
 1.36922e-07
 1.27889e-07
 1.19672e-07
 1.12184e-07
 6.14513e-07
 5.55896e-07
 5.01343e-07
 4.51803e-07
 4.07445e-07
 3.68042e-07
 3.33184e-07
 3.02395e-07
 2.75201e-07
 2.51157e-07
 2.29859e-07
 2.10954e-07
 1.94128e-07
 1.79115e-07
 1.65680e-07
 1.53626e-07
 1.42780e-07
 1.32994e-07
 1.24140e-07
 1.16110e-07
 7.42680e-07
 6.55576e-07
 5.79297e-07
 5.13209e-07
 4.56209e-07
 4.07094e-07
 3.64723e-07
 3.28078e-07
 2.96283e-07
 2.68596e-07
 2.44390e-07
 2.23146e-07
 2.04425e-07
 1.87865e-07
 1.73161e-07
 1.60056e-07
 1.48336e-07
 1.37818e-07
 1.28349e-07
 1.19798e-07
 8.91430e-07
 7.66906e-07
 6.63672e-07
 5.77976e-07
 5.06546e-07
 4.46684e-07
 3.96212e-07
 3.53391e-07
 3.16833e-07
 2.85434e-07
 2.58307e-07
 2.34740e-07
 2.14158e-07
 1.96092e-07
 1.80161e-07
 1.66048e-07
 1.53495e-07
 1.42284e-07
 1.32234e-07
 1.23194e-07
 1.05746e-06
 8.86437e-07
 7.51499e-07
 6.43722e-07
 5.56606e-07
 4.85394e-07
 4.26570e-07
 3.77507e-07
 3.36218e-07
 3.01183e-07
 2.71230e-07
 2.45441e-07
 2.23093e-07
 2.03612e-07
 1.86534e-07
 1.71486e-07
 1.58163e-07
 1.46314e-07
 1.35732e-07
 1.26246e-07
 1.23270e-06
 1.00797e-06
 8.38228e-07
 7.07161e-07
 6.04019e-07
 5.21507e-07
 4.54544e-07
 3.99504e-07
 3.53750e-07
 3.15329e-07
 2.82769e-07
 2.54949e-07
 2.31000e-07
 2.10242e-07
 1.92137e-07
 1.76255e-07
 1.62248e-07
 1.49836e-07
 1.38785e-07
 1.28906e-07
 1.40348e-06
 1.12248e-06
 9.17876e-07
 7.64272e-07
 6.46041e-07
 5.53123e-07
 4.78794e-07
 4.18424e-07
 3.68735e-07
 3.27357e-07
 2.92542e-07
 2.62976e-07
 2.37658e-07
 2.15814e-07
 1.96838e-07
 1.80251e-07
 1.65669e-07
 1.52782e-07
 1.41339e-07
 1.31131e-07
 1.55129e-06
 1.21890e-06
 9.83609e-07
 8.10713e-07
 6.79838e-07
 5.78342e-07
 4.98021e-07
 4.33357e-07
 3.80525e-07
 3.36801e-07
 3.00203e-07
 2.69263e-07
 2.42871e-07
 2.20177e-07
 2.00521e-07
 1.83384e-07
 1.68353e-07
 1.55097e-07
 1.43347e-07
 1.32883e-07
 1.65563e-06
 1.28585e-06
 1.02879e-06
 8.42441e-07
 7.02857e-07
 5.95500e-07
 5.11109e-07
 4.43539e-07
 3.88582e-07
 3.43273e-07
 3.05472e-07
 2.73602e-07
 2.46483e-07
 2.23212e-07
 2.03094e-07
 1.85582e-07
 1.70244e-07
 1.56734e-07
 1.44773e-07
 1.34132e-07
 1.69904e-06
 1.31420e-06
 1.04831e-06
 8.56445e-07
 7.13240e-07
 6.03410e-07
 5.17271e-07
 4.48433e-07
 3.92534e-07
 3.46509e-07
 3.08155e-07
 2.75852e-07
 2.48387e-07
 2.24838e-07
 2.04493e-07
 1.86795e-07
 1.71303e-07
 1.57664e-07
 1.45593e-07
 1.34860e-07
 1.67312e-06
 1.29975e-06
 1.03988e-06
 8.51393e-07
 7.10173e-07
 6.01550e-07
 5.16164e-07
 4.47805e-07
 3.92214e-07
 3.46389e-07
 3.08165e-07
 2.75946e-07
 2.48534e-07
 2.25017e-07
 2.04691e-07
 1.87001e-07
 1.71511e-07
 1.57870e-07
 1.45795e-07
 1.35055e-07
 1.58262e-06
 1.24479e-06
 1.00471e-06
 8.27966e-07
 6.94051e-07
 5.90157e-07
 5.07934e-07
 4.41746e-07
 3.87682e-07
 3.42953e-07
 3.05528e-07
 2.73901e-07
 2.46935e-07
 2.23757e-07
 2.03690e-07
 1.86203e-07
 1.70871e-07
 1.57355e-07
 1.45379e-07
 1.34719e-07
 1.44406e-06
 1.15759e-06
 9.47281e-07
 7.88720e-07
 6.66411e-07
 5.70192e-07
 4.93198e-07
 4.30668e-07
 3.79218e-07
 3.36393e-07
 3.00381e-07
 2.69817e-07
 2.43661e-07
 2.21109e-07
 2.01532e-07
 1.84430e-07
 1.69405e-07
 1.56136e-07
 1.44360e-07
 1.33862e-07
 1.27944e-06
 1.04982e-06
 8.74133e-07
 7.37525e-07
 6.29632e-07
 5.43169e-07
 4.72953e-07
 4.15240e-07
 3.67282e-07
 3.27035e-07
 2.92955e-07
 2.63861e-07
 2.38838e-07
 2.17169e-07
 1.98286e-07
 1.81737e-07
 1.67156e-07
 1.54245e-07
 1.42762e-07
 1.32504e-07
 1.10902e-06
 9.33284e-07
 7.92352e-07
 6.78767e-07
 5.86514e-07
 5.10926e-07
 4.48433e-07
 3.96310e-07
 3.52469e-07
 3.15302e-07
 2.83559e-07
 2.56261e-07
 2.32634e-07
 2.12062e-07
 1.94051e-07
 1.78199e-07
 1.64182e-07
 1.51730e-07
 1.40622e-07
 1.30674e-07
 9.47247e-07
 8.17567e-07
 7.08236e-07
 6.16608e-07
 5.39847e-07
 4.75363e-07
 4.20956e-07
 3.74808e-07
 3.35446e-07
 3.01679e-07
 2.72549e-07
 2.47282e-07
 2.25250e-07
 2.05943e-07
 1.88943e-07
 1.73908e-07
 1.60554e-07
 1.48646e-07
 1.37986e-07
 1.28410e-07
 8.02091e-07
 7.09105e-07
 6.26558e-07
 5.54487e-07
 4.92086e-07
 4.38239e-07
 3.91787e-07
 3.51655e-07
 3.16887e-07
 2.86667e-07
 2.60302e-07
 2.37210e-07
 2.16905e-07
 1.98980e-07
 1.83096e-07
 1.68968e-07
 1.56356e-07
 1.45059e-07
 1.34907e-07
 1.25754e-07
 6.76511e-07
 6.11377e-07
 5.50419e-07
 4.94908e-07
 4.45172e-07
 4.01028e-07
 3.62044e-07
 3.27693e-07
 2.97434e-07
 2.70755e-07
 2.47192e-07
 2.26334e-07
 2.07823e-07
 1.91350e-07
 1.76648e-07
 1.63489e-07
 1.51676e-07
 1.41042e-07
 1.31442e-07
 1.22753e-07
 5.70321e-07
 5.25642e-07
 4.81471e-07
 4.39467e-07
 4.00485e-07
 3.64865e-07
 3.32633e-07
 3.03640e-07
 2.77649e-07
 2.54384e-07
 2.33567e-07
 2.14929e-07
 1.98224e-07
 1.83227e-07
 1.69738e-07
 1.57583e-07
 1.46604e-07
 1.36667e-07
 1.27653e-07
 1.19457e-07
