scalar
part
         1
quad4
 4.03122e-07
 3.82007e-07
 3.58502e-07
 3.34287e-07
 3.10438e-07
 2.87602e-07
 2.66130e-07
 2.46187e-07
 2.27810e-07
 2.10967e-07
 1.95579e-07
 1.81549e-07
 1.68767e-07
 1.57125e-07
 1.46518e-07
 1.36845e-07
 1.28016e-07
 1.19947e-07
 1.12563e-07
 1.05794e-07
 4.90455e-07
 4.55029e-07
 4.19208e-07
 3.84650e-07
 3.52237e-07
 3.22365e-07
 2.95134e-07
 2.70478e-07
 2.48244e-07
 2.28233e-07
 2.10238e-07
 1.94053e-07
 1.79483e-07
 1.66350e-07
 1.54494e-07
 1.43772e-07
 1.34057e-07
 1.25236e-07
 1.17211e-07
 1.09895e-07
 5.96626e-07
 5.40814e-07
 4.88455e-07
 4.40664e-07
 3.97725e-07
 3.59493e-07
 3.25611e-07
 2.95648e-07
 2.69158e-07
 2.45719e-07
 2.24945e-07
 2.06494e-07
 1.90067e-07
 1.75404e-07
 1.62279e-07
 1.50498e-07
 1.39896e-07
 1.30328e-07
 1.21670e-07
 1.13815e-07
 7.23527e-07
 6.39612e-07
 5.65766e-07
 5.01587e-07
 4.46121e-07
 3.98261e-07
 3.56931e-07
 3.21162e-07
 2.90110e-07
 2.63057e-07
 2.39399e-07
 2.18628e-07
 2.00321e-07
 1.84123e-07
 1.69737e-07
 1.56913e-07
 1.45442e-07
 1.35147e-07
 1.25876e-07
 1.17504e-07
 8.71210e-07
 7.50182e-07
 6.49575e-07
 5.65924e-07
 4.96129e-07
 4.37599e-07
 3.88230e-07
 3.46330e-07
 3.10552e-07
 2.79816e-07
 2.53258e-07
 2.30182e-07
 2.10026e-07
 1.92332e-07
 1.76726e-07
 1.62901e-07
 1.50601e-07
 1.39616e-07
 1.29767e-07
 1.20907e-07
 1.03637e-06
 8.69046e-07
 7.36886e-07
 6.31275e-07
 5.45891e-07
 4.76087e-07
 4.18425e-07
 3.70329e-07
 3.29853e-07
 2.95509e-07
 2.66144e-07
 2.40861e-07
 2.18950e-07
 1.99848e-07
 1.83102e-07
 1.68345e-07
 1.55279e-07
 1.43658e-07
 1.33280e-07
 1.23974e-07
 1.21077e-06
 9.89893e-07
 8.23089e-07
 6.94323e-07
 5.93020e-07
 5.12001e-07
 4.46262e-07
 3.92235e-07
 3.47329e-07
 3.09621e-07
 2.77668e-07
 2.50366e-07
 2.26863e-07
 2.06491e-07
 1.88722e-07
 1.73134e-07
 1.59386e-07
 1.47202e-07
 1.36355e-07
 1.26656e-07
 1.38037e-06
 1.10353e-06
 9.02120e-07
 7.51014e-07
 6.34765e-07
 5.43438e-07
 4.70403e-07
 4.11094e-07
 3.62285e-07
 3.21643e-07
 2.87449e-07
 2.58411e-07
 2.33545e-07
 2.12091e-07
 1.93453e-07
 1.77161e-07
 1.62838e-07
 1.50180e-07
 1.38938e-07
 1.28910e-07
 1.52622e-06
 1.19872e-06
 9.67097e-07
 7.96996e-07
 6.68292e-07
 5.68507e-07
 4.89555e-07
 4.26001e-07
 3.74079e-07
 3.31110e-07
 2.95145e-07
 2.64739e-07
 2.38802e-07
 2.16499e-07
 1.97181e-07
 1.80339e-07
 1.65565e-07
 1.52535e-07
 1.40985e-07
 1.30699e-07
 1.62770e-06
 1.26411e-06
 1.01142e-06
 8.28265e-07
 6.91076e-07
 5.85562e-07
 5.02615e-07
 4.36200e-07
 3.82179e-07
 3.37638e-07
 3.00476e-07
 2.69144e-07
 2.42480e-07
 2.19598e-07
 1.99815e-07
 1.82594e-07
 1.67510e-07
 1.54223e-07
 1.42459e-07
 1.31993e-07
 1.66790e-06
 1.29089e-06
 1.03017e-06
 8.41908e-07
 7.01318e-07
 5.93448e-07
 5.08818e-07
 4.41167e-07
 3.86219e-07
 3.40968e-07
 3.03254e-07
 2.71484e-07
 2.44470e-07
 2.21306e-07
 2.01291e-07
 1.83878e-07
 1.68634e-07
 1.55213e-07
 1.43335e-07
 1.32772e-07
 1.63964e-06
 1.27538e-06
 1.02130e-06
 8.36726e-07
 6.98272e-07
 5.91683e-07
 5.07840e-07
 4.40679e-07
 3.86040e-07
 3.40984e-07
 3.03391e-07
 2.71697e-07
 2.44726e-07
 2.21585e-07
 2.01579e-07
 1.84167e-07
 1.68919e-07
 1.55489e-07
 1.43601e-07
 1.33026e-07
 1.54883e-06
 1.22041e-06
 9.86285e-07
 8.13519e-07
 6.82398e-07
 5.80538e-07
 4.99845e-07
 4.34839e-07
 3.81707e-07
 3.37728e-07
 3.00917e-07
 2.69799e-07
 2.43258e-07
 2.20442e-07
 2.00685e-07
 1.83465e-07
 1.68365e-07
 1.55053e-07
 1.43256e-07
 1.32754e-07
 1.41234e-06
 1.13444e-06
 9.29691e-07
 7.74904e-07
 6.55260e-07
 5.60988e-07
 4.85460e-07
 4.24060e-07
 3.73501e-07
 3.31394e-07
 2.95966e-07
 2.65887e-07
 2.40137e-07
 2.17930e-07
 1.98647e-07
 1.81800e-07
 1.66997e-07
 1.53921e-07
 1.42315e-07
 1.31968e-07
 1.25158e-06
 1.02894e-06
 8.58001e-07
 7.24722e-07
 6.19228e-07
 5.34543e-07
 4.65676e-07
 4.09009e-07
 3.61881e-07
 3.22302e-07
 2.88769e-07
 2.60129e-07
 2.35487e-07
 2.14141e-07
 1.95535e-07
 1.79226e-07
 1.64853e-07
 1.52125e-07
 1.40802e-07
 1.30687e-07
 1.08587e-06
 9.15294e-07
 7.78107e-07
 6.67264e-07
 5.77052e-07
 5.03009e-07
 4.41710e-07
 3.90524e-07
 3.47433e-07
 3.10873e-07
 2.79630e-07
 2.52749e-07
 2.29472e-07
 2.09199e-07
 1.91445e-07
 1.75816e-07
 1.61992e-07
 1.49710e-07
 1.38753e-07
 1.28939e-07
 9.28796e-07
 8.02649e-07
 6.96069e-07
 6.06566e-07
 5.31448e-07
 4.68248e-07
 4.14854e-07
 3.69517e-07
 3.30811e-07
 2.97583e-07
 2.68900e-07
 2.44007e-07
 2.22292e-07
 2.03257e-07
 1.86492e-07
 1.71660e-07
 1.58485e-07
 1.46733e-07
 1.36213e-07
 1.26761e-07
 7.87855e-07
 6.97113e-07
 6.16459e-07
 5.45941e-07
 4.84798e-07
 4.31970e-07
 3.86346e-07
 3.46889e-07
 3.12680e-07
 2.82924e-07
 2.56948e-07
 2.34185e-07
 2.14162e-07
 1.96480e-07
 1.80806e-07
 1.66862e-07
 1.54412e-07
 1.43258e-07
 1.33233e-07
 1.24194e-07
 6.65802e-07
 6.01980e-07
 5.42239e-07
 4.87798e-07
 4.38977e-07
 3.95606e-07
 3.57270e-07
 3.23464e-07
 2.93663e-07
 2.67373e-07
 2.44141e-07
 2.23567e-07
 2.05301e-07
 1.89040e-07
 1.74524e-07
 1.61528e-07
 1.49860e-07
 1.39355e-07
 1.29870e-07
 1.21284e-07
 5.62438e-07
 5.18438e-07
 4.74985e-07
 4.33671e-07
 3.95318e-07
 3.60256e-07
 3.28511e-07
 2.99941e-07
 2.74314e-07
 2.51365e-07
 2.30821e-07
 2.12422e-07
 1.95924e-07
 1.81110e-07
 1.67783e-07
 1.55770e-07
 1.44919e-07
 1.35096e-07
 1.26184e-07
 1.18081e-07
