scalar
part
         1
quad4
 3.57501e-07
 3.42591e-07
 3.24603e-07
 3.05187e-07
 2.85453e-07
 2.66115e-07
 2.47603e-07
 2.30157e-07
 2.13890e-07
 1.98828e-07
 1.84951e-07
 1.72204e-07
 1.60517e-07
 1.49811e-07
 1.40009e-07
 1.31030e-07
 1.22802e-07
 1.15256e-07
 1.08327e-07
 1.01959e-07
 4.39080e-07
 4.11618e-07
 3.82619e-07
 3.53803e-07
 3.26171e-07
 3.00259e-07
 2.76303e-07
 2.54359e-07
 2.34373e-07
 2.16236e-07
 1.99806e-07
 1.84936e-07
 1.71476e-07
 1.59285e-07
 1.48232e-07
 1.38198e-07
 1.29074e-07
 1.20765e-07
 1.13184e-07
 1.06256e-07
 5.39076e-07
 4.93430e-07
 4.49422e-07
 4.08402e-07
 3.70926e-07
 3.37095e-07
 3.06769e-07
 2.79690e-07
 2.55551e-07
 2.34041e-07
 2.14858e-07
 1.97730e-07
 1.82409e-07
 1.68675e-07
 1.56336e-07
 1.45226e-07
 1.35196e-07
 1.26121e-07
 1.17889e-07
 1.10405e-07
 6.59773e-07
 5.88667e-07
 5.24850e-07
 4.68484e-07
 4.19108e-07
 3.76019e-07
 3.38452e-07
 3.05673e-07
 2.77018e-07
 2.51904e-07
 2.29826e-07
 2.10354e-07
 1.93122e-07
 1.77822e-07
 1.64190e-07
 1.52005e-07
 1.41078e-07
 1.31248e-07
 1.22378e-07
 1.14352e-07
 8.01995e-07
 6.96698e-07
 6.07778e-07
 5.32847e-07
 4.69618e-07
 4.16086e-07
 3.70566e-07
 3.31669e-07
 2.98258e-07
 2.69411e-07
 2.44375e-07
 2.22539e-07
 2.03401e-07
 1.86552e-07
 1.71651e-07
 1.58420e-07
 1.46623e-07
 1.36067e-07
 1.26587e-07
 1.18045e-07
 9.63742e-07
 8.14908e-07
 6.95743e-07
 5.99416e-07
 5.20787e-07
 4.55987e-07
 4.02096e-07
 3.56889e-07
 3.18659e-07
 2.86085e-07
 2.58134e-07
 2.33992e-07
 2.13013e-07
 1.94679e-07
 1.78572e-07
 1.64351e-07
 1.51737e-07
 1.40501e-07
 1.30452e-07
 1.21430e-07
 1.13864e-06
 9.38020e-07
 7.84691e-07
 6.65166e-07
 5.70380e-07
 4.94073e-07
 4.31819e-07
 3.80423e-07
 3.37538e-07
 3.01409e-07
 2.70706e-07
 2.44409e-07
 2.21721e-07
 2.02018e-07
 1.84804e-07
 1.69680e-07
 1.56323e-07
 1.44472e-07
 1.33908e-07
 1.24455e-07
 1.31475e-06
 1.05778e-06
 8.68967e-07
 7.26209e-07
 6.15700e-07
 5.28448e-07
 4.58385e-07
 4.01297e-07
 3.54181e-07
 3.14853e-07
 2.81695e-07
 2.53486e-07
 2.29292e-07
 2.08389e-07
 1.90207e-07
 1.74296e-07
 1.60294e-07
 1.47908e-07
 1.36900e-07
 1.27073e-07
 1.47451e-06
 1.16334e-06
 9.41732e-07
 7.78129e-07
 6.53828e-07
 5.57140e-07
 4.80433e-07
 4.18551e-07
 3.67900e-07
 3.25917e-07
 2.90730e-07
 2.60947e-07
 2.35516e-07
 2.13628e-07
 1.94654e-07
 1.78099e-07
 1.63569e-07
 1.50747e-07
 1.39375e-07
 1.29242e-07
 1.59668e-06
 1.24271e-06
 9.95899e-07
 8.16569e-07
 6.81991e-07
 5.78327e-07
 4.96734e-07
 4.31336e-07
 3.78096e-07
 3.34168e-07
 2.97494e-07
 2.66555e-07
 2.40213e-07
 2.17599e-07
 1.98040e-07
 1.81007e-07
 1.66084e-07
 1.52936e-07
 1.41291e-07
 1.30928e-07
 1.66116e-06
 1.28531e-06
 1.02552e-06
 8.37999e-07
 6.97998e-07
 5.90599e-07
 5.06350e-07
 4.39011e-07
 3.84320e-07
 3.39284e-07
 3.01751e-07
 2.70136e-07
 2.43253e-07
 2.20202e-07
 2.00285e-07
 1.82959e-07
 1.67790e-07
 1.54436e-07
 1.42617e-07
 1.32107e-07
 1.65605e-06
 1.28510e-06
 1.02728e-06
 8.40475e-07
 7.00648e-07
 5.93182e-07
 5.08764e-07
 4.41219e-07
 3.86319e-07
 3.41085e-07
 3.03368e-07
 2.71588e-07
 2.44559e-07
 2.21377e-07
 2.01345e-07
 1.83917e-07
 1.68658e-07
 1.55224e-07
 1.43335e-07
 1.32761e-07
 1.58327e-06
 1.24284e-06
 1.00146e-06
 8.24105e-07
 6.89971e-07
 5.86071e-07
 5.03956e-07
 4.37938e-07
 3.84070e-07
 3.39546e-07
 3.02325e-07
 2.70895e-07
 2.44115e-07
 2.21112e-07
 2.01208e-07
 1.83872e-07
 1.68680e-07
 1.55293e-07
 1.43436e-07
 1.32886e-07
 1.45809e-06
 1.16587e-06
 9.51921e-07
 7.91028e-07
 6.67215e-07
 5.70023e-07
 4.92402e-07
 4.29472e-07
 3.77774e-07
 3.34804e-07
 2.98715e-07
 2.68121e-07
 2.41967e-07
 2.19438e-07
 1.99897e-07
 1.82840e-07
 1.67867e-07
 1.54651e-07
 1.42929e-07
 1.32486e-07
 1.30250e-06
 1.06563e-06
 8.84949e-07
 7.44886e-07
 6.34580e-07
 5.46417e-07
 4.74992e-07
 4.16413e-07
 3.67833e-07
 3.27137e-07
 2.92734e-07
 2.63407e-07
 2.38217e-07
 2.16431e-07
 1.97468e-07
 1.80865e-07
 1.66251e-07
 1.53323e-07
 1.41833e-07
 1.31577e-07
 1.13750e-06
 9.54137e-07
 8.07653e-07
 6.90018e-07
 5.94796e-07
 5.17019e-07
 4.52898e-07
 3.99557e-07
 3.54798e-07
 3.16935e-07
 2.84661e-07
 2.56955e-07
 2.33016e-07
 2.12203e-07
 1.94006e-07
 1.78012e-07
 1.63884e-07
 1.51348e-07
 1.40177e-07
 1.30182e-07
 9.78406e-07
 8.41432e-07
 7.26530e-07
 6.30663e-07
 5.50672e-07
 4.83720e-07
 4.27418e-07
 3.79809e-07
 3.39311e-07
 3.04659e-07
 2.74833e-07
 2.49017e-07
 2.26549e-07
 2.06896e-07
 1.89619e-07
 1.74362e-07
 1.60830e-07
 1.48778e-07
 1.38003e-07
 1.28334e-07
 8.34031e-07
 7.34436e-07
 6.46632e-07
 5.70408e-07
 5.04735e-07
 4.48312e-07
 3.99829e-07
 3.58087e-07
 3.22042e-07
 2.90801e-07
 2.63618e-07
 2.39867e-07
 2.19028e-07
 2.00670e-07
 1.84433e-07
 1.70015e-07
 1.57166e-07
 1.45673e-07
 1.35359e-07
 1.26073e-07
 7.08000e-07
 6.37074e-07
 5.71341e-07
 5.11931e-07
 4.59032e-07
 4.12330e-07
 3.71277e-07
 3.35251e-07
 3.03634e-07
 2.75850e-07
 2.51386e-07
 2.29789e-07
 2.10671e-07
 1.93697e-07
 1.78580e-07
 1.65076e-07
 1.52975e-07
 1.42101e-07
 1.32300e-07
 1.23441e-07
 6.00615e-07
 5.50963e-07
 5.02560e-07
 4.57000e-07
 4.15055e-07
 3.76979e-07
 3.42717e-07
 3.12047e-07
 2.84670e-07
 2.60258e-07
 2.38490e-07
 2.19062e-07
 2.01697e-07
 1.86149e-07
 1.72199e-07
 1.59654e-07
 1.48347e-07
 1.38133e-07
 1.28883e-07
 1.20487e-07
