scalar
part
         1
quad4
 6.25377e-07
 5.73689e-07
 5.23314e-07
 4.75894e-07
 4.32230e-07
 3.92585e-07
 3.56904e-07
 3.24960e-07
 2.96440e-07
 2.71008e-07
 2.48327e-07
 2.28084e-07
 2.09990e-07
 1.93789e-07
 1.79253e-07
 1.66182e-07
 1.54401e-07
 1.43758e-07
 1.34121e-07
 1.25375e-07
 7.37173e-07
 6.63393e-07
 5.95003e-07
 5.33174e-07
 4.78104e-07
 4.29470e-07
 3.86709e-07
 3.49177e-07
 3.16232e-07
 2.87279e-07
 2.61783e-07
 2.39276e-07
 2.19351e-07
 2.01661e-07
 1.85906e-07
 1.71833e-07
 1.59224e-07
 1.47893e-07
 1.37680e-07
 1.28451e-07
 8.68502e-07
 7.64928e-07
 6.73573e-07
 5.94227e-07
 5.25837e-07
 4.67059e-07
 4.16539e-07
 3.73035e-07
 3.35463e-07
 3.02897e-07
 2.74558e-07
 2.49798e-07
 2.28075e-07
 2.08938e-07
 1.92012e-07
 1.76985e-07
 1.63593e-07
 1.51616e-07
 1.40868e-07
 1.31191e-07
 1.01917e-06
 8.76697e-07
 7.57096e-07
 6.57247e-07
 5.73896e-07
 5.04108e-07
 4.45407e-07
 3.95761e-07
 3.53528e-07
 3.17389e-07
 2.86284e-07
 2.59362e-07
 2.35933e-07
 2.15440e-07
 1.97427e-07
 1.81521e-07
 1.67415e-07
 1.54853e-07
 1.43623e-07
 1.33547e-07
 1.18562e-06
 9.94734e-07
 8.42115e-07
 7.19478e-07
 6.20166e-07
 5.39025e-07
 4.72121e-07
 4.16461e-07
 3.69756e-07
 3.30247e-07
 2.96574e-07
 2.67670e-07
 2.42697e-07
 2.20988e-07
 2.02011e-07
 1.85332e-07
 1.70603e-07
 1.57534e-07
 1.45890e-07
 1.35473e-07
 1.35893e-06
 1.11196e-06
 9.23430e-07
 7.77209e-07
 6.62021e-07
 5.69945e-07
 4.95350e-07
 4.34174e-07
 3.83446e-07
 3.40957e-07
 3.05042e-07
 2.74433e-07
 2.48146e-07
 2.25415e-07
 2.05633e-07
 1.88316e-07
 1.73076e-07
 1.59596e-07
 1.47617e-07
 1.36927e-07
 1.52345e-06
 1.21803e-06
 9.94297e-07
 8.26020e-07
 6.96526e-07
 5.94887e-07
 5.13731e-07
 4.47951e-07
 3.93925e-07
 3.49031e-07
 3.11336e-07
 2.79389e-07
 2.52085e-07
 2.28570e-07
 2.08179e-07
 1.90385e-07
 1.74766e-07
 1.60984e-07
 1.48762e-07
 1.37875e-07
 1.65741e-06
 1.30037e-06
 1.04725e-06
 8.61343e-07
 7.20801e-07
 6.11987e-07
 5.26028e-07
 4.56950e-07
 4.00609e-07
 3.54060e-07
 3.15160e-07
 2.82324e-07
 2.54354e-07
 2.30337e-07
 2.09561e-07
 1.91470e-07
 1.75620e-07
 1.61657e-07
 1.49293e-07
 1.38292e-07
 1.73749e-06
 1.34681e-06
 1.07558e-06
 8.79285e-07
 7.32491e-07
 6.19768e-07
 5.31287e-07
 4.60539e-07
 4.03071e-07
 3.55746e-07
 3.16305e-07
 2.83087e-07
 2.54846e-07
 2.30634e-07
 2.09718e-07
 1.91526e-07
 1.75604e-07
 1.61589e-07
 1.49188e-07
 1.38163e-07
 1.74680e-06
 1.34920e-06
 1.07502e-06
 8.77479e-07
 7.30219e-07
 6.17395e-07
 5.28985e-07
 4.58383e-07
 4.01087e-07
 3.53939e-07
 3.14669e-07
 2.81608e-07
 2.53509e-07
 2.29426e-07
 2.08625e-07
 1.90535e-07
 1.74704e-07
 1.60771e-07
 1.48442e-07
 1.37481e-07
 1.68209e-06
 1.30622e-06
 1.04500e-06
 8.55675e-07
 7.13880e-07
 6.04833e-07
 5.19117e-07
 4.50490e-07
 3.94675e-07
 3.48659e-07
 3.10268e-07
 2.77902e-07
 2.50359e-07
 2.26725e-07
 2.06292e-07
 1.88507e-07
 1.72929e-07
 1.59208e-07
 1.47060e-07
 1.36253e-07
 1.55504e-06
 1.22382e-06
 9.88808e-07
 8.15810e-07
 6.84674e-07
 5.82857e-07
 5.02204e-07
 4.37220e-07
 3.84088e-07
 3.40088e-07
 3.03239e-07
 2.72071e-07
 2.45473e-07
 2.22593e-07
 2.02768e-07
 1.85479e-07
 1.70309e-07
 1.56927e-07
 1.45062e-07
 1.34494e-07
 1.38679e-06
 1.11304e-06
 9.12635e-07
 7.61548e-07
 6.44871e-07
 5.52927e-07
 4.79217e-07
 4.19237e-07
 3.69791e-07
 3.28560e-07
 2.93826e-07
 2.64297e-07
 2.38988e-07
 2.17133e-07
 1.98133e-07
 1.81514e-07
 1.66894e-07
 1.53967e-07
 1.42481e-07
 1.32231e-07
 1.20028e-06
 9.86719e-07
 8.23998e-07
 6.97487e-07
 5.97386e-07
 5.16954e-07
 4.51440e-07
 3.97427e-07
 3.52411e-07
 3.14525e-07
 2.82357e-07
 2.54825e-07
 2.31088e-07
 2.10487e-07
 1.92497e-07
 1.76698e-07
 1.62752e-07
 1.50382e-07
 1.39360e-07
 1.29499e-07
 1.01470e-06
 8.56558e-07
 7.30227e-07
 6.28328e-07
 5.45314e-07
 4.77020e-07
 4.20309e-07
 3.72800e-07
 3.32669e-07
 2.98509e-07
 2.69222e-07
 2.43946e-07
 2.21997e-07
 2.02826e-07
 1.85992e-07
 1.71136e-07
 1.57966e-07
 1.46238e-07
 1.35753e-07
 1.26343e-07
 8.43112e-07
 7.31516e-07
 6.37408e-07
 5.58231e-07
 4.91526e-07
 4.35136e-07
 3.87251e-07
 3.46382e-07
 3.11315e-07
 2.81066e-07
 2.54837e-07
 2.31976e-07
 2.11955e-07
 1.94337e-07
 1.78765e-07
 1.64944e-07
 1.52628e-07
 1.41611e-07
 1.31720e-07
 1.22811e-07
 6.92436e-07
 6.17303e-07
 5.49908e-07
 4.90440e-07
 4.38409e-07
 3.93056e-07
 3.53560e-07
 3.19135e-07
 2.89071e-07
 2.62744e-07
 2.39618e-07
 2.19237e-07
 2.01212e-07
 1.85216e-07
 1.70972e-07
 1.58246e-07
 1.46838e-07
 1.36579e-07
 1.27326e-07
 1.18956e-07
 5.64795e-07
 5.16730e-07
 4.70371e-07
 4.27176e-07
 3.87740e-07
 3.52171e-07
 3.20316e-07
 2.91896e-07
 2.66583e-07
 2.44043e-07
 2.23958e-07
 2.06035e-07
 1.90012e-07
 1.75657e-07
 1.62767e-07
 1.51165e-07
 1.40696e-07
 1.31226e-07
 1.22640e-07
 1.14835e-07
 4.59252e-07
 4.30454e-07
 3.99997e-07
 3.69720e-07
 3.40694e-07
 3.13487e-07
 2.88350e-07
 2.65338e-07
 2.44396e-07
 2.25401e-07
 2.08207e-07
 1.92653e-07
 1.78582e-07
 1.65844e-07
 1.54300e-07
 1.43824e-07
 1.34303e-07
 1.25635e-07
 1.17729e-07
 1.10505e-07
 3.73311e-07
 3.57771e-07
 3.38949e-07
 3.18604e-07
 2.97917e-07
 2.77645e-07
 2.58245e-07
 2.39970e-07
 2.22938e-07
 2.07177e-07
 1.92662e-07
 1.79336e-07
 1.67124e-07
 1.55942e-07
 1.45707e-07
 1.36337e-07
 1.27753e-07
 1.19882e-07
 1.12658e-07
 1.06020e-07
