scalar
part
         1
quad4
 4.69954e-07
 4.40031e-07
 4.08700e-07
 3.77672e-07
 3.47969e-07
 3.20140e-07
 2.94429e-07
 2.70889e-07
 2.49460e-07
 2.30021e-07
 2.12421e-07
 1.96499e-07
 1.82093e-07
 1.69051e-07
 1.57232e-07
 1.46507e-07
 1.36760e-07
 1.27887e-07
 1.19796e-07
 1.12404e-07
 5.65916e-07
 5.19157e-07
 4.73631e-07
 4.30898e-07
 3.91659e-07
 3.56110e-07
 3.24162e-07
 2.95580e-07
 2.70067e-07
 2.47309e-07
 2.27000e-07
 2.08856e-07
 1.92620e-07
 1.78063e-07
 1.64984e-07
 1.53205e-07
 1.42573e-07
 1.32953e-07
 1.24229e-07
 1.16298e-07
 6.81394e-07
 6.11088e-07
 5.46829e-07
 4.89369e-07
 4.38603e-07
 3.94031e-07
 3.54997e-07
 3.20827e-07
 2.90880e-07
 2.64582e-07
 2.41429e-07
 2.20985e-07
 2.02877e-07
 1.86788e-07
 1.72445e-07
 1.59619e-07
 1.48114e-07
 1.37763e-07
 1.28421e-07
 1.19968e-07
 8.17735e-07
 7.15552e-07
 6.27391e-07
 5.52025e-07
 4.87791e-07
 4.33017e-07
 3.86192e-07
 3.46016e-07
 3.11400e-07
 2.81438e-07
 2.55385e-07
 2.32626e-07
 2.12655e-07
 1.95054e-07
 1.79477e-07
 1.65636e-07
 1.53291e-07
 1.42239e-07
 1.32311e-07
 1.23363e-07
 9.73930e-07
 8.30478e-07
 7.13164e-07
 6.16974e-07
 5.37666e-07
 4.71829e-07
 4.16772e-07
 3.70391e-07
 3.31038e-07
 2.97418e-07
 2.68507e-07
 2.43494e-07
 2.21728e-07
 2.02684e-07
 1.85937e-07
 1.71140e-07
 1.58008e-07
 1.46305e-07
 1.35833e-07
 1.26430e-07
 1.14491e-06
 9.51239e-07
 8.00440e-07
 6.81387e-07
 5.86113e-07
 5.08893e-07
 4.45568e-07
 3.93075e-07
 3.49133e-07
 3.12018e-07
 2.80411e-07
 2.53293e-07
 2.29864e-07
 2.09494e-07
 1.91680e-07
 1.76017e-07
 1.62176e-07
 1.49887e-07
 1.38930e-07
 1.29120e-07
 1.31999e-06
 1.07018e-06
 8.83884e-07
 7.41561e-07
 6.30545e-07
 5.42385e-07
 4.71273e-07
 4.13122e-07
 3.64992e-07
 3.24725e-07
 2.90711e-07
 2.61729e-07
 2.36839e-07
 2.15312e-07
 1.96571e-07
 1.80159e-07
 1.65707e-07
 1.52917e-07
 1.41544e-07
 1.31388e-07
 1.48245e-06
 1.17690e-06
 9.56913e-07
 7.93226e-07
 6.68130e-07
 5.70382e-07
 4.92558e-07
 4.29596e-07
 3.77944e-07
 3.35050e-07
 2.99045e-07
 2.68531e-07
 2.42448e-07
 2.19979e-07
 2.00487e-07
 1.83470e-07
 1.68527e-07
 1.55333e-07
 1.43628e-07
 1.33195e-07
 1.61172e-06
 1.25974e-06
 1.01259e-06
 8.32104e-07
 6.96135e-07
 5.91087e-07
 5.08211e-07
 4.41658e-07
 3.87396e-07
 3.42568e-07
 3.05102e-07
 2.73469e-07
 2.46517e-07
 2.23363e-07
 2.03327e-07
 1.85872e-07
 1.70572e-07
 1.57087e-07
 1.45141e-07
 1.34508e-07
 1.68811e-06
 1.30817e-06
 1.04495e-06
 8.54625e-07
 7.12338e-07
 6.03070e-07
 5.17281e-07
 4.48662e-07
 3.92898e-07
 3.46957e-07
 3.08650e-07
 2.76372e-07
 2.48917e-07
 2.25368e-07
 2.05015e-07
 1.87305e-07
 1.71798e-07
 1.58143e-07
 1.46056e-07
 1.35305e-07
 1.69877e-06
 1.31557e-06
 1.05031e-06
 8.58629e-07
 7.15412e-07
 6.05483e-07
 5.19209e-07
 4.50228e-07
 3.94187e-07
 3.48030e-07
 3.09554e-07
 2.77140e-07
 2.49575e-07
 2.25936e-07
 2.05509e-07
 1.87737e-07
 1.72178e-07
 1.58479e-07
 1.46354e-07
 1.35571e-07
 1.64214e-06
 1.28109e-06
 1.02817e-06
 8.43817e-07
 7.05166e-07
 5.98197e-07
 5.13908e-07
 4.46293e-07
 3.91217e-07
 3.45755e-07
 3.07788e-07
 2.75754e-07
 2.48476e-07
 2.25056e-07
 2.04799e-07
 1.87160e-07
 1.71706e-07
 1.58091e-07
 1.46033e-07
 1.35304e-07
 1.52860e-06
 1.20997e-06
 9.81378e-07
 8.11816e-07
 6.82576e-07
 5.81824e-07
 5.01771e-07
 4.37120e-07
 3.84166e-07
 3.40254e-07
 3.03440e-07
 2.72276e-07
 2.45665e-07
 2.22762e-07
 2.02911e-07
 1.85594e-07
 1.70397e-07
 1.56990e-07
 1.45101e-07
 1.34511e-07
 1.37679e-06
 1.11194e-06
 9.15366e-07
 7.65821e-07
 6.49602e-07
 5.57607e-07
 4.83612e-07
 4.23256e-07
 3.73412e-07
 3.31793e-07
 2.96700e-07
 2.66845e-07
 2.41244e-07
 2.19131e-07
 1.99903e-07
 1.83083e-07
 1.68286e-07
 1.55203e-07
 1.43580e-07
 1.33209e-07
 1.20751e-06
 9.98561e-07
 8.36880e-07
 7.09932e-07
 6.08828e-07
 5.27227e-07
 4.60554e-07
 4.05468e-07
 3.59489e-07
 3.20753e-07
 2.87843e-07
 2.59665e-07
 2.35366e-07
 2.14277e-07
 1.95862e-07
 1.79694e-07
 1.65425e-07
 1.52772e-07
 1.41503e-07
 1.31424e-07
 1.03839e-06
 8.80583e-07
 7.52610e-07
 6.48426e-07
 5.63054e-07
 4.92558e-07
 4.33881e-07
 3.84653e-07
 3.43035e-07
 3.07594e-07
 2.77207e-07
 2.50984e-07
 2.28219e-07
 2.08343e-07
 1.90899e-07
 1.75514e-07
 1.61881e-07
 1.49750e-07
 1.38911e-07
 1.29190e-07
 8.81234e-07
 7.66242e-07
 6.68181e-07
 5.85140e-07
 5.14921e-07
 4.55445e-07
 4.04894e-07
 3.61743e-07
 3.24727e-07
 2.92815e-07
 2.65163e-07
 2.41084e-07
 2.20015e-07
 2.01494e-07
 1.85142e-07
 1.70642e-07
 1.57735e-07
 1.46201e-07
 1.35857e-07
 1.26549e-07
 7.42134e-07
 6.60787e-07
 5.87666e-07
 5.23111e-07
 4.66662e-07
 4.17521e-07
 3.74797e-07
 3.37628e-07
 3.05230e-07
 2.76915e-07
 2.52092e-07
 2.30256e-07
 2.10981e-07
 1.93906e-07
 1.78728e-07
 1.65189e-07
 1.53072e-07
 1.42194e-07
 1.32396e-07
 1.23546e-07
 6.22900e-07
 5.66833e-07
 5.13574e-07
 4.64461e-07
 4.19976e-07
 3.80114e-07
 3.44614e-07
 3.13099e-07
 2.85152e-07
 2.60365e-07
 2.38358e-07
 2.18784e-07
 2.01339e-07
 1.85755e-07
 1.71798e-07
 1.59266e-07
 1.47985e-07
 1.37803e-07
 1.28589e-07
 1.20232e-07
 5.22747e-07
 4.85086e-07
 4.47121e-07
 4.10467e-07
 3.76022e-07
 3.44210e-07
 3.15156e-07
 2.88808e-07
 2.65016e-07
 2.43583e-07
 2.24294e-07
 2.06935e-07
 1.91304e-07
 1.77213e-07
 1.64491e-07
 1.52987e-07
 1.42564e-07
 1.33103e-07
 1.24498e-07
 1.16656e-07
