scalar
part
         1
quad4
 5.76814e-07
 5.31789e-07
 4.87307e-07
 4.44999e-07
 4.05710e-07
 3.69780e-07
 3.37240e-07
 3.07946e-07
 2.81664e-07
 2.58122e-07
 2.37044e-07
 2.18163e-07
 2.01232e-07
 1.86025e-07
 1.72344e-07
 1.60011e-07
 1.48869e-07
 1.38782e-07
 1.29630e-07
 1.21308e-07
 6.83085e-07
 6.17725e-07
 5.56526e-07
 5.00736e-07
 4.50690e-07
 4.06216e-07
 3.66896e-07
 3.32212e-07
 3.01631e-07
 2.74647e-07
 2.50799e-07
 2.29675e-07
 2.10920e-07
 1.94221e-07
 1.79313e-07
 1.65965e-07
 1.53980e-07
 1.43188e-07
 1.33445e-07
 1.24624e-07
 8.08676e-07
 7.15677e-07
 6.32991e-07
 5.60673e-07
 4.97950e-07
 4.43740e-07
 3.96912e-07
 3.56405e-07
 3.21278e-07
 2.90720e-07
 2.64039e-07
 2.40657e-07
 2.20086e-07
 2.01920e-07
 1.85815e-07
 1.71487e-07
 1.58694e-07
 1.47232e-07
 1.36929e-07
 1.27640e-07
 9.53868e-07
 8.24478e-07
 7.15121e-07
 6.23256e-07
 5.46134e-07
 4.81231e-07
 4.26387e-07
 3.79810e-07
 3.40040e-07
 3.05894e-07
 2.76415e-07
 2.50831e-07
 2.28511e-07
 2.08944e-07
 1.91710e-07
 1.76464e-07
 1.62919e-07
 1.50838e-07
 1.40022e-07
 1.30305e-07
 1.11594e-06
 9.40814e-07
 7.99913e-07
 6.86035e-07
 5.93329e-07
 5.17224e-07
 4.54207e-07
 4.01581e-07
 3.57273e-07
 3.19679e-07
 2.87549e-07
 2.59904e-07
 2.35966e-07
 2.15116e-07
 1.96856e-07
 1.80782e-07
 1.66565e-07
 1.53934e-07
 1.42665e-07
 1.32573e-07
 1.28737e-06
 1.05849e-06
 8.82711e-07
 7.45623e-07
 6.37095e-07
 5.49964e-07
 4.79102e-07
 4.20792e-07
 3.72294e-07
 3.31566e-07
 2.97059e-07
 2.67587e-07
 2.42229e-07
 2.20265e-07
 2.01120e-07
 1.84338e-07
 1.69550e-07
 1.56455e-07
 1.44805e-07
 1.34399e-07
 1.45433e-06
 1.16818e-06
 9.57306e-07
 7.97876e-07
 6.74637e-07
 5.77533e-07
 4.99738e-07
 4.36499e-07
 3.84428e-07
 3.41064e-07
 3.04582e-07
 2.73609e-07
 2.47097e-07
 2.24233e-07
 2.04381e-07
 1.87038e-07
 1.71799e-07
 1.58340e-07
 1.46395e-07
 1.35746e-07
 1.59708e-06
 1.25817e-06
 1.01660e-06
 8.38364e-07
 7.03111e-07
 5.98061e-07
 5.14854e-07
 4.47834e-07
 3.93065e-07
 3.47737e-07
 3.09802e-07
 2.77738e-07
 2.50394e-07
 2.26890e-07
 2.06539e-07
 1.88803e-07
 1.73253e-07
 1.59544e-07
 1.47398e-07
 1.36585e-07
 1.69346e-06
 1.31659e-06
 1.05385e-06
 8.63084e-07
 7.20046e-07
 6.09970e-07
 5.23413e-07
 4.54099e-07
 3.97724e-07
 3.51248e-07
 3.12478e-07
 2.79797e-07
 2.51993e-07
 2.28139e-07
 2.07522e-07
 1.89579e-07
 1.73868e-07
 1.60033e-07
 1.47787e-07
 1.36894e-07
 1.72567e-06
 1.33446e-06
 1.06422e-06
 8.69264e-07
 7.23781e-07
 6.12226e-07
 5.24750e-07
 4.54856e-07
 3.98107e-07
 3.51390e-07
 3.12465e-07
 2.79685e-07
 2.51818e-07
 2.27926e-07
 2.07287e-07
 1.89335e-07
 1.73621e-07
 1.59789e-07
 1.47548e-07
 1.36664e-07
 1.68696e-06
 1.30857e-06
 1.04603e-06
 8.55985e-07
 7.13788e-07
 6.04515e-07
 5.18675e-07
 4.49983e-07
 3.94139e-07
 3.48115e-07
 3.09730e-07
 2.77378e-07
 2.49854e-07
 2.26241e-07
 2.05830e-07
 1.88066e-07
 1.72510e-07
 1.58809e-07
 1.46681e-07
 1.35892e-07
 1.58410e-06
 1.24238e-06
 1.00121e-06
 8.24394e-07
 6.90782e-07
 5.87301e-07
 5.05498e-07
 4.39697e-07
 3.85972e-07
 3.41534e-07
 3.04357e-07
 2.72940e-07
 2.46149e-07
 2.23119e-07
 2.03177e-07
 1.85795e-07
 1.70552e-07
 1.57110e-07
 1.45197e-07
 1.34590e-07
 1.43429e-06
 1.14485e-06
 9.34762e-07
 7.77436e-07
 6.56582e-07
 5.61753e-07
 4.85994e-07
 4.24525e-07
 3.73975e-07
 3.31910e-07
 2.96537e-07
 2.66511e-07
 2.40811e-07
 2.18644e-07
 1.99394e-07
 1.82572e-07
 1.67786e-07
 1.54722e-07
 1.43122e-07
 1.32777e-07
 1.25896e-06
 1.02771e-06
 8.53471e-07
 7.19222e-07
 6.13774e-07
 5.29551e-07
 4.61289e-07
 4.05241e-07
 3.58692e-07
 3.19632e-07
 2.86553e-07
 2.58304e-07
 2.33997e-07
 2.12936e-07
 1.94573e-07
 1.78469e-07
 1.64270e-07
 1.51690e-07
 1.40493e-07
 1.30484e-07
 1.07807e-06
 9.02704e-07
 7.64497e-07
 6.54264e-07
 5.65287e-07
 4.92648e-07
 4.32714e-07
 3.82774e-07
 3.40783e-07
 3.05179e-07
 2.74758e-07
 2.48580e-07
 2.25905e-07
 2.06146e-07
 1.88831e-07
 1.73578e-07
 1.60078e-07
 1.48074e-07
 1.37355e-07
 1.27748e-07
 9.06456e-07
 7.79499e-07
 6.74185e-07
 5.86783e-07
 5.13979e-07
 4.53013e-07
 4.01652e-07
 3.58109e-07
 3.20961e-07
 2.89074e-07
 2.61541e-07
 2.37633e-07
 2.16762e-07
 1.98449e-07
 1.82305e-07
 1.68007e-07
 1.55293e-07
 1.43940e-07
 1.33765e-07
 1.24613e-07
 7.52881e-07
 6.64758e-07
 5.87376e-07
 5.20252e-07
 4.62338e-07
 4.12439e-07
 3.69404e-07
 3.32201e-07
 2.99935e-07
 2.71850e-07
 2.47307e-07
 2.25773e-07
 2.06805e-07
 1.90031e-07
 1.75140e-07
 1.61872e-07
 1.50008e-07
 1.39363e-07
 1.29782e-07
 1.21131e-07
 6.20878e-07
 5.62170e-07
 5.07230e-07
 4.57188e-07
 4.12308e-07
 3.72408e-07
 3.37098e-07
 3.05907e-07
 2.78361e-07
 2.54008e-07
 2.32442e-07
 2.13302e-07
 1.96272e-07
 1.81078e-07
 1.67486e-07
 1.55291e-07
 1.44320e-07
 1.34423e-07
 1.25471e-07
 1.17352e-07
 5.10435e-07
 4.73067e-07
 4.35408e-07
 3.99169e-07
 3.65248e-07
 3.34039e-07
 3.05632e-07
 2.79944e-07
 2.56804e-07
 2.35999e-07
 2.17305e-07
 2.00503e-07
 1.85389e-07
 1.71774e-07
 1.59489e-07
 1.48385e-07
 1.38327e-07
 1.29199e-07
 1.20897e-07
 1.13332e-07
 4.19595e-07
 3.97211e-07
 3.72425e-07
 3.46978e-07
 3.21980e-07
 2.98091e-07
 2.75668e-07
 2.54869e-07
 2.35727e-07
 2.18201e-07
 2.02204e-07
 1.87630e-07
 1.74363e-07
 1.62286e-07
 1.51289e-07
 1.41266e-07
 1.32122e-07
 1.23768e-07
 1.16126e-07
 1.09124e-07
