scalar
part
         1
quad4
 6.22480e-07
 5.71195e-07
 5.21175e-07
 4.74062e-07
 4.30661e-07
 3.91238e-07
 3.55746e-07
 3.23959e-07
 2.95573e-07
 2.70253e-07
 2.47668e-07
 2.27505e-07
 2.09480e-07
 1.93338e-07
 1.78852e-07
 1.65824e-07
 1.54081e-07
 1.43471e-07
 1.33863e-07
 1.25141e-07
 7.33946e-07
 6.60675e-07
 5.92718e-07
 5.31253e-07
 4.76484e-07
 4.28099e-07
 3.85543e-07
 3.48181e-07
 3.15377e-07
 2.86541e-07
 2.61143e-07
 2.38717e-07
 2.18862e-07
 2.01230e-07
 1.85525e-07
 1.71495e-07
 1.58922e-07
 1.47622e-07
 1.37437e-07
 1.28231e-07
 8.64933e-07
 7.61998e-07
 6.71165e-07
 5.92242e-07
 5.24192e-07
 4.65687e-07
 4.15387e-07
 3.72061e-07
 3.34634e-07
 3.02187e-07
 2.73947e-07
 2.49268e-07
 2.27613e-07
 2.08533e-07
 1.91655e-07
 1.76669e-07
 1.63312e-07
 1.51365e-07
 1.40643e-07
 1.30989e-07
 1.01528e-06
 8.73593e-07
 7.54609e-07
 6.55240e-07
 5.72262e-07
 5.02766e-07
 4.44294e-07
 3.94830e-07
 3.52743e-07
 3.16722e-07
 2.85713e-07
 2.58869e-07
 2.35506e-07
 2.15067e-07
 1.97100e-07
 1.81232e-07
 1.67159e-07
 1.54625e-07
 1.43419e-07
 1.33364e-07
 1.18147e-06
 9.91535e-07
 8.39622e-07
 7.17510e-07
 6.18592e-07
 5.37751e-07
 4.71078e-07
 4.15597e-07
 3.69033e-07
 3.29638e-07
 2.96054e-07
 2.67224e-07
 2.42312e-07
 2.20653e-07
 2.01717e-07
 1.85074e-07
 1.70374e-07
 1.57331e-07
 1.45708e-07
 1.35310e-07
 1.35468e-06
 1.10880e-06
 9.21035e-07
 7.75359e-07
 6.60568e-07
 5.68785e-07
 4.94410e-07
 4.33403e-07
 3.82805e-07
 3.40419e-07
 3.04587e-07
 2.74043e-07
 2.47811e-07
 2.25124e-07
 2.05378e-07
 1.88093e-07
 1.72878e-07
 1.59420e-07
 1.47460e-07
 1.36786e-07
 1.51937e-06
 1.21510e-06
 9.92138e-07
 8.24385e-07
 6.95261e-07
 5.93889e-07
 5.12930e-07
 4.47298e-07
 3.93385e-07
 3.48581e-07
 3.10956e-07
 2.79065e-07
 2.51806e-07
 2.28328e-07
 2.07968e-07
 1.90199e-07
 1.74602e-07
 1.60838e-07
 1.48632e-07
 1.37759e-07
 1.65389e-06
 1.29792e-06
 1.04549e-06
 8.60028e-07
 7.19794e-07
 6.11199e-07
 5.25399e-07
 4.56439e-07
 4.00189e-07
 3.53709e-07
 3.14864e-07
 2.82072e-07
 2.54137e-07
 2.30149e-07
 2.09397e-07
 1.91325e-07
 1.75492e-07
 1.61543e-07
 1.49191e-07
 1.38201e-07
 1.73499e-06
 1.34511e-06
 1.07437e-06
 8.78385e-07
 7.31805e-07
 6.19231e-07
 5.30858e-07
 4.60191e-07
 4.02783e-07
 3.55505e-07
 3.16102e-07
 2.82913e-07
 2.54696e-07
 2.30503e-07
 2.09604e-07
 1.91425e-07
 1.75514e-07
 1.61509e-07
 1.49117e-07
 1.38098e-07
 1.74571e-06
 1.34844e-06
 1.07447e-06
 8.77065e-07
 7.29898e-07
 6.17140e-07
 5.28777e-07
 4.58211e-07
 4.00943e-07
 3.53816e-07
 3.14563e-07
 2.81516e-07
 2.53429e-07
 2.29355e-07
 2.08562e-07
 1.90479e-07
 1.74654e-07
 1.60725e-07
 1.48401e-07
 1.37443e-07
 1.68257e-06
 1.30650e-06
 1.04517e-06
 8.55777e-07
 7.13942e-07
 6.04870e-07
 5.19137e-07
 4.50500e-07
 3.94677e-07
 3.48656e-07
 3.10262e-07
 2.77894e-07
 2.50350e-07
 2.26715e-07
 2.06282e-07
 1.88496e-07
 1.72919e-07
 1.59198e-07
 1.47050e-07
 1.36242e-07
 1.55697e-06
 1.22507e-06
 9.89659e-07
 8.16409e-07
 6.85108e-07
 5.83179e-07
 5.02448e-07
 4.37408e-07
 3.84235e-07
 3.40204e-07
 3.03332e-07
 2.72147e-07
 2.45534e-07
 2.22643e-07
 2.02810e-07
 1.85513e-07
 1.70338e-07
 1.56951e-07
 1.45082e-07
 1.34510e-07
 1.38981e-06
 1.11508e-06
 9.14064e-07
 7.62582e-07
 6.45638e-07
 5.53511e-07
 4.79669e-07
 4.19593e-07
 3.70076e-07
 3.28790e-07
 2.94014e-07
 2.64453e-07
 2.39117e-07
 2.17242e-07
 1.98225e-07
 1.81592e-07
 1.66961e-07
 1.54025e-07
 1.42531e-07
 1.32274e-07
 1.20394e-06
 9.89292e-07
 8.25857e-07
 6.98864e-07
 5.98429e-07
 5.17760e-07
 4.52074e-07
 3.97933e-07
 3.52820e-07
 3.14859e-07
 2.82634e-07
 2.55056e-07
 2.31283e-07
 2.10652e-07
 1.92637e-07
 1.76819e-07
 1.62857e-07
 1.50473e-07
 1.39440e-07
 1.29569e-07
 1.01861e-06
 8.59420e-07
 7.32360e-07
 6.29948e-07
 5.46566e-07
 4.78003e-07
 4.21093e-07
 3.73432e-07
 3.33185e-07
 2.98935e-07
 2.69578e-07
 2.44245e-07
 2.22250e-07
 2.03042e-07
 1.86178e-07
 1.71297e-07
 1.58105e-07
 1.46360e-07
 1.35860e-07
 1.26437e-07
 8.46996e-07
 7.34468e-07
 6.39677e-07
 5.59999e-07
 4.92920e-07
 4.36249e-07
 3.88150e-07
 3.47116e-07
 3.11921e-07
 2.81571e-07
 2.55261e-07
 2.32335e-07
 2.12261e-07
 1.94600e-07
 1.78992e-07
 1.65142e-07
 1.52800e-07
 1.41762e-07
 1.31853e-07
 1.22929e-07
 6.96122e-07
 6.20205e-07
 5.52206e-07
 4.92274e-07
 4.39884e-07
 3.94254e-07
 3.54542e-07
 3.19947e-07
 2.89748e-07
 2.63313e-07
 2.40100e-07
 2.19647e-07
 2.01564e-07
 1.85520e-07
 1.71236e-07
 1.58476e-07
 1.47040e-07
 1.36757e-07
 1.27484e-07
 1.19096e-07
 5.68200e-07
 5.19496e-07
 4.72621e-07
 4.29012e-07
 3.89247e-07
 3.53415e-07
 3.21350e-07
 2.92761e-07
 2.67312e-07
 2.44661e-07
 2.24485e-07
 2.06488e-07
 1.90403e-07
 1.75997e-07
 1.63063e-07
 1.51425e-07
 1.40925e-07
 1.31429e-07
 1.22819e-07
 1.14995e-07
 4.62348e-07
 4.33039e-07
 4.02151e-07
 3.71515e-07
 3.42194e-07
 3.14745e-07
 2.89410e-07
 2.66236e-07
 2.45160e-07
 2.26055e-07
 2.08769e-07
 1.93139e-07
 1.79004e-07
 1.66212e-07
 1.54623e-07
 1.44109e-07
 1.34555e-07
 1.25858e-07
 1.17928e-07
 1.10683e-07
 3.76104e-07
 3.60156e-07
 3.40978e-07
 3.20327e-07
 2.99381e-07
 2.78892e-07
 2.59309e-07
 2.40882e-07
 2.23722e-07
 2.07854e-07
 1.93250e-07
 1.79847e-07
 1.67571e-07
 1.56335e-07
 1.46053e-07
 1.36643e-07
 1.28025e-07
 1.20125e-07
 1.12875e-07
 1.06214e-07
