scalar
part
         1
quad4
 3.41252e-07
 3.29664e-07
 3.14440e-07
 2.97286e-07
 2.79382e-07
 2.61510e-07
 2.44167e-07
 2.27649e-07
 2.12116e-07
 1.97636e-07
 1.84217e-07
 1.71831e-07
 1.60427e-07
 1.49945e-07
 1.40315e-07
 1.31472e-07
 1.23348e-07
 1.15880e-07
 1.09011e-07
 1.02685e-07
 4.22600e-07
 3.99007e-07
 3.73108e-07
 3.46736e-07
 3.21013e-07
 2.96581e-07
 2.73767e-07
 2.52702e-07
 2.33391e-07
 2.15770e-07
 1.99736e-07
 1.85165e-07
 1.71932e-07
 1.59912e-07
 1.48985e-07
 1.39043e-07
 1.29985e-07
 1.21721e-07
 1.14168e-07
 1.07255e-07
 5.23012e-07
 4.81774e-07
 4.41135e-07
 4.02659e-07
 3.67085e-07
 3.34671e-07
 3.05396e-07
 2.79093e-07
 2.55526e-07
 2.34434e-07
 2.15556e-07
 1.98646e-07
 1.83478e-07
 1.69849e-07
 1.57579e-07
 1.46510e-07
 1.36501e-07
 1.27430e-07
 1.19192e-07
 1.11693e-07
 6.45182e-07
 5.78900e-07
 5.18565e-07
 4.64684e-07
 4.17072e-07
 3.75226e-07
 3.38532e-07
 3.06360e-07
 2.78123e-07
 2.53290e-07
 2.31395e-07
 2.12036e-07
 1.94867e-07
 1.79593e-07
 1.65962e-07
 1.53759e-07
 1.42801e-07
 1.32932e-07
 1.24018e-07
 1.15943e-07
 7.90518e-07
 6.90133e-07
 6.04498e-07
 5.31744e-07
 4.69944e-07
 4.17338e-07
 3.72407e-07
 3.33869e-07
 3.00664e-07
 2.71918e-07
 2.46914e-07
 2.25063e-07
 2.05880e-07
 1.88965e-07
 1.73987e-07
 1.60671e-07
 1.48788e-07
 1.38143e-07
 1.28576e-07
 1.19949e-07
 9.57772e-07
 8.13270e-07
 6.96688e-07
 6.01865e-07
 5.24075e-07
 4.59708e-07
 4.05998e-07
 3.60818e-07
 3.22523e-07
 2.89829e-07
 2.61728e-07
 2.37422e-07
 2.16273e-07
 1.97771e-07
 1.81499e-07
 1.67121e-07
 1.54358e-07
 1.42981e-07
 1.32799e-07
 1.23654e-07
 1.14138e-06
 9.43386e-07
 7.91207e-07
 6.72048e-07
 5.77217e-07
 5.00656e-07
 4.38051e-07
 3.86267e-07
 3.42990e-07
 3.06482e-07
 2.75421e-07
 2.48791e-07
 2.25797e-07
 2.05813e-07
 1.88341e-07
 1.72982e-07
 1.59411e-07
 1.47363e-07
 1.36620e-07
 1.27002e-07
 1.32993e-06
 1.07232e-06
 8.82347e-07
 7.38311e-07
 6.26575e-07
 5.38206e-07
 4.67150e-07
 4.09189e-07
 3.61309e-07
 3.21314e-07
 2.87571e-07
 2.58848e-07
 2.34202e-07
 2.12898e-07
 1.94362e-07
 1.78135e-07
 1.63851e-07
 1.51212e-07
 1.39976e-07
 1.29944e-07
 1.50558e-06
 1.18883e-06
 9.62928e-07
 7.95980e-07
 6.69042e-07
 5.70245e-07
 4.91831e-07
 4.28549e-07
 3.76738e-07
 3.33783e-07
 2.97774e-07
 2.67291e-07
 2.41258e-07
 2.18849e-07
 1.99422e-07
 1.82471e-07
 1.67591e-07
 1.54459e-07
 1.42811e-07
 1.32433e-07
 1.64541e-06
 1.27989e-06
 1.02521e-06
 8.40279e-07
 7.01569e-07
 5.94769e-07
 5.10739e-07
 4.43409e-07
 3.88612e-07
 3.43410e-07
 3.05680e-07
 2.73857e-07
 2.46767e-07
 2.23514e-07
 2.03405e-07
 1.85896e-07
 1.70558e-07
 1.57045e-07
 1.45078e-07
 1.34430e-07
 1.72638e-06
 1.33336e-06
 1.06238e-06
 8.67165e-07
 7.21646e-07
 6.10159e-07
 5.22796e-07
 4.53031e-07
 3.96413e-07
 3.49823e-07
 3.11016e-07
 2.78344e-07
 2.50577e-07
 2.26776e-07
 2.06219e-07
 1.88341e-07
 1.72695e-07
 1.58924e-07
 1.46740e-07
 1.35906e-07
 1.73351e-06
 1.34166e-06
 1.07026e-06
 8.74192e-07
 7.27765e-07
 6.15443e-07
 5.27353e-07
 4.56968e-07
 3.99827e-07
 3.52795e-07
 3.13614e-07
 2.80627e-07
 2.52590e-07
 2.28560e-07
 2.07807e-07
 1.89759e-07
 1.73967e-07
 1.60068e-07
 1.47772e-07
 1.36841e-07
 1.66700e-06
 1.30456e-06
 1.04857e-06
 8.61108e-07
 7.19721e-07
 6.10462e-07
 5.24286e-07
 4.55123e-07
 3.98776e-07
 3.52263e-07
 3.13426e-07
 2.80665e-07
 2.52776e-07
 2.28841e-07
 2.08146e-07
 1.90132e-07
 1.74357e-07
 1.60464e-07
 1.48165e-07
 1.37226e-07
 1.54226e-06
 1.22927e-06
 1.00099e-06
 8.29906e-07
 6.98650e-07
 5.95886e-07
 5.14005e-07
 4.47754e-07
 3.93424e-07
 3.48337e-07
 3.10523e-07
 2.78506e-07
 2.51166e-07
 2.27639e-07
 2.07251e-07
 1.89471e-07
 1.73872e-07
 1.60115e-07
 1.47921e-07
 1.37063e-07
 1.38277e-06
 1.12777e-06
 9.33992e-07
 7.84290e-07
 6.66759e-07
 5.73084e-07
 4.97381e-07
 4.35431e-07
 3.84157e-07
 3.41279e-07
 3.05088e-07
 2.74281e-07
 2.47855e-07
 2.25024e-07
 2.05174e-07
 1.87811e-07
 1.72541e-07
 1.59044e-07
 1.47056e-07
 1.36364e-07
 1.21131e-06
 1.01299e-06
 8.55137e-07
 7.28814e-07
 6.26885e-07
 5.43870e-07
 4.75611e-07
 4.18960e-07
 3.71526e-07
 3.31477e-07
 2.97398e-07
 2.68190e-07
 2.42987e-07
 2.21104e-07
 2.01995e-07
 1.85216e-07
 1.70411e-07
 1.57286e-07
 1.45600e-07
 1.35152e-07
 1.04470e-06
 8.95820e-07
 7.71421e-07
 6.68003e-07
 5.81997e-07
 5.10229e-07
 4.50043e-07
 3.99276e-07
 3.56191e-07
 3.19400e-07
 2.87793e-07
 2.60482e-07
 2.36750e-07
 2.16020e-07
 1.97821e-07
 1.81768e-07
 1.67546e-07
 1.54893e-07
 1.43590e-07
 1.33457e-07
 8.92754e-07
 7.83887e-07
 6.88343e-07
 6.05729e-07
 5.34805e-07
 4.74066e-07
 4.22026e-07
 3.77342e-07
 3.38848e-07
 3.05560e-07
 2.76652e-07
 2.51441e-07
 2.29358e-07
 2.09934e-07
 1.92778e-07
 1.77565e-07
 1.64022e-07
 1.51923e-07
 1.41076e-07
 1.31319e-07
 7.59635e-07
 6.81576e-07
 6.09636e-07
 5.44919e-07
 4.87523e-07
 4.37030e-07
 3.92785e-07
 3.54070e-07
 3.20179e-07
 2.90468e-07
 2.64362e-07
 2.41362e-07
 2.21039e-07
 2.03024e-07
 1.87004e-07
 1.72714e-07
 1.59925e-07
 1.48447e-07
 1.38112e-07
 1.28781e-07
 6.45890e-07
 5.90776e-07
 5.37444e-07
 4.87528e-07
 4.41788e-07
 4.00432e-07
 3.63349e-07
 3.30258e-07
 3.00801e-07
 2.74603e-07
 2.51295e-07
 2.30536e-07
 2.12018e-07
 1.95467e-07
 1.80640e-07
 1.67328e-07
 1.55346e-07
 1.44536e-07
 1.34758e-07
 1.25892e-07
