scalar
part
         1
quad4
 6.07400e-07
 5.58189e-07
 5.10004e-07
 4.64482e-07
 4.22441e-07
 3.84174e-07
 3.49657e-07
 3.18693e-07
 2.91002e-07
 2.66268e-07
 2.44180e-07
 2.24440e-07
 2.06775e-07
 1.90940e-07
 1.76719e-07
 1.63920e-07
 1.52375e-07
 1.41937e-07
 1.32478e-07
 1.23887e-07
 7.17143e-07
 6.46496e-07
 5.80779e-07
 5.21194e-07
 4.67988e-07
 4.20896e-07
 3.79410e-07
 3.42932e-07
 3.10862e-07
 2.82637e-07
 2.57749e-07
 2.35752e-07
 2.16259e-07
 1.98934e-07
 1.83491e-07
 1.69685e-07
 1.57305e-07
 1.46172e-07
 1.36132e-07
 1.27053e-07
 8.46340e-07
 7.46703e-07
 6.58572e-07
 5.81838e-07
 5.15551e-07
 4.58466e-07
 4.09313e-07
 3.66918e-07
 3.30250e-07
 2.98425e-07
 2.70699e-07
 2.46447e-07
 2.25148e-07
 2.06368e-07
 1.89745e-07
 1.74974e-07
 1.61802e-07
 1.50015e-07
 1.39430e-07
 1.29896e-07
 9.94977e-07
 8.57376e-07
 7.41586e-07
 6.44704e-07
 5.63663e-07
 4.95686e-07
 4.38412e-07
 3.89900e-07
 3.48577e-07
 3.13173e-07
 2.82668e-07
 2.56238e-07
 2.33218e-07
 2.13065e-07
 1.95339e-07
 1.79675e-07
 1.65775e-07
 1.53389e-07
 1.42311e-07
 1.32367e-07
 1.15981e-06
 9.74794e-07
 8.26534e-07
 7.07150e-07
 6.10286e-07
 5.31010e-07
 4.65543e-07
 4.11003e-07
 3.65181e-07
 3.26378e-07
 2.93273e-07
 2.64832e-07
 2.40239e-07
 2.18846e-07
 2.00132e-07
 1.83675e-07
 1.69133e-07
 1.56225e-07
 1.44718e-07
 1.34419e-07
 1.33245e-06
 1.09221e-06
 9.08420e-07
 7.65585e-07
 6.52863e-07
 5.62614e-07
 4.89396e-07
 4.29276e-07
 3.79369e-07
 3.37527e-07
 3.02130e-07
 2.71938e-07
 2.45992e-07
 2.23541e-07
 2.03992e-07
 1.86871e-07
 1.71796e-07
 1.58456e-07
 1.46598e-07
 1.36011e-07
 1.49792e-06
 1.19966e-06
 9.80698e-07
 8.15693e-07
 6.88508e-07
 5.88541e-07
 5.08621e-07
 4.43774e-07
 3.90466e-07
 3.46133e-07
 3.08882e-07
 2.77291e-07
 2.50276e-07
 2.26999e-07
 2.06804e-07
 1.89174e-07
 1.73694e-07
 1.60029e-07
 1.47908e-07
 1.37107e-07
 1.63522e-06
 1.28489e-06
 1.03604e-06
 8.52955e-07
 7.14356e-07
 6.06922e-07
 5.21971e-07
 4.53645e-07
 3.97878e-07
 3.51774e-07
 3.13225e-07
 2.80669e-07
 2.52927e-07
 2.29096e-07
 2.08474e-07
 1.90512e-07
 1.74770e-07
 1.60899e-07
 1.48613e-07
 1.37681e-07
 1.72146e-06
 1.33584e-06
 1.06772e-06
 8.73434e-07
 7.28006e-07
 6.16243e-07
 5.28459e-07
 4.58231e-07
 4.01157e-07
 3.54138e-07
 3.14939e-07
 2.81914e-07
 2.53830e-07
 2.29746e-07
 2.08937e-07
 1.90835e-07
 1.74988e-07
 1.61038e-07
 1.48692e-07
 1.37714e-07
 1.73937e-06
 1.34403e-06
 1.07124e-06
 8.74609e-07
 7.27973e-07
 6.15595e-07
 5.27512e-07
 4.57157e-07
 4.00053e-07
 3.53055e-07
 3.13905e-07
 2.80942e-07
 2.52924e-07
 2.28907e-07
 2.08162e-07
 1.90120e-07
 1.74330e-07
 1.60432e-07
 1.48134e-07
 1.37199e-07
 1.68437e-06
 1.30742e-06
 1.04562e-06
 8.55977e-07
 7.13994e-07
 6.04835e-07
 5.19052e-07
 4.50385e-07
 3.94547e-07
 3.48518e-07
 3.10122e-07
 2.77754e-07
 2.50213e-07
 2.26582e-07
 2.06154e-07
 1.88373e-07
 1.72801e-07
 1.59085e-07
 1.46942e-07
 1.36140e-07
 1.56629e-06
 1.23104e-06
 9.93654e-07
 8.19181e-07
 6.87087e-07
 5.84624e-07
 5.03523e-07
 4.38220e-07
 3.84856e-07
 3.40684e-07
 3.03706e-07
 2.72439e-07
 2.45764e-07
 2.22824e-07
 2.02952e-07
 1.85625e-07
 1.70425e-07
 1.57019e-07
 1.45134e-07
 1.34549e-07
 1.40482e-06
 1.12514e-06
 9.21070e-07
 7.67617e-07
 6.49354e-07
 5.56314e-07
 4.81824e-07
 4.21276e-07
 3.71410e-07
 3.29860e-07
 2.94881e-07
 2.65162e-07
 2.39702e-07
 2.17728e-07
 1.98632e-07
 1.81934e-07
 1.67250e-07
 1.54270e-07
 1.42740e-07
 1.32453e-07
 1.22237e-06
 1.00218e-06
 8.35127e-07
 7.05705e-07
 6.03590e-07
 5.21730e-07
 4.55179e-07
 4.00398e-07
 3.54803e-07
 3.16473e-07
 2.83960e-07
 2.56157e-07
 2.32204e-07
 2.11428e-07
 1.93296e-07
 1.77381e-07
 1.63339e-07
 1.50889e-07
 1.39800e-07
 1.29883e-07
 1.03844e-06
 8.73870e-07
 7.43098e-07
 6.38079e-07
 5.52830e-07
 4.82907e-07
 4.24987e-07
 3.76565e-07
 3.35735e-07
 3.01032e-07
 2.71318e-07
 2.45703e-07
 2.23480e-07
 2.04088e-07
 1.87072e-07
 1.72067e-07
 1.58772e-07
 1.46940e-07
 1.36366e-07
 1.26881e-07
 8.66763e-07
 7.49453e-07
 6.51170e-07
 5.68926e-07
 4.99943e-07
 4.41844e-07
 3.92658e-07
 3.50789e-07
 3.14943e-07
 2.84081e-07
 2.57363e-07
 2.34109e-07
 2.13769e-07
 1.95890e-07
 1.80103e-07
 1.66104e-07
 1.53637e-07
 1.42494e-07
 1.32496e-07
 1.23496e-07
 7.14946e-07
 6.34996e-07
 5.63891e-07
 5.01576e-07
 4.47354e-07
 4.00307e-07
 3.59492e-07
 3.24030e-07
 2.93144e-07
 2.66160e-07
 2.42504e-07
 2.21692e-07
 2.03314e-07
 1.87027e-07
 1.72541e-07
 1.59612e-07
 1.48033e-07
 1.37630e-07
 1.28254e-07
 1.19778e-07
 5.85638e-07
 5.33636e-07
 4.84098e-07
 4.38363e-07
 3.96905e-07
 3.59725e-07
 3.26584e-07
 2.97133e-07
 2.70988e-07
 2.47772e-07
 2.27135e-07
 2.08758e-07
 1.92359e-07
 1.77691e-07
 1.64538e-07
 1.52715e-07
 1.42058e-07
 1.32429e-07
 1.23705e-07
 1.15783e-07
 4.78244e-07
 4.46283e-07
 4.13163e-07
 3.80678e-07
 3.49837e-07
 3.21145e-07
 2.94793e-07
 2.70787e-07
 2.49027e-07
 2.29359e-07
 2.11607e-07
 1.95588e-07
 1.81128e-07
 1.68063e-07
 1.56243e-07
 1.45533e-07
 1.35811e-07
 1.26971e-07
 1.18918e-07
 1.11566e-07
 3.90464e-07
 3.72402e-07
 3.51378e-07
 3.29147e-07
 3.06865e-07
 2.85252e-07
 2.64732e-07
 2.45520e-07
 2.27705e-07
 2.11288e-07
 1.96222e-07
 1.82432e-07
 1.69827e-07
 1.58312e-07
 1.47794e-07
 1.38180e-07
 1.29387e-07
 1.21337e-07
 1.13957e-07
 1.07183e-07
