scalar
part
         1
quad4
 3.89532e-07
 3.71630e-07
 3.50741e-07
 3.28624e-07
 3.06435e-07
 2.84900e-07
 2.64442e-07
 2.45282e-07
 2.27509e-07
 2.11126e-07
 1.96089e-07
 1.82322e-07
 1.69736e-07
 1.58237e-07
 1.47732e-07
 1.38130e-07
 1.29346e-07
 1.21303e-07
 1.13929e-07
 1.07161e-07
 4.77248e-07
 4.45479e-07
 4.12518e-07
 3.80161e-07
 3.49422e-07
 3.20812e-07
 2.94526e-07
 2.70572e-07
 2.48854e-07
 2.29219e-07
 2.11494e-07
 1.95497e-07
 1.81055e-07
 1.68004e-07
 1.56196e-07
 1.45495e-07
 1.35782e-07
 1.26949e-07
 1.18900e-07
 1.11553e-07
 5.84592e-07
 5.32820e-07
 4.83463e-07
 4.37868e-07
 3.96519e-07
 3.59424e-07
 3.26349e-07
 2.96948e-07
 2.70843e-07
 2.47659e-07
 2.27046e-07
 2.08689e-07
 1.92305e-07
 1.77650e-07
 1.64508e-07
 1.52692e-07
 1.42042e-07
 1.32418e-07
 1.23699e-07
 1.15780e-07
 7.13881e-07
 6.34198e-07
 5.63294e-07
 5.01128e-07
 4.47017e-07
 4.00053e-07
 3.59300e-07
 3.23885e-07
 2.93035e-07
 2.66079e-07
 2.42445e-07
 2.21649e-07
 2.03284e-07
 1.87007e-07
 1.72529e-07
 1.59606e-07
 1.48032e-07
 1.37632e-07
 1.28259e-07
 1.19786e-07
 8.65734e-07
 7.48722e-07
 6.50649e-07
 5.68553e-07
 4.99677e-07
 4.41653e-07
 3.92523e-07
 3.50694e-07
 3.14878e-07
 2.84038e-07
 2.57336e-07
 2.34095e-07
 2.13764e-07
 1.95893e-07
 1.80111e-07
 1.66115e-07
 1.53652e-07
 1.42511e-07
 1.32515e-07
 1.23515e-07
 1.03754e-06
 8.73272e-07
 7.42702e-07
 6.37817e-07
 5.52660e-07
 4.82799e-07
 4.24921e-07
 3.76529e-07
 3.35720e-07
 3.01032e-07
 2.71329e-07
 2.45721e-07
 2.23504e-07
 2.04115e-07
 1.87102e-07
 1.72098e-07
 1.58803e-07
 1.46971e-07
 1.36398e-07
 1.26913e-07
 1.22173e-06
 1.00180e-06
 8.34914e-07
 7.05593e-07
 6.03542e-07
 5.21721e-07
 4.55196e-07
 4.00431e-07
 3.54846e-07
 3.16522e-07
 2.84012e-07
 2.56210e-07
 2.32257e-07
 2.11481e-07
 1.93348e-07
 1.77432e-07
 1.63388e-07
 1.50936e-07
 1.39846e-07
 1.29926e-07
 1.40459e-06
 1.12508e-06
 9.21098e-07
 7.67691e-07
 6.49451e-07
 5.56421e-07
 4.81933e-07
 4.21385e-07
 3.71514e-07
 3.29960e-07
 2.94976e-07
 2.65252e-07
 2.39787e-07
 2.17808e-07
 1.98707e-07
 1.82005e-07
 1.67317e-07
 1.54333e-07
 1.42799e-07
 1.32509e-07
 1.56663e-06
 1.23138e-06
 9.93971e-07
 8.19470e-07
 6.87346e-07
 5.84857e-07
 5.03733e-07
 4.38409e-07
 3.85026e-07
 3.40838e-07
 3.03846e-07
 2.72567e-07
 2.45881e-07
 2.22931e-07
 2.03051e-07
 1.85716e-07
 1.70510e-07
 1.57098e-07
 1.45207e-07
 1.34618e-07
 1.68538e-06
 1.30821e-06
 1.04626e-06
 8.56493e-07
 7.14423e-07
 6.05198e-07
 5.19363e-07
 4.50655e-07
 3.94783e-07
 3.48726e-07
 3.10307e-07
 2.77920e-07
 2.50362e-07
 2.26717e-07
 2.06276e-07
 1.88485e-07
 1.72903e-07
 1.59180e-07
 1.47029e-07
 1.36220e-07
 1.74105e-06
 1.34526e-06
 1.07218e-06
 8.75345e-07
 7.28568e-07
 6.16084e-07
 5.27922e-07
 4.57506e-07
 4.00353e-07
 3.53316e-07
 3.14134e-07
 2.81144e-07
 2.53104e-07
 2.29068e-07
 2.08308e-07
 1.90252e-07
 1.74450e-07
 1.60541e-07
 1.48234e-07
 1.37292e-07
 1.72368e-06
 1.33744e-06
 1.06891e-06
 8.74364e-07
 7.28747e-07
 6.16847e-07
 5.28960e-07
 4.58652e-07
 4.01516e-07
 3.54447e-07
 3.15208e-07
 2.82151e-07
 2.54039e-07
 2.29933e-07
 2.09105e-07
 1.90986e-07
 1.75125e-07
 1.61162e-07
 1.48806e-07
 1.37818e-07
 1.63776e-06
 1.28674e-06
 1.03743e-06
 8.54036e-07
 7.15217e-07
 6.07621e-07
 5.22548e-07
 4.54129e-07
 3.98289e-07
 3.52127e-07
 3.13532e-07
 2.80938e-07
 2.53164e-07
 2.29306e-07
 2.08662e-07
 1.90680e-07
 1.74923e-07
 1.61037e-07
 1.48740e-07
 1.37796e-07
 1.50057e-06
 1.20163e-06
 9.82206e-07
 8.16875e-07
 6.89455e-07
 5.89312e-07
 5.09260e-07
 4.44311e-07
 3.90921e-07
 3.46524e-07
 3.09221e-07
 2.77587e-07
 2.50536e-07
 2.27230e-07
 2.07011e-07
 1.89359e-07
 1.73861e-07
 1.60180e-07
 1.48045e-07
 1.37233e-07
 1.33503e-06
 1.09420e-06
 9.09970e-07
 7.66819e-07
 6.53861e-07
 5.63434e-07
 4.90079e-07
 4.29852e-07
 3.79859e-07
 3.37949e-07
 3.02495e-07
 2.72257e-07
 2.46273e-07
 2.23791e-07
 2.04215e-07
 1.87071e-07
 1.71976e-07
 1.58619e-07
 1.46746e-07
 1.36146e-07
 1.16223e-06
 9.76712e-07
 8.28068e-07
 7.08392e-07
 6.11305e-07
 5.31855e-07
 4.66252e-07
 4.11604e-07
 3.65696e-07
 3.26822e-07
 2.93659e-07
 2.65170e-07
 2.40538e-07
 2.19111e-07
 2.00368e-07
 1.83887e-07
 1.69324e-07
 1.56398e-07
 1.44875e-07
 1.34563e-07
 9.97188e-07
 8.59177e-07
 7.43061e-07
 6.45921e-07
 5.64676e-07
 4.96536e-07
 4.39132e-07
 3.90516e-07
 3.49107e-07
 3.13633e-07
 2.83069e-07
 2.56591e-07
 2.33529e-07
 2.13342e-07
 1.95586e-07
 1.79897e-07
 1.65975e-07
 1.53571e-07
 1.42477e-07
 1.32518e-07
 8.48323e-07
 7.48362e-07
 6.59962e-07
 5.83006e-07
 5.16538e-07
 4.59306e-07
 4.10032e-07
 3.67537e-07
 3.30786e-07
 2.98893e-07
 2.71109e-07
 2.46809e-07
 2.25469e-07
 2.06655e-07
 1.90002e-07
 1.75205e-07
 1.62011e-07
 1.50204e-07
 1.39602e-07
 1.30053e-07
 7.18907e-07
 6.48006e-07
 5.82070e-07
 5.22298e-07
 4.68935e-07
 4.21712e-07
 3.80115e-07
 3.43545e-07
 3.11398e-07
 2.83107e-07
 2.58164e-07
 2.36120e-07
 2.16586e-07
 1.99227e-07
 1.83754e-07
 1.69922e-07
 1.57520e-07
 1.46367e-07
 1.36310e-07
 1.27215e-07
 6.08961e-07
 5.59553e-07
 5.11191e-07
 4.65515e-07
 4.23340e-07
 3.84957e-07
 3.50342e-07
 3.19294e-07
 2.91531e-07
 2.66736e-07
 2.44595e-07
 2.24809e-07
 2.07105e-07
 1.91237e-07
 1.76987e-07
 1.64162e-07
 1.52594e-07
 1.42136e-07
 1.32660e-07
 1.24054e-07
