scalar
part
         1
quad4
 6.57839e-07
 6.01432e-07
 5.46911e-07
 4.95926e-07
 4.49238e-07
 4.07050e-07
 3.69239e-07
 3.35514e-07
 3.05505e-07
 2.78825e-07
 2.55098e-07
 2.33972e-07
 2.15133e-07
 1.98299e-07
 1.83224e-07
 1.69692e-07
 1.57515e-07
 1.46530e-07
 1.36598e-07
 1.27594e-07
 7.73294e-07
 6.93539e-07
 6.20095e-07
 5.54065e-07
 4.95537e-07
 4.44070e-07
 3.98992e-07
 3.59562e-07
 3.25060e-07
 2.94822e-07
 2.68263e-07
 2.44870e-07
 2.24206e-07
 2.05893e-07
 1.89613e-07
 1.75094e-07
 1.62104e-07
 1.50447e-07
 1.39954e-07
 1.30481e-07
 9.08355e-07
 7.97275e-07
 6.99839e-07
 6.15628e-07
 5.43363e-07
 4.81500e-07
 4.28517e-07
 3.83039e-07
 3.43875e-07
 3.10018e-07
 2.80625e-07
 2.54998e-07
 2.32558e-07
 2.12824e-07
 1.95398e-07
 1.79949e-07
 1.66200e-07
 1.53919e-07
 1.42911e-07
 1.33010e-07
 1.06245e-06
 9.10702e-07
 7.83952e-07
 6.78618e-07
 5.91049e-07
 5.18003e-07
 4.56767e-07
 4.05131e-07
 3.61323e-07
 3.23926e-07
 2.91808e-07
 2.64062e-07
 2.39960e-07
 2.18910e-07
 2.00435e-07
 1.84143e-07
 1.69711e-07
 1.56874e-07
 1.45409e-07
 1.35132e-07
 1.23133e-06
 1.02935e-06
 8.68633e-07
 7.40055e-07
 6.36342e-07
 5.51903e-07
 4.82496e-07
 4.24913e-07
 3.76712e-07
 3.36028e-07
 3.01418e-07
 2.71763e-07
 2.46181e-07
 2.23974e-07
 2.04586e-07
 1.87566e-07
 1.72550e-07
 1.59241e-07
 1.47393e-07
 1.36801e-07
 1.40501e-06
 1.14547e-06
 9.48281e-07
 7.95999e-07
 6.76485e-07
 5.81262e-07
 5.04336e-07
 4.41406e-07
 3.89336e-07
 3.45806e-07
 3.09074e-07
 2.77815e-07
 2.51006e-07
 2.27851e-07
 2.07722e-07
 1.90120e-07
 1.74641e-07
 1.60961e-07
 1.48814e-07
 1.37981e-07
 1.56639e-06
 1.24795e-06
 1.01577e-06
 8.41846e-07
 7.08459e-07
 6.04067e-07
 5.20917e-07
 4.53663e-07
 3.98527e-07
 3.52785e-07
 3.14430e-07
 2.81964e-07
 2.54247e-07
 2.30399e-07
 2.09738e-07
 1.91721e-07
 1.75919e-07
 1.61984e-07
 1.49634e-07
 1.38638e-07
 1.69225e-06
 1.32364e-06
 1.06344e-06
 8.72971e-07
 7.29388e-07
 6.18476e-07
 5.31030e-07
 4.60872e-07
 4.03730e-07
 3.56575e-07
 3.17210e-07
 2.84011e-07
 2.55756e-07
 2.31510e-07
 2.10551e-07
 1.92310e-07
 1.76337e-07
 1.62272e-07
 1.49823e-07
 1.38752e-07
 1.75865e-06
 1.36035e-06
 1.08467e-06
 8.85614e-07
 7.37036e-07
 6.23112e-07
 5.33798e-07
 4.62458e-07
 4.04558e-07
 3.56912e-07
 3.17230e-07
 2.83827e-07
 2.55442e-07
 2.31117e-07
 2.10111e-07
 1.91848e-07
 1.75868e-07
 1.61806e-07
 1.49366e-07
 1.38309e-07
 1.74983e-06
 1.35072e-06
 1.07575e-06
 8.77774e-07
 7.30270e-07
 6.17306e-07
 5.28815e-07
 4.58169e-07
 4.00851e-07
 3.53694e-07
 3.14422e-07
 2.81365e-07
 2.53273e-07
 2.29198e-07
 2.08407e-07
 1.90327e-07
 1.74505e-07
 1.60581e-07
 1.48262e-07
 1.37310e-07
 1.66565e-06
 1.29507e-06
 1.03703e-06
 8.49744e-07
 7.09324e-07
 6.01240e-07
 5.16223e-07
 4.48115e-07
 3.92696e-07
 3.46988e-07
 3.08840e-07
 2.76670e-07
 2.49286e-07
 2.25784e-07
 2.05460e-07
 1.87766e-07
 1.72266e-07
 1.58612e-07
 1.46521e-07
 1.35763e-07
 1.52161e-06
 1.20125e-06
 9.72831e-07
 8.04062e-07
 6.75764e-07
 5.75925e-07
 4.96695e-07
 4.32760e-07
 3.80421e-07
 3.37031e-07
 3.00660e-07
 2.69872e-07
 2.43581e-07
 2.20950e-07
 2.01332e-07
 1.84214e-07
 1.69189e-07
 1.55929e-07
 1.44168e-07
 1.33689e-07
 1.34153e-06
 1.08178e-06
 8.90182e-07
 7.44895e-07
 6.32178e-07
 5.43028e-07
 4.71342e-07
 4.12865e-07
 3.64559e-07
 3.24206e-07
 2.90161e-07
 2.61182e-07
 2.36314e-07
 2.14819e-07
 1.96117e-07
 1.79744e-07
 1.65332e-07
 1.52579e-07
 1.41242e-07
 1.31120e-07
 1.14893e-06
 9.50034e-07
 7.97024e-07
 6.77140e-07
 5.81690e-07
 5.04605e-07
 4.41555e-07
 3.89392e-07
 3.45791e-07
 3.09005e-07
 2.77705e-07
 2.50866e-07
 2.27690e-07
 2.07547e-07
 1.89935e-07
 1.74451e-07
 1.60769e-07
 1.48623e-07
 1.37792e-07
 1.28094e-07
 9.62040e-07
 8.17492e-07
 7.00687e-07
 6.05572e-07
 5.27476e-07
 4.62812e-07
 4.08827e-07
 3.63397e-07
 3.24877e-07
 2.91982e-07
 2.63702e-07
 2.39235e-07
 2.17944e-07
 1.99314e-07
 1.82928e-07
 1.68447e-07
 1.55591e-07
 1.44131e-07
 1.33873e-07
 1.24659e-07
 7.92316e-07
 6.92405e-07
 6.06961e-07
 5.34236e-07
 4.72376e-07
 4.19663e-07
 3.74602e-07
 3.35927e-07
 3.02587e-07
 2.73710e-07
 2.48584e-07
 2.26618e-07
 2.07330e-07
 1.90318e-07
 1.75251e-07
 1.61854e-07
 1.49895e-07
 1.39182e-07
 1.29552e-07
 1.20867e-07
 6.45236e-07
 5.79692e-07
 5.19796e-07
 4.66159e-07
 4.18665e-07
 3.76857e-07
 3.40151e-07
 3.07938e-07
 2.79641e-07
 2.54740e-07
 2.32773e-07
 2.13342e-07
 1.96102e-07
 1.80760e-07
 1.67064e-07
 1.54799e-07
 1.43784e-07
 1.33860e-07
 1.24895e-07
 1.16774e-07
 5.21900e-07
 4.81494e-07
 4.41420e-07
 4.03314e-07
 3.67977e-07
 3.35705e-07
 3.06507e-07
 2.80238e-07
 2.56675e-07
 2.35567e-07
 2.16661e-07
 1.99715e-07
 1.84507e-07
 1.70836e-07
 1.58524e-07
 1.47411e-07
 1.37361e-07
 1.28250e-07
 1.19973e-07
 1.12437e-07
 4.20750e-07
 3.97985e-07
 3.72692e-07
 3.46755e-07
 3.21337e-07
 2.97115e-07
 2.74442e-07
 2.53466e-07
 2.34209e-07
 2.16615e-07
 2.00589e-07
 1.86015e-07
 1.72769e-07
 1.60729e-07
 1.49780e-07
 1.39812e-07
 1.30727e-07
 1.22435e-07
 1.14855e-07
 1.07915e-07
 3.38964e-07
 3.28150e-07
 3.13523e-07
 2.96824e-07
 2.79259e-07
 2.61636e-07
 2.44475e-07
 2.28087e-07
 2.12644e-07
 1.98224e-07
 1.84843e-07
 1.72479e-07
 1.61086e-07
 1.50604e-07
 1.40969e-07
 1.32115e-07
 1.23977e-07
 1.16494e-07
 1.09607e-07
 1.03263e-07
