scalar
part
         1
quad4
 4.87782e-07
 4.54914e-07
 4.21182e-07
 3.88195e-07
 3.56888e-07
 3.27741e-07
 3.00941e-07
 2.76497e-07
 2.54313e-07
 2.34241e-07
 2.16106e-07
 1.99730e-07
 1.84937e-07
 1.71564e-07
 1.59460e-07
 1.48490e-07
 1.38529e-07
 1.29471e-07
 1.21218e-07
 1.13684e-07
 5.84036e-07
 5.34002e-07
 4.85888e-07
 4.41096e-07
 4.00207e-07
 3.63325e-07
 3.30292e-07
 3.00820e-07
 2.74572e-07
 2.51202e-07
 2.30380e-07
 2.11805e-07
 1.95204e-07
 1.80336e-07
 1.66991e-07
 1.54985e-07
 1.44156e-07
 1.34365e-07
 1.25492e-07
 1.17431e-07
 6.99237e-07
 6.25433e-07
 5.58496e-07
 4.98956e-07
 4.46555e-07
 4.00682e-07
 3.60604e-07
 3.25585e-07
 2.94944e-07
 2.68073e-07
 2.44444e-07
 2.23603e-07
 2.05160e-07
 1.88787e-07
 1.74203e-07
 1.61171e-07
 1.49489e-07
 1.38985e-07
 1.29511e-07
 1.20943e-07
 8.34497e-07
 7.28802e-07
 6.38026e-07
 5.60671e-07
 4.94898e-07
 4.38914e-07
 3.91126e-07
 3.50177e-07
 3.14932e-07
 2.84455e-07
 2.57976e-07
 2.34864e-07
 2.14597e-07
 1.96747e-07
 1.80959e-07
 1.66939e-07
 1.54439e-07
 1.43255e-07
 1.33213e-07
 1.24167e-07
 9.88594e-07
 8.41939e-07
 7.22282e-07
 6.24331e-07
 5.43672e-07
 4.76780e-07
 4.20889e-07
 3.73841e-07
 3.33949e-07
 2.99889e-07
 2.70618e-07
 2.45307e-07
 2.23292e-07
 2.04040e-07
 1.87118e-07
 1.72172e-07
 1.58913e-07
 1.47102e-07
 1.36537e-07
 1.27053e-07
 1.15636e-06
 9.60199e-07
 8.07565e-07
 6.87123e-07
 5.90778e-07
 5.12721e-07
 4.48732e-07
 3.95711e-07
 3.51343e-07
 3.13882e-07
 2.81992e-07
 2.54640e-07
 2.31018e-07
 2.10487e-07
 1.92538e-07
 1.76761e-07
 1.62822e-07
 1.50451e-07
 1.39424e-07
 1.29553e-07
 1.32725e-06
 1.07604e-06
 8.88621e-07
 7.45399e-07
 6.33670e-07
 5.44940e-07
 4.73373e-07
 4.14858e-07
 3.66434e-07
 3.25929e-07
 2.91720e-07
 2.62578e-07
 2.37557e-07
 2.15920e-07
 1.97088e-07
 1.80600e-07
 1.66083e-07
 1.53239e-07
 1.41820e-07
 1.31624e-07
 1.48500e-06
 1.17931e-06
 9.59010e-07
 7.94982e-07
 6.69575e-07
 5.71559e-07
 4.93514e-07
 4.30369e-07
 3.78568e-07
 3.35554e-07
 2.99451e-07
 2.68857e-07
 2.42709e-07
 2.20186e-07
 2.00651e-07
 1.83597e-07
 1.68623e-07
 1.55405e-07
 1.43679e-07
 1.33229e-07
 1.60963e-06
 1.25866e-06
 1.01198e-06
 8.31702e-07
 6.95832e-07
 5.90830e-07
 5.07975e-07
 4.41432e-07
 3.87174e-07
 3.42349e-07
 3.04887e-07
 2.73257e-07
 2.46308e-07
 2.23160e-07
 2.03128e-07
 1.85678e-07
 1.70384e-07
 1.56905e-07
 1.44964e-07
 1.34337e-07
 1.68198e-06
 1.30385e-06
 1.04171e-06
 8.52093e-07
 7.10290e-07
 6.01372e-07
 5.15844e-07
 4.47426e-07
 3.91822e-07
 3.46008e-07
 3.07807e-07
 2.75617e-07
 2.48236e-07
 2.24750e-07
 2.04452e-07
 1.86789e-07
 1.71324e-07
 1.57705e-07
 1.45650e-07
 1.34927e-07
 1.68933e-06
 1.30835e-06
 1.04463e-06
 8.54072e-07
 7.11684e-07
 6.02384e-07
 5.16599e-07
 4.48001e-07
 3.92269e-07
 3.46361e-07
 3.08091e-07
 2.75848e-07
 2.48426e-07
 2.24907e-07
 2.04584e-07
 1.86901e-07
 1.71419e-07
 1.57787e-07
 1.45721e-07
 1.34989e-07
 1.62994e-06
 1.27132e-06
 1.02029e-06
 8.37394e-07
 6.99868e-07
 5.93778e-07
 5.10182e-07
 4.43120e-07
 3.88490e-07
 3.43392e-07
 3.05725e-07
 2.73940e-07
 2.46870e-07
 2.23627e-07
 2.03521e-07
 1.86011e-07
 1.70668e-07
 1.57149e-07
 1.45176e-07
 1.34521e-07
 1.51387e-06
 1.19793e-06
 9.71538e-07
 8.03719e-07
 6.75856e-07
 5.76196e-07
 4.97015e-07
 4.33066e-07
 3.80682e-07
 3.37236e-07
 3.00808e-07
 2.69966e-07
 2.43624e-07
 2.20950e-07
 2.01293e-07
 1.84142e-07
 1.69090e-07
 1.55807e-07
 1.44027e-07
 1.33532e-07
 1.35967e-06
 1.09790e-06
 9.03823e-07
 7.56268e-07
 6.41635e-07
 5.50909e-07
 4.77934e-07
 4.18405e-07
 3.69236e-07
 3.28173e-07
 2.93541e-07
 2.64072e-07
 2.38796e-07
 2.16957e-07
 1.97963e-07
 1.81344e-07
 1.66721e-07
 1.53789e-07
 1.42297e-07
 1.32041e-07
 1.18835e-06
 9.82870e-07
 8.23936e-07
 6.99172e-07
 5.99813e-07
 5.19615e-07
 4.54079e-07
 3.99919e-07
 3.54700e-07
 3.16593e-07
 2.84207e-07
 2.56469e-07
 2.32542e-07
 2.11768e-07
 1.93623e-07
 1.77687e-07
 1.63618e-07
 1.51139e-07
 1.40022e-07
 1.30076e-07
 1.01778e-06
 8.63683e-07
 7.38613e-07
 6.36733e-07
 5.53207e-07
 4.84204e-07
 4.26743e-07
 3.78512e-07
 3.37718e-07
 3.02964e-07
 2.73150e-07
 2.47411e-07
 2.25056e-07
 2.05530e-07
 1.88386e-07
 1.73259e-07
 1.59850e-07
 1.47914e-07
 1.37246e-07
 1.27674e-07
 8.59908e-07
 7.48636e-07
 6.53502e-07
 5.72798e-07
 5.04465e-07
 4.46524e-07
 3.97234e-07
 3.55123e-07
 3.18974e-07
 2.87786e-07
 2.60745e-07
 2.37183e-07
 2.16554e-07
 1.98410e-07
 1.82382e-07
 1.68163e-07
 1.55499e-07
 1.44178e-07
 1.34021e-07
 1.24876e-07
 7.20774e-07
 6.42961e-07
 5.72667e-07
 5.10398e-07
 4.55815e-07
 4.08207e-07
 3.66753e-07
 3.30642e-07
 2.99131e-07
 2.71564e-07
 2.47374e-07
 2.26077e-07
 2.07264e-07
 1.90586e-07
 1.75751e-07
 1.62510e-07
 1.50653e-07
 1.40002e-07
 1.30404e-07
 1.21730e-07
 6.02046e-07
 5.49199e-07
 4.98574e-07
 4.51628e-07
 4.08938e-07
 3.70569e-07
 3.36319e-07
 3.05854e-07
 2.78796e-07
 2.54764e-07
 2.33400e-07
 2.14378e-07
 1.97409e-07
 1.82235e-07
 1.68634e-07
 1.56413e-07
 1.45404e-07
 1.35460e-07
 1.26457e-07
 1.18285e-07
 5.02770e-07
 4.67956e-07
 4.32378e-07
 3.97727e-07
 3.64968e-07
 3.34579e-07
 3.06729e-07
 2.81405e-07
 2.58487e-07
 2.37802e-07
 2.19156e-07
 2.02352e-07
 1.87202e-07
 1.73528e-07
 1.61171e-07
 1.49985e-07
 1.39843e-07
 1.30629e-07
 1.22242e-07
 1.14594e-07
