scalar
part
         1
quad4
 4.83493e-07
 4.50101e-07
 4.16048e-07
 3.82901e-07
 3.51556e-07
 3.22460e-07
 2.95776e-07
 2.71489e-07
 2.49491e-07
 2.29619e-07
 2.11693e-07
 1.95526e-07
 1.80939e-07
 1.67767e-07
 1.55856e-07
 1.45070e-07
 1.35284e-07
 1.26391e-07
 1.18294e-07
 1.10907e-07
 5.77656e-07
 5.27270e-07
 4.79023e-07
 4.34259e-07
 3.93512e-07
 3.56848e-07
 3.24080e-07
 2.94899e-07
 2.68952e-07
 2.45884e-07
 2.25358e-07
 2.07068e-07
 1.90738e-07
 1.76127e-07
 1.63024e-07
 1.51243e-07
 1.40625e-07
 1.31031e-07
 1.22341e-07
 1.14451e-07
 6.90053e-07
 6.16221e-07
 5.49464e-07
 4.90242e-07
 4.38245e-07
 3.92818e-07
 3.53202e-07
 3.18642e-07
 2.88446e-07
 2.61999e-07
 2.38769e-07
 2.18299e-07
 2.00202e-07
 1.84148e-07
 1.69859e-07
 1.57098e-07
 1.45666e-07
 1.35392e-07
 1.26130e-07
 1.17757e-07
 8.21580e-07
 7.16415e-07
 6.26314e-07
 5.49707e-07
 4.84698e-07
 4.29465e-07
 3.82391e-07
 3.42110e-07
 3.07482e-07
 2.77571e-07
 2.51609e-07
 2.28966e-07
 2.09126e-07
 1.91664e-07
 1.76228e-07
 1.62527e-07
 1.50319e-07
 1.39401e-07
 1.29601e-07
 1.20775e-07
 9.70760e-07
 8.25544e-07
 7.07311e-07
 6.10713e-07
 5.31307e-07
 4.65555e-07
 4.10690e-07
 3.64560e-07
 3.25486e-07
 2.92155e-07
 2.63531e-07
 2.38797e-07
 2.17297e-07
 1.98506e-07
 1.81996e-07
 1.67421e-07
 1.54497e-07
 1.42986e-07
 1.32694e-07
 1.23458e-07
 1.13216e-06
 9.38849e-07
 7.88718e-07
 6.70452e-07
 5.75989e-07
 4.99553e-07
 4.36963e-07
 3.85148e-07
 3.41824e-07
 3.05270e-07
 2.74171e-07
 2.47511e-07
 2.24497e-07
 2.04502e-07
 1.87029e-07
 1.71674e-07
 1.58113e-07
 1.46080e-07
 1.35356e-07
 1.25759e-07
 1.29503e-06
 1.04875e-06
 8.65315e-07
 7.25332e-07
 6.16254e-07
 5.29713e-07
 4.59967e-07
 4.02978e-07
 3.55843e-07
 3.16435e-07
 2.83166e-07
 2.54835e-07
 2.30517e-07
 2.09494e-07
 1.91200e-07
 1.75186e-07
 1.61090e-07
 1.48619e-07
 1.37534e-07
 1.27638e-07
 1.44311e-06
 1.14524e-06
 9.30808e-07
 7.71298e-07
 6.49429e-07
 5.54231e-07
 4.78462e-07
 4.17181e-07
 3.66923e-07
 3.25200e-07
 2.90187e-07
 2.60521e-07
 2.35170e-07
 2.13336e-07
 1.94400e-07
 1.77871e-07
 1.63359e-07
 1.50550e-07
 1.39186e-07
 1.29060e-07
 1.55695e-06
 1.21736e-06
 9.78740e-07
 8.04390e-07
 6.72998e-07
 5.71463e-07
 4.91344e-07
 4.26998e-07
 3.74531e-07
 3.31183e-07
 2.94955e-07
 2.64366e-07
 2.38303e-07
 2.15914e-07
 1.96540e-07
 1.79662e-07
 1.64868e-07
 1.51830e-07
 1.40279e-07
 1.29998e-07
 1.61858e-06
 1.25560e-06
 1.00375e-06
 8.21425e-07
 6.84996e-07
 5.80149e-07
 4.97782e-07
 4.31866e-07
 3.78277e-07
 3.34110e-07
 2.97274e-07
 2.66225e-07
 2.39809e-07
 2.17147e-07
 1.97558e-07
 1.80509e-07
 1.65579e-07
 1.52430e-07
 1.40789e-07
 1.30434e-07
 1.61714e-06
 1.25441e-06
 1.00278e-06
 8.20633e-07
 6.84346e-07
 5.79613e-07
 4.97334e-07
 4.31490e-07
 3.77959e-07
 3.33839e-07
 2.97040e-07
 2.66023e-07
 2.39634e-07
 2.16994e-07
 1.97423e-07
 1.80389e-07
 1.65473e-07
 1.52335e-07
 1.40704e-07
 1.30358e-07
 1.55265e-06
 1.21382e-06
 9.75863e-07
 8.02042e-07
 6.71072e-07
 5.69870e-07
 4.90016e-07
 4.25881e-07
 3.73585e-07
 3.30376e-07
 2.94261e-07
 2.63765e-07
 2.37780e-07
 2.15456e-07
 1.96137e-07
 1.79305e-07
 1.64551e-07
 1.51547e-07
 1.40026e-07
 1.29770e-07
 1.43598e-06
 1.13945e-06
 9.26117e-07
 7.67475e-07
 6.46290e-07
 5.51632e-07
 4.76292e-07
 4.15354e-07
 3.65373e-07
 3.23874e-07
 2.89046e-07
 2.59533e-07
 2.34308e-07
 2.12581e-07
 1.93735e-07
 1.77283e-07
 1.62836e-07
 1.50082e-07
 1.38767e-07
 1.28683e-07
 1.28525e-06
 1.04091e-06
 8.58980e-07
 7.20168e-07
 6.12007e-07
 5.26189e-07
 4.57017e-07
 4.00489e-07
 3.53726e-07
 3.14621e-07
 2.81602e-07
 2.53477e-07
 2.29332e-07
 2.08454e-07
 1.90283e-07
 1.74373e-07
 1.60366e-07
 1.47972e-07
 1.36954e-07
 1.27116e-07
 1.12018e-06
 9.29280e-07
 7.80984e-07
 6.64134e-07
 5.70775e-07
 4.95212e-07
 4.33316e-07
 3.82060e-07
 3.39190e-07
 3.03007e-07
 2.72215e-07
 2.45810e-07
 2.23009e-07
 2.03194e-07
 1.85873e-07
 1.70648e-07
 1.57199e-07
 1.45262e-07
 1.34621e-07
 1.25097e-07
 9.57188e-07
 8.14668e-07
 6.98480e-07
 6.03462e-07
 5.25293e-07
 4.60522e-07
 4.06444e-07
 3.60950e-07
 3.22395e-07
 2.89490e-07
 2.61221e-07
 2.36782e-07
 2.15531e-07
 1.96949e-07
 1.80618e-07
 1.66196e-07
 1.53403e-07
 1.42006e-07
 1.31813e-07
 1.22663e-07
 8.07099e-07
 7.04693e-07
 6.16713e-07
 5.41762e-07
 4.78064e-07
 4.23878e-07
 3.77651e-07
 3.38060e-07
 3.03999e-07
 2.74557e-07
 2.48986e-07
 2.26672e-07
 2.07109e-07
 1.89882e-07
 1.74647e-07
 1.61119e-07
 1.49059e-07
 1.38270e-07
 1.28582e-07
 1.19855e-07
 6.75271e-07
 6.04085e-07
 5.39408e-07
 4.81840e-07
 4.31169e-07
 3.86816e-07
 3.48077e-07
 3.14238e-07
 2.84640e-07
 2.58691e-07
 2.35878e-07
 2.15761e-07
 1.97963e-07
 1.82164e-07
 1.68094e-07
 1.55523e-07
 1.44254e-07
 1.34122e-07
 1.24984e-07
 1.16720e-07
 5.63045e-07
 5.15082e-07
 4.68791e-07
 4.25615e-07
 3.86165e-07
 3.50565e-07
 3.18676e-07
 2.90226e-07
 2.64891e-07
 2.42337e-07
 2.22245e-07
 2.04324e-07
 1.88309e-07
 1.73969e-07
 1.61098e-07
 1.49519e-07
 1.39076e-07
 1.29635e-07
 1.21080e-07
 1.13307e-07
 4.69379e-07
 4.38135e-07
 4.05865e-07
 3.74198e-07
 3.44084e-07
 3.16016e-07
 2.90191e-07
 2.66628e-07
 2.45240e-07
 2.25887e-07
 2.08402e-07
 1.92613e-07
 1.78351e-07
 1.65459e-07
 1.53791e-07
 1.43216e-07
 1.33615e-07
 1.24883e-07
 1.16928e-07
 1.09666e-07
