scalar
part
         1
quad4
 5.32844e-07
 4.93791e-07
 4.54596e-07
 4.16878e-07
 3.81523e-07
 3.48939e-07
 3.19232e-07
 2.92333e-07
 2.68077e-07
 2.46251e-07
 2.26629e-07
 2.08987e-07
 1.93115e-07
 1.78817e-07
 1.65918e-07
 1.54261e-07
 1.43705e-07
 1.34129e-07
 1.25423e-07
 1.17493e-07
 6.34113e-07
 5.76294e-07
 5.21542e-07
 4.71176e-07
 4.25649e-07
 3.84925e-07
 3.48712e-07
 3.16606e-07
 2.88170e-07
 2.62975e-07
 2.40626e-07
 2.20766e-07
 2.03079e-07
 1.87289e-07
 1.73156e-07
 1.60475e-07
 1.49064e-07
 1.38770e-07
 1.29460e-07
 1.21017e-07
 7.54495e-07
 6.70960e-07
 5.96046e-07
 5.30039e-07
 4.72419e-07
 4.22334e-07
 3.78847e-07
 3.41058e-07
 3.08155e-07
 2.79425e-07
 2.54259e-07
 2.32138e-07
 2.12624e-07
 1.95349e-07
 1.80001e-07
 1.66318e-07
 1.54077e-07
 1.43092e-07
 1.33203e-07
 1.24273e-07
 8.94678e-07
 7.76993e-07
 6.76824e-07
 5.92139e-07
 5.20637e-07
 4.60154e-07
 4.08809e-07
 3.65024e-07
 3.27501e-07
 2.95178e-07
 2.67190e-07
 2.42835e-07
 2.21537e-07
 2.02826e-07
 1.86312e-07
 1.71677e-07
 1.58654e-07
 1.47021e-07
 1.36592e-07
 1.27210e-07
 1.05268e-06
 8.91647e-07
 7.61273e-07
 6.55292e-07
 5.68563e-07
 4.97033e-07
 4.37557e-07
 3.87704e-07
 3.45593e-07
 3.09759e-07
 2.79054e-07
 2.52572e-07
 2.29594e-07
 2.09541e-07
 1.91950e-07
 1.76440e-07
 1.62703e-07
 1.50482e-07
 1.39566e-07
 1.29778e-07
 1.22214e-06
 1.00950e-06
 8.45211e-07
 7.16396e-07
 6.13928e-07
 5.31313e-07
 4.63875e-07
 4.08202e-07
 3.61765e-07
 3.22668e-07
 2.89469e-07
 2.61057e-07
 2.36568e-07
 2.15322e-07
 1.96777e-07
 1.80499e-07
 1.66138e-07
 1.53406e-07
 1.42069e-07
 1.31933e-07
 1.39086e-06
 1.12210e-06
 9.22907e-07
 7.71557e-07
 6.54061e-07
 5.61139e-07
 4.86458e-07
 4.25582e-07
 3.75338e-07
 3.33407e-07
 2.98066e-07
 2.68013e-07
 2.42250e-07
 2.20004e-07
 2.00666e-07
 1.83754e-07
 1.68880e-07
 1.55732e-07
 1.44053e-07
 1.33633e-07
 1.54084e-06
 1.21853e-06
 9.87597e-07
 8.16474e-07
 6.86157e-07
 5.84638e-07
 5.04025e-07
 4.38955e-07
 3.85682e-07
 3.41522e-07
 3.04512e-07
 2.73192e-07
 2.46453e-07
 2.23447e-07
 2.03510e-07
 1.86121e-07
 1.70865e-07
 1.57406e-07
 1.45474e-07
 1.34846e-07
 1.65104e-06
 1.28719e-06
 1.03254e-06
 8.47066e-07
 7.07654e-07
 6.00149e-07
 5.15472e-07
 4.47568e-07
 3.92272e-07
 3.46639e-07
 3.08538e-07
 2.76396e-07
 2.49031e-07
 2.25540e-07
 2.05224e-07
 1.87536e-07
 1.72040e-07
 1.58389e-07
 1.46301e-07
 1.35546e-07
 1.70297e-06
 1.31848e-06
 1.05242e-06
 8.60222e-07
 7.16651e-07
 6.06471e-07
 5.20013e-07
 4.50893e-07
 3.94746e-07
 3.48506e-07
 3.09963e-07
 2.77496e-07
 2.49886e-07
 2.26211e-07
 2.05753e-07
 1.87955e-07
 1.72374e-07
 1.58656e-07
 1.46515e-07
 1.35718e-07
 1.68698e-06
 1.30756e-06
 1.04462e-06
 8.54452e-07
 7.12259e-07
 6.03048e-07
 5.17294e-07
 4.48697e-07
 3.92946e-07
 3.47012e-07
 3.08710e-07
 2.76434e-07
 2.48979e-07
 2.25429e-07
 2.05075e-07
 1.87364e-07
 1.71855e-07
 1.58197e-07
 1.46108e-07
 1.35355e-07
 1.60560e-06
 1.25577e-06
 1.00990e-06
 8.30213e-07
 6.94766e-07
 5.90073e-07
 5.07445e-07
 4.41070e-07
 3.86938e-07
 3.42207e-07
 3.04815e-07
 2.73239e-07
 2.46331e-07
 2.23212e-07
 2.03204e-07
 1.85771e-07
 1.70489e-07
 1.57019e-07
 1.45085e-07
 1.34462e-07
 1.47250e-06
 1.17018e-06
 9.52203e-07
 7.89816e-07
 6.65595e-07
 5.68455e-07
 4.91065e-07
 4.28420e-07
 3.77004e-07
 3.34290e-07
 2.98424e-07
 2.68018e-07
 2.42021e-07
 2.19621e-07
 2.00185e-07
 1.83213e-07
 1.68307e-07
 1.55145e-07
 1.43465e-07
 1.33054e-07
 1.30768e-06
 1.06154e-06
 8.77640e-07
 7.36930e-07
 6.27034e-07
 5.39670e-07
 4.69138e-07
 4.11418e-07
 3.63614e-07
 3.23598e-07
 2.89779e-07
 2.60951e-07
 2.36185e-07
 2.14757e-07
 1.96098e-07
 1.79752e-07
 1.65356e-07
 1.52612e-07
 1.41278e-07
 1.31155e-07
 1.13159e-06
 9.41508e-07
 7.93186e-07
 6.75876e-07
 5.81852e-07
 5.05545e-07
 4.42898e-07
 3.90919e-07
 3.47371e-07
 3.10563e-07
 2.79199e-07
 2.52273e-07
 2.29000e-07
 2.08756e-07
 1.91046e-07
 1.75469e-07
 1.61699e-07
 1.49471e-07
 1.38565e-07
 1.28798e-07
 9.60580e-07
 8.20344e-07
 7.05377e-07
 6.10911e-07
 5.32884e-07
 4.68009e-07
 4.13685e-07
 3.67869e-07
 3.28956e-07
 2.95683e-07
 2.67050e-07
 2.42260e-07
 2.20675e-07
 2.01780e-07
 1.85156e-07
 1.70462e-07
 1.57416e-07
 1.45785e-07
 1.35375e-07
 1.26024e-07
 8.04964e-07
 7.05512e-07
 6.19450e-07
 5.45694e-07
 4.82697e-07
 4.28880e-07
 3.82801e-07
 3.43213e-07
 3.09062e-07
 2.79473e-07
 2.53721e-07
 2.31207e-07
 2.11438e-07
 1.94003e-07
 1.78565e-07
 1.64840e-07
 1.52592e-07
 1.41623e-07
 1.31766e-07
 1.22879e-07
 6.69517e-07
 6.01457e-07
 5.39007e-07
 4.82990e-07
 4.33373e-07
 3.89714e-07
 3.51410e-07
 3.17825e-07
 2.88350e-07
 2.62437e-07
 2.39598e-07
 2.19413e-07
 2.01520e-07
 1.85609e-07
 1.71417e-07
 1.58718e-07
 1.47320e-07
 1.37061e-07
 1.27798e-07
 1.19413e-07
 5.55055e-07
 5.10109e-07
 4.66107e-07
 4.24633e-07
 3.86429e-07
 3.51725e-07
 3.20469e-07
 2.92453e-07
 2.67406e-07
 2.45032e-07
 2.25041e-07
 2.07162e-07
 1.91148e-07
 1.76778e-07
 1.63857e-07
 1.52213e-07
 1.41695e-07
 1.32174e-07
 1.23535e-07
 1.15677e-07
 4.60115e-07
 4.31645e-07
 4.01578e-07
 3.71631e-07
 3.42840e-07
 3.15777e-07
 2.90706e-07
 2.67700e-07
 2.46719e-07
 2.27655e-07
 2.10370e-07
 1.94712e-07
 1.80530e-07
 1.67679e-07
 1.56023e-07
 1.45437e-07
 1.35810e-07
 1.27040e-07
 1.19039e-07
 1.11725e-07
