scalar
part
         1
quad4
 5.18408e-07
 4.81290e-07
 4.43708e-07
 4.07345e-07
 3.73139e-07
 3.41535e-07
 3.12669e-07
 2.86495e-07
 2.62866e-07
 2.41585e-07
 2.22439e-07
 2.05212e-07
 1.89704e-07
 1.75726e-07
 1.63110e-07
 1.51702e-07
 1.41368e-07
 1.31988e-07
 1.23458e-07
 1.15685e-07
 6.19281e-07
 5.63565e-07
 5.10531e-07
 4.61591e-07
 4.17263e-07
 3.77555e-07
 3.42208e-07
 3.10844e-07
 2.83046e-07
 2.58404e-07
 2.36533e-07
 2.17090e-07
 1.99766e-07
 1.84294e-07
 1.70441e-07
 1.58006e-07
 1.46813e-07
 1.36712e-07
 1.27573e-07
 1.19283e-07
 7.39588e-07
 6.58232e-07
 5.85082e-07
 5.20533e-07
 4.64134e-07
 4.15081e-07
 3.72471e-07
 3.35431e-07
 3.03169e-07
 2.74991e-07
 2.50301e-07
 2.28592e-07
 2.09437e-07
 1.92474e-07
 1.77400e-07
 1.63956e-07
 1.51928e-07
 1.41130e-07
 1.31406e-07
 1.22624e-07
 8.80100e-07
 7.64532e-07
 6.66091e-07
 5.82849e-07
 5.12561e-07
 4.53106e-07
 4.02634e-07
 3.59593e-07
 3.22705e-07
 2.90925e-07
 2.63405e-07
 2.39453e-07
 2.18504e-07
 2.00095e-07
 1.83846e-07
 1.69442e-07
 1.56621e-07
 1.45167e-07
 1.34896e-07
 1.25655e-07
 1.03885e-06
 8.79701e-07
 7.50941e-07
 6.46346e-07
 5.60801e-07
 4.90278e-07
 4.31658e-07
 3.82533e-07
 3.41041e-07
 3.05734e-07
 2.75481e-07
 2.49386e-07
 2.26742e-07
 2.06979e-07
 1.89639e-07
 1.74348e-07
 1.60802e-07
 1.48750e-07
 1.37983e-07
 1.28327e-07
 1.20933e-06
 9.98226e-07
 8.35404e-07
 7.07901e-07
 6.06574e-07
 5.24935e-07
 4.58326e-07
 4.03353e-07
 3.57510e-07
 3.18916e-07
 2.86146e-07
 2.58101e-07
 2.33926e-07
 2.12951e-07
 1.94640e-07
 1.78567e-07
 1.64384e-07
 1.51809e-07
 1.40610e-07
 1.30595e-07
 1.37901e-06
 1.11151e-06
 9.13681e-07
 7.63592e-07
 6.47199e-07
 5.55218e-07
 4.81328e-07
 4.21118e-07
 3.71433e-07
 3.29974e-07
 2.95031e-07
 2.65317e-07
 2.39845e-07
 2.17847e-07
 1.98724e-07
 1.81998e-07
 1.67287e-07
 1.54281e-07
 1.42727e-07
 1.32418e-07
 1.52946e-06
 1.20848e-06
 9.78956e-07
 8.09102e-07
 6.79867e-07
 5.79251e-07
 4.99386e-07
 4.34937e-07
 3.82179e-07
 3.38449e-07
 3.01802e-07
 2.70787e-07
 2.44309e-07
 2.21525e-07
 2.01780e-07
 1.84557e-07
 1.69445e-07
 1.56112e-07
 1.44291e-07
 1.33761e-07
 1.63947e-06
 1.27752e-06
 1.02450e-06
 8.40364e-07
 7.02023e-07
 5.95379e-07
 5.11395e-07
 4.44054e-07
 3.89220e-07
 3.43968e-07
 3.06185e-07
 2.74310e-07
 2.47170e-07
 2.23872e-07
 2.03721e-07
 1.86176e-07
 1.70804e-07
 1.57262e-07
 1.45269e-07
 1.34598e-07
 1.69097e-06
 1.30923e-06
 1.04511e-06
 8.54314e-07
 7.11789e-07
 6.02405e-07
 5.16569e-07
 4.47941e-07
 3.92190e-07
 3.46272e-07
 3.07996e-07
 2.75751e-07
 2.48329e-07
 2.24812e-07
 2.04491e-07
 1.86810e-07
 1.71332e-07
 1.57703e-07
 1.45640e-07
 1.34912e-07
 1.67517e-06
 1.29915e-06
 1.03831e-06
 8.49525e-07
 7.08296e-07
 5.99784e-07
 5.14554e-07
 4.46359e-07
 3.90926e-07
 3.45247e-07
 3.07154e-07
 2.75050e-07
 2.47740e-07
 2.24313e-07
 2.04064e-07
 1.86442e-07
 1.71012e-07
 1.57424e-07
 1.45395e-07
 1.34695e-07
 1.59539e-06
 1.24890e-06
 1.00498e-06
 8.26498e-07
 6.91847e-07
 5.87704e-07
 5.05471e-07
 4.39392e-07
 3.85487e-07
 3.40935e-07
 3.03688e-07
 2.72230e-07
 2.45421e-07
 2.22387e-07
 2.02450e-07
 1.85079e-07
 1.69852e-07
 1.56429e-07
 1.44537e-07
 1.33952e-07
 1.46542e-06
 1.16562e-06
 9.49062e-07
 7.87531e-07
 6.63845e-07
 5.67056e-07
 4.89907e-07
 4.27432e-07
 3.76143e-07
 3.33526e-07
 2.97736e-07
 2.67393e-07
 2.41447e-07
 2.19091e-07
 1.99693e-07
 1.82754e-07
 1.67877e-07
 1.54741e-07
 1.43084e-07
 1.32694e-07
 1.30474e-06
 1.05978e-06
 8.76555e-07
 7.36220e-07
 6.26534e-07
 5.39286e-07
 4.68819e-07
 4.11135e-07
 3.63351e-07
 3.23346e-07
 2.89534e-07
 2.60710e-07
 2.35948e-07
 2.14523e-07
 1.95867e-07
 1.79526e-07
 1.65133e-07
 1.52394e-07
 1.41065e-07
 1.30946e-07
 1.13294e-06
 9.42687e-07
 7.94225e-07
 6.76773e-07
 5.82612e-07
 5.06177e-07
 4.43415e-07
 3.91334e-07
 3.47699e-07
 3.10816e-07
 2.79389e-07
 2.52411e-07
 2.29094e-07
 2.08814e-07
 1.91074e-07
 1.75472e-07
 1.61682e-07
 1.49437e-07
 1.38517e-07
 1.28739e-07
 9.65669e-07
 8.24198e-07
 7.08397e-07
 6.13328e-07
 5.34843e-07
 4.69610e-07
 4.15000e-07
 3.68952e-07
 3.29850e-07
 2.96422e-07
 2.67660e-07
 2.42763e-07
 2.21090e-07
 2.02120e-07
 1.85435e-07
 1.70688e-07
 1.57598e-07
 1.45930e-07
 1.35489e-07
 1.26112e-07
 8.12898e-07
 7.11542e-07
 6.24157e-07
 5.49444e-07
 4.85731e-07
 4.31362e-07
 3.84850e-07
 3.44916e-07
 3.10485e-07
 2.80668e-07
 2.54727e-07
 2.32057e-07
 2.12157e-07
 1.94614e-07
 1.79083e-07
 1.65281e-07
 1.52967e-07
 1.41942e-07
 1.32036e-07
 1.23108e-07
 6.79351e-07
 6.09082e-07
 5.45034e-07
 4.87831e-07
 4.37315e-07
 3.92959e-07
 3.54106e-07
 3.20082e-07
 2.90253e-07
 2.64048e-07
 2.40970e-07
 2.20585e-07
 2.02525e-07
 1.86473e-07
 1.72162e-07
 1.59362e-07
 1.47878e-07
 1.37544e-07
 1.28218e-07
 1.19778e-07
 5.65977e-07
 5.18778e-07
 4.73076e-07
 4.30304e-07
 3.91094e-07
 3.55600e-07
 3.23713e-07
 2.95190e-07
 2.69729e-07
 2.47014e-07
 2.26741e-07
 2.08626e-07
 1.92414e-07
 1.77876e-07
 1.64812e-07
 1.53047e-07
 1.42425e-07
 1.32814e-07
 1.24097e-07
 1.16172e-07
 4.71503e-07
 4.40895e-07
 4.09151e-07
 3.77883e-07
 3.48045e-07
 3.20142e-07
 2.94393e-07
 2.70835e-07
 2.49399e-07
 2.29958e-07
 2.12358e-07
 1.96436e-07
 1.82031e-07
 1.68989e-07
 1.57171e-07
 1.46446e-07
 1.36699e-07
 1.27825e-07
 1.19734e-07
 1.12341e-07
