scalar
part
         1
quad4
 4.08383e-07
 3.86503e-07
 3.62329e-07
 3.37541e-07
 3.13206e-07
 2.89961e-07
 2.68148e-07
 2.47917e-07
 2.29301e-07
 2.12256e-07
 1.96699e-07
 1.82525e-07
 1.69622e-07
 1.57877e-07
 1.47182e-07
 1.37434e-07
 1.28540e-07
 1.20415e-07
 1.12981e-07
 1.06171e-07
 4.96290e-07
 4.59903e-07
 4.23272e-07
 3.88042e-07
 3.55075e-07
 3.24749e-07
 2.97146e-07
 2.72185e-07
 2.49699e-07
 2.29481e-07
 2.11314e-07
 1.94985e-07
 1.80294e-07
 1.67060e-07
 1.55118e-07
 1.44323e-07
 1.34545e-07
 1.25670e-07
 1.17598e-07
 1.10242e-07
 6.03043e-07
 5.46033e-07
 4.92706e-07
 4.44139e-07
 4.00582e-07
 3.61856e-07
 3.27579e-07
 2.97298e-07
 2.70552e-07
 2.46903e-07
 2.25958e-07
 2.07366e-07
 1.90821e-07
 1.76060e-07
 1.62853e-07
 1.51003e-07
 1.40341e-07
 1.30722e-07
 1.22021e-07
 1.14129e-07
 7.30479e-07
 6.45094e-07
 5.70115e-07
 5.05064e-07
 4.48926e-07
 4.00544e-07
 3.58807e-07
 3.22717e-07
 2.91410e-07
 2.64153e-07
 2.40329e-07
 2.19423e-07
 2.01005e-07
 1.84715e-07
 1.70252e-07
 1.57364e-07
 1.45839e-07
 1.35497e-07
 1.26187e-07
 1.17781e-07
 8.78546e-07
 7.55770e-07
 6.53883e-07
 5.69288e-07
 4.98791e-07
 4.39732e-07
 3.89958e-07
 3.47747e-07
 3.11725e-07
 2.80796e-07
 2.54084e-07
 2.30883e-07
 2.10626e-07
 1.92849e-07
 1.77174e-07
 1.63292e-07
 1.50944e-07
 1.39917e-07
 1.30034e-07
 1.21144e-07
 1.04379e-06
 8.74484e-07
 7.40955e-07
 6.34378e-07
 5.48299e-07
 4.77986e-07
 4.19944e-07
 3.71561e-07
 3.30864e-07
 2.96346e-07
 2.66845e-07
 2.41453e-07
 2.19454e-07
 2.00280e-07
 1.83475e-07
 1.68669e-07
 1.55562e-07
 1.43907e-07
 1.33499e-07
 1.24168e-07
 1.21775e-06
 9.94820e-07
 8.26667e-07
 6.96989e-07
 5.95052e-07
 5.13580e-07
 4.47509e-07
 3.93237e-07
 3.48143e-07
 3.10291e-07
 2.78225e-07
 2.50834e-07
 2.27259e-07
 2.06829e-07
 1.89012e-07
 1.73385e-07
 1.59604e-07
 1.47393e-07
 1.36522e-07
 1.26805e-07
 1.38621e-06
 1.10750e-06
 9.04924e-07
 7.53060e-07
 6.36298e-07
 5.44613e-07
 4.71321e-07
 4.11823e-07
 3.62873e-07
 3.22123e-07
 2.87845e-07
 2.58741e-07
 2.33823e-07
 2.12327e-07
 1.93655e-07
 1.77335e-07
 1.62988e-07
 1.50311e-07
 1.39053e-07
 1.29011e-07
 1.53011e-06
 1.20128e-06
 9.68857e-07
 7.98255e-07
 6.69219e-07
 5.69207e-07
 4.90095e-07
 4.26425e-07
 3.74417e-07
 3.31382e-07
 2.95367e-07
 2.64923e-07
 2.38955e-07
 2.16628e-07
 1.97290e-07
 1.80431e-07
 1.65644e-07
 1.52603e-07
 1.41044e-07
 1.30750e-07
 1.62897e-06
 1.26491e-06
 1.01195e-06
 8.28623e-07
 6.91327e-07
 5.85742e-07
 5.02747e-07
 4.36297e-07
 3.82252e-07
 3.37693e-07
 3.00518e-07
 2.69175e-07
 2.42503e-07
 2.19616e-07
 1.99828e-07
 1.82603e-07
 1.67516e-07
 1.54228e-07
 1.42461e-07
 1.31994e-07
 1.66631e-06
 1.28980e-06
 1.02939e-06
 8.41327e-07
 7.00870e-07
 5.93094e-07
 5.08532e-07
 4.40932e-07
 3.86022e-07
 3.40802e-07
 3.03111e-07
 2.71361e-07
 2.44363e-07
 2.21211e-07
 2.01207e-07
 1.83803e-07
 1.68567e-07
 1.55153e-07
 1.43281e-07
 1.32722e-07
 1.63549e-06
 1.27257e-06
 1.01931e-06
 8.35257e-07
 6.97157e-07
 5.90815e-07
 5.07150e-07
 4.40121e-07
 3.85581e-07
 3.40602e-07
 3.03069e-07
 2.71422e-07
 2.44490e-07
 2.21380e-07
 2.01400e-07
 1.84010e-07
 1.68780e-07
 1.55366e-07
 1.43490e-07
 1.32926e-07
 1.54282e-06
 1.21624e-06
 9.83282e-07
 8.11287e-07
 6.80693e-07
 5.79207e-07
 4.98785e-07
 4.33981e-07
 3.81003e-07
 3.37142e-07
 3.00424e-07
 2.69380e-07
 2.42899e-07
 2.20131e-07
 2.00415e-07
 1.83228e-07
 1.68156e-07
 1.54867e-07
 1.43091e-07
 1.32606e-07
 1.40527e-06
 1.12937e-06
 9.25954e-07
 7.72079e-07
 6.53077e-07
 5.59268e-07
 4.84081e-07
 4.22938e-07
 3.72577e-07
 3.30623e-07
 2.95316e-07
 2.65334e-07
 2.39663e-07
 2.17520e-07
 1.98290e-07
 1.81487e-07
 1.66720e-07
 1.53676e-07
 1.42097e-07
 1.31773e-07
 1.24415e-06
 1.02341e-06
 8.53814e-07
 7.21491e-07
 6.16691e-07
 5.32519e-07
 4.64038e-07
 4.07667e-07
 3.60768e-07
 3.21370e-07
 2.87980e-07
 2.59456e-07
 2.34907e-07
 2.13639e-07
 1.95097e-07
 1.78841e-07
 1.64514e-07
 1.51824e-07
 1.40534e-07
 1.30447e-07
 1.07856e-06
 9.09660e-07
 7.73717e-07
 6.63800e-07
 5.74283e-07
 5.00770e-07
 4.39877e-07
 3.89008e-07
 3.46166e-07
 3.09806e-07
 2.78722e-07
 2.51970e-07
 2.28801e-07
 2.08616e-07
 1.90934e-07
 1.75367e-07
 1.61595e-07
 1.49358e-07
 1.38439e-07
 1.28657e-07
 9.21895e-07
 7.97152e-07
 6.91666e-07
 6.03013e-07
 5.28557e-07
 4.65875e-07
 4.12888e-07
 3.67874e-07
 3.29427e-07
 2.96407e-07
 2.67894e-07
 2.43141e-07
 2.21541e-07
 2.02602e-07
 1.85917e-07
 1.71154e-07
 1.58036e-07
 1.46334e-07
 1.35856e-07
 1.26440e-07
 7.81499e-07
 6.91898e-07
 6.12176e-07
 5.42410e-07
 4.81873e-07
 4.29532e-07
 3.84301e-07
 3.45162e-07
 3.11211e-07
 2.81667e-07
 2.55865e-07
 2.33248e-07
 2.13345e-07
 1.95764e-07
 1.80176e-07
 1.66305e-07
 1.53917e-07
 1.42817e-07
 1.32837e-07
 1.23838e-07
 6.60031e-07
 5.97122e-07
 5.38158e-07
 4.84367e-07
 4.36086e-07
 3.93160e-07
 3.55193e-07
 3.21690e-07
 2.92141e-07
 2.66060e-07
 2.43002e-07
 2.22574e-07
 2.04432e-07
 1.88275e-07
 1.73848e-07
 1.60928e-07
 1.49325e-07
 1.38876e-07
 1.29441e-07
 1.20897e-07
 5.57240e-07
 5.13965e-07
 4.71151e-07
 4.30389e-07
 3.92509e-07
 3.57846e-07
 3.26439e-07
 2.98152e-07
 2.72765e-07
 2.50017e-07
 2.29644e-07
 2.11389e-07
 1.95015e-07
 1.80306e-07
 1.67070e-07
 1.55134e-07
 1.44351e-07
 1.34586e-07
 1.25725e-07
 1.17666e-07
