scalar
part
         1
quad4
 6.09327e-07
 5.59138e-07
 5.10142e-07
 4.63985e-07
 4.21470e-07
 3.82863e-07
 3.48116e-07
 3.17007e-07
 2.89234e-07
 2.64466e-07
 2.42378e-07
 2.22662e-07
 2.05038e-07
 1.89255e-07
 1.75093e-07
 1.62357e-07
 1.50876e-07
 1.40502e-07
 1.31107e-07
 1.22579e-07
 7.19595e-07
 6.47587e-07
 5.80813e-07
 5.20450e-07
 4.66698e-07
 4.19242e-07
 3.77528e-07
 3.40923e-07
 3.08797e-07
 2.80565e-07
 2.55706e-07
 2.33761e-07
 2.14333e-07
 1.97082e-07
 1.81718e-07
 1.67992e-07
 1.55692e-07
 1.44637e-07
 1.34673e-07
 1.25665e-07
 8.49278e-07
 7.47784e-07
 6.58318e-07
 5.80671e-07
 5.13792e-07
 4.56346e-07
 4.06994e-07
 3.64512e-07
 3.27831e-07
 2.96043e-07
 2.68384e-07
 2.44218e-07
 2.23016e-07
 2.04338e-07
 1.87816e-07
 1.73146e-07
 1.60071e-07
 1.48376e-07
 1.37880e-07
 1.28428e-07
 9.98159e-07
 8.58123e-07
 7.40735e-07
 6.42857e-07
 5.61234e-07
 4.92947e-07
 4.35543e-07
 3.87015e-07
 3.45745e-07
 3.10437e-07
 2.80051e-07
 2.53751e-07
 2.30865e-07
 2.10845e-07
 1.93247e-07
 1.77706e-07
 1.63922e-07
 1.51645e-07
 1.40669e-07
 1.30819e-07
 1.16260e-06
 9.74616e-07
 8.24616e-07
 7.04274e-07
 6.06936e-07
 5.27478e-07
 4.62003e-07
 4.07554e-07
 3.61879e-07
 3.23249e-07
 2.90327e-07
 2.62069e-07
 2.37654e-07
 2.16429e-07
 1.97873e-07
 1.81563e-07
 1.67158e-07
 1.54375e-07
 1.42984e-07
 1.32793e-07
 1.33357e-06
 1.09017e-06
 9.04785e-07
 7.61248e-07
 6.48308e-07
 5.58103e-07
 4.85065e-07
 4.25188e-07
 3.75547e-07
 3.33974e-07
 2.98835e-07
 2.68887e-07
 2.43167e-07
 2.20924e-07
 2.01565e-07
 1.84617e-07
 1.69700e-07
 1.56503e-07
 1.44775e-07
 1.34308e-07
 1.49529e-06
 1.19446e-06
 9.74571e-07
 8.09428e-07
 6.82470e-07
 5.82884e-07
 5.03398e-07
 4.38985e-07
 3.86088e-07
 3.42135e-07
 3.05229e-07
 2.73948e-07
 2.47211e-07
 2.24183e-07
 2.04212e-07
 1.86781e-07
 1.71480e-07
 1.57976e-07
 1.46000e-07
 1.35331e-07
 1.62609e-06
 1.27509e-06
 1.02666e-06
 8.44354e-07
 7.06613e-07
 6.00001e-07
 5.15793e-07
 4.48125e-07
 3.92933e-07
 3.47330e-07
 3.09217e-07
 2.77041e-07
 2.49630e-07
 2.26090e-07
 2.05724e-07
 1.87987e-07
 1.72446e-07
 1.58753e-07
 1.46626e-07
 1.35836e-07
 1.70328e-06
 1.32032e-06
 1.05457e-06
 8.62269e-07
 7.18465e-07
 6.08027e-07
 5.21328e-07
 4.51994e-07
 3.95664e-07
 3.49268e-07
 3.10595e-07
 2.78017e-07
 2.50316e-07
 2.26563e-07
 2.06042e-07
 1.88189e-07
 1.72563e-07
 1.58806e-07
 1.46632e-07
 1.35807e-07
 1.71119e-06
 1.32254e-06
 1.05432e-06
 8.60951e-07
 7.16720e-07
 6.06165e-07
 5.19498e-07
 4.50264e-07
 3.94062e-07
 3.47801e-07
 3.09260e-07
 2.76806e-07
 2.49218e-07
 2.25568e-07
 2.05139e-07
 1.87369e-07
 1.71816e-07
 1.58126e-07
 1.46011e-07
 1.35239e-07
 1.64783e-06
 1.28095e-06
 1.02556e-06
 8.40240e-07
 7.01314e-07
 5.94395e-07
 5.10304e-07
 4.42946e-07
 3.88142e-07
 3.42945e-07
 3.05226e-07
 2.73420e-07
 2.46348e-07
 2.23114e-07
 2.03024e-07
 1.85534e-07
 1.70213e-07
 1.56718e-07
 1.44767e-07
 1.34135e-07
 1.52520e-06
 1.20159e-06
 9.71595e-07
 8.02067e-07
 6.73432e-07
 5.73478e-07
 4.94252e-07
 4.30386e-07
 3.78148e-07
 3.34874e-07
 2.98624e-07
 2.67955e-07
 2.41778e-07
 2.19257e-07
 1.99741e-07
 1.82718e-07
 1.67782e-07
 1.54604e-07
 1.42919e-07
 1.32510e-07
 1.36357e-06
 1.09512e-06
 8.98404e-07
 7.49975e-07
 6.35267e-07
 5.44822e-07
 4.72278e-07
 4.13224e-07
 3.64527e-07
 3.23909e-07
 2.89685e-07
 2.60586e-07
 2.35640e-07
 2.14097e-07
 1.95368e-07
 1.78983e-07
 1.64569e-07
 1.51823e-07
 1.40498e-07
 1.30390e-07
 1.18444e-06
 9.73664e-07
 8.13146e-07
 6.88359e-07
 5.89615e-07
 5.10261e-07
 4.45616e-07
 3.92311e-07
 3.47880e-07
 3.10482e-07
 2.78727e-07
 2.51546e-07
 2.28111e-07
 2.07771e-07
 1.90009e-07
 1.74410e-07
 1.60640e-07
 1.48427e-07
 1.37544e-07
 1.27809e-07
 1.00571e-06
 8.48248e-07
 7.22765e-07
 6.21698e-07
 5.39432e-07
 4.71792e-07
 4.15644e-07
 3.68617e-07
 3.28901e-07
 2.95098e-07
 2.66122e-07
 2.41116e-07
 2.19403e-07
 2.00441e-07
 1.83791e-07
 1.69099e-07
 1.56075e-07
 1.44478e-07
 1.34110e-07
 1.24807e-07
 8.39736e-07
 7.27352e-07
 6.33044e-07
 5.53955e-07
 4.87465e-07
 4.31341e-07
 3.83731e-07
 3.43129e-07
 3.08312e-07
 2.78293e-07
 2.52272e-07
 2.29601e-07
 2.09751e-07
 1.92288e-07
 1.76857e-07
 1.63163e-07
 1.50961e-07
 1.40049e-07
 1.30254e-07
 1.21432e-07
 6.93238e-07
 6.16467e-07
 5.48173e-07
 4.88242e-07
 4.36004e-07
 3.90593e-07
 3.51125e-07
 3.16774e-07
 2.86809e-07
 2.60592e-07
 2.37580e-07
 2.17311e-07
 1.99394e-07
 1.83502e-07
 1.69355e-07
 1.56719e-07
 1.45396e-07
 1.35217e-07
 1.26038e-07
 1.17736e-07
 5.68475e-07
 5.18389e-07
 4.70732e-07
 4.26716e-07
 3.86771e-07
 3.50897e-07
 3.18869e-07
 2.90362e-07
 2.65018e-07
 2.42482e-07
 2.22425e-07
 2.04543e-07
 1.88570e-07
 1.74270e-07
 1.61436e-07
 1.49891e-07
 1.39477e-07
 1.30062e-07
 1.21528e-07
 1.13773e-07
 4.64771e-07
 4.33873e-07
 4.01945e-07
 3.70647e-07
 3.40918e-07
 3.13232e-07
 2.87772e-07
 2.64547e-07
 2.43467e-07
 2.24388e-07
 2.07147e-07
 1.91572e-07
 1.77498e-07
 1.64770e-07
 1.53245e-07
 1.42794e-07
 1.33301e-07
 1.24663e-07
 1.16789e-07
 1.09598e-07
 3.79902e-07
 3.62355e-07
 3.42037e-07
 3.20589e-07
 2.99095e-07
 2.78236e-07
 2.58410e-07
 2.39828e-07
 2.22576e-07
 2.06659e-07
 1.92036e-07
 1.78636e-07
 1.66375e-07
 1.55165e-07
 1.44915e-07
 1.35540e-07
 1.26960e-07
 1.19098e-07
 1.11887e-07
 1.05264e-07
