scalar
part
         1
quad4
 4.16051e-07
 3.93631e-07
 3.68898e-07
 3.43563e-07
 3.18711e-07
 2.94986e-07
 2.72735e-07
 2.52108e-07
 2.33135e-07
 2.15769e-07
 1.99925e-07
 1.85494e-07
 1.72360e-07
 1.60408e-07
 1.49525e-07
 1.39609e-07
 1.30563e-07
 1.22300e-07
 1.14742e-07
 1.07818e-07
 5.05659e-07
 4.68419e-07
 4.30966e-07
 3.94974e-07
 3.61316e-07
 3.30372e-07
 3.02222e-07
 2.76778e-07
 2.53865e-07
 2.33271e-07
 2.14771e-07
 1.98147e-07
 1.83195e-07
 1.69729e-07
 1.57581e-07
 1.46600e-07
 1.36656e-07
 1.27632e-07
 1.19426e-07
 1.11948e-07
 6.14502e-07
 5.56187e-07
 5.01683e-07
 4.52079e-07
 4.07620e-07
 3.68113e-07
 3.33164e-07
 3.02302e-07
 2.75052e-07
 2.50967e-07
 2.29642e-07
 2.10718e-07
 1.93882e-07
 1.78864e-07
 1.65430e-07
 1.53378e-07
 1.42537e-07
 1.32758e-07
 1.23912e-07
 1.15890e-07
 7.44453e-07
 6.57136e-07
 5.80518e-07
 5.14091e-07
 4.56801e-07
 4.07455e-07
 3.64906e-07
 3.28130e-07
 2.96240e-07
 2.68485e-07
 2.44233e-07
 2.22957e-07
 2.04218e-07
 1.87647e-07
 1.72937e-07
 1.59831e-07
 1.48113e-07
 1.37600e-07
 1.28137e-07
 1.19593e-07
 8.95456e-07
 7.69915e-07
 6.65815e-07
 5.79445e-07
 5.07515e-07
 4.47290e-07
 3.96559e-07
 3.53554e-07
 3.16869e-07
 2.85380e-07
 2.58193e-07
 2.34586e-07
 2.13978e-07
 1.95897e-07
 1.79957e-07
 1.65842e-07
 1.53289e-07
 1.42081e-07
 1.32036e-07
 1.23002e-07
 1.06396e-06
 8.90852e-07
 7.54444e-07
 6.45652e-07
 5.57843e-07
 4.86159e-07
 4.27014e-07
 3.77732e-07
 3.36294e-07
 3.01159e-07
 2.71139e-07
 2.45306e-07
 2.22930e-07
 2.03431e-07
 1.86344e-07
 1.71293e-07
 1.57970e-07
 1.46124e-07
 1.35547e-07
 1.26066e-07
 1.24128e-06
 1.01337e-06
 8.41629e-07
 7.09293e-07
 6.05337e-07
 5.22299e-07
 4.54991e-07
 3.99724e-07
 3.53820e-07
 3.15300e-07
 2.82676e-07
 2.54815e-07
 2.30840e-07
 2.10067e-07
 1.91954e-07
 1.76070e-07
 1.62064e-07
 1.49655e-07
 1.38609e-07
 1.28736e-07
 1.41279e-06
 1.12795e-06
 9.21138e-07
 7.66220e-07
 6.47190e-07
 5.53774e-07
 4.79133e-07
 4.18563e-07
 3.68746e-07
 3.27287e-07
 2.92421e-07
 2.62823e-07
 2.37487e-07
 2.15634e-07
 1.96655e-07
 1.80068e-07
 1.65489e-07
 1.52608e-07
 1.41170e-07
 1.30968e-07
 1.55897e-06
 1.22311e-06
 9.85961e-07
 8.12018e-07
 6.80535e-07
 5.78676e-07
 4.98136e-07
 4.33339e-07
 3.80426e-07
 3.36654e-07
 3.00029e-07
 2.69075e-07
 2.42677e-07
 2.19983e-07
 2.00330e-07
 1.83198e-07
 1.68174e-07
 1.54925e-07
 1.43183e-07
 1.32726e-07
 1.65889e-06
 1.28739e-06
 1.02947e-06
 8.42670e-07
 7.02846e-07
 5.95361e-07
 5.10901e-07
 4.43299e-07
 3.88330e-07
 3.43020e-07
 3.05224e-07
 2.73364e-07
 2.46255e-07
 2.22996e-07
 2.02890e-07
 1.85389e-07
 1.70063e-07
 1.56563e-07
 1.44612e-07
 1.33981e-07
 1.69586e-06
 1.31209e-06
 1.04680e-06
 8.55314e-07
 7.12355e-07
 6.02694e-07
 5.16677e-07
 4.47930e-07
 3.92100e-07
 3.46130e-07
 3.07820e-07
 2.75553e-07
 2.48119e-07
 2.24596e-07
 2.04272e-07
 1.86593e-07
 1.71117e-07
 1.57492e-07
 1.45434e-07
 1.34712e-07
 1.66338e-06
 1.29388e-06
 1.03612e-06
 8.48853e-07
 7.08379e-07
 6.00233e-07
 5.15165e-07
 4.47024e-07
 3.91588e-07
 3.45877e-07
 3.07738e-07
 2.75583e-07
 2.48222e-07
 2.24745e-07
 2.04451e-07
 1.86787e-07
 1.71319e-07
 1.57697e-07
 1.45637e-07
 1.34910e-07
 1.56811e-06
 1.23598e-06
 9.99088e-07
 8.24214e-07
 6.91452e-07
 5.88297e-07
 5.06561e-07
 4.40707e-07
 3.86876e-07
 3.42314e-07
 3.05012e-07
 2.73477e-07
 2.46580e-07
 2.23456e-07
 2.03432e-07
 1.85978e-07
 1.70673e-07
 1.57180e-07
 1.45222e-07
 1.34577e-07
 1.42752e-06
 1.14718e-06
 9.40481e-07
 7.84130e-07
 6.63218e-07
 5.67910e-07
 4.91527e-07
 4.29416e-07
 3.78260e-07
 3.35646e-07
 2.99788e-07
 2.69338e-07
 2.43269e-07
 2.20783e-07
 2.01257e-07
 1.84195e-07
 1.69203e-07
 1.55959e-07
 1.44204e-07
 1.33723e-07
 1.26329e-06
 1.03915e-06
 8.66921e-07
 7.32540e-07
 6.26110e-07
 5.40628e-07
 4.71084e-07
 4.13839e-07
 3.66214e-07
 3.26207e-07
 2.92304e-07
 2.63341e-07
 2.38416e-07
 2.16823e-07
 1.97999e-07
 1.81496e-07
 1.66951e-07
 1.54069e-07
 1.42608e-07
 1.32369e-07
 1.09478e-06
 9.23357e-07
 7.85371e-07
 6.73794e-07
 5.82922e-07
 5.08293e-07
 4.46475e-07
 3.94833e-07
 3.51340e-07
 3.14427e-07
 2.82872e-07
 2.55715e-07
 2.32195e-07
 2.11705e-07
 1.93757e-07
 1.77955e-07
 1.63976e-07
 1.51555e-07
 1.40473e-07
 1.30545e-07
 9.35514e-07
 8.08951e-07
 7.01919e-07
 6.11959e-07
 5.36401e-07
 4.72787e-07
 4.19011e-07
 3.73325e-07
 3.34303e-07
 3.00790e-07
 2.71851e-07
 2.46727e-07
 2.24805e-07
 2.05583e-07
 1.88649e-07
 1.73666e-07
 1.60353e-07
 1.48476e-07
 1.37843e-07
 1.28288e-07
 7.92885e-07
 7.01999e-07
 6.21130e-07
 5.50356e-07
 4.88940e-07
 4.35835e-07
 3.89941e-07
 3.50228e-07
 3.15778e-07
 2.85798e-07
 2.59616e-07
 2.36664e-07
 2.16468e-07
 1.98627e-07
 1.82809e-07
 1.68733e-07
 1.56162e-07
 1.44898e-07
 1.34772e-07
 1.25640e-07
 6.69543e-07
 6.05742e-07
 5.45942e-07
 4.91386e-07
 4.42415e-07
 3.98873e-07
 3.60358e-07
 3.26371e-07
 2.96393e-07
 2.69932e-07
 2.46539e-07
 2.25813e-07
 2.07405e-07
 1.91013e-07
 1.76374e-07
 1.63265e-07
 1.51493e-07
 1.40891e-07
 1.31317e-07
 1.22649e-07
 5.65200e-07
 5.21317e-07
 4.77904e-07
 4.36569e-07
 3.98154e-07
 3.63001e-07
 3.31146e-07
 3.02456e-07
 2.76705e-07
 2.53631e-07
 2.32964e-07
 2.14446e-07
 1.97835e-07
 1.82913e-07
 1.69485e-07
 1.57376e-07
 1.46436e-07
 1.36529e-07
 1.27540e-07
 1.19364e-07
