scalar
part
         1
quad4
 6.10528e-07
 5.60032e-07
 5.10789e-07
 4.64437e-07
 4.21768e-07
 3.83041e-07
 3.48201e-07
 3.17020e-07
 2.89192e-07
 2.64383e-07
 2.42263e-07
 2.22524e-07
 2.04883e-07
 1.89089e-07
 1.74919e-07
 1.62178e-07
 1.50694e-07
 1.40320e-07
 1.30926e-07
 1.22399e-07
 7.20598e-07
 6.48272e-07
 5.81255e-07
 5.20705e-07
 4.66813e-07
 4.19252e-07
 3.77460e-07
 3.40798e-07
 3.08631e-07
 2.80371e-07
 2.55492e-07
 2.33534e-07
 2.14099e-07
 1.96845e-07
 1.81480e-07
 1.67756e-07
 1.55459e-07
 1.44408e-07
 1.34449e-07
 1.25447e-07
 8.49954e-07
 7.48158e-07
 6.58471e-07
 5.80665e-07
 5.13673e-07
 4.56148e-07
 4.06743e-07
 3.64225e-07
 3.27523e-07
 2.95723e-07
 2.68059e-07
 2.43894e-07
 2.22695e-07
 2.04023e-07
 1.87509e-07
 1.72848e-07
 1.59783e-07
 1.48098e-07
 1.37611e-07
 1.28170e-07
 9.98333e-07
 8.58051e-07
 7.40498e-07
 6.42513e-07
 5.60822e-07
 4.92498e-07
 4.35075e-07
 3.86541e-07
 3.45275e-07
 3.09976e-07
 2.79603e-07
 2.53320e-07
 2.30450e-07
 2.10448e-07
 1.92867e-07
 1.77343e-07
 1.63576e-07
 1.51315e-07
 1.40354e-07
 1.30519e-07
 1.16204e-06
 9.73936e-07
 8.23872e-07
 7.03507e-07
 6.06171e-07
 5.26731e-07
 4.61284e-07
 4.06868e-07
 3.61229e-07
 3.22634e-07
 2.89746e-07
 2.61522e-07
 2.37139e-07
 2.15944e-07
 1.97416e-07
 1.81133e-07
 1.66752e-07
 1.53992e-07
 1.42622e-07
 1.32450e-07
 1.33201e-06
 1.08869e-06
 9.03408e-07
 7.59971e-07
 6.47129e-07
 5.57018e-07
 4.84066e-07
 4.24268e-07
 3.74700e-07
 3.33192e-07
 2.98113e-07
 2.68218e-07
 2.42547e-07
 2.20348e-07
 2.01029e-07
 1.84117e-07
 1.69232e-07
 1.56066e-07
 1.44365e-07
 1.33922e-07
 1.49241e-06
 1.19199e-06
 9.72434e-07
 8.07559e-07
 6.80822e-07
 5.81422e-07
 5.02093e-07
 4.37815e-07
 3.85033e-07
 3.41179e-07
 3.04359e-07
 2.73154e-07
 2.46483e-07
 2.23514e-07
 2.03594e-07
 1.86210e-07
 1.70950e-07
 1.57483e-07
 1.45541e-07
 1.34901e-07
 1.62158e-06
 1.27146e-06
 1.02366e-06
 8.41828e-07
 7.04457e-07
 5.98138e-07
 5.14167e-07
 4.46694e-07
 3.91663e-07
 3.46195e-07
 3.08197e-07
 2.76120e-07
 2.48794e-07
 2.25327e-07
 2.05026e-07
 1.87345e-07
 1.71854e-07
 1.58205e-07
 1.46118e-07
 1.35364e-07
 1.69693e-06
 1.31540e-06
 1.05064e-06
 8.59053e-07
 7.15782e-07
 6.05753e-07
 5.19376e-07
 4.50299e-07
 3.94178e-07
 3.47955e-07
 3.09426e-07
 2.76970e-07
 2.49373e-07
 2.25709e-07
 2.05264e-07
 1.87478e-07
 1.71910e-07
 1.58205e-07
 1.46077e-07
 1.35293e-07
 1.70293e-06
 1.31633e-06
 1.04947e-06
 8.57054e-07
 7.13522e-07
 6.03492e-07
 5.17230e-07
 4.48316e-07
 3.92369e-07
 3.46317e-07
 3.07948e-07
 2.75638e-07
 2.48172e-07
 2.24625e-07
 2.04284e-07
 1.86591e-07
 1.71105e-07
 1.57473e-07
 1.45410e-07
 1.34684e-07
 1.63786e-06
 1.27356e-06
 1.01987e-06
 8.35725e-07
 6.97645e-07
 5.91356e-07
 5.07745e-07
 4.40763e-07
 3.86257e-07
 3.41301e-07
 3.03781e-07
 2.72138e-07
 2.45204e-07
 2.22087e-07
 2.02096e-07
 1.84693e-07
 1.69447e-07
 1.56016e-07
 1.44123e-07
 1.33541e-07
 1.51398e-06
 1.19331e-06
 9.65240e-07
 7.97045e-07
 6.69368e-07
 5.70125e-07
 4.91441e-07
 4.27996e-07
 3.76092e-07
 3.33087e-07
 2.97057e-07
 2.66571e-07
 2.40546e-07
 2.18154e-07
 1.98747e-07
 1.81819e-07
 1.66964e-07
 1.53857e-07
 1.42234e-07
 1.31880e-07
 1.35174e-06
 1.08630e-06
 8.91608e-07
 7.44593e-07
 6.30908e-07
 5.41226e-07
 4.69264e-07
 4.10665e-07
 3.62328e-07
 3.22001e-07
 2.88014e-07
 2.59111e-07
 2.34330e-07
 2.12926e-07
 1.94314e-07
 1.78030e-07
 1.63704e-07
 1.51034e-07
 1.39775e-07
 1.29726e-07
 1.17264e-06
 9.64705e-07
 8.06158e-07
 6.82780e-07
 5.85073e-07
 5.06501e-07
 4.42457e-07
 3.89625e-07
 3.45570e-07
 3.08477e-07
 2.76971e-07
 2.49997e-07
 2.26735e-07
 2.06541e-07
 1.88903e-07
 1.73411e-07
 1.59734e-07
 1.47600e-07
 1.36789e-07
 1.27114e-07
 9.94437e-07
 8.39484e-07
 7.15813e-07
 6.16080e-07
 5.34819e-07
 4.67948e-07
 4.12399e-07
 3.65848e-07
 3.26514e-07
 2.93022e-07
 2.64302e-07
 2.39509e-07
 2.17974e-07
 1.99163e-07
 1.82642e-07
 1.68061e-07
 1.55133e-07
 1.43620e-07
 1.33325e-07
 1.24086e-07
 8.29305e-07
 7.19030e-07
 6.26313e-07
 5.48435e-07
 4.82881e-07
 4.27488e-07
 3.80458e-07
 3.40321e-07
 3.05881e-07
 2.76172e-07
 2.50408e-07
 2.27952e-07
 2.08282e-07
 1.90973e-07
 1.75674e-07
 1.62093e-07
 1.49990e-07
 1.39164e-07
 1.29444e-07
 1.20688e-07
 6.83799e-07
 6.08738e-07
 5.41792e-07
 4.82926e-07
 4.31532e-07
 3.86797e-07
 3.47874e-07
 3.13967e-07
 2.84367e-07
 2.58452e-07
 2.35693e-07
 2.15636e-07
 1.97900e-07
 1.82161e-07
 1.68147e-07
 1.55626e-07
 1.44403e-07
 1.34310e-07
 1.25208e-07
 1.16974e-07
 5.60052e-07
 5.11322e-07
 4.64779e-07
 4.21675e-07
 3.82474e-07
 3.47209e-07
 3.15683e-07
 2.87590e-07
 2.62592e-07
 2.40346e-07
 2.20533e-07
 2.02859e-07
 1.87063e-07
 1.72914e-07
 1.60212e-07
 1.48781e-07
 1.38467e-07
 1.29139e-07
 1.20682e-07
 1.12996e-07
 4.57314e-07
 4.27477e-07
 3.96455e-07
 3.65924e-07
 3.36838e-07
 3.09692e-07
 2.84685e-07
 2.61841e-07
 2.41082e-07
 2.22276e-07
 2.05267e-07
 1.89892e-07
 1.75989e-07
 1.63410e-07
 1.52013e-07
 1.41675e-07
 1.32281e-07
 1.23730e-07
 1.15933e-07
 1.08809e-07
 3.73326e-07
 3.56603e-07
 3.37015e-07
 3.16203e-07
 2.95257e-07
 2.74868e-07
 2.55445e-07
 2.37208e-07
 2.20251e-07
 2.04588e-07
 1.90183e-07
 1.76973e-07
 1.64876e-07
 1.53809e-07
 1.43684e-07
 1.34419e-07
 1.25935e-07
 1.18159e-07
 1.11023e-07
 1.04468e-07
