scalar
part
         1
quad4
 4.32935e-07
 4.07190e-07
 3.79785e-07
 3.52314e-07
 3.25759e-07
 3.00676e-07
 2.77338e-07
 2.55840e-07
 2.36165e-07
 2.18232e-07
 2.01926e-07
 1.87119e-07
 1.73677e-07
 1.61471e-07
 1.50379e-07
 1.40290e-07
 1.31100e-07
 1.22717e-07
 1.15059e-07
 1.08051e-07
 5.22455e-07
 4.81496e-07
 4.41167e-07
 4.02953e-07
 3.67578e-07
 3.35299e-07
 3.06107e-07
 2.79845e-07
 2.56287e-07
 2.35180e-07
 2.16271e-07
 1.99319e-07
 1.84103e-07
 1.70422e-07
 1.58100e-07
 1.46978e-07
 1.36918e-07
 1.27799e-07
 1.19515e-07
 1.11973e-07
 6.30450e-07
 5.68140e-07
 5.10678e-07
 4.58875e-07
 4.12772e-07
 3.72026e-07
 3.36135e-07
 3.04551e-07
 2.76745e-07
 2.52228e-07
 2.30565e-07
 2.11376e-07
 1.94332e-07
 1.79148e-07
 1.65582e-07
 1.53427e-07
 1.42502e-07
 1.32657e-07
 1.23759e-07
 1.15696e-07
 7.58449e-07
 6.67111e-07
 5.87663e-07
 5.19223e-07
 4.60484e-07
 4.10083e-07
 3.66758e-07
 3.29406e-07
 2.97085e-07
 2.69005e-07
 2.44508e-07
 2.23045e-07
 2.04164e-07
 1.87485e-07
 1.72694e-07
 1.59527e-07
 1.47763e-07
 1.37216e-07
 1.27729e-07
 1.19168e-07
 9.06008e-07
 7.76857e-07
 6.70367e-07
 5.82387e-07
 5.09354e-07
 4.48363e-07
 3.97095e-07
 3.53710e-07
 3.16755e-07
 2.85076e-07
 2.57754e-07
 2.34054e-07
 2.13382e-07
 1.95260e-07
 1.79294e-07
 1.65165e-07
 1.52608e-07
 1.41401e-07
 1.31363e-07
 1.22339e-07
 1.06924e-06
 8.93580e-07
 7.55626e-07
 6.45882e-07
 5.57481e-07
 4.85427e-07
 4.26056e-07
 3.76640e-07
 3.35128e-07
 2.99961e-07
 2.69935e-07
 2.44113e-07
 2.21761e-07
 2.02294e-07
 1.85242e-07
 1.70229e-07
 1.56945e-07
 1.45139e-07
 1.34601e-07
 1.25158e-07
 1.23938e-06
 1.01074e-06
 8.38737e-07
 7.06363e-07
 6.02479e-07
 5.19564e-07
 4.52401e-07
 3.97286e-07
 3.51532e-07
 3.13156e-07
 2.80668e-07
 2.52934e-07
 2.29077e-07
 2.08413e-07
 1.90401e-07
 1.74609e-07
 1.60689e-07
 1.48358e-07
 1.37385e-07
 1.27579e-07
 1.40213e-06
 1.11911e-06
 9.13682e-07
 7.59835e-07
 6.41650e-07
 5.48916e-07
 4.74831e-07
 4.14725e-07
 3.65298e-07
 3.24172e-07
 2.89591e-07
 2.60240e-07
 2.35120e-07
 2.13456e-07
 1.94645e-07
 1.78207e-07
 1.63761e-07
 1.50998e-07
 1.39667e-07
 1.29562e-07
 1.53890e-06
 1.20777e-06
 9.73798e-07
 8.02103e-07
 6.72275e-07
 5.71673e-07
 4.92113e-07
 4.28097e-07
 3.75817e-07
 3.32567e-07
 2.96379e-07
 2.65793e-07
 2.39709e-07
 2.17285e-07
 1.97867e-07
 1.80940e-07
 1.66095e-07
 1.53005e-07
 1.41403e-07
 1.31073e-07
 1.63013e-06
 1.26598e-06
 1.01287e-06
 8.29406e-07
 6.91989e-07
 5.86301e-07
 5.03221e-07
 4.36701e-07
 3.82598e-07
 3.37992e-07
 3.00777e-07
 2.69402e-07
 2.42702e-07
 2.19791e-07
 1.99984e-07
 1.82742e-07
 1.67641e-07
 1.54339e-07
 1.42562e-07
 1.32085e-07
 1.66042e-06
 1.28572e-06
 1.02643e-06
 8.39116e-07
 6.99175e-07
 5.91766e-07
 5.07473e-07
 4.40074e-07
 3.85318e-07
 3.40217e-07
 3.02621e-07
 2.70946e-07
 2.44008e-07
 2.20906e-07
 2.00943e-07
 1.83573e-07
 1.68365e-07
 1.54975e-07
 1.43123e-07
 1.32582e-07
 1.62388e-06
 1.26403e-06
 1.01287e-06
 8.30299e-07
 6.93264e-07
 5.87707e-07
 5.04630e-07
 4.38053e-07
 3.83863e-07
 3.39161e-07
 3.01849e-07
 2.70380e-07
 2.43593e-07
 2.20603e-07
 2.00723e-07
 1.83416e-07
 1.68256e-07
 1.54902e-07
 1.43077e-07
 1.32557e-07
 1.52693e-06
 1.20414e-06
 9.73936e-07
 8.03953e-07
 6.74852e-07
 5.74491e-07
 4.94928e-07
 4.30791e-07
 3.78337e-07
 3.34894e-07
 2.98511e-07
 2.67739e-07
 2.41483e-07
 2.18900e-07
 1.99338e-07
 1.82281e-07
 1.67320e-07
 1.54125e-07
 1.42429e-07
 1.32014e-07
 1.38637e-06
 1.11461e-06
 9.14318e-07
 7.62802e-07
 6.45593e-07
 5.53162e-07
 4.79046e-07
 4.18744e-07
 3.69051e-07
 3.27633e-07
 2.92762e-07
 2.63136e-07
 2.37758e-07
 2.15860e-07
 1.96835e-07
 1.80205e-07
 1.65585e-07
 1.52666e-07
 1.41195e-07
 1.30965e-07
 1.22329e-06
 1.00681e-06
 8.40497e-07
 7.10717e-07
 6.07893e-07
 5.25267e-07
 4.58006e-07
 4.02606e-07
 3.56486e-07
 3.17720e-07
 2.84848e-07
 2.56749e-07
 2.32554e-07
 2.11581e-07
 1.93289e-07
 1.77244e-07
 1.63097e-07
 1.50561e-07
 1.39404e-07
 1.29432e-07
 1.05665e-06
 8.91930e-07
 7.59278e-07
 6.51958e-07
 5.64497e-07
 4.92620e-07
 4.33037e-07
 3.83226e-07
 3.41243e-07
 3.05585e-07
 2.75082e-07
 2.48811e-07
 2.26044e-07
 2.06197e-07
 1.88802e-07
 1.73479e-07
 1.59916e-07
 1.47858e-07
 1.37094e-07
 1.27448e-07
 8.99718e-07
 7.78920e-07
 6.76599e-07
 5.90491e-07
 5.18087e-07
 4.57065e-07
 4.05428e-07
 3.61517e-07
 3.23977e-07
 2.91708e-07
 2.63819e-07
 2.39588e-07
 2.18429e-07
 1.99861e-07
 1.83494e-07
 1.69001e-07
 1.56117e-07
 1.44616e-07
 1.34313e-07
 1.25050e-07
 7.59675e-07
 6.73670e-07
 5.96894e-07
 5.29544e-07
 4.70990e-07
 4.20280e-07
 3.76396e-07
 3.38373e-07
 3.05350e-07
 2.76581e-07
 2.51431e-07
 2.29363e-07
 2.09927e-07
 1.92744e-07
 1.77496e-07
 1.63917e-07
 1.51782e-07
 1.40901e-07
 1.31113e-07
 1.22281e-07
 6.39004e-07
 5.79281e-07
 5.22989e-07
 4.71434e-07
 4.25023e-07
 3.83660e-07
 3.47002e-07
 3.14599e-07
 2.85976e-07
 2.60676e-07
 2.38282e-07
 2.18419e-07
 2.00759e-07
 1.85016e-07
 1.70946e-07
 1.58334e-07
 1.46999e-07
 1.36784e-07
 1.27552e-07
 1.19188e-07
 5.37288e-07
 4.96780e-07
 4.56342e-07
 4.17608e-07
 3.81454e-07
 3.48259e-07
 3.18100e-07
 2.90876e-07
 2.66393e-07
 2.44419e-07
 2.24707e-07
 2.07021e-07
 1.91136e-07
 1.76850e-07
 1.63980e-07
 1.52364e-07
 1.41859e-07
 1.32338e-07
 1.23691e-07
 1.15821e-07
