scalar
part
         1
quad4
 6.58638e-07
 6.01940e-07
 5.47183e-07
 4.96012e-07
 4.49184e-07
 4.06893e-07
 3.69010e-07
 3.35235e-07
 3.05195e-07
 2.78496e-07
 2.54760e-07
 2.33632e-07
 2.14796e-07
 1.97968e-07
 1.82901e-07
 1.69379e-07
 1.57213e-07
 1.46240e-07
 1.36319e-07
 1.27327e-07
 7.74243e-07
 6.94099e-07
 6.20354e-07
 5.54101e-07
 4.95414e-07
 4.43837e-07
 3.98686e-07
 3.59211e-07
 3.24682e-07
 2.94432e-07
 2.67870e-07
 2.44481e-07
 2.23825e-07
 2.05524e-07
 1.89257e-07
 1.74752e-07
 1.61777e-07
 1.50134e-07
 1.39655e-07
 1.30196e-07
 9.09442e-07
 7.97846e-07
 7.00039e-07
 6.15570e-07
 5.43134e-07
 4.81161e-07
 4.28111e-07
 3.82597e-07
 3.43417e-07
 3.09556e-07
 2.80170e-07
 2.54555e-07
 2.32130e-07
 2.12414e-07
 1.95006e-07
 1.79576e-07
 1.65845e-07
 1.53582e-07
 1.42591e-07
 1.32707e-07
 1.06361e-06
 9.11205e-07
 7.84018e-07
 6.78406e-07
 5.90667e-07
 5.17523e-07
 4.56235e-07
 4.04579e-07
 3.60770e-07
 3.23383e-07
 2.91283e-07
 2.63560e-07
 2.39481e-07
 2.18456e-07
 2.00006e-07
 1.83737e-07
 1.69328e-07
 1.56512e-07
 1.45068e-07
 1.34810e-07
 1.23241e-06
 1.02964e-06
 8.68454e-07
 7.39607e-07
 6.35749e-07
 5.51240e-07
 4.81811e-07
 4.24232e-07
 3.76051e-07
 3.35395e-07
 3.00819e-07
 2.71197e-07
 2.45649e-07
 2.23475e-07
 2.04118e-07
 1.87127e-07
 1.72139e-07
 1.58855e-07
 1.47030e-07
 1.36461e-07
 1.40571e-06
 1.14533e-06
 9.47706e-07
 7.95214e-07
 6.75615e-07
 5.80375e-07
 5.03469e-07
 4.40578e-07
 3.88556e-07
 3.45076e-07
 3.08395e-07
 2.77183e-07
 2.50419e-07
 2.27306e-07
 2.07216e-07
 1.89648e-07
 1.74202e-07
 1.60551e-07
 1.48431e-07
 1.37622e-07
 1.56621e-06
 1.24708e-06
 1.01463e-06
 8.40620e-07
 7.07250e-07
 6.02919e-07
 5.19847e-07
 4.52676e-07
 3.97621e-07
 3.51954e-07
 3.13669e-07
 2.81266e-07
 2.53605e-07
 2.29809e-07
 2.09193e-07
 1.91218e-07
 1.75453e-07
 1.61551e-07
 1.49231e-07
 1.38263e-07
 1.69058e-06
 1.32173e-06
 1.06155e-06
 8.71215e-07
 7.27793e-07
 6.17042e-07
 5.29745e-07
 4.59719e-07
 4.02695e-07
 3.55642e-07
 3.16368e-07
 2.83248e-07
 2.55061e-07
 2.30876e-07
 2.09970e-07
 1.91776e-07
 1.75845e-07
 1.61817e-07
 1.49402e-07
 1.38360e-07
 1.75493e-06
 1.35714e-06
 1.08193e-06
 8.83285e-07
 7.35038e-07
 6.21388e-07
 5.32299e-07
 4.61145e-07
 4.03399e-07
 3.55884e-07
 3.16312e-07
 2.83002e-07
 2.54697e-07
 2.30442e-07
 2.09497e-07
 1.91286e-07
 1.75352e-07
 1.61331e-07
 1.48928e-07
 1.37903e-07
 1.74391e-06
 1.34620e-06
 1.07219e-06
 8.74895e-07
 7.27895e-07
 6.15313e-07
 5.27120e-07
 4.56710e-07
 3.99581e-07
 3.52579e-07
 3.13436e-07
 2.80486e-07
 2.52485e-07
 2.28487e-07
 2.07763e-07
 1.89740e-07
 1.73969e-07
 1.60089e-07
 1.47809e-07
 1.36891e-07
 1.65797e-06
 1.28949e-06
 1.03279e-06
 8.46418e-07
 7.06640e-07
 5.99028e-07
 5.14367e-07
 4.46535e-07
 3.91334e-07
 3.45802e-07
 3.07798e-07
 2.75746e-07
 2.48462e-07
 2.25043e-07
 2.04792e-07
 1.87160e-07
 1.71713e-07
 1.58106e-07
 1.46056e-07
 1.35334e-07
 1.51304e-06
 1.19508e-06
 9.68191e-07
 8.00451e-07
 6.72876e-07
 5.73563e-07
 4.94726e-07
 4.31095e-07
 3.78993e-07
 3.35793e-07
 2.99576e-07
 2.68915e-07
 2.42729e-07
 2.20188e-07
 2.00645e-07
 1.83592e-07
 1.68623e-07
 1.55412e-07
 1.43694e-07
 1.33252e-07
 1.33303e-06
 1.07554e-06
 8.85443e-07
 7.41188e-07
 6.29207e-07
 5.40597e-07
 4.69317e-07
 4.11154e-07
 3.63093e-07
 3.22937e-07
 2.89052e-07
 2.60203e-07
 2.35445e-07
 2.14042e-07
 1.95417e-07
 1.79111e-07
 1.64756e-07
 1.52054e-07
 1.40761e-07
 1.30677e-07
 1.14123e-06
 9.44169e-07
 7.92462e-07
 6.73516e-07
 5.78754e-07
 5.02185e-07
 4.39530e-07
 3.87675e-07
 3.44318e-07
 3.07727e-07
 2.76587e-07
 2.49880e-07
 2.26814e-07
 2.06763e-07
 1.89229e-07
 1.73813e-07
 1.60189e-07
 1.48093e-07
 1.37306e-07
 1.27648e-07
 9.55475e-07
 8.12274e-07
 6.96499e-07
 6.02169e-07
 5.24674e-07
 4.60475e-07
 4.06854e-07
 3.61713e-07
 3.23425e-07
 2.90718e-07
 2.62592e-07
 2.38254e-07
 2.17071e-07
 1.98531e-07
 1.82223e-07
 1.67809e-07
 1.55011e-07
 1.43601e-07
 1.33388e-07
 1.24212e-07
 7.86955e-07
 6.87944e-07
 6.03255e-07
 5.31144e-07
 4.69777e-07
 4.17462e-07
 3.72721e-07
 3.34307e-07
 3.01179e-07
 2.72478e-07
 2.47498e-07
 2.25654e-07
 2.06469e-07
 1.89545e-07
 1.74553e-07
 1.61221e-07
 1.49319e-07
 1.38655e-07
 1.29069e-07
 1.20422e-07
 6.40971e-07
 5.75981e-07
 5.16602e-07
 4.63419e-07
 4.16311e-07
 3.74828e-07
 3.38393e-07
 3.06406e-07
 2.78299e-07
 2.53556e-07
 2.31723e-07
 2.12405e-07
 1.95263e-07
 1.80003e-07
 1.66379e-07
 1.54177e-07
 1.43216e-07
 1.33340e-07
 1.24417e-07
 1.16333e-07
 5.18552e-07
 4.78459e-07
 4.38717e-07
 4.00931e-07
 3.65883e-07
 3.33866e-07
 3.04890e-07
 2.78811e-07
 2.55411e-07
 2.34443e-07
 2.15657e-07
 1.98815e-07
 1.83696e-07
 1.70102e-07
 1.57857e-07
 1.46803e-07
 1.36804e-07
 1.27740e-07
 1.19503e-07
 1.12003e-07
 4.18136e-07
 3.95526e-07
 3.70433e-07
 3.44709e-07
 3.19500e-07
 2.95471e-07
 2.72973e-07
 2.52153e-07
 2.33033e-07
 2.15560e-07
 1.99639e-07
 1.85157e-07
 1.71992e-07
 1.60023e-07
 1.49135e-07
 1.39222e-07
 1.30186e-07
 1.21937e-07
 1.14395e-07
 1.07489e-07
 3.36924e-07
 3.26166e-07
 3.11648e-07
 2.95083e-07
 2.77661e-07
 2.60181e-07
 2.43154e-07
 2.26890e-07
 2.11561e-07
 1.97242e-07
 1.83952e-07
 1.71668e-07
 1.60346e-07
 1.49928e-07
 1.40349e-07
 1.31546e-07
 1.23453e-07
 1.16010e-07
 1.09159e-07
 1.02848e-07
