scalar
part
         1
quad4
 4.60371e-07
 4.31375e-07
 4.00923e-07
 3.70702e-07
 3.41726e-07
 3.14544e-07
 2.89403e-07
 2.66365e-07
 2.45376e-07
 2.26325e-07
 2.09065e-07
 1.93441e-07
 1.79299e-07
 1.66491e-07
 1.54880e-07
 1.44340e-07
 1.34758e-07
 1.26033e-07
 1.18074e-07
 1.10802e-07
 5.54569e-07
 5.09120e-07
 4.64779e-07
 4.23091e-07
 3.84764e-07
 3.50003e-07
 3.18733e-07
 2.90737e-07
 2.65729e-07
 2.43408e-07
 2.23477e-07
 2.05663e-07
 1.89716e-07
 1.75412e-07
 1.62556e-07
 1.50975e-07
 1.40518e-07
 1.31055e-07
 1.22470e-07
 1.14664e-07
 6.67961e-07
 5.99487e-07
 5.36804e-07
 4.80679e-07
 4.31039e-07
 3.87411e-07
 3.49174e-07
 3.15676e-07
 2.86300e-07
 2.60489e-07
 2.37754e-07
 2.17670e-07
 1.99874e-07
 1.84056e-07
 1.69951e-07
 1.57334e-07
 1.46014e-07
 1.35826e-07
 1.26631e-07
 1.18308e-07
 8.01901e-07
 7.02234e-07
 6.16131e-07
 5.42438e-07
 4.79566e-07
 4.25905e-07
 3.79997e-07
 3.40583e-07
 3.06602e-07
 2.77175e-07
 2.51576e-07
 2.29204e-07
 2.09566e-07
 1.92254e-07
 1.76927e-07
 1.63306e-07
 1.51153e-07
 1.40271e-07
 1.30494e-07
 1.21681e-07
 9.55449e-07
 8.15370e-07
 7.00673e-07
 6.06525e-07
 5.28826e-07
 4.64272e-07
 4.10250e-07
 3.64713e-07
 3.26054e-07
 2.93012e-07
 2.64588e-07
 2.39986e-07
 2.18571e-07
 1.99829e-07
 1.83344e-07
 1.68775e-07
 1.55842e-07
 1.44314e-07
 1.33998e-07
 1.24733e-07
 1.12372e-06
 9.34403e-07
 7.86816e-07
 6.70175e-07
 5.76749e-07
 5.00967e-07
 4.38780e-07
 3.87203e-07
 3.44006e-07
 3.07506e-07
 2.76411e-07
 2.49723e-07
 2.26660e-07
 2.06603e-07
 1.89058e-07
 1.73629e-07
 1.59992e-07
 1.47883e-07
 1.37084e-07
 1.27414e-07
 1.29633e-06
 1.05187e-06
 8.69349e-07
 7.29764e-07
 6.20794e-07
 5.34196e-07
 4.64304e-07
 4.07123e-07
 3.59775e-07
 3.20148e-07
 2.86663e-07
 2.58124e-07
 2.33610e-07
 2.12402e-07
 1.93936e-07
 1.77761e-07
 1.63516e-07
 1.50908e-07
 1.39695e-07
 1.29680e-07
 1.45701e-06
 1.15762e-06
 9.41814e-07
 7.81092e-07
 6.58171e-07
 5.62064e-07
 4.85508e-07
 4.23545e-07
 3.72694e-07
 3.30453e-07
 2.94986e-07
 2.64921e-07
 2.39217e-07
 2.17070e-07
 1.97855e-07
 1.81077e-07
 1.66341e-07
 1.53329e-07
 1.41784e-07
 1.31492e-07
 1.58561e-06
 1.24017e-06
 9.97380e-07
 8.19934e-07
 6.86178e-07
 5.82789e-07
 5.01188e-07
 4.35638e-07
 3.82177e-07
 3.38000e-07
 3.01071e-07
 2.69885e-07
 2.43309e-07
 2.20476e-07
 2.00714e-07
 1.83496e-07
 1.68402e-07
 1.55098e-07
 1.43311e-07
 1.32818e-07
 1.66267e-06
 1.28910e-06
 1.03011e-06
 8.42738e-07
 7.02600e-07
 5.94945e-07
 5.10397e-07
 4.42754e-07
 3.87772e-07
 3.42466e-07
 3.04685e-07
 2.72844e-07
 2.45757e-07
 2.22522e-07
 2.02438e-07
 1.84961e-07
 1.69656e-07
 1.56178e-07
 1.44247e-07
 1.33634e-07
 1.67524e-06
 1.29771e-06
 1.03628e-06
 8.47318e-07
 7.06095e-07
 5.97673e-07
 5.12568e-07
 4.44511e-07
 3.89214e-07
 3.43664e-07
 3.05690e-07
 2.73696e-07
 2.46486e-07
 2.23150e-07
 2.02984e-07
 1.85437e-07
 1.70075e-07
 1.56548e-07
 1.44575e-07
 1.33927e-07
 1.62135e-06
 1.26497e-06
 1.01530e-06
 8.33316e-07
 6.96433e-07
 5.90823e-07
 5.07599e-07
 4.40835e-07
 3.86448e-07
 3.41553e-07
 3.04058e-07
 2.72421e-07
 2.45479e-07
 2.22348e-07
 2.02340e-07
 1.84917e-07
 1.69652e-07
 1.56202e-07
 1.44291e-07
 1.33693e-07
 1.51087e-06
 1.19584e-06
 9.69876e-07
 8.02278e-07
 6.74546e-07
 5.74974e-07
 4.95862e-07
 4.31973e-07
 3.79644e-07
 3.36251e-07
 2.99872e-07
 2.69076e-07
 2.42779e-07
 2.20148e-07
 2.00531e-07
 1.83418e-07
 1.68401e-07
 1.55152e-07
 1.43404e-07
 1.32938e-07
 1.36206e-06
 1.09985e-06
 9.05296e-07
 7.57317e-07
 6.42337e-07
 5.51336e-07
 4.78150e-07
 4.18460e-07
 3.69169e-07
 3.28015e-07
 2.93315e-07
 2.63797e-07
 2.38486e-07
 2.16623e-07
 1.97613e-07
 1.80984e-07
 1.66356e-07
 1.53423e-07
 1.41933e-07
 1.31680e-07
 1.19549e-06
 9.88398e-07
 8.28206e-07
 7.02465e-07
 6.02347e-07
 5.21559e-07
 4.55564e-07
 4.01045e-07
 3.55546e-07
 3.17219e-07
 2.84658e-07
 2.56782e-07
 2.32746e-07
 2.11885e-07
 1.93672e-07
 1.77680e-07
 1.63568e-07
 1.51055e-07
 1.39910e-07
 1.29943e-07
 1.02869e-06
 8.72143e-07
 7.45233e-07
 6.41949e-07
 5.57338e-07
 4.87491e-07
 4.29366e-07
 3.80611e-07
 3.39401e-07
 3.04313e-07
 2.74232e-07
 2.48277e-07
 2.25746e-07
 2.06076e-07
 1.88815e-07
 1.73591e-07
 1.60103e-07
 1.48102e-07
 1.37379e-07
 1.27762e-07
 8.73468e-07
 7.59293e-07
 6.61964e-07
 5.79573e-07
 5.09927e-07
 4.50953e-07
 4.00844e-07
 3.58079e-07
 3.21404e-07
 2.89791e-07
 2.62403e-07
 2.38557e-07
 2.17694e-07
 1.99357e-07
 1.83168e-07
 1.68816e-07
 1.56040e-07
 1.44624e-07
 1.34387e-07
 1.25176e-07
 7.35939e-07
 6.55096e-07
 5.82459e-07
 5.18359e-07
 4.62328e-07
 4.13568e-07
 3.71189e-07
 3.34330e-07
 3.02210e-07
 2.74144e-07
 2.49544e-07
 2.27909e-07
 2.08813e-07
 1.91900e-07
 1.76868e-07
 1.63460e-07
 1.51463e-07
 1.40692e-07
 1.30992e-07
 1.22231e-07
 6.17965e-07
 5.62187e-07
 5.09232e-07
 4.60424e-07
 4.16236e-07
 3.76655e-07
 3.41418e-07
 3.10145e-07
 2.82422e-07
 2.57840e-07
 2.36019e-07
 2.16615e-07
 1.99325e-07
 1.83881e-07
 1.70052e-07
 1.57637e-07
 1.46462e-07
 1.36377e-07
 1.27252e-07
 1.18976e-07
 5.18813e-07
 4.81297e-07
 4.43509e-07
 4.07050e-07
 3.72807e-07
 3.41196e-07
 3.12337e-07
 2.86176e-07
 2.62560e-07
 2.41292e-07
 2.22157e-07
 2.04940e-07
 1.89440e-07
 1.75470e-07
 1.62859e-07
 1.51457e-07
 1.41128e-07
 1.31754e-07
 1.23229e-07
 1.15460e-07
