scalar
part
         1
quad4
 4.22738e-07
 3.98922e-07
 3.73148e-07
 3.47033e-07
 3.21590e-07
 2.97411e-07
 2.74804e-07
 2.53893e-07
 2.34690e-07
 2.17136e-07
 2.01134e-07
 1.86570e-07
 1.73322e-07
 1.61272e-07
 1.50305e-07
 1.40315e-07
 1.31205e-07
 1.22885e-07
 1.15276e-07
 1.08307e-07
 5.11890e-07
 4.73210e-07
 4.34741e-07
 3.98020e-07
 3.63830e-07
 3.32485e-07
 3.04026e-07
 2.78337e-07
 2.55228e-07
 2.34471e-07
 2.15836e-07
 1.99097e-07
 1.84047e-07
 1.70495e-07
 1.58273e-07
 1.47228e-07
 1.37227e-07
 1.28152e-07
 1.19901e-07
 1.12383e-07
 6.19812e-07
 5.60151e-07
 5.04759e-07
 4.54552e-07
 4.09667e-07
 3.69846e-07
 3.34656e-07
 3.03603e-07
 2.76198e-07
 2.51984e-07
 2.30549e-07
 2.11531e-07
 1.94615e-07
 1.79525e-07
 1.66029e-07
 1.53922e-07
 1.43032e-07
 1.33210e-07
 1.24326e-07
 1.16269e-07
 7.48248e-07
 6.59900e-07
 5.82667e-07
 5.15851e-07
 4.58295e-07
 4.08752e-07
 3.66051e-07
 3.29149e-07
 2.97153e-07
 2.69306e-07
 2.44974e-07
 2.23627e-07
 2.04825e-07
 1.88198e-07
 1.73438e-07
 1.60288e-07
 1.48530e-07
 1.37982e-07
 1.28487e-07
 1.19914e-07
 8.97077e-07
 7.71123e-07
 6.66848e-07
 5.80391e-07
 5.08402e-07
 4.48125e-07
 3.97340e-07
 3.54281e-07
 3.17541e-07
 2.86000e-07
 2.58763e-07
 2.35109e-07
 2.14457e-07
 1.96336e-07
 1.80359e-07
 1.66210e-07
 1.53626e-07
 1.42391e-07
 1.32321e-07
 1.23264e-07
 1.06286e-06
 8.90281e-07
 7.54280e-07
 6.45763e-07
 5.58124e-07
 4.86536e-07
 4.27438e-07
 3.78172e-07
 3.36731e-07
 3.01581e-07
 2.71540e-07
 2.45682e-07
 2.23281e-07
 2.03757e-07
 1.86645e-07
 1.71571e-07
 1.58226e-07
 1.46360e-07
 1.35765e-07
 1.26267e-07
 1.23733e-06
 1.01108e-06
 8.40368e-07
 7.08657e-07
 6.05080e-07
 5.22268e-07
 4.55093e-07
 3.99901e-07
 3.54037e-07
 3.15534e-07
 2.82914e-07
 2.55049e-07
 2.31066e-07
 2.10281e-07
 1.92156e-07
 1.76258e-07
 1.62240e-07
 1.49818e-07
 1.38761e-07
 1.28877e-07
 1.40667e-06
 1.12444e-06
 9.19107e-07
 7.65052e-07
 6.46533e-07
 5.53425e-07
 4.78971e-07
 4.18516e-07
 3.68769e-07
 3.27351e-07
 2.92509e-07
 2.62924e-07
 2.37593e-07
 2.15740e-07
 1.96759e-07
 1.80169e-07
 1.65586e-07
 1.52699e-07
 1.41256e-07
 1.31049e-07
 1.55229e-06
 1.21929e-06
 9.83688e-07
 8.10628e-07
 6.79666e-07
 5.78126e-07
 4.97785e-07
 4.33117e-07
 3.80287e-07
 3.36569e-07
 2.99981e-07
 2.69051e-07
 2.42670e-07
 2.19987e-07
 2.00341e-07
 1.83214e-07
 1.68193e-07
 1.54946e-07
 1.43204e-07
 1.32747e-07
 1.65386e-06
 1.28438e-06
 1.02755e-06
 8.41398e-07
 7.01966e-07
 5.94731e-07
 5.10439e-07
 4.42951e-07
 3.88062e-07
 3.42809e-07
 3.05056e-07
 2.73228e-07
 2.46144e-07
 2.22904e-07
 2.02812e-07
 1.85323e-07
 1.70006e-07
 1.56515e-07
 1.44570e-07
 1.33943e-07
 1.69434e-06
 1.31080e-06
 1.04573e-06
 8.54433e-07
 7.11625e-07
 6.02087e-07
 5.16167e-07
 4.47499e-07
 3.91732e-07
 3.45814e-07
 3.07547e-07
 2.75316e-07
 2.47911e-07
 2.24413e-07
 2.04111e-07
 1.86449e-07
 1.70988e-07
 1.57377e-07
 1.45330e-07
 1.34618e-07
 1.66589e-06
 1.29462e-06
 1.03609e-06
 8.48489e-07
 7.07885e-07
 5.99706e-07
 5.14650e-07
 4.46541e-07
 3.91144e-07
 3.45473e-07
 3.07373e-07
 2.75254e-07
 2.47925e-07
 2.24478e-07
 2.04209e-07
 1.86569e-07
 1.71122e-07
 1.57517e-07
 1.45474e-07
 1.34761e-07
 1.57364e-06
 1.23837e-06
 9.99952e-07
 8.24320e-07
 6.91187e-07
 5.87858e-07
 5.06054e-07
 4.40185e-07
 3.86368e-07
 3.41833e-07
 3.04565e-07
 2.73064e-07
 2.46202e-07
 2.23110e-07
 2.03116e-07
 1.85690e-07
 1.70410e-07
 1.56939e-07
 1.45002e-07
 1.34375e-07
 1.43424e-06
 1.15040e-06
 9.41861e-07
 7.84529e-07
 6.63098e-07
 5.67523e-07
 4.91013e-07
 4.28852e-07
 3.77690e-07
 3.35093e-07
 2.99263e-07
 2.68848e-07
 2.42814e-07
 2.20363e-07
 2.00871e-07
 1.83841e-07
 1.68877e-07
 1.55660e-07
 1.43929e-07
 1.33470e-07
 1.26952e-06
 1.04233e-06
 8.68364e-07
 7.32995e-07
 6.26011e-07
 5.40229e-07
 4.70532e-07
 4.13219e-07
 3.65577e-07
 3.25582e-07
 2.91705e-07
 2.62776e-07
 2.37889e-07
 2.16334e-07
 1.97546e-07
 1.81078e-07
 1.66566e-07
 1.53714e-07
 1.42282e-07
 1.32068e-07
 1.09951e-06
 9.25872e-07
 7.86501e-07
 6.74086e-07
 5.82719e-07
 5.07811e-07
 4.45846e-07
 3.94138e-07
 3.50627e-07
 3.13726e-07
 2.82199e-07
 2.55078e-07
 2.31598e-07
 2.11149e-07
 1.93242e-07
 1.77478e-07
 1.63536e-07
 1.51148e-07
 1.40097e-07
 1.30198e-07
 9.38430e-07
 8.10480e-07
 7.02503e-07
 6.11931e-07
 5.35995e-07
 4.72162e-07
 4.18270e-07
 3.72535e-07
 3.33506e-07
 3.00010e-07
 2.71103e-07
 2.46021e-07
 2.24142e-07
 2.04965e-07
 1.88075e-07
 1.73133e-07
 1.59859e-07
 1.48020e-07
 1.37420e-07
 1.27897e-07
 7.94082e-07
 7.02485e-07
 6.21076e-07
 5.49927e-07
 4.88271e-07
 4.35026e-07
 3.89063e-07
 3.49328e-07
 3.14887e-07
 2.84936e-07
 2.58794e-07
 2.35889e-07
 2.15741e-07
 1.97949e-07
 1.82178e-07
 1.68147e-07
 1.55619e-07
 1.44395e-07
 1.34306e-07
 1.25208e-07
 6.69321e-07
 6.05286e-07
 5.45266e-07
 4.90543e-07
 4.41462e-07
 3.97862e-07
 3.59329e-07
 3.25352e-07
 2.95405e-07
 2.68987e-07
 2.45643e-07
 2.24971e-07
 2.06617e-07
 1.90278e-07
 1.75691e-07
 1.62631e-07
 1.50904e-07
 1.40345e-07
 1.30810e-07
 1.22178e-07
 5.63904e-07
 5.20090e-07
 4.76683e-07
 4.35342e-07
 3.96927e-07
 3.61789e-07
 3.29966e-07
 3.01319e-07
 2.75620e-07
 2.52604e-07
 2.31998e-07
 2.13541e-07
 1.96990e-07
 1.82126e-07
 1.68752e-07
 1.56696e-07
 1.45804e-07
 1.35943e-07
 1.26995e-07
 1.18858e-07
