scalar
part
         1
quad4
 4.33775e-07
 4.09271e-07
 3.82644e-07
 3.55626e-07
 3.29304e-07
 3.04305e-07
 2.80955e-07
 2.59384e-07
 2.39598e-07
 2.21532e-07
 2.05084e-07
 1.90130e-07
 1.76541e-07
 1.64193e-07
 1.52964e-07
 1.42743e-07
 1.33429e-07
 1.24929e-07
 1.17160e-07
 1.10048e-07
 5.26069e-07
 4.86058e-07
 4.46184e-07
 4.08115e-07
 3.72696e-07
 3.40263e-07
 3.10858e-07
 2.84354e-07
 2.60545e-07
 2.39189e-07
 2.20039e-07
 2.02859e-07
 1.87428e-07
 1.73548e-07
 1.61039e-07
 1.49744e-07
 1.39525e-07
 1.30258e-07
 1.21837e-07
 1.14168e-07
 6.37948e-07
 5.75972e-07
 5.18405e-07
 4.66270e-07
 4.19729e-07
 3.78511e-07
 3.42150e-07
 3.10118e-07
 2.81894e-07
 2.56993e-07
 2.34979e-07
 2.15471e-07
 1.98136e-07
 1.82690e-07
 1.68886e-07
 1.56513e-07
 1.45391e-07
 1.35366e-07
 1.26304e-07
 1.18091e-07
 7.71197e-07
 6.79105e-07
 5.98680e-07
 5.29229e-07
 4.69529e-07
 4.18253e-07
 3.74147e-07
 3.36104e-07
 3.03175e-07
 2.74559e-07
 2.49589e-07
 2.27709e-07
 2.08458e-07
 1.91450e-07
 1.76365e-07
 1.62936e-07
 1.50936e-07
 1.40176e-07
 1.30497e-07
 1.21762e-07
 9.25540e-07
 7.93920e-07
 6.85212e-07
 5.95324e-07
 5.20680e-07
 4.58336e-07
 4.05929e-07
 3.61584e-07
 3.23812e-07
 2.91435e-07
 2.63512e-07
 2.39292e-07
 2.18167e-07
 1.99648e-07
 1.83333e-07
 1.68894e-07
 1.56061e-07
 1.44609e-07
 1.34351e-07
 1.25128e-07
 1.09701e-06
 9.16459e-07
 7.74684e-07
 6.61951e-07
 5.71189e-07
 4.97252e-07
 4.36357e-07
 3.85694e-07
 3.43150e-07
 3.07118e-07
 2.76361e-07
 2.49916e-07
 2.27028e-07
 2.07096e-07
 1.89639e-07
 1.74270e-07
 1.60673e-07
 1.48588e-07
 1.37802e-07
 1.28138e-07
 1.27630e-06
 1.03978e-06
 8.62113e-07
 7.25570e-07
 6.18541e-07
 5.33199e-07
 4.64127e-07
 4.07482e-07
 3.60484e-07
 3.21081e-07
 2.87736e-07
 2.59279e-07
 2.34806e-07
 2.13613e-07
 1.95142e-07
 1.78951e-07
 1.64680e-07
 1.52040e-07
 1.40793e-07
 1.30742e-07
 1.44803e-06
 1.15400e-06
 9.41087e-07
 7.81946e-07
 6.59881e-07
 5.64220e-07
 4.87871e-07
 4.25976e-07
 3.75112e-07
 3.32810e-07
 2.97256e-07
 2.67092e-07
 2.41281e-07
 2.19029e-07
 1.99709e-07
 1.82831e-07
 1.68000e-07
 1.54899e-07
 1.43269e-07
 1.32899e-07
 1.59207e-06
 1.24740e-06
 1.00451e-06
 8.26631e-07
 6.92339e-07
 5.88406e-07
 5.06292e-07
 4.40274e-07
 3.86393e-07
 3.41842e-07
 3.04581e-07
 2.73101e-07
 2.46263e-07
 2.23197e-07
 2.03228e-07
 1.85824e-07
 1.70564e-07
 1.57109e-07
 1.45187e-07
 1.34572e-07
 1.68747e-06
 1.30858e-06
 1.04581e-06
 8.55666e-07
 7.13429e-07
 6.04146e-07
 5.18313e-07
 4.49636e-07
 3.93810e-07
 3.47807e-07
 3.09441e-07
 2.77108e-07
 2.49601e-07
 2.26005e-07
 2.05609e-07
 1.87859e-07
 1.72316e-07
 1.58628e-07
 1.46510e-07
 1.35732e-07
 1.71825e-06
 1.32925e-06
 1.06038e-06
 8.66328e-07
 7.21471e-07
 6.10364e-07
 5.23220e-07
 4.53578e-07
 3.97025e-07
 3.50462e-07
 3.11661e-07
 2.78982e-07
 2.51198e-07
 2.27376e-07
 2.06796e-07
 1.88893e-07
 1.73222e-07
 1.59427e-07
 1.47218e-07
 1.36361e-07
 1.67911e-06
 1.30667e-06
 1.04669e-06
 8.57710e-07
 7.15898e-07
 6.06690e-07
 5.20765e-07
 4.51926e-07
 3.95913e-07
 3.49719e-07
 3.11173e-07
 2.78672e-07
 2.51015e-07
 2.27282e-07
 2.06765e-07
 1.88907e-07
 1.73267e-07
 1.59493e-07
 1.47299e-07
 1.36452e-07
 1.57786e-06
 1.24466e-06
 1.00674e-06
 8.30933e-07
 6.97367e-07
 5.93521e-07
 5.11197e-07
 4.44841e-07
 3.90580e-07
 3.45648e-07
 3.08026e-07
 2.76214e-07
 2.49075e-07
 2.25738e-07
 2.05527e-07
 1.87908e-07
 1.72457e-07
 1.58832e-07
 1.46758e-07
 1.36007e-07
 1.43254e-06
 1.15238e-06
 9.45539e-07
 7.88888e-07
 6.67622e-07
 5.71952e-07
 4.95224e-07
 4.32793e-07
 3.81346e-07
 3.38471e-07
 3.02378e-07
 2.71719e-07
 2.45461e-07
 2.22807e-07
 2.03130e-07
 1.85933e-07
 1.70818e-07
 1.57464e-07
 1.45609e-07
 1.35038e-07
 1.26491e-06
 1.04165e-06
 8.69841e-07
 7.35606e-07
 6.29166e-07
 5.43589e-07
 4.73904e-07
 4.16499e-07
 3.68708e-07
 3.28539e-07
 2.94480e-07
 2.65370e-07
 2.40310e-07
 2.18590e-07
 1.99650e-07
 1.83040e-07
 1.68397e-07
 1.55425e-07
 1.43882e-07
 1.33567e-07
 1.09413e-06
 9.23885e-07
 7.86625e-07
 6.75476e-07
 5.84832e-07
 5.10305e-07
 4.48507e-07
 3.96836e-07
 3.53283e-07
 3.16293e-07
 2.84653e-07
 2.57406e-07
 2.33797e-07
 2.13221e-07
 1.95189e-07
 1.79308e-07
 1.65255e-07
 1.52764e-07
 1.41616e-07
 1.31627e-07
 9.33447e-07
 8.08111e-07
 7.01934e-07
 6.12552e-07
 5.37372e-07
 4.73995e-07
 4.20358e-07
 3.74743e-07
 3.35747e-07
 3.02228e-07
 2.73262e-07
 2.48100e-07
 2.26131e-07
 2.06858e-07
 1.89871e-07
 1.74834e-07
 1.61468e-07
 1.49540e-07
 1.38857e-07
 1.29254e-07
 7.89974e-07
 7.00254e-07
 6.20259e-07
 5.50124e-07
 4.89166e-07
 4.36382e-07
 3.90707e-07
 3.51138e-07
 3.16778e-07
 2.86849e-07
 2.60691e-07
 2.37742e-07
 2.17535e-07
 1.99675e-07
 1.83830e-07
 1.69723e-07
 1.57120e-07
 1.45821e-07
 1.35660e-07
 1.26494e-07
 6.66176e-07
 6.03429e-07
 5.44462e-07
 4.90550e-07
 4.42067e-07
 3.98890e-07
 3.60643e-07
 3.26850e-07
 2.97009e-07
 2.70642e-07
 2.47311e-07
 2.26623e-07
 2.08235e-07
 1.91849e-07
 1.77208e-07
 1.64089e-07
 1.52301e-07
 1.41680e-07
 1.32085e-07
 1.23394e-07
 5.61629e-07
 5.18673e-07
 4.76023e-07
 4.35303e-07
 3.97376e-07
 3.62603e-07
 3.31043e-07
 3.02577e-07
 2.76994e-07
 2.54045e-07
 2.33469e-07
 2.15016e-07
 1.98449e-07
 1.83556e-07
 1.70144e-07
 1.58043e-07
 1.47103e-07
 1.37191e-07
 1.28193e-07
 1.20006e-07
