scalar
part
         1
quad4
 5.89476e-07
 5.42726e-07
 4.96718e-07
 4.53084e-07
 4.12659e-07
 3.75764e-07
 3.42406e-07
 3.12422e-07
 2.85556e-07
 2.61521e-07
 2.40024e-07
 2.20786e-07
 2.03550e-07
 1.88083e-07
 1.74177e-07
 1.61650e-07
 1.50340e-07
 1.40107e-07
 1.30827e-07
 1.22393e-07
 6.97190e-07
 6.29651e-07
 5.66589e-07
 5.09233e-07
 4.57881e-07
 4.12325e-07
 3.72109e-07
 3.36682e-07
 3.05484e-07
 2.77985e-07
 2.53706e-07
 2.32219e-07
 2.13157e-07
 1.96198e-07
 1.81067e-07
 1.67528e-07
 1.55378e-07
 1.44444e-07
 1.34577e-07
 1.25648e-07
 8.24283e-07
 7.28548e-07
 6.43615e-07
 5.69473e-07
 5.05276e-07
 4.49877e-07
 4.02086e-07
 3.60797e-07
 3.25030e-07
 2.93945e-07
 2.66830e-07
 2.43086e-07
 2.22212e-07
 2.03790e-07
 1.87469e-07
 1.72956e-07
 1.60004e-07
 1.48406e-07
 1.37986e-07
 1.28594e-07
 9.70916e-07
 8.38139e-07
 7.26126e-07
 6.32187e-07
 5.53443e-07
 4.87267e-07
 4.31414e-07
 3.84034e-07
 3.43618e-07
 3.08949e-07
 2.79042e-07
 2.53105e-07
 2.30493e-07
 2.10682e-07
 1.93242e-07
 1.77821e-07
 1.64127e-07
 1.51918e-07
 1.40992e-07
 1.31180e-07
 1.13416e-06
 9.54947e-07
 8.11004e-07
 6.94846e-07
 6.00416e-07
 5.22995e-07
 4.58960e-07
 4.05537e-07
 3.60598e-07
 3.22500e-07
 2.89963e-07
 2.61984e-07
 2.37772e-07
 2.16695e-07
 1.98244e-07
 1.82010e-07
 1.67656e-07
 1.54908e-07
 1.43539e-07
 1.33360e-07
 1.30612e-06
 1.07255e-06
 8.93452e-07
 7.53979e-07
 6.43709e-07
 5.55279e-07
 4.83435e-07
 4.24369e-07
 3.75283e-07
 3.34088e-07
 2.99208e-07
 2.69433e-07
 2.43828e-07
 2.21659e-07
 2.02344e-07
 1.85419e-07
 1.70510e-07
 1.57311e-07
 1.45573e-07
 1.35090e-07
 1.47254e-06
 1.18136e-06
 9.67124e-07
 8.05372e-07
 6.80486e-07
 5.82185e-07
 5.03500e-07
 4.39586e-07
 3.86995e-07
 3.43223e-07
 3.06417e-07
 2.75183e-07
 2.48458e-07
 2.25419e-07
 2.05422e-07
 1.87957e-07
 1.72615e-07
 1.59069e-07
 1.47049e-07
 1.36335e-07
 1.61311e-06
 1.26944e-06
 1.02483e-06
 8.44556e-07
 7.07896e-07
 6.01841e-07
 5.17898e-07
 4.50325e-07
 3.95133e-07
 3.49475e-07
 3.11279e-07
 2.79005e-07
 2.51491e-07
 2.27847e-07
 2.07380e-07
 1.89547e-07
 1.73915e-07
 1.60136e-07
 1.47930e-07
 1.37065e-07
 1.70541e-06
 1.32484e-06
 1.05982e-06
 8.67553e-07
 7.23495e-07
 6.12697e-07
 5.25613e-07
 4.55905e-07
 3.99228e-07
 3.52517e-07
 3.13562e-07
 2.80732e-07
 2.52805e-07
 2.28852e-07
 2.08150e-07
 1.90138e-07
 1.74367e-07
 1.60482e-07
 1.48191e-07
 1.37261e-07
 1.73181e-06
 1.33877e-06
 1.06740e-06
 8.71692e-07
 7.25692e-07
 6.13766e-07
 5.26016e-07
 4.55913e-07
 3.99003e-07
 3.52159e-07
 3.13131e-07
 2.80267e-07
 2.52331e-07
 2.28382e-07
 2.07694e-07
 1.89701e-07
 1.73952e-07
 1.60089e-07
 1.47822e-07
 1.36914e-07
 1.68645e-06
 1.30850e-06
 1.04617e-06
 8.56223e-07
 7.14067e-07
 6.04806e-07
 5.18964e-07
 4.50262e-07
 3.94404e-07
 3.48366e-07
 3.09966e-07
 2.77599e-07
 2.50060e-07
 2.26434e-07
 2.06010e-07
 1.88235e-07
 1.72669e-07
 1.58959e-07
 1.46821e-07
 1.36024e-07
 1.57734e-06
 1.23813e-06
 9.98415e-07
 8.22494e-07
 6.89458e-07
 5.86362e-07
 5.04821e-07
 4.39204e-07
 3.85611e-07
 3.41270e-07
 3.04164e-07
 2.72800e-07
 2.46050e-07
 2.23051e-07
 2.03132e-07
 1.85768e-07
 1.70539e-07
 1.57108e-07
 1.45204e-07
 1.34604e-07
 1.42270e-06
 1.13714e-06
 9.29433e-07
 7.73636e-07
 6.53802e-07
 5.59675e-07
 4.84412e-07
 4.23303e-07
 3.73018e-07
 3.31152e-07
 2.95930e-07
 2.66022e-07
 2.40414e-07
 2.18320e-07
 1.99128e-07
 1.82352e-07
 1.67605e-07
 1.54572e-07
 1.42998e-07
 1.32674e-07
 1.24439e-06
 1.01757e-06
 8.46209e-07
 7.13889e-07
 6.09771e-07
 5.26488e-07
 4.58906e-07
 4.03360e-07
 3.57188e-07
 3.18416e-07
 2.85560e-07
 2.57486e-07
 2.33317e-07
 2.12368e-07
 1.94095e-07
 1.78064e-07
 1.63926e-07
 1.51396e-07
 1.40241e-07
 1.30267e-07
 1.06217e-06
 8.91163e-07
 7.55952e-07
 6.47816e-07
 5.60337e-07
 4.88787e-07
 4.29659e-07
 3.80326e-07
 3.38799e-07
 3.03554e-07
 2.73414e-07
 2.47460e-07
 2.24964e-07
 2.05350e-07
 1.88154e-07
 1.72999e-07
 1.59579e-07
 1.47642e-07
 1.36981e-07
 1.27421e-07
 8.90461e-07
 7.67414e-07
 6.64944e-07
 5.79627e-07
 5.08365e-07
 4.48554e-07
 3.98069e-07
 3.55199e-07
 3.18574e-07
 2.87098e-07
 2.59891e-07
 2.36245e-07
 2.15586e-07
 1.97446e-07
 1.81444e-07
 1.67265e-07
 1.54649e-07
 1.43379e-07
 1.33274e-07
 1.24183e-07
 7.37546e-07
 6.52745e-07
 5.77911e-07
 5.12737e-07
 4.56318e-07
 4.07573e-07
 3.65435e-07
 3.28934e-07
 2.97225e-07
 2.69583e-07
 2.45397e-07
 2.24153e-07
 2.05422e-07
 1.88843e-07
 1.74114e-07
 1.60982e-07
 1.49232e-07
 1.38684e-07
 1.29184e-07
 1.20603e-07
 6.06599e-07
 5.50623e-07
 4.97882e-07
 4.49590e-07
 4.06100e-07
 3.67303e-07
 3.32872e-07
 3.02385e-07
 2.75405e-07
 2.51512e-07
 2.30321e-07
 2.11489e-07
 1.94713e-07
 1.79731e-07
 1.66315e-07
 1.54270e-07
 1.43425e-07
 1.33635e-07
 1.24775e-07
 1.16734e-07
 4.97366e-07
 4.62206e-07
 4.26399e-07
 3.91689e-07
 3.59021e-07
 3.28835e-07
 3.01263e-07
 2.76257e-07
 2.53677e-07
 2.33332e-07
 2.15019e-07
 1.98534e-07
 1.83684e-07
 1.70291e-07
 1.58194e-07
 1.47248e-07
 1.37326e-07
 1.28314e-07
 1.20112e-07
 1.12632e-07
 4.07750e-07
 3.87134e-07
 3.63886e-07
 3.39752e-07
 3.15861e-07
 2.92899e-07
 2.71250e-07
 2.51096e-07
 2.32493e-07
 2.15417e-07
 1.99798e-07
 1.85541e-07
 1.72542e-07
 1.60693e-07
 1.49889e-07
 1.40032e-07
 1.31030e-07
 1.22798e-07
 1.15262e-07
 1.08351e-07
