scalar
part
         1
quad4
 5.69334e-07
 5.23904e-07
 4.79250e-07
 4.36948e-07
 3.97796e-07
 3.62092e-07
 3.29838e-07
 3.00864e-07
 2.74920e-07
 2.51722e-07
 2.30984e-07
 2.12433e-07
 1.95818e-07
 1.80913e-07
 1.67517e-07
 1.55451e-07
 1.44561e-07
 1.34710e-07
 1.25778e-07
 1.17661e-07
 6.72841e-07
 6.07330e-07
 5.46227e-07
 4.90708e-07
 4.41046e-07
 3.97023e-07
 3.58188e-07
 3.24000e-07
 2.93908e-07
 2.67398e-07
 2.44000e-07
 2.23302e-07
 2.04945e-07
 1.88618e-07
 1.74054e-07
 1.61025e-07
 1.49336e-07
 1.38818e-07
 1.29327e-07
 1.20740e-07
 7.94769e-07
 7.02071e-07
 6.19914e-07
 5.48261e-07
 4.86272e-07
 4.32817e-07
 3.86733e-07
 3.46940e-07
 3.12487e-07
 2.82555e-07
 2.56455e-07
 2.33607e-07
 2.13526e-07
 1.95807e-07
 1.80112e-07
 1.66159e-07
 1.53708e-07
 1.42560e-07
 1.32545e-07
 1.23519e-07
 9.35124e-07
 8.06793e-07
 6.98635e-07
 6.08009e-07
 5.32101e-07
 4.68350e-07
 4.14575e-07
 3.68978e-07
 3.30099e-07
 2.96759e-07
 2.68007e-07
 2.43077e-07
 2.21347e-07
 2.02311e-07
 1.85556e-07
 1.70743e-07
 1.57590e-07
 1.45865e-07
 1.35372e-07
 1.25949e-07
 1.09086e-06
 9.18014e-07
 7.79312e-07
 6.67475e-07
 5.76619e-07
 5.02169e-07
 4.40619e-07
 3.89288e-07
 3.46121e-07
 3.09533e-07
 2.78292e-07
 2.51432e-07
 2.28191e-07
 2.07960e-07
 1.90252e-07
 1.74671e-07
 1.60897e-07
 1.48664e-07
 1.37754e-07
 1.27986e-07
 1.25412e-06
 1.02941e-06
 8.57259e-07
 7.23288e-07
 6.17421e-07
 5.32557e-07
 4.63629e-07
 4.06972e-07
 3.59895e-07
 3.20391e-07
 2.86945e-07
 2.58396e-07
 2.33846e-07
 2.12591e-07
 1.94072e-07
 1.77845e-07
 1.63550e-07
 1.50894e-07
 1.39640e-07
 1.29588e-07
 1.41084e-06
 1.13164e-06
 9.26336e-07
 7.71391e-07
 6.51791e-07
 5.57664e-07
 4.82326e-07
 4.21132e-07
 3.70779e-07
 3.28868e-07
 2.93625e-07
 2.63716e-07
 2.38123e-07
 2.16058e-07
 1.96905e-07
 1.80176e-07
 1.65481e-07
 1.52504e-07
 1.40988e-07
 1.30723e-07
 1.54138e-06
 1.21323e-06
 9.79666e-07
 8.07532e-07
 6.77022e-07
 5.75722e-07
 4.95525e-07
 4.30956e-07
 3.78206e-07
 3.34560e-07
 2.98039e-07
 2.67176e-07
 2.40861e-07
 2.18243e-07
 1.98661e-07
 1.81597e-07
 1.66636e-07
 1.53448e-07
 1.41764e-07
 1.31363e-07
 1.62443e-06
 1.26289e-06
 1.01092e-06
 8.27991e-07
 6.90836e-07
 5.85286e-07
 5.02283e-07
 4.35811e-07
 3.81742e-07
 3.37164e-07
 2.99974e-07
 2.68622e-07
 2.41946e-07
 2.19059e-07
 1.99275e-07
 1.82056e-07
 1.66978e-07
 1.53700e-07
 1.41945e-07
 1.31490e-07
 1.64394e-06
 1.27268e-06
 1.01585e-06
 8.30357e-07
 6.91801e-07
 5.85471e-07
 5.02035e-07
 4.35328e-07
 3.81139e-07
 3.36510e-07
 2.99309e-07
 2.67969e-07
 2.41318e-07
 2.18463e-07
 1.98714e-07
 1.81532e-07
 1.66489e-07
 1.53244e-07
 1.41521e-07
 1.31096e-07
 1.59554e-06
 1.24056e-06
 9.93440e-07
 8.14090e-07
 6.79618e-07
 5.76108e-07
 4.94684e-07
 4.29450e-07
 3.76366e-07
 3.32580e-07
 2.96034e-07
 2.65212e-07
 2.38975e-07
 2.16455e-07
 1.96980e-07
 1.80024e-07
 1.65170e-07
 1.52083e-07
 1.40494e-07
 1.30183e-07
 1.48800e-06
 1.17101e-06
 9.46150e-07
 7.80641e-07
 6.55186e-07
 5.57780e-07
 4.80619e-07
 4.18447e-07
 3.67611e-07
 3.25511e-07
 2.90252e-07
 2.60428e-07
 2.34975e-07
 2.13080e-07
 1.94108e-07
 1.77561e-07
 1.63043e-07
 1.50235e-07
 1.38879e-07
 1.28763e-07
 1.33914e-06
 1.07335e-06
 8.79212e-07
 7.33107e-07
 6.20423e-07
 5.31718e-07
 4.60660e-07
 4.02876e-07
 3.55266e-07
 3.15584e-07
 2.82167e-07
 2.53768e-07
 2.29433e-07
 2.08424e-07
 1.90165e-07
 1.74196e-07
 1.60151e-07
 1.47733e-07
 1.36702e-07
 1.26859e-07
 1.16950e-06
 9.59006e-07
 7.99309e-07
 6.75564e-07
 5.77910e-07
 4.99609e-07
 4.35939e-07
 3.83519e-07
 3.39882e-07
 3.03192e-07
 2.72066e-07
 2.45446e-07
 2.22509e-07
 2.02613e-07
 1.85247e-07
 1.70003e-07
 1.56552e-07
 1.44625e-07
 1.34002e-07
 1.24500e-07
 9.97265e-07
 8.38920e-07
 7.13218e-07
 6.12334e-07
 5.30475e-07
 4.63351e-07
 4.07759e-07
 3.61289e-07
 3.22109e-07
 2.88810e-07
 2.60300e-07
 2.35723e-07
 2.14402e-07
 1.95796e-07
 1.79471e-07
 1.65075e-07
 1.52320e-07
 1.40968e-07
 1.30824e-07
 1.21725e-07
 8.35518e-07
 7.21825e-07
 6.26775e-07
 5.47356e-07
 4.80816e-07
 4.24820e-07
 3.77445e-07
 3.37136e-07
 3.02639e-07
 2.72948e-07
 2.47250e-07
 2.24889e-07
 2.05333e-07
 1.88146e-07
 1.72973e-07
 1.59518e-07
 1.47538e-07
 1.36831e-07
 1.27225e-07
 1.18578e-07
 6.91723e-07
 6.13578e-07
 5.44331e-07
 4.83802e-07
 4.31236e-07
 3.85692e-07
 3.46225e-07
 3.11966e-07
 2.82149e-07
 2.56115e-07
 2.33303e-07
 2.13242e-07
 1.95533e-07
 1.79844e-07
 1.65893e-07
 1.53445e-07
 1.42299e-07
 1.32286e-07
 1.23264e-07
 1.15109e-07
 5.68681e-07
 5.17305e-07
 4.68656e-07
 4.23926e-07
 3.83501e-07
 3.47330e-07
 3.15145e-07
 2.86583e-07
 2.61257e-07
 2.38789e-07
 2.18831e-07
 2.01071e-07
 1.85231e-07
 1.71070e-07
 1.58377e-07
 1.46971e-07
 1.36694e-07
 1.27411e-07
 1.19003e-07
 1.11369e-07
 4.66074e-07
 4.34017e-07
 4.01138e-07
 3.69099e-07
 3.38821e-07
 3.10748e-07
 2.85030e-07
 2.61649e-07
 2.40490e-07
 2.21390e-07
 2.04169e-07
 1.88644e-07
 1.74641e-07
 1.61998e-07
 1.50566e-07
 1.40212e-07
 1.30819e-07
 1.22281e-07
 1.14505e-07
 1.07410e-07
 3.81902e-07
 3.63331e-07
 3.42136e-07
 3.19969e-07
 2.97908e-07
 2.76617e-07
 2.56475e-07
 2.37672e-07
 2.20274e-07
 2.04271e-07
 1.89606e-07
 1.76200e-07
 1.63960e-07
 1.52788e-07
 1.42590e-07
 1.33276e-07
 1.24763e-07
 1.16972e-07
 1.09834e-07
 1.03284e-07
