scalar
part
         1
quad4
 5.98852e-07
 5.50755e-07
 5.03563e-07
 4.58909e-07
 4.17616e-07
 3.79988e-07
 3.46016e-07
 3.15515e-07
 2.88217e-07
 2.63819e-07
 2.42016e-07
 2.22520e-07
 2.05066e-07
 1.89413e-07
 1.75348e-07
 1.62685e-07
 1.51258e-07
 1.40924e-07
 1.31557e-07
 1.23047e-07
 7.07537e-07
 6.38314e-07
 5.73822e-07
 5.15273e-07
 4.62936e-07
 4.16570e-07
 3.75687e-07
 3.39713e-07
 3.08065e-07
 2.80193e-07
 2.55604e-07
 2.33860e-07
 2.14581e-07
 1.97440e-07
 1.82155e-07
 1.68485e-07
 1.56223e-07
 1.45193e-07
 1.35243e-07
 1.26243e-07
 8.35600e-07
 7.37774e-07
 6.51138e-07
 5.75625e-07
 5.10331e-07
 4.54054e-07
 4.05559e-07
 3.63703e-07
 3.27478e-07
 2.96020e-07
 2.68599e-07
 2.44603e-07
 2.23520e-07
 2.04924e-07
 1.88457e-07
 1.73820e-07
 1.60764e-07
 1.49077e-07
 1.38580e-07
 1.29122e-07
 9.83095e-07
 8.47765e-07
 7.33767e-07
 6.38294e-07
 5.58363e-07
 4.91264e-07
 4.34690e-07
 3.86741e-07
 3.45873e-07
 3.10841e-07
 2.80642e-07
 2.54467e-07
 2.31660e-07
 2.11686e-07
 1.94112e-07
 1.78578e-07
 1.64790e-07
 1.52501e-07
 1.41507e-07
 1.31635e-07
 1.14690e-06
 9.64670e-07
 8.18497e-07
 7.00688e-07
 6.05026e-07
 5.26675e-07
 4.61931e-07
 4.07961e-07
 3.62595e-07
 3.24159e-07
 2.91354e-07
 2.63159e-07
 2.38772e-07
 2.17550e-07
 1.98981e-07
 1.82648e-07
 1.68211e-07
 1.55394e-07
 1.43966e-07
 1.33736e-07
 1.31886e-06
 1.08189e-06
 9.00421e-07
 7.59274e-07
 6.47797e-07
 5.58486e-07
 4.85985e-07
 4.26422e-07
 3.76954e-07
 3.35464e-07
 3.00350e-07
 2.70390e-07
 2.44636e-07
 2.22345e-07
 2.02931e-07
 1.85924e-07
 1.70947e-07
 1.57691e-07
 1.45905e-07
 1.35381e-07
 1.48430e-06
 1.18962e-06
 9.73090e-07
 8.09783e-07
 6.83819e-07
 5.84751e-07
 5.05508e-07
 4.41180e-07
 3.88277e-07
 3.44265e-07
 3.07273e-07
 2.75893e-07
 2.49051e-07
 2.25919e-07
 2.05845e-07
 1.88318e-07
 1.72925e-07
 1.59336e-07
 1.47279e-07
 1.36535e-07
 1.62255e-06
 1.27578e-06
 1.02924e-06
 8.47731e-07
 7.10237e-07
 6.03605e-07
 5.19251e-07
 4.51380e-07
 3.95967e-07
 3.50142e-07
 3.11818e-07
 2.79444e-07
 2.51853e-07
 2.28146e-07
 2.07629e-07
 1.89756e-07
 1.74090e-07
 1.60284e-07
 1.48055e-07
 1.37172e-07
 1.71097e-06
 1.32837e-06
 1.06217e-06
 8.69171e-07
 7.24639e-07
 6.13523e-07
 5.26220e-07
 4.56358e-07
 3.99569e-07
 3.52776e-07
 3.13758e-07
 2.80882e-07
 2.52920e-07
 2.28939e-07
 2.08216e-07
 1.90187e-07
 1.74403e-07
 1.60507e-07
 1.48208e-07
 1.37271e-07
 1.73220e-06
 1.33883e-06
 1.06731e-06
 8.71531e-07
 7.25502e-07
 6.13567e-07
 5.25819e-07
 4.55723e-07
 3.98822e-07
 3.51988e-07
 3.12971e-07
 2.80117e-07
 2.52191e-07
 2.28251e-07
 2.07572e-07
 1.89586e-07
 1.73845e-07
 1.59988e-07
 1.47727e-07
 1.36825e-07
 1.68117e-06
 1.30484e-06
 1.04351e-06
 8.54212e-07
 7.12501e-07
 6.03556e-07
 5.17945e-07
 4.49418e-07
 3.93695e-07
 3.47762e-07
 3.09446e-07
 2.77147e-07
 2.49664e-07
 2.26084e-07
 2.05699e-07
 1.87957e-07
 1.72418e-07
 1.58733e-07
 1.46616e-07
 1.35837e-07
 1.56699e-06
 1.23106e-06
 9.93355e-07
 8.18735e-07
 6.86580e-07
 5.84102e-07
 5.03010e-07
 4.37727e-07
 3.84387e-07
 3.40243e-07
 3.03292e-07
 2.72052e-07
 2.45402e-07
 2.22485e-07
 2.02636e-07
 1.85328e-07
 1.70148e-07
 1.56758e-07
 1.44889e-07
 1.34319e-07
 1.40868e-06
 1.12740e-06
 9.22395e-07
 7.68381e-07
 6.49770e-07
 5.56510e-07
 4.81879e-07
 4.21240e-07
 3.71315e-07
 3.29727e-07
 2.94725e-07
 2.64992e-07
 2.39525e-07
 2.17548e-07
 1.98452e-07
 1.81757e-07
 1.67077e-07
 1.54101e-07
 1.42576e-07
 1.32294e-07
 1.22838e-06
 1.00611e-06
 8.37755e-07
 7.07487e-07
 6.04810e-07
 5.22568e-07
 4.55752e-07
 4.00786e-07
 3.55058e-07
 3.16632e-07
 2.84050e-07
 2.56195e-07
 2.32205e-07
 2.11402e-07
 1.93250e-07
 1.77321e-07
 1.63268e-07
 1.50810e-07
 1.39716e-07
 1.29796e-07
 1.04562e-06
 8.78890e-07
 7.46663e-07
 6.40646e-07
 5.54702e-07
 4.84285e-07
 4.26009e-07
 3.77327e-07
 3.36305e-07
 3.01458e-07
 2.71635e-07
 2.45937e-07
 2.23650e-07
 2.04208e-07
 1.87154e-07
 1.72118e-07
 1.58799e-07
 1.46948e-07
 1.36360e-07
 1.26863e-07
 8.74370e-07
 7.55051e-07
 6.55327e-07
 5.72043e-07
 5.02305e-07
 4.43649e-07
 3.94050e-07
 3.51869e-07
 3.15787e-07
 2.84743e-07
 2.57884e-07
 2.34521e-07
 2.14093e-07
 1.96146e-07
 1.80304e-07
 1.66260e-07
 1.53758e-07
 1.42585e-07
 1.32564e-07
 1.23544e-07
 7.22492e-07
 6.40788e-07
 5.68354e-07
 5.05035e-07
 4.50054e-07
 4.02429e-07
 3.61171e-07
 3.25368e-07
 2.94216e-07
 2.67024e-07
 2.43204e-07
 2.22261e-07
 2.03778e-07
 1.87406e-07
 1.72851e-07
 1.59865e-07
 1.48240e-07
 1.37799e-07
 1.28392e-07
 1.19890e-07
 5.92838e-07
 5.39363e-07
 4.88653e-07
 4.41994e-07
 3.99811e-07
 3.62063e-07
 3.28475e-07
 2.98669e-07
 2.72243e-07
 2.48803e-07
 2.27986e-07
 2.09462e-07
 1.92945e-07
 1.78179e-07
 1.64947e-07
 1.53057e-07
 1.42346e-07
 1.32670e-07
 1.23909e-07
 1.15954e-07
 4.84957e-07
 4.51785e-07
 4.17659e-07
 3.84352e-07
 3.52844e-07
 3.23613e-07
 2.96826e-07
 2.72469e-07
 2.50423e-07
 2.30523e-07
 2.12581e-07
 1.96407e-07
 1.81819e-07
 1.68648e-07
 1.56739e-07
 1.45955e-07
 1.36172e-07
 1.27279e-07
 1.19181e-07
 1.11792e-07
 3.96640e-07
 3.77592e-07
 3.55720e-07
 3.32772e-07
 3.09890e-07
 2.87781e-07
 2.66849e-07
 2.47298e-07
 2.29202e-07
 2.12553e-07
 1.97295e-07
 1.83344e-07
 1.70605e-07
 1.58978e-07
 1.48365e-07
 1.38672e-07
 1.29812e-07
 1.21704e-07
 1.14275e-07
 1.07459e-07
