scalar
part
         1
quad4
 6.37699e-07
 5.83655e-07
 5.31260e-07
 4.82160e-07
 4.37124e-07
 3.96375e-07
 3.59812e-07
 3.27166e-07
 2.98092e-07
 2.72221e-07
 2.49195e-07
 2.28678e-07
 2.10369e-07
 1.93999e-07
 1.79329e-07
 1.66153e-07
 1.54291e-07
 1.43584e-07
 1.33898e-07
 1.25113e-07
 7.51016e-07
 6.74186e-07
 6.03304e-07
 5.39488e-07
 4.82859e-07
 4.33013e-07
 3.89316e-07
 3.51063e-07
 3.17564e-07
 2.88185e-07
 2.62361e-07
 2.39602e-07
 2.19484e-07
 2.01646e-07
 1.85778e-07
 1.71619e-07
 1.58945e-07
 1.47566e-07
 1.37319e-07
 1.28064e-07
 8.83822e-07
 7.76343e-07
 6.81968e-07
 6.00332e-07
 5.30223e-07
 4.70163e-07
 4.18688e-07
 3.74474e-07
 3.36373e-07
 3.03414e-07
 2.74783e-07
 2.49805e-07
 2.27921e-07
 2.08666e-07
 1.91654e-07
 1.76565e-07
 1.63130e-07
 1.51124e-07
 1.40357e-07
 1.30671e-07
 1.03564e-06
 8.88286e-07
 7.65147e-07
 6.62764e-07
 5.77605e-07
 5.06529e-07
 4.46910e-07
 3.96607e-07
 3.53906e-07
 3.17432e-07
 2.86089e-07
 2.58999e-07
 2.35453e-07
 2.14880e-07
 1.96815e-07
 1.80877e-07
 1.66753e-07
 1.54184e-07
 1.42955e-07
 1.32885e-07
 1.20239e-06
 1.00569e-06
 8.49154e-07
 7.23890e-07
 6.22811e-07
 5.40477e-07
 4.72766e-07
 4.16559e-07
 3.69486e-07
 3.29731e-07
 2.95896e-07
 2.66889e-07
 2.41855e-07
 2.20114e-07
 2.01123e-07
 1.84447e-07
 1.69728e-07
 1.56678e-07
 1.45055e-07
 1.34663e-07
 1.37435e-06
 1.12100e-06
 9.28535e-07
 7.79870e-07
 6.63152e-07
 5.70114e-07
 4.94917e-07
 4.33369e-07
 3.82418e-07
 3.39801e-07
 3.03824e-07
 2.73192e-07
 2.46910e-07
 2.24201e-07
 2.04453e-07
 1.87176e-07
 1.71979e-07
 1.58544e-07
 1.46611e-07
 1.35965e-07
 1.53479e-06
 1.22339e-06
 9.96340e-07
 8.26205e-07
 6.95672e-07
 5.93465e-07
 5.12015e-07
 4.46103e-07
 3.92042e-07
 3.47170e-07
 3.09530e-07
 2.77655e-07
 2.50431e-07
 2.27001e-07
 2.06694e-07
 1.88981e-07
 1.73440e-07
 1.59732e-07
 1.47580e-07
 1.36759e-07
 1.66106e-06
 1.30002e-06
 1.04507e-06
 8.58364e-07
 7.17546e-07
 6.08714e-07
 5.22864e-07
 4.53953e-07
 3.97803e-07
 3.51447e-07
 3.12735e-07
 2.80075e-07
 2.52270e-07
 2.28403e-07
 2.07765e-07
 1.89799e-07
 1.74064e-07
 1.60204e-07
 1.47935e-07
 1.37021e-07
 1.72986e-06
 1.33897e-06
 1.06824e-06
 8.72639e-07
 7.26553e-07
 6.14483e-07
 5.26581e-07
 4.56339e-07
 3.99308e-07
 3.52363e-07
 3.13251e-07
 2.80319e-07
 2.52328e-07
 2.28335e-07
 2.07612e-07
 1.89590e-07
 1.73818e-07
 1.59938e-07
 1.47657e-07
 1.36739e-07
 1.72589e-06
 1.33303e-06
 1.06216e-06
 8.67008e-07
 7.21534e-07
 6.10078e-07
 5.22737e-07
 4.52987e-07
 3.96382e-07
 3.49800e-07
 3.10999e-07
 2.78333e-07
 2.50569e-07
 2.26771e-07
 2.06217e-07
 1.88341e-07
 1.72696e-07
 1.58926e-07
 1.46742e-07
 1.35910e-07
 1.64883e-06
 1.28232e-06
 1.02701e-06
 8.41650e-07
 7.02639e-07
 5.95621e-07
 5.11430e-07
 4.43977e-07
 3.89086e-07
 3.43809e-07
 3.06020e-07
 2.74149e-07
 2.47020e-07
 2.23735e-07
 2.03599e-07
 1.86068e-07
 1.70710e-07
 1.57181e-07
 1.45200e-07
 1.34540e-07
 1.51314e-06
 1.19413e-06
 9.66803e-07
 7.98905e-07
 6.71308e-07
 5.72039e-07
 4.93277e-07
 4.29731e-07
 3.77718e-07
 3.34605e-07
 2.98471e-07
 2.67887e-07
 2.41772e-07
 2.19296e-07
 1.99813e-07
 1.82814e-07
 1.67895e-07
 1.54729e-07
 1.43053e-07
 1.32650e-07
 1.34117e-06
 1.08023e-06
 8.88147e-07
 7.42696e-07
 6.29975e-07
 5.40898e-07
 4.69319e-07
 4.10963e-07
 3.62780e-07
 3.22547e-07
 2.88615e-07
 2.59741e-07
 2.34971e-07
 2.13565e-07
 1.94945e-07
 1.78647e-07
 1.64304e-07
 1.51614e-07
 1.40336e-07
 1.30266e-07
 1.15529e-06
 9.53364e-07
 7.98608e-07
 6.77690e-07
 5.81618e-07
 5.04156e-07
 4.40881e-07
 3.88589e-07
 3.44918e-07
 3.08100e-07
 2.76794e-07
 2.49965e-07
 2.26809e-07
 2.06692e-07
 1.89109e-07
 1.73657e-07
 1.60008e-07
 1.47893e-07
 1.37094e-07
 1.27427e-07
 9.73190e-07
 8.24622e-07
 7.05263e-07
 6.08490e-07
 5.29295e-07
 4.63891e-07
 4.09400e-07
 3.63622e-07
 3.24861e-07
 2.91798e-07
 2.63402e-07
 2.38857e-07
 2.17513e-07
 1.98849e-07
 1.82443e-07
 1.67951e-07
 1.55092e-07
 1.43634e-07
 1.33383e-07
 1.24177e-07
 8.06417e-07
 7.02186e-07
 6.13803e-07
 5.39052e-07
 4.75776e-07
 4.22059e-07
 3.76277e-07
 3.37079e-07
 3.03355e-07
 2.74195e-07
 2.48857e-07
 2.26733e-07
 2.07326e-07
 1.90226e-07
 1.75093e-07
 1.61646e-07
 1.49651e-07
 1.38912e-07
 1.29263e-07
 1.20566e-07
 6.60806e-07
 5.91096e-07
 5.28200e-07
 4.72390e-07
 4.23310e-07
 3.80334e-07
 3.42759e-07
 3.09894e-07
 2.81104e-07
 2.55825e-07
 2.33568e-07
 2.13912e-07
 1.96498e-07
 1.81018e-07
 1.67215e-07
 1.54866e-07
 1.43784e-07
 1.33808e-07
 1.24802e-07
 1.16648e-07
 5.37881e-07
 4.93707e-07
 4.50778e-07
 4.10514e-07
 3.73541e-07
 3.40024e-07
 3.09872e-07
 2.82867e-07
 2.58733e-07
 2.37178e-07
 2.17921e-07
 2.00696e-07
 1.85266e-07
 1.71418e-07
 1.58962e-07
 1.47734e-07
 1.37590e-07
 1.28404e-07
 1.20066e-07
 1.12479e-07
 4.36460e-07
 4.10414e-07
 3.82524e-07
 3.54547e-07
 3.27530e-07
 3.02053e-07
 2.78392e-07
 2.56637e-07
 2.36761e-07
 2.18673e-07
 2.02251e-07
 1.87358e-07
 1.73853e-07
 1.61603e-07
 1.50481e-07
 1.40372e-07
 1.31170e-07
 1.22782e-07
 1.15122e-07
 1.08116e-07
 3.54000e-07
 3.40394e-07
 3.23473e-07
 3.04907e-07
 2.85834e-07
 2.66996e-07
 2.48854e-07
 2.31675e-07
 2.15591e-07
 2.00651e-07
 1.86846e-07
 1.74134e-07
 1.62454e-07
 1.51736e-07
 1.41906e-07
 1.32889e-07
 1.24616e-07
 1.17019e-07
 1.10036e-07
 1.03612e-07
