scalar
part
         1
quad4
 3.90569e-07
 3.72510e-07
 3.51485e-07
 3.29252e-07
 3.06965e-07
 2.85348e-07
 2.64822e-07
 2.45605e-07
 2.27785e-07
 2.11363e-07
 1.96292e-07
 1.82498e-07
 1.69889e-07
 1.58370e-07
 1.47848e-07
 1.38231e-07
 1.29435e-07
 1.21382e-07
 1.13999e-07
 1.07223e-07
 4.78389e-07
 4.46425e-07
 4.13300e-07
 3.80808e-07
 3.49959e-07
 3.21259e-07
 2.94899e-07
 2.70886e-07
 2.49118e-07
 2.29444e-07
 2.11685e-07
 1.95661e-07
 1.81196e-07
 1.68126e-07
 1.56302e-07
 1.45588e-07
 1.35863e-07
 1.27020e-07
 1.18963e-07
 1.11609e-07
 5.85835e-07
 5.33822e-07
 4.84271e-07
 4.38522e-07
 3.97051e-07
 3.59859e-07
 3.26707e-07
 2.97245e-07
 2.71091e-07
 2.47867e-07
 2.27222e-07
 2.08838e-07
 1.92433e-07
 1.77759e-07
 1.64602e-07
 1.52774e-07
 1.42113e-07
 1.32480e-07
 1.23753e-07
 1.15828e-07
 7.15209e-07
 6.35235e-07
 5.64107e-07
 5.01770e-07
 4.47528e-07
 4.00464e-07
 3.59633e-07
 3.24157e-07
 2.93259e-07
 2.66265e-07
 2.42600e-07
 2.21780e-07
 2.03395e-07
 1.87101e-07
 1.72609e-07
 1.59675e-07
 1.48091e-07
 1.37684e-07
 1.28304e-07
 1.19825e-07
 8.67111e-07
 7.49757e-07
 6.51436e-07
 5.69158e-07
 5.00148e-07
 4.42024e-07
 3.92819e-07
 3.50932e-07
 3.15071e-07
 2.84196e-07
 2.57467e-07
 2.34204e-07
 2.13855e-07
 1.95969e-07
 1.80176e-07
 1.66171e-07
 1.53699e-07
 1.42551e-07
 1.32550e-07
 1.23545e-07
 1.03889e-06
 8.74250e-07
 7.43420e-07
 6.38354e-07
 5.53067e-07
 4.83113e-07
 4.25167e-07
 3.76724e-07
 3.35876e-07
 3.01158e-07
 2.71432e-07
 2.45805e-07
 2.23573e-07
 2.04172e-07
 1.87150e-07
 1.72138e-07
 1.58837e-07
 1.47000e-07
 1.36422e-07
 1.26933e-07
 1.22295e-06
 1.00264e-06
 8.35509e-07
 7.06023e-07
 6.03860e-07
 5.21960e-07
 4.55379e-07
 4.00573e-07
 3.54956e-07
 3.16609e-07
 2.84082e-07
 2.56266e-07
 2.32302e-07
 2.11517e-07
 1.93378e-07
 1.77456e-07
 1.63408e-07
 1.50952e-07
 1.39859e-07
 1.29937e-07
 1.40553e-06
 1.12570e-06
 9.21511e-07
 7.67978e-07
 6.49655e-07
 5.56568e-07
 4.82041e-07
 4.21465e-07
 3.71574e-07
 3.30005e-07
 2.95010e-07
 2.65278e-07
 2.39806e-07
 2.17822e-07
 1.98717e-07
 1.82012e-07
 1.67321e-07
 1.54335e-07
 1.42800e-07
 1.32509e-07
 1.56712e-06
 1.23167e-06
 9.94150e-07
 8.19581e-07
 6.87415e-07
 5.84899e-07
 5.03757e-07
 4.38422e-07
 3.85031e-07
 3.40837e-07
 3.03841e-07
 2.72560e-07
 2.45873e-07
 2.22922e-07
 2.03041e-07
 1.85706e-07
 1.70499e-07
 1.57087e-07
 1.45197e-07
 1.34607e-07
 1.68530e-06
 1.30812e-06
 1.04616e-06
 8.56407e-07
 7.14345e-07
 6.05127e-07
 5.19299e-07
 4.50597e-07
 3.94730e-07
 3.48679e-07
 3.10263e-07
 2.77880e-07
 2.50325e-07
 2.26683e-07
 2.06245e-07
 1.88456e-07
 1.72877e-07
 1.59155e-07
 1.47006e-07
 1.36199e-07
 1.74036e-06
 1.34476e-06
 1.07180e-06
 8.75058e-07
 7.28340e-07
 6.15899e-07
 5.27768e-07
 4.57376e-07
 4.00242e-07
 3.53221e-07
 3.14051e-07
 2.81071e-07
 2.53039e-07
 2.29011e-07
 2.08256e-07
 1.90206e-07
 1.74408e-07
 1.60503e-07
 1.48199e-07
 1.37260e-07
 1.72245e-06
 1.33658e-06
 1.06829e-06
 8.73891e-07
 7.28379e-07
 6.16553e-07
 5.28721e-07
 4.58454e-07
 4.01350e-07
 3.54307e-07
 3.15087e-07
 2.82046e-07
 2.53948e-07
 2.29852e-07
 2.09033e-07
 1.90922e-07
 1.75067e-07
 1.61110e-07
 1.48759e-07
 1.37775e-07
 1.63616e-06
 1.28561e-06
 1.03660e-06
 8.53407e-07
 7.14727e-07
 6.07232e-07
 5.22233e-07
 4.53870e-07
 3.98072e-07
 3.51944e-07
 3.13375e-07
 2.80803e-07
 2.53046e-07
 2.29203e-07
 2.08571e-07
 1.90599e-07
 1.74850e-07
 1.60972e-07
 1.48681e-07
 1.37743e-07
 1.49878e-06
 1.20033e-06
 9.81234e-07
 8.16130e-07
 6.88870e-07
 5.88845e-07
 5.08880e-07
 4.43997e-07
 3.90660e-07
 3.46303e-07
 3.09032e-07
 2.77424e-07
 2.50395e-07
 2.27106e-07
 2.06902e-07
 1.89262e-07
 1.73774e-07
 1.60103e-07
 1.47976e-07
 1.37170e-07
 1.33321e-06
 1.09283e-06
 9.08920e-07
 7.65999e-07
 6.53209e-07
 5.62908e-07
 4.89648e-07
 4.29495e-07
 3.79560e-07
 3.37695e-07
 3.02279e-07
 2.72070e-07
 2.46110e-07
 2.23648e-07
 2.04089e-07
 1.86960e-07
 1.71877e-07
 1.58530e-07
 1.46666e-07
 1.36074e-07
 1.16047e-06
 9.75343e-07
 8.26992e-07
 7.07535e-07
 6.10613e-07
 5.31290e-07
 4.65785e-07
 4.11214e-07
 3.65367e-07
 3.26542e-07
 2.93419e-07
 2.64962e-07
 2.40357e-07
 2.18952e-07
 2.00228e-07
 1.83763e-07
 1.69213e-07
 1.56298e-07
 1.44786e-07
 1.34482e-07
 9.95549e-07
 8.57861e-07
 7.41999e-07
 6.45057e-07
 5.63968e-07
 4.95950e-07
 4.38643e-07
 3.90103e-07
 3.48756e-07
 3.13332e-07
 2.82810e-07
 2.56366e-07
 2.33333e-07
 2.13170e-07
 1.95434e-07
 1.79762e-07
 1.65854e-07
 1.53462e-07
 1.42379e-07
 1.32429e-07
 8.46829e-07
 7.47129e-07
 6.58942e-07
 5.82159e-07
 5.15832e-07
 4.58713e-07
 4.09531e-07
 3.67111e-07
 3.30421e-07
 2.98578e-07
 2.70836e-07
 2.46571e-07
 2.25260e-07
 2.06470e-07
 1.89838e-07
 1.75060e-07
 1.61881e-07
 1.50087e-07
 1.39497e-07
 1.29957e-07
 7.17562e-07
 6.46867e-07
 5.81107e-07
 5.21484e-07
 4.68245e-07
 4.21124e-07
 3.79613e-07
 3.43114e-07
 3.11025e-07
 2.82783e-07
 2.57881e-07
 2.35872e-07
 2.16368e-07
 1.99033e-07
 1.83582e-07
 1.69768e-07
 1.57382e-07
 1.46243e-07
 1.36198e-07
 1.27114e-07
 6.07758e-07
 5.58512e-07
 5.10294e-07
 4.64743e-07
 4.22675e-07
 3.84384e-07
 3.49846e-07
 3.18864e-07
 2.91156e-07
 2.66408e-07
 2.44307e-07
 2.24555e-07
 2.06880e-07
 1.91037e-07
 1.76808e-07
 1.64002e-07
 1.52450e-07
 1.42006e-07
 1.32543e-07
 1.23947e-07
