scalar
part
         1
quad4
 6.21080e-07
 5.69276e-07
 5.18859e-07
 4.71473e-07
 4.27908e-07
 3.88410e-07
 3.52910e-07
 3.21164e-07
 2.92853e-07
 2.67629e-07
 2.45154e-07
 2.25108e-07
 2.07203e-07
 1.91179e-07
 1.76808e-07
 1.63892e-07
 1.52255e-07
 1.41745e-07
 1.32232e-07
 1.23599e-07
 7.32608e-07
 6.58580e-07
 5.90089e-07
 5.28285e-07
 4.73336e-07
 4.24887e-07
 3.82351e-07
 3.45064e-07
 3.12371e-07
 2.83666e-07
 2.58410e-07
 2.36130e-07
 2.16419e-07
 1.98928e-07
 1.83357e-07
 1.69455e-07
 1.57002e-07
 1.45815e-07
 1.35735e-07
 1.26627e-07
 8.63578e-07
 7.59577e-07
 6.68059e-07
 5.88750e-07
 5.20528e-07
 4.61998e-07
 4.11767e-07
 3.68570e-07
 3.31304e-07
 2.99034e-07
 2.70976e-07
 2.46477e-07
 2.24996e-07
 2.06082e-07
 1.89360e-07
 1.74520e-07
 1.61298e-07
 1.49477e-07
 1.38871e-07
 1.29324e-07
 1.01366e-06
 8.70560e-07
 7.50771e-07
 6.51019e-07
 5.67928e-07
 4.98488e-07
 4.40169e-07
 3.90910e-07
 3.49052e-07
 3.13265e-07
 2.82488e-07
 2.55865e-07
 2.32710e-07
 2.12464e-07
 1.94676e-07
 1.78974e-07
 1.65052e-07
 1.52657e-07
 1.41579e-07
 1.31641e-07
 1.17903e-06
 9.87397e-07
 8.34675e-07
 7.12290e-07
 6.13404e-07
 5.32760e-07
 4.66365e-07
 4.11195e-07
 3.64947e-07
 3.25858e-07
 2.92563e-07
 2.64000e-07
 2.39334e-07
 2.17900e-07
 1.99168e-07
 1.82710e-07
 1.68178e-07
 1.55288e-07
 1.43804e-07
 1.33531e-07
 1.35035e-06
 1.10280e-06
 9.14480e-07
 7.68822e-07
 6.54325e-07
 5.62957e-07
 4.89034e-07
 4.28475e-07
 3.78300e-07
 3.36303e-07
 3.00825e-07
 2.70600e-07
 2.44653e-07
 2.22222e-07
 2.02707e-07
 1.85627e-07
 1.70597e-07
 1.57306e-07
 1.45496e-07
 1.34957e-07
 1.51146e-06
 1.20624e-06
 9.83396e-07
 8.16202e-07
 6.87780e-07
 5.87125e-07
 5.06840e-07
 4.41820e-07
 3.88453e-07
 3.44129e-07
 3.06927e-07
 2.75408e-07
 2.48477e-07
 2.25288e-07
 2.05183e-07
 1.87640e-07
 1.72244e-07
 1.58659e-07
 1.46613e-07
 1.35884e-07
 1.64025e-06
 1.28513e-06
 1.03403e-06
 8.49942e-07
 7.10955e-07
 6.03447e-07
 5.18580e-07
 4.50414e-07
 3.94840e-07
 3.48937e-07
 3.10586e-07
 2.78218e-07
 2.50652e-07
 2.26983e-07
 2.06510e-07
 1.88683e-07
 1.73066e-07
 1.59308e-07
 1.47126e-07
 1.36287e-07
 1.71382e-06
 1.32767e-06
 1.05992e-06
 8.66311e-07
 7.21602e-07
 6.10519e-07
 5.23348e-07
 4.53658e-07
 3.97055e-07
 3.50445e-07
 3.11602e-07
 2.78887e-07
 2.51075e-07
 2.27229e-07
 2.06630e-07
 1.88713e-07
 1.73031e-07
 1.59228e-07
 1.47013e-07
 1.36153e-07
 1.71668e-06
 1.32643e-06
 1.05721e-06
 8.63173e-07
 7.18478e-07
 6.07589e-07
 5.20672e-07
 4.51248e-07
 3.94898e-07
 3.48519e-07
 3.09883e-07
 2.77352e-07
 2.49701e-07
 2.25997e-07
 2.05522e-07
 1.87714e-07
 1.72128e-07
 1.58409e-07
 1.46270e-07
 1.35476e-07
 1.64755e-06
 1.28101e-06
 1.02577e-06
 8.40516e-07
 7.01612e-07
 5.94696e-07
 5.10596e-07
 4.43224e-07
 3.88404e-07
 3.43190e-07
 3.05456e-07
 2.73634e-07
 2.46548e-07
 2.23300e-07
 2.03198e-07
 1.85697e-07
 1.70366e-07
 1.56861e-07
 1.44902e-07
 1.34261e-07
 1.51950e-06
 1.19798e-06
 9.69210e-07
 8.00441e-07
 6.72296e-07
 5.72670e-07
 4.93670e-07
 4.29963e-07
 3.77839e-07
 3.34648e-07
 2.98460e-07
 2.67838e-07
 2.41696e-07
 2.19201e-07
 1.99706e-07
 1.82699e-07
 1.67775e-07
 1.54607e-07
 1.42929e-07
 1.32526e-07
 1.35364e-06
 1.08846e-06
 8.93767e-07
 7.46650e-07
 6.32822e-07
 5.42986e-07
 4.70875e-07
 4.12136e-07
 3.63672e-07
 3.23230e-07
 2.89141e-07
 2.60146e-07
 2.35283e-07
 2.13805e-07
 1.95128e-07
 1.78785e-07
 1.64405e-07
 1.51687e-07
 1.40385e-07
 1.30297e-07
 1.17180e-06
 9.64808e-07
 8.06766e-07
 6.83648e-07
 5.86061e-07
 5.07530e-07
 4.43482e-07
 3.90621e-07
 3.46524e-07
 3.09383e-07
 2.77827e-07
 2.50803e-07
 2.27493e-07
 2.07253e-07
 1.89572e-07
 1.74040e-07
 1.60325e-07
 1.48157e-07
 1.37313e-07
 1.27609e-07
 9.91778e-07
 8.38079e-07
 7.15198e-07
 6.15961e-07
 5.35010e-07
 4.68329e-07
 4.12894e-07
 3.66406e-07
 3.27103e-07
 2.93622e-07
 2.64899e-07
 2.40094e-07
 2.18543e-07
 1.99711e-07
 1.83169e-07
 1.68566e-07
 1.55615e-07
 1.44080e-07
 1.33764e-07
 1.24505e-07
 8.25569e-07
 7.16610e-07
 6.24801e-07
 5.47547e-07
 4.82421e-07
 4.27321e-07
 3.80491e-07
 3.40490e-07
 3.06141e-07
 2.76491e-07
 2.50765e-07
 2.28330e-07
 2.08671e-07
 1.91366e-07
 1.76064e-07
 1.62478e-07
 1.50367e-07
 1.39530e-07
 1.29800e-07
 1.21033e-07
 6.79521e-07
 6.05700e-07
 5.39670e-07
 4.81472e-07
 4.30567e-07
 3.86186e-07
 3.47520e-07
 3.13801e-07
 2.84336e-07
 2.58519e-07
 2.35830e-07
 2.15823e-07
 1.98122e-07
 1.82407e-07
 1.68409e-07
 1.55897e-07
 1.44678e-07
 1.34587e-07
 1.25483e-07
 1.17246e-07
 5.55586e-07
 5.07959e-07
 4.62276e-07
 4.19831e-07
 3.81135e-07
 3.46252e-07
 3.15016e-07
 2.87144e-07
 2.62312e-07
 2.40193e-07
 2.20476e-07
 2.02874e-07
 1.87133e-07
 1.73025e-07
 1.60354e-07
 1.48945e-07
 1.38647e-07
 1.29330e-07
 1.20880e-07
 1.13198e-07
 4.52878e-07
 4.23992e-07
 3.93744e-07
 3.63831e-07
 3.35237e-07
 3.08478e-07
 2.83774e-07
 2.61168e-07
 2.40595e-07
 2.21936e-07
 2.05041e-07
 1.89755e-07
 1.75923e-07
 1.63398e-07
 1.52045e-07
 1.41740e-07
 1.32371e-07
 1.23840e-07
 1.16058e-07
 1.08946e-07
 3.69047e-07
 3.53128e-07
 3.34219e-07
 3.13971e-07
 2.93486e-07
 2.73472e-07
 2.54352e-07
 2.36358e-07
 2.19597e-07
 2.04092e-07
 1.89814e-07
 1.76704e-07
 1.64690e-07
 1.53688e-07
 1.43616e-07
 1.34394e-07
 1.25944e-07
 1.18195e-07
 1.11081e-07
 1.04543e-07
