scalar
part
         1
quad4
 5.52711e-07
 5.10579e-07
 4.68630e-07
 4.28530e-07
 3.91162e-07
 3.56901e-07
 3.25809e-07
 2.97772e-07
 2.72582e-07
 2.49992e-07
 2.29742e-07
 2.11586e-07
 1.95288e-07
 1.80639e-07
 1.67448e-07
 1.55548e-07
 1.44790e-07
 1.35044e-07
 1.26196e-07
 1.18145e-07
 6.57092e-07
 5.95130e-07
 5.36846e-07
 4.83554e-07
 4.35647e-07
 3.93004e-07
 3.55253e-07
 3.21916e-07
 2.92493e-07
 2.66507e-07
 2.43521e-07
 2.23145e-07
 2.05040e-07
 1.88909e-07
 1.74498e-07
 1.61586e-07
 1.49986e-07
 1.39535e-07
 1.30094e-07
 1.21542e-07
 7.80872e-07
 6.91805e-07
 6.12429e-07
 5.42901e-07
 4.82531e-07
 4.30308e-07
 3.85161e-07
 3.46080e-07
 3.12165e-07
 2.82641e-07
 2.56848e-07
 2.34228e-07
 2.14317e-07
 1.96722e-07
 1.81115e-07
 1.67222e-07
 1.54811e-07
 1.43686e-07
 1.33681e-07
 1.24656e-07
 9.24432e-07
 7.99510e-07
 6.93857e-07
 6.05067e-07
 5.30499e-07
 4.67723e-07
 4.14653e-07
 3.69564e-07
 3.31045e-07
 2.97958e-07
 2.69379e-07
 2.44562e-07
 2.22902e-07
 2.03903e-07
 1.87162e-07
 1.72344e-07
 1.59174e-07
 1.47423e-07
 1.36898e-07
 1.27438e-07
 1.08515e-06
 9.15006e-07
 7.78191e-07
 6.67653e-07
 5.77677e-07
 5.03813e-07
 4.42640e-07
 3.91541e-07
 3.48504e-07
 3.11975e-07
 2.80743e-07
 2.53859e-07
 2.30570e-07
 2.10278e-07
 1.92498e-07
 1.76841e-07
 1.62987e-07
 1.50674e-07
 1.39685e-07
 1.29839e-07
 1.25553e-06
 1.03217e-06
 8.60841e-07
 7.27327e-07
 6.21670e-07
 5.36854e-07
 4.67873e-07
 4.11099e-07
 3.63868e-07
 3.24190e-07
 2.90563e-07
 2.61831e-07
 2.37102e-07
 2.15674e-07
 1.96990e-07
 1.80607e-07
 1.66165e-07
 1.53372e-07
 1.41988e-07
 1.31815e-07
 1.42178e-06
 1.14174e-06
 9.35678e-07
 7.80009e-07
 6.59725e-07
 5.64961e-07
 4.89036e-07
 4.27306e-07
 3.76467e-07
 3.34116e-07
 2.98476e-07
 2.68209e-07
 2.42292e-07
 2.19935e-07
 2.00517e-07
 1.83548e-07
 1.68634e-07
 1.55457e-07
 1.43760e-07
 1.33329e-07
 1.56425e-06
 1.23217e-06
 9.95713e-07
 8.21338e-07
 6.89040e-07
 5.86283e-07
 5.04881e-07
 4.39301e-07
 3.85695e-07
 3.41318e-07
 3.04167e-07
 2.72758e-07
 2.45965e-07
 2.22928e-07
 2.02977e-07
 1.85584e-07
 1.70332e-07
 1.56882e-07
 1.44963e-07
 1.34350e-07
 1.66122e-06
 1.29181e-06
 1.03434e-06
 8.47381e-07
 7.07179e-07
 5.99260e-07
 5.14377e-07
 4.46385e-07
 3.91068e-07
 3.45453e-07
 3.07391e-07
 2.75299e-07
 2.47988e-07
 2.24554e-07
 2.04293e-07
 1.86658e-07
 1.71214e-07
 1.57611e-07
 1.45568e-07
 1.34855e-07
 1.69568e-06
 1.31204e-06
 1.04684e-06
 8.55414e-07
 7.12493e-07
 6.02855e-07
 5.16850e-07
 4.48108e-07
 3.92279e-07
 3.46307e-07
 3.07993e-07
 2.75721e-07
 2.48281e-07
 2.24751e-07
 2.04422e-07
 1.86736e-07
 1.71253e-07
 1.57622e-07
 1.45559e-07
 1.34831e-07
 1.66154e-06
 1.28982e-06
 1.03160e-06
 8.44509e-07
 7.04428e-07
 5.96725e-07
 5.12084e-07
 4.44329e-07
 3.89233e-07
 3.43816e-07
 3.05931e-07
 2.73994e-07
 2.46820e-07
 2.23505e-07
 2.03350e-07
 1.85807e-07
 1.70444e-07
 1.56913e-07
 1.44933e-07
 1.34276e-07
 1.56549e-06
 1.22851e-06
 9.90421e-07
 8.15719e-07
 6.83627e-07
 5.81281e-07
 5.00348e-07
 4.35233e-07
 3.82060e-07
 3.38073e-07
 3.01271e-07
 2.70168e-07
 2.43645e-07
 2.20845e-07
 2.01101e-07
 1.83892e-07
 1.68800e-07
 1.55493e-07
 1.43699e-07
 1.33197e-07
 1.42376e-06
 1.13656e-06
 9.28020e-07
 7.71813e-07
 6.51795e-07
 5.57611e-07
 4.82362e-07
 4.21307e-07
 3.71098e-07
 3.29319e-07
 2.94189e-07
 2.64372e-07
 2.38852e-07
 2.16843e-07
 1.97732e-07
 1.81032e-07
 1.66356e-07
 1.53390e-07
 1.41879e-07
 1.31613e-07
 1.25648e-06
 1.02503e-06
 8.50816e-07
 7.16682e-07
 6.11378e-07
 5.27304e-07
 4.59187e-07
 4.03278e-07
 3.56858e-07
 3.17918e-07
 2.84949e-07
 2.56801e-07
 2.32587e-07
 2.11612e-07
 1.93328e-07
 1.77296e-07
 1.63165e-07
 1.50646e-07
 1.39506e-07
 1.29550e-07
 1.08250e-06
 9.05056e-07
 7.65613e-07
 6.54619e-07
 5.65164e-07
 4.92220e-07
 4.32092e-07
 3.82031e-07
 3.39967e-07
 3.04323e-07
 2.73884e-07
 2.47704e-07
 2.25038e-07
 2.05294e-07
 1.88000e-07
 1.72770e-07
 1.59294e-07
 1.47316e-07
 1.36625e-07
 1.27043e-07
 9.16140e-07
 7.85940e-07
 6.78505e-07
 5.89681e-07
 5.15900e-07
 4.54250e-07
 4.02402e-07
 3.58510e-07
 3.21108e-07
 2.89037e-07
 2.61369e-07
 2.37362e-07
 2.16420e-07
 1.98056e-07
 1.81876e-07
 1.67555e-07
 1.54825e-07
 1.43464e-07
 1.33286e-07
 1.24135e-07
 7.66111e-07
 6.74220e-07
 5.94218e-07
 5.25243e-07
 4.66000e-07
 4.15131e-07
 3.71379e-07
 3.33639e-07
 3.00967e-07
 2.72571e-07
 2.47790e-07
 2.26073e-07
 2.06961e-07
 1.90076e-07
 1.75098e-07
 1.61763e-07
 1.49846e-07
 1.39161e-07
 1.29548e-07
 1.20873e-07
 6.36192e-07
 5.73652e-07
 5.15909e-07
 4.63797e-07
 4.17376e-07
 3.76316e-07
 3.40122e-07
 3.08253e-07
 2.80180e-07
 2.55416e-07
 2.33526e-07
 2.14128e-07
 1.96893e-07
 1.81534e-07
 1.67809e-07
 1.55508e-07
 1.44450e-07
 1.34483e-07
 1.25473e-07
 1.17308e-07
 5.26719e-07
 4.85735e-07
 4.45307e-07
 4.06945e-07
 3.71391e-07
 3.38917e-07
 3.09523e-07
 2.83060e-07
 2.59306e-07
 2.38011e-07
 2.18925e-07
 2.01806e-07
 1.86434e-07
 1.72609e-07
 1.60152e-07
 1.48906e-07
 1.38731e-07
 1.29506e-07
 1.21124e-07
 1.13491e-07
 4.36070e-07
 4.10422e-07
 3.83036e-07
 3.55528e-07
 3.28895e-07
 3.03706e-07
 2.80246e-07
 2.58614e-07
 2.38802e-07
 2.20732e-07
 2.04292e-07
 1.89355e-07
 1.75789e-07
 1.63465e-07
 1.52262e-07
 1.42069e-07
 1.32781e-07
 1.24307e-07
 1.16563e-07
 1.09475e-07
