scalar
part
         1
quad4
 4.41120e-07
 4.13504e-07
 3.84471e-07
 3.55632e-07
 3.27958e-07
 3.01978e-07
 2.77933e-07
 2.55886e-07
 2.35789e-07
 2.17537e-07
 2.00994e-07
 1.86013e-07
 1.72448e-07
 1.60158e-07
 1.49012e-07
 1.38892e-07
 1.29690e-07
 1.21308e-07
 1.13662e-07
 1.06673e-07
 5.31038e-07
 4.87765e-07
 4.45506e-07
 4.05739e-07
 3.69146e-07
 3.35932e-07
 3.06034e-07
 2.79247e-07
 2.55305e-07
 2.33924e-07
 2.14824e-07
 1.97745e-07
 1.82449e-07
 1.68725e-07
 1.56386e-07
 1.45267e-07
 1.35225e-07
 1.26134e-07
 1.17886e-07
 1.10385e-07
 6.39183e-07
 5.74022e-07
 5.14312e-07
 4.60797e-07
 4.13420e-07
 3.71747e-07
 3.35194e-07
 3.03149e-07
 2.75030e-07
 2.50310e-07
 2.28523e-07
 2.09269e-07
 1.92202e-07
 1.77026e-07
 1.63489e-07
 1.51376e-07
 1.40505e-07
 1.30720e-07
 1.21885e-07
 1.13887e-07
 7.66807e-07
 6.72032e-07
 5.90060e-07
 5.19825e-07
 4.59840e-07
 4.08597e-07
 3.64720e-07
 3.27021e-07
 2.94498e-07
 2.66316e-07
 2.41788e-07
 2.20342e-07
 2.01509e-07
 1.84899e-07
 1.70190e-07
 1.57113e-07
 1.45443e-07
 1.34991e-07
 1.25599e-07
 1.17130e-07
 9.12989e-07
 7.79892e-07
 6.70761e-07
 5.81068e-07
 5.06960e-07
 4.45326e-07
 3.93701e-07
 3.50150e-07
 3.13152e-07
 2.81511e-07
 2.54276e-07
 2.30693e-07
 2.10155e-07
 1.92175e-07
 1.76354e-07
 1.62368e-07
 1.49950e-07
 1.38877e-07
 1.28967e-07
 1.20063e-07
 1.07308e-06
 8.93339e-07
 7.52986e-07
 6.41900e-07
 5.52807e-07
 4.80462e-07
 4.21039e-07
 3.71713e-07
 3.30373e-07
 2.95419e-07
 2.65625e-07
 2.40042e-07
 2.17924e-07
 1.98682e-07
 1.81845e-07
 1.67033e-07
 1.53938e-07
 1.42307e-07
 1.31932e-07
 1.22641e-07
 1.23727e-06
 1.00531e-06
 8.31793e-07
 6.98875e-07
 5.94966e-07
 5.12295e-07
 4.45507e-07
 3.90819e-07
 3.45504e-07
 3.07554e-07
 2.75470e-07
 2.48111e-07
 2.24601e-07
 2.04254e-07
 1.86532e-07
 1.71004e-07
 1.57325e-07
 1.45214e-07
 1.34442e-07
 1.24819e-07
 1.39022e-06
 1.10621e-06
 9.01059e-07
 7.48003e-07
 6.30779e-07
 5.39017e-07
 4.65852e-07
 4.06584e-07
 3.57910e-07
 3.17453e-07
 2.83466e-07
 2.54643e-07
 2.29990e-07
 2.08741e-07
 1.90299e-07
 1.74191e-07
 1.60040e-07
 1.47542e-07
 1.36450e-07
 1.26561e-07
 1.51297e-06
 1.18519e-06
 9.54300e-07
 7.85262e-07
 6.57665e-07
 5.58925e-07
 4.80920e-07
 4.18208e-07
 3.67028e-07
 3.24710e-07
 2.89318e-07
 2.59417e-07
 2.33925e-07
 2.12016e-07
 1.93048e-07
 1.76517e-07
 1.62022e-07
 1.49243e-07
 1.37918e-07
 1.27835e-07
 1.58711e-06
 1.23233e-06
 9.85855e-07
 8.07256e-07
 6.73506e-07
 5.70651e-07
 4.89802e-07
 4.25071e-07
 3.72423e-07
 3.29016e-07
 2.92800e-07
 2.62267e-07
 2.36283e-07
 2.13986e-07
 1.94708e-07
 1.77927e-07
 1.63228e-07
 1.50282e-07
 1.38818e-07
 1.28619e-07
 1.60021e-06
 1.24118e-06
 9.92131e-07
 8.11872e-07
 6.77004e-07
 5.73365e-07
 4.91951e-07
 4.26802e-07
 3.73837e-07
 3.30187e-07
 2.93781e-07
 2.63096e-07
 2.36991e-07
 2.14595e-07
 1.95235e-07
 1.78387e-07
 1.63632e-07
 1.50638e-07
 1.39134e-07
 1.28901e-07
 1.55007e-06
 1.21061e-06
 9.72493e-07
 7.98731e-07
 6.67916e-07
 5.66909e-07
 4.87259e-07
 4.23325e-07
 3.71218e-07
 3.28185e-07
 2.92231e-07
 2.61883e-07
 2.36032e-07
 2.13830e-07
 1.94620e-07
 1.77889e-07
 1.63227e-07
 1.50306e-07
 1.38861e-07
 1.28675e-07
 1.44574e-06
 1.14520e-06
 9.29432e-07
 7.69266e-07
 6.47110e-07
 5.51825e-07
 4.76077e-07
 4.14874e-07
 3.64723e-07
 3.23119e-07
 2.88228e-07
 2.58683e-07
 2.33446e-07
 2.11721e-07
 1.92886e-07
 1.76451e-07
 1.62026e-07
 1.49296e-07
 1.38007e-07
 1.27949e-07
 1.30439e-06
 1.05392e-06
 8.67950e-07
 7.26419e-07
 6.16387e-07
 5.29259e-07
 4.59155e-07
 4.01954e-07
 3.54701e-07
 3.15235e-07
 2.81948e-07
 2.53623e-07
 2.29329e-07
 2.08339e-07
 1.90085e-07
 1.74113e-07
 1.60061e-07
 1.47634e-07
 1.36592e-07
 1.26739e-07
 1.14561e-06
 9.47607e-07
 7.94369e-07
 6.74028e-07
 5.78167e-07
 5.00782e-07
 4.37542e-07
 3.85281e-07
 3.41651e-07
 3.04888e-07
 2.73647e-07
 2.46894e-07
 2.23821e-07
 2.03791e-07
 1.86299e-07
 1.70939e-07
 1.57381e-07
 1.45358e-07
 1.34648e-07
 1.25068e-07
 9.86245e-07
 8.36492e-07
 7.15030e-07
 6.16137e-07
 5.35091e-07
 4.68162e-07
 4.12447e-07
 3.65699e-07
 3.26173e-07
 2.92510e-07
 2.63644e-07
 2.38731e-07
 2.17099e-07
 1.98212e-07
 1.81633e-07
 1.67009e-07
 1.54051e-07
 1.42518e-07
 1.32212e-07
 1.22969e-07
 8.37711e-07
 7.28477e-07
 6.35306e-07
 5.56398e-07
 4.89669e-07
 4.33146e-07
 3.85103e-07
 3.44091e-07
 3.08908e-07
 2.78574e-07
 2.52289e-07
 2.29397e-07
 2.09366e-07
 1.91756e-07
 1.76207e-07
 1.62419e-07
 1.50143e-07
 1.39174e-07
 1.29335e-07
 1.20481e-07
 7.05971e-07
 6.28645e-07
 5.59114e-07
 4.97720e-07
 4.44032e-07
 3.97292e-07
 3.56655e-07
 3.21302e-07
 2.90486e-07
 2.63553e-07
 2.39941e-07
 2.19170e-07
 2.00834e-07
 1.84591e-07
 1.70151e-07
 1.57270e-07
 1.45742e-07
 1.35391e-07
 1.26069e-07
 1.17647e-07
 5.92881e-07
 5.39563e-07
 4.88890e-07
 4.42150e-07
 3.99811e-07
 3.61871e-07
 3.28082e-07
 2.98085e-07
 2.71486e-07
 2.47894e-07
 2.26948e-07
 2.08319e-07
 1.91715e-07
 1.76883e-07
 1.63598e-07
 1.51671e-07
 1.40933e-07
 1.31241e-07
 1.22471e-07
 1.14515e-07
 4.97789e-07
 4.61966e-07
 4.25829e-07
 3.90928e-07
 3.58126e-07
 3.27829e-07
 3.00159e-07
 2.75066e-07
 2.52408e-07
 2.31997e-07
 2.13628e-07
 1.97098e-07
 1.82214e-07
 1.68796e-07
 1.56682e-07
 1.45727e-07
 1.35802e-07
 1.26793e-07
 1.18599e-07
 1.11132e-07
