scalar
part
         1
quad4
 5.42139e-07
 5.01501e-07
 4.60861e-07
 4.21888e-07
 3.85478e-07
 3.52025e-07
 3.21614e-07
 2.94150e-07
 2.69442e-07
 2.47257e-07
 2.27351e-07
 2.09486e-07
 1.93436e-07
 1.78999e-07
 1.65991e-07
 1.54247e-07
 1.43625e-07
 1.33997e-07
 1.25252e-07
 1.17291e-07
 6.45357e-07
 5.85273e-07
 5.28575e-07
 4.76606e-07
 4.29792e-07
 3.88051e-07
 3.51042e-07
 3.18317e-07
 2.89401e-07
 2.63835e-07
 2.41200e-07
 2.21120e-07
 2.03263e-07
 1.87343e-07
 1.73111e-07
 1.60353e-07
 1.48885e-07
 1.38548e-07
 1.29206e-07
 1.20741e-07
 7.67950e-07
 6.81222e-07
 6.03746e-07
 5.35746e-07
 4.76602e-07
 4.25362e-07
 3.81007e-07
 3.42566e-07
 3.09172e-07
 2.80075e-07
 2.54634e-07
 2.32307e-07
 2.12639e-07
 1.95249e-07
 1.79816e-07
 1.66071e-07
 1.53786e-07
 1.42770e-07
 1.32859e-07
 1.23915e-07
 9.10406e-07
 7.88353e-07
 6.84925e-07
 5.97857e-07
 5.24627e-07
 4.62894e-07
 4.10646e-07
 3.66208e-07
 3.28212e-07
 2.95546e-07
 2.67311e-07
 2.42776e-07
 2.21350e-07
 2.02546e-07
 1.85969e-07
 1.71290e-07
 1.58238e-07
 1.46587e-07
 1.36149e-07
 1.26764e-07
 1.07029e-06
 9.03565e-07
 7.69270e-07
 6.60604e-07
 5.72034e-07
 4.99238e-07
 4.38887e-07
 3.88428e-07
 3.45896e-07
 3.09769e-07
 2.78862e-07
 2.52241e-07
 2.29170e-07
 2.09057e-07
 1.91428e-07
 1.75897e-07
 1.62150e-07
 1.49928e-07
 1.39018e-07
 1.29239e-07
 1.24040e-06
 1.02092e-06
 8.52300e-07
 7.20718e-07
 6.16465e-07
 5.32689e-07
 4.64490e-07
 4.08316e-07
 3.61552e-07
 3.22242e-07
 2.88908e-07
 2.60414e-07
 2.35879e-07
 2.14610e-07
 1.96059e-07
 1.79787e-07
 1.65439e-07
 1.52726e-07
 1.41410e-07
 1.31296e-07
 1.40733e-06
 1.13136e-06
 9.27992e-07
 7.74172e-07
 6.55193e-07
 5.61372e-07
 4.86146e-07
 4.24944e-07
 3.74510e-07
 3.32477e-07
 2.97088e-07
 2.67022e-07
 2.41269e-07
 2.19046e-07
 1.99740e-07
 1.82864e-07
 1.68028e-07
 1.54919e-07
 1.43278e-07
 1.32896e-07
 1.55181e-06
 1.22349e-06
 9.89420e-07
 8.16626e-07
 6.85418e-07
 5.83435e-07
 5.02598e-07
 4.37441e-07
 3.84158e-07
 3.40031e-07
 3.03079e-07
 2.71827e-07
 2.45163e-07
 2.22231e-07
 2.02366e-07
 1.85046e-07
 1.69855e-07
 1.56457e-07
 1.44582e-07
 1.34008e-07
 1.65232e-06
 1.28571e-06
 1.02995e-06
 8.44116e-07
 7.04674e-07
 5.97291e-07
 5.12797e-07
 4.45095e-07
 3.89999e-07
 3.44555e-07
 3.06628e-07
 2.74645e-07
 2.47422e-07
 2.24060e-07
 2.03859e-07
 1.86275e-07
 1.70872e-07
 1.57305e-07
 1.45293e-07
 1.34607e-07
 1.69158e-06
 1.30918e-06
 1.04475e-06
 8.53826e-07
 7.11251e-07
 6.01860e-07
 5.16038e-07
 4.47433e-07
 3.91710e-07
 3.45822e-07
 3.07575e-07
 2.75357e-07
 2.47962e-07
 2.24469e-07
 2.04170e-07
 1.86511e-07
 1.71051e-07
 1.57439e-07
 1.45393e-07
 1.34679e-07
 1.66274e-06
 1.29047e-06
 1.03194e-06
 8.44686e-07
 7.04505e-07
 5.96742e-07
 5.12064e-07
 4.44287e-07
 3.89178e-07
 3.43753e-07
 3.05864e-07
 2.73926e-07
 2.46752e-07
 2.23438e-07
 2.03284e-07
 1.85744e-07
 1.70382e-07
 1.56853e-07
 1.44876e-07
 1.34221e-07
 1.57153e-06
 1.23243e-06
 9.93083e-07
 8.17591e-07
 6.84981e-07
 5.82283e-07
 5.01105e-07
 4.35813e-07
 3.82510e-07
 3.38427e-07
 3.01552e-07
 2.70392e-07
 2.43826e-07
 2.20991e-07
 2.01220e-07
 1.83988e-07
 1.68879e-07
 1.55557e-07
 1.43751e-07
 1.33240e-07
 1.43343e-06
 1.14312e-06
 9.32641e-07
 7.75168e-07
 6.54294e-07
 5.59514e-07
 4.83838e-07
 4.22469e-07
 3.72027e-07
 3.30070e-07
 2.94802e-07
 2.64878e-07
 2.39273e-07
 2.17196e-07
 1.98030e-07
 1.81285e-07
 1.66572e-07
 1.53575e-07
 1.42038e-07
 1.31751e-07
 1.26833e-06
 1.03341e-06
 8.56908e-07
 7.21218e-07
 6.14828e-07
 5.29979e-07
 4.61294e-07
 4.04962e-07
 3.58221e-07
 3.19034e-07
 2.85872e-07
 2.57572e-07
 2.33235e-07
 2.12162e-07
 1.93797e-07
 1.77699e-07
 1.63513e-07
 1.50948e-07
 1.39769e-07
 1.29781e-07
 1.09527e-06
 9.14460e-07
 7.72664e-07
 6.60001e-07
 5.69341e-07
 4.95512e-07
 4.34722e-07
 3.84159e-07
 3.41708e-07
 3.05763e-07
 2.75086e-07
 2.48715e-07
 2.25895e-07
 2.06027e-07
 1.88629e-07
 1.73314e-07
 1.59767e-07
 1.47730e-07
 1.36987e-07
 1.27363e-07
 9.28926e-07
 7.95715e-07
 6.86060e-07
 5.95591e-07
 5.20579e-07
 4.58000e-07
 4.05441e-07
 3.60998e-07
 3.23166e-07
 2.90753e-07
 2.62813e-07
 2.38586e-07
 2.17465e-07
 1.98954e-07
 1.82652e-07
 1.68230e-07
 1.55414e-07
 1.43981e-07
 1.33742e-07
 1.24539e-07
 7.78351e-07
 6.83902e-07
 6.01917e-07
 5.31409e-07
 4.70979e-07
 4.19188e-07
 3.74712e-07
 3.36401e-07
 3.03275e-07
 2.74514e-07
 2.49438e-07
 2.27479e-07
 2.08170e-07
 1.91120e-07
 1.76005e-07
 1.62555e-07
 1.50541e-07
 1.39774e-07
 1.30091e-07
 1.21355e-07
 6.47596e-07
 5.82948e-07
 5.23493e-07
 4.70008e-07
 4.22487e-07
 3.80547e-07
 3.43648e-07
 3.11210e-07
 2.82676e-07
 2.57536e-07
 2.35338e-07
 2.15686e-07
 1.98239e-07
 1.82704e-07
 1.68831e-07
 1.56404e-07
 1.45240e-07
 1.35182e-07
 1.26094e-07
 1.17861e-07
 5.37173e-07
 4.94480e-07
 4.52609e-07
 4.13047e-07
 3.76502e-07
 3.43214e-07
 3.13151e-07
 2.86138e-07
 2.61931e-07
 2.40262e-07
 2.20863e-07
 2.03485e-07
 1.87894e-07
 1.73885e-07
 1.61272e-07
 1.49893e-07
 1.39605e-07
 1.30282e-07
 1.21816e-07
 1.14110e-07
 4.45566e-07
 4.18543e-07
 3.89957e-07
 3.61417e-07
 3.33909e-07
 3.07983e-07
 2.83903e-07
 2.61753e-07
 2.41506e-07
 2.23070e-07
 2.06322e-07
 1.91125e-07
 1.77338e-07
 1.64827e-07
 1.53464e-07
 1.43132e-07
 1.33726e-07
 1.25150e-07
 1.17317e-07
 1.10152e-07
