scalar
part
         1
quad4
 6.38618e-07
 5.84432e-07
 5.31915e-07
 4.82712e-07
 4.37589e-07
 3.96767e-07
 3.60143e-07
 3.27447e-07
 2.98330e-07
 2.72424e-07
 2.49367e-07
 2.28826e-07
 2.10496e-07
 1.94107e-07
 1.79423e-07
 1.66234e-07
 1.54360e-07
 1.43645e-07
 1.33950e-07
 1.25159e-07
 7.51967e-07
 6.74975e-07
 6.03956e-07
 5.40027e-07
 4.83305e-07
 4.33384e-07
 3.89625e-07
 3.51321e-07
 3.17780e-07
 2.88366e-07
 2.62514e-07
 2.39731e-07
 2.19593e-07
 2.01738e-07
 1.85857e-07
 1.71686e-07
 1.59003e-07
 1.47615e-07
 1.37360e-07
 1.28099e-07
 8.84784e-07
 7.77121e-07
 6.82597e-07
 6.00841e-07
 5.30637e-07
 4.70500e-07
 4.18963e-07
 3.74700e-07
 3.36559e-07
 3.03567e-07
 2.74910e-07
 2.49911e-07
 2.28009e-07
 2.08739e-07
 1.91715e-07
 1.76616e-07
 1.63173e-07
 1.51159e-07
 1.40387e-07
 1.30695e-07
 1.03658e-06
 8.89022e-07
 7.65727e-07
 6.63222e-07
 5.77968e-07
 5.06819e-07
 4.47141e-07
 3.96793e-07
 3.54055e-07
 3.17553e-07
 2.86187e-07
 2.59078e-07
 2.35518e-07
 2.14932e-07
 1.96857e-07
 1.80911e-07
 1.66780e-07
 1.54205e-07
 1.42972e-07
 1.32898e-07
 1.20325e-06
 1.00634e-06
 8.49651e-07
 7.24271e-07
 6.23104e-07
 5.40703e-07
 4.72941e-07
 4.16695e-07
 3.69592e-07
 3.29814e-07
 2.95959e-07
 2.66938e-07
 2.41892e-07
 2.20142e-07
 2.01144e-07
 1.84462e-07
 1.69738e-07
 1.56684e-07
 1.45059e-07
 1.34664e-07
 1.37505e-06
 1.12151e-06
 9.28909e-07
 7.80142e-07
 6.63351e-07
 5.70260e-07
 4.95023e-07
 4.33446e-07
 3.82472e-07
 3.39839e-07
 3.03849e-07
 2.73207e-07
 2.46918e-07
 2.24204e-07
 2.04451e-07
 1.87171e-07
 1.71971e-07
 1.58534e-07
 1.46599e-07
 1.35953e-07
 1.53525e-06
 1.22369e-06
 9.96543e-07
 8.26336e-07
 6.95755e-07
 5.93514e-07
 5.12040e-07
 4.46112e-07
 3.92039e-07
 3.47159e-07
 3.09513e-07
 2.77634e-07
 2.50408e-07
 2.26976e-07
 2.06668e-07
 1.88955e-07
 1.73414e-07
 1.59706e-07
 1.47554e-07
 1.36733e-07
 1.66115e-06
 1.30004e-06
 1.04505e-06
 8.58321e-07
 7.17489e-07
 6.08649e-07
 5.22797e-07
 4.53886e-07
 3.97736e-07
 3.51382e-07
 3.12673e-07
 2.80015e-07
 2.52213e-07
 2.28348e-07
 2.07713e-07
 1.89750e-07
 1.74017e-07
 1.60160e-07
 1.47893e-07
 1.36982e-07
 1.72947e-06
 1.33864e-06
 1.06796e-06
 8.72395e-07
 7.26339e-07
 6.14294e-07
 5.26413e-07
 4.56189e-07
 3.99174e-07
 3.52241e-07
 3.13141e-07
 2.80219e-07
 2.52236e-07
 2.28250e-07
 2.07534e-07
 1.89518e-07
 1.73752e-07
 1.59876e-07
 1.47600e-07
 1.36686e-07
 1.72492e-06
 1.33230e-06
 1.06158e-06
 8.66545e-07
 7.21153e-07
 6.09758e-07
 5.22465e-07
 4.52753e-07
 3.96178e-07
 3.49621e-07
 3.10841e-07
 2.78192e-07
 2.50442e-07
 2.26657e-07
 2.06113e-07
 1.88246e-07
 1.72610e-07
 1.58847e-07
 1.46669e-07
 1.35842e-07
 1.64725e-06
 1.28117e-06
 1.02614e-06
 8.40966e-07
 7.02090e-07
 5.95171e-07
 5.11054e-07
 4.43659e-07
 3.88813e-07
 3.43573e-07
 3.05813e-07
 2.73967e-07
 2.46859e-07
 2.23591e-07
 2.03469e-07
 1.85951e-07
 1.70604e-07
 1.57084e-07
 1.45111e-07
 1.34459e-07
 1.51102e-06
 1.19261e-06
 9.65657e-07
 7.98016e-07
 6.70601e-07
 5.71465e-07
 4.92802e-07
 4.29333e-07
 3.77380e-07
 3.34314e-07
 2.98219e-07
 2.67666e-07
 2.41577e-07
 2.19122e-07
 1.99658e-07
 1.82675e-07
 1.67769e-07
 1.54615e-07
 1.42949e-07
 1.32554e-07
 1.33866e-06
 1.07841e-06
 8.86776e-07
 7.41634e-07
 6.29132e-07
 5.40214e-07
 4.68756e-07
 4.10492e-07
 3.62381e-07
 3.22205e-07
 2.88320e-07
 2.59483e-07
 2.34744e-07
 2.13365e-07
 1.94766e-07
 1.78487e-07
 1.64159e-07
 1.51484e-07
 1.40217e-07
 1.30158e-07
 1.15257e-06
 9.51354e-07
 7.97079e-07
 6.76497e-07
 5.80666e-07
 5.03383e-07
 4.40243e-07
 3.88055e-07
 3.44466e-07
 3.07713e-07
 2.76460e-07
 2.49674e-07
 2.26553e-07
 2.06466e-07
 1.88908e-07
 1.73478e-07
 1.59846e-07
 1.47747e-07
 1.36961e-07
 1.27306e-07
 9.70433e-07
 8.22534e-07
 7.03646e-07
 6.07212e-07
 5.28267e-07
 4.63051e-07
 4.08704e-07
 3.63038e-07
 3.24365e-07
 2.91373e-07
 2.63034e-07
 2.38536e-07
 2.17231e-07
 1.98600e-07
 1.82221e-07
 1.67753e-07
 1.54915e-07
 1.43474e-07
 1.33237e-07
 1.24044e-07
 8.03752e-07
 7.00110e-07
 6.12162e-07
 5.37735e-07
 4.74703e-07
 4.21175e-07
 3.75539e-07
 3.36456e-07
 3.02824e-07
 2.73738e-07
 2.48461e-07
 2.26388e-07
 2.07023e-07
 1.89957e-07
 1.74854e-07
 1.61432e-07
 1.49459e-07
 1.38739e-07
 1.29106e-07
 1.20423e-07
 6.58309e-07
 5.89098e-07
 5.26585e-07
 4.71071e-07
 4.22222e-07
 3.79427e-07
 3.41996e-07
 3.09245e-07
 2.80548e-07
 2.55345e-07
 2.33151e-07
 2.13547e-07
 1.96175e-07
 1.80733e-07
 1.66960e-07
 1.54638e-07
 1.43579e-07
 1.33623e-07
 1.24634e-07
 1.16495e-07
 5.35591e-07
 4.91826e-07
 4.49225e-07
 4.09224e-07
 3.72461e-07
 3.39113e-07
 3.09098e-07
 2.82204e-07
 2.58161e-07
 2.36682e-07
 2.17487e-07
 2.00315e-07
 1.84929e-07
 1.71118e-07
 1.58695e-07
 1.47495e-07
 1.37375e-07
 1.28209e-07
 1.19888e-07
 1.12318e-07
 4.34386e-07
 4.08670e-07
 3.81055e-07
 3.53305e-07
 3.26476e-07
 3.01153e-07
 2.77620e-07
 2.55970e-07
 2.36182e-07
 2.18168e-07
 2.01807e-07
 1.86966e-07
 1.73505e-07
 1.61293e-07
 1.50204e-07
 1.40122e-07
 1.30945e-07
 1.22578e-07
 1.14937e-07
 1.07947e-07
 3.52137e-07
 3.38793e-07
 3.22100e-07
 3.03728e-07
 2.84819e-07
 2.66119e-07
 2.48094e-07
 2.31013e-07
 2.15012e-07
 2.00142e-07
 1.86396e-07
 1.73735e-07
 1.62099e-07
 1.51419e-07
 1.41621e-07
 1.32632e-07
 1.24383e-07
 1.16808e-07
 1.09844e-07
 1.03437e-07
