scalar
part
         1
quad4
 6.48869e-07
 5.93367e-07
 5.39679e-07
 4.89451e-07
 4.43444e-07
 4.01862e-07
 3.64590e-07
 3.31341e-07
 3.01753e-07
 2.75443e-07
 2.52042e-07
 2.31204e-07
 2.12618e-07
 1.96009e-07
 1.81133e-07
 1.67777e-07
 1.55758e-07
 1.44914e-07
 1.35107e-07
 1.26215e-07
 7.63398e-07
 6.84746e-07
 6.12298e-07
 5.47157e-07
 4.89414e-07
 4.38638e-07
 3.94163e-07
 3.55259e-07
 3.21214e-07
 2.91375e-07
 2.65164e-07
 2.42075e-07
 2.21676e-07
 2.03598e-07
 1.87524e-07
 1.73186e-07
 1.60357e-07
 1.48843e-07
 1.38477e-07
 1.29118e-07
 8.97462e-07
 7.87719e-07
 6.91469e-07
 6.08296e-07
 5.36933e-07
 4.75848e-07
 4.23534e-07
 3.78631e-07
 3.39962e-07
 3.06530e-07
 2.77504e-07
 2.52195e-07
 2.30031e-07
 2.10538e-07
 1.93323e-07
 1.78059e-07
 1.64473e-07
 1.52336e-07
 1.41456e-07
 1.31669e-07
 1.05050e-06
 9.00364e-07
 7.75021e-07
 6.70893e-07
 5.84350e-07
 5.12173e-07
 4.51671e-07
 4.00656e-07
 3.57375e-07
 3.20426e-07
 2.88691e-07
 2.61274e-07
 2.37455e-07
 2.16651e-07
 1.98389e-07
 1.82283e-07
 1.68015e-07
 1.55321e-07
 1.43984e-07
 1.33820e-07
 1.21826e-06
 1.01823e-06
 8.59179e-07
 7.31992e-07
 6.29434e-07
 5.45951e-07
 4.77339e-07
 4.20417e-07
 3.72770e-07
 3.32551e-07
 2.98335e-07
 2.69015e-07
 2.43719e-07
 2.21759e-07
 2.02584e-07
 1.85749e-07
 1.70896e-07
 1.57729e-07
 1.46006e-07
 1.35526e-07
 1.39079e-06
 1.13362e-06
 9.38387e-07
 7.87689e-07
 6.69454e-07
 5.75267e-07
 4.99185e-07
 4.36946e-07
 3.85446e-07
 3.42391e-07
 3.06057e-07
 2.75133e-07
 2.48610e-07
 2.25699e-07
 2.05781e-07
 1.88360e-07
 1.73040e-07
 1.59499e-07
 1.47474e-07
 1.36749e-07
 1.55103e-06
 1.23549e-06
 1.00559e-06
 8.33428e-07
 7.01426e-07
 5.98129e-07
 5.15854e-07
 4.49305e-07
 3.94745e-07
 3.49475e-07
 3.11515e-07
 2.79379e-07
 2.51940e-07
 2.28331e-07
 2.07873e-07
 1.90033e-07
 1.74383e-07
 1.60581e-07
 1.48349e-07
 1.37457e-07
 1.67595e-06
 1.31083e-06
 1.05319e-06
 8.64639e-07
 7.22508e-07
 6.12717e-07
 5.26150e-07
 4.56690e-07
 4.00112e-07
 3.53417e-07
 3.14433e-07
 2.81551e-07
 2.53563e-07
 2.29544e-07
 2.08779e-07
 1.90705e-07
 1.74878e-07
 1.60939e-07
 1.48601e-07
 1.37628e-07
 1.74197e-06
 1.34764e-06
 1.07471e-06
 8.77623e-07
 7.30495e-07
 6.17668e-07
 5.29203e-07
 4.58531e-07
 4.01165e-07
 3.53954e-07
 3.14628e-07
 2.81522e-07
 2.53386e-07
 2.29273e-07
 2.08448e-07
 1.90340e-07
 1.74496e-07
 1.60552e-07
 1.48216e-07
 1.37250e-07
 1.73383e-06
 1.33879e-06
 1.06651e-06
 8.70417e-07
 7.24271e-07
 6.12322e-07
 5.24610e-07
 4.54573e-07
 3.97741e-07
 3.50978e-07
 3.12030e-07
 2.79242e-07
 2.51377e-07
 2.27494e-07
 2.06867e-07
 1.88928e-07
 1.73230e-07
 1.59414e-07
 1.47189e-07
 1.36320e-07
 1.65172e-06
 1.28469e-06
 1.02899e-06
 8.43318e-07
 7.04063e-07
 5.96852e-07
 5.12503e-07
 4.44921e-07
 3.89922e-07
 3.44555e-07
 3.06689e-07
 2.74754e-07
 2.47569e-07
 2.24235e-07
 2.04056e-07
 1.86488e-07
 1.71097e-07
 1.57538e-07
 1.45532e-07
 1.34848e-07
 1.51099e-06
 1.19311e-06
 9.66377e-07
 7.98812e-07
 6.71404e-07
 5.72242e-07
 4.93539e-07
 4.30024e-07
 3.78024e-07
 3.34913e-07
 2.98775e-07
 2.68183e-07
 2.42057e-07
 2.19569e-07
 2.00074e-07
 1.83064e-07
 1.68132e-07
 1.54955e-07
 1.43268e-07
 1.32854e-07
 1.33481e-06
 1.07622e-06
 8.85543e-07
 7.40972e-07
 6.28820e-07
 5.40122e-07
 4.68802e-07
 4.10626e-07
 3.62569e-07
 3.22426e-07
 2.88560e-07
 2.59732e-07
 2.34996e-07
 2.13616e-07
 1.95013e-07
 1.78728e-07
 1.64393e-07
 1.51710e-07
 1.40435e-07
 1.30368e-07
 1.14598e-06
 9.47062e-07
 7.94228e-07
 6.74577e-07
 5.79365e-07
 5.02502e-07
 4.39651e-07
 3.87667e-07
 3.44222e-07
 3.07574e-07
 2.76396e-07
 2.49665e-07
 2.26584e-07
 2.06525e-07
 1.88989e-07
 1.73573e-07
 1.59953e-07
 1.47861e-07
 1.37079e-07
 1.27427e-07
 9.62198e-07
 8.16796e-07
 6.99583e-07
 6.04293e-07
 5.26144e-07
 4.61491e-07
 4.07550e-07
 3.62181e-07
 3.23728e-07
 2.90901e-07
 2.62687e-07
 2.38284e-07
 2.17052e-07
 1.98477e-07
 1.82143e-07
 1.67709e-07
 1.54898e-07
 1.43478e-07
 1.33258e-07
 1.24078e-07
 7.94766e-07
 6.93526e-07
 6.07286e-07
 5.34085e-07
 4.71942e-07
 4.19065e-07
 3.73914e-07
 3.35196e-07
 3.01840e-07
 2.72968e-07
 2.47856e-07
 2.25912e-07
 2.06648e-07
 1.89664e-07
 1.74625e-07
 1.61255e-07
 1.49324e-07
 1.38638e-07
 1.29033e-07
 1.20372e-07
 6.49201e-07
 5.82141e-07
 5.21242e-07
 4.66939e-07
 4.19002e-07
 3.76898e-07
 3.39995e-07
 3.07652e-07
 2.79271e-07
 2.54317e-07
 2.32318e-07
 2.12870e-07
 1.95624e-07
 1.80283e-07
 1.66593e-07
 1.54338e-07
 1.43334e-07
 1.33423e-07
 1.24472e-07
 1.16365e-07
 5.26752e-07
 4.84834e-07
 4.43687e-07
 4.04821e-07
 3.68943e-07
 3.36286e-07
 3.06814e-07
 2.80348e-07
 2.56645e-07
 2.35437e-07
 2.16460e-07
 1.99464e-07
 1.84222e-07
 1.70528e-07
 1.58201e-07
 1.47081e-07
 1.37028e-07
 1.27917e-07
 1.19644e-07
 1.12112e-07
 4.26033e-07
 4.01864e-07
 3.75518e-07
 3.48795e-07
 3.22793e-07
 2.98135e-07
 2.75137e-07
 2.53918e-07
 2.34478e-07
 2.16747e-07
 2.00618e-07
 1.85966e-07
 1.72662e-07
 1.60579e-07
 1.49598e-07
 1.39607e-07
 1.30505e-07
 1.22202e-07
 1.14615e-07
 1.07671e-07
 3.44369e-07
 3.32305e-07
 3.16697e-07
 2.99233e-07
 2.81077e-07
 2.62999e-07
 2.45484e-07
 2.28824e-07
 2.13169e-07
 1.98585e-07
 1.85077e-07
 1.72613e-07
 1.61142e-07
 1.50599e-07
 1.40917e-07
 1.32027e-07
 1.23861e-07
 1.16356e-07
 1.09453e-07
 1.03097e-07
