scalar
part
         1
quad4
 5.75833e-07
 5.30942e-07
 4.86579e-07
 4.44374e-07
 4.05173e-07
 3.69318e-07
 3.36842e-07
 3.07601e-07
 2.81364e-07
 2.57861e-07
 2.36816e-07
 2.17962e-07
 2.01054e-07
 1.85868e-07
 1.72204e-07
 1.59885e-07
 1.48757e-07
 1.38681e-07
 1.29539e-07
 1.21226e-07
 6.81993e-07
 6.16803e-07
 5.55748e-07
 5.00081e-07
 4.50136e-07
 4.05745e-07
 3.66494e-07
 3.31868e-07
 3.01335e-07
 2.74391e-07
 2.50576e-07
 2.29481e-07
 2.10749e-07
 1.94070e-07
 1.79179e-07
 1.65846e-07
 1.53873e-07
 1.43093e-07
 1.33359e-07
 1.24546e-07
 8.07470e-07
 7.14683e-07
 6.32172e-07
 5.59994e-07
 4.97386e-07
 4.43268e-07
 3.96515e-07
 3.56068e-07
 3.20991e-07
 2.90472e-07
 2.63826e-07
 2.40471e-07
 2.19924e-07
 2.01777e-07
 1.85689e-07
 1.71375e-07
 1.58594e-07
 1.47142e-07
 1.36849e-07
 1.27567e-07
 9.52552e-07
 8.23425e-07
 7.14273e-07
 6.22569e-07
 5.45572e-07
 4.80768e-07
 4.26001e-07
 3.79486e-07
 3.39766e-07
 3.05660e-07
 2.76215e-07
 2.50657e-07
 2.28360e-07
 2.08812e-07
 1.91594e-07
 1.76360e-07
 1.62827e-07
 1.50756e-07
 1.39949e-07
 1.30239e-07
 1.11454e-06
 9.39727e-07
 7.99061e-07
 6.85359e-07
 5.92786e-07
 5.16783e-07
 4.53844e-07
 4.01279e-07
 3.57019e-07
 3.19464e-07
 2.87366e-07
 2.59746e-07
 2.35829e-07
 2.14997e-07
 1.96751e-07
 1.80690e-07
 1.66483e-07
 1.53861e-07
 1.42600e-07
 1.32513e-07
 1.28593e-06
 1.05741e-06
 8.81888e-07
 7.44984e-07
 6.36590e-07
 5.49558e-07
 4.78772e-07
 4.20520e-07
 3.72067e-07
 3.31375e-07
 2.96896e-07
 2.67447e-07
 2.42109e-07
 2.20159e-07
 2.01028e-07
 1.84257e-07
 1.69478e-07
 1.56390e-07
 1.44748e-07
 1.34347e-07
 1.45294e-06
 1.16717e-06
 9.56558e-07
 7.97305e-07
 6.74193e-07
 5.77181e-07
 4.99453e-07
 4.36265e-07
 3.84235e-07
 3.40901e-07
 3.04444e-07
 2.73491e-07
 2.46994e-07
 2.24144e-07
 2.04303e-07
 1.86969e-07
 1.71738e-07
 1.58286e-07
 1.46346e-07
 1.35702e-07
 1.59586e-06
 1.25732e-06
 1.01598e-06
 8.37896e-07
 7.02751e-07
 5.97777e-07
 5.14625e-07
 4.47647e-07
 3.92910e-07
 3.47607e-07
 3.09692e-07
 2.77643e-07
 2.50313e-07
 2.26819e-07
 2.06477e-07
 1.88748e-07
 1.73204e-07
 1.59501e-07
 1.47359e-07
 1.36550e-07
 1.69257e-06
 1.31597e-06
 1.05341e-06
 8.62752e-07
 7.19791e-07
 6.09768e-07
 5.23250e-07
 4.53966e-07
 3.97613e-07
 3.51154e-07
 3.12398e-07
 2.79729e-07
 2.51934e-07
 2.28088e-07
 2.07476e-07
 1.89539e-07
 1.73832e-07
 1.60001e-07
 1.47757e-07
 1.36868e-07
 1.72524e-06
 1.33415e-06
 1.06400e-06
 8.69092e-07
 7.23646e-07
 6.12117e-07
 5.24661e-07
 4.54781e-07
 3.98044e-07
 3.51336e-07
 3.12418e-07
 2.79644e-07
 2.51782e-07
 2.27894e-07
 2.07259e-07
 1.89309e-07
 1.73598e-07
 1.59768e-07
 1.47529e-07
 1.36646e-07
 1.68704e-06
 1.30860e-06
 1.04604e-06
 8.55984e-07
 7.13780e-07
 6.04504e-07
 5.18662e-07
 4.49969e-07
 3.94125e-07
 3.48102e-07
 3.09717e-07
 2.77365e-07
 2.49842e-07
 2.26229e-07
 2.05819e-07
 1.88056e-07
 1.72500e-07
 1.58800e-07
 1.46672e-07
 1.35884e-07
 1.58467e-06
 1.24275e-06
 1.00145e-06
 8.24560e-07
 6.90899e-07
 5.87386e-07
 5.05560e-07
 4.39743e-07
 3.86007e-07
 3.41561e-07
 3.04377e-07
 2.72955e-07
 2.46161e-07
 2.23128e-07
 2.03184e-07
 1.85800e-07
 1.70555e-07
 1.57113e-07
 1.45199e-07
 1.34591e-07
 1.43523e-06
 1.14548e-06
 9.35199e-07
 7.77749e-07
 6.56812e-07
 5.61926e-07
 4.86126e-07
 4.24628e-07
 3.74057e-07
 3.31975e-07
 2.96589e-07
 2.66554e-07
 2.40846e-07
 2.18673e-07
 1.99418e-07
 1.82592e-07
 1.67803e-07
 1.54736e-07
 1.43134e-07
 1.32787e-07
 1.26013e-06
 1.02853e-06
 8.54057e-07
 7.19654e-07
 6.14099e-07
 5.29801e-07
 4.61483e-07
 4.05396e-07
 3.58816e-07
 3.19733e-07
 2.86636e-07
 2.58372e-07
 2.34054e-07
 2.12984e-07
 1.94613e-07
 1.78503e-07
 1.64300e-07
 1.51716e-07
 1.40515e-07
 1.30503e-07
 1.07934e-06
 9.03626e-07
 7.65182e-07
 6.54781e-07
 5.65685e-07
 4.92959e-07
 4.32960e-07
 3.82972e-07
 3.40944e-07
 3.05311e-07
 2.74867e-07
 2.48671e-07
 2.25982e-07
 2.06212e-07
 1.88887e-07
 1.73627e-07
 1.60119e-07
 1.48110e-07
 1.37387e-07
 1.27775e-07
 9.07727e-07
 7.80461e-07
 6.74921e-07
 5.87354e-07
 5.14428e-07
 4.53370e-07
 4.01939e-07
 3.58342e-07
 3.21153e-07
 2.89234e-07
 2.61675e-07
 2.37746e-07
 2.16857e-07
 1.98531e-07
 1.82375e-07
 1.68068e-07
 1.55345e-07
 1.43986e-07
 1.33805e-07
 1.24649e-07
 7.54097e-07
 6.65711e-07
 5.88128e-07
 5.20850e-07
 4.62817e-07
 4.12827e-07
 3.69721e-07
 3.32462e-07
 3.00152e-07
 2.72031e-07
 2.47460e-07
 2.25903e-07
 2.06916e-07
 1.90126e-07
 1.75222e-07
 1.61944e-07
 1.50071e-07
 1.39419e-07
 1.29831e-07
 1.21174e-07
 6.22008e-07
 5.63084e-07
 5.07972e-07
 4.57791e-07
 4.12801e-07
 3.72814e-07
 3.37434e-07
 3.06188e-07
 2.78596e-07
 2.54207e-07
 2.32612e-07
 2.13447e-07
 1.96397e-07
 1.81186e-07
 1.67580e-07
 1.55373e-07
 1.44392e-07
 1.34487e-07
 1.25527e-07
 1.17402e-07
 5.11468e-07
 4.73926e-07
 4.36121e-07
 3.99761e-07
 3.65741e-07
 3.34452e-07
 3.05979e-07
 2.80237e-07
 2.57053e-07
 2.36211e-07
 2.17487e-07
 2.00660e-07
 1.85525e-07
 1.71892e-07
 1.59593e-07
 1.48476e-07
 1.38407e-07
 1.29270e-07
 1.20960e-07
 1.13388e-07
 4.20531e-07
 3.98007e-07
 3.73100e-07
 3.47550e-07
 3.22465e-07
 2.98503e-07
 2.76018e-07
 2.55168e-07
 2.35984e-07
 2.18422e-07
 2.02395e-07
 1.87796e-07
 1.74508e-07
 1.62413e-07
 1.51400e-07
 1.41365e-07
 1.32209e-07
 1.23846e-07
 1.16195e-07
 1.09186e-07
