scalar
part
         1
quad4
 5.37908e-07
 4.97928e-07
 4.57855e-07
 4.19361e-07
 3.83354e-07
 3.50237e-07
 3.20104e-07
 2.92871e-07
 2.68355e-07
 2.46331e-07
 2.26558e-07
 2.08804e-07
 1.92849e-07
 1.78491e-07
 1.65549e-07
 1.53863e-07
 1.43289e-07
 1.33703e-07
 1.24993e-07
 1.17063e-07
 6.40767e-07
 5.81487e-07
 5.25458e-07
 4.74039e-07
 4.27673e-07
 3.86295e-07
 3.49582e-07
 3.17097e-07
 2.88377e-07
 2.62972e-07
 2.40469e-07
 2.20497e-07
 2.02731e-07
 1.86886e-07
 1.72718e-07
 1.60013e-07
 1.48590e-07
 1.38292e-07
 1.28983e-07
 1.20545e-07
 7.63035e-07
 6.77280e-07
 6.00582e-07
 5.33198e-07
 4.74540e-07
 4.23685e-07
 3.79634e-07
 3.41436e-07
 3.08237e-07
 2.79296e-07
 2.53981e-07
 2.31757e-07
 2.12175e-07
 1.94855e-07
 1.79480e-07
 1.65783e-07
 1.53539e-07
 1.42556e-07
 1.32675e-07
 1.23756e-07
 9.05259e-07
 7.84358e-07
 6.81811e-07
 5.95412e-07
 5.22692e-07
 4.61351e-07
 4.09406e-07
 3.65204e-07
 3.27393e-07
 2.94873e-07
 2.66755e-07
 2.42314e-07
 2.20964e-07
 2.02223e-07
 1.85696e-07
 1.71059e-07
 1.58042e-07
 1.46421e-07
 1.36007e-07
 1.26643e-07
 1.06509e-06
 8.99685e-07
 7.66343e-07
 6.58371e-07
 5.70312e-07
 4.97895e-07
 4.37829e-07
 3.87588e-07
 3.45223e-07
 3.09226e-07
 2.78421e-07
 2.51881e-07
 2.28875e-07
 2.08814e-07
 1.91227e-07
 1.75730e-07
 1.62012e-07
 1.49814e-07
 1.38922e-07
 1.29160e-07
 1.23547e-06
 1.01740e-06
 8.49744e-07
 7.18833e-07
 6.15054e-07
 5.31619e-07
 4.63669e-07
 4.07681e-07
 3.61055e-07
 3.21852e-07
 2.88600e-07
 2.60170e-07
 2.35684e-07
 2.14455e-07
 1.95936e-07
 1.79690e-07
 1.65362e-07
 1.52665e-07
 1.41364e-07
 1.31261e-07
 1.40313e-06
 1.12852e-06
 9.26029e-07
 7.72786e-07
 6.54197e-07
 5.60648e-07
 4.85614e-07
 4.24551e-07
 3.74219e-07
 3.32260e-07
 2.96928e-07
 2.66905e-07
 2.41185e-07
 2.18987e-07
 1.99701e-07
 1.82840e-07
 1.68016e-07
 1.54916e-07
 1.43283e-07
 1.32907e-07
 1.54896e-06
 1.22172e-06
 9.88285e-07
 8.15890e-07
 6.84938e-07
 5.83125e-07
 5.02402e-07
 4.37323e-07
 3.84094e-07
 3.40005e-07
 3.03080e-07
 2.71847e-07
 2.45196e-07
 2.22273e-07
 2.02415e-07
 1.85100e-07
 1.69911e-07
 1.56515e-07
 1.44640e-07
 1.34066e-07
 1.65147e-06
 1.28535e-06
 1.02986e-06
 8.44158e-07
 7.04791e-07
 5.97447e-07
 5.12971e-07
 4.45276e-07
 3.90180e-07
 3.44732e-07
 3.06799e-07
 2.74808e-07
 2.47578e-07
 2.24208e-07
 2.03999e-07
 1.86407e-07
 1.70998e-07
 1.57424e-07
 1.45405e-07
 1.34713e-07
 1.69319e-06
 1.31048e-06
 1.04582e-06
 8.54721e-07
 7.12009e-07
 6.02510e-07
 5.16601e-07
 4.47926e-07
 3.92145e-07
 3.46208e-07
 3.07920e-07
 2.75667e-07
 2.48242e-07
 2.24724e-07
 2.04403e-07
 1.86723e-07
 1.71246e-07
 1.57620e-07
 1.45559e-07
 1.34834e-07
 1.66691e-06
 1.29346e-06
 1.03420e-06
 8.46438e-07
 7.05905e-07
 5.97885e-07
 5.13014e-07
 4.45089e-07
 3.89863e-07
 3.44346e-07
 3.06381e-07
 2.74381e-07
 2.47156e-07
 2.23798e-07
 2.03608e-07
 1.86036e-07
 1.70647e-07
 1.57095e-07
 1.45097e-07
 1.34424e-07
 1.57787e-06
 1.23692e-06
 9.96399e-07
 8.20127e-07
 6.86976e-07
 5.83888e-07
 5.02420e-07
 4.36909e-07
 3.83436e-07
 3.39218e-07
 3.02234e-07
 2.70988e-07
 2.44348e-07
 2.21453e-07
 2.01632e-07
 1.84357e-07
 1.69211e-07
 1.55858e-07
 1.44025e-07
 1.33490e-07
 1.44124e-06
 1.14871e-06
 9.36799e-07
 7.78353e-07
 6.56796e-07
 5.61521e-07
 4.85477e-07
 4.23830e-07
 3.73171e-07
 3.31043e-07
 2.95639e-07
 2.65604e-07
 2.39908e-07
 2.17756e-07
 1.98526e-07
 1.81728e-07
 1.66969e-07
 1.53933e-07
 1.42363e-07
 1.32046e-07
 1.27685e-06
 1.03967e-06
 8.61638e-07
 7.24880e-07
 6.17724e-07
 5.32312e-07
 4.63205e-07
 4.06549e-07
 3.59556e-07
 3.20169e-07
 2.86847e-07
 2.58416e-07
 2.33973e-07
 2.12811e-07
 1.94371e-07
 1.78211e-07
 1.63971e-07
 1.51361e-07
 1.40142e-07
 1.30119e-07
 1.10387e-06
 9.20976e-07
 7.77697e-07
 6.63960e-07
 5.72509e-07
 4.98086e-07
 4.36843e-07
 3.85929e-07
 3.43201e-07
 3.07035e-07
 2.76180e-07
 2.49664e-07
 2.26724e-07
 2.06756e-07
 1.89274e-07
 1.73889e-07
 1.60281e-07
 1.48192e-07
 1.37405e-07
 1.27741e-07
 9.37184e-07
 8.02171e-07
 6.91169e-07
 5.99685e-07
 5.23903e-07
 4.60730e-07
 4.07710e-07
 3.62904e-07
 3.24782e-07
 2.92136e-07
 2.64006e-07
 2.39623e-07
 2.18372e-07
 1.99753e-07
 1.83360e-07
 1.68860e-07
 1.55979e-07
 1.44489e-07
 1.34200e-07
 1.24954e-07
 7.86027e-07
 6.90086e-07
 6.06930e-07
 5.35506e-07
 4.74357e-07
 4.21997e-07
 3.77071e-07
 3.38398e-07
 3.04980e-07
 2.75981e-07
 2.50708e-07
 2.28587e-07
 2.09142e-07
 1.91978e-07
 1.76767e-07
 1.63234e-07
 1.51150e-07
 1.40322e-07
 1.30586e-07
 1.21804e-07
 6.54590e-07
 5.88737e-07
 5.28295e-07
 4.74007e-07
 4.25837e-07
 3.83371e-07
 3.46044e-07
 3.13257e-07
 2.84437e-07
 2.59061e-07
 2.36665e-07
 2.16849e-07
 1.99263e-07
 1.83611e-07
 1.69638e-07
 1.57125e-07
 1.45888e-07
 1.35765e-07
 1.26622e-07
 1.18341e-07
 5.43472e-07
 4.99821e-07
 4.57133e-07
 4.16883e-07
 3.79765e-07
 3.46001e-07
 3.15542e-07
 2.88201e-07
 2.63719e-07
 2.41820e-07
 2.22228e-07
 2.04686e-07
 1.88957e-07
 1.74829e-07
 1.62115e-07
 1.50648e-07
 1.40284e-07
 1.30896e-07
 1.22372e-07
 1.14615e-07
 4.51204e-07
 4.23425e-07
 3.94169e-07
 3.65049e-07
 3.37044e-07
 3.10694e-07
 2.86255e-07
 2.63801e-07
 2.43296e-07
 2.24641e-07
 2.07707e-07
 1.92350e-07
 1.78427e-07
 1.65798e-07
 1.54334e-07
 1.43914e-07
 1.34432e-07
 1.25788e-07
 1.17897e-07
 1.10680e-07
