scalar
part
         1
quad4
 3.82970e-07
 3.64857e-07
 3.44061e-07
 3.22215e-07
 3.00395e-07
 2.79270e-07
 2.59228e-07
 2.40473e-07
 2.23080e-07
 2.07050e-07
 1.92335e-07
 1.78861e-07
 1.66541e-07
 1.55282e-07
 1.44994e-07
 1.35587e-07
 1.26981e-07
 1.19098e-07
 1.11871e-07
 1.05234e-07
 4.67971e-07
 4.36402e-07
 4.03926e-07
 3.72189e-07
 3.42111e-07
 3.14149e-07
 2.88471e-07
 2.65075e-07
 2.43860e-07
 2.24675e-07
 2.07350e-07
 1.91709e-07
 1.77583e-07
 1.64814e-07
 1.53257e-07
 1.42780e-07
 1.33267e-07
 1.24614e-07
 1.16727e-07
 1.09526e-07
 5.71725e-07
 5.20856e-07
 4.72587e-07
 4.28100e-07
 3.87795e-07
 3.51645e-07
 3.19406e-07
 2.90739e-07
 2.65273e-07
 2.42644e-07
 2.22515e-07
 2.04578e-07
 1.88564e-07
 1.74231e-07
 1.61374e-07
 1.49810e-07
 1.39383e-07
 1.29958e-07
 1.21416e-07
 1.13657e-07
 6.96394e-07
 6.18736e-07
 5.49785e-07
 4.89372e-07
 4.36781e-07
 3.91112e-07
 3.51454e-07
 3.16965e-07
 2.86897e-07
 2.60606e-07
 2.37539e-07
 2.17230e-07
 1.99285e-07
 1.83372e-07
 1.69211e-07
 1.56566e-07
 1.45237e-07
 1.35055e-07
 1.25874e-07
 1.17573e-07
 8.42558e-07
 7.29224e-07
 6.34256e-07
 5.54710e-07
 4.87905e-07
 4.31561e-07
 3.83800e-07
 3.43093e-07
 3.08204e-07
 2.78136e-07
 2.52083e-07
 2.29391e-07
 2.09528e-07
 1.92059e-07
 1.76625e-07
 1.62932e-07
 1.50734e-07
 1.39826e-07
 1.30036e-07
 1.21220e-07
 1.00784e-06
 8.49451e-07
 7.23380e-07
 6.21938e-07
 5.39434e-07
 4.71643e-07
 4.15401e-07
 3.68317e-07
 3.28569e-07
 2.94751e-07
 2.65769e-07
 2.40766e-07
 2.19059e-07
 2.00105e-07
 1.83467e-07
 1.68787e-07
 1.55775e-07
 1.44191e-07
 1.33836e-07
 1.24544e-07
 1.18535e-06
 9.73856e-07
 8.12938e-07
 6.87934e-07
 5.89078e-07
 5.09673e-07
 4.45013e-07
 3.91714e-07
 3.47300e-07
 3.09927e-07
 2.78198e-07
 2.51045e-07
 2.27638e-07
 2.07324e-07
 1.89588e-07
 1.74013e-07
 1.60266e-07
 1.48074e-07
 1.37211e-07
 1.27494e-07
 1.36265e-06
 1.09393e-06
 8.97145e-07
 7.48743e-07
 6.34101e-07
 5.43737e-07
 4.71276e-07
 4.12303e-07
 3.63682e-07
 3.23133e-07
 2.88971e-07
 2.59928e-07
 2.35034e-07
 2.13537e-07
 1.94848e-07
 1.78500e-07
 1.64120e-07
 1.51404e-07
 1.40106e-07
 1.30024e-07
 1.52181e-06
 1.19868e-06
 9.69102e-07
 7.99921e-07
 6.71573e-07
 5.71857e-07
 4.92828e-07
 4.29127e-07
 3.77028e-07
 3.33871e-07
 2.97722e-07
 2.67139e-07
 2.41037e-07
 2.18581e-07
 1.99122e-07
 1.82149e-07
 1.67257e-07
 1.54119e-07
 1.42469e-07
 1.32092e-07
 1.64158e-06
 1.27614e-06
 1.02175e-06
 8.37139e-07
 6.98743e-07
 5.92229e-07
 5.08454e-07
 4.41348e-07
 3.86747e-07
 3.41717e-07
 3.04137e-07
 2.72447e-07
 2.45474e-07
 2.22324e-07
 2.02307e-07
 1.84880e-07
 1.69615e-07
 1.56167e-07
 1.44260e-07
 1.33665e-07
 1.70216e-06
 1.31590e-06
 1.04924e-06
 8.56935e-07
 7.13468e-07
 6.03478e-07
 5.17241e-07
 4.48342e-07
 3.92405e-07
 3.46358e-07
 3.07991e-07
 2.75683e-07
 2.48217e-07
 2.24669e-07
 2.04327e-07
 1.86634e-07
 1.71146e-07
 1.57513e-07
 1.45448e-07
 1.34720e-07
 1.69206e-06
 1.31218e-06
 1.04842e-06
 8.57466e-07
 7.14616e-07
 6.04877e-07
 5.18705e-07
 4.49777e-07
 3.93766e-07
 3.47626e-07
 3.09160e-07
 2.76754e-07
 2.49195e-07
 2.25562e-07
 2.05142e-07
 1.87377e-07
 1.71825e-07
 1.58134e-07
 1.46017e-07
 1.35242e-07
 1.61361e-06
 1.26597e-06
 1.01974e-06
 8.38953e-07
 7.02292e-07
 5.96473e-07
 5.12864e-07
 4.45657e-07
 3.90828e-07
 3.45514e-07
 3.07635e-07
 2.75652e-07
 2.48401e-07
 2.24995e-07
 2.04743e-07
 1.87103e-07
 1.71645e-07
 1.58025e-07
 1.45961e-07
 1.35226e-07
 1.48252e-06
 1.18492e-06
 9.67237e-07
 8.03652e-07
 6.77824e-07
 5.79080e-07
 5.00234e-07
 4.36318e-07
 3.83813e-07
 3.40173e-07
 3.03522e-07
 2.72451e-07
 2.45888e-07
 2.23006e-07
 2.03158e-07
 1.85833e-07
 1.70623e-07
 1.57198e-07
 1.45290e-07
 1.34680e-07
 1.32124e-06
 1.08069e-06
 8.97357e-07
 7.55315e-07
 6.43490e-07
 5.54130e-07
 4.81743e-07
 4.22377e-07
 3.73144e-07
 3.31899e-07
 2.97028e-07
 2.67301e-07
 2.41765e-07
 2.19677e-07
 2.00449e-07
 1.83614e-07
 1.68793e-07
 1.55680e-07
 1.44025e-07
 1.33621e-07
 1.15116e-06
 9.65557e-07
 8.17352e-07
 6.98373e-07
 6.02081e-07
 5.23435e-07
 4.58598e-07
 4.04658e-07
 3.59392e-07
 3.21094e-07
 2.88445e-07
 2.60414e-07
 2.36189e-07
 2.15125e-07
 1.96705e-07
 1.80513e-07
 1.66208e-07
 1.53513e-07
 1.42198e-07
 1.32073e-07
 9.87821e-07
 8.49693e-07
 7.33817e-07
 6.37134e-07
 5.56456e-07
 4.88923e-07
 4.32123e-07
 3.84084e-07
 3.43213e-07
 3.08234e-07
 2.78120e-07
 2.52049e-07
 2.29354e-07
 2.09497e-07
 1.92038e-07
 1.76617e-07
 1.62937e-07
 1.50750e-07
 1.39853e-07
 1.30072e-07
 8.40078e-07
 7.40078e-07
 6.51852e-07
 5.75223e-07
 5.09176e-07
 4.52410e-07
 4.03616e-07
 3.61593e-07
 3.25292e-07
 2.93821e-07
 2.66428e-07
 2.42487e-07
 2.21475e-07
 2.02959e-07
 1.86578e-07
 1.72028e-07
 1.59058e-07
 1.47455e-07
 1.37039e-07
 1.27658e-07
 7.11476e-07
 6.40623e-07
 5.74849e-07
 5.15336e-07
 4.62301e-07
 4.15445e-07
 3.74235e-07
 3.38052e-07
 3.06282e-07
 2.78351e-07
 2.53747e-07
 2.32019e-07
 2.12777e-07
 1.95686e-07
 1.80460e-07
 1.66854e-07
 1.54659e-07
 1.43696e-07
 1.33812e-07
 1.24877e-07
 6.02187e-07
 5.52887e-07
 5.04689e-07
 4.59233e-07
 4.17325e-07
 3.79241e-07
 3.44942e-07
 3.14216e-07
 2.86769e-07
 2.62282e-07
 2.40434e-07
 2.20925e-07
 2.03480e-07
 1.87853e-07
 1.73826e-07
 1.61207e-07
 1.49830e-07
 1.39547e-07
 1.30233e-07
 1.21776e-07
