scalar
part
         1
quad4
 6.38195e-07
 5.84732e-07
 5.32787e-07
 4.84008e-07
 4.39183e-07
 3.98554e-07
 3.62043e-07
 3.29398e-07
 3.00289e-07
 2.74359e-07
 2.51258e-07
 2.30657e-07
 2.12259e-07
 1.95798e-07
 1.81038e-07
 1.67775e-07
 1.55828e-07
 1.45041e-07
 1.35278e-07
 1.26421e-07
 7.51474e-07
 6.75443e-07
 6.05134e-07
 5.41698e-07
 4.85292e-07
 4.35555e-07
 3.91884e-07
 3.53600e-07
 3.20033e-07
 2.90562e-07
 2.64634e-07
 2.41764e-07
 2.21533e-07
 2.03584e-07
 1.87608e-07
 1.73346e-07
 1.60575e-07
 1.49103e-07
 1.38769e-07
 1.29433e-07
 8.84345e-07
 7.77936e-07
 6.84263e-07
 6.03044e-07
 5.33148e-07
 4.73158e-07
 4.21661e-07
 3.77367e-07
 3.39151e-07
 3.06057e-07
 2.77284e-07
 2.52163e-07
 2.30139e-07
 2.10749e-07
 1.93609e-07
 1.78400e-07
 1.64852e-07
 1.52742e-07
 1.41878e-07
 1.32102e-07
 1.03649e-06
 8.90497e-07
 7.68153e-07
 6.66175e-07
 5.81167e-07
 5.10085e-07
 4.50365e-07
 3.99910e-07
 3.57029e-07
 3.20367e-07
 2.88837e-07
 2.61565e-07
 2.37847e-07
 2.17112e-07
 1.98897e-07
 1.82820e-07
 1.68568e-07
 1.55882e-07
 1.44545e-07
 1.34376e-07
 1.20410e-06
 1.00898e-06
 8.53224e-07
 7.28251e-07
 6.27185e-07
 5.44710e-07
 4.76781e-07
 4.20322e-07
 3.72988e-07
 3.32979e-07
 2.98901e-07
 2.69669e-07
 2.44427e-07
 2.22496e-07
 2.03332e-07
 1.86497e-07
 1.71635e-07
 1.58454e-07
 1.46712e-07
 1.36212e-07
 1.37791e-06
 1.12607e-06
 9.34128e-07
 7.85475e-07
 6.68522e-07
 5.75140e-07
 4.99562e-07
 4.37635e-07
 3.86323e-07
 3.43374e-07
 3.07094e-07
 2.76189e-07
 2.49661e-07
 2.26731e-07
 2.06784e-07
 1.89330e-07
 1.73973e-07
 1.60394e-07
 1.48331e-07
 1.37568e-07
 1.54173e-06
 1.23114e-06
 1.00398e-06
 8.33352e-07
 7.02207e-07
 5.99377e-07
 5.17341e-07
 4.50897e-07
 3.96362e-07
 3.51071e-07
 3.13062e-07
 2.80863e-07
 2.53354e-07
 2.29673e-07
 2.09143e-07
 1.91233e-07
 1.75516e-07
 1.61651e-07
 1.49359e-07
 1.38411e-07
 1.67325e-06
 1.31138e-06
 1.05521e-06
 8.67282e-07
 7.25355e-07
 6.15559e-07
 5.28886e-07
 4.59274e-07
 4.02528e-07
 3.55664e-07
 3.16517e-07
 2.83482e-07
 2.55353e-07
 2.31204e-07
 2.10320e-07
 1.92139e-07
 1.76213e-07
 1.62185e-07
 1.49766e-07
 1.38718e-07
 1.74887e-06
 1.35457e-06
 1.08113e-06
 8.83404e-07
 7.35642e-07
 6.22239e-07
 5.33267e-07
 4.62154e-07
 4.04408e-07
 3.56867e-07
 3.17257e-07
 2.83904e-07
 2.55553e-07
 2.31251e-07
 2.10260e-07
 1.92006e-07
 1.76031e-07
 1.61972e-07
 1.49532e-07
 1.38474e-07
 1.75197e-06
 1.35279e-06
 1.07764e-06
 8.79464e-07
 7.31771e-07
 6.18638e-07
 5.30000e-07
 4.59227e-07
 4.01799e-07
 3.54547e-07
 3.15193e-07
 2.82065e-07
 2.53911e-07
 2.29781e-07
 2.08942e-07
 1.90820e-07
 1.74961e-07
 1.61003e-07
 1.48653e-07
 1.37674e-07
 1.68029e-06
 1.30525e-06
 1.04447e-06
 8.55398e-07
 7.13751e-07
 6.04793e-07
 5.19132e-07
 4.50539e-07
 3.94744e-07
 3.48739e-07
 3.10355e-07
 2.77992e-07
 2.50450e-07
 2.26815e-07
 2.06381e-07
 1.88593e-07
 1.73012e-07
 1.59288e-07
 1.47137e-07
 1.36326e-07
 1.54686e-06
 1.21857e-06
 9.85282e-07
 8.13355e-07
 6.82914e-07
 5.81565e-07
 5.01238e-07
 4.36485e-07
 3.83522e-07
 3.39647e-07
 3.02893e-07
 2.71797e-07
 2.45255e-07
 2.22418e-07
 2.02628e-07
 1.85366e-07
 1.70219e-07
 1.56855e-07
 1.45005e-07
 1.34448e-07
 1.37384e-06
 1.10435e-06
 9.06575e-07
 7.57186e-07
 6.41647e-07
 5.50491e-07
 4.77340e-07
 4.17768e-07
 3.68625e-07
 3.27622e-07
 2.93063e-07
 2.63672e-07
 2.38470e-07
 2.16701e-07
 1.97771e-07
 1.81208e-07
 1.66635e-07
 1.53746e-07
 1.42292e-07
 1.32068e-07
 1.18452e-06
 9.75686e-07
 8.16051e-07
 6.91615e-07
 5.92951e-07
 5.13539e-07
 4.48766e-07
 3.95302e-07
 3.50699e-07
 3.13130e-07
 2.81209e-07
 2.53871e-07
 2.30289e-07
 2.09812e-07
 1.91923e-07
 1.76208e-07
 1.62330e-07
 1.50017e-07
 1.39043e-07
 1.29223e-07
 9.97845e-07
 8.44255e-07
 7.21072e-07
 6.21388e-07
 5.39962e-07
 4.72827e-07
 4.16976e-07
 3.70116e-07
 3.30483e-07
 2.96709e-07
 2.67727e-07
 2.42693e-07
 2.20938e-07
 2.01925e-07
 1.85220e-07
 1.70471e-07
 1.57390e-07
 1.45737e-07
 1.35314e-07
 1.25957e-07
 8.26382e-07
 7.18811e-07
 6.27649e-07
 5.50643e-07
 4.85550e-07
 4.30372e-07
 3.83409e-07
 3.43249e-07
 3.08736e-07
 2.78923e-07
 2.53040e-07
 2.30459e-07
 2.10663e-07
 1.93231e-07
 1.77813e-07
 1.64119e-07
 1.51909e-07
 1.40981e-07
 1.31167e-07
 1.22322e-07
 6.76557e-07
 6.04803e-07
 5.40018e-07
 4.82557e-07
 4.32072e-07
 3.87916e-07
 3.49354e-07
 3.15663e-07
 2.86181e-07
 2.60320e-07
 2.37569e-07
 2.17493e-07
 1.99719e-07
 1.83930e-07
 1.69858e-07
 1.57275e-07
 1.45988e-07
 1.35832e-07
 1.26667e-07
 1.18372e-07
 5.50122e-07
 5.04810e-07
 4.60681e-07
 4.19272e-07
 3.81261e-07
 3.46827e-07
 3.15879e-07
 2.88187e-07
 2.63463e-07
 2.41401e-07
 2.21707e-07
 2.04105e-07
 1.88348e-07
 1.74215e-07
 1.61511e-07
 1.50066e-07
 1.39730e-07
 1.30373e-07
 1.21884e-07
 1.14163e-07
 4.45905e-07
 4.19313e-07
 3.90720e-07
 3.61991e-07
 3.34240e-07
 3.08077e-07
 2.83796e-07
 2.61486e-07
 2.41119e-07
 2.22601e-07
 2.05801e-07
 1.90575e-07
 1.76779e-07
 1.64272e-07
 1.52923e-07
 1.42614e-07
 1.33234e-07
 1.24687e-07
 1.16886e-07
 1.09752e-07
 3.61273e-07
 3.47488e-07
 3.30203e-07
 3.11177e-07
 2.91609e-07
 2.72278e-07
 2.53666e-07
 2.36051e-07
 2.19571e-07
 2.04272e-07
 1.90146e-07
 1.77147e-07
 1.65212e-07
 1.54265e-07
 1.44231e-07
 1.35033e-07
 1.26596e-07
 1.18853e-07
 1.11739e-07
 1.05196e-07
