scalar
part
         1
quad4
 5.01487e-07
 4.66852e-07
 4.31431e-07
 3.96916e-07
 3.64272e-07
 3.33980e-07
 3.06213e-07
 2.80958e-07
 2.58098e-07
 2.37462e-07
 2.18857e-07
 2.02089e-07
 1.86969e-07
 1.73321e-07
 1.60986e-07
 1.49820e-07
 1.39694e-07
 1.30494e-07
 1.22120e-07
 1.14483e-07
 6.00610e-07
 5.47991e-07
 4.97558e-07
 4.50773e-07
 4.08215e-07
 3.69956e-07
 3.35796e-07
 3.05405e-07
 2.78409e-07
 2.54428e-07
 2.33107e-07
 2.14121e-07
 1.97182e-07
 1.82034e-07
 1.68456e-07
 1.56254e-07
 1.45261e-07
 1.35331e-07
 1.26341e-07
 1.18180e-07
 7.19178e-07
 6.41652e-07
 5.71591e-07
 5.09509e-07
 4.55075e-07
 4.07588e-07
 3.66231e-07
 3.30199e-07
 2.98751e-07
 2.71237e-07
 2.47090e-07
 2.25830e-07
 2.07046e-07
 1.90394e-07
 1.75581e-07
 1.62359e-07
 1.50518e-07
 1.39880e-07
 1.30294e-07
 1.21630e-07
 8.58157e-07
 7.47242e-07
 6.52383e-07
 5.71892e-07
 5.03724e-07
 4.45912e-07
 3.96723e-07
 3.54693e-07
 3.18609e-07
 2.87474e-07
 2.60476e-07
 2.36949e-07
 2.16349e-07
 1.98230e-07
 1.82223e-07
 1.68021e-07
 1.55373e-07
 1.44064e-07
 1.33918e-07
 1.24784e-07
 1.01590e-06
 8.62234e-07
 7.37479e-07
 6.35833e-07
 5.52483e-07
 4.83614e-07
 4.26256e-07
 3.78106e-07
 3.37375e-07
 3.02671e-07
 2.72899e-07
 2.47194e-07
 2.24866e-07
 2.05364e-07
 1.88239e-07
 1.73128e-07
 1.59734e-07
 1.47810e-07
 1.37152e-07
 1.27589e-07
 1.18641e-06
 9.81422e-07
 8.22831e-07
 6.98312e-07
 5.99131e-07
 5.19065e-07
 4.53629e-07
 3.99546e-07
 3.54387e-07
 3.16328e-07
 2.83980e-07
 2.56272e-07
 2.32371e-07
 2.11618e-07
 1.93491e-07
 1.77569e-07
 1.63513e-07
 1.51045e-07
 1.39937e-07
 1.30000e-07
 1.35778e-06
 1.09653e-06
 9.02802e-07
 7.55486e-07
 6.41022e-07
 5.50418e-07
 4.77535e-07
 4.18076e-07
 3.68960e-07
 3.27940e-07
 2.93341e-07
 2.63900e-07
 2.38645e-07
 2.16825e-07
 1.97847e-07
 1.81241e-07
 1.66629e-07
 1.53706e-07
 1.42223e-07
 1.31973e-07
 1.51218e-06
 1.19674e-06
 9.70663e-07
 8.03056e-07
 6.75340e-07
 5.75784e-07
 4.96680e-07
 4.32790e-07
 3.80451e-07
 3.37041e-07
 3.00640e-07
 2.69821e-07
 2.43497e-07
 2.20838e-07
 2.01195e-07
 1.84055e-07
 1.69011e-07
 1.55736e-07
 1.43963e-07
 1.33474e-07
 1.62864e-06
 1.27041e-06
 1.01962e-06
 8.36888e-07
 6.99472e-07
 5.93461e-07
 5.09923e-07
 4.42906e-07
 3.88310e-07
 3.43238e-07
 3.05592e-07
 2.73824e-07
 2.46769e-07
 2.23538e-07
 2.03442e-07
 1.85940e-07
 1.70604e-07
 1.57091e-07
 1.45123e-07
 1.34473e-07
 1.68856e-06
 1.30780e-06
 1.04422e-06
 8.53749e-07
 7.11426e-07
 6.02173e-07
 5.16423e-07
 4.47854e-07
 3.92142e-07
 3.46252e-07
 3.07996e-07
 2.75764e-07
 2.48351e-07
 2.24841e-07
 2.04524e-07
 1.86847e-07
 1.71370e-07
 1.57742e-07
 1.45680e-07
 1.34952e-07
 1.68180e-06
 1.30368e-06
 1.04157e-06
 8.51965e-07
 7.10178e-07
 6.01273e-07
 5.15756e-07
 4.47348e-07
 3.91752e-07
 3.45945e-07
 3.07750e-07
 2.75565e-07
 2.48189e-07
 2.24707e-07
 2.04412e-07
 1.86753e-07
 1.71290e-07
 1.57674e-07
 1.45621e-07
 1.34900e-07
 1.61000e-06
 1.25887e-06
 1.01209e-06
 8.31763e-07
 6.95861e-07
 5.90840e-07
 5.07973e-07
 4.41422e-07
 3.87160e-07
 3.42332e-07
 3.04868e-07
 2.73238e-07
 2.46289e-07
 2.23140e-07
 2.03109e-07
 1.85659e-07
 1.70366e-07
 1.56887e-07
 1.44947e-07
 1.34321e-07
 1.48577e-06
 1.17981e-06
 9.59344e-07
 7.95210e-07
 6.69733e-07
 5.71670e-07
 4.93592e-07
 4.30425e-07
 3.78607e-07
 3.35581e-07
 2.99469e-07
 2.68869e-07
 2.42715e-07
 2.20189e-07
 2.00651e-07
 1.83595e-07
 1.68620e-07
 1.55401e-07
 1.43674e-07
 1.33223e-07
 1.32828e-06
 1.07675e-06
 8.89123e-07
 7.45762e-07
 6.33936e-07
 5.45138e-07
 4.73523e-07
 4.14972e-07
 3.66522e-07
 3.25997e-07
 2.91773e-07
 2.62619e-07
 2.37589e-07
 2.15945e-07
 1.97108e-07
 1.80615e-07
 1.66095e-07
 1.53247e-07
 1.41826e-07
 1.31629e-07
 1.15752e-06
 9.61035e-07
 8.08182e-07
 6.87584e-07
 5.91128e-07
 5.12990e-07
 4.48942e-07
 3.95875e-07
 3.51473e-07
 3.13986e-07
 2.82076e-07
 2.54709e-07
 2.31074e-07
 2.10533e-07
 1.92575e-07
 1.76791e-07
 1.62848e-07
 1.50472e-07
 1.39441e-07
 1.29567e-07
 9.89769e-07
 8.42830e-07
 7.22964e-07
 6.24857e-07
 5.44082e-07
 4.77103e-07
 4.21146e-07
 3.74047e-07
 3.34116e-07
 3.00026e-07
 2.70730e-07
 2.45399e-07
 2.23369e-07
 2.04104e-07
 1.87172e-07
 1.72218e-07
 1.58952e-07
 1.47134e-07
 1.36565e-07
 1.27076e-07
 8.35638e-07
 7.29699e-07
 6.38734e-07
 5.61233e-07
 4.95346e-07
 4.39275e-07
 3.91419e-07
 3.50416e-07
 3.15128e-07
 2.84618e-07
 2.58112e-07
 2.34978e-07
 2.14693e-07
 1.96828e-07
 1.81028e-07
 1.66998e-07
 1.54490e-07
 1.43299e-07
 1.33251e-07
 1.24199e-07
 7.00310e-07
 6.26305e-07
 5.59203e-07
 4.99531e-07
 4.47025e-07
 4.01067e-07
 3.60921e-07
 3.25848e-07
 2.95163e-07
 2.68257e-07
 2.44600e-07
 2.23734e-07
 2.05272e-07
 1.88883e-07
 1.74286e-07
 1.61242e-07
 1.49551e-07
 1.39038e-07
 1.29558e-07
 1.20983e-07
 5.85027e-07
 5.34829e-07
 4.86576e-07
 4.41668e-07
 4.00683e-07
 3.63723e-07
 3.30625e-07
 3.01100e-07
 2.74808e-07
 2.51402e-07
 2.30551e-07
 2.11951e-07
 1.95329e-07
 1.80445e-07
 1.67085e-07
 1.55066e-07
 1.44227e-07
 1.34427e-07
 1.25547e-07
 1.17480e-07
 4.88689e-07
 4.55688e-07
 4.21839e-07
 3.88752e-07
 3.57360e-07
 3.28141e-07
 3.01281e-07
 2.76787e-07
 2.54561e-07
 2.34453e-07
 2.16289e-07
 1.99887e-07
 1.85073e-07
 1.71683e-07
 1.59564e-07
 1.48580e-07
 1.38609e-07
 1.29541e-07
 1.21280e-07
 1.13739e-07
