scalar
part
         1
quad4
 5.78069e-07
 5.31338e-07
 4.85546e-07
 4.42269e-07
 4.02292e-07
 3.65898e-07
 3.33066e-07
 3.03612e-07
 2.77268e-07
 2.53735e-07
 2.32717e-07
 2.13931e-07
 1.97119e-07
 1.82046e-07
 1.68508e-07
 1.56322e-07
 1.45329e-07
 1.35388e-07
 1.26380e-07
 1.18197e-07
 6.82464e-07
 6.15325e-07
 5.52849e-07
 4.96192e-07
 4.45597e-07
 4.00813e-07
 3.61357e-07
 3.26663e-07
 2.96157e-07
 2.69307e-07
 2.45629e-07
 2.24698e-07
 2.06148e-07
 1.89659e-07
 1.74959e-07
 1.61815e-07
 1.50028e-07
 1.39427e-07
 1.29865e-07
 1.21216e-07
 8.05258e-07
 7.10537e-07
 6.26749e-07
 5.53795e-07
 4.90774e-07
 4.36501e-07
 3.89767e-07
 3.49455e-07
 3.14584e-07
 2.84317e-07
 2.57943e-07
 2.34872e-07
 2.14606e-07
 1.96735e-07
 1.80914e-07
 1.66854e-07
 1.54314e-07
 1.43090e-07
 1.33010e-07
 1.23929e-07
 9.46335e-07
 8.15542e-07
 7.05494e-07
 6.13424e-07
 5.36412e-07
 4.71812e-07
 4.17380e-07
 3.71270e-07
 3.31987e-07
 2.98326e-07
 2.69317e-07
 2.44180e-07
 2.22281e-07
 2.03107e-07
 1.86238e-07
 1.71330e-07
 1.58098e-07
 1.46306e-07
 1.35757e-07
 1.26286e-07
 1.10245e-06
 9.26710e-07
 7.85909e-07
 6.72542e-07
 5.80559e-07
 5.05270e-07
 4.43087e-07
 3.91274e-07
 3.47735e-07
 3.10856e-07
 2.79385e-07
 2.52343e-07
 2.28954e-07
 2.08604e-07
 1.90798e-07
 1.75138e-07
 1.61297e-07
 1.49008e-07
 1.38051e-07
 1.28244e-07
 1.26542e-06
 1.03753e-06
 8.63198e-07
 7.27714e-07
 6.20776e-07
 5.35139e-07
 4.65645e-07
 4.08566e-07
 3.61170e-07
 3.21420e-07
 2.87784e-07
 2.59085e-07
 2.34416e-07
 2.13065e-07
 1.94469e-07
 1.78179e-07
 1.63832e-07
 1.51134e-07
 1.39844e-07
 1.29763e-07
 1.42081e-06
 1.13845e-06
 9.31121e-07
 7.74838e-07
 6.54327e-07
 5.59566e-07
 4.83774e-07
 4.22251e-07
 3.71653e-07
 3.29558e-07
 2.94174e-07
 2.64156e-07
 2.38478e-07
 2.16347e-07
 1.97141e-07
 1.80369e-07
 1.65638e-07
 1.52632e-07
 1.41093e-07
 1.30809e-07
 1.54859e-06
 1.21786e-06
 9.82755e-07
 8.09653e-07
 6.78513e-07
 5.76789e-07
 4.96300e-07
 4.31524e-07
 3.78626e-07
 3.34872e-07
 2.98271e-07
 2.67347e-07
 2.40986e-07
 2.18333e-07
 1.98724e-07
 1.81639e-07
 1.66662e-07
 1.53461e-07
 1.41767e-07
 1.31358e-07
 1.62732e-06
 1.26449e-06
 1.01182e-06
 8.28488e-07
 6.91093e-07
 5.85396e-07
 5.02302e-07
 4.35774e-07
 3.81669e-07
 3.37070e-07
 2.99867e-07
 2.68509e-07
 2.41830e-07
 2.18942e-07
 1.99159e-07
 1.81943e-07
 1.66869e-07
 1.53594e-07
 1.41843e-07
 1.31391e-07
 1.64136e-06
 1.27066e-06
 1.01424e-06
 8.29046e-07
 6.90714e-07
 5.84556e-07
 5.01254e-07
 4.34655e-07
 3.80553e-07
 3.35995e-07
 2.98853e-07
 2.67563e-07
 2.40954e-07
 2.18135e-07
 1.98417e-07
 1.81261e-07
 1.66242e-07
 1.53017e-07
 1.41312e-07
 1.30903e-07
 1.58726e-06
 1.23484e-06
 9.89280e-07
 8.10952e-07
 6.77177e-07
 5.74163e-07
 4.93102e-07
 4.28141e-07
 3.75266e-07
 3.31645e-07
 2.95231e-07
 2.64515e-07
 2.38365e-07
 2.15916e-07
 1.96501e-07
 1.79596e-07
 1.64785e-07
 1.51736e-07
 1.40180e-07
 1.29896e-07
 1.47492e-06
 1.16203e-06
 9.39697e-07
 7.75829e-07
 6.51489e-07
 5.54869e-07
 4.78279e-07
 4.16532e-07
 3.66020e-07
 3.24173e-07
 2.89113e-07
 2.59448e-07
 2.34125e-07
 2.12336e-07
 1.93453e-07
 1.76980e-07
 1.62525e-07
 1.49770e-07
 1.38460e-07
 1.28384e-07
 1.32289e-06
 1.06199e-06
 8.70959e-07
 7.26918e-07
 6.15657e-07
 5.27963e-07
 4.57645e-07
 4.00414e-07
 3.53226e-07
 3.13872e-07
 2.80714e-07
 2.52523e-07
 2.28356e-07
 2.07486e-07
 1.89341e-07
 1.73468e-07
 1.59504e-07
 1.47155e-07
 1.36183e-07
 1.26390e-07
 1.15182e-06
 9.46266e-07
 7.89862e-07
 6.68378e-07
 5.72321e-07
 4.95175e-07
 4.32362e-07
 3.80589e-07
 3.37450e-07
 3.01149e-07
 2.70333e-07
 2.43960e-07
 2.21225e-07
 2.01495e-07
 1.84266e-07
 1.69138e-07
 1.55784e-07
 1.43940e-07
 1.33387e-07
 1.23946e-07
 9.79570e-07
 8.25713e-07
 7.03168e-07
 6.04541e-07
 5.24326e-07
 4.58420e-07
 4.03748e-07
 3.57983e-07
 3.19352e-07
 2.86487e-07
 2.58323e-07
 2.34026e-07
 2.12933e-07
 1.94516e-07
 1.78348e-07
 1.64084e-07
 1.51440e-07
 1.40183e-07
 1.30121e-07
 1.21091e-07
 8.18722e-07
 7.08836e-07
 6.16613e-07
 5.39305e-07
 4.74357e-07
 4.19572e-07
 3.73131e-07
 3.33551e-07
 2.99630e-07
 2.70398e-07
 2.45071e-07
 2.23013e-07
 2.03705e-07
 1.86724e-07
 1.71723e-07
 1.58413e-07
 1.46557e-07
 1.35955e-07
 1.26439e-07
 1.17870e-07
 6.76297e-07
 6.01244e-07
 5.34418e-07
 4.75774e-07
 4.24679e-07
 3.80288e-07
 3.41731e-07
 3.08196e-07
 2.78960e-07
 2.53395e-07
 2.30966e-07
 2.11220e-07
 1.93773e-07
 1.78302e-07
 1.64534e-07
 1.52241e-07
 1.41228e-07
 1.31329e-07
 1.22404e-07
 1.14334e-07
 5.54787e-07
 5.05861e-07
 4.59222e-07
 4.16123e-07
 3.77015e-07
 3.41905e-07
 3.10578e-07
 2.82712e-07
 2.57953e-07
 2.35951e-07
 2.16378e-07
 1.98937e-07
 1.83365e-07
 1.69429e-07
 1.56927e-07
 1.45684e-07
 1.35546e-07
 1.26382e-07
 1.18077e-07
 1.10533e-07
 4.53693e-07
 4.23551e-07
 3.92313e-07
 3.61655e-07
 3.32527e-07
 3.05406e-07
 2.80477e-07
 2.57748e-07
 2.37131e-07
 2.18482e-07
 2.01639e-07
 1.86432e-07
 1.72697e-07
 1.60281e-07
 1.49043e-07
 1.38856e-07
 1.29606e-07
 1.21191e-07
 1.13523e-07
 1.06521e-07
 3.70923e-07
 3.53843e-07
 3.33973e-07
 3.12959e-07
 2.91886e-07
 2.71435e-07
 2.52004e-07
 2.33801e-07
 2.16910e-07
 2.01336e-07
 1.87035e-07
 1.73938e-07
 1.61961e-07
 1.51015e-07
 1.41011e-07
 1.31865e-07
 1.23496e-07
 1.15832e-07
 1.08804e-07
 1.02351e-07
