scalar
part
         1
quad4
 3.38454e-07
 3.27717e-07
 3.13158e-07
 2.96517e-07
 2.79002e-07
 2.61421e-07
 2.44295e-07
 2.27935e-07
 2.12517e-07
 1.98117e-07
 1.84753e-07
 1.72402e-07
 1.61020e-07
 1.50548e-07
 1.40921e-07
 1.32074e-07
 1.23942e-07
 1.16464e-07
 1.09581e-07
 1.03241e-07
 4.20192e-07
 3.97523e-07
 3.72312e-07
 3.46443e-07
 3.21081e-07
 2.96904e-07
 2.74268e-07
 2.53323e-07
 2.34090e-07
 2.16517e-07
 2.00507e-07
 1.85946e-07
 1.72712e-07
 1.60681e-07
 1.49739e-07
 1.39778e-07
 1.30698e-07
 1.22411e-07
 1.14835e-07
 1.07898e-07
 5.21298e-07
 4.81011e-07
 4.41033e-07
 4.03005e-07
 3.67729e-07
 3.35505e-07
 3.06346e-07
 2.80107e-07
 2.56568e-07
 2.35480e-07
 2.16590e-07
 1.99657e-07
 1.84459e-07
 1.70797e-07
 1.58491e-07
 1.47384e-07
 1.37338e-07
 1.28232e-07
 1.19958e-07
 1.12425e-07
 6.44600e-07
 5.79199e-07
 5.19414e-07
 4.65862e-07
 4.18433e-07
 3.76675e-07
 3.40007e-07
 3.07824e-07
 2.79551e-07
 2.54668e-07
 2.32716e-07
 2.13296e-07
 1.96065e-07
 1.80730e-07
 1.67040e-07
 1.54780e-07
 1.43769e-07
 1.33849e-07
 1.24886e-07
 1.16767e-07
 7.91666e-07
 6.91924e-07
 6.06603e-07
 5.33967e-07
 4.72173e-07
 4.19508e-07
 3.74484e-07
 3.35837e-07
 3.02517e-07
 2.73657e-07
 2.48542e-07
 2.26586e-07
 2.07305e-07
 1.90299e-07
 1.75237e-07
 1.61843e-07
 1.49888e-07
 1.39177e-07
 1.29549e-07
 1.20866e-07
 9.61418e-07
 8.17056e-07
 7.00377e-07
 6.05351e-07
 5.27316e-07
 4.62696e-07
 4.08742e-07
 3.63335e-07
 3.24832e-07
 2.91950e-07
 2.63679e-07
 2.39220e-07
 2.17934e-07
 1.99308e-07
 1.82925e-07
 1.68446e-07
 1.55593e-07
 1.44134e-07
 1.33877e-07
 1.24664e-07
 1.14841e-06
 9.49690e-07
 7.96796e-07
 6.76988e-07
 5.81589e-07
 5.04537e-07
 4.41511e-07
 3.89364e-07
 3.45775e-07
 3.08997e-07
 2.77703e-07
 2.50868e-07
 2.27695e-07
 2.07554e-07
 1.89943e-07
 1.74461e-07
 1.60780e-07
 1.48634e-07
 1.37803e-07
 1.28105e-07
 1.34118e-06
 1.08158e-06
 8.90072e-07
 7.44836e-07
 6.32150e-07
 5.43020e-07
 4.71346e-07
 4.12877e-07
 3.64575e-07
 3.24225e-07
 2.90182e-07
 2.61203e-07
 2.36336e-07
 2.14841e-07
 1.96138e-07
 1.79764e-07
 1.65351e-07
 1.52598e-07
 1.41261e-07
 1.31137e-07
 1.52156e-06
 1.20126e-06
 9.72873e-07
 8.04117e-07
 6.75824e-07
 5.75985e-07
 4.96752e-07
 4.32815e-07
 3.80472e-07
 3.37079e-07
 3.00705e-07
 2.69914e-07
 2.43620e-07
 2.20987e-07
 2.01366e-07
 1.84246e-07
 1.69218e-07
 1.55957e-07
 1.44194e-07
 1.33713e-07
 1.66598e-06
 1.29533e-06
 1.03725e-06
 8.49926e-07
 7.09478e-07
 6.01372e-07
 5.16337e-07
 4.48215e-07
 3.92784e-07
 3.47066e-07
 3.08910e-07
 2.76732e-07
 2.49343e-07
 2.25835e-07
 2.05507e-07
 1.87809e-07
 1.72305e-07
 1.58648e-07
 1.46554e-07
 1.35794e-07
 1.75056e-06
 1.35125e-06
 1.07615e-06
 8.78086e-07
 7.30520e-07
 6.17511e-07
 5.28986e-07
 4.58314e-07
 4.00975e-07
 3.53801e-07
 3.14516e-07
 2.81448e-07
 2.53347e-07
 2.29264e-07
 2.08466e-07
 1.90380e-07
 1.74554e-07
 1.60626e-07
 1.48303e-07
 1.37347e-07
 1.75974e-06
 1.36112e-06
 1.08523e-06
 8.86047e-07
 7.37376e-07
 6.23385e-07
 5.34023e-07
 4.62646e-07
 4.04716e-07
 3.57048e-07
 3.17348e-07
 2.83929e-07
 2.55532e-07
 2.31197e-07
 2.10183e-07
 1.91912e-07
 1.75926e-07
 1.61858e-07
 1.49414e-07
 1.38353e-07
 1.69358e-06
 1.32459e-06
 1.06413e-06
 8.73503e-07
 7.29804e-07
 6.18810e-07
 5.31302e-07
 4.61097e-07
 4.03919e-07
 3.56736e-07
 3.17349e-07
 2.84132e-07
 2.55862e-07
 2.31604e-07
 2.10634e-07
 1.92384e-07
 1.76404e-07
 1.62333e-07
 1.49878e-07
 1.38802e-07
 1.56783e-06
 1.24900e-06
 1.01656e-06
 8.42449e-07
 7.08933e-07
 6.04447e-07
 5.21228e-07
 4.53921e-07
 3.98744e-07
 3.52969e-07
 3.14589e-07
 2.82102e-07
 2.54367e-07
 2.30505e-07
 2.09832e-07
 1.91805e-07
 1.75994e-07
 1.62051e-07
 1.49695e-07
 1.38694e-07
 1.40645e-06
 1.14655e-06
 9.49106e-07
 7.96643e-07
 6.76998e-07
 5.81677e-07
 5.04677e-07
 4.41689e-07
 3.89575e-07
 3.46010e-07
 3.09249e-07
 2.77967e-07
 2.51139e-07
 2.27968e-07
 2.07826e-07
 1.90212e-07
 1.74724e-07
 1.61036e-07
 1.48882e-07
 1.38042e-07
 1.23269e-06
 1.03041e-06
 8.69462e-07
 7.40715e-07
 6.36874e-07
 5.52338e-07
 4.82857e-07
 4.25215e-07
 3.76968e-07
 3.36246e-07
 3.01607e-07
 2.71927e-07
 2.46325e-07
 2.24101e-07
 2.04698e-07
 1.87666e-07
 1.72640e-07
 1.59322e-07
 1.47466e-07
 1.36868e-07
 1.06370e-06
 9.11701e-07
 7.84756e-07
 6.79271e-07
 5.91585e-07
 5.18447e-07
 4.57138e-07
 4.05444e-07
 3.61590e-07
 3.24155e-07
 2.92007e-07
 2.64235e-07
 2.40112e-07
 2.19045e-07
 2.00555e-07
 1.84249e-07
 1.69807e-07
 1.56960e-07
 1.45487e-07
 1.35202e-07
 9.09475e-07
 7.98198e-07
 7.00600e-07
 6.16259e-07
 5.43889e-07
 4.81942e-07
 4.28891e-07
 3.83358e-07
 3.44149e-07
 3.10254e-07
 2.80831e-07
 2.55178e-07
 2.32716e-07
 2.12964e-07
 1.95523e-07
 1.80061e-07
 1.66301e-07
 1.54010e-07
 1.42993e-07
 1.33085e-07
 7.74287e-07
 6.94379e-07
 6.20804e-07
 5.54664e-07
 4.96045e-07
 4.44503e-07
 3.99362e-07
 3.59881e-07
 3.25335e-07
 2.95062e-07
 2.68473e-07
 2.45055e-07
 2.24369e-07
 2.06038e-07
 1.89743e-07
 1.75210e-07
 1.62209e-07
 1.50541e-07
 1.40039e-07
 1.30559e-07
 6.58716e-07
 6.02190e-07
 5.47563e-07
 4.96488e-07
 4.49722e-07
 4.07467e-07
 3.69600e-07
 3.35827e-07
 3.05779e-07
 2.79066e-07
 2.55309e-07
 2.34159e-07
 2.15299e-07
 1.98447e-07
 1.83357e-07
 1.69811e-07
 1.57622e-07
 1.46628e-07
 1.36686e-07
 1.27675e-07
