scalar
part
         1
quad4
 4.33624e-07
 4.08198e-07
 3.81022e-07
 3.53708e-07
 3.27250e-07
 3.02218e-07
 2.78897e-07
 2.57391e-07
 2.37689e-07
 2.19717e-07
 2.03365e-07
 1.88505e-07
 1.75008e-07
 1.62747e-07
 1.51599e-07
 1.41455e-07
 1.32212e-07
 1.23778e-07
 1.16070e-07
 1.09016e-07
 5.23828e-07
 4.83156e-07
 4.43010e-07
 4.04898e-07
 3.69565e-07
 3.37283e-07
 3.08057e-07
 2.81741e-07
 2.58115e-07
 2.36933e-07
 2.17945e-07
 2.00912e-07
 1.85617e-07
 1.71860e-07
 1.59463e-07
 1.48270e-07
 1.38143e-07
 1.28961e-07
 1.20617e-07
 1.13019e-07
 6.32772e-07
 5.70665e-07
 5.13296e-07
 4.61505e-07
 4.15358e-07
 3.74531e-07
 3.38537e-07
 3.06839e-07
 2.78912e-07
 2.54275e-07
 2.32495e-07
 2.13192e-07
 1.96040e-07
 1.80756e-07
 1.67095e-07
 1.54851e-07
 1.43845e-07
 1.33923e-07
 1.24954e-07
 1.16825e-07
 7.62073e-07
 6.70775e-07
 5.91263e-07
 5.22693e-07
 4.63784e-07
 4.13194e-07
 3.69675e-07
 3.32130e-07
 2.99625e-07
 2.71371e-07
 2.46710e-07
 2.25098e-07
 2.06077e-07
 1.89271e-07
 1.74362e-07
 1.61088e-07
 1.49225e-07
 1.38588e-07
 1.29018e-07
 1.20381e-07
 9.11399e-07
 7.81996e-07
 6.75190e-07
 5.86866e-07
 5.13487e-07
 4.52164e-07
 4.00584e-07
 3.56913e-07
 3.19697e-07
 2.87781e-07
 2.60245e-07
 2.36352e-07
 2.15507e-07
 1.97228e-07
 1.81121e-07
 1.66864e-07
 1.54191e-07
 1.42880e-07
 1.32746e-07
 1.23635e-07
 1.07699e-06
 9.00592e-07
 7.61936e-07
 6.51546e-07
 5.62564e-07
 4.89996e-07
 4.30170e-07
 3.80355e-07
 3.38494e-07
 3.03020e-07
 2.72723e-07
 2.46664e-07
 2.24101e-07
 2.04446e-07
 1.87228e-07
 1.72066e-07
 1.58649e-07
 1.46723e-07
 1.36077e-07
 1.26537e-07
 1.25019e-06
 1.02006e-06
 8.46798e-07
 7.13375e-07
 6.08612e-07
 5.24960e-07
 4.57177e-07
 4.01537e-07
 3.55335e-07
 3.16576e-07
 2.83758e-07
 2.55737e-07
 2.31631e-07
 2.10748e-07
 1.92544e-07
 1.76582e-07
 1.62511e-07
 1.50046e-07
 1.38953e-07
 1.29039e-07
 1.41675e-06
 1.13114e-06
 9.23713e-07
 7.68312e-07
 6.48896e-07
 5.55173e-07
 4.80284e-07
 4.19516e-07
 3.69539e-07
 3.27949e-07
 2.92976e-07
 2.63291e-07
 2.37883e-07
 2.15969e-07
 1.96940e-07
 1.80312e-07
 1.65698e-07
 1.52786e-07
 1.41322e-07
 1.31099e-07
 1.55791e-06
 1.22275e-06
 9.85906e-07
 8.12084e-07
 6.80640e-07
 5.78782e-07
 4.98228e-07
 4.33412e-07
 3.80479e-07
 3.36688e-07
 3.00047e-07
 2.69079e-07
 2.42670e-07
 2.19967e-07
 2.00306e-07
 1.83169e-07
 1.68140e-07
 1.54887e-07
 1.43141e-07
 1.32683e-07
 1.65364e-06
 1.28389e-06
 1.02698e-06
 8.40816e-07
 7.01405e-07
 5.94205e-07
 5.09950e-07
 4.42500e-07
 3.87647e-07
 3.42428e-07
 3.04706e-07
 2.72905e-07
 2.45846e-07
 2.22628e-07
 2.02556e-07
 1.85086e-07
 1.69785e-07
 1.56308e-07
 1.44377e-07
 1.33763e-07
 1.68779e-06
 1.30614e-06
 1.04226e-06
 8.51748e-07
 7.09493e-07
 6.00355e-07
 5.14734e-07
 4.46294e-07
 3.90706e-07
 3.44931e-07
 3.06778e-07
 2.74641e-07
 2.47314e-07
 2.23881e-07
 2.03634e-07
 1.86019e-07
 1.70599e-07
 1.57023e-07
 1.45007e-07
 1.34321e-07
 1.65370e-06
 1.28614e-06
 1.02991e-06
 8.43826e-07
 7.04262e-07
 5.96823e-07
 5.12309e-07
 4.44609e-07
 3.89526e-07
 3.44101e-07
 3.06196e-07
 2.74236e-07
 2.47036e-07
 2.23696e-07
 2.03516e-07
 1.85951e-07
 1.70568e-07
 1.57018e-07
 1.45022e-07
 1.34351e-07
 1.55739e-06
 1.22691e-06
 9.91557e-07
 8.17971e-07
 6.86258e-07
 5.83946e-07
 5.02890e-07
 4.37584e-07
 3.84200e-07
 3.40004e-07
 3.03004e-07
 2.71720e-07
 2.45034e-07
 2.22088e-07
 2.02215e-07
 1.84890e-07
 1.69697e-07
 1.56299e-07
 1.44425e-07
 1.33853e-07
 1.41576e-06
 1.13702e-06
 9.31879e-07
 7.76890e-07
 6.57121e-07
 5.62756e-07
 4.87145e-07
 4.25667e-07
 3.75033e-07
 3.32852e-07
 2.97353e-07
 2.67204e-07
 2.41388e-07
 2.19117e-07
 1.99774e-07
 1.82870e-07
 1.68013e-07
 1.54886e-07
 1.43233e-07
 1.32842e-07
 1.25041e-06
 1.02804e-06
 8.57446e-07
 7.24494e-07
 6.19275e-07
 5.34805e-07
 4.66101e-07
 4.09552e-07
 3.62507e-07
 3.22984e-07
 2.89486e-07
 2.60865e-07
 2.36230e-07
 2.14883e-07
 1.96270e-07
 1.79949e-07
 1.65561e-07
 1.52815e-07
 1.41474e-07
 1.31339e-07
 1.08090e-06
 9.11471e-07
 7.75216e-07
 6.65124e-07
 5.75507e-07
 5.01933e-07
 4.40999e-07
 3.90097e-07
 3.47225e-07
 3.10834e-07
 2.79721e-07
 2.52937e-07
 2.29736e-07
 2.09518e-07
 1.91804e-07
 1.76205e-07
 1.62402e-07
 1.50134e-07
 1.39185e-07
 1.29375e-07
 9.20967e-07
 7.96531e-07
 6.91288e-07
 6.02840e-07
 5.28557e-07
 4.66019e-07
 4.13149e-07
 3.68228e-07
 3.29853e-07
 2.96888e-07
 2.68414e-07
 2.43688e-07
 2.22107e-07
 2.03178e-07
 1.86497e-07
 1.71733e-07
 1.58610e-07
 1.46901e-07
 1.36414e-07
 1.26988e-07
 7.78065e-07
 6.89321e-07
 6.10235e-07
 5.40960e-07
 4.80811e-07
 4.28779e-07
 3.83795e-07
 3.44855e-07
 3.11063e-07
 2.81645e-07
 2.55944e-07
 2.33405e-07
 2.13564e-07
 1.96032e-07
 1.80481e-07
 1.66637e-07
 1.54270e-07
 1.43184e-07
 1.33215e-07
 1.24221e-07
 6.54827e-07
 5.93072e-07
 5.34985e-07
 4.81877e-07
 4.34136e-07
 3.91641e-07
 3.54022e-07
 3.20801e-07
 2.91481e-07
 2.65585e-07
 2.42679e-07
 2.22374e-07
 2.04332e-07
 1.88257e-07
 1.73895e-07
 1.61028e-07
 1.49469e-07
 1.39054e-07
 1.29645e-07
 1.21123e-07
 5.50885e-07
 5.08878e-07
 4.67060e-07
 4.27089e-07
 3.89843e-07
 3.55694e-07
 3.24706e-07
 2.96763e-07
 2.71658e-07
 2.49143e-07
 2.28962e-07
 2.10867e-07
 1.94624e-07
 1.80025e-07
 1.66879e-07
 1.55019e-07
 1.44297e-07
 1.34584e-07
 1.25766e-07
 1.17743e-07
