scalar
part
         1
quad4
 4.51926e-07
 4.24459e-07
 3.95294e-07
 3.66142e-07
 3.38042e-07
 3.11573e-07
 2.87013e-07
 2.64444e-07
 2.43836e-07
 2.25093e-07
 2.08084e-07
 1.92664e-07
 1.78689e-07
 1.66017e-07
 1.54516e-07
 1.44068e-07
 1.34561e-07
 1.25897e-07
 1.17989e-07
 1.10759e-07
 5.45676e-07
 5.02049e-07
 4.59190e-07
 4.18689e-07
 3.81305e-07
 3.47291e-07
 3.16612e-07
 2.89083e-07
 2.64445e-07
 2.42418e-07
 2.22721e-07
 2.05094e-07
 1.89295e-07
 1.75111e-07
 1.62351e-07
 1.50847e-07
 1.40453e-07
 1.31039e-07
 1.22494e-07
 1.14721e-07
 6.58810e-07
 5.92474e-07
 5.31456e-07
 4.76614e-07
 4.27957e-07
 3.85084e-07
 3.47425e-07
 3.14372e-07
 2.85339e-07
 2.59794e-07
 2.37265e-07
 2.17341e-07
 1.99671e-07
 1.83951e-07
 1.69923e-07
 1.57366e-07
 1.46092e-07
 1.35940e-07
 1.26773e-07
 1.18472e-07
 7.92839e-07
 6.95611e-07
 6.11310e-07
 5.38944e-07
 4.77049e-07
 4.24109e-07
 3.78735e-07
 3.39718e-07
 3.06034e-07
 2.76830e-07
 2.51397e-07
 2.29151e-07
 2.09608e-07
 1.92366e-07
 1.77093e-07
 1.63510e-07
 1.51386e-07
 1.40525e-07
 1.30762e-07
 1.21958e-07
 9.47057e-07
 8.09621e-07
 6.96761e-07
 6.03895e-07
 5.27095e-07
 4.63173e-07
 4.09599e-07
 3.64381e-07
 3.25951e-07
 2.93071e-07
 2.64762e-07
 2.40242e-07
 2.18883e-07
 2.00180e-07
 1.83719e-07
 1.69166e-07
 1.56241e-07
 1.44716e-07
 1.34398e-07
 1.25128e-07
 1.11689e-06
 9.30190e-07
 7.84292e-07
 6.68751e-07
 5.76046e-07
 5.00740e-07
 4.38868e-07
 3.87497e-07
 3.44435e-07
 3.08019e-07
 2.76975e-07
 2.50315e-07
 2.27264e-07
 2.07208e-07
 1.89657e-07
 1.74216e-07
 1.60564e-07
 1.48438e-07
 1.37621e-07
 1.27932e-07
 1.29230e-06
 1.05002e-06
 8.68757e-07
 7.29908e-07
 6.21364e-07
 5.35009e-07
 4.65246e-07
 4.08124e-07
 3.60794e-07
 3.21158e-07
 2.87649e-07
 2.59076e-07
 2.34523e-07
 2.13275e-07
 1.94767e-07
 1.78552e-07
 1.64268e-07
 1.51621e-07
 1.40372e-07
 1.30324e-07
 1.45729e-06
 1.15902e-06
 9.43697e-07
 7.83143e-07
 6.60232e-07
 5.64057e-07
 4.87398e-07
 4.25318e-07
 3.74348e-07
 3.31992e-07
 2.96415e-07
 2.66249e-07
 2.40451e-07
 2.18219e-07
 1.98925e-07
 1.82076e-07
 1.67275e-07
 1.54204e-07
 1.42604e-07
 1.32263e-07
 1.59166e-06
 1.24560e-06
 1.00217e-06
 8.24141e-07
 6.89877e-07
 5.86055e-07
 5.04085e-07
 4.38220e-07
 3.84490e-07
 3.40082e-07
 3.02954e-07
 2.71595e-07
 2.44869e-07
 2.21903e-07
 2.02025e-07
 1.84704e-07
 1.69519e-07
 1.56134e-07
 1.44273e-07
 1.33715e-07
 1.67535e-06
 1.29896e-06
 1.03800e-06
 8.49199e-07
 7.07988e-07
 5.99507e-07
 5.14311e-07
 4.46148e-07
 3.90744e-07
 3.45090e-07
 3.07018e-07
 2.74933e-07
 2.47638e-07
 2.24224e-07
 2.03987e-07
 1.86375e-07
 1.70953e-07
 1.57372e-07
 1.45349e-07
 1.34655e-07
 1.69435e-06
 1.31184e-06
 1.04715e-06
 8.55937e-07
 7.13098e-07
 6.03476e-07
 5.17456e-07
 4.48683e-07
 3.92818e-07
 3.46808e-07
 3.08457e-07
 2.76150e-07
 2.48678e-07
 2.25118e-07
 2.04762e-07
 1.87051e-07
 1.71547e-07
 1.57895e-07
 1.45814e-07
 1.35069e-07
 1.64551e-06
 1.28259e-06
 1.02869e-06
 8.43804e-07
 7.04861e-07
 5.97735e-07
 5.13366e-07
 4.45717e-07
 3.90633e-07
 3.45178e-07
 3.07228e-07
 2.75215e-07
 2.47961e-07
 2.24567e-07
 2.04335e-07
 1.86720e-07
 1.71289e-07
 1.57696e-07
 1.45659e-07
 1.34950e-07
 1.53801e-06
 1.21581e-06
 9.85088e-07
 8.14201e-07
 6.84111e-07
 5.82800e-07
 5.02372e-07
 4.37466e-07
 3.84337e-07
 3.40302e-07
 3.03402e-07
 2.72179e-07
 2.45526e-07
 2.22595e-07
 2.02726e-07
 1.85396e-07
 1.70193e-07
 1.56782e-07
 1.44893e-07
 1.34304e-07
 1.39008e-06
 1.12091e-06
 9.21557e-07
 7.70170e-07
 6.52703e-07
 5.59843e-07
 4.85238e-07
 4.24444e-07
 3.74279e-07
 3.32425e-07
 2.97155e-07
 2.67167e-07
 2.41465e-07
 2.19274e-07
 1.99987e-07
 1.83120e-07
 1.68288e-07
 1.55178e-07
 1.43534e-07
 1.33146e-07
 1.22276e-06
 1.00946e-06
 8.44788e-07
 7.15753e-07
 6.13169e-07
 5.30503e-07
 4.63052e-07
 4.07390e-07
 3.60977e-07
 3.21912e-07
 2.88749e-07
 2.60375e-07
 2.35923e-07
 2.14712e-07
 1.96201e-07
 1.79956e-07
 1.65625e-07
 1.52923e-07
 1.41613e-07
 1.31501e-07
 1.05418e-06
 8.92415e-07
 7.61547e-07
 6.55241e-07
 5.68302e-07
 4.96639e-07
 4.37083e-07
 3.87186e-07
 3.45054e-07
 3.09214e-07
 2.78514e-07
 2.52044e-07
 2.29081e-07
 2.09048e-07
 1.91476e-07
 1.75986e-07
 1.62268e-07
 1.50067e-07
 1.39170e-07
 1.29401e-07
 8.96682e-07
 7.78284e-07
 6.77594e-07
 5.92538e-07
 5.20772e-07
 4.60105e-07
 4.08633e-07
 3.64762e-07
 3.27182e-07
 2.94824e-07
 2.66816e-07
 2.42451e-07
 2.21150e-07
 2.02441e-07
 1.85934e-07
 1.71308e-07
 1.58295e-07
 1.46673e-07
 1.36256e-07
 1.26886e-07
 7.56750e-07
 6.72566e-07
 5.97151e-07
 5.30763e-07
 4.72857e-07
 4.22560e-07
 3.78917e-07
 3.41014e-07
 3.08029e-07
 2.79240e-07
 2.54033e-07
 2.31884e-07
 2.12353e-07
 1.95067e-07
 1.79713e-07
 1.66029e-07
 1.53790e-07
 1.42809e-07
 1.32924e-07
 1.24001e-07
 6.36457e-07
 5.78070e-07
 5.22856e-07
 4.72124e-07
 4.26311e-07
 3.85364e-07
 3.48980e-07
 3.16743e-07
 2.88207e-07
 2.62937e-07
 2.40532e-07
 2.20630e-07
 2.02912e-07
 1.87100e-07
 1.72953e-07
 1.60261e-07
 1.48844e-07
 1.38547e-07
 1.29236e-07
 1.20794e-07
 5.35178e-07
 4.95636e-07
 4.56030e-07
 4.17973e-07
 3.82342e-07
 3.49537e-07
 3.19654e-07
 2.92616e-07
 2.68249e-07
 2.46337e-07
 2.26648e-07
 2.08955e-07
 1.93042e-07
 1.78713e-07
 1.65791e-07
 1.54116e-07
 1.43548e-07
 1.33962e-07
 1.25251e-07
 1.17317e-07
