scalar
part
         1
quad4
 6.05995e-07
 5.56989e-07
 5.08984e-07
 4.63617e-07
 4.21708e-07
 3.83551e-07
 3.49127e-07
 3.18241e-07
 2.90614e-07
 2.65935e-07
 2.43892e-07
 2.24190e-07
 2.06558e-07
 1.90751e-07
 1.76554e-07
 1.63774e-07
 1.52246e-07
 1.41823e-07
 1.32377e-07
 1.23797e-07
 7.15596e-07
 6.45205e-07
 5.79705e-07
 5.20300e-07
 4.67243e-07
 4.20273e-07
 3.78887e-07
 3.42491e-07
 3.10489e-07
 2.82319e-07
 2.57477e-07
 2.35519e-07
 2.16057e-07
 1.98759e-07
 1.83339e-07
 1.69552e-07
 1.57188e-07
 1.46069e-07
 1.36041e-07
 1.26972e-07
 8.44652e-07
 7.45333e-07
 6.57460e-07
 5.80932e-07
 5.14810e-07
 4.57858e-07
 4.08810e-07
 3.66500e-07
 3.29899e-07
 2.98130e-07
 2.70449e-07
 2.46233e-07
 2.24965e-07
 2.06211e-07
 1.89609e-07
 1.74856e-07
 1.61699e-07
 1.49924e-07
 1.39351e-07
 1.29825e-07
 9.93167e-07
 8.55953e-07
 7.40463e-07
 6.43811e-07
 5.62949e-07
 4.95109e-07
 4.37942e-07
 3.89515e-07
 3.48258e-07
 3.12907e-07
 2.82445e-07
 2.56050e-07
 2.33058e-07
 2.12928e-07
 1.95221e-07
 1.79574e-07
 1.65687e-07
 1.53313e-07
 1.42244e-07
 1.32308e-07
 1.15792e-06
 9.73367e-07
 8.25442e-07
 7.06305e-07
 6.09625e-07
 5.30486e-07
 4.65123e-07
 4.10663e-07
 3.64905e-07
 3.26150e-07
 2.93084e-07
 2.64674e-07
 2.40106e-07
 2.18733e-07
 2.00036e-07
 1.83593e-07
 1.69062e-07
 1.56164e-07
 1.44665e-07
 1.34373e-07
 1.33058e-06
 1.09086e-06
 9.07418e-07
 7.64832e-07
 6.52287e-07
 5.62167e-07
 4.89045e-07
 4.28997e-07
 3.79145e-07
 3.37345e-07
 3.01980e-07
 2.71814e-07
 2.45889e-07
 2.23455e-07
 2.03920e-07
 1.86810e-07
 1.71744e-07
 1.58412e-07
 1.46560e-07
 1.35978e-07
 1.49623e-06
 1.19849e-06
 9.79862e-07
 8.15083e-07
 6.88055e-07
 5.88197e-07
 5.08357e-07
 4.43568e-07
 3.90303e-07
 3.46003e-07
 3.08778e-07
 2.77206e-07
 2.50207e-07
 2.26942e-07
 2.06758e-07
 1.89136e-07
 1.73662e-07
 1.60002e-07
 1.47886e-07
 1.37089e-07
 1.63391e-06
 1.28403e-06
 1.03545e-06
 8.52544e-07
 7.14061e-07
 6.06707e-07
 5.21810e-07
 4.53524e-07
 3.97786e-07
 3.51703e-07
 3.13171e-07
 2.80628e-07
 2.52895e-07
 2.29071e-07
 2.08455e-07
 1.90497e-07
 1.74759e-07
 1.60891e-07
 1.48608e-07
 1.37677e-07
 1.72078e-06
 1.33543e-06
 1.06746e-06
 8.73271e-07
 7.27901e-07
 6.16176e-07
 5.28417e-07
 4.58205e-07
 4.01143e-07
 3.54132e-07
 3.14938e-07
 2.81917e-07
 2.53836e-07
 2.29754e-07
 2.08947e-07
 1.90845e-07
 1.74999e-07
 1.61049e-07
 1.48703e-07
 1.37725e-07
 1.73951e-06
 1.34417e-06
 1.07137e-06
 8.74726e-07
 7.28078e-07
 6.15688e-07
 5.27595e-07
 4.57232e-07
 4.00120e-07
 3.53116e-07
 3.13960e-07
 2.80992e-07
 2.52970e-07
 2.28949e-07
 2.08201e-07
 1.90156e-07
 1.74363e-07
 1.60462e-07
 1.48162e-07
 1.37226e-07
 1.68539e-06
 1.30814e-06
 1.04616e-06
 8.56384e-07
 7.14314e-07
 6.05093e-07
 5.19264e-07
 4.50562e-07
 3.94697e-07
 3.48647e-07
 3.10233e-07
 2.77851e-07
 2.50299e-07
 2.26658e-07
 2.06222e-07
 1.88434e-07
 1.72856e-07
 1.59135e-07
 1.46988e-07
 1.36181e-07
 1.56810e-06
 1.23229e-06
 9.94557e-07
 8.19858e-07
 6.87610e-07
 5.85038e-07
 5.03858e-07
 4.38495e-07
 3.85085e-07
 3.40878e-07
 3.03871e-07
 2.72582e-07
 2.45889e-07
 2.22933e-07
 2.03049e-07
 1.85711e-07
 1.70502e-07
 1.57088e-07
 1.45197e-07
 1.34606e-07
 1.40719e-06
 1.12680e-06
 9.22275e-07
 7.68523e-07
 6.50053e-07
 5.56867e-07
 4.82269e-07
 4.21641e-07
 3.71712e-07
 3.30114e-07
 2.95098e-07
 2.65348e-07
 2.39864e-07
 2.17869e-07
 1.98756e-07
 1.82044e-07
 1.67348e-07
 1.54358e-07
 1.42819e-07
 1.32524e-07
 1.22503e-06
 1.00409e-06
 8.36544e-07
 7.06783e-07
 6.04430e-07
 5.22397e-07
 4.55718e-07
 4.00841e-07
 3.55171e-07
 3.16783e-07
 2.84224e-07
 2.56383e-07
 2.32399e-07
 2.11599e-07
 1.93446e-07
 1.77514e-07
 1.63457e-07
 1.50994e-07
 1.39895e-07
 1.29968e-07
 1.04116e-06
 8.75891e-07
 7.44634e-07
 6.39269e-07
 5.53770e-07
 4.83661e-07
 4.25600e-07
 3.77071e-07
 3.36157e-07
 3.01389e-07
 2.71622e-07
 2.45964e-07
 2.23707e-07
 2.04285e-07
 1.87246e-07
 1.72220e-07
 1.58908e-07
 1.47061e-07
 1.36476e-07
 1.26980e-07
 8.69381e-07
 7.51472e-07
 6.52746e-07
 5.70172e-07
 5.00943e-07
 4.42656e-07
 3.93326e-07
 3.51344e-07
 3.15409e-07
 2.84476e-07
 2.57701e-07
 2.34401e-07
 2.14022e-07
 1.96112e-07
 1.80298e-07
 1.66276e-07
 1.53791e-07
 1.42631e-07
 1.32619e-07
 1.23607e-07
 7.17381e-07
 6.36935e-07
 5.65446e-07
 5.02833e-07
 4.48380e-07
 4.01152e-07
 3.60194e-07
 3.24619e-07
 2.93642e-07
 2.66585e-07
 2.42870e-07
 2.22009e-07
 2.03590e-07
 1.87269e-07
 1.72754e-07
 1.59801e-07
 1.48201e-07
 1.37780e-07
 1.28389e-07
 1.19900e-07
 5.87853e-07
 5.35453e-07
 4.85591e-07
 4.39595e-07
 3.97927e-07
 3.60580e-07
 3.27303e-07
 2.97742e-07
 2.71508e-07
 2.48219e-07
 2.27521e-07
 2.09093e-07
 1.92653e-07
 1.77949e-07
 1.64767e-07
 1.52918e-07
 1.42239e-07
 1.32591e-07
 1.23851e-07
 1.15915e-07
 4.80232e-07
 4.47957e-07
 4.14571e-07
 3.81863e-07
 3.50837e-07
 3.21992e-07
 2.95515e-07
 2.71405e-07
 2.49559e-07
 2.29820e-07
 2.12007e-07
 1.95938e-07
 1.81436e-07
 1.68335e-07
 1.56484e-07
 1.45748e-07
 1.36004e-07
 1.27144e-07
 1.19074e-07
 1.11707e-07
 3.92238e-07
 3.73929e-07
 3.52688e-07
 3.30269e-07
 3.07827e-07
 2.86079e-07
 2.65444e-07
 2.46137e-07
 2.28240e-07
 2.11755e-07
 1.96631e-07
 1.82792e-07
 1.70145e-07
 1.58594e-07
 1.48045e-07
 1.38405e-07
 1.29589e-07
 1.21518e-07
 1.14121e-07
 1.07331e-07
