scalar
part
         1
quad4
 4.48462e-07
 4.20524e-07
 3.91196e-07
 3.62069e-07
 3.34104e-07
 3.07829e-07
 2.83488e-07
 2.61145e-07
 2.40759e-07
 2.22227e-07
 2.05414e-07
 1.90177e-07
 1.76369e-07
 1.63851e-07
 1.52491e-07
 1.42171e-07
 1.32781e-07
 1.24226e-07
 1.16416e-07
 1.09276e-07
 5.39642e-07
 4.95940e-07
 4.53288e-07
 4.13134e-07
 3.76152e-07
 3.42549e-07
 3.12265e-07
 2.85101e-07
 2.60797e-07
 2.39070e-07
 2.19643e-07
 2.02258e-07
 1.86676e-07
 1.72685e-07
 1.60099e-07
 1.48752e-07
 1.38499e-07
 1.29213e-07
 1.20784e-07
 1.13116e-07
 6.49324e-07
 5.83608e-07
 5.23372e-07
 4.69334e-07
 4.21434e-07
 3.79245e-07
 3.42190e-07
 3.09666e-07
 2.81093e-07
 2.55948e-07
 2.33768e-07
 2.14150e-07
 1.96748e-07
 1.81263e-07
 1.67444e-07
 1.55072e-07
 1.43964e-07
 1.33960e-07
 1.24926e-07
 1.16744e-07
 7.78881e-07
 6.83379e-07
 6.00688e-07
 5.29733e-07
 4.69037e-07
 4.17106e-07
 3.72577e-07
 3.34268e-07
 3.01181e-07
 2.72483e-07
 2.47482e-07
 2.25607e-07
 2.06384e-07
 1.89420e-07
 1.74390e-07
 1.61022e-07
 1.49087e-07
 1.38394e-07
 1.28781e-07
 1.20111e-07
 9.27600e-07
 7.93498e-07
 6.83342e-07
 5.92630e-07
 5.17542e-07
 4.54988e-07
 4.02517e-07
 3.58195e-07
 3.20502e-07
 2.88235e-07
 2.60440e-07
 2.36354e-07
 2.15367e-07
 1.96983e-07
 1.80800e-07
 1.66488e-07
 1.53776e-07
 1.42438e-07
 1.32288e-07
 1.23167e-07
 1.09118e-06
 9.09904e-07
 7.68006e-07
 6.55444e-07
 5.64992e-07
 4.91421e-07
 4.30906e-07
 3.80614e-07
 3.38423e-07
 3.02721e-07
 2.72269e-07
 2.46104e-07
 2.23472e-07
 2.03775e-07
 1.86533e-07
 1.71360e-07
 1.57942e-07
 1.46022e-07
 1.35387e-07
 1.25861e-07
 1.26029e-06
 1.02576e-06
 8.49823e-07
 7.14751e-07
 6.08965e-07
 5.24675e-07
 4.56497e-07
 4.00616e-07
 3.54276e-07
 3.15442e-07
 2.82593e-07
 2.54570e-07
 2.30479e-07
 2.09624e-07
 1.91454e-07
 1.75530e-07
 1.61500e-07
 1.49076e-07
 1.38024e-07
 1.28149e-07
 1.42009e-06
 1.13159e-06
 9.22674e-07
 7.66523e-07
 6.46755e-07
 5.52900e-07
 4.78000e-07
 4.17286e-07
 3.67399e-07
 3.25916e-07
 2.91056e-07
 2.61483e-07
 2.36183e-07
 2.14373e-07
 1.95441e-07
 1.78904e-07
 1.64374e-07
 1.51540e-07
 1.40149e-07
 1.29993e-07
 1.55164e-06
 1.21640e-06
 9.79918e-07
 8.06604e-07
 6.75684e-07
 5.74319e-07
 4.94210e-07
 4.29788e-07
 3.77202e-07
 3.33717e-07
 2.97343e-07
 2.66611e-07
 2.40409e-07
 2.17890e-07
 1.98392e-07
 1.81400e-07
 1.66500e-07
 1.53364e-07
 1.41723e-07
 1.31359e-07
 1.63569e-06
 1.26972e-06
 1.01553e-06
 8.31365e-07
 6.93478e-07
 5.87463e-07
 5.04147e-07
 4.37453e-07
 3.83218e-07
 3.38510e-07
 3.01215e-07
 2.69776e-07
 2.43025e-07
 2.20072e-07
 2.00229e-07
 1.82958e-07
 1.67833e-07
 1.54511e-07
 1.42716e-07
 1.32223e-07
 1.65793e-06
 1.28413e-06
 1.02538e-06
 8.38384e-07
 6.98653e-07
 5.91385e-07
 5.07189e-07
 4.39859e-07
 3.85153e-07
 3.40090e-07
 3.02521e-07
 2.70868e-07
 2.43947e-07
 2.20857e-07
 2.00904e-07
 1.83542e-07
 1.68341e-07
 1.54956e-07
 1.43109e-07
 1.32571e-07
 1.61393e-06
 1.25742e-06
 1.00827e-06
 8.26972e-07
 6.90788e-07
 5.85818e-07
 5.03160e-07
 4.36887e-07
 3.82925e-07
 3.38396e-07
 3.01217e-07
 2.69854e-07
 2.43151e-07
 2.20228e-07
 2.00402e-07
 1.83140e-07
 1.68017e-07
 1.54694e-07
 1.42896e-07
 1.32398e-07
 1.51131e-06
 1.19343e-06
 9.66307e-07
 7.98344e-07
 6.70618e-07
 5.71222e-07
 4.92357e-07
 4.28734e-07
 3.76668e-07
 3.33521e-07
 2.97370e-07
 2.66782e-07
 2.40672e-07
 2.18208e-07
 1.98743e-07
 1.81766e-07
 1.66871e-07
 1.53732e-07
 1.42083e-07
 1.31708e-07
 1.36728e-06
 1.10105e-06
 9.04408e-07
 7.55371e-07
 6.39897e-07
 5.48710e-07
 4.75507e-07
 4.15890e-07
 3.66718e-07
 3.25703e-07
 2.91149e-07
 2.61775e-07
 2.36601e-07
 2.14867e-07
 1.95978e-07
 1.79460e-07
 1.64935e-07
 1.52095e-07
 1.40691e-07
 1.30517e-07
 1.20273e-06
 9.91651e-07
 8.29098e-07
 7.01981e-07
 6.01080e-07
 5.19868e-07
 4.53666e-07
 3.99072e-07
 3.53575e-07
 3.15296e-07
 2.82810e-07
 2.55021e-07
 2.31078e-07
 2.10311e-07
 1.92189e-07
 1.76285e-07
 1.62256e-07
 1.49821e-07
 1.38749e-07
 1.28850e-07
 1.03608e-06
 8.76204e-07
 7.47105e-07
 6.42413e-07
 5.56914e-07
 4.86521e-07
 4.28075e-07
 3.79143e-07
 3.37850e-07
 3.02740e-07
 2.72675e-07
 2.46760e-07
 2.24282e-07
 2.04675e-07
 1.87479e-07
 1.72321e-07
 1.58898e-07
 1.46960e-07
 1.36297e-07
 1.26738e-07
 8.80044e-07
 7.63362e-07
 6.64221e-07
 5.80563e-07
 5.10052e-07
 4.50501e-07
 4.00018e-07
 3.57018e-07
 3.20204e-07
 2.88519e-07
 2.61104e-07
 2.37260e-07
 2.16420e-07
 1.98117e-07
 1.81971e-07
 1.67665e-07
 1.54938e-07
 1.43572e-07
 1.33384e-07
 1.24220e-07
 7.41366e-07
 6.58752e-07
 5.84719e-07
 5.19566e-07
 4.62767e-07
 4.13460e-07
 3.70700e-07
 3.33583e-07
 3.01295e-07
 2.73126e-07
 2.48468e-07
 2.26807e-07
 2.07709e-07
 1.90809e-07
 1.75800e-07
 1.62423e-07
 1.50460e-07
 1.39726e-07
 1.30065e-07
 1.21342e-07
 6.22241e-07
 5.65265e-07
 5.11285e-07
 4.61649e-07
 4.16818e-07
 3.76752e-07
 3.41159e-07
 3.09630e-07
 2.81729e-07
 2.57027e-07
 2.35129e-07
 2.15681e-07
 1.98370e-07
 1.82922e-07
 1.69102e-07
 1.56704e-07
 1.45551e-07
 1.35493e-07
 1.26397e-07
 1.18151e-07
 5.22084e-07
 4.83781e-07
 4.45264e-07
 4.08177e-07
 3.73419e-07
 3.41398e-07
 3.12224e-07
 2.85825e-07
 2.62034e-07
 2.40641e-07
 2.21420e-07
 2.04147e-07
 1.88614e-07
 1.74628e-07
 1.62014e-07
 1.50618e-07
 1.40303e-07
 1.30946e-07
 1.22442e-07
 1.14697e-07
