scalar
part
         1
quad4
 5.57834e-07
 5.14957e-07
 4.72360e-07
 4.31705e-07
 3.93866e-07
 3.59209e-07
 3.27785e-07
 2.99470e-07
 2.74047e-07
 2.51261e-07
 2.30847e-07
 2.12550e-07
 1.96135e-07
 1.81385e-07
 1.68108e-07
 1.56134e-07
 1.45312e-07
 1.35511e-07
 1.26614e-07
 1.18522e-07
 6.62738e-07
 5.99850e-07
 5.40786e-07
 4.86847e-07
 4.38407e-07
 3.95327e-07
 3.57218e-07
 3.23586e-07
 2.93920e-07
 2.67733e-07
 2.44579e-07
 2.24064e-07
 2.05841e-07
 1.89611e-07
 1.75116e-07
 1.62133e-07
 1.50471e-07
 1.39967e-07
 1.30480e-07
 1.21889e-07
 7.87038e-07
 6.96827e-07
 6.16527e-07
 5.46258e-07
 4.85297e-07
 4.32602e-07
 3.87076e-07
 3.47689e-07
 3.13527e-07
 2.83801e-07
 2.57842e-07
 2.35086e-07
 2.15060e-07
 1.97370e-07
 1.81683e-07
 1.67722e-07
 1.55253e-07
 1.44079e-07
 1.34032e-07
 1.24970e-07
 9.31056e-07
 8.04746e-07
 6.98022e-07
 6.08406e-07
 5.33201e-07
 4.69929e-07
 4.16471e-07
 3.71074e-07
 3.32312e-07
 2.99027e-07
 2.70289e-07
 2.45342e-07
 2.23574e-07
 2.04487e-07
 1.87671e-07
 1.72791e-07
 1.59568e-07
 1.47771e-07
 1.37208e-07
 1.27714e-07
 1.09207e-06
 9.20299e-07
 7.82286e-07
 6.70862e-07
 5.80226e-07
 5.05862e-07
 4.44307e-07
 3.92911e-07
 3.49642e-07
 3.12928e-07
 2.81549e-07
 2.54545e-07
 2.31159e-07
 2.10786e-07
 1.92940e-07
 1.77227e-07
 1.63326e-07
 1.50973e-07
 1.39950e-07
 1.30075e-07
 1.26245e-06
 1.03727e-06
 8.64675e-07
 7.30264e-07
 6.23959e-07
 5.38667e-07
 4.69329e-07
 4.12284e-07
 3.64843e-07
 3.25002e-07
 2.91244e-07
 2.62408e-07
 2.37595e-07
 2.16097e-07
 1.97357e-07
 1.80926e-07
 1.66444e-07
 1.53618e-07
 1.42205e-07
 1.32008e-07
 1.42821e-06
 1.14631e-06
 9.39012e-07
 7.82506e-07
 6.61638e-07
 5.66454e-07
 4.90221e-07
 4.28262e-07
 3.77247e-07
 3.34761e-07
 2.99014e-07
 2.68662e-07
 2.42677e-07
 2.20264e-07
 2.00801e-07
 1.83794e-07
 1.68849e-07
 1.55646e-07
 1.43926e-07
 1.33477e-07
 1.56952e-06
 1.23578e-06
 9.98279e-07
 8.23222e-07
 6.90460e-07
 5.87378e-07
 5.05741e-07
 4.39987e-07
 3.86251e-07
 3.41774e-07
 3.04546e-07
 2.73075e-07
 2.46233e-07
 2.23156e-07
 2.03172e-07
 1.85753e-07
 1.70479e-07
 1.57011e-07
 1.45076e-07
 1.34449e-07
 1.66459e-06
 1.29404e-06
 1.03589e-06
 8.48497e-07
 7.08007e-07
 5.99890e-07
 5.14865e-07
 4.46771e-07
 3.91378e-07
 3.45704e-07
 3.07597e-07
 2.75470e-07
 2.48132e-07
 2.24675e-07
 2.04397e-07
 1.86747e-07
 1.71290e-07
 1.57677e-07
 1.45625e-07
 1.34905e-07
 1.69654e-06
 1.31258e-06
 1.04720e-06
 8.55656e-07
 7.12663e-07
 6.02977e-07
 5.16939e-07
 4.48174e-07
 3.92328e-07
 3.46343e-07
 3.08021e-07
 2.75742e-07
 2.48296e-07
 2.24763e-07
 2.04430e-07
 1.86741e-07
 1.71257e-07
 1.57625e-07
 1.45560e-07
 1.34831e-07
 1.65969e-06
 1.28857e-06
 1.03070e-06
 8.43845e-07
 7.03920e-07
 5.96327e-07
 5.11764e-07
 4.44069e-07
 3.89017e-07
 3.43635e-07
 3.05777e-07
 2.73862e-07
 2.46706e-07
 2.23405e-07
 2.03262e-07
 1.85730e-07
 1.70375e-07
 1.56851e-07
 1.44877e-07
 1.34226e-07
 1.56123e-06
 1.22561e-06
 9.88359e-07
 8.14199e-07
 6.82473e-07
 5.80382e-07
 4.99634e-07
 4.34656e-07
 3.81586e-07
 3.37679e-07
 3.00939e-07
 2.69886e-07
 2.43403e-07
 2.20635e-07
 2.00919e-07
 1.83732e-07
 1.68659e-07
 1.55367e-07
 1.43587e-07
 1.33097e-07
 1.41773e-06
 1.13236e-06
 9.24990e-07
 7.69555e-07
 6.50069e-07
 5.56261e-07
 4.81287e-07
 4.20436e-07
 3.70383e-07
 3.28724e-07
 2.93688e-07
 2.63947e-07
 2.38487e-07
 2.16528e-07
 1.97458e-07
 1.80793e-07
 1.66145e-07
 1.53203e-07
 1.41712e-07
 1.31464e-07
 1.24944e-06
 1.01997e-06
 8.47078e-07
 7.13850e-07
 6.09185e-07
 5.25575e-07
 4.57800e-07
 4.02149e-07
 3.55926e-07
 3.17140e-07
 2.84293e-07
 2.56243e-07
 2.32108e-07
 2.11198e-07
 1.92967e-07
 1.76981e-07
 1.62887e-07
 1.50400e-07
 1.39287e-07
 1.29354e-07
 1.07511e-06
 8.99554e-07
 7.61437e-07
 6.51390e-07
 5.62625e-07
 4.90192e-07
 4.30450e-07
 3.80684e-07
 3.38849e-07
 3.03385e-07
 2.73091e-07
 2.47027e-07
 2.24455e-07
 2.04790e-07
 1.87559e-07
 1.72384e-07
 1.58954e-07
 1.47014e-07
 1.36355e-07
 1.26802e-07
 9.08862e-07
 7.80328e-07
 6.74127e-07
 5.86221e-07
 5.13132e-07
 4.52009e-07
 4.00567e-07
 3.56990e-07
 3.19838e-07
 2.87965e-07
 2.60457e-07
 2.36581e-07
 2.15745e-07
 1.97470e-07
 1.81363e-07
 1.67104e-07
 1.54427e-07
 1.43110e-07
 1.32970e-07
 1.23852e-07
 7.59219e-07
 6.68731e-07
 5.89820e-07
 5.21693e-07
 4.63109e-07
 4.12756e-07
 3.69410e-07
 3.31992e-07
 2.99579e-07
 2.71392e-07
 2.46781e-07
 2.25203e-07
 2.06207e-07
 1.89418e-07
 1.74521e-07
 1.61254e-07
 1.49395e-07
 1.38760e-07
 1.29190e-07
 1.20552e-07
 6.29822e-07
 5.68430e-07
 5.11621e-07
 4.60264e-07
 4.14448e-07
 3.73874e-07
 3.38073e-07
 3.06522e-07
 2.78707e-07
 2.54155e-07
 2.32440e-07
 2.13187e-07
 1.96072e-07
 1.80816e-07
 1.67177e-07
 1.54948e-07
 1.43953e-07
 1.34039e-07
 1.25076e-07
 1.16951e-07
 5.20915e-07
 4.80856e-07
 4.41212e-07
 4.03505e-07
 3.68492e-07
 3.36465e-07
 3.07439e-07
 2.81280e-07
 2.57778e-07
 2.36693e-07
 2.17781e-07
 2.00809e-07
 1.85561e-07
 1.71841e-07
 1.59473e-07
 1.48303e-07
 1.38194e-07
 1.29025e-07
 1.20692e-07
 1.13102e-07
 4.30825e-07
 4.05916e-07
 3.79180e-07
 3.52231e-07
 3.26073e-07
 3.01286e-07
 2.78164e-07
 2.56818e-07
 2.37246e-07
 2.19378e-07
 2.03110e-07
 1.88318e-07
 1.74875e-07
 1.62657e-07
 1.51545e-07
 1.41430e-07
 1.32209e-07
 1.23794e-07
 1.16101e-07
 1.09058e-07
