scalar
part
         1
quad4
 4.60986e-07
 4.31717e-07
 4.01167e-07
 3.70944e-07
 3.42007e-07
 3.14878e-07
 2.89790e-07
 2.66795e-07
 2.45840e-07
 2.26811e-07
 2.09564e-07
 1.93945e-07
 1.79801e-07
 1.66986e-07
 1.55364e-07
 1.44811e-07
 1.35214e-07
 1.26473e-07
 1.18498e-07
 1.11209e-07
 5.54128e-07
 5.08644e-07
 4.64418e-07
 4.22897e-07
 3.84738e-07
 3.50124e-07
 3.18974e-07
 2.91068e-07
 2.66125e-07
 2.43848e-07
 2.23945e-07
 2.06146e-07
 1.90203e-07
 1.75897e-07
 1.63034e-07
 1.51441e-07
 1.40971e-07
 1.31492e-07
 1.22891e-07
 1.15068e-07
 6.66062e-07
 5.97976e-07
 5.35733e-07
 4.80009e-07
 4.30700e-07
 3.87330e-07
 3.49285e-07
 3.15925e-07
 2.86645e-07
 2.60898e-07
 2.38203e-07
 2.18141e-07
 2.00355e-07
 1.84537e-07
 1.70426e-07
 1.57799e-07
 1.46465e-07
 1.36262e-07
 1.27050e-07
 1.18710e-07
 7.98132e-07
 6.99519e-07
 6.14305e-07
 5.41306e-07
 4.78950e-07
 4.25661e-07
 3.80015e-07
 3.40781e-07
 3.06922e-07
 2.77574e-07
 2.52022e-07
 2.29677e-07
 2.10051e-07
 1.92739e-07
 1.77406e-07
 1.63773e-07
 1.51606e-07
 1.40708e-07
 1.30914e-07
 1.22083e-07
 9.49533e-07
 8.11428e-07
 6.98168e-07
 6.05030e-07
 5.28027e-07
 4.63945e-07
 4.10239e-07
 3.64910e-07
 3.26387e-07
 2.93428e-07
 2.65053e-07
 2.40476e-07
 2.19070e-07
 2.00326e-07
 1.83832e-07
 1.69250e-07
 1.56301e-07
 1.44755e-07
 1.34420e-07
 1.25135e-07
 1.11577e-06
 9.29498e-07
 7.83893e-07
 6.68533e-07
 5.75931e-07
 5.00678e-07
 4.38829e-07
 3.87463e-07
 3.44397e-07
 3.07972e-07
 2.76918e-07
 2.50247e-07
 2.27186e-07
 2.07121e-07
 1.89563e-07
 1.74116e-07
 1.60459e-07
 1.48329e-07
 1.37509e-07
 1.27819e-07
 1.28722e-06
 1.04669e-06
 8.66504e-07
 7.28316e-07
 6.20189e-07
 5.34103e-07
 4.64518e-07
 4.07518e-07
 3.60273e-07
 3.20699e-07
 2.87237e-07
 2.58700e-07
 2.34176e-07
 2.12951e-07
 1.94463e-07
 1.78265e-07
 1.63996e-07
 1.51362e-07
 1.40126e-07
 1.30088e-07
 1.44861e-06
 1.15333e-06
 9.39757e-07
 7.80279e-07
 6.58057e-07
 5.62342e-07
 4.86002e-07
 4.24152e-07
 3.73351e-07
 3.31124e-07
 2.95650e-07
 2.65565e-07
 2.39833e-07
 2.17657e-07
 1.98410e-07
 1.81600e-07
 1.66834e-07
 1.53794e-07
 1.42221e-07
 1.31904e-07
 1.58061e-06
 1.23821e-06
 9.96913e-07
 8.20215e-07
 6.86826e-07
 5.83605e-07
 5.02067e-07
 4.36521e-07
 3.83035e-07
 3.38818e-07
 3.01843e-07
 2.70609e-07
 2.43984e-07
 2.21106e-07
 2.01301e-07
 1.84042e-07
 1.68912e-07
 1.55574e-07
 1.43755e-07
 1.33234e-07
 1.66373e-06
 1.29077e-06
 1.03191e-06
 8.44480e-07
 7.04218e-07
 5.96420e-07
 5.11732e-07
 4.43959e-07
 3.88860e-07
 3.43450e-07
 3.05576e-07
 2.73654e-07
 2.46496e-07
 2.23198e-07
 2.03058e-07
 1.85531e-07
 1.70183e-07
 1.56665e-07
 1.44699e-07
 1.34054e-07
 1.68371e-06
 1.30363e-06
 1.04065e-06
 8.50678e-07
 7.08768e-07
 5.99855e-07
 5.14387e-07
 4.46052e-07
 3.90539e-07
 3.44817e-07
 3.06704e-07
 2.74595e-07
 2.47289e-07
 2.23872e-07
 2.03637e-07
 1.86031e-07
 1.70617e-07
 1.57046e-07
 1.45034e-07
 1.34350e-07
 1.63647e-06
 1.27476e-06
 1.02204e-06
 8.38185e-07
 7.00095e-07
 5.93669e-07
 5.09873e-07
 4.42694e-07
 3.87998e-07
 3.42866e-07
 3.05186e-07
 2.73402e-07
 2.46341e-07
 2.23112e-07
 2.03023e-07
 1.85531e-07
 1.70208e-07
 1.56709e-07
 1.44754e-07
 1.34118e-07
 1.53012e-06
 1.20830e-06
 9.78352e-07
 8.08303e-07
 6.78990e-07
 5.78359e-07
 4.98512e-07
 4.34098e-07
 3.81383e-07
 3.37699e-07
 3.01097e-07
 2.70127e-07
 2.43691e-07
 2.20946e-07
 2.01238e-07
 1.84049e-07
 1.68968e-07
 1.55664e-07
 1.43869e-07
 1.33364e-07
 1.38237e-06
 1.11337e-06
 9.14641e-07
 7.64002e-07
 6.47270e-07
 5.55078e-07
 4.81060e-07
 4.20773e-07
 3.71044e-07
 3.29562e-07
 2.94612e-07
 2.64899e-07
 2.39433e-07
 2.17447e-07
 1.98337e-07
 1.81625e-07
 1.66928e-07
 1.53937e-07
 1.42398e-07
 1.32103e-07
 1.21442e-06
 1.00155e-06
 8.37570e-07
 7.09294e-07
 6.07446e-07
 5.25452e-07
 4.58599e-07
 4.03457e-07
 3.57497e-07
 3.18822e-07
 2.85996e-07
 2.57913e-07
 2.33713e-07
 2.12722e-07
 1.94402e-07
 1.78325e-07
 1.64141e-07
 1.51567e-07
 1.40372e-07
 1.30362e-07
 1.04487e-06
 8.83962e-07
 7.53960e-07
 6.48485e-07
 5.62312e-07
 4.91340e-07
 4.32394e-07
 3.83030e-07
 3.41363e-07
 3.05928e-07
 2.75578e-07
 2.49412e-07
 2.26715e-07
 2.06912e-07
 1.89543e-07
 1.74231e-07
 1.60670e-07
 1.48607e-07
 1.37833e-07
 1.28172e-07
 8.86486e-07
 7.69301e-07
 6.69653e-07
 5.85511e-07
 5.14554e-07
 4.54598e-07
 4.03749e-07
 3.60423e-07
 3.23317e-07
 2.91372e-07
 2.63724e-07
 2.39673e-07
 2.18648e-07
 2.00179e-07
 1.83883e-07
 1.69443e-07
 1.56594e-07
 1.45118e-07
 1.34830e-07
 1.25575e-07
 7.45969e-07
 6.63200e-07
 5.88942e-07
 5.23531e-07
 4.66464e-07
 4.16894e-07
 3.73883e-07
 3.36530e-07
 3.04024e-07
 2.75654e-07
 2.50813e-07
 2.28985e-07
 2.09734e-07
 1.92695e-07
 1.77559e-07
 1.64067e-07
 1.51999e-07
 1.41169e-07
 1.31420e-07
 1.22616e-07
 6.25440e-07
 5.68523e-07
 5.14506e-07
 4.64774e-07
 4.19810e-07
 3.79594e-07
 3.43842e-07
 3.12155e-07
 2.84098e-07
 2.59248e-07
 2.37211e-07
 2.17632e-07
 2.00198e-07
 1.84637e-07
 1.70712e-07
 1.58216e-07
 1.46974e-07
 1.36833e-07
 1.27661e-07
 1.19344e-07
 5.24228e-07
 4.86106e-07
 4.47672e-07
 4.10599e-07
 3.75806e-07
 3.43720e-07
 3.14460e-07
 2.87964e-07
 2.64072e-07
 2.42576e-07
 2.23252e-07
 2.05881e-07
 1.90254e-07
 1.76177e-07
 1.63478e-07
 1.52002e-07
 1.41612e-07
 1.32185e-07
 1.23615e-07
 1.15808e-07
