scalar
part
         1
quad4
 4.24864e-07
 4.00793e-07
 3.74791e-07
 3.48475e-07
 3.22857e-07
 2.98527e-07
 2.75789e-07
 2.54767e-07
 2.35467e-07
 2.17829e-07
 2.01756e-07
 1.87129e-07
 1.73827e-07
 1.61730e-07
 1.50721e-07
 1.40695e-07
 1.31552e-07
 1.23203e-07
 1.15569e-07
 1.08577e-07
 5.14314e-07
 4.75303e-07
 4.36547e-07
 3.99582e-07
 3.65184e-07
 3.33664e-07
 3.05057e-07
 2.79244e-07
 2.56028e-07
 2.35182e-07
 2.16469e-07
 1.99664e-07
 1.84557e-07
 1.70956e-07
 1.58691e-07
 1.47608e-07
 1.37574e-07
 1.28470e-07
 1.20193e-07
 1.12652e-07
 6.22567e-07
 5.62478e-07
 5.06730e-07
 4.56228e-07
 4.11101e-07
 3.71081e-07
 3.35726e-07
 3.04536e-07
 2.77017e-07
 2.52706e-07
 2.31190e-07
 2.12103e-07
 1.95127e-07
 1.79986e-07
 1.66446e-07
 1.54301e-07
 1.43377e-07
 1.33525e-07
 1.24615e-07
 1.16536e-07
 7.51359e-07
 6.62463e-07
 5.84794e-07
 5.17631e-07
 4.59797e-07
 4.10031e-07
 3.67149e-07
 3.30099e-07
 2.97981e-07
 2.70033e-07
 2.45616e-07
 2.24198e-07
 2.05334e-07
 1.88656e-07
 1.73851e-07
 1.60663e-07
 1.48871e-07
 1.38293e-07
 1.28772e-07
 1.20176e-07
 9.00545e-07
 7.73905e-07
 6.69109e-07
 5.82252e-07
 5.09953e-07
 4.49431e-07
 3.98452e-07
 3.55237e-07
 3.18370e-07
 2.86725e-07
 2.59400e-07
 2.35673e-07
 2.14960e-07
 1.96787e-07
 1.80765e-07
 1.66578e-07
 1.53961e-07
 1.42696e-07
 1.32600e-07
 1.23520e-07
 1.06664e-06
 8.93238e-07
 7.56635e-07
 6.47671e-07
 5.59695e-07
 4.87848e-07
 4.28548e-07
 3.79121e-07
 3.37550e-07
 3.02294e-07
 2.72165e-07
 2.46236e-07
 2.23773e-07
 2.04198e-07
 1.87042e-07
 1.71929e-07
 1.58552e-07
 1.46658e-07
 1.36037e-07
 1.26517e-07
 1.24134e-06
 1.01413e-06
 8.42756e-07
 7.10568e-07
 6.06638e-07
 5.23561e-07
 4.56180e-07
 4.00827e-07
 3.54834e-07
 3.16227e-07
 2.83522e-07
 2.55585e-07
 2.31542e-07
 2.10708e-07
 1.92540e-07
 1.76605e-07
 1.62555e-07
 1.50106e-07
 1.39024e-07
 1.29118e-07
 1.41073e-06
 1.12747e-06
 9.21450e-07
 7.66910e-07
 6.48040e-07
 5.54670e-07
 4.80016e-07
 4.19404e-07
 3.69533e-07
 3.28015e-07
 2.93090e-07
 2.63437e-07
 2.38049e-07
 2.16149e-07
 1.97127e-07
 1.80502e-07
 1.65888e-07
 1.52975e-07
 1.41508e-07
 1.31281e-07
 1.55618e-06
 1.22217e-06
 9.85898e-07
 8.12375e-07
 6.81082e-07
 5.79295e-07
 4.98767e-07
 4.33952e-07
 3.81006e-07
 3.37195e-07
 3.00530e-07
 2.69537e-07
 2.43102e-07
 2.20374e-07
 2.00690e-07
 1.83531e-07
 1.68481e-07
 1.55209e-07
 1.43445e-07
 1.32969e-07
 1.65734e-06
 1.28696e-06
 1.02955e-06
 8.42980e-07
 7.03253e-07
 5.95799e-07
 5.11339e-07
 4.43719e-07
 3.88726e-07
 3.43389e-07
 3.05566e-07
 2.73681e-07
 2.46548e-07
 2.23267e-07
 2.03140e-07
 1.85621e-07
 1.70277e-07
 1.56763e-07
 1.44798e-07
 1.34154e-07
 1.69723e-06
 1.31298e-06
 1.04744e-06
 8.55808e-07
 7.12756e-07
 6.03033e-07
 5.16971e-07
 4.48190e-07
 3.92333e-07
 3.46342e-07
 3.08014e-07
 2.75732e-07
 2.48284e-07
 2.24749e-07
 2.04415e-07
 1.86726e-07
 1.71242e-07
 1.57609e-07
 1.45545e-07
 1.34816e-07
 1.66810e-06
 1.29635e-06
 1.03748e-06
 8.49631e-07
 7.08841e-07
 6.00518e-07
 5.15348e-07
 4.47148e-07
 3.91677e-07
 3.45944e-07
 3.07792e-07
 2.75630e-07
 2.48264e-07
 2.24785e-07
 2.04489e-07
 1.86825e-07
 1.71356e-07
 1.57733e-07
 1.45673e-07
 1.34946e-07
 1.57519e-06
 1.23964e-06
 1.00102e-06
 8.25223e-07
 6.91962e-07
 5.88530e-07
 5.06641e-07
 4.40703e-07
 3.86828e-07
 3.42245e-07
 3.04935e-07
 2.73399e-07
 2.46505e-07
 2.23387e-07
 2.03369e-07
 1.85922e-07
 1.70625e-07
 1.57137e-07
 1.45186e-07
 1.34546e-07
 1.43521e-06
 1.15126e-06
 9.42623e-07
 7.85204e-07
 6.63698e-07
 5.68058e-07
 4.91491e-07
 4.29282e-07
 3.78077e-07
 3.35444e-07
 2.99583e-07
 2.69139e-07
 2.43081e-07
 2.20609e-07
 2.01097e-07
 1.84050e-07
 1.69071e-07
 1.55841e-07
 1.44097e-07
 1.33627e-07
 1.27003e-06
 1.04285e-06
 8.68862e-07
 7.33465e-07
 6.26449e-07
 5.40635e-07
 4.70906e-07
 4.13564e-07
 3.65894e-07
 3.25874e-07
 2.91975e-07
 2.63026e-07
 2.38121e-07
 2.16548e-07
 1.97746e-07
 1.81264e-07
 1.66740e-07
 1.53877e-07
 1.42434e-07
 1.32211e-07
 1.09969e-06
 9.26117e-07
 7.86781e-07
 6.74380e-07
 5.83014e-07
 5.08099e-07
 4.46123e-07
 3.94402e-07
 3.50878e-07
 3.13962e-07
 2.82421e-07
 2.55287e-07
 2.31794e-07
 2.11334e-07
 1.93415e-07
 1.77641e-07
 1.63689e-07
 1.51293e-07
 1.40233e-07
 1.30326e-07
 9.38368e-07
 8.10520e-07
 7.02609e-07
 6.12079e-07
 5.36168e-07
 4.72348e-07
 4.18462e-07
 3.72727e-07
 3.33695e-07
 3.00194e-07
 2.71280e-07
 2.46190e-07
 2.24305e-07
 2.05120e-07
 1.88222e-07
 1.73273e-07
 1.59993e-07
 1.48147e-07
 1.37541e-07
 1.28011e-07
 7.93859e-07
 7.02377e-07
 6.21051e-07
 5.49960e-07
 4.88344e-07
 4.35125e-07
 3.89180e-07
 3.49455e-07
 3.15020e-07
 2.85071e-07
 2.58929e-07
 2.36022e-07
 2.15871e-07
 1.98076e-07
 1.82301e-07
 1.68266e-07
 1.55733e-07
 1.44504e-07
 1.34410e-07
 1.25308e-07
 6.68996e-07
 6.05076e-07
 5.45144e-07
 4.90487e-07
 4.41455e-07
 3.97890e-07
 3.59383e-07
 3.25424e-07
 2.95489e-07
 2.69079e-07
 2.45741e-07
 2.25071e-07
 2.06718e-07
 1.90379e-07
 1.75791e-07
 1.62729e-07
 1.50999e-07
 1.40437e-07
 1.30900e-07
 1.22265e-07
 5.63519e-07
 5.19813e-07
 4.76493e-07
 4.35219e-07
 3.96857e-07
 3.61760e-07
 3.29967e-07
 3.01344e-07
 2.75662e-07
 2.52659e-07
 2.32062e-07
 2.13611e-07
 1.97064e-07
 1.82202e-07
 1.68830e-07
 1.56774e-07
 1.45882e-07
 1.36020e-07
 1.27071e-07
 1.18932e-07
