scalar
part
         1
quad4
 5.01515e-07
 4.66848e-07
 4.31404e-07
 3.96872e-07
 3.64217e-07
 3.33917e-07
 3.06145e-07
 2.80887e-07
 2.58026e-07
 2.37390e-07
 2.18786e-07
 2.02020e-07
 1.86901e-07
 1.73256e-07
 1.60923e-07
 1.49759e-07
 1.39636e-07
 1.30438e-07
 1.22067e-07
 1.14432e-07
 6.00595e-07
 5.47945e-07
 4.97492e-07
 4.50693e-07
 4.08127e-07
 3.69864e-07
 3.35702e-07
 3.05312e-07
 2.78317e-07
 2.54339e-07
 2.33021e-07
 2.14039e-07
 1.97103e-07
 1.81959e-07
 1.68384e-07
 1.56185e-07
 1.45195e-07
 1.35269e-07
 1.26281e-07
 1.18123e-07
 7.19099e-07
 6.41548e-07
 5.71472e-07
 5.09384e-07
 4.54948e-07
 4.07462e-07
 3.66108e-07
 3.30080e-07
 2.98638e-07
 2.71129e-07
 2.46988e-07
 2.25733e-07
 2.06955e-07
 1.90308e-07
 1.75499e-07
 1.62281e-07
 1.50444e-07
 1.39811e-07
 1.30229e-07
 1.21569e-07
 8.57989e-07
 7.47060e-07
 6.52199e-07
 5.71711e-07
 5.03549e-07
 4.45746e-07
 3.96567e-07
 3.54546e-07
 3.18471e-07
 2.87345e-07
 2.60355e-07
 2.36837e-07
 2.16244e-07
 1.98132e-07
 1.82131e-07
 1.67935e-07
 1.55292e-07
 1.43988e-07
 1.33846e-07
 1.24716e-07
 1.01561e-06
 8.61951e-07
 7.37212e-07
 6.35585e-07
 5.52253e-07
 4.83403e-07
 4.26062e-07
 3.77927e-07
 3.37212e-07
 3.02521e-07
 2.72760e-07
 2.47066e-07
 2.24748e-07
 2.05254e-07
 1.88137e-07
 1.73033e-07
 1.59645e-07
 1.47727e-07
 1.37074e-07
 1.27516e-07
 1.18595e-06
 9.81010e-07
 8.22463e-07
 6.97985e-07
 5.98839e-07
 5.18804e-07
 4.53394e-07
 3.99334e-07
 3.54195e-07
 3.16154e-07
 2.83821e-07
 2.56127e-07
 2.32238e-07
 2.11496e-07
 1.93378e-07
 1.77465e-07
 1.63416e-07
 1.50955e-07
 1.39853e-07
 1.29921e-07
 1.35711e-06
 1.09596e-06
 9.02319e-07
 7.55070e-07
 6.40661e-07
 5.50103e-07
 4.77258e-07
 4.17829e-07
 3.68741e-07
 3.27743e-07
 2.93164e-07
 2.63739e-07
 2.38499e-07
 2.16691e-07
 1.97724e-07
 1.81128e-07
 1.66524e-07
 1.53609e-07
 1.42133e-07
 1.31890e-07
 1.51125e-06
 1.19600e-06
 9.70052e-07
 8.02546e-07
 6.74908e-07
 5.75414e-07
 4.96359e-07
 4.32509e-07
 3.80203e-07
 3.36820e-07
 3.00443e-07
 2.69643e-07
 2.43337e-07
 2.20693e-07
 2.01062e-07
 1.83933e-07
 1.68899e-07
 1.55632e-07
 1.43867e-07
 1.33385e-07
 1.62744e-06
 1.26948e-06
 1.01888e-06
 8.36284e-07
 6.98970e-07
 5.93037e-07
 5.09560e-07
 4.42591e-07
 3.88035e-07
 3.42995e-07
 3.05377e-07
 2.73632e-07
 2.46596e-07
 2.23381e-07
 2.03299e-07
 1.85810e-07
 1.70485e-07
 1.56982e-07
 1.45022e-07
 1.34379e-07
 1.68710e-06
 1.30669e-06
 1.04336e-06
 8.53059e-07
 7.10859e-07
 6.01699e-07
 5.16021e-07
 4.47508e-07
 3.91842e-07
 3.45989e-07
 3.07763e-07
 2.75556e-07
 2.48166e-07
 2.24674e-07
 2.04373e-07
 1.86709e-07
 1.71244e-07
 1.57626e-07
 1.45573e-07
 1.34853e-07
 1.68013e-06
 1.30244e-06
 1.04061e-06
 8.51202e-07
 7.09557e-07
 6.00757e-07
 5.15321e-07
 4.46976e-07
 3.91430e-07
 3.45664e-07
 3.07503e-07
 2.75346e-07
 2.47993e-07
 2.24530e-07
 2.04253e-07
 1.86608e-07
 1.71158e-07
 1.57553e-07
 1.45509e-07
 1.34798e-07
 1.60821e-06
 1.25754e-06
 1.01107e-06
 8.30948e-07
 6.95199e-07
 5.90292e-07
 5.07511e-07
 4.41029e-07
 3.86820e-07
 3.42036e-07
 3.04608e-07
 2.73007e-07
 2.46083e-07
 2.22955e-07
 2.02942e-07
 1.85508e-07
 1.70228e-07
 1.56761e-07
 1.44832e-07
 1.34214e-07
 1.48397e-06
 1.17846e-06
 9.58288e-07
 7.94368e-07
 6.69046e-07
 5.71101e-07
 4.93113e-07
 4.30016e-07
 3.78255e-07
 3.35274e-07
 2.99199e-07
 2.68630e-07
 2.42502e-07
 2.19998e-07
 2.00479e-07
 1.83439e-07
 1.68478e-07
 1.55271e-07
 1.43554e-07
 1.33113e-07
 1.32655e-06
 1.07542e-06
 8.88073e-07
 7.44916e-07
 6.33242e-07
 5.44560e-07
 4.73034e-07
 4.14554e-07
 3.66161e-07
 3.25682e-07
 2.91496e-07
 2.62374e-07
 2.37370e-07
 2.15749e-07
 1.96931e-07
 1.80454e-07
 1.65949e-07
 1.53114e-07
 1.41704e-07
 1.31516e-07
 1.15591e-06
 9.59771e-07
 8.07167e-07
 6.86756e-07
 5.90442e-07
 5.12413e-07
 4.48452e-07
 3.95455e-07
 3.51109e-07
 3.13668e-07
 2.81795e-07
 2.54459e-07
 2.30851e-07
 2.10333e-07
 1.92395e-07
 1.76628e-07
 1.62699e-07
 1.50336e-07
 1.39316e-07
 1.29452e-07
 9.88327e-07
 8.41662e-07
 7.22006e-07
 6.24064e-07
 5.43416e-07
 4.76538e-07
 4.20663e-07
 3.73630e-07
 3.33752e-07
 2.99707e-07
 2.70448e-07
 2.45149e-07
 2.23145e-07
 2.03902e-07
 1.86989e-07
 1.72052e-07
 1.58801e-07
 1.46996e-07
 1.36438e-07
 1.26960e-07
 8.34363e-07
 7.28639e-07
 6.37847e-07
 5.60485e-07
 4.94711e-07
 4.38730e-07
 3.90948e-07
 3.50007e-07
 3.14770e-07
 2.84302e-07
 2.57832e-07
 2.34727e-07
 2.14468e-07
 1.96626e-07
 1.80845e-07
 1.66831e-07
 1.54338e-07
 1.43160e-07
 1.33123e-07
 1.24081e-07
 6.99195e-07
 6.25355e-07
 5.58391e-07
 4.98835e-07
 4.46426e-07
 4.00548e-07
 3.60469e-07
 3.25451e-07
 2.94813e-07
 2.67947e-07
 2.44323e-07
 2.23487e-07
 2.05049e-07
 1.88682e-07
 1.74103e-07
 1.61076e-07
 1.49399e-07
 1.38899e-07
 1.29429e-07
 1.20865e-07
 5.84057e-07
 5.33984e-07
 4.85841e-07
 4.41027e-07
 4.00124e-07
 3.63232e-07
 3.30193e-07
 3.00719e-07
 2.74470e-07
 2.51100e-07
 2.30281e-07
 2.11708e-07
 1.95110e-07
 1.80246e-07
 1.66904e-07
 1.54901e-07
 1.44075e-07
 1.34288e-07
 1.25418e-07
 1.17361e-07
 4.87846e-07
 4.54940e-07
 4.21177e-07
 3.88166e-07
 3.56842e-07
 3.27682e-07
 3.00873e-07
 2.76423e-07
 2.54236e-07
 2.34161e-07
 2.16026e-07
 1.99650e-07
 1.84858e-07
 1.71487e-07
 1.59385e-07
 1.48417e-07
 1.38459e-07
 1.29403e-07
 1.21152e-07
 1.13621e-07
