scalar
part
         1
quad4
 3.87494e-07
 3.69756e-07
 3.49032e-07
 3.27072e-07
 3.05029e-07
 2.83626e-07
 2.63287e-07
 2.44234e-07
 2.26556e-07
 2.10258e-07
 1.95295e-07
 1.81595e-07
 1.69069e-07
 1.57623e-07
 1.47165e-07
 1.37605e-07
 1.28860e-07
 1.20851e-07
 1.13509e-07
 1.06768e-07
 4.74776e-07
 4.43258e-07
 4.10531e-07
 3.78387e-07
 3.47838e-07
 3.19396e-07
 2.93256e-07
 2.69431e-07
 2.47824e-07
 2.28288e-07
 2.10648e-07
 1.94727e-07
 1.80351e-07
 1.67359e-07
 1.55603e-07
 1.44949e-07
 1.35277e-07
 1.26481e-07
 1.18466e-07
 1.11149e-07
 5.81593e-07
 5.30191e-07
 4.81161e-07
 4.35850e-07
 3.94745e-07
 3.57858e-07
 3.24961e-07
 2.95712e-07
 2.69738e-07
 2.46666e-07
 2.26150e-07
 2.07877e-07
 1.91567e-07
 1.76976e-07
 1.63891e-07
 1.52125e-07
 1.41520e-07
 1.31935e-07
 1.23251e-07
 1.15364e-07
 7.10250e-07
 6.31102e-07
 5.60645e-07
 4.98849e-07
 4.45046e-07
 3.98336e-07
 3.57794e-07
 3.22557e-07
 2.91857e-07
 2.65027e-07
 2.41501e-07
 2.20798e-07
 2.02514e-07
 1.86307e-07
 1.71889e-07
 1.59020e-07
 1.47493e-07
 1.37136e-07
 1.27800e-07
 1.19360e-07
 8.61370e-07
 7.45111e-07
 6.47633e-07
 5.66009e-07
 4.97509e-07
 4.39788e-07
 3.90905e-07
 3.49279e-07
 3.13631e-07
 2.82932e-07
 2.56349e-07
 2.33210e-07
 2.12965e-07
 1.95168e-07
 1.79452e-07
 1.65513e-07
 1.53099e-07
 1.42002e-07
 1.32045e-07
 1.23080e-07
 1.03237e-06
 8.69126e-07
 7.39319e-07
 6.35015e-07
 5.50306e-07
 4.80798e-07
 4.23201e-07
 3.75037e-07
 3.34414e-07
 2.99879e-07
 2.70305e-07
 2.44805e-07
 2.22680e-07
 2.03370e-07
 1.86426e-07
 1.71481e-07
 1.58239e-07
 1.46453e-07
 1.35920e-07
 1.26471e-07
 1.21575e-06
 9.97140e-07
 8.31194e-07
 7.02561e-07
 6.01027e-07
 5.19604e-07
 4.53390e-07
 3.98874e-07
 3.53489e-07
 3.15330e-07
 2.82957e-07
 2.55270e-07
 2.31414e-07
 2.10720e-07
 1.92659e-07
 1.76804e-07
 1.62815e-07
 1.50410e-07
 1.39361e-07
 1.29479e-07
 1.39790e-06
 1.12000e-06
 9.17106e-07
 7.64480e-07
 6.46813e-07
 5.54216e-07
 4.80064e-07
 4.19780e-07
 3.70122e-07
 3.28740e-07
 2.93899e-07
 2.64295e-07
 2.38930e-07
 2.17036e-07
 1.98008e-07
 1.81370e-07
 1.66737e-07
 1.53801e-07
 1.42310e-07
 1.32057e-07
 1.55945e-06
 1.22601e-06
 9.89808e-07
 8.16148e-07
 6.84634e-07
 5.82601e-07
 5.01826e-07
 4.36777e-07
 3.83613e-07
 3.39603e-07
 3.02757e-07
 2.71599e-07
 2.45016e-07
 2.22153e-07
 2.02347e-07
 1.85077e-07
 1.69927e-07
 1.56563e-07
 1.44716e-07
 1.34164e-07
 1.67806e-06
 1.30276e-06
 1.04205e-06
 8.53143e-07
 7.11693e-07
 6.02930e-07
 5.17449e-07
 4.49017e-07
 3.93366e-07
 3.47488e-07
 3.09215e-07
 2.76950e-07
 2.49496e-07
 2.25938e-07
 2.05572e-07
 1.87845e-07
 1.72319e-07
 1.58644e-07
 1.46537e-07
 1.35766e-07
 1.73395e-06
 1.33995e-06
 1.06805e-06
 8.72053e-07
 7.25878e-07
 6.13845e-07
 5.26028e-07
 4.55884e-07
 3.98948e-07
 3.52087e-07
 3.13050e-07
 2.80181e-07
 2.52243e-07
 2.28294e-07
 2.07607e-07
 1.89615e-07
 1.73869e-07
 1.60009e-07
 1.47744e-07
 1.36839e-07
 1.71712e-06
 1.33245e-06
 1.06500e-06
 8.71209e-07
 7.26152e-07
 6.14675e-07
 5.27116e-07
 4.57067e-07
 4.00139e-07
 3.53241e-07
 3.14142e-07
 2.81202e-07
 2.53190e-07
 2.29168e-07
 2.08412e-07
 1.90355e-07
 1.74549e-07
 1.60634e-07
 1.48320e-07
 1.37369e-07
 1.63194e-06
 1.28221e-06
 1.03381e-06
 8.51080e-07
 7.12760e-07
 6.05549e-07
 5.20778e-07
 4.52600e-07
 3.96956e-07
 3.50954e-07
 3.12492e-07
 2.80010e-07
 2.52332e-07
 2.28555e-07
 2.07981e-07
 1.90060e-07
 1.74355e-07
 1.60516e-07
 1.48259e-07
 1.37353e-07
 1.49556e-06
 1.19762e-06
 9.78931e-07
 8.14159e-07
 6.87169e-07
 5.87366e-07
 5.07584e-07
 4.42853e-07
 3.89643e-07
 3.45394e-07
 3.08216e-07
 2.76687e-07
 2.49727e-07
 2.26497e-07
 2.06345e-07
 1.88752e-07
 1.73304e-07
 1.59668e-07
 1.47573e-07
 1.36796e-07
 1.33081e-06
 1.09071e-06
 9.07062e-07
 7.64363e-07
 6.51765e-07
 5.61628e-07
 4.88509e-07
 4.28476e-07
 3.78645e-07
 3.36870e-07
 3.01532e-07
 2.71391e-07
 2.45491e-07
 2.23081e-07
 2.03568e-07
 1.86479e-07
 1.71433e-07
 1.58119e-07
 1.46284e-07
 1.35718e-07
 1.15871e-06
 9.73726e-07
 8.25519e-07
 7.06200e-07
 6.09407e-07
 5.30199e-07
 4.64798e-07
 4.10318e-07
 3.64553e-07
 3.25801e-07
 2.92741e-07
 2.64342e-07
 2.39786e-07
 2.18427e-07
 1.99743e-07
 1.83313e-07
 1.68796e-07
 1.55911e-07
 1.44424e-07
 1.34144e-07
 9.94276e-07
 8.56641e-07
 7.40848e-07
 6.43983e-07
 5.62972e-07
 4.95031e-07
 4.37796e-07
 3.89324e-07
 3.48039e-07
 3.12672e-07
 2.82201e-07
 2.55803e-07
 2.32812e-07
 2.12687e-07
 1.94985e-07
 1.79344e-07
 1.65465e-07
 1.53099e-07
 1.42038e-07
 1.32110e-07
 8.45921e-07
 7.46219e-07
 6.58053e-07
 5.81305e-07
 5.15020e-07
 4.57947e-07
 4.08813e-07
 3.66440e-07
 3.29795e-07
 2.97995e-07
 2.70293e-07
 2.46064e-07
 2.24788e-07
 2.06029e-07
 1.89426e-07
 1.74674e-07
 1.61519e-07
 1.49748e-07
 1.39178e-07
 1.29658e-07
 7.16924e-07
 6.46198e-07
 5.80429e-07
 5.20812e-07
 4.67589e-07
 4.20493e-07
 3.79009e-07
 3.42540e-07
 3.10482e-07
 2.82271e-07
 2.57399e-07
 2.35419e-07
 2.15941e-07
 1.98632e-07
 1.83205e-07
 1.69413e-07
 1.57048e-07
 1.45928e-07
 1.35901e-07
 1.26833e-07
 6.07321e-07
 5.58029e-07
 5.09783e-07
 4.64219e-07
 4.22151e-07
 3.83867e-07
 3.49343e-07
 3.18378e-07
 2.90689e-07
 2.65962e-07
 2.43882e-07
 2.24152e-07
 2.06498e-07
 1.90675e-07
 1.76465e-07
 1.63677e-07
 1.52142e-07
 1.41715e-07
 1.32266e-07
 1.23685e-07
