scalar
part
         1
quad4
 6.53397e-07
 5.97332e-07
 5.43144e-07
 4.92478e-07
 4.46089e-07
 4.04177e-07
 3.66621e-07
 3.33126e-07
 3.03327e-07
 2.76836e-07
 2.53278e-07
 2.32304e-07
 2.13602e-07
 1.96890e-07
 1.81925e-07
 1.68492e-07
 1.56405e-07
 1.45501e-07
 1.35641e-07
 1.26703e-07
 7.68285e-07
 6.88962e-07
 6.15932e-07
 5.50290e-07
 4.92121e-07
 4.40982e-07
 3.96200e-07
 3.57035e-07
 3.22769e-07
 2.92742e-07
 2.66370e-07
 2.43144e-07
 2.22628e-07
 2.04447e-07
 1.88285e-07
 1.73871e-07
 1.60975e-07
 1.49402e-07
 1.38985e-07
 1.29581e-07
 9.02688e-07
 7.92153e-07
 6.95233e-07
 6.11498e-07
 5.39666e-07
 4.78190e-07
 4.25550e-07
 3.80375e-07
 3.41477e-07
 3.07854e-07
 2.78667e-07
 2.53220e-07
 2.30939e-07
 2.11346e-07
 1.94045e-07
 1.78707e-07
 1.65056e-07
 1.52863e-07
 1.41934e-07
 1.32104e-07
 1.05601e-06
 9.04959e-07
 7.78858e-07
 6.74110e-07
 5.87061e-07
 5.14470e-07
 4.53629e-07
 4.02337e-07
 3.58826e-07
 3.21686e-07
 2.89791e-07
 2.62240e-07
 2.38308e-07
 2.17407e-07
 1.99063e-07
 1.82886e-07
 1.68557e-07
 1.55810e-07
 1.44427e-07
 1.34222e-07
 1.22397e-06
 1.02290e-06
 8.63006e-07
 7.35151e-07
 6.32061e-07
 5.48153e-07
 4.79200e-07
 4.22001e-07
 3.74129e-07
 3.33724e-07
 2.99355e-07
 2.69907e-07
 2.44505e-07
 2.22454e-07
 2.03202e-07
 1.86302e-07
 1.71392e-07
 1.58176e-07
 1.46410e-07
 1.35893e-07
 1.39655e-06
 1.13822e-06
 9.42087e-07
 7.90696e-07
 6.71923e-07
 5.77316e-07
 5.00901e-07
 4.38397e-07
 3.86684e-07
 3.43455e-07
 3.06979e-07
 2.75938e-07
 2.49316e-07
 2.26323e-07
 2.06334e-07
 1.88854e-07
 1.73483e-07
 1.59898e-07
 1.47835e-07
 1.37076e-07
 1.55661e-06
 1.23983e-06
 1.00901e-06
 8.36169e-07
 7.03650e-07
 5.99957e-07
 5.17374e-07
 4.50584e-07
 3.95831e-07
 3.50407e-07
 3.12320e-07
 2.80080e-07
 2.52555e-07
 2.28873e-07
 2.08355e-07
 1.90462e-07
 1.74769e-07
 1.60929e-07
 1.48663e-07
 1.37742e-07
 1.68102e-06
 1.31467e-06
 1.05616e-06
 8.66986e-07
 7.24394e-07
 6.14257e-07
 5.27424e-07
 4.57759e-07
 4.01018e-07
 3.54193e-07
 3.15104e-07
 2.82136e-07
 2.54076e-07
 2.29998e-07
 2.09182e-07
 1.91065e-07
 1.75201e-07
 1.61231e-07
 1.48866e-07
 1.37869e-07
 1.74609e-06
 1.35069e-06
 1.07703e-06
 8.79440e-07
 7.31949e-07
 6.18854e-07
 5.30185e-07
 4.59355e-07
 4.01866e-07
 3.54556e-07
 3.15150e-07
 2.81978e-07
 2.53788e-07
 2.29629e-07
 2.08766e-07
 1.90626e-07
 1.74753e-07
 1.60785e-07
 1.48428e-07
 1.37443e-07
 1.73646e-06
 1.34072e-06
 1.06799e-06
 8.71583e-07
 7.25213e-07
 6.13098e-07
 5.25260e-07
 4.55125e-07
 3.98216e-07
 3.51390e-07
 3.12391e-07
 2.79561e-07
 2.51661e-07
 2.27748e-07
 2.07095e-07
 1.89135e-07
 1.73418e-07
 1.59585e-07
 1.47346e-07
 1.36465e-07
 1.65242e-06
 1.28527e-06
 1.02948e-06
 8.43744e-07
 7.04436e-07
 5.97180e-07
 5.12795e-07
 4.45182e-07
 3.90156e-07
 3.44767e-07
 3.06882e-07
 2.74929e-07
 2.47729e-07
 2.24382e-07
 2.04192e-07
 1.86614e-07
 1.71214e-07
 1.57647e-07
 1.45633e-07
 1.34943e-07
 1.50956e-06
 1.19223e-06
 9.65829e-07
 7.98466e-07
 6.71186e-07
 5.72109e-07
 4.93462e-07
 4.29987e-07
 3.78013e-07
 3.34921e-07
 2.98796e-07
 2.68213e-07
 2.42093e-07
 2.19610e-07
 2.00117e-07
 1.83108e-07
 1.68177e-07
 1.55001e-07
 1.43313e-07
 1.32899e-07
 1.33142e-06
 1.07398e-06
 8.84003e-07
 7.39881e-07
 6.28029e-07
 5.39538e-07
 4.68365e-07
 4.10295e-07
 3.62316e-07
 3.22232e-07
 2.88410e-07
 2.59617e-07
 2.34908e-07
 2.13549e-07
 1.94962e-07
 1.78691e-07
 1.64366e-07
 1.51692e-07
 1.40423e-07
 1.30362e-07
 1.14111e-06
 9.43704e-07
 7.91836e-07
 6.72826e-07
 5.78054e-07
 5.01502e-07
 4.38877e-07
 3.87059e-07
 3.43740e-07
 3.07187e-07
 2.76083e-07
 2.49410e-07
 2.26376e-07
 2.06354e-07
 1.88848e-07
 1.73456e-07
 1.59856e-07
 1.47780e-07
 1.37012e-07
 1.27371e-07
 9.56397e-07
 8.12643e-07
 6.96534e-07
 6.02005e-07
 5.24394e-07
 4.60130e-07
 4.06476e-07
 3.61323e-07
 3.23034e-07
 2.90335e-07
 2.62221e-07
 2.37898e-07
 2.16730e-07
 1.98207e-07
 1.81914e-07
 1.67515e-07
 1.54733e-07
 1.43337e-07
 1.33137e-07
 1.23974e-07
 7.88535e-07
 6.88900e-07
 6.03792e-07
 5.31401e-07
 4.69848e-07
 4.17409e-07
 3.72588e-07
 3.34122e-07
 3.00961e-07
 2.72242e-07
 2.47252e-07
 2.25405e-07
 2.06221e-07
 1.89300e-07
 1.74315e-07
 1.60989e-07
 1.49095e-07
 1.38439e-07
 1.28861e-07
 1.20222e-07
 6.42917e-07
 5.77315e-07
 5.17495e-07
 4.63995e-07
 4.16661e-07
 3.75017e-07
 3.38467e-07
 3.06399e-07
 2.78235e-07
 2.53452e-07
 2.31592e-07
 2.12256e-07
 1.95101e-07
 1.79835e-07
 1.66207e-07
 1.54004e-07
 1.43044e-07
 1.33171e-07
 1.24251e-07
 1.16170e-07
 5.20665e-07
 4.80013e-07
 4.39844e-07
 4.01735e-07
 3.66445e-07
 3.34247e-07
 3.05135e-07
 2.78956e-07
 2.55480e-07
 2.34456e-07
 2.15629e-07
 1.98755e-07
 1.83614e-07
 1.70004e-07
 1.57747e-07
 1.46686e-07
 1.36682e-07
 1.27614e-07
 1.19377e-07
 1.11876e-07
 4.20285e-07
 3.97185e-07
 3.71700e-07
 3.45667e-07
 3.20215e-07
 2.95999e-07
 2.73355e-07
 2.52422e-07
 2.33215e-07
 2.15674e-07
 1.99701e-07
 1.85179e-07
 1.71982e-07
 1.59989e-07
 1.49084e-07
 1.39157e-07
 1.30110e-07
 1.21853e-07
 1.14306e-07
 1.07397e-07
 3.39030e-07
 3.27852e-07
 3.12985e-07
 2.96134e-07
 2.78481e-07
 2.60816e-07
 2.43641e-07
 2.27259e-07
 2.11835e-07
 1.97441e-07
 1.84092e-07
 1.71761e-07
 1.60401e-07
 1.49953e-07
 1.40350e-07
 1.31528e-07
 1.23420e-07
 1.15966e-07
 1.09106e-07
 1.02787e-07
