scalar
part
         1
quad4
 5.91956e-07
 5.44206e-07
 4.97347e-07
 4.53032e-07
 4.12085e-07
 3.74806e-07
 3.41178e-07
 3.11011e-07
 2.84032e-07
 2.59935e-07
 2.38414e-07
 2.19180e-07
 2.01967e-07
 1.86536e-07
 1.72675e-07
 1.60199e-07
 1.48944e-07
 1.38766e-07
 1.29542e-07
 1.21164e-07
 7.00409e-07
 6.31443e-07
 5.67246e-07
 5.09034e-07
 4.57066e-07
 4.11082e-07
 3.70583e-07
 3.34982e-07
 3.03689e-07
 2.76150e-07
 2.51871e-07
 2.30412e-07
 2.11394e-07
 1.94492e-07
 1.79425e-07
 1.65953e-07
 1.53872e-07
 1.43007e-07
 1.33206e-07
 1.24342e-07
 8.28265e-07
 7.30534e-07
 6.44134e-07
 5.68960e-07
 5.04070e-07
 4.48225e-07
 4.00165e-07
 3.58731e-07
 3.22904e-07
 2.91817e-07
 2.64737e-07
 2.41052e-07
 2.20252e-07
 2.01912e-07
 1.85677e-07
 1.71250e-07
 1.58384e-07
 1.46868e-07
 1.36527e-07
 1.27210e-07
 9.75482e-07
 8.40026e-07
 7.26208e-07
 6.31105e-07
 5.51643e-07
 4.85049e-07
 4.28982e-07
 3.81516e-07
 3.41099e-07
 3.06481e-07
 2.76658e-07
 2.50822e-07
 2.28319e-07
 2.08620e-07
 1.91291e-07
 1.75978e-07
 1.62388e-07
 1.50277e-07
 1.39444e-07
 1.29718e-07
 1.13872e-06
 9.56154e-07
 8.10175e-07
 6.92835e-07
 5.97760e-07
 5.20028e-07
 4.55885e-07
 4.02476e-07
 3.57623e-07
 3.19650e-07
 2.87257e-07
 2.59430e-07
 2.35370e-07
 2.14440e-07
 1.96129e-07
 1.80027e-07
 1.65797e-07
 1.53164e-07
 1.41901e-07
 1.31820e-07
 1.30941e-06
 1.07211e-06
 8.91035e-07
 7.50582e-07
 6.39893e-07
 5.51361e-07
 4.79586e-07
 4.20679e-07
 3.71794e-07
 3.30818e-07
 2.96156e-07
 2.66593e-07
 2.41188e-07
 2.19205e-07
 2.00062e-07
 1.83295e-07
 1.68530e-07
 1.55463e-07
 1.43847e-07
 1.33474e-07
 1.47237e-06
 1.17791e-06
 9.62283e-07
 8.00079e-07
 6.75201e-07
 5.77125e-07
 4.98759e-07
 4.35194e-07
 3.82950e-07
 3.39507e-07
 3.03005e-07
 2.72050e-07
 2.45577e-07
 2.22765e-07
 2.02973e-07
 1.85693e-07
 1.70518e-07
 1.57121e-07
 1.45237e-07
 1.34646e-07
 1.60653e-06
 1.26140e-06
 1.01671e-06
 8.36900e-07
 7.00882e-07
 5.95496e-07
 5.12186e-07
 4.45190e-07
 3.90510e-07
 3.45305e-07
 3.07506e-07
 2.75581e-07
 2.48374e-07
 2.25000e-07
 2.04772e-07
 1.87150e-07
 1.71705e-07
 1.58094e-07
 1.46037e-07
 1.35307e-07
 1.68954e-06
 1.31090e-06
 1.04781e-06
 8.57243e-07
 7.14616e-07
 6.05008e-07
 5.18912e-07
 4.50027e-07
 3.94037e-07
 3.47906e-07
 3.09442e-07
 2.77031e-07
 2.49465e-07
 2.25823e-07
 2.05392e-07
 1.87617e-07
 1.72055e-07
 1.58353e-07
 1.46226e-07
 1.35441e-07
 1.70537e-06
 1.31851e-06
 1.05139e-06
 8.58738e-07
 7.14999e-07
 6.04794e-07
 5.18383e-07
 4.49342e-07
 3.93288e-07
 3.47143e-07
 3.08694e-07
 2.76316e-07
 2.48789e-07
 2.25190e-07
 2.04803e-07
 1.87069e-07
 1.71547e-07
 1.57883e-07
 1.45791e-07
 1.35038e-07
 1.65083e-06
 1.28278e-06
 1.02672e-06
 8.40999e-07
 7.01820e-07
 5.94736e-07
 5.10534e-07
 4.43100e-07
 3.88242e-07
 3.43007e-07
 3.05261e-07
 2.73435e-07
 2.46349e-07
 2.23104e-07
 2.03006e-07
 1.85511e-07
 1.70186e-07
 1.56688e-07
 1.44735e-07
 1.34102e-07
 1.53633e-06
 1.20894e-06
 9.76664e-07
 8.05693e-07
 6.76101e-07
 5.75491e-07
 4.95801e-07
 4.31598e-07
 3.79110e-07
 3.35647e-07
 2.99252e-07
 2.68471e-07
 2.42205e-07
 2.19613e-07
 2.00040e-07
 1.82970e-07
 1.67996e-07
 1.54786e-07
 1.43075e-07
 1.32644e-07
 1.38090e-06
 1.10696e-06
 9.06807e-07
 7.56125e-07
 6.39886e-07
 5.48369e-07
 4.75052e-07
 4.15430e-07
 3.66306e-07
 3.25361e-07
 2.90883e-07
 2.61584e-07
 2.36480e-07
 2.14809e-07
 1.95974e-07
 1.79504e-07
 1.65019e-07
 1.52213e-07
 1.40838e-07
 1.30689e-07
 1.20556e-06
 9.88641e-07
 8.24072e-07
 6.96531e-07
 5.95861e-07
 5.15127e-07
 4.49470e-07
 3.95409e-07
 3.50402e-07
 3.12559e-07
 2.80455e-07
 2.52997e-07
 2.29340e-07
 2.08819e-07
 1.90909e-07
 1.75188e-07
 1.61317e-07
 1.49018e-07
 1.38063e-07
 1.28266e-07
 1.02847e-06
 8.65006e-07
 7.35350e-07
 6.31327e-07
 5.46928e-07
 4.77718e-07
 4.20396e-07
 3.72476e-07
 3.32072e-07
 2.97731e-07
 2.68327e-07
 2.42980e-07
 2.20991e-07
 2.01802e-07
 1.84966e-07
 1.70120e-07
 1.56966e-07
 1.45260e-07
 1.34800e-07
 1.25417e-07
 8.62538e-07
 7.44768e-07
 6.46508e-07
 5.64498e-07
 4.95828e-07
 4.38055e-07
 3.89185e-07
 3.47606e-07
 3.12025e-07
 2.81400e-07
 2.54894e-07
 2.31830e-07
 2.11660e-07
 1.93933e-07
 1.78283e-07
 1.64407e-07
 1.52052e-07
 1.41009e-07
 1.31103e-07
 1.22187e-07
 7.15098e-07
 6.33730e-07
 5.61891e-07
 4.99231e-07
 4.44886e-07
 3.97837e-07
 3.57087e-07
 3.21724e-07
 2.90953e-07
 2.64088e-07
 2.40551e-07
 2.19853e-07
 2.01584e-07
 1.85398e-07
 1.71007e-07
 1.58166e-07
 1.46669e-07
 1.36342e-07
 1.27036e-07
 1.18625e-07
 5.88866e-07
 5.34977e-07
 4.84251e-07
 4.37781e-07
 3.95879e-07
 3.58442e-07
 3.25161e-07
 2.95645e-07
 2.69484e-07
 2.46283e-07
 2.25678e-07
 2.07346e-07
 1.90997e-07
 1.76383e-07
 1.63286e-07
 1.51516e-07
 1.40913e-07
 1.31335e-07
 1.22661e-07
 1.14786e-07
 4.83479e-07
 4.49490e-07
 4.14966e-07
 3.81519e-07
 3.50023e-07
 3.20888e-07
 2.94240e-07
 2.70040e-07
 2.48155e-07
 2.28412e-07
 2.10618e-07
 1.94581e-07
 1.80120e-07
 1.67065e-07
 1.55263e-07
 1.44575e-07
 1.34880e-07
 1.26069e-07
 1.18044e-07
 1.10723e-07
 3.96904e-07
 3.76866e-07
 3.54383e-07
 3.31086e-07
 3.08027e-07
 2.85853e-07
 2.64926e-07
 2.45423e-07
 2.27398e-07
 2.10833e-07
 1.95663e-07
 1.81802e-07
 1.69150e-07
 1.57607e-07
 1.47073e-07
 1.37454e-07
 1.28662e-07
 1.20619e-07
 1.13249e-07
 1.06489e-07
