scalar
part
         1
quad4
 4.96868e-07
 4.62464e-07
 4.27312e-07
 3.93078e-07
 3.60714e-07
 3.30689e-07
 3.03174e-07
 2.78152e-07
 2.55506e-07
 2.35065e-07
 2.16639e-07
 2.00033e-07
 1.85060e-07
 1.71546e-07
 1.59332e-07
 1.48277e-07
 1.38252e-07
 1.29144e-07
 1.20854e-07
 1.13294e-07
 5.94786e-07
 5.42601e-07
 4.92610e-07
 4.46252e-07
 4.04092e-07
 3.66198e-07
 3.32368e-07
 3.02274e-07
 2.75544e-07
 2.51801e-07
 2.30693e-07
 2.11899e-07
 1.95130e-07
 1.80136e-07
 1.66695e-07
 1.54618e-07
 1.43737e-07
 1.33910e-07
 1.25012e-07
 1.16935e-07
 7.11845e-07
 6.35054e-07
 5.65677e-07
 5.04213e-07
 4.50327e-07
 4.03322e-07
 3.62388e-07
 3.26726e-07
 2.95603e-07
 2.68373e-07
 2.44477e-07
 2.23438e-07
 2.04851e-07
 1.88373e-07
 1.73715e-07
 1.60631e-07
 1.48914e-07
 1.38389e-07
 1.28904e-07
 1.20331e-07
 8.48966e-07
 7.39218e-07
 6.45368e-07
 5.65737e-07
 4.98299e-07
 4.41108e-07
 3.92448e-07
 3.50869e-07
 3.15173e-07
 2.84373e-07
 2.57665e-07
 2.34391e-07
 2.14013e-07
 1.96089e-07
 1.80253e-07
 1.66205e-07
 1.53692e-07
 1.42506e-07
 1.32469e-07
 1.23433e-07
 1.00449e-06
 8.52578e-07
 7.29247e-07
 6.28756e-07
 5.46349e-07
 4.78256e-07
 4.21541e-07
 3.73930e-07
 3.33654e-07
 2.99336e-07
 2.69895e-07
 2.44474e-07
 2.22394e-07
 2.03107e-07
 1.86171e-07
 1.71227e-07
 1.57981e-07
 1.46188e-07
 1.35647e-07
 1.26189e-07
 1.17245e-06
 9.69976e-07
 8.13309e-07
 6.90283e-07
 5.92280e-07
 5.13156e-07
 4.48484e-07
 3.95028e-07
 3.50391e-07
 3.12769e-07
 2.80792e-07
 2.53400e-07
 2.29770e-07
 2.09253e-07
 1.91331e-07
 1.75589e-07
 1.61692e-07
 1.49364e-07
 1.38381e-07
 1.28555e-07
 1.34108e-06
 1.08324e-06
 8.91991e-07
 7.46526e-07
 6.33481e-07
 5.43986e-07
 4.71987e-07
 4.13241e-07
 3.64711e-07
 3.24176e-07
 2.89985e-07
 2.60889e-07
 2.35929e-07
 2.14362e-07
 1.95604e-07
 1.79189e-07
 1.64746e-07
 1.51971e-07
 1.40620e-07
 1.30488e-07
 1.49280e-06
 1.18170e-06
 9.58658e-07
 7.93249e-07
 6.67178e-07
 5.68886e-07
 4.90773e-07
 4.27674e-07
 3.75978e-07
 3.33097e-07
 2.97137e-07
 2.66687e-07
 2.40679e-07
 2.18289e-07
 1.98878e-07
 1.81941e-07
 1.67074e-07
 1.53954e-07
 1.42319e-07
 1.31952e-07
 1.60698e-06
 1.25391e-06
 1.00663e-06
 8.26383e-07
 6.90801e-07
 5.86180e-07
 5.03722e-07
 4.37559e-07
 3.83653e-07
 3.39145e-07
 3.01966e-07
 2.70590e-07
 2.43866e-07
 2.20917e-07
 2.01064e-07
 1.83773e-07
 1.68622e-07
 1.55270e-07
 1.43445e-07
 1.32921e-07
 1.66536e-06
 1.29030e-06
 1.03054e-06
 8.42755e-07
 7.02392e-07
 5.94617e-07
 5.10008e-07
 4.42338e-07
 3.87349e-07
 3.42047e-07
 3.04277e-07
 2.72452e-07
 2.45382e-07
 2.22164e-07
 2.02099e-07
 1.84639e-07
 1.69351e-07
 1.55889e-07
 1.43973e-07
 1.33375e-07
 1.65804e-06
 1.28577e-06
 1.02758e-06
 8.40729e-07
 7.00955e-07
 5.93564e-07
 5.09217e-07
 4.41730e-07
 3.86874e-07
 3.41669e-07
 3.03972e-07
 2.72202e-07
 2.45176e-07
 2.21992e-07
 2.01953e-07
 1.84515e-07
 1.69245e-07
 1.55798e-07
 1.43893e-07
 1.33305e-07
 1.58671e-06
 1.24116e-06
 9.98184e-07
 8.20549e-07
 6.86630e-07
 5.83110e-07
 5.01406e-07
 4.35775e-07
 3.82253e-07
 3.38028e-07
 3.01063e-07
 2.69850e-07
 2.43253e-07
 2.20404e-07
 2.00631e-07
 1.83404e-07
 1.68305e-07
 1.54997e-07
 1.43207e-07
 1.32713e-07
 1.46384e-06
 1.16287e-06
 9.45880e-07
 7.84267e-07
 6.60669e-07
 5.64046e-07
 4.87092e-07
 4.24819e-07
 3.73725e-07
 3.31292e-07
 2.95672e-07
 2.65484e-07
 2.39679e-07
 2.17451e-07
 1.98169e-07
 1.81336e-07
 1.66554e-07
 1.53505e-07
 1.41928e-07
 1.31610e-07
 1.30831e-06
 1.06098e-06
 8.76399e-07
 7.35298e-07
 6.25193e-07
 5.37733e-07
 4.67175e-07
 4.09475e-07
 3.61717e-07
 3.21763e-07
 2.88016e-07
 2.59263e-07
 2.34574e-07
 2.13223e-07
 1.94637e-07
 1.78363e-07
 1.64034e-07
 1.51355e-07
 1.40082e-07
 1.30017e-07
 1.13980e-06
 9.46702e-07
 7.96399e-07
 6.77757e-07
 5.82827e-07
 5.05897e-07
 4.42820e-07
 3.90543e-07
 3.46791e-07
 3.09845e-07
 2.78389e-07
 2.51406e-07
 2.28100e-07
 2.07842e-07
 1.90130e-07
 1.74559e-07
 1.60803e-07
 1.48592e-07
 1.37706e-07
 1.27963e-07
 9.74348e-07
 8.30032e-07
 7.12233e-07
 6.15767e-07
 5.36308e-07
 4.70393e-07
 4.15307e-07
 3.68927e-07
 3.29595e-07
 2.96008e-07
 2.67140e-07
 2.42173e-07
 2.20455e-07
 2.01461e-07
 1.84764e-07
 1.70016e-07
 1.56931e-07
 1.45274e-07
 1.34846e-07
 1.25485e-07
 8.22381e-07
 7.18419e-07
 6.29084e-07
 5.52926e-07
 4.88147e-07
 4.32994e-07
 3.85904e-07
 3.45544e-07
 3.10799e-07
 2.80750e-07
 2.54640e-07
 2.31845e-07
 2.11854e-07
 1.94246e-07
 1.78670e-07
 1.64836e-07
 1.52503e-07
 1.41466e-07
 1.31555e-07
 1.22627e-07
 6.88993e-07
 6.16448e-07
 5.50606e-07
 4.92010e-07
 4.40419e-07
 3.95240e-07
 3.55756e-07
 3.21248e-07
 2.91048e-07
 2.64560e-07
 2.41263e-07
 2.20711e-07
 2.02523e-07
 1.86373e-07
 1.71987e-07
 1.59131e-07
 1.47605e-07
 1.37240e-07
 1.27891e-07
 1.19435e-07
 5.75393e-07
 5.26259e-07
 4.78965e-07
 4.34905e-07
 3.94665e-07
 3.58353e-07
 3.25820e-07
 2.96786e-07
 2.70921e-07
 2.47888e-07
 2.27363e-07
 2.09049e-07
 1.92679e-07
 1.78017e-07
 1.64855e-07
 1.53011e-07
 1.42328e-07
 1.32669e-07
 1.23914e-07
 1.15960e-07
 4.80485e-07
 4.48252e-07
 4.15124e-07
 3.82699e-07
 3.51905e-07
 3.23221e-07
 2.96836e-07
 2.72762e-07
 2.50908e-07
 2.31130e-07
 2.13257e-07
 1.97114e-07
 1.82530e-07
 1.69344e-07
 1.57408e-07
 1.46588e-07
 1.36764e-07
 1.27828e-07
 1.19686e-07
 1.12253e-07
