scalar
part
         1
quad4
 4.71041e-07
 4.40956e-07
 4.09484e-07
 3.78336e-07
 3.48532e-07
 3.20618e-07
 2.94836e-07
 2.71236e-07
 2.49758e-07
 2.30279e-07
 2.12644e-07
 1.96692e-07
 1.82262e-07
 1.69199e-07
 1.57362e-07
 1.46622e-07
 1.36862e-07
 1.27977e-07
 1.19876e-07
 1.12476e-07
 5.67113e-07
 5.20151e-07
 4.74457e-07
 4.31584e-07
 3.92231e-07
 3.56588e-07
 3.24564e-07
 2.95920e-07
 2.70356e-07
 2.47556e-07
 2.27212e-07
 2.09038e-07
 1.92778e-07
 1.78201e-07
 1.65104e-07
 1.53311e-07
 1.42667e-07
 1.33036e-07
 1.24302e-07
 1.16363e-07
 6.82699e-07
 6.12144e-07
 5.47685e-07
 4.90065e-07
 4.39173e-07
 3.94500e-07
 3.55386e-07
 3.21151e-07
 2.91152e-07
 2.64812e-07
 2.41625e-07
 2.21153e-07
 2.03022e-07
 1.86913e-07
 1.72554e-07
 1.59715e-07
 1.48198e-07
 1.37836e-07
 1.28487e-07
 1.20026e-07
 8.19132e-07
 7.16647e-07
 6.28255e-07
 5.52713e-07
 4.88343e-07
 4.33463e-07
 3.86556e-07
 3.46317e-07
 3.11650e-07
 2.81648e-07
 2.55562e-07
 2.32776e-07
 2.12784e-07
 1.95165e-07
 1.79573e-07
 1.65720e-07
 1.53363e-07
 1.42303e-07
 1.32367e-07
 1.23413e-07
 9.75383e-07
 8.31578e-07
 7.14006e-07
 6.17628e-07
 5.38180e-07
 4.72238e-07
 4.17101e-07
 3.70659e-07
 3.31258e-07
 2.97600e-07
 2.68660e-07
 2.43623e-07
 2.21837e-07
 2.02777e-07
 1.86017e-07
 1.71210e-07
 1.58069e-07
 1.46358e-07
 1.35880e-07
 1.26471e-07
 1.14635e-06
 9.52286e-07
 8.01217e-07
 6.81974e-07
 5.86565e-07
 5.09247e-07
 4.45848e-07
 3.93300e-07
 3.49316e-07
 3.12168e-07
 2.80536e-07
 2.53397e-07
 2.29952e-07
 2.09569e-07
 1.91744e-07
 1.76072e-07
 1.62223e-07
 1.49928e-07
 1.38966e-07
 1.29151e-07
 1.32130e-06
 1.07109e-06
 8.84542e-07
 7.42045e-07
 6.30911e-07
 5.42665e-07
 4.71491e-07
 4.13295e-07
 3.65131e-07
 3.24838e-07
 2.90804e-07
 2.61805e-07
 2.36903e-07
 2.15366e-07
 1.96617e-07
 1.80198e-07
 1.65740e-07
 1.52945e-07
 1.41569e-07
 1.31409e-07
 1.48349e-06
 1.17759e-06
 9.57394e-07
 7.93570e-07
 6.68383e-07
 5.70572e-07
 4.92704e-07
 4.29709e-07
 3.78033e-07
 3.35121e-07
 2.99102e-07
 2.68577e-07
 2.42486e-07
 2.20010e-07
 2.00513e-07
 1.83492e-07
 1.68545e-07
 1.55348e-07
 1.43640e-07
 1.33205e-07
 1.61232e-06
 1.26012e-06
 1.01284e-06
 8.32275e-07
 6.96255e-07
 5.91173e-07
 5.08274e-07
 4.41705e-07
 3.87431e-07
 3.42593e-07
 3.05122e-07
 2.73484e-07
 2.46527e-07
 2.23371e-07
 2.03333e-07
 1.85876e-07
 1.70575e-07
 1.57089e-07
 1.45142e-07
 1.34508e-07
 1.68813e-06
 1.30817e-06
 1.04493e-06
 8.54602e-07
 7.12312e-07
 6.03044e-07
 5.17256e-07
 4.48638e-07
 3.92876e-07
 3.46935e-07
 3.08630e-07
 2.76354e-07
 2.48900e-07
 2.25352e-07
 2.05000e-07
 1.87291e-07
 1.71785e-07
 1.58131e-07
 1.46044e-07
 1.35294e-07
 1.69819e-06
 1.31517e-06
 1.05001e-06
 8.58406e-07
 7.15237e-07
 6.05342e-07
 5.19095e-07
 4.50132e-07
 3.94107e-07
 3.47961e-07
 3.09495e-07
 2.77088e-07
 2.49530e-07
 2.25896e-07
 2.05473e-07
 1.87705e-07
 1.72149e-07
 1.58453e-07
 1.46330e-07
 1.35549e-07
 1.64104e-06
 1.28033e-06
 1.02762e-06
 8.43408e-07
 7.04851e-07
 5.97949e-07
 5.13708e-07
 4.46130e-07
 3.91081e-07
 3.45640e-07
 3.07691e-07
 2.75670e-07
 2.48403e-07
 2.24992e-07
 2.04743e-07
 1.87110e-07
 1.71662e-07
 1.58051e-07
 1.45997e-07
 1.35272e-07
 1.52713e-06
 1.20894e-06
 9.80627e-07
 8.11251e-07
 6.82140e-07
 5.81479e-07
 5.01493e-07
 4.36893e-07
 3.83978e-07
 3.40096e-07
 3.03306e-07
 2.72161e-07
 2.45565e-07
 2.22676e-07
 2.02835e-07
 1.85527e-07
 1.70338e-07
 1.56937e-07
 1.45054e-07
 1.34468e-07
 1.37513e-06
 1.11073e-06
 9.14471e-07
 7.65137e-07
 6.49068e-07
 5.57182e-07
 4.83269e-07
 4.22975e-07
 3.73178e-07
 3.31597e-07
 2.96533e-07
 2.66703e-07
 2.41121e-07
 2.19023e-07
 1.99809e-07
 1.82999e-07
 1.68212e-07
 1.55137e-07
 1.43521e-07
 1.33156e-07
 1.20580e-06
 9.97278e-07
 8.35899e-07
 7.09170e-07
 6.08225e-07
 5.26741e-07
 4.60159e-07
 4.05142e-07
 3.59217e-07
 3.20524e-07
 2.87647e-07
 2.59497e-07
 2.35221e-07
 2.14150e-07
 1.95751e-07
 1.79596e-07
 1.65338e-07
 1.52695e-07
 1.41433e-07
 1.31361e-07
 1.03673e-06
 8.79292e-07
 7.51597e-07
 6.47622e-07
 5.62406e-07
 4.92031e-07
 4.33447e-07
 3.84292e-07
 3.42731e-07
 3.07337e-07
 2.76987e-07
 2.50795e-07
 2.28054e-07
 2.08199e-07
 1.90773e-07
 1.75402e-07
 1.61782e-07
 1.49662e-07
 1.38832e-07
 1.29119e-07
 8.79675e-07
 7.64993e-07
 6.67175e-07
 5.84324e-07
 5.14253e-07
 4.54893e-07
 4.04435e-07
 3.61357e-07
 3.24400e-07
 2.92536e-07
 2.64924e-07
 2.40877e-07
 2.19834e-07
 2.01336e-07
 1.85002e-07
 1.70519e-07
 1.57625e-07
 1.46103e-07
 1.35769e-07
 1.26470e-07
 7.40705e-07
 6.59609e-07
 5.86693e-07
 5.22306e-07
 4.65992e-07
 4.16960e-07
 3.74324e-07
 3.37227e-07
 3.04887e-07
 2.76620e-07
 2.51837e-07
 2.30034e-07
 2.10787e-07
 1.93735e-07
 1.78577e-07
 1.65055e-07
 1.52953e-07
 1.42087e-07
 1.32300e-07
 1.23460e-07
 6.21606e-07
 5.65740e-07
 5.12651e-07
 4.63682e-07
 4.19317e-07
 3.79555e-07
 3.44137e-07
 3.12689e-07
 2.84799e-07
 2.60060e-07
 2.38092e-07
 2.18552e-07
 2.01135e-07
 1.85574e-07
 1.71638e-07
 1.59124e-07
 1.47857e-07
 1.37688e-07
 1.28486e-07
 1.20138e-07
 5.21583e-07
 4.84082e-07
 4.46257e-07
 4.09725e-07
 3.75385e-07
 3.43662e-07
 3.14683e-07
 2.88398e-07
 2.64660e-07
 2.43272e-07
 2.24021e-07
 2.06695e-07
 1.91092e-07
 1.77025e-07
 1.64324e-07
 1.52837e-07
 1.42430e-07
 1.32982e-07
 1.24389e-07
 1.16557e-07
