scalar
part
         1
quad4
 3.98036e-07
 3.78589e-07
 3.56398e-07
 3.33200e-07
 3.10125e-07
 2.87868e-07
 2.66824e-07
 2.47190e-07
 2.29033e-07
 2.12340e-07
 1.97051e-07
 1.83079e-07
 1.70327e-07
 1.58692e-07
 1.48076e-07
 1.38383e-07
 1.29524e-07
 1.21420e-07
 1.13997e-07
 1.07187e-07
 4.86204e-07
 4.52590e-07
 4.18129e-07
 3.84570e-07
 3.52877e-07
 3.23511e-07
 2.96629e-07
 2.72204e-07
 2.50114e-07
 2.30184e-07
 2.12224e-07
 1.96041e-07
 1.81450e-07
 1.68281e-07
 1.56377e-07
 1.45600e-07
 1.35826e-07
 1.26943e-07
 1.18856e-07
 1.11477e-07
 5.93805e-07
 5.39864e-07
 4.88820e-07
 4.41926e-07
 3.99582e-07
 3.61726e-07
 3.28068e-07
 2.98220e-07
 2.71770e-07
 2.48320e-07
 2.27502e-07
 2.08985e-07
 1.92477e-07
 1.77725e-07
 1.64508e-07
 1.52634e-07
 1.41939e-07
 1.32280e-07
 1.23534e-07
 1.15595e-07
 7.22990e-07
 6.40832e-07
 5.68100e-07
 5.04591e-07
 4.49494e-07
 4.01804e-07
 3.60515e-07
 3.24704e-07
 2.93558e-07
 2.66380e-07
 2.42581e-07
 2.21662e-07
 2.03205e-07
 1.86859e-07
 1.72330e-07
 1.59370e-07
 1.47769e-07
 1.37351e-07
 1.27966e-07
 1.19485e-07
 8.74134e-07
 7.54440e-07
 6.54506e-07
 5.71118e-07
 5.01339e-07
 4.42683e-07
 3.93107e-07
 3.50961e-07
 3.14922e-07
 2.83923e-07
 2.57111e-07
 2.33792e-07
 2.13408e-07
 1.95501e-07
 1.79698e-07
 1.65689e-07
 1.53221e-07
 1.42079e-07
 1.32086e-07
 1.23093e-07
 1.04430e-06
 8.77383e-07
 7.45113e-07
 6.39129e-07
 5.53255e-07
 4.82926e-07
 4.24742e-07
 3.76152e-07
 3.35216e-07
 3.00450e-07
 2.70703e-07
 2.45072e-07
 2.22848e-07
 2.03462e-07
 1.86460e-07
 1.71471e-07
 1.58194e-07
 1.46382e-07
 1.35830e-07
 1.26366e-07
 1.22554e-06
 1.00344e-06
 8.35310e-07
 7.05274e-07
 6.02816e-07
 5.20772e-07
 4.54134e-07
 3.99324e-07
 3.53733e-07
 3.15428e-07
 2.82952e-07
 2.55191e-07
 2.31284e-07
 2.10554e-07
 1.92468e-07
 1.76597e-07
 1.62596e-07
 1.50185e-07
 1.39134e-07
 1.29251e-07
 1.40387e-06
 1.12332e-06
 9.18913e-07
 7.65390e-07
 6.47180e-07
 5.54250e-07
 4.79892e-07
 4.19482e-07
 3.69748e-07
 3.28324e-07
 2.93461e-07
 2.63848e-07
 2.38485e-07
 2.16598e-07
 1.97582e-07
 1.80957e-07
 1.66338e-07
 1.53418e-07
 1.41942e-07
 1.31704e-07
 1.55985e-06
 1.22540e-06
 9.88757e-07
 8.14928e-07
 6.83377e-07
 5.81371e-07
 5.00653e-07
 4.35673e-07
 3.82582e-07
 3.38643e-07
 3.01865e-07
 2.70771e-07
 2.44246e-07
 2.21437e-07
 2.01680e-07
 1.84454e-07
 1.69345e-07
 1.56019e-07
 1.44205e-07
 1.33685e-07
 1.67164e-06
 1.29760e-06
 1.03781e-06
 8.49614e-07
 7.08708e-07
 6.00374e-07
 5.15236e-07
 4.47084e-07
 3.91662e-07
 3.45976e-07
 3.07864e-07
 2.75736e-07
 2.48398e-07
 2.24941e-07
 2.04663e-07
 1.87013e-07
 1.71554e-07
 1.57939e-07
 1.45884e-07
 1.35161e-07
 1.72061e-06
 1.33022e-06
 1.06065e-06
 8.66235e-07
 7.21185e-07
 6.09981e-07
 5.22793e-07
 4.53135e-07
 3.96583e-07
 3.50032e-07
 3.11247e-07
 2.78587e-07
 2.50823e-07
 2.27022e-07
 2.06461e-07
 1.88577e-07
 1.72924e-07
 1.59144e-07
 1.46951e-07
 1.36109e-07
 1.69802e-06
 1.31878e-06
 1.05480e-06
 8.63331e-07
 7.19903e-07
 6.09607e-07
 5.22929e-07
 4.53554e-07
 3.97153e-07
 3.50672e-07
 3.11911e-07
 2.79246e-07
 2.51462e-07
 2.27631e-07
 2.07037e-07
 1.89118e-07
 1.73430e-07
 1.59617e-07
 1.47391e-07
 1.36519e-07
 1.60910e-06
 1.26571e-06
 1.02145e-06
 8.41541e-07
 7.05211e-07
 5.99449e-07
 5.15760e-07
 4.48409e-07
 3.93409e-07
 3.47918e-07
 3.09867e-07
 2.77720e-07
 2.50318e-07
 2.26771e-07
 2.06391e-07
 1.88634e-07
 1.73071e-07
 1.59353e-07
 1.47201e-07
 1.36386e-07
 1.47113e-06
 1.17955e-06
 9.65188e-07
 8.03448e-07
 6.78643e-07
 5.80452e-07
 5.01888e-07
 4.38093e-07
 3.85617e-07
 3.41951e-07
 3.05243e-07
 2.74098e-07
 2.47454e-07
 2.24488e-07
 2.04558e-07
 1.87153e-07
 1.71866e-07
 1.58369e-07
 1.46394e-07
 1.35721e-07
 1.30651e-06
 1.07220e-06
 8.92675e-07
 7.52979e-07
 6.42603e-07
 5.54141e-07
 4.82306e-07
 4.23273e-07
 3.74232e-07
 3.33090e-07
 2.98264e-07
 2.68544e-07
 2.42991e-07
 2.20872e-07
 2.01604e-07
 1.84723e-07
 1.69855e-07
 1.56694e-07
 1.44992e-07
 1.34542e-07
 1.13568e-06
 9.55612e-07
 8.11104e-07
 6.94584e-07
 5.99927e-07
 5.22369e-07
 4.58258e-07
 4.04799e-07
 3.59849e-07
 3.21757e-07
 2.89236e-07
 2.61281e-07
 2.37096e-07
 2.16047e-07
 1.97625e-07
 1.81420e-07
 1.67094e-07
 1.54374e-07
 1.43031e-07
 1.32876e-07
 9.73095e-07
 8.39474e-07
 7.26854e-07
 6.32487e-07
 5.53446e-07
 4.87067e-07
 4.31079e-07
 3.83610e-07
 3.43139e-07
 3.08438e-07
 2.78516e-07
 2.52576e-07
 2.29967e-07
 2.10165e-07
 1.92738e-07
 1.77332e-07
 1.63655e-07
 1.51464e-07
 1.40555e-07
 1.30760e-07
 8.26797e-07
 7.30292e-07
 6.44769e-07
 5.70183e-07
 5.05659e-07
 4.50019e-07
 4.02054e-07
 3.60640e-07
 3.24786e-07
 2.93641e-07
 2.66485e-07
 2.42715e-07
 2.21826e-07
 2.03397e-07
 1.87074e-07
 1.72564e-07
 1.59619e-07
 1.48028e-07
 1.37617e-07
 1.28235e-07
 6.99834e-07
 6.31620e-07
 5.68014e-07
 5.10229e-07
 4.58545e-07
 4.12733e-07
 3.72322e-07
 3.36749e-07
 3.05441e-07
 2.77860e-07
 2.53520e-07
 2.31991e-07
 2.12898e-07
 1.95918e-07
 1.80774e-07
 1.67227e-07
 1.55074e-07
 1.44139e-07
 1.34274e-07
 1.25349e-07
 5.92125e-07
 5.44795e-07
 4.98301e-07
 4.54270e-07
 4.13524e-07
 3.76372e-07
 3.42813e-07
 3.12669e-07
 2.85680e-07
 2.61549e-07
 2.39978e-07
 2.20684e-07
 2.03405e-07
 1.87906e-07
 1.73977e-07
 1.61433e-07
 1.50111e-07
 1.39870e-07
 1.30586e-07
 1.22150e-07
