scalar
part
         1
quad4
 3.54703e-07
 3.40980e-07
 3.23959e-07
 3.05310e-07
 2.86168e-07
 2.67274e-07
 2.49085e-07
 2.31868e-07
 2.15753e-07
 2.00787e-07
 1.86960e-07
 1.74231e-07
 1.62536e-07
 1.51806e-07
 1.41965e-07
 1.32940e-07
 1.24659e-07
 1.17056e-07
 1.10068e-07
 1.03640e-07
 4.37216e-07
 4.11027e-07
 3.83022e-07
 3.54950e-07
 3.27857e-07
 3.02320e-07
 2.78611e-07
 2.56817e-07
 2.36909e-07
 2.18796e-07
 2.02353e-07
 1.87443e-07
 1.73924e-07
 1.61663e-07
 1.50531e-07
 1.40414e-07
 1.31206e-07
 1.22812e-07
 1.15148e-07
 1.08137e-07
 5.38680e-07
 4.94336e-07
 4.51273e-07
 4.10906e-07
 3.73853e-07
 3.40272e-07
 3.10071e-07
 2.83028e-07
 2.58863e-07
 2.37284e-07
 2.18007e-07
 2.00767e-07
 1.85325e-07
 1.71466e-07
 1.59002e-07
 1.47767e-07
 1.37618e-07
 1.28426e-07
 1.20084e-07
 1.12494e-07
 6.61627e-07
 5.91719e-07
 5.28675e-07
 4.72754e-07
 4.23591e-07
 3.80554e-07
 3.42931e-07
 3.10030e-07
 2.81211e-07
 2.55911e-07
 2.33637e-07
 2.13967e-07
 1.96541e-07
 1.81053e-07
 1.67243e-07
 1.54888e-07
 1.43801e-07
 1.33822e-07
 1.24812e-07
 1.16656e-07
 8.07223e-07
 7.02771e-07
 6.14232e-07
 5.39370e-07
 4.76013e-07
 4.22238e-07
 3.76413e-07
 3.37183e-07
 3.03434e-07
 2.74255e-07
 2.48903e-07
 2.26769e-07
 2.07353e-07
 1.90246e-07
 1.75108e-07
 1.61657e-07
 1.49658e-07
 1.38917e-07
 1.29266e-07
 1.20566e-07
 9.73920e-07
 8.25123e-07
 7.05613e-07
 6.08737e-07
 5.29471e-07
 4.64018e-07
 4.09491e-07
 3.63688e-07
 3.24908e-07
 2.91831e-07
 2.63425e-07
 2.38872e-07
 2.17522e-07
 1.98853e-07
 1.82443e-07
 1.67949e-07
 1.55089e-07
 1.43629e-07
 1.33376e-07
 1.24169e-07
 1.15586e-06
 9.53725e-07
 7.98841e-07
 6.77841e-07
 5.81715e-07
 5.04218e-07
 4.40919e-07
 3.88610e-07
 3.44927e-07
 3.08102e-07
 2.76790e-07
 2.49957e-07
 2.26798e-07
 2.06679e-07
 1.89095e-07
 1.73643e-07
 1.59993e-07
 1.47878e-07
 1.37078e-07
 1.27412e-07
 1.34147e-06
 1.08039e-06
 8.88224e-07
 7.42727e-07
 6.29978e-07
 5.40885e-07
 4.69297e-07
 4.10935e-07
 3.62749e-07
 3.22514e-07
 2.88583e-07
 2.59708e-07
 2.34939e-07
 2.13535e-07
 1.94915e-07
 1.78619e-07
 1.64277e-07
 1.51589e-07
 1.40311e-07
 1.30242e-07
 1.51308e-06
 1.19403e-06
 9.66694e-07
 7.98797e-07
 6.71206e-07
 5.71944e-07
 4.93189e-07
 4.29651e-07
 3.77645e-07
 3.34538e-07
 2.98409e-07
 2.67830e-07
 2.41719e-07
 2.19247e-07
 1.99768e-07
 1.82772e-07
 1.67856e-07
 1.54693e-07
 1.43019e-07
 1.32618e-07
 1.64833e-06
 1.28193e-06
 1.02670e-06
 8.41395e-07
 7.02427e-07
 5.95442e-07
 5.11276e-07
 4.43844e-07
 3.88969e-07
 3.43706e-07
 3.05928e-07
 2.74067e-07
 2.46946e-07
 2.23668e-07
 2.03538e-07
 1.86012e-07
 1.70659e-07
 1.57134e-07
 1.45157e-07
 1.34500e-07
 1.72496e-06
 1.33236e-06
 1.06165e-06
 8.66610e-07
 7.21214e-07
 6.09815e-07
 5.22518e-07
 4.52802e-07
 3.96223e-07
 3.49662e-07
 3.10878e-07
 2.78226e-07
 2.50474e-07
 2.26687e-07
 2.06141e-07
 1.88272e-07
 1.72634e-07
 1.58869e-07
 1.46690e-07
 1.35861e-07
 1.72860e-06
 1.33806e-06
 1.06756e-06
 8.72115e-07
 7.26137e-07
 6.14145e-07
 5.26302e-07
 4.56105e-07
 3.99110e-07
 3.52192e-07
 3.13103e-07
 2.80190e-07
 2.52213e-07
 2.28233e-07
 2.07521e-07
 1.89508e-07
 1.73744e-07
 1.59871e-07
 1.47596e-07
 1.36683e-07
 1.65959e-06
 1.29895e-06
 1.04426e-06
 8.57741e-07
 7.17051e-07
 6.08313e-07
 5.22534e-07
 4.53677e-07
 3.97569e-07
 3.51247e-07
 3.12562e-07
 2.79924e-07
 2.52137e-07
 2.28285e-07
 2.07660e-07
 1.89705e-07
 1.73979e-07
 1.60128e-07
 1.47865e-07
 1.36958e-07
 1.53324e-06
 1.22224e-06
 9.95457e-07
 8.25513e-07
 6.95119e-07
 5.93015e-07
 5.11644e-07
 4.45792e-07
 3.91778e-07
 3.46945e-07
 3.09335e-07
 2.77485e-07
 2.50282e-07
 2.26869e-07
 2.06577e-07
 1.88876e-07
 1.73346e-07
 1.59647e-07
 1.47503e-07
 1.36688e-07
 1.37282e-06
 1.11983e-06
 9.27618e-07
 7.79139e-07
 6.62561e-07
 5.69630e-07
 4.94514e-07
 4.33031e-07
 3.82130e-07
 3.39555e-07
 3.03610e-07
 2.73005e-07
 2.46746e-07
 2.24057e-07
 2.04324e-07
 1.87061e-07
 1.71876e-07
 1.58451e-07
 1.46526e-07
 1.35888e-07
 1.20095e-06
 1.00455e-06
 8.48239e-07
 7.23149e-07
 6.22203e-07
 5.39973e-07
 4.72344e-07
 4.16202e-07
 3.69180e-07
 3.29468e-07
 2.95667e-07
 2.66689e-07
 2.41679e-07
 2.19958e-07
 2.00985e-07
 1.84323e-07
 1.69617e-07
 1.56577e-07
 1.44964e-07
 1.34580e-07
 1.03432e-06
 8.87205e-07
 7.64260e-07
 6.62032e-07
 5.76995e-07
 5.06018e-07
 4.46477e-07
 3.96238e-07
 3.53588e-07
 3.17157e-07
 2.85850e-07
 2.58789e-07
 2.35268e-07
 2.14716e-07
 1.96668e-07
 1.80745e-07
 1.66634e-07
 1.54077e-07
 1.42858e-07
 1.32797e-07
 8.82624e-07
 7.75339e-07
 6.81126e-07
 5.99624e-07
 5.29625e-07
 4.69654e-07
 4.18253e-07
 3.74100e-07
 3.36049e-07
 3.03131e-07
 2.74535e-07
 2.49587e-07
 2.27728e-07
 2.08494e-07
 1.91501e-07
 1.76427e-07
 1.63005e-07
 1.51011e-07
 1.40255e-07
 1.30578e-07
 7.49941e-07
 6.73266e-07
 6.02516e-07
 5.38814e-07
 4.82281e-07
 4.32516e-07
 3.88886e-07
 3.50690e-07
 3.17238e-07
 2.87899e-07
 2.62110e-07
 2.39379e-07
 2.19286e-07
 2.01469e-07
 1.85620e-07
 1.71477e-07
 1.58817e-07
 1.47449e-07
 1.37212e-07
 1.27967e-07
 6.36739e-07
 5.82816e-07
 5.30530e-07
 4.81525e-07
 4.36573e-07
 3.95894e-07
 3.59392e-07
 3.26799e-07
 2.97769e-07
 2.71936e-07
 2.48942e-07
 2.28453e-07
 2.10168e-07
 1.93818e-07
 1.79167e-07
 1.66007e-07
 1.54158e-07
 1.43464e-07
 1.33788e-07
 1.25013e-07
