scalar
part
         1
quad4
 5.67983e-07
 5.24156e-07
 4.80735e-07
 4.39348e-07
 4.00849e-07
 3.65591e-07
 3.33620e-07
 3.04807e-07
 2.78932e-07
 2.55735e-07
 2.34950e-07
 2.16317e-07
 1.99599e-07
 1.84575e-07
 1.71051e-07
 1.58853e-07
 1.47829e-07
 1.37845e-07
 1.28783e-07
 1.20540e-07
 6.73242e-07
 6.09397e-07
 5.49492e-07
 4.94793e-07
 4.45655e-07
 4.01934e-07
 3.63238e-07
 3.29072e-07
 2.98923e-07
 2.72299e-07
 2.48751e-07
 2.27882e-07
 2.09341e-07
 1.92825e-07
 1.78073e-07
 1.64859e-07
 1.52989e-07
 1.42298e-07
 1.32641e-07
 1.23897e-07
 7.97777e-07
 7.06681e-07
 6.25559e-07
 5.54509e-07
 4.92812e-07
 4.39432e-07
 3.93276e-07
 3.53316e-07
 3.18636e-07
 2.88445e-07
 2.62069e-07
 2.38941e-07
 2.18583e-07
 2.00595e-07
 1.84643e-07
 1.70445e-07
 1.57763e-07
 1.46397e-07
 1.36177e-07
 1.26960e-07
 9.41951e-07
 8.14917e-07
 7.07410e-07
 6.16990e-07
 5.40999e-07
 4.76986e-07
 4.22846e-07
 3.76831e-07
 3.37513e-07
 3.03733e-07
 2.74555e-07
 2.49218e-07
 2.27104e-07
 2.07709e-07
 1.90621e-07
 1.75497e-07
 1.62057e-07
 1.50067e-07
 1.39329e-07
 1.29680e-07
 1.10319e-06
 9.30905e-07
 7.92126e-07
 6.79839e-07
 5.88337e-07
 5.13154e-07
 4.50850e-07
 3.98782e-07
 3.54916e-07
 3.17677e-07
 2.85834e-07
 2.58423e-07
 2.34679e-07
 2.13990e-07
 1.95865e-07
 1.79905e-07
 1.65784e-07
 1.53236e-07
 1.42038e-07
 1.32007e-07
 1.27421e-06
 1.04861e-06
 8.75145e-07
 7.39725e-07
 6.32420e-07
 5.46199e-07
 4.76028e-07
 4.18249e-07
 3.70167e-07
 3.29768e-07
 2.95524e-07
 2.66266e-07
 2.41084e-07
 2.19264e-07
 2.00241e-07
 1.83561e-07
 1.68859e-07
 1.55837e-07
 1.44250e-07
 1.33898e-07
 1.44151e-06
 1.15887e-06
 9.50356e-07
 7.92557e-07
 6.70478e-07
 5.74218e-07
 4.97052e-07
 4.34289e-07
 3.82588e-07
 3.39513e-07
 3.03261e-07
 2.72474e-07
 2.46114e-07
 2.23375e-07
 2.03627e-07
 1.86371e-07
 1.71206e-07
 1.57810e-07
 1.45919e-07
 1.35316e-07
 1.58570e-06
 1.25015e-06
 1.01073e-06
 8.33930e-07
 6.99675e-07
 5.95339e-07
 5.12657e-07
 4.46031e-07
 3.91565e-07
 3.46474e-07
 3.08726e-07
 2.76813e-07
 2.49592e-07
 2.26189e-07
 2.05922e-07
 1.88256e-07
 1.72766e-07
 1.59108e-07
 1.47005e-07
 1.36230e-07
 1.68485e-06
 1.31061e-06
 1.04952e-06
 8.59825e-07
 7.17522e-07
 6.07968e-07
 5.21793e-07
 4.52766e-07
 3.96610e-07
 3.50305e-07
 3.11672e-07
 2.79101e-07
 2.51386e-07
 2.27607e-07
 2.07050e-07
 1.89160e-07
 1.73493e-07
 1.59695e-07
 1.47481e-07
 1.36617e-07
 1.72102e-06
 1.33118e-06
 1.06179e-06
 8.67402e-07
 7.22311e-07
 6.11038e-07
 5.23771e-07
 4.54036e-07
 3.97411e-07
 3.50793e-07
 3.11946e-07
 2.79231e-07
 2.51417e-07
 2.27570e-07
 2.06968e-07
 1.89048e-07
 1.73362e-07
 1.59553e-07
 1.47333e-07
 1.36467e-07
 1.68687e-06
 1.30829e-06
 1.04569e-06
 8.55627e-07
 7.13439e-07
 6.04185e-07
 5.18367e-07
 4.49699e-07
 3.93877e-07
 3.47874e-07
 3.09508e-07
 2.77173e-07
 2.49664e-07
 2.26065e-07
 2.05667e-07
 1.87914e-07
 1.72369e-07
 1.58678e-07
 1.46558e-07
 1.35777e-07
 1.58832e-06
 1.24499e-06
 1.00289e-06
 8.25510e-07
 6.91538e-07
 5.87821e-07
 5.05857e-07
 4.39945e-07
 3.86142e-07
 3.41648e-07
 3.04430e-07
 2.72983e-07
 2.46171e-07
 2.23124e-07
 2.03170e-07
 1.85779e-07
 1.70529e-07
 1.57083e-07
 1.45166e-07
 1.34556e-07
 1.44185e-06
 1.14985e-06
 9.38197e-07
 7.79866e-07
 6.58345e-07
 5.63059e-07
 4.86978e-07
 4.25278e-07
 3.74558e-07
 3.32366e-07
 2.96896e-07
 2.66796e-07
 2.41038e-07
 2.18826e-07
 1.99540e-07
 1.82689e-07
 1.67880e-07
 1.54797e-07
 1.43182e-07
 1.32824e-07
 1.26863e-06
 1.03442e-06
 8.58254e-07
 7.22720e-07
 6.16388e-07
 5.31542e-07
 4.62829e-07
 4.06451e-07
 3.59654e-07
 3.20405e-07
 2.87180e-07
 2.58817e-07
 2.34419e-07
 2.13287e-07
 1.94865e-07
 1.78714e-07
 1.64477e-07
 1.51865e-07
 1.40641e-07
 1.30610e-07
 1.08871e-06
 9.10408e-07
 7.70187e-07
 6.58544e-07
 5.68563e-07
 4.95195e-07
 4.34722e-07
 3.84378e-07
 3.42078e-07
 3.06236e-07
 2.75628e-07
 2.49302e-07
 2.26509e-07
 2.06655e-07
 1.89262e-07
 1.73945e-07
 1.60392e-07
 1.48344e-07
 1.37588e-07
 1.27950e-07
 9.17216e-07
 7.87614e-07
 6.80377e-07
 5.91569e-07
 5.17725e-07
 4.55981e-07
 4.04031e-07
 3.60036e-07
 3.22538e-07
 2.90376e-07
 2.62625e-07
 2.38543e-07
 2.17530e-07
 1.99102e-07
 1.82863e-07
 1.68487e-07
 1.55707e-07
 1.44299e-07
 1.34078e-07
 1.24887e-07
 7.63236e-07
 6.72857e-07
 5.93746e-07
 5.25302e-07
 4.66376e-07
 4.15697e-07
 3.72057e-07
 3.34380e-07
 3.01740e-07
 2.73355e-07
 2.48572e-07
 2.26844e-07
 2.07717e-07
 1.90812e-07
 1.75813e-07
 1.62454e-07
 1.50514e-07
 1.39806e-07
 1.30170e-07
 1.21472e-07
 6.30548e-07
 5.69978e-07
 5.13544e-07
 4.62312e-07
 4.16489e-07
 3.75841e-07
 3.39934e-07
 3.08268e-07
 2.80338e-07
 2.55675e-07
 2.33857e-07
 2.14509e-07
 1.97307e-07
 1.81971e-07
 1.68260e-07
 1.55965e-07
 1.44910e-07
 1.34941e-07
 1.25928e-07
 1.17756e-07
 5.19305e-07
 4.80430e-07
 4.41508e-07
 4.04227e-07
 3.69453e-07
 3.37549e-07
 3.08574e-07
 2.82424e-07
 2.58904e-07
 2.37787e-07
 2.18836e-07
 2.01820e-07
 1.86527e-07
 1.72762e-07
 1.60351e-07
 1.49139e-07
 1.38991e-07
 1.29785e-07
 1.21416e-07
 1.13793e-07
 4.27650e-07
 4.04055e-07
 3.78218e-07
 3.51876e-07
 3.26123e-07
 3.01602e-07
 2.78652e-07
 2.57414e-07
 2.37906e-07
 2.20074e-07
 2.03821e-07
 1.89032e-07
 1.75583e-07
 1.63352e-07
 1.52224e-07
 1.42090e-07
 1.32850e-07
 1.24413e-07
 1.16700e-07
 1.09636e-07
