scalar
part
         1
quad4
 4.90191e-07
 4.55459e-07
 4.20216e-07
 3.86057e-07
 3.53875e-07
 3.24103e-07
 2.96878e-07
 2.72167e-07
 2.49836e-07
 2.29708e-07
 2.11585e-07
 1.95268e-07
 1.80570e-07
 1.67314e-07
 1.55343e-07
 1.44514e-07
 1.34700e-07
 1.25790e-07
 1.17683e-07
 1.10293e-07
 5.85198e-07
 5.33041e-07
 4.83302e-07
 4.37328e-07
 3.95624e-07
 3.58217e-07
 3.24879e-07
 2.95266e-07
 2.68995e-07
 2.45686e-07
 2.24983e-07
 2.06564e-07
 1.90144e-07
 1.75470e-07
 1.62325e-07
 1.50520e-07
 1.39889e-07
 1.30292e-07
 1.21606e-07
 1.13725e-07
 6.98404e-07
 6.22251e-07
 5.53655e-07
 4.93024e-07
 4.39968e-07
 3.93758e-07
 3.53569e-07
 3.18596e-07
 2.88104e-07
 2.61448e-07
 2.38074e-07
 2.17508e-07
 1.99349e-07
 1.83260e-07
 1.68954e-07
 1.56190e-07
 1.44765e-07
 1.34505e-07
 1.25262e-07
 1.16911e-07
 8.30501e-07
 7.22365e-07
 6.30079e-07
 5.51903e-07
 4.85787e-07
 4.29780e-07
 3.82174e-07
 3.41530e-07
 3.06662e-07
 2.76596e-07
 2.50539e-07
 2.27845e-07
 2.07983e-07
 1.90519e-07
 1.75097e-07
 1.61420e-07
 1.49241e-07
 1.38356e-07
 1.28592e-07
 1.19804e-07
 9.79621e-07
 8.30793e-07
 7.10124e-07
 6.11910e-07
 5.31444e-07
 4.65008e-07
 4.09711e-07
 3.63316e-07
 3.24090e-07
 2.90682e-07
 2.62032e-07
 2.37304e-07
 2.15832e-07
 1.97081e-07
 1.80621e-07
 1.66100e-07
 1.53230e-07
 1.41776e-07
 1.31539e-07
 1.22356e-07
 1.13969e-06
 9.42389e-07
 7.89835e-07
 6.70117e-07
 5.74800e-07
 4.97880e-07
 4.35035e-07
 3.83107e-07
 3.39758e-07
 3.03232e-07
 2.72192e-07
 2.45610e-07
 2.22682e-07
 2.02778e-07
 1.85394e-07
 1.70127e-07
 1.56650e-07
 1.44697e-07
 1.34049e-07
 1.24523e-07
 1.29907e-06
 1.04914e-06
 8.63794e-07
 7.22848e-07
 6.13332e-07
 5.26643e-07
 4.56908e-07
 4.00016e-07
 3.53022e-07
 3.13772e-07
 2.80667e-07
 2.52497e-07
 2.28333e-07
 2.07455e-07
 1.89296e-07
 1.73407e-07
 1.59426e-07
 1.47061e-07
 1.36073e-07
 1.26267e-07
 1.44067e-06
 1.14074e-06
 9.25622e-07
 7.66048e-07
 6.44395e-07
 5.49527e-07
 4.74121e-07
 4.13200e-07
 3.63282e-07
 3.21870e-07
 2.87139e-07
 2.57728e-07
 2.32604e-07
 2.10974e-07
 1.92221e-07
 1.75856e-07
 1.61492e-07
 1.48815e-07
 1.37571e-07
 1.27553e-07
 1.54478e-06
 1.20631e-06
 9.69006e-07
 7.95885e-07
 6.65574e-07
 5.64962e-07
 4.85625e-07
 4.21941e-07
 3.70036e-07
 3.27167e-07
 2.91348e-07
 2.61112e-07
 2.35353e-07
 2.13230e-07
 1.94087e-07
 1.77413e-07
 1.62799e-07
 1.49921e-07
 1.38512e-07
 1.28359e-07
 1.59452e-06
 1.23704e-06
 9.89005e-07
 8.09446e-07
 6.75077e-07
 5.71806e-07
 4.90668e-07
 4.25732e-07
 3.72933e-07
 3.29415e-07
 2.93116e-07
 2.62518e-07
 2.36485e-07
 2.14148e-07
 1.94839e-07
 1.78033e-07
 1.63315e-07
 1.50352e-07
 1.38875e-07
 1.28665e-07
 1.58136e-06
 1.22855e-06
 9.83222e-07
 8.05338e-07
 6.72057e-07
 5.69523e-07
 4.88902e-07
 4.24338e-07
 3.71815e-07
 3.28504e-07
 2.92364e-07
 2.61891e-07
 2.35955e-07
 2.13698e-07
 1.94453e-07
 1.77699e-07
 1.63024e-07
 1.50097e-07
 1.38651e-07
 1.28467e-07
 1.50797e-06
 1.18216e-06
 9.52370e-07
 7.83970e-07
 6.56763e-07
 5.58272e-07
 4.80431e-07
 4.17830e-07
 3.66728e-07
 3.24467e-07
 2.89117e-07
 2.59247e-07
 2.33779e-07
 2.11889e-07
 1.92936e-07
 1.76417e-07
 1.61933e-07
 1.49161e-07
 1.37843e-07
 1.27766e-07
 1.38686e-06
 1.10438e-06
 9.00052e-07
 7.47455e-07
 6.30489e-07
 5.38876e-07
 4.65795e-07
 4.06575e-07
 3.57928e-07
 3.17484e-07
 2.83503e-07
 2.54681e-07
 2.30027e-07
 2.08776e-07
 1.90330e-07
 1.74219e-07
 1.60065e-07
 1.47563e-07
 1.36468e-07
 1.26576e-07
 1.23612e-06
 1.00497e-06
 8.31865e-07
 6.99151e-07
 5.95331e-07
 5.12687e-07
 4.45893e-07
 3.91184e-07
 3.45839e-07
 3.07859e-07
 2.75744e-07
 2.48357e-07
 2.24820e-07
 2.04449e-07
 1.86706e-07
 1.71159e-07
 1.57463e-07
 1.45337e-07
 1.34552e-07
 1.24917e-07
 1.07429e-06
 8.94575e-07
 7.54186e-07
 6.43022e-07
 5.53834e-07
 4.81386e-07
 4.21863e-07
 3.72444e-07
 3.31019e-07
 2.95990e-07
 2.66130e-07
 2.40489e-07
 2.18320e-07
 1.99034e-07
 1.82157e-07
 1.67311e-07
 1.54186e-07
 1.42530e-07
 1.32132e-07
 1.22820e-07
 9.16276e-07
 7.82580e-07
 6.73019e-07
 5.82993e-07
 5.08615e-07
 4.46756e-07
 3.94942e-07
 3.51230e-07
 3.14096e-07
 2.82337e-07
 2.55002e-07
 2.31333e-07
 2.10721e-07
 1.92677e-07
 1.76801e-07
 1.62766e-07
 1.50306e-07
 1.39197e-07
 1.29254e-07
 1.20322e-07
 7.71680e-07
 6.75905e-07
 5.93220e-07
 5.22453e-07
 4.62057e-07
 4.10485e-07
 3.66342e-07
 3.28422e-07
 2.95716e-07
 2.67380e-07
 2.42720e-07
 2.21163e-07
 2.02234e-07
 1.85543e-07
 1.70763e-07
 1.57625e-07
 1.45902e-07
 1.35403e-07
 1.25969e-07
 1.17464e-07
 6.45115e-07
 5.78760e-07
 5.18175e-07
 4.63998e-07
 4.16109e-07
 3.74030e-07
 3.37150e-07
 3.04836e-07
 2.76495e-07
 2.51588e-07
 2.29645e-07
 2.10257e-07
 1.93076e-07
 1.77802e-07
 1.64180e-07
 1.51995e-07
 1.41060e-07
 1.31218e-07
 1.22335e-07
 1.14294e-07
 5.37571e-07
 4.93062e-07
 4.49864e-07
 4.09370e-07
 3.72207e-07
 3.38536e-07
 3.08268e-07
 2.81177e-07
 2.56984e-07
 2.35391e-07
 2.16113e-07
 1.98882e-07
 1.83457e-07
 1.69622e-07
 1.57186e-07
 1.45984e-07
 1.35869e-07
 1.26715e-07
 1.18410e-07
 1.10860e-07
 4.47900e-07
 4.19103e-07
 3.89137e-07
 3.59558e-07
 3.31290e-07
 3.04828e-07
 2.80389e-07
 2.58015e-07
 2.37646e-07
 2.19165e-07
 2.02428e-07
 1.87282e-07
 1.73575e-07
 1.61162e-07
 1.49911e-07
 1.39699e-07
 1.30416e-07
 1.21964e-07
 1.14255e-07
 1.07211e-07
