scalar
part
         1
quad4
 3.75346e-07
 3.59529e-07
 3.40462e-07
 3.19904e-07
 2.99034e-07
 2.78608e-07
 2.59077e-07
 2.40692e-07
 2.23566e-07
 2.07726e-07
 1.93144e-07
 1.79761e-07
 1.67500e-07
 1.56277e-07
 1.46006e-07
 1.36605e-07
 1.27994e-07
 1.20100e-07
 1.12855e-07
 1.06198e-07
 4.61539e-07
 4.32387e-07
 4.01629e-07
 3.71098e-07
 3.41860e-07
 3.14478e-07
 2.89196e-07
 2.66065e-07
 2.45022e-07
 2.25945e-07
 2.08681e-07
 1.93069e-07
 1.78948e-07
 1.66168e-07
 1.54588e-07
 1.44082e-07
 1.34534e-07
 1.25842e-07
 1.17916e-07
 1.10675e-07
 5.67353e-07
 5.18837e-07
 4.72109e-07
 4.28615e-07
 3.88939e-07
 3.53175e-07
 3.21163e-07
 2.92616e-07
 2.67199e-07
 2.44574e-07
 2.24418e-07
 2.06436e-07
 1.90364e-07
 1.75967e-07
 1.63042e-07
 1.51410e-07
 1.40915e-07
 1.31423e-07
 1.22817e-07
 1.14996e-07
 6.95262e-07
 6.19564e-07
 5.51728e-07
 4.91917e-07
 4.39617e-07
 3.94054e-07
 3.54392e-07
 3.19836e-07
 2.89665e-07
 2.63252e-07
 2.40056e-07
 2.19617e-07
 2.01544e-07
 1.85508e-07
 1.71230e-07
 1.58475e-07
 1.47042e-07
 1.36763e-07
 1.27492e-07
 1.19106e-07
 8.46171e-07
 7.33885e-07
 6.39265e-07
 5.59706e-07
 4.92713e-07
 4.36104e-07
 3.88049e-07
 3.47047e-07
 3.11876e-07
 2.81543e-07
 2.55246e-07
 2.32330e-07
 2.12262e-07
 1.94607e-07
 1.79003e-07
 1.65155e-07
 1.52816e-07
 1.41779e-07
 1.31872e-07
 1.22948e-07
 1.01790e-06
 8.58952e-07
 7.32054e-07
 6.29750e-07
 5.46440e-07
 4.77927e-07
 4.21050e-07
 3.73413e-07
 3.33183e-07
 2.98944e-07
 2.69594e-07
 2.44267e-07
 2.22275e-07
 2.03069e-07
 1.86207e-07
 1.71327e-07
 1.58135e-07
 1.46390e-07
 1.35890e-07
 1.26466e-07
 1.20344e-06
 9.89011e-07
 8.25706e-07
 6.98792e-07
 5.98407e-07
 5.17768e-07
 4.52101e-07
 3.97971e-07
 3.52865e-07
 3.14908e-07
 2.82684e-07
 2.55107e-07
 2.31333e-07
 2.10701e-07
 1.92685e-07
 1.76865e-07
 1.62901e-07
 1.50515e-07
 1.39480e-07
 1.29608e-07
 1.38967e-06
 1.11507e-06
 9.14116e-07
 7.62667e-07
 6.45738e-07
 5.53616e-07
 4.79774e-07
 4.19695e-07
 3.70173e-07
 3.28882e-07
 2.94101e-07
 2.64535e-07
 2.39194e-07
 2.17314e-07
 1.98293e-07
 1.81656e-07
 1.67021e-07
 1.54081e-07
 1.42584e-07
 1.32324e-07
 1.55731e-06
 1.22540e-06
 9.89955e-07
 8.16675e-07
 6.85345e-07
 5.83390e-07
 5.02637e-07
 4.37578e-07
 3.84387e-07
 3.40342e-07
 3.03457e-07
 2.72260e-07
 2.45638e-07
 2.22738e-07
 2.02897e-07
 1.85594e-07
 1.70412e-07
 1.57020e-07
 1.45147e-07
 1.34570e-07
 1.68348e-06
 1.30720e-06
 1.04573e-06
 8.56234e-07
 7.14322e-07
 6.05190e-07
 5.19412e-07
 4.50737e-07
 3.94885e-07
 3.48839e-07
 3.10424e-07
 2.78039e-07
 2.50480e-07
 2.26833e-07
 2.06389e-07
 1.88594e-07
 1.73008e-07
 1.59280e-07
 1.47125e-07
 1.36312e-07
 1.74717e-06
 1.34952e-06
 1.07529e-06
 8.77708e-07
 7.30416e-07
 6.17566e-07
 5.29134e-07
 4.58514e-07
 4.01204e-07
 3.54043e-07
 3.14762e-07
 2.81691e-07
 2.53585e-07
 2.29495e-07
 2.08688e-07
 1.90593e-07
 1.74758e-07
 1.60820e-07
 1.48488e-07
 1.37524e-07
 1.73690e-06
 1.34649e-06
 1.07540e-06
 8.79190e-07
 7.32446e-07
 6.19753e-07
 5.31291e-07
 4.60555e-07
 4.03094e-07
 3.55773e-07
 3.16334e-07
 2.83117e-07
 2.54877e-07
 2.30664e-07
 2.09748e-07
 1.91555e-07
 1.75632e-07
 1.61616e-07
 1.49215e-07
 1.38188e-07
 1.65607e-06
 1.29951e-06
 1.04669e-06
 8.60959e-07
 7.20535e-07
 6.11800e-07
 5.25896e-07
 4.56856e-07
 4.00543e-07
 3.54013e-07
 3.15128e-07
 2.82302e-07
 2.54341e-07
 2.30329e-07
 2.09558e-07
 1.91470e-07
 1.75623e-07
 1.61662e-07
 1.49299e-07
 1.38300e-07
 1.52164e-06
 1.21680e-06
 9.93432e-07
 8.25400e-07
 6.96073e-07
 5.94551e-07
 5.13478e-07
 4.47758e-07
 3.93776e-07
 3.48916e-07
 3.11246e-07
 2.79318e-07
 2.52029e-07
 2.28527e-07
 2.08145e-07
 1.90358e-07
 1.74745e-07
 1.60968e-07
 1.48750e-07
 1.37866e-07
 1.35690e-06
 1.11050e-06
 9.22364e-07
 7.76416e-07
 6.61422e-07
 5.69486e-07
 4.94994e-07
 4.33895e-07
 3.83224e-07
 3.40779e-07
 3.04899e-07
 2.74317e-07
 2.48051e-07
 2.25337e-07
 2.05569e-07
 1.88263e-07
 1.73032e-07
 1.59559e-07
 1.47587e-07
 1.36902e-07
 1.18354e-06
 9.93175e-07
 8.40933e-07
 7.18572e-07
 6.19463e-07
 5.38473e-07
 4.71684e-07
 4.16110e-07
 3.69472e-07
 3.30017e-07
 2.96384e-07
 2.67513e-07
 2.42566e-07
 2.20879e-07
 2.01919e-07
 1.85255e-07
 1.70537e-07
 1.57479e-07
 1.45843e-07
 1.35432e-07
 1.01717e-06
 8.75130e-07
 7.55868e-07
 6.56279e-07
 5.73126e-07
 5.03491e-07
 4.44908e-07
 3.95355e-07
 3.53195e-07
 3.17113e-07
 2.86055e-07
 2.59170e-07
 2.35771e-07
 2.15303e-07
 1.97311e-07
 1.81422e-07
 1.67330e-07
 1.54780e-07
 1.43560e-07
 1.33492e-07
 8.66624e-07
 7.63412e-07
 6.72349e-07
 5.93237e-07
 5.25033e-07
 4.66402e-07
 4.15998e-07
 3.72588e-07
 3.35091e-07
 3.02585e-07
 2.74296e-07
 2.49576e-07
 2.27886e-07
 2.08776e-07
 1.91874e-07
 1.76865e-07
 1.63489e-07
 1.51526e-07
 1.40789e-07
 1.31123e-07
 7.35448e-07
 6.61960e-07
 5.93817e-07
 5.32192e-07
 4.77290e-07
 4.28792e-07
 3.86143e-07
 3.48702e-07
 3.15832e-07
 2.86941e-07
 2.61495e-07
 2.39030e-07
 2.19140e-07
 2.01479e-07
 1.85749e-07
 1.71696e-07
 1.59104e-07
 1.47788e-07
 1.37588e-07
 1.28370e-07
 6.23807e-07
 5.72355e-07
 5.22184e-07
 4.74940e-07
 4.31424e-07
 3.91904e-07
 3.56327e-07
 3.24469e-07
 2.96022e-07
 2.70650e-07
 2.48019e-07
 2.27818e-07
 2.09760e-07
 1.93589e-07
 1.79079e-07
 1.66029e-07
 1.54267e-07
 1.43641e-07
 1.34017e-07
 1.25282e-07
