scalar
part
         1
quad4
 3.47116e-07
 3.34331e-07
 3.18111e-07
 3.00142e-07
 2.81579e-07
 2.63179e-07
 2.45416e-07
 2.28564e-07
 2.12766e-07
 1.98077e-07
 1.84493e-07
 1.71976e-07
 1.60470e-07
 1.49907e-07
 1.40215e-07
 1.31323e-07
 1.23161e-07
 1.15665e-07
 1.08774e-07
 1.02432e-07
 4.28550e-07
 4.03562e-07
 3.76547e-07
 3.49295e-07
 3.22884e-07
 2.97919e-07
 2.74694e-07
 2.53312e-07
 2.33758e-07
 2.15951e-07
 1.99774e-07
 1.85095e-07
 1.71780e-07
 1.59698e-07
 1.48725e-07
 1.38750e-07
 1.29668e-07
 1.21386e-07
 1.13824e-07
 1.06905e-07
 5.28815e-07
 4.85988e-07
 4.44136e-07
 4.04743e-07
 3.68485e-07
 3.35560e-07
 3.05907e-07
 2.79324e-07
 2.55551e-07
 2.34308e-07
 2.15319e-07
 1.98330e-07
 1.83106e-07
 1.69439e-07
 1.57144e-07
 1.46059e-07
 1.36042e-07
 1.26970e-07
 1.18733e-07
 1.11239e-07
 6.50459e-07
 5.82438e-07
 5.20848e-07
 4.66072e-07
 4.17825e-07
 3.75531e-07
 3.38522e-07
 3.06131e-07
 2.77743e-07
 2.52808e-07
 2.30846e-07
 2.11446e-07
 1.94254e-07
 1.78970e-07
 1.65338e-07
 1.53141e-07
 1.42193e-07
 1.32337e-07
 1.23438e-07
 1.15381e-07
 7.94677e-07
 6.92522e-07
 6.05704e-07
 5.32166e-07
 4.69850e-07
 4.16911e-07
 3.71767e-07
 3.33098e-07
 2.99818e-07
 2.71035e-07
 2.46019e-07
 2.24172e-07
 2.05004e-07
 1.88112e-07
 1.73161e-07
 1.59875e-07
 1.48022e-07
 1.37408e-07
 1.27872e-07
 1.19275e-07
 9.59952e-07
 8.13890e-07
 6.96378e-07
 6.01013e-07
 5.22921e-07
 4.58396e-07
 4.04620e-07
 3.59429e-07
 3.21156e-07
 2.88503e-07
 2.60455e-07
 2.36207e-07
 2.15118e-07
 1.96675e-07
 1.80461e-07
 1.66139e-07
 1.53428e-07
 1.42101e-07
 1.31967e-07
 1.22865e-07
 1.14043e-06
 9.41491e-07
 7.88899e-07
 6.69608e-07
 5.74791e-07
 4.98320e-07
 4.35839e-07
 3.84193e-07
 3.41054e-07
 3.04681e-07
 2.73747e-07
 2.47235e-07
 2.24349e-07
 2.04465e-07
 1.87085e-07
 1.71809e-07
 1.58315e-07
 1.46336e-07
 1.35657e-07
 1.26098e-07
 1.32452e-06
 1.06713e-06
 8.77579e-07
 7.34001e-07
 6.22703e-07
 5.34733e-07
 4.64031e-07
 4.06381e-07
 3.58774e-07
 3.19016e-07
 2.85482e-07
 2.56942e-07
 2.32456e-07
 2.11295e-07
 1.92885e-07
 1.76770e-07
 1.62587e-07
 1.50038e-07
 1.38883e-07
 1.28924e-07
 1.49446e-06
 1.17972e-06
 9.55362e-07
 7.89612e-07
 6.63618e-07
 5.65575e-07
 4.87771e-07
 4.24988e-07
 3.73591e-07
 3.30983e-07
 2.95267e-07
 2.65033e-07
 2.39215e-07
 2.16992e-07
 1.97726e-07
 1.80916e-07
 1.66160e-07
 1.53139e-07
 1.41589e-07
 1.31298e-07
 1.62798e-06
 1.26660e-06
 1.01474e-06
 8.31816e-07
 6.94584e-07
 5.88905e-07
 5.05746e-07
 4.39106e-07
 3.84865e-07
 3.40117e-07
 3.02764e-07
 2.71257e-07
 2.44434e-07
 2.21408e-07
 2.01495e-07
 1.84156e-07
 1.68966e-07
 1.55583e-07
 1.43730e-07
 1.33184e-07
 1.70306e-06
 1.31619e-06
 1.04922e-06
 8.56753e-07
 7.13207e-07
 6.03181e-07
 5.16931e-07
 4.48032e-07
 3.92102e-07
 3.46067e-07
 3.07714e-07
 2.75420e-07
 2.47968e-07
 2.24434e-07
 2.04106e-07
 1.86424e-07
 1.70949e-07
 1.57326e-07
 1.45272e-07
 1.34554e-07
 1.70584e-06
 1.32147e-06
 1.05492e-06
 8.62157e-07
 7.18088e-07
 6.07501e-07
 5.20722e-07
 4.51352e-07
 3.95010e-07
 3.48620e-07
 3.09962e-07
 2.77405e-07
 2.49728e-07
 2.26001e-07
 2.05505e-07
 1.87678e-07
 1.72076e-07
 1.58343e-07
 1.46192e-07
 1.35388e-07
 1.63711e-06
 1.28253e-06
 1.03176e-06
 8.47903e-07
 7.09106e-07
 6.01760e-07
 5.17034e-07
 4.48994e-07
 3.93531e-07
 3.47729e-07
 3.09468e-07
 2.77182e-07
 2.49689e-07
 2.26086e-07
 2.05673e-07
 1.87901e-07
 1.72334e-07
 1.58621e-07
 1.46480e-07
 1.35680e-07
 1.51224e-06
 1.20665e-06
 9.83481e-07
 8.16034e-07
 6.87434e-07
 5.86659e-07
 5.06298e-07
 4.41233e-07
 3.87842e-07
 3.43511e-07
 3.06312e-07
 2.74803e-07
 2.47886e-07
 2.24716e-07
 2.04630e-07
 1.87107e-07
 1.71732e-07
 1.58168e-07
 1.46142e-07
 1.35432e-07
 1.35415e-06
 1.10561e-06
 9.16499e-07
 7.70234e-07
 6.55280e-07
 5.63570e-07
 4.89394e-07
 4.28647e-07
 3.78334e-07
 3.36235e-07
 3.00682e-07
 2.70403e-07
 2.44418e-07
 2.21960e-07
 2.02426e-07
 1.85335e-07
 1.70299e-07
 1.57004e-07
 1.45195e-07
 1.34658e-07
 1.18500e-06
 9.92005e-07
 8.38203e-07
 7.14977e-07
 6.15439e-07
 5.34291e-07
 4.67509e-07
 4.12039e-07
 3.65559e-07
 3.26290e-07
 2.92855e-07
 2.64183e-07
 2.39431e-07
 2.17930e-07
 1.99146e-07
 1.82647e-07
 1.68084e-07
 1.55169e-07
 1.43667e-07
 1.33380e-07
 1.02107e-06
 8.76430e-07
 7.55413e-07
 6.54686e-07
 5.70824e-07
 5.00773e-07
 4.41972e-07
 3.92331e-07
 3.50170e-07
 3.14141e-07
 2.83170e-07
 2.56392e-07
 2.33112e-07
 2.12766e-07
 1.94896e-07
 1.79127e-07
 1.65151e-07
 1.52712e-07
 1.41598e-07
 1.31631e-07
 8.71824e-07
 7.66258e-07
 6.73470e-07
 5.93132e-07
 5.24080e-07
 4.64879e-07
 4.14108e-07
 3.70473e-07
 3.32853e-07
 3.00295e-07
 2.72002e-07
 2.47312e-07
 2.25674e-07
 2.06630e-07
 1.89801e-07
 1.74872e-07
 1.61577e-07
 1.49694e-07
 1.39037e-07
 1.29448e-07
 7.41229e-07
 6.65709e-07
 5.95980e-07
 5.33154e-07
 4.77361e-07
 4.28219e-07
 3.85113e-07
 3.47356e-07
 3.14277e-07
 2.85253e-07
 2.59733e-07
 2.37234e-07
 2.17340e-07
 1.99697e-07
 1.83999e-07
 1.69989e-07
 1.57447e-07
 1.46183e-07
 1.36039e-07
 1.26877e-07
 6.29749e-07
 5.76580e-07
 5.25004e-07
 4.76640e-07
 4.32253e-07
 3.92066e-07
 3.55989e-07
 3.23761e-07
 2.95046e-07
 2.69485e-07
 2.46726e-07
 2.26442e-07
 2.08336e-07
 1.92143e-07
 1.77629e-07
 1.64591e-07
 1.52850e-07
 1.42252e-07
 1.32662e-07
 1.23964e-07
