scalar
part
         1
quad4
 4.29144e-07
 4.04222e-07
 3.77395e-07
 3.50336e-07
 3.24080e-07
 2.99220e-07
 2.76055e-07
 2.54695e-07
 2.35133e-07
 2.17295e-07
 2.01071e-07
 1.86335e-07
 1.72956e-07
 1.60807e-07
 1.49766e-07
 1.39722e-07
 1.30573e-07
 1.22228e-07
 1.14604e-07
 1.07627e-07
 5.19269e-07
 4.79071e-07
 4.39234e-07
 4.01347e-07
 3.66196e-07
 3.34080e-07
 3.05013e-07
 2.78852e-07
 2.55379e-07
 2.34346e-07
 2.15502e-07
 1.98609e-07
 1.83446e-07
 1.69813e-07
 1.57535e-07
 1.46453e-07
 1.36430e-07
 1.27345e-07
 1.19092e-07
 1.11579e-07
 6.28253e-07
 5.66507e-07
 5.09357e-07
 4.57734e-07
 4.11743e-07
 3.71077e-07
 3.35250e-07
 3.03723e-07
 2.75970e-07
 2.51502e-07
 2.29886e-07
 2.10742e-07
 1.93740e-07
 1.78596e-07
 1.65068e-07
 1.52947e-07
 1.42055e-07
 1.32239e-07
 1.23369e-07
 1.15332e-07
 7.57698e-07
 6.66527e-07
 5.87092e-07
 5.18618e-07
 4.59844e-07
 4.09421e-07
 3.66090e-07
 3.28745e-07
 2.96442e-07
 2.68387e-07
 2.43919e-07
 2.22487e-07
 2.03638e-07
 1.86991e-07
 1.72230e-07
 1.59093e-07
 1.47357e-07
 1.36836e-07
 1.27373e-07
 1.18835e-07
 9.07149e-07
 7.77521e-07
 6.70623e-07
 5.82340e-07
 5.09100e-07
 4.47977e-07
 3.96631e-07
 3.53207e-07
 3.16237e-07
 2.84560e-07
 2.57251e-07
 2.33569e-07
 2.12920e-07
 1.94822e-07
 1.78881e-07
 1.64776e-07
 1.52242e-07
 1.41059e-07
 1.31042e-07
 1.22037e-07
 1.07253e-06
 8.95527e-07
 7.56668e-07
 6.46336e-07
 5.57560e-07
 4.85276e-07
 4.25765e-07
 3.76270e-07
 3.34718e-07
 2.99535e-07
 2.69508e-07
 2.43696e-07
 2.21359e-07
 2.01909e-07
 1.84878e-07
 1.69884e-07
 1.56620e-07
 1.44833e-07
 1.34313e-07
 1.24888e-07
 1.24460e-06
 1.01371e-06
 8.40352e-07
 7.07159e-07
 6.02781e-07
 5.19569e-07
 4.52230e-07
 3.97014e-07
 3.51205e-07
 3.12803e-07
 2.80307e-07
 2.52576e-07
 2.28729e-07
 2.08079e-07
 1.90083e-07
 1.74307e-07
 1.60404e-07
 1.48090e-07
 1.37132e-07
 1.27341e-07
 1.40833e-06
 1.12248e-06
 9.15465e-07
 7.60718e-07
 6.42011e-07
 5.48973e-07
 4.74712e-07
 4.14505e-07
 3.65025e-07
 3.23872e-07
 2.89282e-07
 2.59933e-07
 2.34821e-07
 2.13168e-07
 1.94370e-07
 1.77946e-07
 1.63514e-07
 1.50765e-07
 1.39448e-07
 1.29356e-07
 1.54434e-06
 1.21056e-06
 9.75205e-07
 8.02756e-07
 6.72506e-07
 5.71666e-07
 4.91973e-07
 4.27884e-07
 3.75567e-07
 3.32301e-07
 2.96109e-07
 2.65527e-07
 2.39452e-07
 2.17039e-07
 1.97632e-07
 1.80718e-07
 1.65886e-07
 1.52807e-07
 1.41217e-07
 1.30897e-07
 1.63275e-06
 1.26718e-06
 1.01336e-06
 8.29528e-07
 6.91916e-07
 5.86126e-07
 5.02996e-07
 4.36454e-07
 3.82344e-07
 3.37741e-07
 3.00534e-07
 2.69170e-07
 2.42482e-07
 2.19583e-07
 1.99787e-07
 1.82557e-07
 1.67467e-07
 1.54176e-07
 1.42409e-07
 1.31940e-07
 1.65879e-06
 1.28463e-06
 1.02565e-06
 8.38510e-07
 6.98685e-07
 5.91355e-07
 5.07120e-07
 4.39765e-07
 3.85043e-07
 3.39970e-07
 3.02396e-07
 2.70741e-07
 2.43820e-07
 2.20733e-07
 2.00782e-07
 1.83423e-07
 1.68226e-07
 1.54845e-07
 1.43001e-07
 1.32468e-07
 1.61793e-06
 1.26060e-06
 1.01077e-06
 8.28931e-07
 6.92331e-07
 5.87041e-07
 5.04136e-07
 4.37671e-07
 3.83559e-07
 3.38911e-07
 3.01639e-07
 2.70200e-07
 2.43436e-07
 2.20463e-07
 2.00597e-07
 1.83301e-07
 1.68150e-07
 1.54804e-07
 1.42987e-07
 1.32473e-07
 1.51800e-06
 1.19896e-06
 9.70784e-07
 8.01959e-07
 6.73546e-07
 5.73606e-07
 4.94311e-07
 4.30348e-07
 3.78010e-07
 3.34645e-07
 2.98316e-07
 2.67583e-07
 2.41355e-07
 2.18793e-07
 1.99246e-07
 1.82200e-07
 1.67248e-07
 1.54060e-07
 1.42369e-07
 1.31958e-07
 1.37641e-06
 1.10862e-06
 9.10604e-07
 7.60438e-07
 6.44053e-07
 5.52138e-07
 4.78352e-07
 4.18266e-07
 3.68715e-07
 3.27394e-07
 2.92589e-07
 2.63007e-07
 2.37662e-07
 2.15786e-07
 1.96776e-07
 1.80157e-07
 1.65546e-07
 1.52633e-07
 1.41166e-07
 1.30938e-07
 1.21399e-06
 1.00093e-06
 8.36736e-07
 7.08276e-07
 6.06290e-07
 5.24204e-07
 4.57295e-07
 4.02129e-07
 3.56165e-07
 3.17505e-07
 2.84704e-07
 2.56654e-07
 2.32492e-07
 2.11542e-07
 1.93266e-07
 1.77231e-07
 1.63090e-07
 1.50559e-07
 1.39405e-07
 1.29435e-07
 1.04900e-06
 8.86831e-07
 7.55885e-07
 6.49699e-07
 5.62992e-07
 4.91619e-07
 4.32374e-07
 3.82790e-07
 3.40962e-07
 3.05409e-07
 2.74977e-07
 2.48755e-07
 2.26021e-07
 2.06196e-07
 1.88815e-07
 1.73501e-07
 1.59943e-07
 1.47888e-07
 1.37125e-07
 1.27479e-07
 8.94044e-07
 7.74923e-07
 6.73832e-07
 5.88598e-07
 5.16806e-07
 4.56210e-07
 4.04868e-07
 3.61161e-07
 3.23762e-07
 2.91589e-07
 2.63765e-07
 2.39579e-07
 2.18449e-07
 1.99901e-07
 1.83545e-07
 1.69059e-07
 1.56178e-07
 1.44678e-07
 1.34374e-07
 1.25109e-07
 7.55876e-07
 6.70842e-07
 5.94857e-07
 5.28115e-07
 4.70013e-07
 4.19631e-07
 3.75982e-07
 3.38126e-07
 3.05220e-07
 2.76533e-07
 2.51438e-07
 2.29407e-07
 2.09995e-07
 1.92826e-07
 1.77587e-07
 1.64011e-07
 1.51877e-07
 1.40994e-07
 1.31203e-07
 1.22367e-07
 6.36784e-07
 5.77528e-07
 5.21677e-07
 4.70496e-07
 4.24382e-07
 3.83248e-07
 3.46760e-07
 3.14481e-07
 2.85946e-07
 2.60709e-07
 2.38356e-07
 2.18520e-07
 2.00877e-07
 1.85144e-07
 1.71077e-07
 1.58466e-07
 1.47129e-07
 1.36909e-07
 1.27672e-07
 1.19302e-07
 5.36306e-07
 4.95934e-07
 4.55682e-07
 4.17137e-07
 3.81150e-07
 3.48093e-07
 3.18041e-07
 2.90897e-07
 2.66472e-07
 2.44538e-07
 2.24854e-07
 2.07183e-07
 1.91307e-07
 1.77024e-07
 1.64153e-07
 1.52533e-07
 1.42022e-07
 1.32494e-07
 1.23840e-07
 1.15962e-07
