scalar
part
         1
quad4
 4.23358e-07
 3.99255e-07
 3.73253e-07
 3.46961e-07
 3.21385e-07
 2.97107e-07
 2.74430e-07
 2.53472e-07
 2.34238e-07
 2.16666e-07
 2.00655e-07
 1.86090e-07
 1.72846e-07
 1.60804e-07
 1.49847e-07
 1.39870e-07
 1.30772e-07
 1.22466e-07
 1.14872e-07
 1.07917e-07
 5.12280e-07
 4.73296e-07
 4.34596e-07
 3.97707e-07
 3.63398e-07
 3.31974e-07
 3.03464e-07
 2.77746e-07
 2.54623e-07
 2.33865e-07
 2.15236e-07
 1.98509e-07
 1.83475e-07
 1.69942e-07
 1.57739e-07
 1.46714e-07
 1.36733e-07
 1.27679e-07
 1.19448e-07
 1.11949e-07
 6.19845e-07
 5.59879e-07
 5.04273e-07
 4.53924e-07
 4.08950e-07
 3.69080e-07
 3.33868e-07
 3.02814e-07
 2.75420e-07
 2.51225e-07
 2.29815e-07
 2.10826e-07
 1.93938e-07
 1.78880e-07
 1.65413e-07
 1.53336e-07
 1.42475e-07
 1.32679e-07
 1.23821e-07
 1.15789e-07
 7.47744e-07
 6.59124e-07
 5.81725e-07
 5.14819e-07
 4.57225e-07
 4.07681e-07
 3.64999e-07
 3.28132e-07
 2.96178e-07
 2.68377e-07
 2.44093e-07
 2.22794e-07
 2.04037e-07
 1.87455e-07
 1.72737e-07
 1.59627e-07
 1.47906e-07
 1.37392e-07
 1.27929e-07
 1.19387e-07
 8.95785e-07
 7.69653e-07
 6.65309e-07
 5.78852e-07
 5.06905e-07
 4.46693e-07
 3.95986e-07
 3.53008e-07
 3.16350e-07
 2.84887e-07
 2.57724e-07
 2.34140e-07
 2.13553e-07
 1.95491e-07
 1.79569e-07
 1.65471e-07
 1.52934e-07
 1.41741e-07
 1.31710e-07
 1.22689e-07
 1.06044e-06
 8.87880e-07
 7.51980e-07
 6.43605e-07
 5.56123e-07
 4.84693e-07
 4.25745e-07
 3.76619e-07
 3.35305e-07
 3.00272e-07
 2.70335e-07
 2.44572e-07
 2.22255e-07
 2.02808e-07
 1.85765e-07
 1.70753e-07
 1.57464e-07
 1.45649e-07
 1.35100e-07
 1.25644e-07
 1.23336e-06
 1.00748e-06
 8.37136e-07
 7.05772e-07
 6.02506e-07
 5.19968e-07
 4.53032e-07
 3.98048e-07
 3.52365e-07
 3.14020e-07
 2.81538e-07
 2.53794e-07
 2.29917e-07
 2.09227e-07
 1.91185e-07
 1.75361e-07
 1.61409e-07
 1.49047e-07
 1.38043e-07
 1.28207e-07
 1.40066e-06
 1.11936e-06
 9.14788e-07
 7.61348e-07
 6.43332e-07
 5.50637e-07
 4.76524e-07
 4.16353e-07
 3.66845e-07
 3.25630e-07
 2.90960e-07
 2.61524e-07
 2.36322e-07
 2.14581e-07
 1.95698e-07
 1.79194e-07
 1.64687e-07
 1.51868e-07
 1.40485e-07
 1.30333e-07
 1.54382e-06
 1.21253e-06
 9.78180e-07
 8.06057e-07
 6.75816e-07
 5.74840e-07
 4.94950e-07
 4.30645e-07
 3.78114e-07
 3.34644e-07
 2.98264e-07
 2.67511e-07
 2.41280e-07
 2.18727e-07
 1.99194e-07
 1.82165e-07
 1.67229e-07
 1.54058e-07
 1.42383e-07
 1.31987e-07
 1.64274e-06
 1.27588e-06
 1.02085e-06
 8.35974e-07
 6.97485e-07
 5.90967e-07
 5.07232e-07
 4.40185e-07
 3.85653e-07
 3.40692e-07
 3.03181e-07
 2.71555e-07
 2.44642e-07
 2.21548e-07
 2.01582e-07
 1.84203e-07
 1.68981e-07
 1.55573e-07
 1.43702e-07
 1.33141e-07
 1.68083e-06
 1.30075e-06
 1.03797e-06
 8.48247e-07
 7.06581e-07
 5.97894e-07
 5.12627e-07
 4.44469e-07
 3.89110e-07
 3.43522e-07
 3.05527e-07
 2.73521e-07
 2.46307e-07
 2.22970e-07
 2.02805e-07
 1.85263e-07
 1.69906e-07
 1.56385e-07
 1.44418e-07
 1.33776e-07
 1.65073e-06
 1.28344e-06
 1.02751e-06
 8.41706e-07
 7.02389e-07
 5.95163e-07
 5.10832e-07
 4.43288e-07
 3.88340e-07
 3.43031e-07
 3.05227e-07
 2.73354e-07
 2.46231e-07
 2.22957e-07
 2.02837e-07
 1.85325e-07
 1.69988e-07
 1.56480e-07
 1.44522e-07
 1.33884e-07
 1.55783e-06
 1.22662e-06
 9.90906e-07
 8.17157e-07
 6.85383e-07
 5.83064e-07
 5.02030e-07
 4.36762e-07
 3.83421e-07
 3.39271e-07
 3.02316e-07
 2.71076e-07
 2.44431e-07
 2.21524e-07
 2.01686e-07
 1.84395e-07
 1.69232e-07
 1.55862e-07
 1.44015e-07
 1.33466e-07
 1.41874e-06
 1.13865e-06
 9.32703e-07
 7.77219e-07
 6.57144e-07
 5.62589e-07
 4.86862e-07
 4.25316e-07
 3.74644e-07
 3.32443e-07
 2.96938e-07
 2.66792e-07
 2.40984e-07
 2.18724e-07
 1.99394e-07
 1.82504e-07
 1.67662e-07
 1.54550e-07
 1.42912e-07
 1.32534e-07
 1.25503e-06
 1.03106e-06
 8.59413e-07
 7.25756e-07
 6.20059e-07
 5.35263e-07
 4.66334e-07
 4.09630e-07
 3.62476e-07
 3.22879e-07
 2.89330e-07
 2.60674e-07
 2.36017e-07
 2.14655e-07
 1.96034e-07
 1.79709e-07
 1.65321e-07
 1.52577e-07
 1.41239e-07
 1.31109e-07
 1.08643e-06
 9.15389e-07
 7.77996e-07
 6.67095e-07
 5.76901e-07
 5.02910e-07
 4.41674e-07
 3.90550e-07
 3.47515e-07
 3.11004e-07
 2.79801e-07
 2.52951e-07
 2.29700e-07
 2.09446e-07
 1.91705e-07
 1.76086e-07
 1.62269e-07
 1.49991e-07
 1.39035e-07
 1.29221e-07
 9.26870e-07
 8.00949e-07
 6.94594e-07
 6.05315e-07
 5.30411e-07
 4.67407e-07
 4.14187e-07
 3.69000e-07
 3.30422e-07
 2.97301e-07
 2.68707e-07
 2.43889e-07
 2.22235e-07
 2.03250e-07
 1.86526e-07
 1.71728e-07
 1.58579e-07
 1.46849e-07
 1.36346e-07
 1.26907e-07
 7.84001e-07
 6.93950e-07
 6.13837e-07
 5.43762e-07
 4.82991e-07
 4.30477e-07
 3.85118e-07
 3.45885e-07
 3.11864e-07
 2.82266e-07
 2.56423e-07
 2.33771e-07
 2.13841e-07
 1.96236e-07
 1.80627e-07
 1.66737e-07
 1.54333e-07
 1.43217e-07
 1.33223e-07
 1.24210e-07
 6.60587e-07
 5.97713e-07
 5.38711e-07
 4.84863e-07
 4.36528e-07
 3.93559e-07
 3.55560e-07
 3.22035e-07
 2.92471e-07
 2.66380e-07
 2.43316e-07
 2.22884e-07
 2.04738e-07
 1.88579e-07
 1.74148e-07
 1.61225e-07
 1.49618e-07
 1.39165e-07
 1.29725e-07
 1.21177e-07
 5.56352e-07
 5.13404e-07
 4.70789e-07
 4.30152e-07
 3.92356e-07
 3.57755e-07
 3.26396e-07
 2.98150e-07
 2.72797e-07
 2.50079e-07
 2.29731e-07
 2.11499e-07
 1.95143e-07
 1.80450e-07
 1.67226e-07
 1.55302e-07
 1.44526e-07
 1.34768e-07
 1.25912e-07
 1.17857e-07
