scalar
part
         1
quad4
 5.49727e-07
 5.08022e-07
 4.66447e-07
 4.26668e-07
 3.89572e-07
 3.55539e-07
 3.24640e-07
 2.96765e-07
 2.71711e-07
 2.49235e-07
 2.29083e-07
 2.11008e-07
 1.94780e-07
 1.80190e-07
 1.67050e-07
 1.55194e-07
 1.44474e-07
 1.34760e-07
 1.25941e-07
 1.17915e-07
 6.53790e-07
 5.92363e-07
 5.34529e-07
 4.81613e-07
 4.34015e-07
 3.91627e-07
 3.54085e-07
 3.20920e-07
 2.91640e-07
 2.65772e-07
 2.42884e-07
 2.22591e-07
 2.04555e-07
 1.88483e-07
 1.74121e-07
 1.61252e-07
 1.49689e-07
 1.39270e-07
 1.29856e-07
 1.21328e-07
 7.77250e-07
 6.88846e-07
 6.10008e-07
 5.40911e-07
 4.80887e-07
 4.28941e-07
 3.84016e-07
 3.45114e-07
 3.11345e-07
 2.81940e-07
 2.56245e-07
 2.33707e-07
 2.13863e-07
 1.96324e-07
 1.80766e-07
 1.66913e-07
 1.54537e-07
 1.43442e-07
 1.33463e-07
 1.24460e-07
 9.20520e-07
 7.96406e-07
 6.91380e-07
 6.03074e-07
 5.28881e-07
 4.66397e-07
 4.13557e-07
 3.68648e-07
 3.30275e-07
 2.97304e-07
 2.68820e-07
 2.44082e-07
 2.22486e-07
 2.03541e-07
 1.86844e-07
 1.72065e-07
 1.58927e-07
 1.47203e-07
 1.36701e-07
 1.27262e-07
 1.08103e-06
 9.11845e-07
 7.75735e-07
 6.65719e-07
 5.76135e-07
 5.02568e-07
 4.41623e-07
 3.90701e-07
 3.47803e-07
 3.11384e-07
 2.80241e-07
 2.53429e-07
 2.30200e-07
 2.09956e-07
 1.92217e-07
 1.76594e-07
 1.62769e-07
 1.50481e-07
 1.39512e-07
 1.29685e-07
 1.25137e-06
 1.02909e-06
 8.58513e-07
 7.25534e-07
 6.20265e-07
 5.35735e-07
 4.66968e-07
 4.10358e-07
 3.63255e-07
 3.23677e-07
 2.90129e-07
 2.61461e-07
 2.36784e-07
 2.15399e-07
 1.96751e-07
 1.80397e-07
 1.65980e-07
 1.53208e-07
 1.41842e-07
 1.31685e-07
 1.41786e-06
 1.13894e-06
 9.33616e-07
 7.78452e-07
 6.58523e-07
 5.64015e-07
 4.88279e-07
 4.26691e-07
 3.75961e-07
 3.33695e-07
 2.98121e-07
 2.67907e-07
 2.42034e-07
 2.19712e-07
 2.00323e-07
 1.83378e-07
 1.68484e-07
 1.55325e-07
 1.43643e-07
 1.33224e-07
 1.56095e-06
 1.22988e-06
 9.94069e-07
 8.20117e-07
 6.88110e-07
 5.85558e-07
 5.04304e-07
 4.38835e-07
 3.85313e-07
 3.41000e-07
 3.03901e-07
 2.72532e-07
 2.45772e-07
 2.22761e-07
 2.02832e-07
 1.85458e-07
 1.70220e-07
 1.56784e-07
 1.44875e-07
 1.34272e-07
 1.65897e-06
 1.29029e-06
 1.03326e-06
 8.46587e-07
 7.06578e-07
 5.98794e-07
 5.14007e-07
 4.46086e-07
 3.90824e-07
 3.45250e-07
 3.07220e-07
 2.75154e-07
 2.47864e-07
 2.24447e-07
 2.04200e-07
 1.86577e-07
 1.71142e-07
 1.57547e-07
 1.45511e-07
 1.34804e-07
 1.69483e-06
 1.31146e-06
 1.04643e-06
 8.55111e-07
 7.12261e-07
 6.02673e-07
 5.16704e-07
 4.47989e-07
 3.92181e-07
 3.46225e-07
 3.07923e-07
 2.75661e-07
 2.48229e-07
 2.24706e-07
 2.04382e-07
 1.86701e-07
 1.71222e-07
 1.57595e-07
 1.45534e-07
 1.34808e-07
 1.66223e-06
 1.29026e-06
 1.03190e-06
 8.44718e-07
 7.04579e-07
 5.96837e-07
 5.12168e-07
 4.44395e-07
 3.89284e-07
 3.43857e-07
 3.05963e-07
 2.74020e-07
 2.46842e-07
 2.23523e-07
 2.03364e-07
 1.85819e-07
 1.70454e-07
 1.56921e-07
 1.44940e-07
 1.34282e-07
 1.56757e-06
 1.22989e-06
 9.91385e-07
 8.16416e-07
 6.84147e-07
 5.81677e-07
 5.00657e-07
 4.35478e-07
 3.82257e-07
 3.38234e-07
 3.01404e-07
 2.70279e-07
 2.43738e-07
 2.20924e-07
 2.01169e-07
 1.83950e-07
 1.68851e-07
 1.55537e-07
 1.43737e-07
 1.33231e-07
 1.42686e-06
 1.13869e-06
 9.29543e-07
 7.72934e-07
 6.52642e-07
 5.58265e-07
 4.82877e-07
 4.21719e-07
 3.71433e-07
 3.29594e-07
 2.94417e-07
 2.64564e-07
 2.39014e-07
 2.16982e-07
 1.97851e-07
 1.81136e-07
 1.66446e-07
 1.53469e-07
 1.41948e-07
 1.31674e-07
 1.26018e-06
 1.02767e-06
 8.52752e-07
 7.18136e-07
 6.12494e-07
 5.28178e-07
 4.59883e-07
 4.03840e-07
 3.57317e-07
 3.18298e-07
 2.85266e-07
 2.57069e-07
 2.32815e-07
 2.11807e-07
 1.93497e-07
 1.77443e-07
 1.63293e-07
 1.50759e-07
 1.39606e-07
 1.29638e-07
 1.08643e-06
 9.07971e-07
 7.67812e-07
 6.56308e-07
 5.66484e-07
 4.93267e-07
 4.32935e-07
 3.82718e-07
 3.40533e-07
 3.04795e-07
 2.74281e-07
 2.48041e-07
 2.25326e-07
 2.05542e-07
 1.88214e-07
 1.72957e-07
 1.59459e-07
 1.47461e-07
 1.36753e-07
 1.27157e-07
 9.20047e-07
 7.88940e-07
 6.80835e-07
 5.91512e-07
 5.17358e-07
 4.55424e-07
 4.03359e-07
 3.59298e-07
 3.21764e-07
 2.89587e-07
 2.61834e-07
 2.37759e-07
 2.16761e-07
 1.98351e-07
 1.82133e-07
 1.67780e-07
 1.55023e-07
 1.43639e-07
 1.33441e-07
 1.24273e-07
 7.69830e-07
 6.77172e-07
 5.96574e-07
 5.27138e-07
 4.67536e-07
 4.16388e-07
 3.72417e-07
 3.34502e-07
 3.01692e-07
 2.73185e-07
 2.48313e-07
 2.26521e-07
 2.07349e-07
 1.90412e-07
 1.75392e-07
 1.62020e-07
 1.50074e-07
 1.39363e-07
 1.29728e-07
 1.21034e-07
 6.39642e-07
 5.76472e-07
 5.18217e-07
 4.65694e-07
 4.18942e-07
 3.77617e-07
 3.41211e-07
 3.09170e-07
 2.80957e-07
 2.56078e-07
 2.34094e-07
 2.14619e-07
 1.97318e-07
 1.81906e-07
 1.68135e-07
 1.55795e-07
 1.44704e-07
 1.34709e-07
 1.25675e-07
 1.17488e-07
 5.29871e-07
 4.88378e-07
 4.47520e-07
 4.08800e-07
 3.72949e-07
 3.40231e-07
 3.10636e-07
 2.84007e-07
 2.60116e-07
 2.38709e-07
 2.19527e-07
 2.02330e-07
 1.86891e-07
 1.73010e-07
 1.60506e-07
 1.49219e-07
 1.39009e-07
 1.29754e-07
 1.21345e-07
 1.13690e-07
 4.38925e-07
 4.12869e-07
 3.85127e-07
 3.57312e-07
 3.30417e-07
 3.05008e-07
 2.81362e-07
 2.59575e-07
 2.39632e-07
 2.21452e-07
 2.04919e-07
 1.89903e-07
 1.76270e-07
 1.63890e-07
 1.52638e-07
 1.42402e-07
 1.33079e-07
 1.24573e-07
 1.16802e-07
 1.09691e-07
