scalar
part
         1
quad4
 5.76824e-07
 5.31204e-07
 4.86214e-07
 4.43506e-07
 4.03928e-07
 3.67805e-07
 3.35152e-07
 3.05805e-07
 2.79517e-07
 2.56003e-07
 2.34975e-07
 2.16159e-07
 1.99303e-07
 1.84177e-07
 1.70579e-07
 1.58329e-07
 1.47268e-07
 1.37261e-07
 1.28185e-07
 1.19936e-07
 6.83664e-07
 6.17362e-07
 5.55421e-07
 4.99092e-07
 4.48682e-07
 4.03983e-07
 3.64544e-07
 3.29819e-07
 2.99251e-07
 2.72316e-07
 2.48540e-07
 2.27504e-07
 2.08843e-07
 1.92244e-07
 1.77434e-07
 1.64184e-07
 1.52293e-07
 1.41591e-07
 1.31933e-07
 1.23194e-07
 8.09884e-07
 7.15461e-07
 6.31750e-07
 5.58745e-07
 4.95597e-07
 4.41152e-07
 3.94220e-07
 3.53700e-07
 3.18619e-07
 2.88142e-07
 2.61566e-07
 2.38300e-07
 2.17850e-07
 1.99803e-07
 1.83817e-07
 1.69603e-07
 1.56917e-07
 1.45557e-07
 1.35351e-07
 1.26151e-07
 9.55599e-07
 8.24181e-07
 7.13504e-07
 6.20837e-07
 5.43270e-07
 4.78160e-07
 4.23261e-07
 3.76724e-07
 3.37052e-07
 3.03036e-07
 2.73704e-07
 2.48271e-07
 2.26102e-07
 2.06682e-07
 1.89588e-07
 1.74473e-07
 1.61052e-07
 1.49086e-07
 1.38377e-07
 1.28759e-07
 1.11773e-06
 9.39955e-07
 7.97521e-07
 6.82823e-07
 5.89737e-07
 5.13518e-07
 4.50542e-07
 3.98043e-07
 3.53909e-07
 3.16508e-07
 2.84578e-07
 2.57128e-07
 2.33377e-07
 2.12704e-07
 1.94608e-07
 1.78686e-07
 1.64608e-07
 1.52106e-07
 1.40955e-07
 1.30971e-07
 1.28812e-06
 1.05624e-06
 8.78961e-07
 7.41227e-07
 6.32519e-07
 5.45456e-07
 4.74789e-07
 4.16733e-07
 3.68511e-07
 3.28057e-07
 2.93812e-07
 2.64587e-07
 2.39456e-07
 2.17700e-07
 1.98745e-07
 1.82137e-07
 1.67505e-07
 1.54552e-07
 1.43033e-07
 1.32744e-07
 1.45211e-06
 1.16331e-06
 9.51464e-07
 7.91855e-07
 6.68812e-07
 5.72065e-07
 4.94685e-07
 4.31865e-07
 3.80194e-07
 3.37199e-07
 3.01052e-07
 2.70381e-07
 2.44140e-07
 2.21519e-07
 2.01884e-07
 1.84735e-07
 1.69671e-07
 1.56368e-07
 1.44564e-07
 1.34042e-07
 1.58918e-06
 1.24928e-06
 1.00791e-06
 8.30312e-07
 6.95818e-07
 5.91516e-07
 5.08999e-07
 4.42595e-07
 3.88368e-07
 3.43514e-07
 3.05993e-07
 2.74289e-07
 2.47262e-07
 2.24035e-07
 2.03928e-07
 1.86407e-07
 1.71048e-07
 1.57509e-07
 1.45514e-07
 1.34837e-07
 1.67726e-06
 1.30248e-06
 1.04177e-06
 8.52752e-07
 7.11176e-07
 6.02309e-07
 5.16750e-07
 4.48265e-07
 3.92580e-07
 3.46685e-07
 3.08407e-07
 2.76145e-07
 2.48700e-07
 2.25156e-07
 2.04808e-07
 1.87101e-07
 1.71596e-07
 1.57943e-07
 1.45858e-07
 1.35110e-07
 1.69998e-06
 1.31477e-06
 1.04867e-06
 8.56679e-07
 7.13395e-07
 6.03514e-07
 5.17341e-07
 4.48479e-07
 3.92563e-07
 3.46526e-07
 3.08164e-07
 2.75855e-07
 2.48386e-07
 2.24834e-07
 2.04487e-07
 1.86787e-07
 1.71294e-07
 1.57654e-07
 1.45583e-07
 1.34849e-07
 1.65309e-06
 1.28411e-06
 1.02754e-06
 8.41505e-07
 7.02136e-07
 5.94931e-07
 5.10650e-07
 4.43162e-07
 3.88268e-07
 3.43008e-07
 3.05246e-07
 2.73408e-07
 2.46314e-07
 2.23064e-07
 2.02963e-07
 1.85465e-07
 1.70140e-07
 1.56641e-07
 1.44689e-07
 1.34056e-07
 1.54562e-06
 1.21503e-06
 9.80846e-07
 8.08668e-07
 6.78279e-07
 5.77124e-07
 4.97050e-07
 4.32570e-07
 3.79876e-07
 3.36260e-07
 2.99747e-07
 2.68874e-07
 2.42536e-07
 2.19886e-07
 2.00267e-07
 1.83161e-07
 1.68156e-07
 1.54921e-07
 1.43189e-07
 1.32741e-07
 1.39550e-06
 1.11692e-06
 9.13853e-07
 7.61269e-07
 6.43740e-07
 5.51319e-07
 4.77354e-07
 4.17255e-07
 3.67773e-07
 3.26555e-07
 2.91866e-07
 2.62401e-07
 2.37164e-07
 2.15386e-07
 1.96465e-07
 1.79924e-07
 1.65380e-07
 1.52526e-07
 1.41110e-07
 1.30926e-07
 1.22339e-06
 1.00128e-06
 8.33280e-07
 7.03408e-07
 6.01109e-07
 5.19209e-07
 4.52697e-07
 3.97998e-07
 3.52506e-07
 3.14289e-07
 2.81892e-07
 2.54202e-07
 2.30358e-07
 2.09686e-07
 1.91652e-07
 1.75829e-07
 1.61873e-07
 1.49503e-07
 1.38488e-07
 1.28640e-07
 1.04768e-06
 8.79157e-07
 7.45974e-07
 6.39449e-07
 5.53244e-07
 4.82707e-07
 4.24392e-07
 3.75718e-07
 3.34732e-07
 2.99936e-07
 2.70173e-07
 2.44538e-07
 2.22315e-07
 2.02937e-07
 1.85944e-07
 1.70968e-07
 1.57705e-07
 1.45908e-07
 1.35371e-07
 1.25922e-07
 8.81784e-07
 7.59476e-07
 6.57879e-07
 5.73400e-07
 5.02885e-07
 4.43718e-07
 3.93782e-07
 3.51377e-07
 3.15149e-07
 2.84011e-07
 2.57096e-07
 2.33701e-07
 2.13260e-07
 1.95311e-07
 1.79477e-07
 1.65446e-07
 1.52962e-07
 1.41810e-07
 1.31811e-07
 1.22815e-07
 7.33538e-07
 6.48304e-07
 5.73476e-07
 5.08512e-07
 4.52385e-07
 4.03952e-07
 3.62118e-07
 3.25899e-07
 2.94445e-07
 2.67033e-07
 2.43052e-07
 2.21992e-07
 2.03424e-07
 1.86991e-07
 1.72394e-07
 1.59379e-07
 1.47735e-07
 1.37283e-07
 1.27871e-07
 1.19368e-07
 6.06059e-07
 5.48975e-07
 4.95667e-07
 4.47127e-07
 4.03572e-07
 3.64814e-07
 3.30474e-07
 3.00105e-07
 2.73252e-07
 2.49488e-07
 2.28421e-07
 2.09706e-07
 1.93041e-07
 1.78162e-07
 1.64841e-07
 1.52883e-07
 1.42119e-07
 1.32404e-07
 1.23612e-07
 1.15635e-07
 4.99248e-07
 4.62665e-07
 4.25959e-07
 3.90701e-07
 3.57714e-07
 3.27355e-07
 2.99704e-07
 2.74678e-07
 2.52114e-07
 2.31808e-07
 2.13546e-07
 1.97119e-07
 1.82330e-07
 1.68999e-07
 1.56962e-07
 1.46075e-07
 1.36209e-07
 1.27250e-07
 1.19099e-07
 1.11667e-07
 4.11232e-07
 3.89106e-07
 3.64804e-07
 3.39949e-07
 3.15572e-07
 2.92288e-07
 2.70432e-07
 2.50149e-07
 2.31471e-07
 2.14358e-07
 1.98726e-07
 1.84475e-07
 1.71492e-07
 1.59667e-07
 1.48892e-07
 1.39066e-07
 1.30097e-07
 1.21899e-07
 1.14396e-07
 1.07519e-07
