scalar
part
         1
quad4
 5.95320e-07
 5.46450e-07
 4.98717e-07
 4.53727e-07
 4.12265e-07
 3.74597e-07
 3.40679e-07
 3.10301e-07
 2.83169e-07
 2.58965e-07
 2.37373e-07
 2.18094e-07
 2.00857e-07
 1.85417e-07
 1.71560e-07
 1.59095e-07
 1.47857e-07
 1.37702e-07
 1.28503e-07
 1.20152e-07
 7.02638e-07
 6.32577e-07
 5.67568e-07
 5.08763e-07
 4.56368e-07
 4.10083e-07
 3.69379e-07
 3.33642e-07
 3.02266e-07
 2.74684e-07
 2.50388e-07
 2.28933e-07
 2.09935e-07
 1.93062e-07
 1.78030e-07
 1.64599e-07
 1.52561e-07
 1.41740e-07
 1.31985e-07
 1.23165e-07
 8.28761e-07
 7.30089e-07
 6.43042e-07
 5.67439e-07
 5.02275e-07
 4.46267e-07
 3.98123e-07
 3.56660e-07
 3.20844e-07
 2.89792e-07
 2.62765e-07
 2.39143e-07
 2.18413e-07
 2.00145e-07
 1.83984e-07
 1.69630e-07
 1.56835e-07
 1.45389e-07
 1.35115e-07
 1.25862e-07
 9.73449e-07
 8.37410e-07
 7.23266e-07
 6.28009e-07
 5.48508e-07
 4.81952e-07
 4.25967e-07
 3.78613e-07
 3.38323e-07
 3.03838e-07
 2.74150e-07
 2.48447e-07
 2.26072e-07
 2.06496e-07
 1.89283e-07
 1.74080e-07
 1.60592e-07
 1.48578e-07
 1.37835e-07
 1.28193e-07
 1.13315e-06
 9.50664e-07
 8.04886e-07
 6.87813e-07
 5.93036e-07
 5.15609e-07
 4.51766e-07
 3.98644e-07
 3.54060e-07
 3.16336e-07
 2.84174e-07
 2.56560e-07
 2.32694e-07
 2.11941e-07
 1.93794e-07
 1.77840e-07
 1.63746e-07
 1.51238e-07
 1.40090e-07
 1.30115e-07
 1.29911e-06
 1.06297e-06
 8.82879e-07
 7.43282e-07
 6.33338e-07
 5.45454e-07
 4.74245e-07
 4.15834e-07
 3.67385e-07
 3.26792e-07
 2.92469e-07
 2.63205e-07
 2.38066e-07
 2.16320e-07
 1.97390e-07
 1.80813e-07
 1.66220e-07
 1.53309e-07
 1.41832e-07
 1.31587e-07
 1.45605e-06
 1.16432e-06
 9.50766e-07
 7.90185e-07
 6.66609e-07
 5.69595e-07
 4.92107e-07
 4.29277e-07
 3.77654e-07
 3.34740e-07
 2.98693e-07
 2.68131e-07
 2.42001e-07
 2.19489e-07
 1.99962e-07
 1.82915e-07
 1.67948e-07
 1.54737e-07
 1.43019e-07
 1.32577e-07
 1.58303e-06
 1.24271e-06
 1.00145e-06
 8.24183e-07
 6.90116e-07
 5.86260e-07
 5.04173e-07
 4.38170e-07
 3.84310e-07
 3.39788e-07
 3.02566e-07
 2.71131e-07
 2.44345e-07
 2.21334e-07
 2.01423e-07
 1.84078e-07
 1.68878e-07
 1.55483e-07
 1.43619e-07
 1.33060e-07
 1.65809e-06
 1.28672e-06
 1.02861e-06
 8.41616e-07
 7.01639e-07
 5.94054e-07
 5.09538e-07
 4.41913e-07
 3.86944e-07
 3.41651e-07
 3.03884e-07
 2.72060e-07
 2.44992e-07
 2.21777e-07
 2.01714e-07
 1.84259e-07
 1.68976e-07
 1.55521e-07
 1.43612e-07
 1.33020e-07
 1.66596e-06
 1.28894e-06
 1.02838e-06
 8.40305e-07
 6.99899e-07
 5.92196e-07
 5.07711e-07
 4.40184e-07
 3.85343e-07
 3.40185e-07
 3.02549e-07
 2.70848e-07
 2.43894e-07
 2.20781e-07
 2.00811e-07
 1.83438e-07
 1.68229e-07
 1.54840e-07
 1.42990e-07
 1.32451e-07
 1.60454e-06
 1.24851e-06
 1.00035e-06
 8.20077e-07
 6.84824e-07
 5.80660e-07
 4.98687e-07
 4.32993e-07
 3.79519e-07
 3.35402e-07
 2.98574e-07
 2.67508e-07
 2.41060e-07
 2.18357e-07
 1.98721e-07
 1.81623e-07
 1.66644e-07
 1.53446e-07
 1.41758e-07
 1.31358e-07
 1.48534e-06
 1.17123e-06
 9.47710e-07
 7.82795e-07
 6.57560e-07
 5.60185e-07
 4.82959e-07
 4.20676e-07
 3.69711e-07
 3.27476e-07
 2.92085e-07
 2.62135e-07
 2.36565e-07
 2.14560e-07
 1.95488e-07
 1.78849e-07
 1.64246e-07
 1.51362e-07
 1.39935e-07
 1.29755e-07
 1.32798e-06
 1.06743e-06
 8.76275e-07
 7.31903e-07
 6.20242e-07
 5.32142e-07
 4.61439e-07
 4.03857e-07
 3.56354e-07
 3.16718e-07
 2.83310e-07
 2.54897e-07
 2.30533e-07
 2.09488e-07
 1.91187e-07
 1.75174e-07
 1.61085e-07
 1.48624e-07
 1.37550e-07
 1.27666e-07
 1.15339e-06
 9.48930e-07
 7.93018e-07
 6.71687e-07
 5.75596e-07
 4.98322e-07
 4.35333e-07
 3.83370e-07
 3.40038e-07
 3.03551e-07
 2.72560e-07
 2.46025e-07
 2.23141e-07
 2.03274e-07
 1.85921e-07
 1.70679e-07
 1.57222e-07
 1.45283e-07
 1.34645e-07
 1.25125e-07
 9.79085e-07
 8.26509e-07
 7.04729e-07
 6.06525e-07
 5.26514e-07
 4.60676e-07
 4.05989e-07
 3.60161e-07
 3.21439e-07
 2.88470e-07
 2.60198e-07
 2.35793e-07
 2.14595e-07
 1.96078e-07
 1.79815e-07
 1.65463e-07
 1.52736e-07
 1.41403e-07
 1.31269e-07
 1.22174e-07
 8.17181e-07
 7.08475e-07
 6.17070e-07
 5.40299e-07
 4.75684e-07
 4.21091e-07
 3.74746e-07
 3.35198e-07
 3.01267e-07
 2.71999e-07
 2.46620e-07
 2.24500e-07
 2.05126e-07
 1.88077e-07
 1.73009e-07
 1.59634e-07
 1.47714e-07
 1.37052e-07
 1.27480e-07
 1.18857e-07
 6.74283e-07
 6.00216e-07
 5.34149e-07
 4.76058e-07
 4.25350e-07
 3.81218e-07
 3.42827e-07
 3.09389e-07
 2.80203e-07
 2.54654e-07
 2.32218e-07
 2.12449e-07
 1.94968e-07
 1.79458e-07
 1.65648e-07
 1.53310e-07
 1.42251e-07
 1.32307e-07
 1.23339e-07
 1.15226e-07
 5.52610e-07
 5.04476e-07
 4.58497e-07
 4.15916e-07
 3.77200e-07
 3.42378e-07
 3.11254e-07
 2.83527e-07
 2.58858e-07
 2.36910e-07
 2.17365e-07
 1.99932e-07
 1.84354e-07
 1.70403e-07
 1.57879e-07
 1.46609e-07
 1.36441e-07
 1.27246e-07
 1.18910e-07
 1.11334e-07
 4.51506e-07
 4.21996e-07
 3.91313e-07
 3.61119e-07
 3.32362e-07
 3.05531e-07
 2.80821e-07
 2.58254e-07
 2.37752e-07
 2.19184e-07
 2.02394e-07
 1.87218e-07
 1.73499e-07
 1.61087e-07
 1.49845e-07
 1.39647e-07
 1.30381e-07
 1.21948e-07
 1.14259e-07
 1.07235e-07
 3.68798e-07
 3.52224e-07
 3.32818e-07
 3.12208e-07
 2.91475e-07
 2.71300e-07
 2.52089e-07
 2.34057e-07
 2.17296e-07
 2.01819e-07
 1.87589e-07
 1.74541e-07
 1.62597e-07
 1.51670e-07
 1.41676e-07
 1.32532e-07
 1.24160e-07
 1.16487e-07
 1.09448e-07
 1.02981e-07
