scalar
part
         1
quad4
 3.98262e-07
 3.78023e-07
 3.55365e-07
 3.31918e-07
 3.08734e-07
 2.86454e-07
 2.65439e-07
 2.45862e-07
 2.27776e-07
 2.11159e-07
 1.95947e-07
 1.82049e-07
 1.69366e-07
 1.57797e-07
 1.47240e-07
 1.37602e-07
 1.28794e-07
 1.20736e-07
 1.13354e-07
 1.06582e-07
 4.84971e-07
 4.50732e-07
 4.15999e-07
 3.82379e-07
 3.50741e-07
 3.21490e-07
 2.94748e-07
 2.70469e-07
 2.48521e-07
 2.28725e-07
 2.10887e-07
 1.94814e-07
 1.80323e-07
 1.67242e-07
 1.55418e-07
 1.44712e-07
 1.35001e-07
 1.26176e-07
 1.18140e-07
 1.10808e-07
 5.90488e-07
 5.36292e-07
 4.85320e-07
 4.38653e-07
 3.96595e-07
 3.59032e-07
 3.25652e-07
 2.96056e-07
 2.69831e-07
 2.46577e-07
 2.25930e-07
 2.07561e-07
 1.91184e-07
 1.76545e-07
 1.63427e-07
 1.51640e-07
 1.41022e-07
 1.31432e-07
 1.22747e-07
 1.14862e-07
 7.16831e-07
 6.35093e-07
 5.62970e-07
 5.00092e-07
 4.45579e-07
 3.98401e-07
 3.57549e-07
 3.22107e-07
 2.91272e-07
 2.64357e-07
 2.40779e-07
 2.20047e-07
 2.01750e-07
 1.85542e-07
 1.71132e-07
 1.58275e-07
 1.46765e-07
 1.36426e-07
 1.27110e-07
 1.18691e-07
 8.64337e-07
 7.46135e-07
 6.47560e-07
 5.65318e-07
 4.96475e-07
 4.38573e-07
 3.89604e-07
 3.47949e-07
 3.12308e-07
 2.81636e-07
 2.55092e-07
 2.31998e-07
 2.11803e-07
 1.94056e-07
 1.78390e-07
 1.64499e-07
 1.52133e-07
 1.41080e-07
 1.31166e-07
 1.22242e-07
 1.03025e-06
 8.66309e-07
 7.36324e-07
 6.32068e-07
 5.47501e-07
 4.78169e-07
 4.20756e-07
 3.72767e-07
 3.32309e-07
 2.97927e-07
 2.68491e-07
 2.43118e-07
 2.21107e-07
 2.01902e-07
 1.85052e-07
 1.70194e-07
 1.57030e-07
 1.45316e-07
 1.34849e-07
 1.25460e-07
 1.20719e-06
 9.89788e-07
 8.24903e-07
 6.97149e-07
 5.96330e-07
 5.15490e-07
 4.49755e-07
 3.95637e-07
 3.50586e-07
 3.12710e-07
 2.80579e-07
 2.53101e-07
 2.29427e-07
 2.08893e-07
 1.90972e-07
 1.75242e-07
 1.61364e-07
 1.49058e-07
 1.38099e-07
 1.28297e-07
 1.38221e-06
 1.10784e-06
 9.07425e-07
 7.56573e-07
 6.40220e-07
 5.48622e-07
 4.75249e-07
 4.15584e-07
 3.66429e-07
 3.25461e-07
 2.90965e-07
 2.61651e-07
 2.36535e-07
 2.14855e-07
 1.96013e-07
 1.79537e-07
 1.65047e-07
 1.52237e-07
 1.40859e-07
 1.30706e-07
 1.53711e-06
 1.20944e-06
 9.77006e-07
 8.05933e-07
 6.76274e-07
 5.75618e-07
 4.95896e-07
 4.31671e-07
 3.79166e-07
 3.35691e-07
 2.99287e-07
 2.68499e-07
 2.42227e-07
 2.19631e-07
 2.00054e-07
 1.82982e-07
 1.68005e-07
 1.54793e-07
 1.43081e-07
 1.32649e-07
 1.65094e-06
 1.28283e-06
 1.02674e-06
 8.41004e-07
 7.01815e-07
 5.94727e-07
 5.10522e-07
 4.43086e-07
 3.88228e-07
 3.42993e-07
 3.05248e-07
 2.73421e-07
 2.46336e-07
 2.23092e-07
 2.02995e-07
 1.85500e-07
 1.70176e-07
 1.56678e-07
 1.44726e-07
 1.34093e-07
 1.70476e-06
 1.31808e-06
 1.05108e-06
 8.58501e-07
 7.14813e-07
 6.04645e-07
 5.18262e-07
 4.49241e-07
 3.93203e-07
 3.47071e-07
 3.08632e-07
 2.76261e-07
 2.48742e-07
 2.25148e-07
 2.04766e-07
 1.87036e-07
 1.71517e-07
 1.57856e-07
 1.45766e-07
 1.35016e-07
 1.68830e-06
 1.31004e-06
 1.04719e-06
 8.56779e-07
 7.14259e-07
 6.04727e-07
 5.18686e-07
 4.49842e-07
 3.93884e-07
 3.47777e-07
 3.09332e-07
 2.76937e-07
 2.49383e-07
 2.25752e-07
 2.05330e-07
 1.87561e-07
 1.72005e-07
 1.58308e-07
 1.46186e-07
 1.35405e-07
 1.60483e-06
 1.26021e-06
 1.01584e-06
 8.36244e-07
 7.00375e-07
 5.95096e-07
 5.11865e-07
 4.44927e-07
 3.90293e-07
 3.45123e-07
 3.07352e-07
 2.75449e-07
 2.48260e-07
 2.24901e-07
 2.04685e-07
 1.87073e-07
 1.71637e-07
 1.58034e-07
 1.45983e-07
 1.35259e-07
 1.47041e-06
 1.17649e-06
 9.61229e-07
 7.99274e-07
 6.74573e-07
 5.76626e-07
 4.98356e-07
 4.34864e-07
 3.82676e-07
 3.39277e-07
 3.02810e-07
 2.71882e-07
 2.45432e-07
 2.22640e-07
 2.02863e-07
 1.85596e-07
 1.70432e-07
 1.57045e-07
 1.45169e-07
 1.34584e-07
 1.30738e-06
 1.07059e-06
 8.89870e-07
 7.49675e-07
 6.39176e-07
 5.50785e-07
 4.79116e-07
 4.20292e-07
 3.71471e-07
 3.30546e-07
 2.95925e-07
 2.66395e-07
 2.41016e-07
 2.19055e-07
 1.99931e-07
 1.83179e-07
 1.68428e-07
 1.55372e-07
 1.43765e-07
 1.33401e-07
 1.13673e-06
 9.54608e-07
 8.08962e-07
 6.91872e-07
 5.96986e-07
 5.19398e-07
 4.55366e-07
 4.02045e-07
 3.57261e-07
 3.19343e-07
 2.86995e-07
 2.59205e-07
 2.35174e-07
 2.14269e-07
 1.95979e-07
 1.79894e-07
 1.65679e-07
 1.53059e-07
 1.41807e-07
 1.31736e-07
 9.73601e-07
 8.38521e-07
 7.24997e-07
 6.30122e-07
 5.50839e-07
 4.84386e-07
 4.28429e-07
 3.81053e-07
 3.40707e-07
 3.06147e-07
 2.76371e-07
 2.50573e-07
 2.28103e-07
 2.08430e-07
 1.91124e-07
 1.75830e-07
 1.62257e-07
 1.50160e-07
 1.39339e-07
 1.29624e-07
 8.26530e-07
 7.29106e-07
 6.42956e-07
 5.67986e-07
 5.03260e-07
 4.47547e-07
 3.99594e-07
 3.58246e-07
 3.22491e-07
 2.91462e-07
 2.64430e-07
 2.40785e-07
 2.20019e-07
 2.01707e-07
 1.85496e-07
 1.71090e-07
 1.58241e-07
 1.46740e-07
 1.36412e-07
 1.27107e-07
 6.98831e-07
 6.30111e-07
 5.66124e-07
 5.08089e-07
 4.56266e-07
 4.10403e-07
 3.70005e-07
 3.34486e-07
 3.03262e-07
 2.75781e-07
 2.51549e-07
 2.30131e-07
 2.11148e-07
 1.94274e-07
 1.79232e-07
 1.65781e-07
 1.53719e-07
 1.42869e-07
 1.33082e-07
 1.24230e-07
 5.90530e-07
 5.42978e-07
 4.96293e-07
 4.52128e-07
 4.11309e-07
 3.74138e-07
 3.40602e-07
 3.10513e-07
 2.83599e-07
 2.59557e-07
 2.38083e-07
 2.18889e-07
 2.01710e-07
 1.86308e-07
 1.72473e-07
 1.60018e-07
 1.48781e-07
 1.38620e-07
 1.29411e-07
 1.21044e-07
