scalar
part
         1
quad4
 4.98328e-07
 4.64010e-07
 4.28998e-07
 3.94903e-07
 3.62650e-07
 3.32699e-07
 3.05219e-07
 2.80201e-07
 2.57532e-07
 2.37050e-07
 2.18568e-07
 2.01895e-07
 1.86850e-07
 1.73261e-07
 1.60971e-07
 1.49840e-07
 1.39741e-07
 1.30561e-07
 1.22202e-07
 1.14576e-07
 5.95752e-07
 5.43895e-07
 4.94227e-07
 4.48130e-07
 4.06157e-07
 3.68377e-07
 3.34600e-07
 3.04512e-07
 2.77752e-07
 2.53956e-07
 2.32777e-07
 2.13902e-07
 1.97046e-07
 1.81963e-07
 1.68434e-07
 1.56270e-07
 1.45304e-07
 1.35396e-07
 1.26421e-07
 1.18271e-07
 7.12162e-07
 6.36080e-07
 5.67276e-07
 5.06224e-07
 4.52603e-07
 4.05745e-07
 3.64870e-07
 3.29204e-07
 2.98034e-07
 2.70729e-07
 2.46741e-07
 2.25600e-07
 2.06907e-07
 1.90323e-07
 1.75560e-07
 1.62376e-07
 1.50564e-07
 1.39947e-07
 1.30376e-07
 1.21723e-07
 8.48570e-07
 7.40069e-07
 6.47097e-07
 5.68029e-07
 5.00916e-07
 4.43881e-07
 3.95262e-07
 3.53650e-07
 3.17872e-07
 2.86964e-07
 2.60133e-07
 2.36729e-07
 2.16222e-07
 1.98170e-07
 1.82213e-07
 1.68048e-07
 1.55426e-07
 1.44137e-07
 1.34005e-07
 1.24880e-07
 1.00357e-06
 8.53559e-07
 7.31398e-07
 6.31570e-07
 5.49492e-07
 4.81516e-07
 4.24788e-07
 3.77084e-07
 3.36674e-07
 3.02199e-07
 2.72593e-07
 2.47008e-07
 2.24768e-07
 2.05328e-07
 1.88249e-07
 1.73172e-07
 1.59801e-07
 1.47894e-07
 1.37247e-07
 1.27692e-07
 1.17174e-06
 9.71723e-07
 8.16367e-07
 6.93968e-07
 5.96193e-07
 5.17070e-07
 4.52276e-07
 3.98634e-07
 3.53783e-07
 3.15939e-07
 2.83743e-07
 2.56144e-07
 2.32319e-07
 2.11620e-07
 1.93532e-07
 1.77637e-07
 1.63600e-07
 1.51144e-07
 1.40044e-07
 1.30111e-07
 1.34212e-06
 1.08681e-06
 8.96640e-07
 7.51520e-07
 6.38442e-07
 5.48733e-07
 4.76438e-07
 4.17370e-07
 3.68520e-07
 3.27681e-07
 2.93208e-07
 2.63852e-07
 2.38657e-07
 2.16878e-07
 1.97928e-07
 1.81340e-07
 1.66740e-07
 1.53824e-07
 1.42344e-07
 1.32096e-07
 1.49806e-06
 1.18849e-06
 9.65704e-07
 8.00017e-07
 6.73461e-07
 5.74625e-07
 4.95979e-07
 4.32384e-07
 3.80238e-07
 3.36955e-07
 3.00639e-07
 2.69875e-07
 2.43588e-07
 2.20952e-07
 2.01322e-07
 1.84190e-07
 1.69150e-07
 1.55876e-07
 1.44101e-07
 1.33609e-07
 1.61935e-06
 1.26536e-06
 1.01681e-06
 8.35312e-07
 6.98611e-07
 5.93022e-07
 5.09738e-07
 4.42876e-07
 3.88374e-07
 3.43359e-07
 3.05747e-07
 2.73997e-07
 2.46950e-07
 2.23720e-07
 2.03622e-07
 1.86116e-07
 1.70774e-07
 1.57255e-07
 1.45280e-07
 1.34622e-07
 1.68695e-06
 1.30732e-06
 1.04425e-06
 8.54021e-07
 7.11800e-07
 6.02582e-07
 5.16833e-07
 4.48249e-07
 3.92516e-07
 3.46601e-07
 3.08319e-07
 2.76063e-07
 2.48628e-07
 2.25096e-07
 2.04761e-07
 1.87066e-07
 1.71573e-07
 1.57930e-07
 1.45855e-07
 1.35115e-07
 1.68890e-06
 1.30824e-06
 1.04468e-06
 8.54200e-07
 7.11848e-07
 6.02562e-07
 5.16780e-07
 4.48179e-07
 3.92439e-07
 3.46524e-07
 3.08244e-07
 2.75992e-07
 2.48561e-07
 2.25035e-07
 2.04704e-07
 1.87013e-07
 1.71525e-07
 1.57886e-07
 1.45814e-07
 1.35077e-07
 1.62440e-06
 1.26779e-06
 1.01793e-06
 8.35765e-07
 6.98712e-07
 5.92940e-07
 5.09564e-07
 4.42659e-07
 3.88142e-07
 3.43127e-07
 3.05522e-07
 2.73784e-07
 2.46751e-07
 2.23536e-07
 2.03452e-07
 1.85959e-07
 1.70631e-07
 1.57123e-07
 1.45158e-07
 1.34510e-07
 1.50437e-06
 1.19156e-06
 9.67098e-07
 8.00527e-07
 6.73500e-07
 5.74419e-07
 4.95649e-07
 4.32000e-07
 3.79838e-07
 3.36561e-07
 3.00262e-07
 2.69520e-07
 2.43257e-07
 2.20646e-07
 2.01040e-07
 1.83930e-07
 1.68911e-07
 1.55656e-07
 1.43899e-07
 1.33423e-07
 1.34770e-06
 1.08952e-06
 8.97790e-07
 7.51810e-07
 6.38269e-07
 5.48317e-07
 4.75906e-07
 4.16794e-07
 3.67940e-07
 3.27118e-07
 2.92674e-07
 2.63353e-07
 2.38194e-07
 2.16450e-07
 1.97534e-07
 1.80977e-07
 1.66407e-07
 1.53518e-07
 1.42063e-07
 1.31837e-07
 1.17526e-06
 9.73323e-07
 8.16836e-07
 6.93791e-07
 5.95663e-07
 5.16363e-07
 4.51495e-07
 3.97838e-07
 3.53006e-07
 3.15199e-07
 2.83049e-07
 2.55499e-07
 2.31723e-07
 2.11072e-07
 1.93027e-07
 1.77174e-07
 1.63175e-07
 1.50754e-07
 1.39685e-07
 1.29781e-07
 1.00457e-06
 8.53666e-07
 7.30928e-07
 6.30760e-07
 5.48505e-07
 4.80456e-07
 4.23721e-07
 3.76048e-07
 3.35690e-07
 3.01278e-07
 2.71737e-07
 2.46218e-07
 2.24041e-07
 2.04661e-07
 1.87638e-07
 1.72611e-07
 1.59287e-07
 1.47421e-07
 1.36813e-07
 1.27292e-07
 8.47199e-07
 7.38658e-07
 6.45620e-07
 5.66523e-07
 4.99424e-07
 4.42437e-07
 3.93890e-07
 3.52363e-07
 3.16676e-07
 2.85859e-07
 2.59117e-07
 2.35798e-07
 2.15368e-07
 1.97388e-07
 1.81497e-07
 1.67392e-07
 1.54825e-07
 1.43586e-07
 1.33498e-07
 1.24413e-07
 7.08905e-07
 6.33348e-07
 5.64869e-07
 5.04047e-07
 4.50613e-07
 4.03920e-07
 3.63195e-07
 3.27670e-07
 2.96630e-07
 2.69446e-07
 2.45570e-07
 2.24531e-07
 2.05931e-07
 1.89431e-07
 1.74745e-07
 1.61630e-07
 1.49880e-07
 1.39319e-07
 1.29799e-07
 1.21192e-07
 5.91154e-07
 5.40137e-07
 4.91046e-07
 4.45368e-07
 4.03717e-07
 3.66198e-07
 3.32641e-07
 3.02744e-07
 2.76152e-07
 2.52505e-07
 2.31460e-07
 2.12703e-07
 1.95955e-07
 1.80968e-07
 1.67525e-07
 1.55438e-07
 1.44542e-07
 1.34697e-07
 1.25778e-07
 1.17680e-07
 4.92875e-07
 4.59532e-07
 4.25232e-07
 3.91672e-07
 3.59833e-07
 3.30215e-07
 3.03010e-07
 2.78223e-07
 2.55754e-07
 2.35445e-07
 2.17115e-07
 2.00578e-07
 1.85652e-07
 1.72169e-07
 1.59975e-07
 1.48929e-07
 1.38906e-07
 1.29795e-07
 1.21498e-07
 1.13927e-07
