scalar
part
         1
quad4
 6.10941e-07
 5.61258e-07
 5.12653e-07
 4.66765e-07
 4.24411e-07
 3.85876e-07
 3.51132e-07
 3.19976e-07
 2.92121e-07
 2.67250e-07
 2.45044e-07
 2.25203e-07
 2.07452e-07
 1.91544e-07
 1.77259e-07
 1.64404e-07
 1.52811e-07
 1.42331e-07
 1.32836e-07
 1.24213e-07
 7.21108e-07
 6.49860e-07
 5.83627e-07
 5.23608e-07
 4.70039e-07
 4.22645e-07
 3.80909e-07
 3.44223e-07
 3.11979e-07
 2.83608e-07
 2.58599e-07
 2.36499e-07
 2.16918e-07
 1.99519e-07
 1.84013e-07
 1.70151e-07
 1.57724e-07
 1.46550e-07
 1.36474e-07
 1.27363e-07
 8.50753e-07
 7.50357e-07
 6.61600e-07
 5.84356e-07
 5.17657e-07
 4.60238e-07
 4.10814e-07
 3.68198e-07
 3.31348e-07
 2.99374e-07
 2.71523e-07
 2.47168e-07
 2.25782e-07
 2.06929e-07
 1.90243e-07
 1.75419e-07
 1.62201e-07
 1.50373e-07
 1.39754e-07
 1.30189e-07
 9.99833e-07
 8.61284e-07
 7.44748e-07
 6.47282e-07
 5.65784e-07
 4.97446e-07
 4.39886e-07
 3.91145e-07
 3.49637e-07
 3.14083e-07
 2.83455e-07
 2.56923e-07
 2.33817e-07
 2.13594e-07
 1.95807e-07
 1.80092e-07
 1.66148e-07
 1.53724e-07
 1.42614e-07
 1.32641e-07
 1.16504e-06
 9.78877e-07
 8.29755e-07
 7.09723e-07
 6.12368e-07
 5.32715e-07
 4.66956e-07
 4.12186e-07
 3.66182e-07
 3.27232e-07
 2.94008e-07
 2.65469e-07
 2.40796e-07
 2.19335e-07
 2.00564e-07
 1.84060e-07
 1.69477e-07
 1.56533e-07
 1.44996e-07
 1.34671e-07
 1.33790e-06
 1.09633e-06
 9.11584e-07
 7.68064e-07
 6.54838e-07
 5.64213e-07
 4.90709e-07
 4.30368e-07
 3.80288e-07
 3.38308e-07
 3.02799e-07
 2.72517e-07
 2.46496e-07
 2.23984e-07
 2.04384e-07
 1.87219e-07
 1.72107e-07
 1.58735e-07
 1.46849e-07
 1.36239e-07
 1.50331e-06
 1.20359e-06
 9.83652e-07
 8.17968e-07
 6.90299e-07
 5.89978e-07
 5.09793e-07
 4.44744e-07
 3.91279e-07
 3.46822e-07
 3.09472e-07
 2.77801e-07
 2.50720e-07
 2.27389e-07
 2.07149e-07
 1.89481e-07
 1.73968e-07
 1.60275e-07
 1.48130e-07
 1.37309e-07
 1.64010e-06
 1.28836e-06
 1.03860e-06
 8.54906e-07
 7.15880e-07
 6.08139e-07
 5.22961e-07
 4.54463e-07
 3.98564e-07
 3.52356e-07
 3.13724e-07
 2.81101e-07
 2.53304e-07
 2.29427e-07
 2.08768e-07
 1.90773e-07
 1.75005e-07
 1.61110e-07
 1.48804e-07
 1.37854e-07
 1.72531e-06
 1.33854e-06
 1.06970e-06
 8.74944e-07
 7.29188e-07
 6.17190e-07
 5.29233e-07
 4.58873e-07
 4.01698e-07
 3.54599e-07
 3.15336e-07
 2.82260e-07
 2.54133e-07
 2.30014e-07
 2.09176e-07
 1.91048e-07
 1.75180e-07
 1.61211e-07
 1.48850e-07
 1.37858e-07
 1.74171e-06
 1.34571e-06
 1.07250e-06
 8.75587e-07
 7.28755e-07
 6.16232e-07
 5.28041e-07
 4.57604e-07
 4.00435e-07
 3.53386e-07
 3.14193e-07
 2.81196e-07
 2.53149e-07
 2.29108e-07
 2.08343e-07
 1.90284e-07
 1.74479e-07
 1.60567e-07
 1.48257e-07
 1.37313e-07
 1.68495e-06
 1.30794e-06
 1.04608e-06
 8.56378e-07
 7.14345e-07
 6.05143e-07
 5.19325e-07
 4.50627e-07
 3.94763e-07
 3.48712e-07
 3.10297e-07
 2.77913e-07
 2.50358e-07
 2.26715e-07
 2.06275e-07
 1.88485e-07
 1.72904e-07
 1.59181e-07
 1.47031e-07
 1.36222e-07
 1.56519e-06
 1.23044e-06
 9.93326e-07
 8.19011e-07
 6.87010e-07
 5.84604e-07
 5.03539e-07
 4.38257e-07
 3.84906e-07
 3.40741e-07
 3.03767e-07
 2.72502e-07
 2.45828e-07
 2.22887e-07
 2.03014e-07
 1.85685e-07
 1.70483e-07
 1.57075e-07
 1.45188e-07
 1.34601e-07
 1.40240e-06
 1.12360e-06
 9.20055e-07
 7.66932e-07
 6.48884e-07
 5.55987e-07
 4.81596e-07
 4.21117e-07
 3.71299e-07
 3.29785e-07
 2.94832e-07
 2.65132e-07
 2.39687e-07
 2.17722e-07
 1.98634e-07
 1.81942e-07
 1.67263e-07
 1.54286e-07
 1.42758e-07
 1.32473e-07
 1.21910e-06
 9.99952e-07
 8.33575e-07
 7.04597e-07
 6.02785e-07
 5.21134e-07
 4.54733e-07
 4.00060e-07
 3.54544e-07
 3.16274e-07
 2.83807e-07
 2.56038e-07
 2.32112e-07
 2.11357e-07
 1.93242e-07
 1.77340e-07
 1.63308e-07
 1.50867e-07
 1.39785e-07
 1.29873e-07
 1.03475e-06
 8.71230e-07
 7.41176e-07
 6.36655e-07
 5.51759e-07
 4.82089e-07
 4.24355e-07
 3.76071e-07
 3.35345e-07
 3.00721e-07
 2.71069e-07
 2.45502e-07
 2.23317e-07
 2.03955e-07
 1.86964e-07
 1.71978e-07
 1.58699e-07
 1.46880e-07
 1.36318e-07
 1.26842e-07
 8.62974e-07
 7.46622e-07
 6.49031e-07
 5.67291e-07
 4.98679e-07
 4.40855e-07
 3.91877e-07
 3.50165e-07
 3.14440e-07
 2.83673e-07
 2.57029e-07
 2.33835e-07
 2.13541e-07
 1.95701e-07
 1.79945e-07
 1.65971e-07
 1.53525e-07
 1.42399e-07
 1.32416e-07
 1.23428e-07
 7.11267e-07
 6.32137e-07
 5.61660e-07
 4.99822e-07
 4.45965e-07
 3.99197e-07
 3.58597e-07
 3.23304e-07
 2.92549e-07
 2.65670e-07
 2.42098e-07
 2.21353e-07
 2.03030e-07
 1.86787e-07
 1.72337e-07
 1.59438e-07
 1.47885e-07
 1.37503e-07
 1.28144e-07
 1.19684e-07
 5.82180e-07
 5.30859e-07
 4.81866e-07
 4.36563e-07
 3.95447e-07
 3.58538e-07
 3.25611e-07
 2.96330e-07
 2.70322e-07
 2.47216e-07
 2.26668e-07
 2.08363e-07
 1.92024e-07
 1.77405e-07
 1.64294e-07
 1.52505e-07
 1.41877e-07
 1.32272e-07
 1.23569e-07
 1.15664e-07
 4.75055e-07
 4.43648e-07
 4.10991e-07
 3.78887e-07
 3.48357e-07
 3.19918e-07
 2.93772e-07
 2.69933e-07
 2.48309e-07
 2.28752e-07
 2.11092e-07
 1.95149e-07
 1.80752e-07
 1.67739e-07
 1.55964e-07
 1.45290e-07
 1.35601e-07
 1.26787e-07
 1.18756e-07
 1.11425e-07
 3.87557e-07
 3.69941e-07
 3.49304e-07
 3.27402e-07
 3.05396e-07
 2.84015e-07
 2.63686e-07
 2.44634e-07
 2.26951e-07
 2.10644e-07
 1.95670e-07
 1.81957e-07
 1.69417e-07
 1.57957e-07
 1.47484e-07
 1.37910e-07
 1.29151e-07
 1.21129e-07
 1.13773e-07
 1.07021e-07
