scalar
part
         1
quad4
 3.87326e-07
 3.68169e-07
 3.46510e-07
 3.23967e-07
 3.01589e-07
 2.80025e-07
 2.59641e-07
 2.40621e-07
 2.23025e-07
 2.06840e-07
 1.92010e-07
 1.78450e-07
 1.66068e-07
 1.54765e-07
 1.44446e-07
 1.35021e-07
 1.26404e-07
 1.18517e-07
 1.11290e-07
 1.04659e-07
 4.72141e-07
 4.39386e-07
 4.05969e-07
 3.73499e-07
 3.42860e-07
 3.14474e-07
 2.88479e-07
 2.64848e-07
 2.43462e-07
 2.24155e-07
 2.06744e-07
 1.91045e-07
 1.76882e-07
 1.64092e-07
 1.52525e-07
 1.42047e-07
 1.32540e-07
 1.23897e-07
 1.16025e-07
 1.08840e-07
 5.75433e-07
 5.23254e-07
 4.73997e-07
 4.28780e-07
 3.87944e-07
 3.51415e-07
 3.18910e-07
 2.90059e-07
 2.64470e-07
 2.41764e-07
 2.21589e-07
 2.03631e-07
 1.87611e-07
 1.73285e-07
 1.60442e-07
 1.48899e-07
 1.38497e-07
 1.29099e-07
 1.20585e-07
 1.12855e-07
 6.99212e-07
 6.20182e-07
 5.50263e-07
 4.89185e-07
 4.36146e-07
 3.90185e-07
 3.50344e-07
 3.15748e-07
 2.85626e-07
 2.59317e-07
 2.36256e-07
 2.15969e-07
 1.98057e-07
 1.82184e-07
 1.68066e-07
 1.55466e-07
 1.44183e-07
 1.34046e-07
 1.24909e-07
 1.16651e-07
 8.43853e-07
 7.29217e-07
 6.33422e-07
 5.53371e-07
 4.86276e-07
 4.29784e-07
 3.81964e-07
 3.41256e-07
 3.06402e-07
 2.76392e-07
 2.50408e-07
 2.27791e-07
 2.08006e-07
 1.90613e-07
 1.75255e-07
 1.61634e-07
 1.49504e-07
 1.38661e-07
 1.28932e-07
 1.20174e-07
 1.00670e-06
 8.47342e-07
 7.20777e-07
 6.19129e-07
 5.36589e-07
 4.68858e-07
 4.12727e-07
 3.65781e-07
 3.26180e-07
 2.92510e-07
 2.63672e-07
 2.38804e-07
 2.17225e-07
 1.98391e-07
 1.81862e-07
 1.67284e-07
 1.54365e-07
 1.42867e-07
 1.32591e-07
 1.23372e-07
 1.18060e-06
 9.68869e-07
 8.08063e-07
 6.83327e-07
 5.84800e-07
 5.05737e-07
 4.41406e-07
 3.88413e-07
 3.44279e-07
 3.07158e-07
 2.75656e-07
 2.48707e-07
 2.25483e-07
 2.05333e-07
 1.87744e-07
 1.72302e-07
 1.58674e-07
 1.46590e-07
 1.35825e-07
 1.26197e-07
 1.35286e-06
 1.08525e-06
 8.89517e-07
 7.42048e-07
 6.28213e-07
 5.38538e-07
 4.66665e-07
 4.08193e-07
 3.59999e-07
 3.19818e-07
 2.85974e-07
 2.57207e-07
 2.32553e-07
 2.11267e-07
 1.92764e-07
 1.76580e-07
 1.62346e-07
 1.49760e-07
 1.38579e-07
 1.28601e-07
 1.50568e-06
 1.18564e-06
 9.58368e-07
 7.90950e-07
 6.63972e-07
 5.65340e-07
 4.87183e-07
 4.24192e-07
 3.72677e-07
 3.30009e-07
 2.94270e-07
 2.64037e-07
 2.38234e-07
 2.16036e-07
 1.96801e-07
 1.80025e-07
 1.65305e-07
 1.52318e-07
 1.40804e-07
 1.30547e-07
 1.61843e-06
 1.25847e-06
 1.00781e-06
 8.25864e-07
 6.89433e-07
 5.84411e-07
 5.01796e-07
 4.35609e-07
 3.81749e-07
 3.37324e-07
 3.00247e-07
 2.68977e-07
 2.42360e-07
 2.19514e-07
 1.99758e-07
 1.82558e-07
 1.67490e-07
 1.54216e-07
 1.42462e-07
 1.32003e-07
 1.67245e-06
 1.29395e-06
 1.03235e-06
 8.43537e-07
 7.02581e-07
 5.94458e-07
 5.09644e-07
 4.41856e-07
 3.86803e-07
 3.41471e-07
 3.03691e-07
 2.71869e-07
 2.44812e-07
 2.21610e-07
 2.01565e-07
 1.84126e-07
 1.68860e-07
 1.55419e-07
 1.43524e-07
 1.32946e-07
 1.65753e-06
 1.28691e-06
 1.02916e-06
 8.42323e-07
 7.02407e-07
 5.94831e-07
 5.10297e-07
 4.42640e-07
 3.87633e-07
 3.42300e-07
 3.04493e-07
 2.72630e-07
 2.45526e-07
 2.22276e-07
 2.02183e-07
 1.84698e-07
 1.69389e-07
 1.55908e-07
 1.43976e-07
 1.33364e-07
 1.57675e-06
 1.23878e-06
 9.98950e-07
 8.22591e-07
 6.89109e-07
 5.85641e-07
 5.03815e-07
 4.37991e-07
 3.84254e-07
 3.39818e-07
 3.02654e-07
 2.71260e-07
 2.44501e-07
 2.21509e-07
 2.01609e-07
 1.84271e-07
 1.69074e-07
 1.55680e-07
 1.43814e-07
 1.33253e-07
 1.44579e-06
 1.15726e-06
 9.45819e-07
 7.86659e-07
 6.64061e-07
 5.67733e-07
 4.90737e-07
 4.28264e-07
 3.76904e-07
 3.34187e-07
 2.98289e-07
 2.67839e-07
 2.41795e-07
 2.19351e-07
 1.99875e-07
 1.82869e-07
 1.67933e-07
 1.54747e-07
 1.43048e-07
 1.32622e-07
 1.28649e-06
 1.05380e-06
 8.76133e-07
 7.38248e-07
 6.29533e-07
 5.42545e-07
 4.71999e-07
 4.14085e-07
 3.66012e-07
 3.25708e-07
 2.91609e-07
 2.62521e-07
 2.37521e-07
 2.15886e-07
 1.97044e-07
 1.80539e-07
 1.66004e-07
 1.53139e-07
 1.41702e-07
 1.31489e-07
 1.11944e-06
 9.40281e-07
 7.96956e-07
 6.81699e-07
 5.88275e-07
 5.11866e-07
 4.48797e-07
 3.96269e-07
 3.52146e-07
 3.14784e-07
 2.82908e-07
 2.55521e-07
 2.31837e-07
 2.11233e-07
 1.93206e-07
 1.77351e-07
 1.63339e-07
 1.50899e-07
 1.39807e-07
 1.29879e-07
 9.59539e-07
 8.26496e-07
 7.14668e-07
 6.21195e-07
 5.43072e-07
 4.77583e-07
 4.22430e-07
 3.75730e-07
 3.35957e-07
 3.01885e-07
 2.72528e-07
 2.47093e-07
 2.24937e-07
 2.05539e-07
 1.88474e-07
 1.73393e-07
 1.60008e-07
 1.48079e-07
 1.37408e-07
 1.27827e-07
 8.15210e-07
 7.19131e-07
 6.34175e-07
 5.60242e-07
 4.96409e-07
 4.41463e-07
 3.94167e-07
 3.53384e-07
 3.18115e-07
 2.87508e-07
 2.60842e-07
 2.37518e-07
 2.17032e-07
 1.98968e-07
 1.82976e-07
 1.68764e-07
 1.56089e-07
 1.44743e-07
 1.34554e-07
 1.25375e-07
 6.89767e-07
 6.21897e-07
 5.58720e-07
 5.01429e-07
 4.50276e-07
 4.05007e-07
 3.65133e-07
 3.30077e-07
 2.99258e-07
 2.72136e-07
 2.48219e-07
 2.27080e-07
 2.08345e-07
 1.91692e-07
 1.76847e-07
 1.63572e-07
 1.51668e-07
 1.40960e-07
 1.31302e-07
 1.22567e-07
 5.83283e-07
 5.36240e-07
 4.90084e-07
 4.46436e-07
 4.06105e-07
 3.69384e-07
 3.36258e-07
 3.06539e-07
 2.79958e-07
 2.56215e-07
 2.35010e-07
 2.16056e-07
 1.99093e-07
 1.83885e-07
 1.70225e-07
 1.57928e-07
 1.46834e-07
 1.36802e-07
 1.27710e-07
 1.19451e-07
