scalar
part
         1
quad4
 3.43690e-07
 3.31718e-07
 3.16191e-07
 2.98795e-07
 2.80697e-07
 2.62667e-07
 2.45195e-07
 2.28569e-07
 2.12944e-07
 1.98386e-07
 1.84899e-07
 1.72454e-07
 1.60999e-07
 1.50470e-07
 1.40800e-07
 1.31920e-07
 1.23764e-07
 1.16267e-07
 1.09371e-07
 1.03022e-07
 4.25273e-07
 4.01221e-07
 3.74972e-07
 3.48330e-07
 3.22394e-07
 2.97791e-07
 2.74838e-07
 2.53657e-07
 2.34249e-07
 2.16545e-07
 2.00439e-07
 1.85807e-07
 1.72519e-07
 1.60451e-07
 1.49482e-07
 1.39502e-07
 1.30410e-07
 1.22115e-07
 1.14535e-07
 1.07597e-07
 5.25907e-07
 4.84134e-07
 4.43103e-07
 4.04330e-07
 3.68528e-07
 3.35932e-07
 3.06509e-07
 2.80084e-07
 2.56414e-07
 2.35235e-07
 2.16281e-07
 1.99305e-07
 1.84080e-07
 1.70401e-07
 1.58087e-07
 1.46978e-07
 1.36933e-07
 1.27832e-07
 1.19565e-07
 1.12040e-07
 6.48270e-07
 5.81389e-07
 5.20626e-07
 4.66430e-07
 4.18575e-07
 3.76538e-07
 3.39687e-07
 3.07387e-07
 2.79041e-07
 2.54116e-07
 2.32142e-07
 2.12714e-07
 1.95485e-07
 1.80158e-07
 1.66481e-07
 1.54236e-07
 1.43242e-07
 1.33340e-07
 1.24396e-07
 1.16295e-07
 7.93758e-07
 6.92730e-07
 6.06647e-07
 5.33563e-07
 4.71510e-07
 4.18703e-07
 3.73608e-07
 3.34934e-07
 3.01614e-07
 2.72770e-07
 2.47683e-07
 2.25759e-07
 2.06513e-07
 1.89542e-07
 1.74516e-07
 1.61157e-07
 1.49235e-07
 1.38557e-07
 1.28959e-07
 1.20305e-07
 9.61131e-07
 8.15973e-07
 6.98932e-07
 6.03769e-07
 5.25714e-07
 4.61134e-07
 4.07249e-07
 3.61924e-07
 3.23507e-07
 2.90709e-07
 2.62519e-07
 2.38136e-07
 2.16921e-07
 1.98360e-07
 1.82038e-07
 1.67614e-07
 1.54812e-07
 1.43400e-07
 1.33187e-07
 1.24013e-07
 1.14488e-06
 9.46233e-07
 7.93582e-07
 6.74063e-07
 5.78946e-07
 5.02155e-07
 4.39361e-07
 3.87420e-07
 3.44010e-07
 3.07391e-07
 2.76235e-07
 2.49523e-07
 2.26459e-07
 2.06414e-07
 1.88889e-07
 1.73483e-07
 1.59871e-07
 1.47786e-07
 1.37011e-07
 1.27365e-07
 1.33373e-06
 1.07542e-06
 8.84920e-07
 7.40479e-07
 6.28421e-07
 5.39793e-07
 4.68527e-07
 4.10393e-07
 3.62369e-07
 3.22253e-07
 2.88408e-07
 2.59599e-07
 2.34878e-07
 2.13510e-07
 1.94918e-07
 1.78643e-07
 1.64316e-07
 1.51639e-07
 1.40370e-07
 1.30308e-07
 1.50997e-06
 1.19235e-06
 9.65794e-07
 7.98352e-07
 6.71033e-07
 5.71937e-07
 4.93283e-07
 4.29808e-07
 3.77838e-07
 3.34752e-07
 2.98634e-07
 2.68059e-07
 2.41947e-07
 2.19471e-07
 1.99986e-07
 1.82984e-07
 1.68060e-07
 1.54889e-07
 1.43208e-07
 1.32799e-07
 1.65079e-06
 1.28400e-06
 1.02846e-06
 8.42901e-07
 7.03727e-07
 5.96574e-07
 5.12271e-07
 4.44723e-07
 3.89752e-07
 3.44408e-07
 3.06560e-07
 2.74640e-07
 2.47467e-07
 2.24144e-07
 2.03974e-07
 1.86414e-07
 1.71030e-07
 1.57477e-07
 1.45475e-07
 1.34797e-07
 1.73300e-06
 1.33819e-06
 1.06605e-06
 8.70051e-07
 7.23974e-07
 6.12077e-07
 5.24404e-07
 4.54397e-07
 3.97590e-07
 3.50846e-07
 3.11914e-07
 2.79139e-07
 2.51285e-07
 2.27411e-07
 2.06792e-07
 1.88861e-07
 1.73169e-07
 1.59357e-07
 1.47137e-07
 1.36272e-07
 1.74128e-06
 1.34713e-06
 1.07432e-06
 8.77312e-07
 7.30241e-07
 6.17457e-07
 5.29025e-07
 4.58378e-07
 4.01032e-07
 3.53837e-07
 3.14525e-07
 2.81430e-07
 2.53304e-07
 2.29199e-07
 2.08381e-07
 1.90279e-07
 1.74440e-07
 1.60500e-07
 1.48168e-07
 1.37206e-07
 1.67540e-06
 1.31042e-06
 1.05287e-06
 8.64385e-07
 7.22299e-07
 6.12542e-07
 5.26000e-07
 4.56561e-07
 3.99998e-07
 3.53317e-07
 3.14344e-07
 2.81472e-07
 2.53491e-07
 2.29479e-07
 2.08720e-07
 1.90651e-07
 1.74828e-07
 1.60893e-07
 1.48559e-07
 1.37589e-07
 1.55062e-06
 1.23518e-06
 1.00534e-06
 8.33229e-07
 7.01261e-07
 5.97989e-07
 5.15733e-07
 4.49199e-07
 3.94651e-07
 3.49392e-07
 3.11440e-07
 2.79311e-07
 2.51879e-07
 2.28274e-07
 2.07821e-07
 1.89985e-07
 1.74339e-07
 1.60541e-07
 1.48311e-07
 1.37422e-07
 1.39051e-06
 1.13340e-06
 9.38211e-07
 7.87543e-07
 6.69331e-07
 5.75161e-07
 4.99091e-07
 4.36863e-07
 3.85372e-07
 3.42324e-07
 3.05996e-07
 2.75077e-07
 2.48559e-07
 2.25652e-07
 2.05737e-07
 1.88319e-07
 1.73002e-07
 1.59464e-07
 1.47441e-07
 1.36718e-07
 1.21809e-06
 1.01810e-06
 8.59066e-07
 7.31895e-07
 6.29349e-07
 5.45876e-07
 4.77271e-07
 4.20355e-07
 3.72713e-07
 3.32499e-07
 2.98287e-07
 2.68970e-07
 2.43678e-07
 2.21720e-07
 2.02547e-07
 1.85715e-07
 1.70864e-07
 1.57699e-07
 1.45978e-07
 1.35499e-07
 1.05042e-06
 9.00298e-07
 7.74961e-07
 6.70838e-07
 5.84300e-07
 5.12126e-07
 4.51626e-07
 4.00614e-07
 3.57335e-07
 3.20389e-07
 2.88656e-07
 2.61240e-07
 2.37423e-07
 2.16620e-07
 1.98360e-07
 1.82256e-07
 1.67989e-07
 1.55296e-07
 1.43960e-07
 1.33797e-07
 8.97459e-07
 7.87708e-07
 6.91454e-07
 6.08278e-07
 5.36912e-07
 4.75826e-07
 4.23511e-07
 3.78607e-07
 3.39938e-07
 3.06506e-07
 2.77481e-07
 2.52172e-07
 2.30008e-07
 2.10516e-07
 1.93301e-07
 1.78038e-07
 1.64453e-07
 1.52316e-07
 1.41437e-07
 1.31651e-07
 7.63446e-07
 6.84778e-07
 6.12318e-07
 5.47168e-07
 4.89418e-07
 4.38637e-07
 3.94158e-07
 3.55251e-07
 3.21203e-07
 2.91363e-07
 2.65150e-07
 2.42061e-07
 2.21662e-07
 2.03583e-07
 1.87508e-07
 1.73171e-07
 1.60342e-07
 1.48828e-07
 1.38462e-07
 1.29104e-07
 6.48952e-07
 5.93429e-07
 5.39725e-07
 4.89485e-07
 4.43468e-07
 4.01879e-07
 3.64601e-07
 3.31347e-07
 3.01754e-07
 2.75442e-07
 2.52038e-07
 2.31198e-07
 2.12611e-07
 1.96001e-07
 1.81123e-07
 1.67767e-07
 1.55747e-07
 1.44903e-07
 1.35096e-07
 1.26205e-07
