scalar
part
         1
quad4
 6.12709e-07
 5.62781e-07
 5.13959e-07
 4.67885e-07
 4.25371e-07
 3.86700e-07
 3.51842e-07
 3.20590e-07
 2.92654e-07
 2.67713e-07
 2.45449e-07
 2.25559e-07
 2.07766e-07
 1.91822e-07
 1.77506e-07
 1.64625e-07
 1.53009e-07
 1.42509e-07
 1.32996e-07
 1.24358e-07
 7.23076e-07
 6.51518e-07
 5.85023e-07
 5.24782e-07
 4.71030e-07
 4.23485e-07
 3.81623e-07
 3.44834e-07
 3.12504e-07
 2.84062e-07
 2.58993e-07
 2.36843e-07
 2.17220e-07
 1.99785e-07
 1.84248e-07
 1.70361e-07
 1.57911e-07
 1.46718e-07
 1.36625e-07
 1.27499e-07
 8.52929e-07
 7.52144e-07
 6.63070e-07
 5.85570e-07
 5.18664e-07
 4.61079e-07
 4.11521e-07
 3.68796e-07
 3.31858e-07
 2.99811e-07
 2.71900e-07
 2.47495e-07
 2.26067e-07
 2.07179e-07
 1.90463e-07
 1.75614e-07
 1.62375e-07
 1.50529e-07
 1.39894e-07
 1.30315e-07
 1.00221e-06
 8.63177e-07
 7.46267e-07
 6.48510e-07
 5.66785e-07
 4.98269e-07
 4.40569e-07
 3.91717e-07
 3.50120e-07
 3.14494e-07
 2.83807e-07
 2.57227e-07
 2.34082e-07
 2.13825e-07
 1.96010e-07
 1.80271e-07
 1.66307e-07
 1.53866e-07
 1.42741e-07
 1.32755e-07
 1.16757e-06
 9.80828e-07
 8.31279e-07
 7.10928e-07
 6.13334e-07
 5.33498e-07
 4.67598e-07
 4.12718e-07
 3.66628e-07
 3.27609e-07
 2.94329e-07
 2.65745e-07
 2.41035e-07
 2.19543e-07
 2.00747e-07
 1.84220e-07
 1.69619e-07
 1.56660e-07
 1.45109e-07
 1.34773e-07
 1.34049e-06
 1.09826e-06
 9.13050e-07
 7.69199e-07
 6.55732e-07
 5.64928e-07
 4.91289e-07
 4.30845e-07
 3.80684e-07
 3.38641e-07
 3.03082e-07
 2.72759e-07
 2.46705e-07
 2.24166e-07
 2.04542e-07
 1.87359e-07
 1.72230e-07
 1.58845e-07
 1.46948e-07
 1.36327e-07
 1.50580e-06
 1.20539e-06
 9.84978e-07
 8.18975e-07
 6.91080e-07
 5.90595e-07
 5.10290e-07
 4.45150e-07
 3.91615e-07
 3.47103e-07
 3.09710e-07
 2.78004e-07
 2.50895e-07
 2.27541e-07
 2.07282e-07
 1.89597e-07
 1.74071e-07
 1.60367e-07
 1.48212e-07
 1.37382e-07
 1.64227e-06
 1.28987e-06
 1.03969e-06
 8.55722e-07
 7.16506e-07
 6.08631e-07
 5.23354e-07
 4.54783e-07
 3.98828e-07
 3.52576e-07
 3.13911e-07
 2.81261e-07
 2.53441e-07
 2.29547e-07
 2.08872e-07
 1.90865e-07
 1.75086e-07
 1.61182e-07
 1.48869e-07
 1.37913e-07
 1.72687e-06
 1.33961e-06
 1.07046e-06
 8.75510e-07
 7.29621e-07
 6.17530e-07
 5.29505e-07
 4.59095e-07
 4.01881e-07
 3.54753e-07
 3.15467e-07
 2.82372e-07
 2.54230e-07
 2.30099e-07
 2.09250e-07
 1.91114e-07
 1.75239e-07
 1.61263e-07
 1.48897e-07
 1.37900e-07
 1.74243e-06
 1.34621e-06
 1.07286e-06
 8.75861e-07
 7.28968e-07
 6.16403e-07
 5.28181e-07
 4.57720e-07
 4.00532e-07
 3.53469e-07
 3.14265e-07
 2.81258e-07
 2.53203e-07
 2.29156e-07
 2.08386e-07
 1.90322e-07
 1.74513e-07
 1.60598e-07
 1.48285e-07
 1.37338e-07
 1.68472e-06
 1.30782e-06
 1.04601e-06
 8.56341e-07
 7.14327e-07
 6.05137e-07
 5.19326e-07
 4.50633e-07
 3.94771e-07
 3.48722e-07
 3.10308e-07
 2.77924e-07
 2.50369e-07
 2.26726e-07
 2.06286e-07
 1.88495e-07
 1.72914e-07
 1.59190e-07
 1.47040e-07
 1.36231e-07
 1.56409e-06
 1.22972e-06
 9.92845e-07
 8.18674e-07
 6.86767e-07
 5.84426e-07
 5.03404e-07
 4.38154e-07
 3.84826e-07
 3.40679e-07
 3.03718e-07
 2.72463e-07
 2.45796e-07
 2.22861e-07
 2.02993e-07
 1.85668e-07
 1.70469e-07
 1.57063e-07
 1.45178e-07
 1.34593e-07
 1.40064e-06
 1.12241e-06
 9.19223e-07
 7.66332e-07
 6.48439e-07
 5.55650e-07
 4.81335e-07
 4.20913e-07
 3.71136e-07
 3.29653e-07
 2.94725e-07
 2.65044e-07
 2.39613e-07
 2.17661e-07
 1.98582e-07
 1.81898e-07
 1.67226e-07
 1.54254e-07
 1.42731e-07
 1.32449e-07
 1.21694e-06
 9.98434e-07
 8.32480e-07
 7.03786e-07
 6.02171e-07
 5.20661e-07
 4.54361e-07
 3.99764e-07
 3.54306e-07
 3.16079e-07
 2.83646e-07
 2.55904e-07
 2.31999e-07
 2.11262e-07
 1.93160e-07
 1.77270e-07
 1.63248e-07
 1.50814e-07
 1.39739e-07
 1.29833e-07
 1.03242e-06
 8.69530e-07
 7.39910e-07
 6.35695e-07
 5.51017e-07
 4.81507e-07
 4.23891e-07
 3.75697e-07
 3.35040e-07
 3.00470e-07
 2.70860e-07
 2.45326e-07
 2.23169e-07
 2.03828e-07
 1.86855e-07
 1.71884e-07
 1.58617e-07
 1.46809e-07
 1.36255e-07
 1.26787e-07
 8.60656e-07
 7.44861e-07
 6.47679e-07
 5.66238e-07
 4.97850e-07
 4.40193e-07
 3.91342e-07
 3.49728e-07
 3.14080e-07
 2.83373e-07
 2.56778e-07
 2.33622e-07
 2.13360e-07
 1.95545e-07
 1.79811e-07
 1.65854e-07
 1.53424e-07
 1.42310e-07
 1.32338e-07
 1.23359e-07
 7.09059e-07
 6.30400e-07
 5.60286e-07
 4.98727e-07
 4.45084e-07
 3.98482e-07
 3.58011e-07
 3.22820e-07
 2.92146e-07
 2.65331e-07
 2.41811e-07
 2.21109e-07
 2.02820e-07
 1.86606e-07
 1.72181e-07
 1.59302e-07
 1.47765e-07
 1.37397e-07
 1.28051e-07
 1.19601e-07
 5.80134e-07
 5.29198e-07
 4.80517e-07
 4.35463e-07
 3.94544e-07
 3.57793e-07
 3.24992e-07
 2.95813e-07
 2.69886e-07
 2.46847e-07
 2.26353e-07
 2.08093e-07
 1.91791e-07
 1.77203e-07
 1.64117e-07
 1.52350e-07
 1.41741e-07
 1.32151e-07
 1.23462e-07
 1.15569e-07
 4.73190e-07
 4.42093e-07
 4.09697e-07
 3.77809e-07
 3.47457e-07
 3.19163e-07
 2.93136e-07
 2.69394e-07
 2.47851e-07
 2.28361e-07
 2.10755e-07
 1.94858e-07
 1.80499e-07
 1.67519e-07
 1.55770e-07
 1.45120e-07
 1.35450e-07
 1.26654e-07
 1.18638e-07
 1.11318e-07
 3.85872e-07
 3.68503e-07
 3.48082e-07
 3.26365e-07
 3.04515e-07
 2.83265e-07
 2.63046e-07
 2.44086e-07
 2.26479e-07
 2.10237e-07
 1.95318e-07
 1.81650e-07
 1.69148e-07
 1.57721e-07
 1.47277e-07
 1.37727e-07
 1.28988e-07
 1.20984e-07
 1.13644e-07
 1.06904e-07
