scalar
part
         1
quad4
 5.66109e-07
 5.21145e-07
 4.76902e-07
 4.34952e-07
 3.96099e-07
 3.60648e-07
 3.28605e-07
 2.99808e-07
 2.74012e-07
 2.50938e-07
 2.30304e-07
 2.11841e-07
 1.95301e-07
 1.80459e-07
 1.67117e-07
 1.55098e-07
 1.44247e-07
 1.34430e-07
 1.25528e-07
 1.17437e-07
 6.69277e-07
 6.04352e-07
 5.43745e-07
 4.88638e-07
 4.39316e-07
 3.95573e-07
 3.56966e-07
 3.22965e-07
 2.93028e-07
 2.66645e-07
 2.43353e-07
 2.22743e-07
 2.04459e-07
 1.88194e-07
 1.73682e-07
 1.60698e-07
 1.49047e-07
 1.38561e-07
 1.29099e-07
 1.20536e-07
 7.90868e-07
 6.98899e-07
 6.17333e-07
 5.46155e-07
 4.84544e-07
 4.31391e-07
 3.85548e-07
 3.45949e-07
 3.11652e-07
 2.81848e-07
 2.55852e-07
 2.33090e-07
 2.13079e-07
 1.95420e-07
 1.79775e-07
 1.65863e-07
 1.53448e-07
 1.42330e-07
 1.32341e-07
 1.23337e-07
 9.30927e-07
 8.03487e-07
 6.96017e-07
 6.05922e-07
 5.30422e-07
 4.66988e-07
 4.13460e-07
 3.68057e-07
 3.29331e-07
 2.96114e-07
 2.67462e-07
 2.42613e-07
 2.20949e-07
 2.01968e-07
 1.85259e-07
 1.70483e-07
 1.57363e-07
 1.45664e-07
 1.35195e-07
 1.25792e-07
 1.08648e-06
 9.14684e-07
 7.76753e-07
 6.65484e-07
 5.75051e-07
 5.00919e-07
 4.39610e-07
 3.88465e-07
 3.45443e-07
 3.08969e-07
 2.77819e-07
 2.51032e-07
 2.27850e-07
 2.07668e-07
 1.89999e-07
 1.74452e-07
 1.60706e-07
 1.48496e-07
 1.37607e-07
 1.27855e-07
 1.24976e-06
 1.02623e-06
 8.54893e-07
 7.21494e-07
 6.16038e-07
 5.31472e-07
 4.62767e-07
 4.06278e-07
 3.59329e-07
 3.19925e-07
 2.86557e-07
 2.58071e-07
 2.33571e-07
 2.12356e-07
 1.93871e-07
 1.77671e-07
 1.63399e-07
 1.50763e-07
 1.39525e-07
 1.29487e-07
 1.40686e-06
 1.12885e-06
 9.24333e-07
 7.69912e-07
 6.50674e-07
 5.56804e-07
 4.81652e-07
 4.20596e-07
 3.70347e-07
 3.28516e-07
 2.93335e-07
 2.63474e-07
 2.37920e-07
 2.15887e-07
 1.96760e-07
 1.80052e-07
 1.65373e-07
 1.52410e-07
 1.40907e-07
 1.30652e-07
 1.53827e-06
 1.21114e-06
 9.78214e-07
 8.06489e-07
 6.76253e-07
 5.75141e-07
 4.95078e-07
 4.30606e-07
 3.77928e-07
 3.34336e-07
 2.97858e-07
 2.67027e-07
 2.40737e-07
 2.18140e-07
 1.98575e-07
 1.81524e-07
 1.66574e-07
 1.53395e-07
 1.41718e-07
 1.31323e-07
 1.62272e-06
 1.26180e-06
 1.01020e-06
 8.27492e-07
 6.90482e-07
 5.85029e-07
 5.02092e-07
 4.35668e-07
 3.81633e-07
 3.37080e-07
 2.99909e-07
 2.68572e-07
 2.41907e-07
 2.19028e-07
 1.99250e-07
 1.82037e-07
 1.66964e-07
 1.53688e-07
 1.41936e-07
 1.31483e-07
 1.64406e-06
 1.27281e-06
 1.01598e-06
 8.30474e-07
 6.91907e-07
 5.85566e-07
 5.02120e-07
 4.35405e-07
 3.81208e-07
 3.36572e-07
 2.99365e-07
 2.68020e-07
 2.41365e-07
 2.18506e-07
 1.98753e-07
 1.81568e-07
 1.66522e-07
 1.53275e-07
 1.41550e-07
 1.31122e-07
 1.59761e-06
 1.24197e-06
 9.94448e-07
 8.14841e-07
 6.80194e-07
 5.76562e-07
 4.95049e-07
 4.29749e-07
 3.76614e-07
 3.32789e-07
 2.96213e-07
 2.65366e-07
 2.39109e-07
 2.16572e-07
 1.97083e-07
 1.80115e-07
 1.65251e-07
 1.52156e-07
 1.40561e-07
 1.30243e-07
 1.49178e-06
 1.17357e-06
 9.47969e-07
 7.81983e-07
 6.56207e-07
 5.58575e-07
 4.81253e-07
 4.18960e-07
 3.68034e-07
 3.25864e-07
 2.90550e-07
 2.60682e-07
 2.35194e-07
 2.13269e-07
 1.94274e-07
 1.77707e-07
 1.63172e-07
 1.50350e-07
 1.38982e-07
 1.28856e-07
 1.34410e-06
 1.07678e-06
 8.81687e-07
 7.34948e-07
 6.21830e-07
 5.32817e-07
 4.61536e-07
 4.03586e-07
 3.55850e-07
 3.16070e-07
 2.82577e-07
 2.54116e-07
 2.29732e-07
 2.08684e-07
 1.90391e-07
 1.74394e-07
 1.60326e-07
 1.47889e-07
 1.36841e-07
 1.26983e-07
 1.17507e-06
 9.62988e-07
 8.02243e-07
 6.77781e-07
 5.79623e-07
 5.00959e-07
 4.37021e-07
 3.84400e-07
 3.40609e-07
 3.03799e-07
 2.72578e-07
 2.45882e-07
 2.22883e-07
 2.02937e-07
 1.85529e-07
 1.70251e-07
 1.56771e-07
 1.44819e-07
 1.34175e-07
 1.24655e-07
 1.00295e-06
 8.43139e-07
 7.16410e-07
 6.14795e-07
 5.32407e-07
 4.64891e-07
 4.09005e-07
 3.62311e-07
 3.22956e-07
 2.89521e-07
 2.60902e-07
 2.36237e-07
 2.14844e-07
 1.96180e-07
 1.79806e-07
 1.65369e-07
 1.52580e-07
 1.41199e-07
 1.31030e-07
 1.21909e-07
 8.40997e-07
 7.26040e-07
 6.30055e-07
 5.49942e-07
 4.82881e-07
 4.26489e-07
 3.78811e-07
 3.38265e-07
 3.03583e-07
 2.73744e-07
 2.47927e-07
 2.25470e-07
 2.05835e-07
 1.88582e-07
 1.73354e-07
 1.59854e-07
 1.47835e-07
 1.37095e-07
 1.27461e-07
 1.18790e-07
 6.96815e-07
 6.17629e-07
 5.47572e-07
 4.86414e-07
 4.33360e-07
 3.87435e-07
 3.47668e-07
 3.13172e-07
 2.83165e-07
 2.56978e-07
 2.34042e-07
 2.13878e-07
 1.96085e-07
 1.80325e-07
 1.66316e-07
 1.53817e-07
 1.42629e-07
 1.32580e-07
 1.23527e-07
 1.15345e-07
 5.73311e-07
 5.21101e-07
 4.71770e-07
 4.26491e-07
 3.85624e-07
 3.49100e-07
 3.16629e-07
 2.87836e-07
 2.62322e-07
 2.39700e-07
 2.19616e-07
 2.01751e-07
 1.85824e-07
 1.71589e-07
 1.58835e-07
 1.47376e-07
 1.37054e-07
 1.27732e-07
 1.19290e-07
 1.11627e-07
 4.70232e-07
 4.37516e-07
 4.04076e-07
 3.71568e-07
 3.40900e-07
 3.12506e-07
 2.86523e-07
 2.62923e-07
 2.41583e-07
 2.22333e-07
 2.04987e-07
 1.89357e-07
 1.75266e-07
 1.62548e-07
 1.51052e-07
 1.40644e-07
 1.31204e-07
 1.22625e-07
 1.14814e-07
 1.07688e-07
 3.85613e-07
 3.66525e-07
 3.44873e-07
 3.22311e-07
 2.99912e-07
 2.78335e-07
 2.57953e-07
 2.38947e-07
 2.21378e-07
 2.05231e-07
 1.90445e-07
 1.76936e-07
 1.64607e-07
 1.53361e-07
 1.43099e-07
 1.33730e-07
 1.25168e-07
 1.17336e-07
 1.10162e-07
 1.03580e-07
