scalar
part
         1
quad4
 5.49408e-07
 5.08111e-07
 4.66930e-07
 4.27487e-07
 3.90653e-07
 3.56810e-07
 3.26038e-07
 2.98237e-07
 2.73218e-07
 2.50746e-07
 2.30575e-07
 2.12466e-07
 1.96194e-07
 1.81553e-07
 1.68359e-07
 1.56446e-07
 1.45669e-07
 1.35900e-07
 1.27025e-07
 1.18947e-07
 6.52566e-07
 5.91914e-07
 5.34739e-07
 4.82334e-07
 4.35108e-07
 3.92973e-07
 3.55590e-07
 3.22513e-07
 2.93269e-07
 2.67400e-07
 2.44485e-07
 2.24148e-07
 2.06057e-07
 1.89924e-07
 1.75498e-07
 1.62564e-07
 1.50936e-07
 1.40454e-07
 1.30979e-07
 1.22394e-07
 7.74919e-07
 6.87828e-07
 6.09992e-07
 5.41612e-07
 4.82072e-07
 4.30434e-07
 3.85688e-07
 3.46875e-07
 3.13133e-07
 2.83712e-07
 2.57974e-07
 2.35377e-07
 2.15464e-07
 1.97851e-07
 1.82216e-07
 1.68289e-07
 1.55839e-07
 1.44673e-07
 1.34627e-07
 1.25560e-07
 9.17003e-07
 7.94919e-07
 6.91294e-07
 6.03907e-07
 5.30289e-07
 4.68140e-07
 4.15476e-07
 3.70637e-07
 3.32265e-07
 2.99253e-07
 2.70702e-07
 2.45881e-07
 2.24196e-07
 2.05160e-07
 1.88374e-07
 1.73506e-07
 1.60285e-07
 1.48482e-07
 1.37906e-07
 1.28396e-07
 1.07656e-06
 9.10228e-07
 7.75892e-07
 6.66937e-07
 5.77955e-07
 5.04698e-07
 4.43885e-07
 3.92984e-07
 3.50041e-07
 3.13541e-07
 2.82296e-07
 2.55373e-07
 2.32030e-07
 2.11675e-07
 1.93829e-07
 1.78105e-07
 1.64185e-07
 1.51808e-07
 1.40757e-07
 1.30853e-07
 1.24680e-06
 1.02805e-06
 8.59429e-07
 7.27492e-07
 6.22736e-07
 5.38413e-07
 4.69679e-07
 4.13006e-07
 3.65788e-07
 3.26072e-07
 2.92375e-07
 2.63560e-07
 2.38741e-07
 2.17221e-07
 1.98447e-07
 1.81977e-07
 1.67452e-07
 1.54582e-07
 1.43125e-07
 1.32885e-07
 1.41492e-06
 1.13960e-06
 9.35993e-07
 7.81586e-07
 6.61914e-07
 5.67406e-07
 4.91542e-07
 4.29767e-07
 3.78828e-07
 3.36350e-07
 3.00574e-07
 2.70169e-07
 2.44120e-07
 2.21637e-07
 2.02103e-07
 1.85025e-07
 1.70011e-07
 1.56743e-07
 1.44962e-07
 1.34454e-07
 1.56226e-06
 1.23367e-06
 9.98695e-07
 8.24867e-07
 6.92670e-07
 5.89804e-07
 5.08200e-07
 4.42384e-07
 3.88538e-07
 3.43929e-07
 3.06564e-07
 2.74957e-07
 2.47986e-07
 2.24788e-07
 2.04691e-07
 1.87168e-07
 1.71798e-07
 1.58242e-07
 1.46227e-07
 1.35528e-07
 1.66737e-06
 1.29854e-06
 1.04079e-06
 8.53283e-07
 7.12475e-07
 6.03978e-07
 5.18574e-07
 4.50124e-07
 3.94409e-07
 3.48449e-07
 3.10088e-07
 2.77736e-07
 2.50199e-07
 2.26566e-07
 2.06133e-07
 1.88345e-07
 1.72765e-07
 1.59041e-07
 1.46891e-07
 1.36082e-07
 1.71200e-06
 1.32485e-06
 1.05714e-06
 8.63847e-07
 7.19515e-07
 6.08786e-07
 5.21923e-07
 4.52493e-07
 3.96104e-07
 3.49673e-07
 3.10976e-07
 2.78383e-07
 2.50670e-07
 2.26907e-07
 2.06377e-07
 1.88516e-07
 1.72882e-07
 1.59117e-07
 1.46936e-07
 1.36103e-07
 1.68756e-06
 1.30836e-06
 1.04547e-06
 8.55279e-07
 7.13035e-07
 6.03765e-07
 5.17951e-07
 4.49297e-07
 3.93495e-07
 3.47514e-07
 3.09170e-07
 2.76856e-07
 2.49368e-07
 2.25788e-07
 2.05407e-07
 1.87671e-07
 1.72141e-07
 1.58464e-07
 1.46357e-07
 1.35588e-07
 1.59816e-06
 1.25120e-06
 1.00698e-06
 8.28295e-07
 6.93483e-07
 5.89207e-07
 5.06859e-07
 4.40677e-07
 3.86680e-07
 3.42045e-07
 3.04722e-07
 2.73196e-07
 2.46324e-07
 2.23233e-07
 2.03244e-07
 1.85825e-07
 1.70554e-07
 1.57091e-07
 1.45161e-07
 1.34541e-07
 1.45878e-06
 1.16113e-06
 9.46003e-07
 7.85440e-07
 6.62428e-07
 5.66116e-07
 4.89309e-07
 4.27083e-07
 3.75974e-07
 3.33489e-07
 2.97796e-07
 2.67524e-07
 2.41630e-07
 2.19311e-07
 1.99939e-07
 1.83018e-07
 1.68153e-07
 1.55024e-07
 1.43371e-07
 1.32982e-07
 1.28998e-06
 1.04928e-06
 8.68905e-07
 7.30549e-07
 6.22272e-07
 5.36048e-07
 4.66339e-07
 4.09224e-07
 3.61873e-07
 3.22202e-07
 2.88649e-07
 2.60029e-07
 2.35427e-07
 2.14130e-07
 1.95576e-07
 1.79316e-07
 1.64990e-07
 1.52304e-07
 1.41018e-07
 1.30935e-07
 1.11202e-06
 9.27345e-07
 7.82735e-07
 6.68018e-07
 5.75841e-07
 5.00876e-07
 4.39220e-07
 3.87985e-07
 3.45004e-07
 3.08634e-07
 2.77612e-07
 2.50958e-07
 2.27901e-07
 2.07833e-07
 1.90266e-07
 1.74805e-07
 1.61132e-07
 1.48985e-07
 1.38146e-07
 1.28436e-07
 9.40713e-07
 8.05371e-07
 6.93958e-07
 6.02091e-07
 5.25984e-07
 4.62544e-07
 4.09307e-07
 3.64324e-07
 3.26058e-07
 2.93292e-07
 2.65061e-07
 2.40593e-07
 2.19269e-07
 2.00586e-07
 1.84136e-07
 1.69586e-07
 1.56660e-07
 1.45130e-07
 1.34806e-07
 1.25527e-07
 7.85792e-07
 6.90526e-07
 6.07669e-07
 5.36360e-07
 4.75237e-07
 4.22863e-07
 3.77905e-07
 3.39194e-07
 3.05736e-07
 2.76699e-07
 2.51390e-07
 2.29236e-07
 2.09760e-07
 1.92567e-07
 1.77329e-07
 1.63771e-07
 1.51663e-07
 1.40813e-07
 1.31056e-07
 1.22255e-07
 6.51573e-07
 5.86977e-07
 5.27307e-07
 4.73499e-07
 4.25632e-07
 3.83361e-07
 3.46161e-07
 3.13459e-07
 2.84696e-07
 2.59357e-07
 2.36987e-07
 2.17186e-07
 1.99610e-07
 1.83962e-07
 1.69990e-07
 1.57476e-07
 1.46235e-07
 1.36108e-07
 1.26959e-07
 1.18671e-07
 5.38564e-07
 4.96432e-07
 4.54782e-07
 4.15247e-07
 3.78628e-07
 3.45218e-07
 3.15014e-07
 2.87859e-07
 2.63516e-07
 2.41721e-07
 2.22208e-07
 2.04727e-07
 1.89044e-07
 1.74952e-07
 1.62265e-07
 1.50819e-07
 1.40471e-07
 1.31094e-07
 1.22578e-07
 1.14828e-07
 4.45119e-07
 4.18912e-07
 3.90806e-07
 3.62529e-07
 3.35145e-07
 3.09258e-07
 2.85167e-07
 2.62978e-07
 2.42677e-07
 2.24181e-07
 2.07372e-07
 1.92115e-07
 1.78271e-07
 1.65705e-07
 1.54292e-07
 1.43913e-07
 1.34464e-07
 1.25848e-07
 1.17978e-07
 1.10779e-07
