scalar
part
         1
quad4
 5.64670e-07
 5.19451e-07
 4.75023e-07
 4.32958e-07
 3.94049e-07
 3.58589e-07
 3.26572e-07
 2.97827e-07
 2.72099e-07
 2.49104e-07
 2.28554e-07
 2.10177e-07
 1.93722e-07
 1.78964e-07
 1.65703e-07
 1.53761e-07
 1.42984e-07
 1.33236e-07
 1.24399e-07
 1.16369e-07
 6.67404e-07
 6.02171e-07
 5.41369e-07
 4.86164e-07
 4.36820e-07
 3.93109e-07
 3.54573e-07
 3.20666e-07
 2.90837e-07
 2.64567e-07
 2.41391e-07
 2.20894e-07
 2.02720e-07
 1.86559e-07
 1.72147e-07
 1.59255e-07
 1.47690e-07
 1.37285e-07
 1.27897e-07
 1.19404e-07
 7.88345e-07
 6.96026e-07
 6.14283e-07
 5.43057e-07
 4.81489e-07
 4.28438e-07
 3.82730e-07
 3.43284e-07
 3.09147e-07
 2.79502e-07
 2.53660e-07
 2.31043e-07
 2.11170e-07
 1.93638e-07
 1.78112e-07
 1.64309e-07
 1.51995e-07
 1.40969e-07
 1.31065e-07
 1.22140e-07
 9.27400e-07
 7.99618e-07
 6.92052e-07
 6.02018e-07
 5.26675e-07
 4.63447e-07
 4.10147e-07
 3.64977e-07
 3.26477e-07
 2.93474e-07
 2.65022e-07
 2.40356e-07
 2.18861e-07
 2.00034e-07
 1.83465e-07
 1.68817e-07
 1.55812e-07
 1.44219e-07
 1.33845e-07
 1.24530e-07
 1.08137e-06
 9.09381e-07
 7.71556e-07
 6.60554e-07
 5.70460e-07
 4.96688e-07
 4.35734e-07
 3.84923e-07
 3.42209e-07
 3.06015e-07
 2.75117e-07
 2.48557e-07
 2.25578e-07
 2.05578e-07
 1.88073e-07
 1.72673e-07
 1.59057e-07
 1.46967e-07
 1.36184e-07
 1.26529e-07
 1.24219e-06
 1.01890e-06
 8.48083e-07
 7.15294e-07
 6.10448e-07
 5.26455e-07
 4.58266e-07
 4.02236e-07
 3.55692e-07
 3.16643e-07
 2.83587e-07
 2.55374e-07
 2.31114e-07
 2.10111e-07
 1.91813e-07
 1.75780e-07
 1.61655e-07
 1.49151e-07
 1.38031e-07
 1.28099e-07
 1.39561e-06
 1.11879e-06
 9.15502e-07
 7.62207e-07
 6.43952e-07
 5.50922e-07
 4.76484e-07
 4.16032e-07
 3.66297e-07
 3.24903e-07
 2.90096e-07
 2.60558e-07
 2.35282e-07
 2.13491e-07
 1.94575e-07
 1.78053e-07
 1.63538e-07
 1.50720e-07
 1.39345e-07
 1.29206e-07
 1.52195e-06
 1.19766e-06
 9.67019e-07
 7.97108e-07
 6.68315e-07
 5.68358e-07
 4.89229e-07
 4.25519e-07
 3.73469e-07
 3.30399e-07
 2.94360e-07
 2.63900e-07
 2.37927e-07
 2.15601e-07
 1.96271e-07
 1.79424e-07
 1.64654e-07
 1.51632e-07
 1.40094e-07
 1.29823e-07
 1.60031e-06
 1.24450e-06
 9.96489e-07
 8.16394e-07
 6.81332e-07
 5.77366e-07
 4.95589e-07
 4.30084e-07
 3.76790e-07
 3.32842e-07
 2.96170e-07
 2.65250e-07
 2.38937e-07
 2.16358e-07
 1.96838e-07
 1.79847e-07
 1.64966e-07
 1.51859e-07
 1.40256e-07
 1.29934e-07
 1.61555e-06
 1.25183e-06
 9.99920e-07
 8.17801e-07
 6.81660e-07
 5.77116e-07
 4.95036e-07
 4.29382e-07
 3.76027e-07
 3.32069e-07
 2.95416e-07
 2.64529e-07
 2.38257e-07
 2.15722e-07
 1.96245e-07
 1.79297e-07
 1.64456e-07
 1.51388e-07
 1.39820e-07
 1.29530e-07
 1.56446e-06
 1.21816e-06
 9.76563e-07
 8.00934e-07
 6.69083e-07
 5.67487e-07
 4.87500e-07
 4.23375e-07
 3.71161e-07
 3.28072e-07
 2.92092e-07
 2.61736e-07
 2.35887e-07
 2.13694e-07
 1.94496e-07
 1.77778e-07
 1.63129e-07
 1.50221e-07
 1.38788e-07
 1.28614e-07
 1.45657e-06
 1.14832e-06
 9.29061e-07
 7.67339e-07
 6.44553e-07
 5.49092e-07
 4.73392e-07
 4.12343e-07
 3.62388e-07
 3.20992e-07
 2.86305e-07
 2.56950e-07
 2.31888e-07
 2.10320e-07
 1.91627e-07
 1.75319e-07
 1.61007e-07
 1.48377e-07
 1.37177e-07
 1.27199e-07
 1.30962e-06
 1.05163e-06
 8.62667e-07
 7.20132e-07
 6.10000e-07
 5.23174e-07
 4.53536e-07
 3.96850e-07
 3.50104e-07
 3.11113e-07
 2.78259e-07
 2.50322e-07
 2.26373e-07
 2.05689e-07
 1.87705e-07
 1.71972e-07
 1.58131e-07
 1.45890e-07
 1.35013e-07
 1.25306e-07
 1.14346e-06
 9.39249e-07
 7.83937e-07
 6.63330e-07
 5.67977e-07
 4.91403e-07
 4.29057e-07
 3.77671e-07
 3.34855e-07
 2.98827e-07
 2.68242e-07
 2.42068e-07
 2.19504e-07
 1.99923e-07
 1.82826e-07
 1.67812e-07
 1.54560e-07
 1.42806e-07
 1.32334e-07
 1.22966e-07
 9.75366e-07
 8.21676e-07
 6.99432e-07
 6.01139e-07
 5.21248e-07
 4.55640e-07
 4.01235e-07
 3.55706e-07
 3.17283e-07
 2.84601e-07
 2.56599e-07
 2.32444e-07
 2.11478e-07
 1.93173e-07
 1.77106e-07
 1.62931e-07
 1.50368e-07
 1.39183e-07
 1.29186e-07
 1.20216e-07
 8.17723e-07
 7.07245e-07
 6.14759e-07
 5.37368e-07
 4.72435e-07
 4.17716e-07
 3.71366e-07
 3.31887e-07
 2.98069e-07
 2.68937e-07
 2.43706e-07
 2.21736e-07
 2.02512e-07
 1.85608e-07
 1.70677e-07
 1.57433e-07
 1.45636e-07
 1.35089e-07
 1.25624e-07
 1.17102e-07
 6.77580e-07
 6.01528e-07
 5.34086e-07
 4.75073e-07
 4.23763e-07
 3.79256e-07
 3.40647e-07
 3.07098e-07
 2.77874e-07
 2.52336e-07
 2.29943e-07
 2.10238e-07
 1.92833e-07
 1.77406e-07
 1.63681e-07
 1.51430e-07
 1.40456e-07
 1.30595e-07
 1.21707e-07
 1.13670e-07
 5.57586e-07
 5.07497e-07
 4.60059e-07
 4.16415e-07
 3.76938e-07
 3.41582e-07
 3.10093e-07
 2.82123e-07
 2.57301e-07
 2.35263e-07
 2.15675e-07
 1.98232e-07
 1.82667e-07
 1.68744e-07
 1.56260e-07
 1.45036e-07
 1.34919e-07
 1.25777e-07
 1.17495e-07
 1.09973e-07
 4.57422e-07
 4.26107e-07
 3.94002e-07
 3.62713e-07
 3.33126e-07
 3.05672e-07
 2.80504e-07
 2.57604e-07
 2.36865e-07
 2.18131e-07
 2.01229e-07
 1.85983e-07
 1.72224e-07
 1.59794e-07
 1.48550e-07
 1.38364e-07
 1.29118e-07
 1.20711e-07
 1.13052e-07
 1.06062e-07
 3.75166e-07
 3.56982e-07
 3.36255e-07
 3.14583e-07
 2.93008e-07
 2.72176e-07
 2.52456e-07
 2.34035e-07
 2.16979e-07
 2.01281e-07
 1.86888e-07
 1.73722e-07
 1.61694e-07
 1.50712e-07
 1.40683e-07
 1.31520e-07
 1.23140e-07
 1.15470e-07
 1.08439e-07
 1.01987e-07
