scalar
part
         1
quad4
 3.36082e-07
 3.25535e-07
 3.11181e-07
 2.94741e-07
 2.77415e-07
 2.60008e-07
 2.43037e-07
 2.26815e-07
 2.11517e-07
 1.97223e-07
 1.83951e-07
 1.71681e-07
 1.60370e-07
 1.49959e-07
 1.40386e-07
 1.31587e-07
 1.23497e-07
 1.16056e-07
 1.09206e-07
 1.02896e-07
 4.17339e-07
 3.94962e-07
 3.70041e-07
 3.44443e-07
 3.19326e-07
 2.95365e-07
 2.72916e-07
 2.52132e-07
 2.33038e-07
 2.15583e-07
 1.99676e-07
 1.85204e-07
 1.72045e-07
 1.60080e-07
 1.49196e-07
 1.39284e-07
 1.30249e-07
 1.22000e-07
 1.14458e-07
 1.07552e-07
 5.17857e-07
 4.78010e-07
 4.38439e-07
 4.00771e-07
 3.65805e-07
 3.33844e-07
 3.04906e-07
 2.78853e-07
 2.55471e-07
 2.34515e-07
 2.15737e-07
 1.98898e-07
 1.83782e-07
 1.70189e-07
 1.57943e-07
 1.46888e-07
 1.36888e-07
 1.27821e-07
 1.19582e-07
 1.12080e-07
 6.40463e-07
 5.75711e-07
 5.16484e-07
 4.63398e-07
 4.16352e-07
 3.74907e-07
 3.38495e-07
 3.06522e-07
 2.78421e-07
 2.53681e-07
 2.31849e-07
 2.12529e-07
 1.95383e-07
 1.80121e-07
 1.66492e-07
 1.54286e-07
 1.43320e-07
 1.33440e-07
 1.24513e-07
 1.16425e-07
 7.86749e-07
 6.87932e-07
 6.03351e-07
 5.31298e-07
 4.69962e-07
 4.17659e-07
 3.72921e-07
 3.34504e-07
 3.01370e-07
 2.72662e-07
 2.47672e-07
 2.25820e-07
 2.06626e-07
 1.89694e-07
 1.74694e-07
 1.61354e-07
 1.49445e-07
 1.38774e-07
 1.29181e-07
 1.20529e-07
 9.55710e-07
 8.12606e-07
 6.96862e-07
 6.02532e-07
 5.25023e-07
 4.60804e-07
 4.07161e-07
 3.61998e-07
 3.23688e-07
 2.90962e-07
 2.62818e-07
 2.38464e-07
 2.17266e-07
 1.98713e-07
 1.82392e-07
 1.67967e-07
 1.55159e-07
 1.43739e-07
 1.33517e-07
 1.24334e-07
 1.14205e-06
 9.44923e-07
 7.93136e-07
 6.74113e-07
 5.79283e-07
 5.02655e-07
 4.39949e-07
 3.88051e-07
 3.44656e-07
 3.08034e-07
 2.76865e-07
 2.50134e-07
 2.27046e-07
 2.06977e-07
 1.89427e-07
 1.73996e-07
 1.60359e-07
 1.48251e-07
 1.37453e-07
 1.27785e-07
 1.33454e-06
 1.07676e-06
 8.86447e-07
 7.42028e-07
 6.29919e-07
 5.41209e-07
 4.69849e-07
 4.11620e-07
 3.63506e-07
 3.23305e-07
 2.89382e-07
 2.60501e-07
 2.35715e-07
 2.14288e-07
 1.95642e-07
 1.79318e-07
 1.64947e-07
 1.52230e-07
 1.40924e-07
 1.30829e-07
 1.51524e-06
 1.19676e-06
 9.69515e-07
 8.01523e-07
 6.73764e-07
 5.74311e-07
 4.95366e-07
 4.31648e-07
 3.79476e-07
 3.36219e-07
 2.99955e-07
 2.69254e-07
 2.43035e-07
 2.20464e-07
 2.00897e-07
 1.83822e-07
 1.68834e-07
 1.55606e-07
 1.43873e-07
 1.33418e-07
 1.66073e-06
 1.29155e-06
 1.03439e-06
 8.47692e-07
 7.07682e-07
 5.99897e-07
 5.15102e-07
 4.47167e-07
 3.91883e-07
 3.46282e-07
 3.08223e-07
 2.76124e-07
 2.48801e-07
 2.25349e-07
 2.05068e-07
 1.87412e-07
 1.71944e-07
 1.58317e-07
 1.46250e-07
 1.35514e-07
 1.74701e-06
 1.34851e-06
 1.07398e-06
 8.76322e-07
 7.29059e-07
 6.16281e-07
 5.27937e-07
 4.57409e-07
 4.00186e-07
 3.53107e-07
 3.13901e-07
 2.80899e-07
 2.52854e-07
 2.28819e-07
 2.08063e-07
 1.90013e-07
 1.74218e-07
 1.60317e-07
 1.48018e-07
 1.37084e-07
 1.75810e-06
 1.35956e-06
 1.08383e-06
 8.84809e-07
 7.36288e-07
 6.22429e-07
 5.33179e-07
 4.61898e-07
 4.04051e-07
 3.56452e-07
 3.16812e-07
 2.83445e-07
 2.55093e-07
 2.30797e-07
 2.09818e-07
 1.91577e-07
 1.75617e-07
 1.61574e-07
 1.49151e-07
 1.38108e-07
 1.69362e-06
 1.32413e-06
 1.06347e-06
 8.72784e-07
 7.29091e-07
 6.18131e-07
 5.30669e-07
 4.60513e-07
 4.03382e-07
 3.56243e-07
 3.16896e-07
 2.83716e-07
 2.55479e-07
 2.31251e-07
 2.10308e-07
 1.92083e-07
 1.76124e-07
 1.62073e-07
 1.49636e-07
 1.38576e-07
 1.56904e-06
 1.24939e-06
 1.01652e-06
 8.42189e-07
 7.08564e-07
 6.04030e-07
 5.20797e-07
 4.53495e-07
 3.98333e-07
 3.52578e-07
 3.14219e-07
 2.81755e-07
 2.54041e-07
 2.30201e-07
 2.09547e-07
 1.91539e-07
 1.75744e-07
 1.61817e-07
 1.49475e-07
 1.38488e-07
 1.40831e-06
 1.14750e-06
 9.49528e-07
 7.96749e-07
 6.76917e-07
 5.81488e-07
 5.04428e-07
 4.41410e-07
 3.89282e-07
 3.45715e-07
 3.08960e-07
 2.77686e-07
 2.50870e-07
 2.27711e-07
 2.07582e-07
 1.89980e-07
 1.74504e-07
 1.60828e-07
 1.48685e-07
 1.37856e-07
 1.23478e-06
 1.03167e-06
 8.70182e-07
 7.41085e-07
 6.37019e-07
 5.52338e-07
 4.82764e-07
 4.25065e-07
 3.76783e-07
 3.36042e-07
 3.01393e-07
 2.71710e-07
 2.46109e-07
 2.23890e-07
 2.04493e-07
 1.87468e-07
 1.72450e-07
 1.59140e-07
 1.47291e-07
 1.36701e-07
 1.06577e-06
 9.13076e-07
 7.85641e-07
 6.79814e-07
 5.91892e-07
 5.18592e-07
 4.57172e-07
 4.05403e-07
 3.61498e-07
 3.24031e-07
 2.91861e-07
 2.64077e-07
 2.39947e-07
 2.18877e-07
 2.00387e-07
 1.84084e-07
 1.69645e-07
 1.56803e-07
 1.45335e-07
 1.35056e-07
 9.11397e-07
 7.99568e-07
 7.01552e-07
 6.16900e-07
 5.44304e-07
 4.82192e-07
 4.29023e-07
 3.83405e-07
 3.44135e-07
 3.10198e-07
 2.80745e-07
 2.55073e-07
 2.32597e-07
 2.12837e-07
 1.95391e-07
 1.79927e-07
 1.66167e-07
 1.53877e-07
 1.42862e-07
 1.32957e-07
 7.76013e-07
 6.95677e-07
 6.21758e-07
 5.55349e-07
 4.96523e-07
 4.44824e-07
 3.99566e-07
 3.59996e-07
 3.25385e-07
 2.95064e-07
 2.68439e-07
 2.44995e-07
 2.24291e-07
 2.05947e-07
 1.89643e-07
 1.75105e-07
 1.62100e-07
 1.50431e-07
 1.39929e-07
 1.30450e-07
 6.60238e-07
 6.03384e-07
 5.48481e-07
 4.97178e-07
 4.50231e-07
 4.07832e-07
 3.69853e-07
 3.35994e-07
 3.05879e-07
 2.79114e-07
 2.55319e-07
 2.34139e-07
 2.15257e-07
 1.98389e-07
 1.83286e-07
 1.69732e-07
 1.57538e-07
 1.46539e-07
 1.36595e-07
 1.27582e-07
