scalar
part
         1
quad4
 6.53807e-07
 5.97693e-07
 5.43462e-07
 4.92757e-07
 4.46334e-07
 4.04394e-07
 3.66812e-07
 3.33295e-07
 3.03477e-07
 2.76969e-07
 2.53397e-07
 2.32412e-07
 2.13698e-07
 1.96978e-07
 1.82004e-07
 1.68564e-07
 1.56470e-07
 1.45561e-07
 1.35696e-07
 1.26754e-07
 7.68736e-07
 6.89353e-07
 6.16271e-07
 5.50585e-07
 4.92377e-07
 4.41205e-07
 3.96395e-07
 3.57207e-07
 3.22921e-07
 2.92877e-07
 2.66489e-07
 2.43251e-07
 2.22723e-07
 2.04533e-07
 1.88362e-07
 1.73941e-07
 1.61039e-07
 1.49461e-07
 1.39039e-07
 1.29630e-07
 9.03182e-07
 7.92574e-07
 6.95592e-07
 6.11806e-07
 5.39930e-07
 4.78417e-07
 4.25748e-07
 3.80547e-07
 3.41628e-07
 3.07987e-07
 2.78784e-07
 2.53325e-07
 2.31033e-07
 2.11430e-07
 1.94121e-07
 1.78775e-07
 1.65118e-07
 1.52920e-07
 1.41985e-07
 1.32151e-07
 1.05655e-06
 9.05408e-07
 7.79234e-07
 6.74427e-07
 5.87330e-07
 5.14700e-07
 4.53827e-07
 4.02507e-07
 3.58974e-07
 3.21816e-07
 2.89906e-07
 2.62342e-07
 2.38398e-07
 2.17488e-07
 1.99136e-07
 1.82952e-07
 1.68617e-07
 1.55865e-07
 1.44476e-07
 1.34268e-07
 1.22454e-06
 1.02337e-06
 8.63393e-07
 7.35473e-07
 6.32330e-07
 5.48381e-07
 4.79394e-07
 4.22168e-07
 3.74273e-07
 3.33850e-07
 2.99466e-07
 2.70005e-07
 2.44591e-07
 2.22531e-07
 2.03271e-07
 1.86364e-07
 1.71448e-07
 1.58227e-07
 1.46457e-07
 1.35936e-07
 1.39715e-06
 1.13870e-06
 9.42477e-07
 7.91015e-07
 6.72187e-07
 5.77536e-07
 5.01087e-07
 4.38556e-07
 3.86821e-07
 3.43574e-07
 3.07083e-07
 2.76030e-07
 2.49398e-07
 2.26396e-07
 2.06400e-07
 1.88913e-07
 1.73536e-07
 1.59947e-07
 1.47879e-07
 1.37117e-07
 1.55722e-06
 1.24031e-06
 1.00939e-06
 8.36476e-07
 7.03902e-07
 6.00166e-07
 5.17550e-07
 4.50733e-07
 3.95959e-07
 3.50518e-07
 3.12417e-07
 2.80165e-07
 2.52631e-07
 2.28941e-07
 2.08415e-07
 1.90517e-07
 1.74818e-07
 1.60974e-07
 1.48704e-07
 1.37780e-07
 1.68162e-06
 1.31513e-06
 1.05652e-06
 8.67270e-07
 7.24624e-07
 6.14447e-07
 5.27584e-07
 4.57894e-07
 4.01134e-07
 3.54294e-07
 3.15192e-07
 2.82213e-07
 2.54145e-07
 2.30059e-07
 2.09237e-07
 1.91115e-07
 1.75246e-07
 1.61272e-07
 1.48903e-07
 1.37903e-07
 1.74663e-06
 1.35109e-06
 1.07734e-06
 8.79690e-07
 7.32151e-07
 6.19020e-07
 5.30325e-07
 4.59474e-07
 4.01968e-07
 3.54644e-07
 3.15228e-07
 2.82046e-07
 2.53849e-07
 2.29684e-07
 2.08815e-07
 1.90670e-07
 1.74793e-07
 1.60821e-07
 1.48461e-07
 1.37474e-07
 1.73691e-06
 1.34106e-06
 1.06825e-06
 8.71786e-07
 7.25379e-07
 6.13235e-07
 5.25376e-07
 4.55224e-07
 3.98302e-07
 3.51465e-07
 3.12457e-07
 2.79620e-07
 2.51713e-07
 2.27795e-07
 2.07138e-07
 1.89174e-07
 1.73454e-07
 1.59618e-07
 1.47376e-07
 1.36492e-07
 1.65272e-06
 1.28550e-06
 1.02966e-06
 8.43893e-07
 7.04560e-07
 5.97284e-07
 5.12884e-07
 4.45259e-07
 3.90224e-07
 3.44827e-07
 3.06935e-07
 2.74977e-07
 2.47773e-07
 2.24422e-07
 2.04228e-07
 1.86646e-07
 1.71244e-07
 1.57675e-07
 1.45659e-07
 1.34967e-07
 1.50969e-06
 1.19235e-06
 9.65932e-07
 7.98555e-07
 6.71265e-07
 5.72178e-07
 4.93524e-07
 4.30041e-07
 3.78063e-07
 3.34966e-07
 2.98836e-07
 2.68249e-07
 2.42127e-07
 2.19641e-07
 2.00146e-07
 1.83134e-07
 1.68202e-07
 1.55023e-07
 1.43334e-07
 1.32918e-07
 1.33140e-06
 1.07399e-06
 8.84026e-07
 7.39910e-07
 6.28062e-07
 5.39571e-07
 4.68398e-07
 4.10326e-07
 3.62347e-07
 3.22261e-07
 2.88438e-07
 2.59643e-07
 2.34932e-07
 2.13571e-07
 1.94984e-07
 1.78711e-07
 1.64385e-07
 1.51710e-07
 1.40440e-07
 1.30378e-07
 1.14095e-06
 9.43615e-07
 7.91786e-07
 6.72801e-07
 5.78044e-07
 5.01501e-07
 4.38882e-07
 3.87068e-07
 3.43752e-07
 3.07201e-07
 2.76097e-07
 2.49425e-07
 2.26390e-07
 2.06369e-07
 1.88862e-07
 1.73470e-07
 1.59869e-07
 1.47793e-07
 1.37025e-07
 1.27383e-07
 9.56146e-07
 8.12479e-07
 6.96425e-07
 6.01933e-07
 5.24346e-07
 4.60099e-07
 4.06457e-07
 3.61311e-07
 3.23029e-07
 2.90334e-07
 2.62223e-07
 2.37902e-07
 2.16735e-07
 1.98213e-07
 1.81922e-07
 1.67523e-07
 1.54741e-07
 1.43345e-07
 1.33145e-07
 1.23983e-07
 7.88227e-07
 6.88684e-07
 6.03638e-07
 5.31291e-07
 4.69769e-07
 4.17352e-07
 3.72546e-07
 3.34092e-07
 3.00940e-07
 2.72227e-07
 2.47242e-07
 2.25399e-07
 2.06217e-07
 1.89299e-07
 1.74315e-07
 1.60991e-07
 1.49098e-07
 1.38443e-07
 1.28865e-07
 1.20227e-07
 6.42583e-07
 5.77068e-07
 5.17310e-07
 4.63857e-07
 4.16557e-07
 3.74938e-07
 3.38407e-07
 3.06353e-07
 2.78199e-07
 2.53425e-07
 2.31571e-07
 2.12240e-07
 1.95090e-07
 1.79827e-07
 1.66201e-07
 1.54000e-07
 1.43042e-07
 1.33170e-07
 1.24251e-07
 1.16171e-07
 5.20324e-07
 4.79750e-07
 4.39642e-07
 4.01578e-07
 3.66323e-07
 3.34151e-07
 3.05060e-07
 2.78896e-07
 2.55433e-07
 2.34419e-07
 2.15599e-07
 1.98732e-07
 1.83595e-07
 1.69989e-07
 1.57736e-07
 1.46677e-07
 1.36675e-07
 1.27609e-07
 1.19373e-07
 1.11874e-07
 4.19952e-07
 3.96920e-07
 3.71489e-07
 3.45498e-07
 3.20081e-07
 2.95891e-07
 2.73268e-07
 2.52352e-07
 2.33158e-07
 2.15627e-07
 1.99663e-07
 1.85148e-07
 1.71957e-07
 1.59969e-07
 1.49067e-07
 1.39143e-07
 1.30099e-07
 1.21844e-07
 1.14299e-07
 1.07391e-07
 3.38712e-07
 3.27592e-07
 3.12773e-07
 2.95961e-07
 2.78340e-07
 2.60700e-07
 2.43545e-07
 2.27180e-07
 2.11770e-07
 1.97388e-07
 1.84047e-07
 1.71723e-07
 1.60370e-07
 1.49927e-07
 1.40329e-07
 1.31510e-07
 1.23405e-07
 1.15953e-07
 1.09095e-07
 1.02779e-07
