scalar
part
         1
quad4
 6.34107e-07
 5.80728e-07
 5.28919e-07
 4.80310e-07
 4.35675e-07
 3.95246e-07
 3.58936e-07
 3.26489e-07
 2.97569e-07
 2.71819e-07
 2.48886e-07
 2.28443e-07
 2.10191e-07
 1.93864e-07
 1.79229e-07
 1.66080e-07
 1.54239e-07
 1.43549e-07
 1.33875e-07
 1.25101e-07
 7.46370e-07
 6.70543e-07
 6.00486e-07
 5.37327e-07
 4.81209e-07
 4.31756e-07
 3.88359e-07
 3.50335e-07
 3.17010e-07
 2.87763e-07
 2.62041e-07
 2.39359e-07
 2.19301e-07
 2.01508e-07
 1.85676e-07
 1.71545e-07
 1.58892e-07
 1.47529e-07
 1.37294e-07
 1.28050e-07
 8.77937e-07
 7.71920e-07
 6.78672e-07
 5.97883e-07
 5.28404e-07
 4.68808e-07
 4.17676e-07
 3.73717e-07
 3.35804e-07
 3.02986e-07
 2.74460e-07
 2.49562e-07
 2.27739e-07
 2.08529e-07
 1.91553e-07
 1.76491e-07
 1.63076e-07
 1.51086e-07
 1.40332e-07
 1.30655e-07
 1.02841e-06
 8.83100e-07
 7.61433e-07
 6.60096e-07
 5.75676e-07
 5.05126e-07
 4.45881e-07
 3.95849e-07
 3.53343e-07
 3.17013e-07
 2.85777e-07
 2.58765e-07
 2.35278e-07
 2.14750e-07
 1.96718e-07
 1.80805e-07
 1.66701e-07
 1.54147e-07
 1.42929e-07
 1.32869e-07
 1.19388e-06
 9.99893e-07
 8.45173e-07
 7.21124e-07
 6.20864e-07
 5.39091e-07
 4.71768e-07
 4.15834e-07
 3.68954e-07
 3.29338e-07
 2.95604e-07
 2.66672e-07
 2.41692e-07
 2.19992e-07
 2.01033e-07
 1.84380e-07
 1.69679e-07
 1.56642e-07
 1.45031e-07
 1.34646e-07
 1.36498e-06
 1.11495e-06
 9.24547e-07
 7.77184e-07
 6.61308e-07
 5.68826e-07
 4.94003e-07
 4.32713e-07
 3.81940e-07
 3.39451e-07
 3.03564e-07
 2.72999e-07
 2.46766e-07
 2.24093e-07
 2.04372e-07
 1.87116e-07
 1.71934e-07
 1.58511e-07
 1.46587e-07
 1.35948e-07
 1.52547e-06
 1.21766e-06
 9.92701e-07
 8.23820e-07
 6.94067e-07
 5.92360e-07
 5.11239e-07
 4.45550e-07
 3.91641e-07
 3.46877e-07
 3.09312e-07
 2.77493e-07
 2.50310e-07
 2.26909e-07
 2.06625e-07
 1.88928e-07
 1.73401e-07
 1.59702e-07
 1.47558e-07
 1.36742e-07
 1.65313e-06
 1.29534e-06
 1.04217e-06
 8.56499e-07
 7.16304e-07
 6.07865e-07
 5.22270e-07
 4.53530e-07
 3.97495e-07
 3.51221e-07
 3.12566e-07
 2.79948e-07
 2.52173e-07
 2.28328e-07
 2.07707e-07
 1.89754e-07
 1.74028e-07
 1.60177e-07
 1.47913e-07
 1.37004e-07
 1.72472e-06
 1.33598e-06
 1.06640e-06
 8.71457e-07
 7.25763e-07
 6.13937e-07
 5.26195e-07
 4.56059e-07
 3.99101e-07
 3.52207e-07
 3.13132e-07
 2.80227e-07
 2.52255e-07
 2.28277e-07
 2.07565e-07
 1.89552e-07
 1.73788e-07
 1.59912e-07
 1.47636e-07
 1.36722e-07
 1.72427e-06
 1.33203e-06
 1.06150e-06
 8.66559e-07
 7.21214e-07
 6.09842e-07
 5.22559e-07
 4.52850e-07
 3.96273e-07
 3.49712e-07
 3.10927e-07
 2.78273e-07
 2.50519e-07
 2.26729e-07
 2.06180e-07
 1.88309e-07
 1.72669e-07
 1.58902e-07
 1.46721e-07
 1.35890e-07
 1.65032e-06
 1.28308e-06
 1.02740e-06
 8.41850e-07
 7.02735e-07
 5.95659e-07
 5.11435e-07
 4.43963e-07
 3.89061e-07
 3.43779e-07
 3.05988e-07
 2.74117e-07
 2.46988e-07
 2.23704e-07
 2.03570e-07
 1.86040e-07
 1.70684e-07
 1.57156e-07
 1.45177e-07
 1.34518e-07
 1.51641e-06
 1.19599e-06
 9.67891e-07
 7.99555e-07
 6.71700e-07
 5.72274e-07
 4.93415e-07
 4.29808e-07
 3.77756e-07
 3.34618e-07
 2.98467e-07
 2.67873e-07
 2.41752e-07
 2.19272e-07
 1.99786e-07
 1.82787e-07
 1.67867e-07
 1.54702e-07
 1.43026e-07
 1.32624e-07
 1.34470e-06
 1.08240e-06
 8.89494e-07
 7.43542e-07
 6.30510e-07
 5.41234e-07
 4.69528e-07
 4.11089e-07
 3.62851e-07
 3.22581e-07
 2.88625e-07
 2.59735e-07
 2.34954e-07
 2.13542e-07
 1.94917e-07
 1.78617e-07
 1.64272e-07
 1.51583e-07
 1.40304e-07
 1.30235e-07
 1.15799e-06
 9.55192e-07
 7.99825e-07
 6.78494e-07
 5.82144e-07
 5.04497e-07
 4.41097e-07
 3.88720e-07
 3.44991e-07
 3.08135e-07
 2.76802e-07
 2.49956e-07
 2.26788e-07
 2.06663e-07
 1.89076e-07
 1.73621e-07
 1.59970e-07
 1.47855e-07
 1.37056e-07
 1.27390e-07
 9.74605e-07
 8.25746e-07
 7.06090e-07
 6.09072e-07
 5.29692e-07
 4.64152e-07
 4.09565e-07
 3.63718e-07
 3.24909e-07
 2.91813e-07
 2.63394e-07
 2.38833e-07
 2.17479e-07
 1.98808e-07
 1.82398e-07
 1.67905e-07
 1.55045e-07
 1.43587e-07
 1.33337e-07
 1.24132e-07
 8.06551e-07
 7.02505e-07
 6.14125e-07
 5.39314e-07
 4.75965e-07
 4.22183e-07
 3.76347e-07
 3.37108e-07
 3.03354e-07
 2.74172e-07
 2.48819e-07
 2.26686e-07
 2.07273e-07
 1.90168e-07
 1.75033e-07
 1.61586e-07
 1.49592e-07
 1.38854e-07
 1.29207e-07
 1.20512e-07
 6.59905e-07
 5.90682e-07
 5.28015e-07
 4.72303e-07
 4.23258e-07
 3.80289e-07
 3.42708e-07
 3.09835e-07
 2.81037e-07
 2.55752e-07
 2.33491e-07
 2.13833e-07
 1.96417e-07
 1.80939e-07
 1.67137e-07
 1.54790e-07
 1.43710e-07
 1.33737e-07
 1.24734e-07
 1.16583e-07
 5.36254e-07
 4.92713e-07
 4.50152e-07
 4.10101e-07
 3.73249e-07
 3.39801e-07
 3.09690e-07
 2.82709e-07
 2.58590e-07
 2.37046e-07
 2.17797e-07
 2.00579e-07
 1.85155e-07
 1.71312e-07
 1.58862e-07
 1.47640e-07
 1.37501e-07
 1.28319e-07
 1.19985e-07
 1.12403e-07
 4.34384e-07
 4.09008e-07
 3.81554e-07
 3.53857e-07
 3.27021e-07
 3.01662e-07
 2.78080e-07
 2.56378e-07
 2.36539e-07
 2.18479e-07
 2.02077e-07
 1.87200e-07
 1.73708e-07
 1.61469e-07
 1.50357e-07
 1.40257e-07
 1.31063e-07
 1.22681e-07
 1.15028e-07
 1.08028e-07
 3.51690e-07
 3.38726e-07
 3.22255e-07
 3.04002e-07
 2.85146e-07
 2.66459e-07
 2.48424e-07
 2.31321e-07
 2.15293e-07
 2.00394e-07
 1.86621e-07
 1.73934e-07
 1.62275e-07
 1.51574e-07
 1.41757e-07
 1.32753e-07
 1.24490e-07
 1.16902e-07
 1.09928e-07
 1.03511e-07
