scalar
part
         1
quad4
 4.51101e-07
 4.24001e-07
 3.95120e-07
 3.66180e-07
 3.38238e-07
 3.11883e-07
 2.87402e-07
 2.64887e-07
 2.44314e-07
 2.25591e-07
 2.08591e-07
 1.93173e-07
 1.79194e-07
 1.66513e-07
 1.55002e-07
 1.44540e-07
 1.35019e-07
 1.26340e-07
 1.18417e-07
 1.11171e-07
 5.45156e-07
 5.01910e-07
 4.59327e-07
 4.19022e-07
 3.81772e-07
 3.47846e-07
 3.17222e-07
 2.89723e-07
 2.65098e-07
 2.43071e-07
 2.23366e-07
 2.05724e-07
 1.89908e-07
 1.75703e-07
 1.62922e-07
 1.51396e-07
 1.40979e-07
 1.31543e-07
 1.22977e-07
 1.15183e-07
 6.58763e-07
 5.92793e-07
 5.32018e-07
 4.77329e-07
 4.28764e-07
 3.85937e-07
 3.48296e-07
 3.15239e-07
 2.86190e-07
 2.60619e-07
 2.38060e-07
 2.18104e-07
 2.00400e-07
 1.84645e-07
 1.70583e-07
 1.57994e-07
 1.46689e-07
 1.36508e-07
 1.27313e-07
 1.18985e-07
 7.93499e-07
 6.96567e-07
 6.12431e-07
 5.40144e-07
 4.78270e-07
 4.25317e-07
 3.79908e-07
 3.40843e-07
 3.07105e-07
 2.77845e-07
 2.52357e-07
 2.30056e-07
 2.10460e-07
 1.93169e-07
 1.77849e-07
 1.64222e-07
 1.52057e-07
 1.41158e-07
 1.31360e-07
 1.22523e-07
 9.48735e-07
 8.11437e-07
 6.98600e-07
 6.05690e-07
 5.28809e-07
 4.64790e-07
 4.11113e-07
 3.65793e-07
 3.27263e-07
 2.94291e-07
 2.65895e-07
 2.41296e-07
 2.19864e-07
 2.01094e-07
 1.84572e-07
 1.69963e-07
 1.56987e-07
 1.45415e-07
 1.35055e-07
 1.25746e-07
 1.11998e-06
 9.33126e-07
 7.87020e-07
 6.71254e-07
 5.78329e-07
 5.02818e-07
 4.40758e-07
 3.89218e-07
 3.46005e-07
 3.09454e-07
 2.78291e-07
 2.51524e-07
 2.28377e-07
 2.08236e-07
 1.90609e-07
 1.75100e-07
 1.61386e-07
 1.49204e-07
 1.38336e-07
 1.28602e-07
 1.29725e-06
 1.05434e-06
 8.72538e-07
 7.33221e-07
 6.24279e-07
 5.37586e-07
 4.67537e-07
 4.10171e-07
 3.62631e-07
 3.22815e-07
 2.89150e-07
 2.60442e-07
 2.35770e-07
 2.14418e-07
 1.95818e-07
 1.79522e-07
 1.65165e-07
 1.52453e-07
 1.41146e-07
 1.31046e-07
 1.46454e-06
 1.16497e-06
 9.48658e-07
 7.87336e-07
 6.63818e-07
 5.67156e-07
 4.90102e-07
 4.27696e-07
 3.76455e-07
 3.33871e-07
 2.98102e-07
 2.67770e-07
 2.41830e-07
 2.19475e-07
 2.00073e-07
 1.83129e-07
 1.68245e-07
 1.55100e-07
 1.43434e-07
 1.33034e-07
 1.60148e-06
 1.25330e-06
 1.00836e-06
 8.29233e-07
 6.94138e-07
 5.89672e-07
 5.07194e-07
 4.40921e-07
 3.86859e-07
 3.42176e-07
 3.04819e-07
 2.73266e-07
 2.46374e-07
 2.23267e-07
 2.03266e-07
 1.85838e-07
 1.70560e-07
 1.57092e-07
 1.45158e-07
 1.34535e-07
 1.68775e-06
 1.30836e-06
 1.04537e-06
 8.55142e-07
 7.12882e-07
 6.03609e-07
 5.17799e-07
 4.49152e-07
 3.93358e-07
 3.47385e-07
 3.09050e-07
 2.76744e-07
 2.49263e-07
 2.25690e-07
 2.05315e-07
 1.87585e-07
 1.72060e-07
 1.58388e-07
 1.46286e-07
 1.35521e-07
 1.70886e-06
 1.32265e-06
 1.05551e-06
 8.62607e-07
 7.18540e-07
 6.08001e-07
 5.21278e-07
 4.51954e-07
 3.95648e-07
 3.49282e-07
 3.10638e-07
 2.78087e-07
 2.50409e-07
 2.26676e-07
 2.06170e-07
 1.88331e-07
 1.72714e-07
 1.58965e-07
 1.46797e-07
 1.35977e-07
 1.66132e-06
 1.29436e-06
 1.03777e-06
 8.51016e-07
 7.10725e-07
 6.02594e-07
 5.17457e-07
 4.49208e-07
 3.93646e-07
 3.47804e-07
 3.09538e-07
 2.77262e-07
 2.49787e-07
 2.26205e-07
 2.05814e-07
 1.88061e-07
 1.72511e-07
 1.58814e-07
 1.46686e-07
 1.35896e-07
 1.55416e-06
 1.22797e-06
 9.94534e-07
 8.21732e-07
 6.90247e-07
 5.87889e-07
 5.06657e-07
 4.41121e-07
 3.87489e-07
 3.43048e-07
 3.05815e-07
 2.74315e-07
 2.47430e-07
 2.24302e-07
 2.04265e-07
 1.86791e-07
 1.71462e-07
 1.57942e-07
 1.45957e-07
 1.35284e-07
 1.40573e-06
 1.13293e-06
 9.31028e-07
 7.77793e-07
 6.58954e-07
 5.65050e-07
 4.89636e-07
 4.28203e-07
 3.77527e-07
 3.35256e-07
 2.99644e-07
 2.69371e-07
 2.43430e-07
 2.21036e-07
 2.01575e-07
 1.84559e-07
 1.69597e-07
 1.56374e-07
 1.44630e-07
 1.34155e-07
 1.23732e-06
 1.02094e-06
 8.53996e-07
 7.23264e-07
 6.19388e-07
 5.35721e-07
 4.67484e-07
 4.11194e-07
 3.64273e-07
 3.24793e-07
 2.91286e-07
 2.62624e-07
 2.37930e-07
 2.16513e-07
 1.97826e-07
 1.81428e-07
 1.66965e-07
 1.54147e-07
 1.42736e-07
 1.32534e-07
 1.06735e-06
 9.03078e-07
 7.70280e-07
 6.62477e-07
 5.74366e-07
 5.01775e-07
 4.41477e-07
 3.90979e-07
 3.48356e-07
 3.12110e-07
 2.81072e-07
 2.54317e-07
 2.31114e-07
 2.10874e-07
 1.93125e-07
 1.77482e-07
 1.63631e-07
 1.51313e-07
 1.40314e-07
 1.30453e-07
 9.08370e-07
 7.88000e-07
 6.85720e-07
 5.99384e-07
 5.26586e-07
 4.65082e-07
 4.12927e-07
 3.68496e-07
 3.30451e-07
 2.97704e-07
 2.69369e-07
 2.44727e-07
 2.23191e-07
 2.04279e-07
 1.87596e-07
 1.72818e-07
 1.59672e-07
 1.47934e-07
 1.37413e-07
 1.27952e-07
 7.67006e-07
 6.81303e-07
 6.04607e-07
 5.37151e-07
 4.78358e-07
 4.27322e-07
 3.83065e-07
 3.44648e-07
 3.11230e-07
 2.82076e-07
 2.56559e-07
 2.34144e-07
 2.14385e-07
 1.96902e-07
 1.81377e-07
 1.67543e-07
 1.55174e-07
 1.44077e-07
 1.34090e-07
 1.25076e-07
 6.45406e-07
 5.85863e-07
 5.29634e-07
 4.78024e-07
 4.31460e-07
 3.89874e-07
 3.52946e-07
 3.20245e-07
 2.91314e-07
 2.65706e-07
 2.43010e-07
 2.22857e-07
 2.04922e-07
 1.88921e-07
 1.74608e-07
 1.61771e-07
 1.50226e-07
 1.39816e-07
 1.30405e-07
 1.21874e-07
 5.42973e-07
 5.02556e-07
 4.62152e-07
 4.23382e-07
 3.87125e-07
 3.53773e-07
 3.23415e-07
 2.95966e-07
 2.71242e-07
 2.49021e-07
 2.29063e-07
 2.11135e-07
 1.95017e-07
 1.80509e-07
 1.67428e-07
 1.55613e-07
 1.44922e-07
 1.35227e-07
 1.26417e-07
 1.18395e-07
