scalar
part
         1
quad4
 5.53132e-07
 5.10021e-07
 4.67406e-07
 4.26859e-07
 3.89199e-07
 3.54755e-07
 3.23559e-07
 2.95472e-07
 2.70272e-07
 2.47700e-07
 2.27488e-07
 2.09382e-07
 1.93144e-07
 1.78561e-07
 1.65439e-07
 1.53609e-07
 1.42922e-07
 1.33246e-07
 1.24466e-07
 1.16482e-07
 6.54916e-07
 5.92317e-07
 5.33681e-07
 4.80219e-07
 4.32256e-07
 3.89630e-07
 3.51942e-07
 3.18697e-07
 2.89383e-07
 2.63516e-07
 2.40652e-07
 2.20401e-07
 2.02418e-07
 1.86407e-07
 1.72111e-07
 1.59310e-07
 1.47815e-07
 1.37465e-07
 1.28119e-07
 1.19658e-07
 7.75115e-07
 6.86042e-07
 6.06833e-07
 5.37549e-07
 4.77455e-07
 4.25516e-07
 3.80647e-07
 3.41833e-07
 3.08172e-07
 2.78887e-07
 2.53316e-07
 2.30905e-07
 2.11187e-07
 1.93771e-07
 1.78332e-07
 1.64593e-07
 1.52326e-07
 1.41334e-07
 1.31454e-07
 1.22544e-07
 9.13923e-07
 7.90028e-07
 6.85311e-07
 5.97341e-07
 5.23486e-07
 4.61331e-07
 4.08804e-07
 3.64192e-07
 3.26097e-07
 2.93385e-07
 2.65142e-07
 2.40627e-07
 2.19239e-07
 2.00486e-07
 1.83967e-07
 1.69352e-07
 1.56366e-07
 1.44783e-07
 1.34412e-07
 1.25094e-07
 1.06862e-06
 9.01034e-07
 7.66201e-07
 6.57226e-07
 5.68504e-07
 4.95665e-07
 4.35345e-07
 3.84965e-07
 3.42541e-07
 3.06541e-07
 2.75770e-07
 2.49289e-07
 2.26357e-07
 2.06380e-07
 1.88882e-07
 1.73477e-07
 1.59850e-07
 1.47742e-07
 1.36938e-07
 1.27261e-07
 1.23184e-06
 1.01305e-06
 8.45008e-07
 7.13942e-07
 6.10167e-07
 5.26835e-07
 4.59051e-07
 4.03261e-07
 3.56851e-07
 3.17868e-07
 2.84833e-07
 2.56613e-07
 2.32328e-07
 2.11289e-07
 1.92948e-07
 1.76869e-07
 1.62698e-07
 1.50146e-07
 1.38980e-07
 1.29004e-07
 1.39021e-06
 1.11708e-06
 9.15767e-07
 7.63520e-07
 6.45797e-07
 5.53009e-07
 4.78649e-07
 4.18183e-07
 3.68382e-07
 3.26896e-07
 2.91986e-07
 2.62340e-07
 2.36958e-07
 2.15065e-07
 1.96052e-07
 1.79438e-07
 1.64839e-07
 1.51942e-07
 1.40494e-07
 1.30287e-07
 1.52474e-06
 1.20193e-06
 9.71705e-07
 8.01737e-07
 6.72688e-07
 5.72406e-07
 4.92938e-07
 4.28903e-07
 3.76553e-07
 3.33212e-07
 2.96928e-07
 2.66250e-07
 2.40082e-07
 2.17582e-07
 1.98097e-07
 1.81112e-07
 1.66217e-07
 1.53083e-07
 1.41445e-07
 1.31082e-07
 1.61441e-06
 1.25635e-06
 1.00644e-06
 8.24809e-07
 6.88507e-07
 5.83536e-07
 5.00941e-07
 4.34763e-07
 3.80911e-07
 3.36496e-07
 2.99430e-07
 2.68176e-07
 2.41576e-07
 2.18750e-07
 1.99014e-07
 1.81836e-07
 1.66790e-07
 1.53539e-07
 1.41806e-07
 1.31370e-07
 1.64268e-06
 1.27200e-06
 1.01548e-06
 8.30159e-07
 6.91704e-07
 5.85435e-07
 5.02036e-07
 4.35352e-07
 3.81177e-07
 3.36556e-07
 2.99359e-07
 2.68022e-07
 2.41372e-07
 2.18516e-07
 1.98766e-07
 1.81582e-07
 1.66538e-07
 1.53291e-07
 1.41567e-07
 1.31139e-07
 1.60377e-06
 1.24611e-06
 9.97370e-07
 8.16987e-07
 6.81821e-07
 5.77829e-07
 4.96056e-07
 4.30565e-07
 3.77285e-07
 3.33349e-07
 2.96685e-07
 2.65769e-07
 2.39456e-07
 2.16873e-07
 1.97346e-07
 1.80347e-07
 1.65457e-07
 1.52339e-07
 1.40724e-07
 1.30390e-07
 1.50465e-06
 1.18223e-06
 9.54077e-07
 7.86454e-07
 6.59579e-07
 5.61185e-07
 4.83314e-07
 4.20619e-07
 3.69389e-07
 3.26986e-07
 2.91491e-07
 2.61479e-07
 2.35875e-07
 2.13857e-07
 1.94784e-07
 1.78153e-07
 1.63565e-07
 1.50698e-07
 1.39292e-07
 1.29133e-07
 1.36180e-06
 1.08898e-06
 8.90420e-07
 7.41407e-07
 6.26738e-07
 5.36632e-07
 4.64560e-07
 4.06024e-07
 3.57844e-07
 3.17722e-07
 2.83961e-07
 2.55289e-07
 2.30734e-07
 2.09547e-07
 1.91140e-07
 1.75049e-07
 1.60901e-07
 1.48398e-07
 1.37293e-07
 1.27387e-07
 1.19539e-06
 9.77462e-07
 8.12858e-07
 6.85769e-07
 5.85771e-07
 5.05783e-07
 4.40873e-07
 3.87523e-07
 3.43174e-07
 3.05932e-07
 2.74371e-07
 2.47402e-07
 2.24184e-07
 2.04059e-07
 1.86504e-07
 1.71103e-07
 1.57520e-07
 1.45482e-07
 1.34763e-07
 1.25180e-07
 1.02401e-06
 8.58704e-07
 7.28145e-07
 6.23813e-07
 5.39459e-07
 4.70496e-07
 4.13525e-07
 3.66003e-07
 3.26009e-07
 2.92072e-07
 2.63055e-07
 2.38070e-07
 2.16417e-07
 1.97539e-07
 1.80989e-07
 1.66405e-07
 1.53491e-07
 1.42006e-07
 1.31748e-07
 1.22550e-07
 8.61495e-07
 7.41757e-07
 6.42249e-07
 5.59525e-07
 4.90512e-07
 4.32641e-07
 3.83829e-07
 3.42405e-07
 3.07032e-07
 2.76645e-07
 2.50388e-07
 2.27574e-07
 2.07647e-07
 1.90154e-07
 1.74726e-07
 1.61057e-07
 1.48897e-07
 1.38036e-07
 1.28299e-07
 1.19540e-07
 7.16013e-07
 6.32856e-07
 5.59718e-07
 4.96179e-07
 4.41279e-07
 3.93917e-07
 3.53023e-07
 3.17635e-07
 2.86916e-07
 2.60156e-07
 2.36754e-07
 2.16210e-07
 1.98102e-07
 1.82082e-07
 1.67853e-07
 1.55170e-07
 1.43826e-07
 1.33644e-07
 1.24476e-07
 1.16195e-07
 5.90876e-07
 5.35460e-07
 4.83522e-07
 4.36145e-07
 3.93598e-07
 3.55727e-07
 3.22175e-07
 2.92509e-07
 2.66285e-07
 2.43085e-07
 2.22525e-07
 2.04266e-07
 1.88011e-07
 1.73501e-07
 1.60515e-07
 1.48860e-07
 1.38370e-07
 1.28904e-07
 1.20339e-07
 1.12569e-07
 4.86088e-07
 4.50822e-07
 4.15220e-07
 3.80909e-07
 3.48751e-07
 3.19128e-07
 2.92136e-07
 2.67705e-07
 2.45678e-07
 2.25859e-07
 2.08039e-07
 1.92012e-07
 1.77587e-07
 1.64586e-07
 1.52851e-07
 1.42238e-07
 1.32623e-07
 1.23893e-07
 1.15951e-07
 1.08711e-07
 3.99825e-07
 3.78722e-07
 3.55299e-07
 3.31211e-07
 3.07514e-07
 2.84840e-07
 2.63535e-07
 2.43754e-07
 2.25534e-07
 2.08839e-07
 1.93591e-07
 1.79690e-07
 1.67029e-07
 1.55498e-07
 1.44994e-07
 1.35416e-07
 1.26674e-07
 1.18685e-07
 1.11375e-07
 1.04675e-07
