scalar
part
         1
quad4
 6.57293e-07
 6.01025e-07
 5.46620e-07
 4.95729e-07
 4.49114e-07
 4.06983e-07
 3.69215e-07
 3.35522e-07
 3.05538e-07
 2.78876e-07
 2.55161e-07
 2.34044e-07
 2.15211e-07
 1.98381e-07
 1.83307e-07
 1.69776e-07
 1.57599e-07
 1.46614e-07
 1.36680e-07
 1.27674e-07
 7.72718e-07
 6.93137e-07
 6.19830e-07
 5.53905e-07
 4.95455e-07
 4.44046e-07
 3.99010e-07
 3.59611e-07
 3.25129e-07
 2.94906e-07
 2.68356e-07
 2.44969e-07
 2.24307e-07
 2.05996e-07
 1.89716e-07
 1.75196e-07
 1.62204e-07
 1.50544e-07
 1.40048e-07
 1.30573e-07
 9.07772e-07
 7.96903e-07
 6.99624e-07
 6.15526e-07
 5.43341e-07
 4.81533e-07
 4.28589e-07
 3.83136e-07
 3.43988e-07
 3.10140e-07
 2.80753e-07
 2.55128e-07
 2.32687e-07
 2.12951e-07
 1.95522e-07
 1.80070e-07
 1.66317e-07
 1.54031e-07
 1.43018e-07
 1.33113e-07
 1.06190e-06
 9.10405e-07
 7.83825e-07
 6.78605e-07
 5.91111e-07
 5.18113e-07
 4.56906e-07
 4.05287e-07
 3.61487e-07
 3.24093e-07
 2.91974e-07
 2.64225e-07
 2.40118e-07
 2.19063e-07
 2.00582e-07
 1.84283e-07
 1.69845e-07
 1.57001e-07
 1.45530e-07
 1.35247e-07
 1.23090e-06
 1.02919e-06
 8.68645e-07
 7.40170e-07
 6.36516e-07
 5.52108e-07
 4.82717e-07
 4.25138e-07
 3.76935e-07
 3.36245e-07
 3.01627e-07
 2.71963e-07
 2.46371e-07
 2.24154e-07
 2.04756e-07
 1.87726e-07
 1.72702e-07
 1.59384e-07
 1.47528e-07
 1.36929e-07
 1.40483e-06
 1.14554e-06
 9.48497e-07
 7.96285e-07
 6.76800e-07
 5.81584e-07
 5.04653e-07
 4.41710e-07
 3.89624e-07
 3.46078e-07
 3.09329e-07
 2.78053e-07
 2.51229e-07
 2.28059e-07
 2.07917e-07
 1.90301e-07
 1.74811e-07
 1.61120e-07
 1.48963e-07
 1.38121e-07
 1.56664e-06
 1.24838e-06
 1.01627e-06
 8.42350e-07
 7.08945e-07
 6.04524e-07
 5.21341e-07
 4.54054e-07
 3.98887e-07
 3.53115e-07
 3.14733e-07
 2.82243e-07
 2.54503e-07
 2.30636e-07
 2.09957e-07
 1.91924e-07
 1.76107e-07
 1.62159e-07
 1.49797e-07
 1.38791e-07
 1.69317e-06
 1.32456e-06
 1.06428e-06
 8.73733e-07
 7.30068e-07
 6.19082e-07
 5.31570e-07
 4.61354e-07
 4.04162e-07
 3.56964e-07
 3.17562e-07
 2.84331e-07
 2.56047e-07
 2.31776e-07
 2.10794e-07
 1.92534e-07
 1.76544e-07
 1.62463e-07
 1.50000e-07
 1.38917e-07
 1.76045e-06
 1.36184e-06
 1.08591e-06
 8.86658e-07
 7.37922e-07
 6.23872e-07
 5.34457e-07
 4.63033e-07
 4.05064e-07
 3.57361e-07
 3.17630e-07
 2.84186e-07
 2.55766e-07
 2.31410e-07
 2.10379e-07
 1.92092e-07
 1.76092e-07
 1.62012e-07
 1.49557e-07
 1.38486e-07
 1.75260e-06
 1.35282e-06
 1.07739e-06
 8.79097e-07
 7.31357e-07
 6.18215e-07
 5.29587e-07
 4.58832e-07
 4.01427e-07
 3.54199e-07
 3.14868e-07
 2.81762e-07
 2.53629e-07
 2.29518e-07
 2.08696e-07
 1.90590e-07
 1.74746e-07
 1.60802e-07
 1.48465e-07
 1.37498e-07
 1.66927e-06
 1.29770e-06
 1.03903e-06
 8.51313e-07
 7.10589e-07
 6.02282e-07
 5.17095e-07
 4.48857e-07
 3.93335e-07
 3.47543e-07
 3.09328e-07
 2.77101e-07
 2.49670e-07
 2.26128e-07
 2.05771e-07
 1.88048e-07
 1.72523e-07
 1.58846e-07
 1.46736e-07
 1.35961e-07
 1.52576e-06
 1.20424e-06
 9.75085e-07
 8.05817e-07
 6.77168e-07
 5.77073e-07
 4.97650e-07
 4.33568e-07
 3.81112e-07
 3.37629e-07
 3.01183e-07
 2.70333e-07
 2.43990e-07
 2.21316e-07
 2.01661e-07
 1.84511e-07
 1.69459e-07
 1.56176e-07
 1.44394e-07
 1.33897e-07
 1.34582e-06
 1.08492e-06
 8.92568e-07
 7.46759e-07
 6.33671e-07
 5.44249e-07
 4.72357e-07
 4.13721e-07
 3.65290e-07
 3.24838e-07
 2.90713e-07
 2.61667e-07
 2.36744e-07
 2.15203e-07
 1.96461e-07
 1.80055e-07
 1.65614e-07
 1.52836e-07
 1.41478e-07
 1.31336e-07
 1.15305e-06
 9.53137e-07
 7.99423e-07
 6.79037e-07
 5.83221e-07
 5.05862e-07
 4.42604e-07
 3.90279e-07
 3.46550e-07
 3.09661e-07
 2.78277e-07
 2.51369e-07
 2.28136e-07
 2.07944e-07
 1.90292e-07
 1.74773e-07
 1.61061e-07
 1.48889e-07
 1.38035e-07
 1.28317e-07
 9.65789e-07
 8.20412e-07
 7.02999e-07
 6.07433e-07
 5.28997e-07
 4.64073e-07
 4.09886e-07
 3.64297e-07
 3.25650e-07
 2.92652e-07
 2.64287e-07
 2.39751e-07
 2.18401e-07
 1.99722e-07
 1.83294e-07
 1.68777e-07
 1.55891e-07
 1.44404e-07
 1.34123e-07
 1.24888e-07
 7.95609e-07
 6.95061e-07
 6.09121e-07
 5.36010e-07
 4.73847e-07
 4.20897e-07
 3.75648e-07
 3.36823e-07
 3.03360e-07
 2.74384e-07
 2.49174e-07
 2.27140e-07
 2.07793e-07
 1.90732e-07
 1.75623e-07
 1.62190e-07
 1.50200e-07
 1.39460e-07
 1.29806e-07
 1.21100e-07
 6.48068e-07
 5.82053e-07
 5.21767e-07
 4.67813e-07
 4.20060e-07
 3.78044e-07
 3.41167e-07
 3.08815e-07
 2.80404e-07
 2.55408e-07
 2.33362e-07
 2.13864e-07
 1.96567e-07
 1.81177e-07
 1.67439e-07
 1.55139e-07
 1.44092e-07
 1.34142e-07
 1.25153e-07
 1.17010e-07
 5.24309e-07
 4.83563e-07
 4.43191e-07
 4.04831e-07
 3.69279e-07
 3.36828e-07
 3.07480e-07
 2.81086e-07
 2.57418e-07
 2.36222e-07
 2.17241e-07
 2.00232e-07
 1.84969e-07
 1.71252e-07
 1.58899e-07
 1.47752e-07
 1.37670e-07
 1.28533e-07
 1.20233e-07
 1.12676e-07
 4.22791e-07
 3.99784e-07
 3.74268e-07
 3.48130e-07
 3.22538e-07
 2.98165e-07
 2.75363e-07
 2.54277e-07
 2.34925e-07
 2.17251e-07
 2.01156e-07
 1.86522e-07
 1.73225e-07
 1.61141e-07
 1.50152e-07
 1.40151e-07
 1.31036e-07
 1.22718e-07
 1.15115e-07
 1.08154e-07
 3.40696e-07
 3.29709e-07
 3.14917e-07
 2.98062e-07
 2.80356e-07
 2.62610e-07
 2.45338e-07
 2.28854e-07
 2.13328e-07
 1.98836e-07
 1.85392e-07
 1.72973e-07
 1.61531e-07
 1.51008e-07
 1.41336e-07
 1.32450e-07
 1.24283e-07
 1.16775e-07
 1.09865e-07
 1.03502e-07
