scalar
part
         1
quad4
 3.86734e-07
 3.68173e-07
 3.46976e-07
 3.24779e-07
 3.02653e-07
 2.81264e-07
 2.60995e-07
 2.42043e-07
 2.24481e-07
 2.08304e-07
 1.93463e-07
 1.79879e-07
 1.67462e-07
 1.56119e-07
 1.45757e-07
 1.36285e-07
 1.27621e-07
 1.19687e-07
 1.12414e-07
 1.05736e-07
 4.72274e-07
 4.40120e-07
 4.07141e-07
 3.74975e-07
 3.44534e-07
 3.16266e-07
 2.90329e-07
 2.66713e-07
 2.45311e-07
 2.25967e-07
 2.08506e-07
 1.92747e-07
 1.78520e-07
 1.65662e-07
 1.54028e-07
 1.43483e-07
 1.33911e-07
 1.25204e-07
 1.17271e-07
 1.10029e-07
 5.76632e-07
 5.25006e-07
 4.76110e-07
 4.31105e-07
 3.90375e-07
 3.53874e-07
 3.21345e-07
 2.92435e-07
 2.66766e-07
 2.43966e-07
 2.23691e-07
 2.05631e-07
 1.89510e-07
 1.75086e-07
 1.62148e-07
 1.50515e-07
 1.40027e-07
 1.30548e-07
 1.21959e-07
 1.14158e-07
 7.01953e-07
 6.23327e-07
 5.53606e-07
 4.92581e-07
 4.39500e-07
 3.93436e-07
 3.53457e-07
 3.18705e-07
 2.88420e-07
 2.61947e-07
 2.38728e-07
 2.18290e-07
 2.00235e-07
 1.84227e-07
 1.69985e-07
 1.57269e-07
 1.45878e-07
 1.35641e-07
 1.26413e-07
 1.18069e-07
 8.48784e-07
 7.34236e-07
 6.38346e-07
 5.58091e-07
 4.90734e-07
 4.33955e-07
 3.85847e-07
 3.44859e-07
 3.09741e-07
 2.79484e-07
 2.53274e-07
 2.30450e-07
 2.10474e-07
 1.92909e-07
 1.77393e-07
 1.63628e-07
 1.51368e-07
 1.40405e-07
 1.30568e-07
 1.21710e-07
 1.01468e-06
 8.54821e-07
 7.27678e-07
 6.25439e-07
 5.42331e-07
 4.74073e-07
 4.17464e-07
 3.70089e-07
 3.30104e-07
 2.96092e-07
 2.66951e-07
 2.41813e-07
 2.19994e-07
 2.00944e-07
 1.84223e-07
 1.69473e-07
 1.56399e-07
 1.44761e-07
 1.34358e-07
 1.25025e-07
 1.19267e-06
 9.79465e-07
 8.17353e-07
 6.91486e-07
 5.91990e-07
 5.12100e-07
 4.47063e-07
 3.93467e-07
 3.48814e-07
 3.11247e-07
 2.79358e-07
 2.52073e-07
 2.28554e-07
 2.08146e-07
 1.90328e-07
 1.74684e-07
 1.60876e-07
 1.48631e-07
 1.37722e-07
 1.27964e-07
 1.37019e-06
 1.09960e-06
 9.01555e-07
 7.52260e-07
 6.36967e-07
 5.46115e-07
 4.73279e-07
 4.14012e-07
 3.65155e-07
 3.24416e-07
 2.90099e-07
 2.60926e-07
 2.35923e-07
 2.14334e-07
 1.95566e-07
 1.79151e-07
 1.64712e-07
 1.51945e-07
 1.40603e-07
 1.30481e-07
 1.52923e-06
 1.20421e-06
 9.73369e-07
 8.03312e-07
 6.74329e-07
 5.74140e-07
 4.94750e-07
 4.30766e-07
 3.78441e-07
 3.35103e-07
 2.98804e-07
 2.68098e-07
 2.41892e-07
 2.19348e-07
 1.99814e-07
 1.82777e-07
 1.67828e-07
 1.54641e-07
 1.42949e-07
 1.32534e-07
 1.64852e-06
 1.28130e-06
 1.02573e-06
 8.40312e-07
 7.01327e-07
 5.94374e-07
 5.10263e-07
 4.42894e-07
 3.88084e-07
 3.42883e-07
 3.05164e-07
 2.73358e-07
 2.46288e-07
 2.23056e-07
 2.02968e-07
 1.85480e-07
 1.70162e-07
 1.56668e-07
 1.44720e-07
 1.34090e-07
 1.70830e-06
 1.32052e-06
 1.05283e-06
 8.59815e-07
 7.15828e-07
 6.05448e-07
 5.18910e-07
 4.49775e-07
 3.93648e-07
 3.47447e-07
 3.08954e-07
 2.76539e-07
 2.48984e-07
 2.25360e-07
 2.04953e-07
 1.87203e-07
 1.71666e-07
 1.57990e-07
 1.45887e-07
 1.35126e-07
 1.69721e-06
 1.31613e-06
 1.05154e-06
 8.59999e-07
 7.16714e-07
 6.06644e-07
 5.20214e-07
 4.51081e-07
 3.94905e-07
 3.48629e-07
 3.10050e-07
 2.77549e-07
 2.49910e-07
 2.26208e-07
 2.05729e-07
 1.87912e-07
 1.72316e-07
 1.58585e-07
 1.46433e-07
 1.35627e-07
 1.61772e-06
 1.26921e-06
 1.02235e-06
 8.41112e-07
 7.04108e-07
 5.98022e-07
 5.14201e-07
 4.46823e-07
 3.91854e-07
 3.46423e-07
 3.08448e-07
 2.76382e-07
 2.49061e-07
 2.25594e-07
 2.05289e-07
 1.87603e-07
 1.72105e-07
 1.58448e-07
 1.46353e-07
 1.35590e-07
 1.48563e-06
 1.18745e-06
 9.69346e-07
 8.05436e-07
 6.79353e-07
 5.80405e-07
 5.01393e-07
 4.37340e-07
 3.84722e-07
 3.40986e-07
 3.04253e-07
 2.73112e-07
 2.46489e-07
 2.23555e-07
 2.03661e-07
 1.86296e-07
 1.71049e-07
 1.57593e-07
 1.45657e-07
 1.35021e-07
 1.32348e-06
 1.08260e-06
 8.98998e-07
 7.56742e-07
 6.44741e-07
 5.55235e-07
 4.82727e-07
 4.23257e-07
 3.73935e-07
 3.32614e-07
 2.97678e-07
 2.67893e-07
 2.42307e-07
 2.20175e-07
 2.00908e-07
 1.84038e-07
 1.69186e-07
 1.56045e-07
 1.44365e-07
 1.33939e-07
 1.15268e-06
 9.66922e-07
 8.18578e-07
 6.99476e-07
 6.03076e-07
 5.24334e-07
 4.59414e-07
 4.05400e-07
 3.60069e-07
 3.21714e-07
 2.89014e-07
 2.60938e-07
 2.36672e-07
 2.15572e-07
 1.97120e-07
 1.80898e-07
 1.66567e-07
 1.53848e-07
 1.42512e-07
 1.32368e-07
 9.88776e-07
 8.50613e-07
 7.34689e-07
 6.37953e-07
 5.57220e-07
 4.89634e-07
 4.32784e-07
 3.84697e-07
 3.43782e-07
 3.08761e-07
 2.78610e-07
 2.52505e-07
 2.29779e-07
 2.09894e-07
 1.92409e-07
 1.76964e-07
 1.63262e-07
 1.51056e-07
 1.40140e-07
 1.30343e-07
 8.40606e-07
 7.40647e-07
 6.52434e-07
 5.75802e-07
 5.09740e-07
 4.52954e-07
 4.04135e-07
 3.62086e-07
 3.25760e-07
 2.94262e-07
 2.66844e-07
 2.42879e-07
 2.21844e-07
 2.03307e-07
 1.86906e-07
 1.72338e-07
 1.59350e-07
 1.47731e-07
 1.37300e-07
 1.27905e-07
 7.11692e-07
 6.40922e-07
 5.75200e-07
 5.15717e-07
 4.62696e-07
 4.15844e-07
 3.74630e-07
 3.38439e-07
 3.06657e-07
 2.78713e-07
 2.54094e-07
 2.32350e-07
 2.13093e-07
 1.95987e-07
 1.80747e-07
 1.67127e-07
 1.54919e-07
 1.43943e-07
 1.34047e-07
 1.25100e-07
 6.02182e-07
 5.52984e-07
 5.04859e-07
 4.59453e-07
 4.17580e-07
 3.79517e-07
 3.45229e-07
 3.14508e-07
 2.87062e-07
 2.62571e-07
 2.40717e-07
 2.21200e-07
 2.03747e-07
 1.88110e-07
 1.74073e-07
 1.61445e-07
 1.50058e-07
 1.39766e-07
 1.30443e-07
 1.21977e-07
