scalar
part
         1
quad4
 4.97415e-07
 4.63302e-07
 4.28347e-07
 3.94240e-07
 3.61947e-07
 3.31955e-07
 3.04444e-07
 2.79407e-07
 2.56732e-07
 2.36255e-07
 2.17786e-07
 2.01134e-07
 1.86114e-07
 1.72553e-07
 1.60293e-07
 1.49193e-07
 1.39124e-07
 1.29975e-07
 1.21646e-07
 1.14048e-07
 5.95987e-07
 5.44045e-07
 4.94195e-07
 4.47902e-07
 4.05756e-07
 3.67841e-07
 3.33968e-07
 3.03817e-07
 2.77021e-07
 2.53210e-07
 2.32032e-07
 2.13168e-07
 1.96332e-07
 1.81273e-07
 1.67771e-07
 1.55636e-07
 1.44701e-07
 1.34822e-07
 1.25876e-07
 1.17754e-07
 7.13953e-07
 6.37300e-07
 5.67957e-07
 5.06462e-07
 4.52505e-07
 4.05405e-07
 3.64364e-07
 3.28591e-07
 2.97357e-07
 2.70020e-07
 2.46022e-07
 2.24886e-07
 2.06209e-07
 1.89647e-07
 1.74910e-07
 1.61754e-07
 1.49971e-07
 1.39384e-07
 1.29842e-07
 1.21217e-07
 8.52307e-07
 7.42500e-07
 6.48514e-07
 5.68707e-07
 5.01078e-07
 4.43692e-07
 3.94844e-07
 3.53088e-07
 3.17226e-07
 2.86274e-07
 2.59427e-07
 2.36026e-07
 2.15533e-07
 1.97503e-07
 1.81572e-07
 1.67436e-07
 1.54844e-07
 1.43585e-07
 1.33481e-07
 1.24384e-07
 1.00947e-06
 8.57170e-07
 7.33443e-07
 6.32572e-07
 5.49813e-07
 4.81400e-07
 4.24398e-07
 3.76530e-07
 3.36026e-07
 3.01506e-07
 2.71884e-07
 2.46303e-07
 2.24080e-07
 2.04665e-07
 1.87614e-07
 1.72567e-07
 1.59227e-07
 1.47350e-07
 1.36733e-07
 1.27207e-07
 1.17952e-06
 9.76169e-07
 8.18739e-07
 6.95062e-07
 5.96504e-07
 5.16907e-07
 4.51831e-07
 3.98030e-07
 3.53094e-07
 3.15215e-07
 2.83013e-07
 2.55425e-07
 2.31623e-07
 2.10954e-07
 1.92898e-07
 1.77037e-07
 1.63033e-07
 1.50610e-07
 1.39541e-07
 1.29637e-07
 1.35073e-06
 1.09130e-06
 8.98809e-07
 7.52357e-07
 6.38517e-07
 5.48375e-07
 4.75841e-07
 4.16652e-07
 3.67749e-07
 3.26898e-07
 2.92437e-07
 2.63107e-07
 2.37947e-07
 2.16204e-07
 1.97292e-07
 1.80742e-07
 1.66179e-07
 1.53297e-07
 1.41850e-07
 1.31633e-07
 1.50541e-06
 1.19183e-06
 9.66957e-07
 8.00175e-07
 6.73043e-07
 5.73916e-07
 4.95133e-07
 4.31489e-07
 3.79343e-07
 3.36087e-07
 2.99812e-07
 2.69094e-07
 2.42855e-07
 2.20267e-07
 2.00683e-07
 1.83594e-07
 1.68595e-07
 1.55357e-07
 1.43617e-07
 1.33157e-07
 1.62271e-06
 1.26613e-06
 1.01640e-06
 8.34378e-07
 6.97467e-07
 5.91823e-07
 5.08562e-07
 4.41757e-07
 3.87328e-07
 3.42389e-07
 3.04852e-07
 2.73172e-07
 2.46191e-07
 2.23022e-07
 2.02978e-07
 1.85521e-07
 1.70225e-07
 1.56746e-07
 1.44807e-07
 1.34182e-07
 1.68398e-06
 1.30443e-06
 1.04164e-06
 8.51715e-07
 7.09778e-07
 6.00812e-07
 5.15280e-07
 4.46879e-07
 3.91302e-07
 3.45520e-07
 3.07352e-07
 2.75194e-07
 2.47843e-07
 2.24385e-07
 2.04113e-07
 1.86474e-07
 1.71030e-07
 1.57431e-07
 1.45394e-07
 1.34688e-07
 1.67886e-06
 1.30140e-06
 1.03974e-06
 8.50466e-07
 7.08929e-07
 6.00215e-07
 5.14850e-07
 4.46562e-07
 3.91064e-07
 3.45339e-07
 3.07212e-07
 2.75083e-07
 2.47755e-07
 2.24314e-07
 2.04056e-07
 1.86427e-07
 1.70991e-07
 1.57399e-07
 1.45367e-07
 1.34666e-07
 1.60868e-06
 1.25766e-06
 1.01102e-06
 8.30811e-07
 6.95020e-07
 5.90096e-07
 5.07311e-07
 4.40832e-07
 3.86631e-07
 3.41855e-07
 3.04437e-07
 2.72846e-07
 2.45931e-07
 2.22813e-07
 2.02808e-07
 1.85382e-07
 1.70110e-07
 1.56650e-07
 1.44727e-07
 1.34115e-07
 1.48580e-06
 1.17956e-06
 9.58956e-07
 7.94770e-07
 6.69281e-07
 5.71228e-07
 4.93169e-07
 4.30026e-07
 3.78234e-07
 3.35233e-07
 2.99145e-07
 2.68567e-07
 2.42435e-07
 2.19928e-07
 2.00407e-07
 1.83368e-07
 1.68407e-07
 1.55201e-07
 1.43487e-07
 1.33047e-07
 1.32927e-06
 1.07723e-06
 8.89304e-07
 7.45763e-07
 6.33831e-07
 5.44972e-07
 4.73323e-07
 4.14755e-07
 3.66298e-07
 3.25773e-07
 2.91553e-07
 2.62406e-07
 2.37384e-07
 2.15749e-07
 1.96920e-07
 1.80436e-07
 1.65925e-07
 1.53085e-07
 1.41672e-07
 1.31482e-07
 1.15911e-06
 9.62037e-07
 8.08795e-07
 6.87941e-07
 5.91314e-07
 5.13063e-07
 4.48939e-07
 3.95822e-07
 3.51386e-07
 3.13878e-07
 2.81955e-07
 2.54579e-07
 2.30941e-07
 2.10399e-07
 1.92442e-07
 1.76660e-07
 1.62720e-07
 1.50348e-07
 1.39320e-07
 1.29450e-07
 9.91675e-07
 8.44157e-07
 7.23879e-07
 6.25481e-07
 5.44499e-07
 4.77373e-07
 4.21311e-07
 3.74137e-07
 3.34151e-07
 3.00022e-07
 2.70699e-07
 2.45348e-07
 2.23303e-07
 2.04029e-07
 1.87090e-07
 1.72132e-07
 1.58864e-07
 1.47045e-07
 1.36476e-07
 1.26988e-07
 8.37665e-07
 7.31202e-07
 6.39841e-07
 5.62044e-07
 4.95936e-07
 4.39700e-07
 3.91721e-07
 3.50626e-07
 3.15269e-07
 2.84706e-07
 2.58161e-07
 2.34997e-07
 2.14689e-07
 1.96808e-07
 1.80995e-07
 1.66955e-07
 1.54440e-07
 1.43244e-07
 1.33192e-07
 1.24138e-07
 7.02338e-07
 6.27879e-07
 5.60416e-07
 5.00462e-07
 4.47736e-07
 4.01609e-07
 3.61331e-07
 3.26156e-07
 2.95392e-07
 2.68425e-07
 2.44719e-07
 2.23816e-07
 2.05325e-07
 1.88912e-07
 1.74297e-07
 1.61239e-07
 1.49537e-07
 1.39015e-07
 1.29528e-07
 1.20949e-07
 5.86987e-07
 5.36405e-07
 4.87834e-07
 4.42667e-07
 4.01474e-07
 3.64347e-07
 3.31116e-07
 3.01485e-07
 2.75109e-07
 2.51636e-07
 2.30731e-07
 2.12088e-07
 1.95431e-07
 1.80519e-07
 1.67137e-07
 1.55100e-07
 1.44245e-07
 1.34434e-07
 1.25544e-07
 1.17469e-07
 4.90543e-07
 4.57222e-07
 4.23098e-07
 3.89780e-07
 3.58196e-07
 3.28820e-07
 3.01830e-07
 2.77230e-07
 2.54918e-07
 2.34740e-07
 2.16518e-07
 2.00070e-07
 1.85218e-07
 1.71796e-07
 1.59651e-07
 1.48647e-07
 1.38658e-07
 1.29576e-07
 1.21302e-07
 1.13752e-07
