scalar
part
         1
quad4
 4.23252e-07
 3.99416e-07
 3.73618e-07
 3.47477e-07
 3.22007e-07
 2.97802e-07
 2.75169e-07
 2.54235e-07
 2.35009e-07
 2.17433e-07
 2.01411e-07
 1.86829e-07
 1.73564e-07
 1.61499e-07
 1.50517e-07
 1.40514e-07
 1.31391e-07
 1.23060e-07
 1.15441e-07
 1.08462e-07
 5.12541e-07
 4.73821e-07
 4.35310e-07
 3.98548e-07
 3.64319e-07
 3.32937e-07
 3.04443e-07
 2.78723e-07
 2.55584e-07
 2.34800e-07
 2.16140e-07
 1.99380e-07
 1.84309e-07
 1.70740e-07
 1.58500e-07
 1.47440e-07
 1.37425e-07
 1.28338e-07
 1.20075e-07
 1.12546e-07
 6.20636e-07
 5.60905e-07
 5.05447e-07
 4.55178e-07
 4.10236e-07
 3.70365e-07
 3.35129e-07
 3.04036e-07
 2.76594e-07
 2.52347e-07
 2.30883e-07
 2.11839e-07
 1.94898e-07
 1.79788e-07
 1.66272e-07
 1.54148e-07
 1.43243e-07
 1.33406e-07
 1.24509e-07
 1.16441e-07
 7.49290e-07
 6.60828e-07
 5.83494e-07
 5.16589e-07
 4.58956e-07
 4.09346e-07
 3.66585e-07
 3.29632e-07
 2.97590e-07
 2.69704e-07
 2.45337e-07
 2.23959e-07
 2.05130e-07
 1.88478e-07
 1.73697e-07
 1.60528e-07
 1.48753e-07
 1.38189e-07
 1.28680e-07
 1.20094e-07
 8.98390e-07
 7.72258e-07
 6.67836e-07
 5.81256e-07
 5.09164e-07
 4.48798e-07
 3.97939e-07
 3.54817e-07
 3.18022e-07
 2.86434e-07
 2.59156e-07
 2.35466e-07
 2.14783e-07
 1.96635e-07
 1.80634e-07
 1.66463e-07
 1.53860e-07
 1.42608e-07
 1.32522e-07
 1.23451e-07
 1.06450e-06
 8.91658e-07
 7.55449e-07
 6.46766e-07
 5.58992e-07
 4.87294e-07
 4.28104e-07
 3.78762e-07
 3.37256e-07
 3.02051e-07
 2.71962e-07
 2.46064e-07
 2.23628e-07
 2.04073e-07
 1.86935e-07
 1.71837e-07
 1.58472e-07
 1.46587e-07
 1.35975e-07
 1.26462e-07
 1.23936e-06
 1.01273e-06
 8.41736e-07
 7.09808e-07
 6.06060e-07
 5.23112e-07
 4.55826e-07
 4.00544e-07
 3.54604e-07
 3.16039e-07
 2.83366e-07
 2.55455e-07
 2.31432e-07
 2.10615e-07
 1.92460e-07
 1.76537e-07
 1.62496e-07
 1.50054e-07
 1.38979e-07
 1.29079e-07
 1.40913e-06
 1.12638e-06
 9.20681e-07
 7.66351e-07
 6.47622e-07
 5.54352e-07
 4.79769e-07
 4.19209e-07
 3.69376e-07
 3.27888e-07
 2.92986e-07
 2.63351e-07
 2.37978e-07
 2.16089e-07
 1.97076e-07
 1.80459e-07
 1.65851e-07
 1.52943e-07
 1.41481e-07
 1.31257e-07
 1.55519e-06
 1.22153e-06
 9.85461e-07
 8.12067e-07
 6.80858e-07
 5.79129e-07
 4.98641e-07
 4.33855e-07
 3.80930e-07
 3.37135e-07
 3.00483e-07
 2.69499e-07
 2.43072e-07
 2.20349e-07
 2.00670e-07
 1.83514e-07
 1.68467e-07
 1.55197e-07
 1.43435e-07
 1.32961e-07
 1.65717e-06
 1.28687e-06
 1.02950e-06
 8.42959e-07
 7.03246e-07
 5.95800e-07
 5.11344e-07
 4.43728e-07
 3.88736e-07
 3.43400e-07
 3.05578e-07
 2.73692e-07
 2.46559e-07
 2.23278e-07
 2.03151e-07
 1.85631e-07
 1.70287e-07
 1.56773e-07
 1.44807e-07
 1.34162e-07
 1.69795e-06
 1.31348e-06
 1.04781e-06
 8.56083e-07
 7.12971e-07
 6.03204e-07
 5.17111e-07
 4.48306e-07
 3.92430e-07
 3.46424e-07
 3.08085e-07
 2.75793e-07
 2.48338e-07
 2.24796e-07
 2.04457e-07
 1.86764e-07
 1.71275e-07
 1.57640e-07
 1.45572e-07
 1.34841e-07
 1.66962e-06
 1.29739e-06
 1.03822e-06
 8.50188e-07
 7.09268e-07
 6.00853e-07
 5.15616e-07
 4.47367e-07
 3.91858e-07
 3.46096e-07
 3.07921e-07
 2.75741e-07
 2.48360e-07
 2.24868e-07
 2.04562e-07
 1.86889e-07
 1.71413e-07
 1.57784e-07
 1.45719e-07
 1.34988e-07
 1.57730e-06
 1.24112e-06
 1.00209e-06
 8.26023e-07
 6.92577e-07
 5.89013e-07
 5.07029e-07
 4.41019e-07
 3.87089e-07
 3.42462e-07
 3.05119e-07
 2.73556e-07
 2.46641e-07
 2.23504e-07
 2.03472e-07
 1.86013e-07
 1.70705e-07
 1.57209e-07
 1.45250e-07
 1.34604e-07
 1.43765e-06
 1.15302e-06
 9.43924e-07
 7.86192e-07
 6.64465e-07
 5.68665e-07
 4.91980e-07
 4.29682e-07
 3.78408e-07
 3.35722e-07
 2.99817e-07
 2.69340e-07
 2.43254e-07
 2.20759e-07
 2.01228e-07
 1.84165e-07
 1.69173e-07
 1.55931e-07
 1.44178e-07
 1.33700e-07
 1.27258e-06
 1.04475e-06
 8.70305e-07
 7.34582e-07
 6.27329e-07
 5.41339e-07
 4.71478e-07
 4.14034e-07
 3.66286e-07
 3.26203e-07
 2.92254e-07
 2.63265e-07
 2.38327e-07
 2.16728e-07
 1.97903e-07
 1.81402e-07
 1.66862e-07
 1.53985e-07
 1.42531e-07
 1.32298e-07
 1.10220e-06
 9.28047e-07
 7.88287e-07
 6.75570e-07
 5.83968e-07
 5.08873e-07
 4.46758e-07
 3.94928e-07
 3.51319e-07
 3.14335e-07
 2.82739e-07
 2.55560e-07
 2.32031e-07
 2.11540e-07
 1.93595e-07
 1.77800e-07
 1.63830e-07
 1.51418e-07
 1.40345e-07
 1.30427e-07
 9.40733e-07
 8.12402e-07
 7.04116e-07
 6.13296e-07
 5.37160e-07
 4.73164e-07
 4.19139e-07
 3.73294e-07
 3.34173e-07
 3.00601e-07
 2.71630e-07
 2.46492e-07
 2.24567e-07
 2.05348e-07
 1.88423e-07
 1.73451e-07
 1.60150e-07
 1.48287e-07
 1.37667e-07
 1.28124e-07
 7.96038e-07
 7.04163e-07
 6.22516e-07
 5.51168e-07
 4.89345e-07
 4.35961e-07
 3.89881e-07
 3.50049e-07
 3.15525e-07
 2.85505e-07
 2.59303e-07
 2.36347e-07
 2.16154e-07
 1.98324e-07
 1.82520e-07
 1.68460e-07
 1.55906e-07
 1.44659e-07
 1.34549e-07
 1.25433e-07
 6.70976e-07
 6.06740e-07
 5.46540e-07
 4.91660e-07
 4.42443e-07
 3.98726e-07
 3.60094e-07
 3.26032e-07
 2.96011e-07
 2.69530e-07
 2.46132e-07
 2.25413e-07
 2.07018e-07
 1.90643e-07
 1.76025e-07
 1.62936e-07
 1.51185e-07
 1.40604e-07
 1.31050e-07
 1.22400e-07
 5.65304e-07
 5.21345e-07
 4.77805e-07
 4.36341e-07
 3.97817e-07
 3.62583e-07
 3.30676e-07
 3.01955e-07
 2.76193e-07
 2.53120e-07
 2.32465e-07
 2.13965e-07
 1.97376e-07
 1.82479e-07
 1.69076e-07
 1.56994e-07
 1.46078e-07
 1.36196e-07
 1.27230e-07
 1.19076e-07
