scalar
part
         1
quad4
 5.44376e-07
 5.03452e-07
 4.62557e-07
 4.23360e-07
 3.86757e-07
 3.53139e-07
 3.22588e-07
 2.95003e-07
 2.70193e-07
 2.47921e-07
 2.27941e-07
 2.10011e-07
 1.93907e-07
 1.79422e-07
 1.66372e-07
 1.54592e-07
 1.43939e-07
 1.34283e-07
 1.25513e-07
 1.17530e-07
 6.47896e-07
 5.87441e-07
 5.30424e-07
 4.78186e-07
 4.31145e-07
 3.89215e-07
 3.52048e-07
 3.19191e-07
 2.90164e-07
 2.64506e-07
 2.41792e-07
 2.21645e-07
 2.03731e-07
 1.87762e-07
 1.73487e-07
 1.60693e-07
 1.49193e-07
 1.38828e-07
 1.29462e-07
 1.20975e-07
 7.70819e-07
 6.83614e-07
 6.05744e-07
 5.37422e-07
 4.78016e-07
 4.26564e-07
 3.82034e-07
 3.43451e-07
 3.09940e-07
 2.80745e-07
 2.55222e-07
 2.32826e-07
 2.13100e-07
 1.95661e-07
 1.80185e-07
 1.66403e-07
 1.54087e-07
 1.43043e-07
 1.33108e-07
 1.24143e-07
 9.13618e-07
 7.90958e-07
 6.87053e-07
 5.99609e-07
 5.26083e-07
 4.64116e-07
 4.11681e-07
 3.67092e-07
 3.28973e-07
 2.96207e-07
 2.67888e-07
 2.43284e-07
 2.21799e-07
 2.02946e-07
 1.86327e-07
 1.71611e-07
 1.58528e-07
 1.46851e-07
 1.36389e-07
 1.26983e-07
 1.07382e-06
 9.06349e-07
 7.71490e-07
 6.62399e-07
 5.73504e-07
 5.00457e-07
 4.39910e-07
 3.89295e-07
 3.46638e-07
 3.10410e-07
 2.79420e-07
 2.52732e-07
 2.29603e-07
 2.09441e-07
 1.91771e-07
 1.76206e-07
 1.62429e-07
 1.50181e-07
 1.39247e-07
 1.29449e-07
 1.24418e-06
 1.02381e-06
 8.54553e-07
 7.22508e-07
 6.17913e-07
 5.33878e-07
 4.65480e-07
 4.09151e-07
 3.62264e-07
 3.22855e-07
 2.89441e-07
 2.60880e-07
 2.36290e-07
 2.14975e-07
 1.96385e-07
 1.80079e-07
 1.65703e-07
 1.52965e-07
 1.41628e-07
 1.31495e-07
 1.41121e-06
 1.13424e-06
 9.30193e-07
 7.75897e-07
 6.56574e-07
 5.62498e-07
 4.87079e-07
 4.25728e-07
 3.75178e-07
 3.33050e-07
 2.97586e-07
 2.67458e-07
 2.41653e-07
 2.19387e-07
 2.00045e-07
 1.83137e-07
 1.68275e-07
 1.55143e-07
 1.43482e-07
 1.33083e-07
 1.55555e-06
 1.22620e-06
 9.91466e-07
 8.18216e-07
 6.86685e-07
 5.84465e-07
 5.03451e-07
 4.38158e-07
 3.84768e-07
 3.40556e-07
 3.03534e-07
 2.72227e-07
 2.45516e-07
 2.22544e-07
 2.02647e-07
 1.85299e-07
 1.70083e-07
 1.56665e-07
 1.44772e-07
 1.34181e-07
 1.65560e-06
 1.28808e-06
 1.03174e-06
 8.45503e-07
 7.05782e-07
 5.98195e-07
 5.13547e-07
 4.45728e-07
 3.90540e-07
 3.45022e-07
 3.07035e-07
 2.75003e-07
 2.47740e-07
 2.24343e-07
 2.04113e-07
 1.86504e-07
 1.71080e-07
 1.57495e-07
 1.45466e-07
 1.34766e-07
 1.69413e-06
 1.31105e-06
 1.04618e-06
 8.54952e-07
 7.12162e-07
 6.02612e-07
 5.16668e-07
 4.47970e-07
 3.92173e-07
 3.46224e-07
 3.07928e-07
 2.75670e-07
 2.48240e-07
 2.24719e-07
 2.04396e-07
 1.86715e-07
 1.71237e-07
 1.57609e-07
 1.45549e-07
 1.34823e-07
 1.66439e-06
 1.29175e-06
 1.03296e-06
 8.45517e-07
 7.05196e-07
 5.97326e-07
 5.12563e-07
 4.44720e-07
 3.89556e-07
 3.44086e-07
 3.06159e-07
 2.74190e-07
 2.46989e-07
 2.23653e-07
 2.03479e-07
 1.85922e-07
 1.70545e-07
 1.57003e-07
 1.45014e-07
 1.34349e-07
 1.57228e-06
 1.23311e-06
 9.93684e-07
 8.18119e-07
 6.85447e-07
 5.82694e-07
 5.01469e-07
 4.36137e-07
 3.82801e-07
 3.38688e-07
 3.01788e-07
 2.70607e-07
 2.44021e-07
 2.21169e-07
 2.01384e-07
 1.84139e-07
 1.69018e-07
 1.55686e-07
 1.43871e-07
 1.33352e-07
 1.43343e-06
 1.14327e-06
 9.32860e-07
 7.75413e-07
 6.54544e-07
 5.59756e-07
 4.84069e-07
 4.22687e-07
 3.72231e-07
 3.30260e-07
 2.94979e-07
 2.65042e-07
 2.39426e-07
 2.17338e-07
 1.98162e-07
 1.81409e-07
 1.66688e-07
 1.53683e-07
 1.42140e-07
 1.31846e-07
 1.26778e-06
 1.03314e-06
 8.56809e-07
 7.21216e-07
 6.14884e-07
 5.30068e-07
 4.61402e-07
 4.05080e-07
 3.58342e-07
 3.19155e-07
 2.85991e-07
 2.57687e-07
 2.33346e-07
 2.12268e-07
 1.93898e-07
 1.77796e-07
 1.63605e-07
 1.51036e-07
 1.39852e-07
 1.29859e-07
 1.09439e-06
 9.13903e-07
 7.72322e-07
 6.59801e-07
 5.69234e-07
 4.95468e-07
 4.34721e-07
 3.84185e-07
 3.41753e-07
 3.05820e-07
 2.75150e-07
 2.48784e-07
 2.25966e-07
 2.06098e-07
 1.88700e-07
 1.73384e-07
 1.59836e-07
 1.47796e-07
 1.37052e-07
 1.27425e-07
 9.27860e-07
 7.94973e-07
 6.85548e-07
 5.95240e-07
 5.20344e-07
 4.57846e-07
 4.05346e-07
 3.60944e-07
 3.23142e-07
 2.90752e-07
 2.62827e-07
 2.38612e-07
 2.17498e-07
 1.98993e-07
 1.82695e-07
 1.68274e-07
 1.55461e-07
 1.44028e-07
 1.33789e-07
 1.24586e-07
 7.77214e-07
 6.83060e-07
 6.01296e-07
 5.30954e-07
 4.70647e-07
 4.18947e-07
 3.74540e-07
 3.36281e-07
 3.03193e-07
 2.74462e-07
 2.49407e-07
 2.27465e-07
 2.08168e-07
 1.91128e-07
 1.76021e-07
 1.62576e-07
 1.50566e-07
 1.39802e-07
 1.30121e-07
 1.21387e-07
 6.46456e-07
 5.82063e-07
 5.22811e-07
 4.69484e-07
 4.22086e-07
 3.80241e-07
 3.43415e-07
 3.11035e-07
 2.82545e-07
 2.57440e-07
 2.35268e-07
 2.15637e-07
 1.98207e-07
 1.82685e-07
 1.68822e-07
 1.56403e-07
 1.45245e-07
 1.35192e-07
 1.26108e-07
 1.17878e-07
 5.36070e-07
 4.93594e-07
 4.51902e-07
 4.12484e-07
 3.76056e-07
 3.42862e-07
 3.12873e-07
 2.85920e-07
 2.61760e-07
 2.40128e-07
 2.20760e-07
 2.03405e-07
 1.87834e-07
 1.73841e-07
 1.61241e-07
 1.49872e-07
 1.39592e-07
 1.30276e-07
 1.21815e-07
 1.14113e-07
 4.44522e-07
 4.17680e-07
 3.89248e-07
 3.60839e-07
 3.33438e-07
 3.07600e-07
 2.83593e-07
 2.61502e-07
 2.41303e-07
 2.22906e-07
 2.06191e-07
 1.91020e-07
 1.77255e-07
 1.64761e-07
 1.53412e-07
 1.43093e-07
 1.33697e-07
 1.25128e-07
 1.17302e-07
 1.10143e-07
