scalar
part
         1
quad4
 6.16752e-07
 5.66268e-07
 5.16955e-07
 4.70454e-07
 4.27575e-07
 3.88595e-07
 3.53475e-07
 3.22002e-07
 2.93880e-07
 2.68782e-07
 2.46385e-07
 2.26381e-07
 2.08492e-07
 1.92465e-07
 1.78078e-07
 1.65136e-07
 1.53467e-07
 1.42920e-07
 1.33367e-07
 1.24694e-07
 7.27581e-07
 6.55320e-07
 5.88224e-07
 5.27479e-07
 4.73308e-07
 4.25417e-07
 3.83268e-07
 3.46241e-07
 3.13715e-07
 2.85110e-07
 2.59903e-07
 2.37639e-07
 2.17919e-07
 2.00401e-07
 1.84794e-07
 1.70846e-07
 1.58345e-07
 1.47107e-07
 1.36975e-07
 1.27816e-07
 8.57912e-07
 7.56244e-07
 6.66446e-07
 5.88359e-07
 5.20981e-07
 4.63015e-07
 4.13149e-07
 3.70175e-07
 3.33033e-07
 3.00820e-07
 2.72771e-07
 2.48252e-07
 2.26728e-07
 2.07760e-07
 1.90976e-07
 1.76069e-07
 1.62780e-07
 1.50891e-07
 1.40219e-07
 1.30608e-07
 1.00765e-06
 8.67524e-07
 7.49758e-07
 6.51335e-07
 5.69090e-07
 5.00168e-07
 4.42147e-07
 3.93040e-07
 3.51238e-07
 3.15446e-07
 2.84624e-07
 2.57933e-07
 2.34696e-07
 2.14362e-07
 1.96482e-07
 1.80689e-07
 1.66678e-07
 1.54198e-07
 1.43038e-07
 1.33023e-07
 1.17337e-06
 9.85315e-07
 8.34787e-07
 7.13705e-07
 6.15560e-07
 5.35305e-07
 4.69082e-07
 4.13950e-07
 3.67661e-07
 3.28483e-07
 2.95075e-07
 2.66387e-07
 2.41591e-07
 2.20028e-07
 2.01172e-07
 1.84596e-07
 1.69952e-07
 1.56957e-07
 1.45375e-07
 1.35012e-07
 1.34645e-06
 1.10270e-06
 9.16432e-07
 7.71819e-07
 6.57797e-07
 5.66582e-07
 4.92634e-07
 4.31952e-07
 3.81606e-07
 3.39417e-07
 3.03741e-07
 2.73324e-07
 2.47193e-07
 2.24590e-07
 2.04914e-07
 1.87687e-07
 1.72521e-07
 1.59104e-07
 1.47179e-07
 1.36535e-07
 1.51155e-06
 1.20952e-06
 9.88044e-07
 8.21304e-07
 6.92890e-07
 5.92029e-07
 5.11445e-07
 4.46095e-07
 3.92398e-07
 3.47760e-07
 3.10266e-07
 2.78480e-07
 2.51306e-07
 2.27897e-07
 2.07594e-07
 1.89872e-07
 1.74315e-07
 1.60584e-07
 1.48407e-07
 1.37557e-07
 1.64727e-06
 1.29336e-06
 1.04222e-06
 8.57617e-07
 7.17964e-07
 6.09777e-07
 5.24273e-07
 4.55533e-07
 3.99448e-07
 3.53095e-07
 3.14350e-07
 2.81637e-07
 2.53766e-07
 2.29829e-07
 2.09120e-07
 1.91083e-07
 1.75280e-07
 1.61355e-07
 1.49024e-07
 1.38052e-07
 1.73050e-06
 1.34209e-06
 1.07224e-06
 8.76837e-07
 7.30639e-07
 6.18331e-07
 5.30148e-07
 4.59620e-07
 4.02317e-07
 3.55120e-07
 3.15779e-07
 2.82640e-07
 2.54462e-07
 2.30302e-07
 2.09429e-07
 1.91272e-07
 1.75380e-07
 1.61390e-07
 1.49011e-07
 1.38003e-07
 1.74413e-06
 1.34739e-06
 1.07373e-06
 8.76519e-07
 7.29484e-07
 6.16817e-07
 5.28520e-07
 4.58002e-07
 4.00771e-07
 3.53673e-07
 3.14441e-07
 2.81412e-07
 2.53339e-07
 2.29276e-07
 2.08493e-07
 1.90418e-07
 1.74600e-07
 1.60677e-07
 1.48357e-07
 1.37404e-07
 1.68423e-06
 1.30757e-06
 1.04589e-06
 8.56286e-07
 7.14312e-07
 6.05146e-07
 5.19348e-07
 4.50663e-07
 3.94806e-07
 3.48759e-07
 3.10345e-07
 2.77962e-07
 2.50406e-07
 2.26761e-07
 2.06320e-07
 1.88528e-07
 1.72946e-07
 1.59221e-07
 1.47069e-07
 1.36259e-07
 1.56159e-06
 1.22812e-06
 9.91772e-07
 8.17930e-07
 6.86236e-07
 5.84037e-07
 5.03115e-07
 4.37936e-07
 3.84659e-07
 3.40550e-07
 3.03618e-07
 2.72384e-07
 2.45734e-07
 2.22813e-07
 2.02955e-07
 1.85638e-07
 1.70446e-07
 1.57045e-07
 1.45165e-07
 1.34583e-07
 1.39661e-06
 1.11971e-06
 9.17342e-07
 7.64980e-07
 6.47441e-07
 5.54898e-07
 4.80756e-07
 4.20461e-07
 3.70778e-07
 3.29366e-07
 2.94492e-07
 2.64853e-07
 2.39456e-07
 2.17531e-07
 1.98474e-07
 1.81807e-07
 1.67148e-07
 1.54188e-07
 1.42675e-07
 1.32401e-07
 1.21199e-06
 9.94977e-07
 8.29992e-07
 7.01951e-07
 6.00786e-07
 5.19595e-07
 4.53528e-07
 3.99103e-07
 3.53773e-07
 3.15646e-07
 2.83290e-07
 2.55608e-07
 2.31752e-07
 2.11053e-07
 1.92984e-07
 1.77120e-07
 1.63119e-07
 1.50703e-07
 1.39643e-07
 1.29749e-07
 1.02710e-06
 8.65653e-07
 7.37029e-07
 6.33513e-07
 5.49336e-07
 4.80192e-07
 4.22846e-07
 3.74856e-07
 3.34356e-07
 2.99907e-07
 2.70393e-07
 2.44935e-07
 2.22839e-07
 2.03548e-07
 1.86615e-07
 1.71678e-07
 1.58439e-07
 1.46654e-07
 1.36120e-07
 1.26668e-07
 8.55352e-07
 7.40840e-07
 6.44595e-07
 5.63843e-07
 4.95965e-07
 4.38692e-07
 3.90133e-07
 3.48743e-07
 3.13270e-07
 2.82700e-07
 2.56214e-07
 2.33146e-07
 2.12956e-07
 1.95199e-07
 1.79513e-07
 1.65596e-07
 1.53199e-07
 1.42114e-07
 1.32165e-07
 1.23207e-07
 7.04008e-07
 6.26432e-07
 5.57151e-07
 4.96231e-07
 4.43079e-07
 3.96858e-07
 3.56683e-07
 3.21724e-07
 2.91235e-07
 2.64567e-07
 2.41166e-07
 2.20560e-07
 2.02351e-07
 1.86202e-07
 1.71831e-07
 1.58997e-07
 1.47498e-07
 1.37163e-07
 1.27845e-07
 1.19418e-07
 5.75455e-07
 5.25404e-07
 4.77437e-07
 4.32954e-07
 3.92490e-07
 3.56100e-07
 3.23588e-07
 2.94640e-07
 2.68900e-07
 2.46012e-07
 2.25642e-07
 2.07484e-07
 1.91266e-07
 1.76749e-07
 1.63722e-07
 1.52004e-07
 1.41437e-07
 1.31883e-07
 1.23224e-07
 1.15358e-07
 4.68925e-07
 4.38539e-07
 4.06742e-07
 3.75350e-07
 3.45406e-07
 3.17446e-07
 2.91691e-07
 2.68173e-07
 2.46813e-07
 2.27474e-07
 2.09993e-07
 1.94201e-07
 1.79929e-07
 1.67022e-07
 1.55336e-07
 1.44738e-07
 1.35113e-07
 1.26355e-07
 1.18372e-07
 1.11081e-07
 3.82018e-07
 3.65217e-07
 3.45291e-07
 3.23998e-07
 3.02507e-07
 2.81558e-07
 2.61591e-07
 2.42841e-07
 2.25411e-07
 2.09316e-07
 1.94520e-07
 1.80957e-07
 1.68543e-07
 1.57191e-07
 1.46810e-07
 1.37314e-07
 1.28622e-07
 1.20659e-07
 1.13354e-07
 1.06645e-07
