scalar
part
         1
quad4
 3.65580e-07
 3.49760e-07
 3.30918e-07
 3.10728e-07
 2.90308e-07
 2.70370e-07
 2.51338e-07
 2.33445e-07
 2.16792e-07
 2.01399e-07
 1.87237e-07
 1.74244e-07
 1.62344e-07
 1.51454e-07
 1.41491e-07
 1.32372e-07
 1.24022e-07
 1.16367e-07
 1.09344e-07
 1.02890e-07
 4.48513e-07
 4.19804e-07
 3.89687e-07
 3.59893e-07
 3.31424e-07
 3.04799e-07
 2.80242e-07
 2.57790e-07
 2.37375e-07
 2.18875e-07
 2.02137e-07
 1.87005e-07
 1.73320e-07
 1.60936e-07
 1.49717e-07
 1.39538e-07
 1.30288e-07
 1.21869e-07
 1.14192e-07
 1.07178e-07
 5.50087e-07
 5.02740e-07
 4.57277e-07
 4.15039e-07
 3.76554e-07
 3.41891e-07
 3.10880e-07
 2.83234e-07
 2.58626e-07
 2.36724e-07
 2.17214e-07
 1.99809e-07
 1.84254e-07
 1.70321e-07
 1.57812e-07
 1.46554e-07
 1.36397e-07
 1.27210e-07
 1.18881e-07
 1.11312e-07
 6.72560e-07
 5.99158e-07
 5.33481e-07
 4.75624e-07
 4.25058e-07
 3.81016e-07
 3.42684e-07
 3.09286e-07
 2.80128e-07
 2.54599e-07
 2.32179e-07
 2.12421e-07
 1.94950e-07
 1.79447e-07
 1.65643e-07
 1.53310e-07
 1.42255e-07
 1.32315e-07
 1.23349e-07
 1.15239e-07
 8.16661e-07
 7.08334e-07
 6.17094e-07
 5.40389e-07
 4.75795e-07
 4.21204e-07
 3.74853e-07
 3.35296e-07
 3.01357e-07
 2.72082e-07
 2.46696e-07
 2.24571e-07
 2.05192e-07
 1.88140e-07
 1.73068e-07
 1.59690e-07
 1.47769e-07
 1.37104e-07
 1.27530e-07
 1.18905e-07
 9.80174e-07
 8.27489e-07
 7.05547e-07
 6.07190e-07
 5.27052e-07
 4.61114e-07
 4.06350e-07
 3.60463e-07
 3.21695e-07
 2.88690e-07
 2.60390e-07
 2.35962e-07
 2.14746e-07
 1.96214e-07
 1.79939e-07
 1.65576e-07
 1.52840e-07
 1.41499e-07
 1.31359e-07
 1.22258e-07
 1.15635e-06
 9.51119e-07
 7.94648e-07
 6.72920e-07
 5.76549e-07
 4.99073e-07
 4.35939e-07
 3.83867e-07
 3.40453e-07
 3.03904e-07
 2.72863e-07
 2.46289e-07
 2.23374e-07
 2.03481e-07
 1.86107e-07
 1.70848e-07
 1.57375e-07
 1.45424e-07
 1.34774e-07
 1.25245e-07
 1.33274e-06
 1.07071e-06
 8.78613e-07
 7.33628e-07
 6.21554e-07
 5.33168e-07
 4.62261e-07
 4.04530e-07
 3.56914e-07
 3.17192e-07
 2.83718e-07
 2.55251e-07
 2.30844e-07
 2.09763e-07
 1.91433e-07
 1.75396e-07
 1.61286e-07
 1.48807e-07
 1.37718e-07
 1.27820e-07
 1.49129e-06
 1.17522e-06
 9.50523e-07
 7.84865e-07
 6.59138e-07
 5.61424e-07
 4.83957e-07
 4.21496e-07
 3.70396e-07
 3.28058e-07
 2.92586e-07
 2.62571e-07
 2.36947e-07
 2.14899e-07
 1.95790e-07
 1.79121e-07
 1.64493e-07
 1.51585e-07
 1.40139e-07
 1.29942e-07
 1.61060e-06
 1.25263e-06
 1.00331e-06
 8.22301e-07
 6.86550e-07
 5.82037e-07
 4.99810e-07
 4.33926e-07
 3.80306e-07
 3.36075e-07
 2.99156e-07
 2.68017e-07
 2.41508e-07
 2.18754e-07
 1.99076e-07
 1.81943e-07
 1.66933e-07
 1.53709e-07
 1.41998e-07
 1.31577e-07
 1.67095e-06
 1.29261e-06
 1.03116e-06
 8.42492e-07
 7.01656e-07
 5.93634e-07
 5.08908e-07
 4.41195e-07
 3.86206e-07
 3.40930e-07
 3.03198e-07
 2.71419e-07
 2.44399e-07
 2.21230e-07
 2.01214e-07
 1.83801e-07
 1.68558e-07
 1.55139e-07
 1.43262e-07
 1.32701e-07
 1.66132e-06
 1.28954e-06
 1.03100e-06
 8.43625e-07
 7.03333e-07
 5.95491e-07
 5.10766e-07
 4.42970e-07
 3.87861e-07
 3.42452e-07
 3.04588e-07
 2.72683e-07
 2.45546e-07
 2.22272e-07
 2.02160e-07
 1.84661e-07
 1.69341e-07
 1.55853e-07
 1.43915e-07
 1.33299e-07
 1.58456e-06
 1.24463e-06
 1.00336e-06
 8.25949e-07
 6.91696e-07
 5.87655e-07
 5.05400e-07
 4.39249e-07
 3.85261e-07
 3.40629e-07
 3.03312e-07
 2.71796e-07
 2.44940e-07
 2.21869e-07
 2.01905e-07
 1.84515e-07
 1.69275e-07
 1.55845e-07
 1.43950e-07
 1.33365e-07
 1.45648e-06
 1.16556e-06
 9.52275e-07
 7.91719e-07
 6.68064e-07
 5.70931e-07
 4.93315e-07
 4.30361e-07
 3.78625e-07
 3.35609e-07
 2.99472e-07
 2.68830e-07
 2.42630e-07
 2.20058e-07
 2.00477e-07
 1.83383e-07
 1.68374e-07
 1.55126e-07
 1.43376e-07
 1.32906e-07
 1.29914e-06
 1.06385e-06
 8.84125e-07
 7.44643e-07
 6.34687e-07
 5.46732e-07
 4.75428e-07
 4.16915e-07
 3.68366e-07
 3.27679e-07
 2.93271e-07
 2.63931e-07
 2.38724e-07
 2.16917e-07
 1.97932e-07
 1.81308e-07
 1.66672e-07
 1.53722e-07
 1.42212e-07
 1.31937e-07
 1.13327e-06
 9.51464e-07
 8.06019e-07
 6.89077e-07
 5.94316e-07
 5.16844e-07
 4.52926e-07
 3.99718e-07
 3.55045e-07
 3.17236e-07
 2.84994e-07
 2.57306e-07
 2.33373e-07
 2.12561e-07
 1.94359e-07
 1.78357e-07
 1.64220e-07
 1.51674e-07
 1.40491e-07
 1.30484e-07
 9.73912e-07
 8.38309e-07
 7.24399e-07
 6.29241e-07
 5.49754e-07
 4.83160e-07
 4.27111e-07
 3.79681e-07
 3.39310e-07
 3.04746e-07
 2.74983e-07
 2.49209e-07
 2.26770e-07
 2.07134e-07
 1.89868e-07
 1.74616e-07
 1.61085e-07
 1.49032e-07
 1.38253e-07
 1.28579e-07
 8.29616e-07
 7.31163e-07
 6.44241e-07
 5.68685e-07
 5.03515e-07
 4.47465e-07
 3.99260e-07
 3.57725e-07
 3.21832e-07
 2.90706e-07
 2.63606e-07
 2.39917e-07
 2.19123e-07
 2.00798e-07
 1.84584e-07
 1.70183e-07
 1.57345e-07
 1.45859e-07
 1.35549e-07
 1.26263e-07
 7.03838e-07
 6.33835e-07
 5.68855e-07
 5.10046e-07
 4.57618e-07
 4.11282e-07
 3.70512e-07
 3.34705e-07
 3.03256e-07
 2.75601e-07
 2.51236e-07
 2.29716e-07
 2.10656e-07
 1.93726e-07
 1.78643e-07
 1.65165e-07
 1.53083e-07
 1.42223e-07
 1.32432e-07
 1.23580e-07
 5.96778e-07
 5.47862e-07
 5.00089e-07
 4.55051e-07
 4.13533e-07
 3.75800e-07
 3.41813e-07
 3.11362e-07
 2.84158e-07
 2.59884e-07
 2.38224e-07
 2.18882e-07
 2.01585e-07
 1.86091e-07
 1.72182e-07
 1.59671e-07
 1.48390e-07
 1.38196e-07
 1.28962e-07
 1.20578e-07
