scalar
part
         1
quad4
 6.18016e-07
 5.66628e-07
 5.16578e-07
 4.69510e-07
 4.26217e-07
 3.86951e-07
 3.51646e-07
 3.20066e-07
 2.91895e-07
 2.66791e-07
 2.44417e-07
 2.24457e-07
 2.06625e-07
 1.90665e-07
 1.76349e-07
 1.63480e-07
 1.51884e-07
 1.41411e-07
 1.31929e-07
 1.23323e-07
 7.29207e-07
 6.55701e-07
 5.87655e-07
 5.26225e-07
 4.71587e-07
 4.23396e-07
 3.81075e-07
 3.43966e-07
 3.11421e-07
 2.82841e-07
 2.57689e-07
 2.35497e-07
 2.15860e-07
 1.98432e-07
 1.82917e-07
 1.69060e-07
 1.56648e-07
 1.45496e-07
 1.35447e-07
 1.26366e-07
 8.59829e-07
 7.56478e-07
 6.65494e-07
 5.86618e-07
 5.18746e-07
 4.60499e-07
 4.10499e-07
 3.67489e-07
 3.30377e-07
 2.98234e-07
 2.70281e-07
 2.45870e-07
 2.24463e-07
 2.05611e-07
 1.88943e-07
 1.74147e-07
 1.60965e-07
 1.49177e-07
 1.38600e-07
 1.29079e-07
 1.00958e-06
 8.67278e-07
 7.48117e-07
 6.48854e-07
 5.66148e-07
 4.97011e-07
 4.38932e-07
 3.89866e-07
 3.48163e-07
 3.12504e-07
 2.81830e-07
 2.55293e-07
 2.32209e-07
 2.12024e-07
 1.94287e-07
 1.78628e-07
 1.64742e-07
 1.52379e-07
 1.41328e-07
 1.31414e-07
 1.17468e-06
 9.84007e-07
 8.31999e-07
 7.10151e-07
 6.11673e-07
 5.31341e-07
 4.65190e-07
 4.10211e-07
 3.64116e-07
 3.25149e-07
 2.91954e-07
 2.63473e-07
 2.38873e-07
 2.17496e-07
 1.98811e-07
 1.82393e-07
 1.67896e-07
 1.55034e-07
 1.43576e-07
 1.33325e-07
 1.34589e-06
 1.09943e-06
 9.11880e-07
 7.66783e-07
 6.52700e-07
 5.61641e-07
 4.87954e-07
 4.27578e-07
 3.77546e-07
 3.35663e-07
 3.00276e-07
 2.70126e-07
 2.44241e-07
 2.21861e-07
 2.02388e-07
 1.85344e-07
 1.70345e-07
 1.57080e-07
 1.45292e-07
 1.34773e-07
 1.50711e-06
 1.20306e-06
 9.81001e-07
 8.14355e-07
 6.86326e-07
 5.85959e-07
 5.05890e-07
 4.41034e-07
 3.87795e-07
 3.43572e-07
 3.06451e-07
 2.74997e-07
 2.48119e-07
 2.24975e-07
 2.04907e-07
 1.87395e-07
 1.72025e-07
 1.58463e-07
 1.46437e-07
 1.35724e-07
 1.63638e-06
 1.28237e-06
 1.03199e-06
 8.48387e-07
 7.09741e-07
 6.02478e-07
 5.17793e-07
 4.49765e-07
 3.94296e-07
 3.48476e-07
 3.10192e-07
 2.77878e-07
 2.50355e-07
 2.26723e-07
 2.06280e-07
 1.88479e-07
 1.72883e-07
 1.59144e-07
 1.46978e-07
 1.36153e-07
 1.71084e-06
 1.32557e-06
 1.05839e-06
 8.65142e-07
 7.20689e-07
 6.09789e-07
 5.22752e-07
 4.53165e-07
 3.96640e-07
 3.50092e-07
 3.11299e-07
 2.78625e-07
 2.50845e-07
 2.27027e-07
 2.06450e-07
 1.88553e-07
 1.72887e-07
 1.59097e-07
 1.46895e-07
 1.36046e-07
 1.71496e-06
 1.32521e-06
 1.05629e-06
 8.62463e-07
 7.17913e-07
 6.07128e-07
 5.20291e-07
 4.50927e-07
 3.94624e-07
 3.48283e-07
 3.09677e-07
 2.77171e-07
 2.49540e-07
 2.25854e-07
 2.05394e-07
 1.87599e-07
 1.72024e-07
 1.58314e-07
 1.46182e-07
 1.35396e-07
 1.64730e-06
 1.28076e-06
 1.02554e-06
 8.40300e-07
 7.01417e-07
 5.94520e-07
 5.10438e-07
 4.43082e-07
 3.88275e-07
 3.43073e-07
 3.05350e-07
 2.73537e-07
 2.46459e-07
 2.23219e-07
 2.03123e-07
 1.85627e-07
 1.70302e-07
 1.56801e-07
 1.44846e-07
 1.34209e-07
 1.52064e-06
 1.19867e-06
 9.69638e-07
 8.00712e-07
 6.72467e-07
 5.72777e-07
 4.93735e-07
 4.30000e-07
 3.77856e-07
 3.34652e-07
 2.98454e-07
 2.67825e-07
 2.41679e-07
 2.19182e-07
 1.99684e-07
 1.82676e-07
 1.67751e-07
 1.54583e-07
 1.42905e-07
 1.32502e-07
 1.35589e-06
 1.08994e-06
 8.94777e-07
 7.47359e-07
 6.33331e-07
 5.43358e-07
 4.71151e-07
 4.12343e-07
 3.63829e-07
 3.23350e-07
 2.89233e-07
 2.60216e-07
 2.35337e-07
 2.13846e-07
 1.95158e-07
 1.78808e-07
 1.64422e-07
 1.51699e-07
 1.40392e-07
 1.30301e-07
 1.17477e-06
 9.66866e-07
 8.08232e-07
 6.84718e-07
 5.86858e-07
 5.08134e-07
 4.43947e-07
 3.90984e-07
 3.46810e-07
 3.09611e-07
 2.78010e-07
 2.50951e-07
 2.27613e-07
 2.07351e-07
 1.89653e-07
 1.74107e-07
 1.60380e-07
 1.48202e-07
 1.37350e-07
 1.27640e-07
 9.95111e-07
 8.40493e-07
 7.16981e-07
 6.17302e-07
 5.36035e-07
 4.69124e-07
 4.13520e-07
 3.66904e-07
 3.27504e-07
 2.93948e-07
 2.65165e-07
 2.40314e-07
 2.18726e-07
 1.99864e-07
 1.83298e-07
 1.68675e-07
 1.55707e-07
 1.44159e-07
 1.33832e-07
 1.24562e-07
 8.28993e-07
 7.19192e-07
 6.26772e-07
 5.49070e-07
 4.83612e-07
 4.28264e-07
 3.81246e-07
 3.41100e-07
 3.06639e-07
 2.76902e-07
 2.51105e-07
 2.28615e-07
 2.08911e-07
 1.91569e-07
 1.76237e-07
 1.62626e-07
 1.50494e-07
 1.39640e-07
 1.29895e-07
 1.21115e-07
 6.82860e-07
 6.08310e-07
 5.41721e-07
 4.83098e-07
 4.31866e-07
 3.87234e-07
 3.48372e-07
 3.14500e-07
 2.84914e-07
 2.59001e-07
 2.36234e-07
 2.16165e-07
 1.98412e-07
 1.82655e-07
 1.68621e-07
 1.56080e-07
 1.44837e-07
 1.34725e-07
 1.25604e-07
 1.17352e-07
 5.58740e-07
 5.10502e-07
 4.64330e-07
 4.21497e-07
 3.82493e-07
 3.47367e-07
 3.15936e-07
 2.87909e-07
 2.62953e-07
 2.40733e-07
 2.20933e-07
 2.03263e-07
 1.87466e-07
 1.73313e-07
 1.60602e-07
 1.49160e-07
 1.38835e-07
 1.29495e-07
 1.21025e-07
 1.13326e-07
 4.55799e-07
 4.26412e-07
 3.95746e-07
 3.65490e-07
 3.36615e-07
 3.09626e-07
 2.84737e-07
 2.61978e-07
 2.41281e-07
 2.22519e-07
 2.05540e-07
 1.90184e-07
 1.76293e-07
 1.63719e-07
 1.52324e-07
 1.41984e-07
 1.32586e-07
 1.24029e-07
 1.16225e-07
 1.09094e-07
 3.71721e-07
 3.55396e-07
 3.36135e-07
 3.15588e-07
 2.94853e-07
 2.74629e-07
 2.55334e-07
 2.37196e-07
 2.20314e-07
 2.04707e-07
 1.90344e-07
 1.77164e-07
 1.65089e-07
 1.54037e-07
 1.43922e-07
 1.34662e-07
 1.26181e-07
 1.18405e-07
 1.11268e-07
 1.04709e-07
