scalar
part
         1
quad4
 6.59957e-07
 6.03133e-07
 5.48258e-07
 4.96980e-07
 4.50054e-07
 4.07675e-07
 3.69713e-07
 3.35868e-07
 3.05766e-07
 2.79012e-07
 2.55227e-07
 2.34056e-07
 2.15182e-07
 1.98320e-07
 1.83224e-07
 1.69675e-07
 1.57485e-07
 1.46491e-07
 1.36550e-07
 1.27541e-07
 7.75698e-07
 6.95401e-07
 6.21515e-07
 5.55136e-07
 4.96335e-07
 4.44658e-07
 3.99419e-07
 3.59866e-07
 3.25269e-07
 2.94960e-07
 2.68345e-07
 2.44911e-07
 2.24215e-07
 2.05878e-07
 1.89580e-07
 1.75047e-07
 1.62048e-07
 1.50383e-07
 1.39884e-07
 1.30408e-07
 9.11045e-07
 7.99264e-07
 7.01289e-07
 6.16672e-07
 5.44105e-07
 4.82018e-07
 4.28870e-07
 3.83270e-07
 3.44016e-07
 3.10092e-07
 2.80651e-07
 2.54988e-07
 2.32521e-07
 2.12768e-07
 1.95328e-07
 1.79870e-07
 1.66114e-07
 1.53829e-07
 1.42818e-07
 1.32916e-07
 1.06538e-06
 9.12744e-07
 7.85358e-07
 6.79572e-07
 5.91684e-07
 5.18412e-07
 4.57015e-07
 4.05266e-07
 3.61377e-07
 3.23924e-07
 2.91766e-07
 2.63992e-07
 2.39870e-07
 2.18808e-07
 2.00325e-07
 1.84028e-07
 1.69593e-07
 1.56755e-07
 1.45291e-07
 1.35015e-07
 1.23435e-06
 1.03131e-06
 8.69881e-07
 7.40831e-07
 6.36803e-07
 5.52153e-07
 4.82604e-07
 4.24926e-07
 3.76662e-07
 3.35935e-07
 3.01298e-07
 2.71626e-07
 2.46033e-07
 2.23822e-07
 2.04431e-07
 1.87412e-07
 1.72399e-07
 1.59093e-07
 1.47249e-07
 1.36662e-07
 1.40783e-06
 1.14711e-06
 9.49211e-07
 7.96486e-07
 6.76696e-07
 5.81301e-07
 5.04268e-07
 4.41271e-07
 3.89162e-07
 3.45609e-07
 3.08867e-07
 2.77603e-07
 2.50795e-07
 2.27644e-07
 2.07521e-07
 1.89925e-07
 1.74454e-07
 1.60782e-07
 1.48643e-07
 1.37817e-07
 1.56853e-06
 1.24898e-06
 1.01619e-06
 8.41922e-07
 7.08342e-07
 6.03843e-07
 5.20638e-07
 4.53358e-07
 3.98215e-07
 3.52474e-07
 3.14128e-07
 2.81674e-07
 2.53969e-07
 2.30136e-07
 2.09488e-07
 1.91485e-07
 1.75696e-07
 1.61773e-07
 1.49435e-07
 1.38451e-07
 1.69308e-06
 1.32371e-06
 1.06314e-06
 8.72519e-07
 7.28872e-07
 6.17948e-07
 5.30515e-07
 4.60380e-07
 4.03267e-07
 3.56143e-07
 3.16808e-07
 2.83638e-07
 2.55410e-07
 2.31189e-07
 2.10252e-07
 1.92032e-07
 1.76078e-07
 1.62030e-07
 1.49597e-07
 1.38540e-07
 1.75755e-06
 1.35915e-06
 1.08351e-06
 8.84552e-07
 7.36078e-07
 6.22254e-07
 5.33032e-07
 4.61772e-07
 4.03942e-07
 3.56357e-07
 3.16728e-07
 2.83371e-07
 2.55027e-07
 2.30738e-07
 2.09764e-07
 1.91528e-07
 1.75573e-07
 1.61533e-07
 1.49114e-07
 1.38074e-07
 1.74649e-06
 1.34812e-06
 1.07368e-06
 8.76082e-07
 7.28863e-07
 6.16118e-07
 5.27800e-07
 4.57291e-07
 4.00084e-07
 3.53019e-07
 3.13823e-07
 2.80830e-07
 2.52792e-07
 2.28764e-07
 2.08012e-07
 1.89967e-07
 1.74176e-07
 1.60279e-07
 1.47983e-07
 1.37052e-07
 1.66027e-06
 1.29120e-06
 1.03412e-06
 8.47476e-07
 7.07505e-07
 5.99749e-07
 5.14978e-07
 4.47060e-07
 3.91790e-07
 3.46201e-07
 3.08151e-07
 2.76060e-07
 2.48743e-07
 2.25297e-07
 2.05022e-07
 1.87369e-07
 1.71905e-07
 1.58281e-07
 1.46217e-07
 1.35483e-07
 1.51487e-06
 1.19647e-06
 9.69287e-07
 8.01339e-07
 6.73611e-07
 5.74182e-07
 4.95256e-07
 4.31553e-07
 3.79393e-07
 3.36146e-07
 2.99890e-07
 2.69196e-07
 2.42982e-07
 2.20417e-07
 2.00854e-07
 1.83782e-07
 1.68798e-07
 1.55573e-07
 1.43842e-07
 1.33390e-07
 1.33426e-06
 1.07654e-06
 8.86267e-07
 7.41878e-07
 6.29793e-07
 5.41101e-07
 4.69755e-07
 4.11538e-07
 3.63433e-07
 3.23240e-07
 2.89324e-07
 2.60449e-07
 2.35668e-07
 2.14245e-07
 1.95603e-07
 1.79282e-07
 1.64914e-07
 1.52200e-07
 1.40896e-07
 1.30802e-07
 1.14187e-06
 9.44770e-07
 7.93004e-07
 6.73999e-07
 5.79184e-07
 5.02568e-07
 4.39872e-07
 3.87982e-07
 3.44595e-07
 3.07979e-07
 2.76815e-07
 2.50088e-07
 2.27005e-07
 2.06939e-07
 1.89392e-07
 1.73963e-07
 1.60329e-07
 1.48223e-07
 1.37427e-07
 1.27761e-07
 9.55618e-07
 8.12514e-07
 6.96776e-07
 6.02453e-07
 5.24950e-07
 4.60738e-07
 4.07100e-07
 3.61943e-07
 3.23638e-07
 2.90916e-07
 2.62776e-07
 2.38425e-07
 2.17230e-07
 1.98680e-07
 1.82362e-07
 1.67938e-07
 1.55132e-07
 1.43714e-07
 1.33494e-07
 1.24312e-07
 7.86723e-07
 6.87892e-07
 6.03304e-07
 5.31249e-07
 4.69913e-07
 4.17612e-07
 3.72877e-07
 3.34462e-07
 3.01331e-07
 2.72625e-07
 2.47638e-07
 2.25788e-07
 2.06596e-07
 1.89666e-07
 1.74668e-07
 1.61329e-07
 1.49421e-07
 1.38753e-07
 1.29161e-07
 1.20509e-07
 6.40484e-07
 5.75710e-07
 5.16470e-07
 4.63376e-07
 4.16325e-07
 3.74878e-07
 3.38465e-07
 3.06492e-07
 2.78392e-07
 2.53653e-07
 2.31822e-07
 2.12503e-07
 1.95359e-07
 1.80097e-07
 1.66470e-07
 1.54264e-07
 1.43300e-07
 1.33421e-07
 1.24495e-07
 1.16407e-07
 5.17910e-07
 4.78037e-07
 4.38449e-07
 4.00769e-07
 3.65796e-07
 3.33830e-07
 3.04889e-07
 2.78835e-07
 2.55452e-07
 2.34495e-07
 2.15716e-07
 1.98878e-07
 1.83762e-07
 1.70170e-07
 1.57925e-07
 1.46871e-07
 1.36871e-07
 1.27805e-07
 1.19567e-07
 1.12065e-07
 4.17411e-07
 3.95009e-07
 3.70070e-07
 3.44459e-07
 3.19332e-07
 2.95364e-07
 2.72910e-07
 2.52123e-07
 2.33026e-07
 2.15570e-07
 1.99663e-07
 1.85189e-07
 1.72030e-07
 1.60066e-07
 1.49181e-07
 1.39270e-07
 1.30235e-07
 1.21986e-07
 1.14445e-07
 1.07539e-07
 3.36166e-07
 3.25596e-07
 3.11223e-07
 2.94769e-07
 2.77433e-07
 2.60018e-07
 2.43040e-07
 2.26814e-07
 2.11513e-07
 1.97216e-07
 1.83943e-07
 1.71672e-07
 1.60360e-07
 1.49949e-07
 1.40376e-07
 1.31576e-07
 1.23486e-07
 1.16045e-07
 1.09196e-07
 1.02885e-07
