scalar
part
         1
quad4
 3.99891e-07
 3.80440e-07
 3.58205e-07
 3.34938e-07
 3.11779e-07
 2.89431e-07
 2.68295e-07
 2.48569e-07
 2.30324e-07
 2.13547e-07
 1.98179e-07
 1.84134e-07
 1.71314e-07
 1.59617e-07
 1.48942e-07
 1.39195e-07
 1.30288e-07
 1.22139e-07
 1.14673e-07
 1.07824e-07
 4.88676e-07
 4.54975e-07
 4.20391e-07
 3.86694e-07
 3.54857e-07
 3.25350e-07
 2.98332e-07
 2.73780e-07
 2.51572e-07
 2.31535e-07
 2.13476e-07
 1.97202e-07
 1.82529e-07
 1.69285e-07
 1.57313e-07
 1.46474e-07
 1.36643e-07
 1.27709e-07
 1.19574e-07
 1.12152e-07
 5.97080e-07
 5.42914e-07
 4.91630e-07
 4.44501e-07
 4.01934e-07
 3.63872e-07
 3.30026e-07
 3.00009e-07
 2.73408e-07
 2.49822e-07
 2.28882e-07
 2.10256e-07
 1.93650e-07
 1.78810e-07
 1.65514e-07
 1.53569e-07
 1.42809e-07
 1.33092e-07
 1.24293e-07
 1.16306e-07
 7.27292e-07
 6.44697e-07
 5.71559e-07
 5.07683e-07
 4.52261e-07
 4.04286e-07
 3.62748e-07
 3.26718e-07
 2.95382e-07
 2.68038e-07
 2.44092e-07
 2.23044e-07
 2.04473e-07
 1.88025e-07
 1.73406e-07
 1.60366e-07
 1.48693e-07
 1.38210e-07
 1.28766e-07
 1.20233e-07
 8.79721e-07
 7.59280e-07
 6.58711e-07
 5.74787e-07
 5.04559e-07
 4.45524e-07
 3.95627e-07
 3.53210e-07
 3.16937e-07
 2.85739e-07
 2.58753e-07
 2.35285e-07
 2.14769e-07
 1.96747e-07
 1.80842e-07
 1.66744e-07
 1.54196e-07
 1.42983e-07
 1.32926e-07
 1.23876e-07
 1.05143e-06
 8.83345e-07
 7.50146e-07
 6.43421e-07
 5.56952e-07
 4.86137e-07
 4.27556e-07
 3.78634e-07
 3.37422e-07
 3.02421e-07
 2.72474e-07
 2.46672e-07
 2.24300e-07
 2.04786e-07
 1.87670e-07
 1.72583e-07
 1.59219e-07
 1.47329e-07
 1.36707e-07
 1.27181e-07
 1.23445e-06
 1.01063e-06
 8.41217e-07
 7.10206e-07
 6.06993e-07
 5.24352e-07
 4.57234e-07
 4.02033e-07
 3.56121e-07
 3.17548e-07
 2.84846e-07
 2.56893e-07
 2.32822e-07
 2.11950e-07
 1.93740e-07
 1.77762e-07
 1.63667e-07
 1.51172e-07
 1.40047e-07
 1.30098e-07
 1.41466e-06
 1.13176e-06
 9.25685e-07
 7.70943e-07
 6.51815e-07
 5.58176e-07
 4.83260e-07
 4.22403e-07
 3.72305e-07
 3.30580e-07
 2.95467e-07
 2.65644e-07
 2.40101e-07
 2.18061e-07
 1.98911e-07
 1.82170e-07
 1.67451e-07
 1.54441e-07
 1.42887e-07
 1.32579e-07
 1.57242e-06
 1.23498e-06
 9.96310e-07
 8.21035e-07
 6.88418e-07
 5.85603e-07
 5.04257e-07
 4.38779e-07
 3.85287e-07
 3.41020e-07
 3.03970e-07
 2.72649e-07
 2.45931e-07
 2.22958e-07
 2.03060e-07
 1.85711e-07
 1.70495e-07
 1.57075e-07
 1.45179e-07
 1.34585e-07
 1.68561e-06
 1.30809e-06
 1.04598e-06
 8.56160e-07
 7.14073e-07
 6.04851e-07
 5.19031e-07
 4.50341e-07
 3.94489e-07
 3.48452e-07
 3.10052e-07
 2.77683e-07
 2.50142e-07
 2.26512e-07
 2.06085e-07
 1.88307e-07
 1.72737e-07
 1.59023e-07
 1.46883e-07
 1.36083e-07
 1.73536e-06
 1.34124e-06
 1.06920e-06
 8.73066e-07
 7.26768e-07
 6.14630e-07
 5.26723e-07
 4.56502e-07
 3.99500e-07
 3.52584e-07
 3.13498e-07
 2.80587e-07
 2.52612e-07
 2.28631e-07
 2.07917e-07
 1.89900e-07
 1.74132e-07
 1.60252e-07
 1.47970e-07
 1.37050e-07
 1.71280e-06
 1.32991e-06
 1.06346e-06
 8.70271e-07
 7.25583e-07
 6.14340e-07
 5.26933e-07
 4.56985e-07
 4.00125e-07
 3.53271e-07
 3.14203e-07
 2.81283e-07
 2.53283e-07
 2.29269e-07
 2.08518e-07
 1.90464e-07
 1.74658e-07
 1.60742e-07
 1.48426e-07
 1.37473e-07
 1.62324e-06
 1.27653e-06
 1.02997e-06
 8.48415e-07
 7.10867e-07
 6.04181e-07
 5.19775e-07
 4.51856e-07
 3.96400e-07
 3.50537e-07
 3.12179e-07
 2.79775e-07
 2.52156e-07
 2.28426e-07
 2.07887e-07
 1.89995e-07
 1.74312e-07
 1.60490e-07
 1.48247e-07
 1.37351e-07
 1.48413e-06
 1.18973e-06
 9.73337e-07
 8.10100e-07
 6.84165e-07
 5.85102e-07
 5.05852e-07
 4.41511e-07
 3.88591e-07
 3.44562e-07
 3.07552e-07
 2.76154e-07
 2.49296e-07
 2.26148e-07
 2.06060e-07
 1.88519e-07
 1.73114e-07
 1.59513e-07
 1.47446e-07
 1.36692e-07
 1.31813e-06
 1.08153e-06
 9.00292e-07
 7.59287e-07
 6.47898e-07
 5.58639e-07
 4.86167e-07
 4.26620e-07
 3.77158e-07
 3.35667e-07
 3.00550e-07
 2.70584e-07
 2.44823e-07
 2.22525e-07
 2.03103e-07
 1.86088e-07
 1.71103e-07
 1.57839e-07
 1.46046e-07
 1.35515e-07
 1.14585e-06
 9.64001e-07
 8.18094e-07
 7.00467e-07
 6.04928e-07
 5.26661e-07
 4.61973e-07
 4.08040e-07
 3.62698e-07
 3.24278e-07
 2.91481e-07
 2.63291e-07
 2.38905e-07
 2.17683e-07
 1.99112e-07
 1.82775e-07
 1.68335e-07
 1.55514e-07
 1.44082e-07
 1.33847e-07
 9.81879e-07
 8.46910e-07
 7.33179e-07
 6.37901e-07
 5.58112e-07
 4.91114e-07
 4.34614e-07
 3.86718e-07
 3.45888e-07
 3.10883e-07
 2.80704e-07
 2.54541e-07
 2.31743e-07
 2.11775e-07
 1.94204e-07
 1.78672e-07
 1.64884e-07
 1.52594e-07
 1.41599e-07
 1.31726e-07
 8.34331e-07
 7.36823e-07
 6.50436e-07
 5.75115e-07
 5.09967e-07
 4.53800e-07
 4.05389e-07
 3.63595e-07
 3.27418e-07
 2.95995e-07
 2.68601e-07
 2.44625e-07
 2.23557e-07
 2.04971e-07
 1.88512e-07
 1.73882e-07
 1.60829e-07
 1.49144e-07
 1.38649e-07
 1.29192e-07
 7.06279e-07
 6.37328e-07
 5.73059e-07
 5.14689e-07
 4.62493e-07
 4.16238e-07
 3.75443e-07
 3.39538e-07
 3.07942e-07
 2.80112e-07
 2.55555e-07
 2.33836e-07
 2.14577e-07
 1.97451e-07
 1.82177e-07
 1.68516e-07
 1.56261e-07
 1.45237e-07
 1.35290e-07
 1.26292e-07
 5.97641e-07
 5.49773e-07
 5.02774e-07
 4.58282e-07
 4.17122e-07
 3.79602e-07
 3.45717e-07
 3.15286e-07
 2.88044e-07
 2.63691e-07
 2.41924e-07
 2.22457e-07
 2.05026e-07
 1.89391e-07
 1.75341e-07
 1.62690e-07
 1.51272e-07
 1.40945e-07
 1.31584e-07
 1.23078e-07
