scalar
part
         1
quad4
 3.47482e-07
 3.35551e-07
 3.19919e-07
 3.02334e-07
 2.84004e-07
 2.65727e-07
 2.48009e-07
 2.31149e-07
 2.15306e-07
 2.00548e-07
 1.86880e-07
 1.74271e-07
 1.62668e-07
 1.52007e-07
 1.42219e-07
 1.33232e-07
 1.24979e-07
 1.17396e-07
 1.10421e-07
 1.04001e-07
 4.30375e-07
 4.06165e-07
 3.79618e-07
 3.52614e-07
 3.26302e-07
 3.01334e-07
 2.78041e-07
 2.56551e-07
 2.36866e-07
 2.18915e-07
 2.02591e-07
 1.87765e-07
 1.74307e-07
 1.62087e-07
 1.50983e-07
 1.40884e-07
 1.31685e-07
 1.23295e-07
 1.15630e-07
 1.08616e-07
 5.32727e-07
 4.90458e-07
 4.48834e-07
 4.09462e-07
 3.73095e-07
 3.39989e-07
 3.10116e-07
 2.83297e-07
 2.59285e-07
 2.37809e-07
 2.18598e-07
 2.01399e-07
 1.85979e-07
 1.72130e-07
 1.59666e-07
 1.48426e-07
 1.38265e-07
 1.29060e-07
 1.20701e-07
 1.13094e-07
 6.57289e-07
 5.89372e-07
 5.27597e-07
 4.72486e-07
 4.23836e-07
 3.81120e-07
 3.43696e-07
 3.10911e-07
 2.82155e-07
 2.56883e-07
 2.34613e-07
 2.14933e-07
 1.97486e-07
 1.81972e-07
 1.68131e-07
 1.55743e-07
 1.44623e-07
 1.34611e-07
 1.25569e-07
 1.17381e-07
 8.05470e-07
 7.02611e-07
 6.14958e-07
 5.40575e-07
 4.77461e-07
 4.23792e-07
 3.77993e-07
 3.38743e-07
 3.04948e-07
 2.75709e-07
 2.50290e-07
 2.28087e-07
 2.08603e-07
 1.91429e-07
 1.76227e-07
 1.62715e-07
 1.50660e-07
 1.39865e-07
 1.30164e-07
 1.21418e-07
 9.75913e-07
 8.27861e-07
 7.08578e-07
 6.11687e-07
 5.32295e-07
 4.66671e-07
 4.11961e-07
 3.65977e-07
 3.27025e-07
 2.93791e-07
 2.65239e-07
 2.40554e-07
 2.19084e-07
 2.00306e-07
 1.83798e-07
 1.69214e-07
 1.56272e-07
 1.44738e-07
 1.34417e-07
 1.25149e-07
 1.16276e-06
 9.59986e-07
 8.04390e-07
 6.82731e-07
 5.86029e-07
 5.08039e-07
 4.44320e-07
 3.91653e-07
 3.47664e-07
 3.10576e-07
 2.79037e-07
 2.52006e-07
 2.28674e-07
 2.08403e-07
 1.90685e-07
 1.75113e-07
 1.61357e-07
 1.49147e-07
 1.38261e-07
 1.28517e-07
 1.35409e-06
 1.09052e-06
 8.96510e-07
 7.49622e-07
 6.35808e-07
 5.45880e-07
 4.73627e-07
 4.14728e-07
 3.66099e-07
 3.25497e-07
 2.91256e-07
 2.62119e-07
 2.37124e-07
 2.15525e-07
 1.96736e-07
 1.80291e-07
 1.65818e-07
 1.53014e-07
 1.41633e-07
 1.31472e-07
 1.53137e-06
 1.20790e-06
 9.77587e-07
 8.07595e-07
 6.78471e-07
 5.78052e-07
 4.98402e-07
 4.34156e-07
 3.81579e-07
 3.38005e-07
 3.01490e-07
 2.70586e-07
 2.44200e-07
 2.21493e-07
 2.01810e-07
 1.84638e-07
 1.69568e-07
 1.56269e-07
 1.44475e-07
 1.33967e-07
 1.67112e-06
 1.29884e-06
 1.03977e-06
 8.51819e-07
 7.10941e-07
 6.02534e-07
 5.17279e-07
 4.48993e-07
 3.93436e-07
 3.47620e-07
 3.09386e-07
 2.77145e-07
 2.49704e-07
 2.26154e-07
 2.05790e-07
 1.88062e-07
 1.72533e-07
 1.58854e-07
 1.46741e-07
 1.35964e-07
 1.75021e-06
 1.35121e-06
 1.07625e-06
 8.78253e-07
 7.30714e-07
 6.17711e-07
 5.29183e-07
 4.58503e-07
 4.01154e-07
 3.53969e-07
 3.14673e-07
 2.81594e-07
 2.53483e-07
 2.29391e-07
 2.08585e-07
 1.90491e-07
 1.74658e-07
 1.60723e-07
 1.48394e-07
 1.37433e-07
 1.75415e-06
 1.35764e-06
 1.08297e-06
 8.84521e-07
 7.36316e-07
 6.22634e-07
 5.33481e-07
 4.62249e-07
 4.04424e-07
 3.56831e-07
 3.17186e-07
 2.83809e-07
 2.55444e-07
 2.31132e-07
 2.10137e-07
 1.91880e-07
 1.75906e-07
 1.61847e-07
 1.49410e-07
 1.38354e-07
 1.68399e-06
 1.31830e-06
 1.05984e-06
 8.70476e-07
 7.27608e-07
 6.17180e-07
 5.30068e-07
 4.60147e-07
 4.03177e-07
 3.56150e-07
 3.16881e-07
 2.83754e-07
 2.55555e-07
 2.31353e-07
 2.10427e-07
 1.92213e-07
 1.76262e-07
 1.62214e-07
 1.49779e-07
 1.38719e-07
 1.55585e-06
 1.24078e-06
 1.01075e-06
 8.38226e-07
 7.05791e-07
 6.02062e-07
 5.19384e-07
 4.52474e-07
 3.97592e-07
 3.52042e-07
 3.13834e-07
 2.81481e-07
 2.53852e-07
 2.30076e-07
 2.09471e-07
 1.91499e-07
 1.75734e-07
 1.61829e-07
 1.49504e-07
 1.38529e-07
 1.39354e-06
 1.13728e-06
 9.42320e-07
 7.91572e-07
 6.73137e-07
 5.78688e-07
 5.02328e-07
 4.39818e-07
 3.88065e-07
 3.44779e-07
 3.08236e-07
 2.77124e-07
 2.50433e-07
 2.27373e-07
 2.07320e-07
 1.89779e-07
 1.74352e-07
 1.60715e-07
 1.48603e-07
 1.37799e-07
 1.21990e-06
 1.02082e-06
 8.62194e-07
 7.35131e-07
 6.32526e-07
 5.48908e-07
 4.80117e-07
 4.23002e-07
 3.75161e-07
 3.34757e-07
 3.00369e-07
 2.70889e-07
 2.45447e-07
 2.23355e-07
 2.04059e-07
 1.87116e-07
 1.72164e-07
 1.58908e-07
 1.47104e-07
 1.36551e-07
 1.05162e-06
 9.02294e-07
 7.77390e-07
 6.73459e-07
 5.86957e-07
 5.14728e-07
 4.54120e-07
 4.02973e-07
 3.59549e-07
 3.22455e-07
 2.90580e-07
 2.63029e-07
 2.39085e-07
 2.18166e-07
 1.99798e-07
 1.83594e-07
 1.69236e-07
 1.56461e-07
 1.45048e-07
 1.34816e-07
 8.98403e-07
 7.89272e-07
 6.93404e-07
 6.10437e-07
 5.39154e-07
 4.78066e-07
 4.25698e-07
 3.80708e-07
 3.41934e-07
 3.08391e-07
 2.79253e-07
 2.53834e-07
 2.31564e-07
 2.11971e-07
 1.94662e-07
 1.79312e-07
 1.65645e-07
 1.53434e-07
 1.42485e-07
 1.32635e-07
 7.64301e-07
 6.86090e-07
 6.13944e-07
 5.48986e-07
 4.91334e-07
 4.40580e-07
 3.96082e-07
 3.57123e-07
 3.23004e-07
 2.93081e-07
 2.66780e-07
 2.43601e-07
 2.23113e-07
 2.04949e-07
 1.88794e-07
 1.74379e-07
 1.61478e-07
 1.49897e-07
 1.39468e-07
 1.30051e-07
 6.49785e-07
 5.94590e-07
 5.41129e-07
 4.91052e-07
 4.45130e-07
 4.03581e-07
 3.66303e-07
 3.33020e-07
 3.03380e-07
 2.77006e-07
 2.53534e-07
 2.32623e-07
 2.13963e-07
 1.97281e-07
 1.82334e-07
 1.68911e-07
 1.56828e-07
 1.45924e-07
 1.36060e-07
 1.27115e-07
