scalar
part
         1
quad4
 5.36503e-07
 4.96634e-07
 4.56673e-07
 4.18286e-07
 3.82377e-07
 3.49350e-07
 3.19298e-07
 2.92138e-07
 2.67687e-07
 2.45720e-07
 2.25999e-07
 2.08291e-07
 1.92376e-07
 1.78055e-07
 1.65146e-07
 1.53489e-07
 1.42942e-07
 1.33379e-07
 1.24691e-07
 1.16781e-07
 6.39052e-07
 5.79944e-07
 5.24076e-07
 4.72803e-07
 4.26568e-07
 3.85304e-07
 3.48691e-07
 3.16294e-07
 2.87651e-07
 2.62314e-07
 2.39870e-07
 2.19951e-07
 2.02230e-07
 1.86427e-07
 1.72294e-07
 1.59622e-07
 1.48228e-07
 1.37956e-07
 1.28670e-07
 1.20254e-07
 7.60941e-07
 6.75444e-07
 5.98974e-07
 5.31786e-07
 4.73296e-07
 4.22585e-07
 3.78656e-07
 3.40563e-07
 3.07454e-07
 2.78591e-07
 2.53344e-07
 2.31179e-07
 2.11647e-07
 1.94372e-07
 1.79037e-07
 1.65375e-07
 1.53162e-07
 1.42208e-07
 1.32351e-07
 1.23454e-07
 9.02712e-07
 7.82187e-07
 6.79951e-07
 5.93810e-07
 5.21303e-07
 4.60139e-07
 4.08340e-07
 3.64261e-07
 3.26554e-07
 2.94123e-07
 2.66080e-07
 2.41705e-07
 2.20411e-07
 2.01718e-07
 1.85235e-07
 1.70636e-07
 1.57653e-07
 1.46061e-07
 1.35674e-07
 1.26334e-07
 1.06202e-06
 8.97143e-07
 7.64217e-07
 6.56574e-07
 5.68777e-07
 4.96571e-07
 4.36678e-07
 3.86578e-07
 3.44331e-07
 3.08433e-07
 2.77711e-07
 2.51243e-07
 2.28298e-07
 2.08290e-07
 1.90749e-07
 1.75293e-07
 1.61610e-07
 1.49443e-07
 1.38580e-07
 1.28843e-07
 1.23182e-06
 1.01447e-06
 8.47350e-07
 7.16845e-07
 6.13380e-07
 5.30191e-07
 4.62439e-07
 4.06610e-07
 3.60115e-07
 3.21021e-07
 2.87860e-07
 2.59506e-07
 2.35086e-07
 2.13914e-07
 1.95444e-07
 1.79240e-07
 1.64950e-07
 1.52286e-07
 1.41014e-07
 1.30937e-07
 1.39890e-06
 1.12522e-06
 9.23385e-07
 7.70624e-07
 6.52398e-07
 5.59129e-07
 4.84314e-07
 4.23426e-07
 3.73237e-07
 3.31396e-07
 2.96161e-07
 2.66220e-07
 2.40569e-07
 2.18431e-07
 1.99196e-07
 1.82380e-07
 1.67595e-07
 1.54529e-07
 1.42927e-07
 1.32577e-07
 1.54422e-06
 1.21809e-06
 9.85432e-07
 8.13586e-07
 6.83038e-07
 5.81532e-07
 5.01047e-07
 4.36157e-07
 3.83080e-07
 3.39115e-07
 3.02292e-07
 2.71145e-07
 2.44567e-07
 2.21706e-07
 2.01901e-07
 1.84632e-07
 1.69483e-07
 1.56122e-07
 1.44279e-07
 1.33732e-07
 1.64635e-06
 1.28150e-06
 1.02686e-06
 8.41755e-07
 7.02822e-07
 5.95803e-07
 5.11579e-07
 4.44081e-07
 3.89143e-07
 3.43824e-07
 3.05997e-07
 2.74095e-07
 2.46939e-07
 2.23632e-07
 2.03479e-07
 1.85933e-07
 1.70565e-07
 1.57027e-07
 1.45040e-07
 1.34375e-07
 1.68792e-06
 1.30654e-06
 1.04276e-06
 8.52274e-07
 7.10008e-07
 6.00843e-07
 5.15190e-07
 4.46716e-07
 3.91096e-07
 3.45290e-07
 3.07110e-07
 2.74948e-07
 2.47598e-07
 2.24144e-07
 2.03878e-07
 1.86246e-07
 1.70811e-07
 1.57220e-07
 1.45192e-07
 1.34495e-07
 1.66171e-06
 1.28956e-06
 1.03116e-06
 8.44004e-07
 7.03911e-07
 5.96222e-07
 5.11606e-07
 4.43881e-07
 3.88816e-07
 3.43429e-07
 3.05571e-07
 2.73661e-07
 2.46511e-07
 2.23218e-07
 2.03082e-07
 1.85558e-07
 1.70211e-07
 1.56695e-07
 1.44729e-07
 1.34084e-07
 1.57296e-06
 1.23318e-06
 9.93463e-07
 8.17760e-07
 6.85027e-07
 5.82256e-07
 5.01033e-07
 4.35716e-07
 3.82400e-07
 3.38310e-07
 3.01431e-07
 2.70273e-07
 2.43708e-07
 2.20876e-07
 2.01109e-07
 1.83882e-07
 1.68777e-07
 1.55459e-07
 1.43658e-07
 1.33151e-07
 1.43676e-06
 1.14524e-06
 9.34033e-07
 7.76099e-07
 6.54925e-07
 5.59944e-07
 4.84131e-07
 4.22668e-07
 3.72158e-07
 3.30152e-07
 2.94850e-07
 2.64900e-07
 2.39276e-07
 2.17185e-07
 1.98009e-07
 1.81257e-07
 1.66538e-07
 1.53538e-07
 1.41998e-07
 1.31709e-07
 1.27289e-06
 1.03652e-06
 8.59086e-07
 7.22772e-07
 6.15957e-07
 5.30810e-07
 4.61914e-07
 4.05429e-07
 3.58575e-07
 3.19303e-07
 2.86077e-07
 2.57728e-07
 2.33353e-07
 2.12250e-07
 1.93863e-07
 1.77747e-07
 1.63546e-07
 1.50970e-07
 1.39782e-07
 1.29785e-07
 1.10044e-06
 9.18181e-07
 7.75385e-07
 6.62022e-07
 5.70863e-07
 4.96674e-07
 4.35620e-07
 3.84859e-07
 3.42260e-07
 3.06200e-07
 2.75435e-07
 2.48995e-07
 2.26121e-07
 2.06209e-07
 1.88776e-07
 1.73434e-07
 1.59864e-07
 1.47807e-07
 1.37050e-07
 1.27413e-07
 9.34258e-07
 7.99725e-07
 6.89104e-07
 5.97925e-07
 5.22389e-07
 4.59417e-07
 4.06562e-07
 3.61893e-07
 3.23886e-07
 2.91337e-07
 2.63289e-07
 2.38978e-07
 2.17788e-07
 1.99222e-07
 1.82876e-07
 1.68416e-07
 1.55571e-07
 1.44112e-07
 1.33852e-07
 1.24632e-07
 7.83557e-07
 6.87969e-07
 6.05105e-07
 5.33924e-07
 4.72977e-07
 4.20787e-07
 3.76003e-07
 3.37450e-07
 3.04134e-07
 2.75222e-07
 2.50024e-07
 2.27968e-07
 2.08580e-07
 1.91465e-07
 1.76297e-07
 1.62803e-07
 1.50753e-07
 1.39955e-07
 1.30246e-07
 1.21488e-07
 6.52515e-07
 5.86917e-07
 5.26695e-07
 4.72598e-07
 4.24591e-07
 3.82265e-07
 3.45058e-07
 3.12374e-07
 2.83643e-07
 2.58344e-07
 2.36016e-07
 2.16259e-07
 1.98725e-07
 1.83118e-07
 1.69185e-07
 1.56708e-07
 1.45502e-07
 1.35408e-07
 1.26291e-07
 1.18032e-07
 5.41732e-07
 4.98261e-07
 4.55737e-07
 4.15633e-07
 3.78645e-07
 3.44995e-07
 3.14637e-07
 2.87383e-07
 2.62979e-07
 2.41147e-07
 2.21615e-07
 2.04126e-07
 1.88443e-07
 1.74357e-07
 1.61680e-07
 1.50246e-07
 1.39912e-07
 1.30550e-07
 1.22050e-07
 1.14315e-07
 4.49744e-07
 4.22090e-07
 3.92954e-07
 3.63946e-07
 3.36042e-07
 3.09784e-07
 2.85428e-07
 2.63048e-07
 2.42608e-07
 2.24012e-07
 2.07130e-07
 1.91821e-07
 1.77940e-07
 1.65348e-07
 1.53918e-07
 1.43528e-07
 1.34073e-07
 1.25454e-07
 1.17585e-07
 1.10389e-07
