scalar
part
         1
quad4
 4.90624e-07
 4.57246e-07
 4.23077e-07
 3.89725e-07
 3.58116e-07
 3.28723e-07
 3.01722e-07
 2.77114e-07
 2.54798e-07
 2.34619e-07
 2.16397e-07
 1.99951e-07
 1.85101e-07
 1.71682e-07
 1.59541e-07
 1.48540e-07
 1.38555e-07
 1.29477e-07
 1.21207e-07
 1.13660e-07
 5.87012e-07
 5.36370e-07
 4.87755e-07
 4.42557e-07
 4.01343e-07
 3.64203e-07
 3.30965e-07
 3.01332e-07
 2.74956e-07
 2.51485e-07
 2.30583e-07
 2.11945e-07
 1.95294e-07
 1.80386e-07
 1.67010e-07
 1.54978e-07
 1.44130e-07
 1.34324e-07
 1.25438e-07
 1.17368e-07
 7.02279e-07
 6.27761e-07
 5.60260e-07
 5.00281e-07
 4.47542e-07
 4.01410e-07
 3.61132e-07
 3.25960e-07
 2.95202e-07
 2.68241e-07
 2.44543e-07
 2.23648e-07
 2.05165e-07
 1.88760e-07
 1.74153e-07
 1.61103e-07
 1.49407e-07
 1.38893e-07
 1.29412e-07
 1.20838e-07
 8.37483e-07
 7.30970e-07
 6.39582e-07
 5.61774e-07
 4.95665e-07
 4.39434e-07
 3.91464e-07
 3.50380e-07
 3.15036e-07
 2.84486e-07
 2.57954e-07
 2.34802e-07
 2.14506e-07
 1.96635e-07
 1.80833e-07
 1.66802e-07
 1.54296e-07
 1.43109e-07
 1.33065e-07
 1.24018e-07
 9.91313e-07
 8.43769e-07
 7.23488e-07
 6.25100e-07
 5.44135e-07
 4.77029e-07
 4.20989e-07
 3.73837e-07
 3.33872e-07
 2.99763e-07
 2.70458e-07
 2.45124e-07
 2.23095e-07
 2.03835e-07
 1.86909e-07
 1.71963e-07
 1.58706e-07
 1.46897e-07
 1.36337e-07
 1.26858e-07
 1.15849e-06
 9.61444e-07
 8.08238e-07
 6.87426e-07
 5.90842e-07
 5.12630e-07
 4.48545e-07
 3.95462e-07
 3.51058e-07
 3.13577e-07
 2.81679e-07
 2.54326e-07
 2.30707e-07
 2.10183e-07
 1.92243e-07
 1.76475e-07
 1.62548e-07
 1.50187e-07
 1.39170e-07
 1.29310e-07
 1.32832e-06
 1.07638e-06
 8.88546e-07
 7.45092e-07
 6.33236e-07
 5.44443e-07
 4.72851e-07
 4.14332e-07
 3.65918e-07
 3.25430e-07
 2.91242e-07
 2.62123e-07
 2.37125e-07
 2.15511e-07
 1.96702e-07
 1.80235e-07
 1.65738e-07
 1.52913e-07
 1.41512e-07
 1.31333e-07
 1.48441e-06
 1.17839e-06
 9.57967e-07
 7.93926e-07
 6.68555e-07
 5.70597e-07
 4.92617e-07
 4.29539e-07
 3.77802e-07
 3.34847e-07
 2.98799e-07
 2.68254e-07
 2.42151e-07
 2.19669e-07
 2.00171e-07
 1.83151e-07
 1.68207e-07
 1.55017e-07
 1.43315e-07
 1.32888e-07
 1.60676e-06
 1.25614e-06
 1.00978e-06
 8.29787e-07
 6.94160e-07
 5.89362e-07
 5.06679e-07
 4.40282e-07
 3.86148e-07
 3.41428e-07
 3.04056e-07
 2.72504e-07
 2.45623e-07
 2.22534e-07
 2.02554e-07
 1.85150e-07
 1.69897e-07
 1.56454e-07
 1.44546e-07
 1.33947e-07
 1.67640e-06
 1.29952e-06
 1.03826e-06
 8.49268e-07
 7.07939e-07
 5.99385e-07
 5.14143e-07
 4.45953e-07
 3.90534e-07
 3.44872e-07
 3.06799e-07
 2.74715e-07
 2.47425e-07
 2.24016e-07
 2.03785e-07
 1.86180e-07
 1.70766e-07
 1.57192e-07
 1.45176e-07
 1.34489e-07
 1.68104e-06
 1.30224e-06
 1.03995e-06
 8.50364e-07
 7.08677e-07
 5.99896e-07
 5.14506e-07
 4.46217e-07
 3.90729e-07
 3.45019e-07
 3.06911e-07
 2.74801e-07
 2.47492e-07
 2.24069e-07
 2.03827e-07
 1.86214e-07
 1.70793e-07
 1.57214e-07
 1.45194e-07
 1.34504e-07
 1.61945e-06
 1.26373e-06
 1.01455e-06
 8.32913e-07
 6.96278e-07
 5.90839e-07
 5.07734e-07
 4.41051e-07
 3.86719e-07
 3.41858e-07
 3.04385e-07
 2.72759e-07
 2.45823e-07
 2.22691e-07
 2.02679e-07
 1.85251e-07
 1.69978e-07
 1.56520e-07
 1.44599e-07
 1.33991e-07
 1.50206e-06
 1.18932e-06
 9.65024e-07
 7.98641e-07
 6.71798e-07
 5.72885e-07
 4.94267e-07
 4.30752e-07
 3.78708e-07
 3.35534e-07
 2.99326e-07
 2.68664e-07
 2.42472e-07
 2.19924e-07
 2.00374e-07
 1.83314e-07
 1.68339e-07
 1.55124e-07
 1.43403e-07
 1.32960e-07
 1.34747e-06
 1.08882e-06
 8.96869e-07
 7.50803e-07
 6.37248e-07
 5.47321e-07
 4.74954e-07
 4.15894e-07
 3.67095e-07
 3.26329e-07
 2.91937e-07
 2.62665e-07
 2.37552e-07
 2.15851e-07
 1.96974e-07
 1.80454e-07
 1.65916e-07
 1.53058e-07
 1.41630e-07
 1.31430e-07
 1.17650e-06
 9.73805e-07
 8.16855e-07
 6.93533e-07
 5.95243e-07
 5.15853e-07
 4.50939e-07
 3.97265e-07
 3.52433e-07
 3.14637e-07
 2.82504e-07
 2.54975e-07
 2.31222e-07
 2.10594e-07
 1.92573e-07
 1.76742e-07
 1.62765e-07
 1.50365e-07
 1.39316e-07
 1.29431e-07
 1.00675e-06
 8.54986e-07
 7.31664e-07
 6.31104e-07
 5.48587e-07
 4.80365e-07
 4.23515e-07
 3.75769e-07
 3.35365e-07
 3.00927e-07
 2.71373e-07
 2.45850e-07
 2.23674e-07
 2.04300e-07
 1.87285e-07
 1.72269e-07
 1.58956e-07
 1.47102e-07
 1.36506e-07
 1.26997e-07
 8.49921e-07
 7.40524e-07
 6.46867e-07
 5.67325e-07
 4.99907e-07
 4.42693e-07
 3.93984e-07
 3.52342e-07
 3.16574e-07
 2.85700e-07
 2.58919e-07
 2.35573e-07
 2.15127e-07
 1.97138e-07
 1.81241e-07
 1.67136e-07
 1.54570e-07
 1.43334e-07
 1.33251e-07
 1.24172e-07
 7.11879e-07
 6.35537e-07
 5.66456e-07
 5.05179e-07
 4.51403e-07
 4.04453e-07
 3.63536e-07
 3.27867e-07
 2.96720e-07
 2.69456e-07
 2.45520e-07
 2.24438e-07
 2.05806e-07
 1.89283e-07
 1.74581e-07
 1.61454e-07
 1.49697e-07
 1.39132e-07
 1.29611e-07
 1.21004e-07
 5.94197e-07
 5.42486e-07
 4.92840e-07
 4.46724e-07
 4.04730e-07
 3.66943e-07
 3.33180e-07
 3.03122e-07
 2.76405e-07
 2.52661e-07
 2.31541e-07
 2.12727e-07
 1.95935e-07
 1.80913e-07
 1.67444e-07
 1.55338e-07
 1.44428e-07
 1.34571e-07
 1.25645e-07
 1.17541e-07
 4.95871e-07
 4.61930e-07
 4.27133e-07
 3.93167e-07
 3.60999e-07
 3.31117e-07
 3.03700e-07
 2.78745e-07
 2.56141e-07
 2.35725e-07
 2.17310e-07
 2.00704e-07
 1.85725e-07
 1.72199e-07
 1.59971e-07
 1.48898e-07
 1.38854e-07
 1.29726e-07
 1.21416e-07
 1.13835e-07
