scalar
part
         1
quad4
 3.58465e-07
 3.43524e-07
 3.25483e-07
 3.06005e-07
 2.86207e-07
 2.66805e-07
 2.48233e-07
 2.30732e-07
 2.14413e-07
 1.99306e-07
 1.85387e-07
 1.72603e-07
 1.60883e-07
 1.50148e-07
 1.40319e-07
 1.31317e-07
 1.23068e-07
 1.15502e-07
 1.08557e-07
 1.02172e-07
 4.40344e-07
 4.12799e-07
 3.83703e-07
 3.54785e-07
 3.27057e-07
 3.01055e-07
 2.77018e-07
 2.55002e-07
 2.34953e-07
 2.16759e-07
 2.00281e-07
 1.85367e-07
 1.71869e-07
 1.59644e-07
 1.48561e-07
 1.38501e-07
 1.29354e-07
 1.21023e-07
 1.13424e-07
 1.06478e-07
 5.40728e-07
 4.94918e-07
 4.50744e-07
 4.09571e-07
 3.71956e-07
 3.38005e-07
 3.07574e-07
 2.80404e-07
 2.56188e-07
 2.34610e-07
 2.15370e-07
 1.98192e-07
 1.82827e-07
 1.69055e-07
 1.56684e-07
 1.45544e-07
 1.35489e-07
 1.26390e-07
 1.18138e-07
 1.10636e-07
 6.61915e-07
 5.90521e-07
 5.26446e-07
 4.69857e-07
 4.20293e-07
 3.77046e-07
 3.39346e-07
 3.06457e-07
 2.77710e-07
 2.52517e-07
 2.30373e-07
 2.10845e-07
 1.93565e-07
 1.78222e-07
 1.64554e-07
 1.52337e-07
 1.41382e-07
 1.31528e-07
 1.22637e-07
 1.14592e-07
 8.04734e-07
 6.98972e-07
 6.09670e-07
 5.34433e-07
 4.70957e-07
 4.17228e-07
 3.71548e-07
 3.32520e-07
 2.99002e-07
 2.70065e-07
 2.44955e-07
 2.23056e-07
 2.03865e-07
 1.86970e-07
 1.72031e-07
 1.58765e-07
 1.46939e-07
 1.36357e-07
 1.26854e-07
 1.18291e-07
 9.67164e-07
 8.17630e-07
 6.97937e-07
 6.01210e-07
 5.22273e-07
 4.57235e-07
 4.03156e-07
 3.57799e-07
 3.19448e-07
 2.86775e-07
 2.58743e-07
 2.34533e-07
 2.13496e-07
 1.95113e-07
 1.78964e-07
 1.64707e-07
 1.52062e-07
 1.40798e-07
 1.30725e-07
 1.21682e-07
 1.14276e-06
 9.41172e-07
 7.87160e-07
 6.67141e-07
 5.71991e-07
 4.95409e-07
 4.32943e-07
 3.81381e-07
 3.38364e-07
 3.02128e-07
 2.71338e-07
 2.44967e-07
 2.22219e-07
 2.02465e-07
 1.85207e-07
 1.70045e-07
 1.56656e-07
 1.44776e-07
 1.34187e-07
 1.24712e-07
 1.31948e-06
 1.06127e-06
 8.71644e-07
 7.28317e-07
 6.17400e-07
 5.29846e-07
 4.59554e-07
 4.02288e-07
 3.55032e-07
 3.15592e-07
 2.82343e-07
 2.54058e-07
 2.29801e-07
 2.08844e-07
 1.90617e-07
 1.74667e-07
 1.60632e-07
 1.48217e-07
 1.37183e-07
 1.27333e-07
 1.47958e-06
 1.16702e-06
 9.44513e-07
 7.80301e-07
 6.55570e-07
 5.58567e-07
 4.81624e-07
 4.19559e-07
 3.68764e-07
 3.26666e-07
 2.91386e-07
 2.61526e-07
 2.36031e-07
 2.14089e-07
 1.95069e-07
 1.78475e-07
 1.63911e-07
 1.51059e-07
 1.39661e-07
 1.29505e-07
 1.60171e-06
 1.24635e-06
 9.98653e-07
 8.18723e-07
 6.83722e-07
 5.79748e-07
 4.97921e-07
 4.32342e-07
 3.78960e-07
 3.34918e-07
 2.98150e-07
 2.67135e-07
 2.40730e-07
 2.18062e-07
 1.98456e-07
 1.81384e-07
 1.66427e-07
 1.53249e-07
 1.41578e-07
 1.31193e-07
 1.66575e-06
 1.28869e-06
 1.02812e-06
 8.40059e-07
 6.99667e-07
 5.91979e-07
 5.07509e-07
 4.39998e-07
 3.85170e-07
 3.40025e-07
 3.02401e-07
 2.70711e-07
 2.43766e-07
 2.20662e-07
 2.00700e-07
 1.83335e-07
 1.68133e-07
 1.54749e-07
 1.42905e-07
 1.32371e-07
 1.65991e-06
 1.28808e-06
 1.02963e-06
 8.42376e-07
 7.02213e-07
 5.94491e-07
 5.09874e-07
 4.42172e-07
 3.87145e-07
 3.41807e-07
 3.04005e-07
 2.72154e-07
 2.45064e-07
 2.21832e-07
 2.01756e-07
 1.84289e-07
 1.68998e-07
 1.55535e-07
 1.43620e-07
 1.33025e-07
 1.58634e-06
 1.24534e-06
 1.00351e-06
 8.25810e-07
 6.91404e-07
 5.87289e-07
 5.05001e-07
 4.38843e-07
 3.84861e-07
 3.40242e-07
 3.02942e-07
 2.71446e-07
 2.44609e-07
 2.21557e-07
 2.01612e-07
 1.84239e-07
 1.69015e-07
 1.55600e-07
 1.43719e-07
 1.33147e-07
 1.46045e-06
 1.16792e-06
 9.53670e-07
 7.92525e-07
 6.68503e-07
 5.71137e-07
 4.93372e-07
 4.30322e-07
 3.78523e-07
 3.35469e-07
 2.99308e-07
 2.68653e-07
 2.42446e-07
 2.19871e-07
 2.00291e-07
 1.83200e-07
 1.68196e-07
 1.54953e-07
 1.43208e-07
 1.32744e-07
 1.30433e-06
 1.06728e-06
 8.86421e-07
 7.46185e-07
 6.35723e-07
 5.47424e-07
 4.75882e-07
 4.17203e-07
 3.68536e-07
 3.27766e-07
 2.93298e-07
 2.63916e-07
 2.38678e-07
 2.16850e-07
 1.97850e-07
 1.81216e-07
 1.66573e-07
 1.53619e-07
 1.42106e-07
 1.31830e-07
 1.13894e-06
 9.55488e-07
 8.08891e-07
 6.91139e-07
 5.95805e-07
 5.17923e-07
 4.53709e-07
 4.00285e-07
 3.55453e-07
 3.17526e-07
 2.85195e-07
 2.57441e-07
 2.33457e-07
 2.12606e-07
 1.94375e-07
 1.78351e-07
 1.64197e-07
 1.51637e-07
 1.40445e-07
 1.30430e-07
 9.79574e-07
 8.42550e-07
 7.27579e-07
 6.31632e-07
 5.51559e-07
 4.84529e-07
 4.28153e-07
 3.80476e-07
 3.39918e-07
 3.05211e-07
 2.75336e-07
 2.49476e-07
 2.26970e-07
 2.07282e-07
 1.89975e-07
 1.74690e-07
 1.61133e-07
 1.49059e-07
 1.38264e-07
 1.28577e-07
 8.35005e-07
 7.35378e-07
 6.47528e-07
 5.71249e-07
 5.05517e-07
 4.49034e-07
 4.00493e-07
 3.58697e-07
 3.22601e-07
 2.91315e-07
 2.64089e-07
 2.40300e-07
 2.19427e-07
 2.01038e-07
 1.84773e-07
 1.70330e-07
 1.57458e-07
 1.45945e-07
 1.35612e-07
 1.26308e-07
 7.08829e-07
 6.37880e-07
 5.72115e-07
 5.12666e-07
 4.59724e-07
 4.12975e-07
 3.71877e-07
 3.35808e-07
 3.04149e-07
 2.76327e-07
 2.51826e-07
 2.30197e-07
 2.11049e-07
 1.94047e-07
 1.78905e-07
 1.65378e-07
 1.53256e-07
 1.42363e-07
 1.32544e-07
 1.23670e-07
 6.01333e-07
 5.51662e-07
 5.03236e-07
 4.57646e-07
 4.15669e-07
 3.77558e-07
 3.43260e-07
 3.12555e-07
 2.85143e-07
 2.60700e-07
 2.38901e-07
 2.19444e-07
 2.02053e-07
 1.86481e-07
 1.72508e-07
 1.59942e-07
 1.48617e-07
 1.38385e-07
 1.29119e-07
 1.20708e-07
