scalar
part
         1
quad4
 3.38768e-07
 3.28042e-07
 3.13483e-07
 2.96833e-07
 2.79304e-07
 2.61707e-07
 2.44564e-07
 2.28187e-07
 2.12752e-07
 1.98336e-07
 1.84958e-07
 1.72593e-07
 1.61198e-07
 1.50714e-07
 1.41077e-07
 1.32220e-07
 1.24079e-07
 1.16592e-07
 1.09702e-07
 1.03354e-07
 4.20629e-07
 3.97955e-07
 3.72727e-07
 3.46835e-07
 3.21447e-07
 2.97244e-07
 2.74582e-07
 2.53613e-07
 2.34357e-07
 2.16763e-07
 2.00735e-07
 1.86157e-07
 1.72907e-07
 1.60862e-07
 1.49907e-07
 1.39934e-07
 1.30844e-07
 1.22547e-07
 1.14962e-07
 1.08018e-07
 5.21896e-07
 4.81576e-07
 4.41557e-07
 4.03486e-07
 3.68168e-07
 3.35904e-07
 3.06709e-07
 2.80437e-07
 2.56869e-07
 2.35755e-07
 2.16841e-07
 1.99887e-07
 1.84671e-07
 1.70992e-07
 1.58672e-07
 1.47552e-07
 1.37494e-07
 1.28377e-07
 1.20093e-07
 1.12551e-07
 6.45408e-07
 5.79930e-07
 5.20069e-07
 4.66446e-07
 4.18953e-07
 3.77140e-07
 3.40423e-07
 3.08197e-07
 2.79887e-07
 2.54971e-07
 2.32991e-07
 2.13547e-07
 1.96294e-07
 1.80940e-07
 1.67233e-07
 1.54958e-07
 1.43933e-07
 1.34001e-07
 1.25028e-07
 1.16899e-07
 7.92740e-07
 6.92854e-07
 6.07407e-07
 5.34665e-07
 4.72780e-07
 4.20041e-07
 3.74953e-07
 3.36252e-07
 3.02887e-07
 2.73989e-07
 2.48841e-07
 2.26857e-07
 2.07551e-07
 1.90523e-07
 1.75442e-07
 1.62032e-07
 1.50062e-07
 1.39338e-07
 1.29698e-07
 1.21004e-07
 9.62814e-07
 8.18213e-07
 7.01346e-07
 6.06169e-07
 5.28014e-07
 4.63297e-07
 4.09265e-07
 3.63793e-07
 3.25237e-07
 2.92309e-07
 2.64000e-07
 2.39509e-07
 2.18195e-07
 1.99545e-07
 1.83141e-07
 1.68644e-07
 1.55775e-07
 1.44302e-07
 1.34033e-07
 1.24808e-07
 1.15016e-06
 9.51090e-07
 7.97933e-07
 6.77927e-07
 5.82375e-07
 5.05205e-07
 4.42084e-07
 3.89862e-07
 3.46211e-07
 3.09382e-07
 2.78045e-07
 2.51175e-07
 2.27971e-07
 2.07803e-07
 1.90170e-07
 1.74668e-07
 1.60970e-07
 1.48808e-07
 1.37964e-07
 1.28255e-07
 1.34331e-06
 1.08322e-06
 8.91366e-07
 7.45884e-07
 6.33016e-07
 5.43747e-07
 4.71965e-07
 4.13410e-07
 3.65039e-07
 3.24633e-07
 2.90543e-07
 2.61525e-07
 2.36624e-07
 2.15101e-07
 1.96374e-07
 1.79980e-07
 1.65548e-07
 1.52779e-07
 1.41427e-07
 1.31291e-07
 1.52401e-06
 1.20310e-06
 9.74296e-07
 8.05254e-07
 6.76754e-07
 5.76760e-07
 4.97408e-07
 4.33377e-07
 3.80959e-07
 3.37505e-07
 3.01081e-07
 2.70249e-07
 2.43919e-07
 2.21256e-07
 2.01610e-07
 1.84468e-07
 1.69421e-07
 1.56143e-07
 1.44365e-07
 1.33872e-07
 1.66861e-06
 1.29728e-06
 1.03875e-06
 8.51123e-07
 7.10452e-07
 6.02181e-07
 5.17019e-07
 4.48798e-07
 3.93288e-07
 3.47506e-07
 3.09298e-07
 2.77077e-07
 2.49651e-07
 2.26112e-07
 2.05757e-07
 1.88036e-07
 1.72513e-07
 1.58838e-07
 1.46729e-07
 1.35955e-07
 1.75323e-06
 1.35323e-06
 1.07768e-06
 8.79307e-07
 7.31515e-07
 6.18337e-07
 5.29683e-07
 4.58910e-07
 4.01491e-07
 3.54251e-07
 3.14912e-07
 2.81799e-07
 2.53661e-07
 2.29546e-07
 2.08721e-07
 1.90612e-07
 1.74766e-07
 1.60819e-07
 1.48481e-07
 1.37511e-07
 1.76227e-06
 1.36304e-06
 1.08674e-06
 8.87255e-07
 7.38366e-07
 6.24212e-07
 5.34722e-07
 4.63245e-07
 4.05236e-07
 3.57502e-07
 3.17748e-07
 2.84285e-07
 2.55850e-07
 2.31483e-07
 2.10441e-07
 1.92147e-07
 1.76140e-07
 1.62054e-07
 1.49595e-07
 1.38519e-07
 1.69588e-06
 1.32638e-06
 1.06557e-06
 8.74669e-07
 7.30769e-07
 6.19621e-07
 5.31993e-07
 4.61692e-07
 4.04436e-07
 3.57189e-07
 3.17749e-07
 2.84488e-07
 2.56181e-07
 2.31891e-07
 2.10893e-07
 1.92620e-07
 1.76619e-07
 1.62530e-07
 1.50059e-07
 1.38969e-07
 1.56986e-06
 1.25063e-06
 1.01789e-06
 8.43550e-07
 7.09856e-07
 6.05231e-07
 5.21900e-07
 4.54503e-07
 3.99252e-07
 3.53417e-07
 3.14985e-07
 2.82455e-07
 2.54684e-07
 2.30791e-07
 2.10091e-07
 1.92041e-07
 1.76210e-07
 1.62249e-07
 1.49877e-07
 1.38862e-07
 1.40821e-06
 1.14800e-06
 9.50319e-07
 7.97665e-07
 6.77866e-07
 5.82422e-07
 5.05322e-07
 4.42252e-07
 3.90069e-07
 3.46447e-07
 3.09639e-07
 2.78315e-07
 2.51452e-07
 2.28252e-07
 2.08083e-07
 1.90446e-07
 1.74938e-07
 1.61233e-07
 1.49063e-07
 1.38210e-07
 1.23420e-06
 1.03168e-06
 8.70553e-07
 7.41651e-07
 6.37682e-07
 5.53039e-07
 4.83470e-07
 4.25754e-07
 3.77445e-07
 3.36670e-07
 3.01986e-07
 2.72268e-07
 2.46632e-07
 2.24380e-07
 2.04952e-07
 1.87898e-07
 1.72853e-07
 1.59517e-07
 1.47646e-07
 1.37035e-07
 1.06498e-06
 9.12819e-07
 7.85730e-07
 6.80121e-07
 5.92329e-07
 5.19101e-07
 4.57715e-07
 4.05956e-07
 3.62046e-07
 3.24563e-07
 2.92373e-07
 2.64566e-07
 2.40411e-07
 2.19317e-07
 2.00804e-07
 1.84477e-07
 1.70016e-07
 1.57153e-07
 1.45665e-07
 1.35368e-07
 9.10572e-07
 7.99173e-07
 7.01465e-07
 6.17025e-07
 5.44569e-07
 4.82546e-07
 4.29430e-07
 3.83840e-07
 3.44582e-07
 3.10644e-07
 2.81183e-07
 2.55498e-07
 2.33007e-07
 2.13230e-07
 1.95766e-07
 1.80284e-07
 1.66506e-07
 1.54200e-07
 1.43169e-07
 1.33248e-07
 7.75227e-07
 6.95229e-07
 6.21570e-07
 5.55353e-07
 4.96664e-07
 4.45059e-07
 3.99863e-07
 3.60333e-07
 3.25744e-07
 2.95433e-07
 2.68809e-07
 2.45362e-07
 2.24649e-07
 2.06295e-07
 1.89979e-07
 1.75428e-07
 1.62410e-07
 1.50727e-07
 1.40212e-07
 1.30720e-07
 6.59523e-07
 6.02931e-07
 5.48241e-07
 4.97105e-07
 4.50284e-07
 4.07977e-07
 3.70064e-07
 3.36249e-07
 3.06163e-07
 2.79416e-07
 2.55630e-07
 2.34453e-07
 2.15569e-07
 1.98696e-07
 1.83585e-07
 1.70022e-07
 1.57818e-07
 1.46810e-07
 1.36855e-07
 1.27832e-07
