scalar
part
         1
quad4
 4.04472e-07
 3.83277e-07
 3.59793e-07
 3.35644e-07
 3.11869e-07
 2.89097e-07
 2.67672e-07
 2.47754e-07
 2.29384e-07
 2.12531e-07
 1.97121e-07
 1.83058e-07
 1.70237e-07
 1.58550e-07
 1.47894e-07
 1.38172e-07
 1.29292e-07
 1.21172e-07
 1.13738e-07
 1.06921e-07
 4.91729e-07
 4.56317e-07
 4.20604e-07
 3.86177e-07
 3.53880e-07
 3.24093e-07
 2.96914e-07
 2.72280e-07
 2.50042e-07
 2.30008e-07
 2.11974e-07
 1.95740e-07
 1.81114e-07
 1.67921e-07
 1.56003e-07
 1.45218e-07
 1.35440e-07
 1.26558e-07
 1.18473e-07
 1.11099e-07
 5.97753e-07
 5.42131e-07
 4.90015e-07
 4.42439e-07
 3.99661e-07
 3.61529e-07
 3.27697e-07
 2.97741e-07
 2.71226e-07
 2.47740e-07
 2.26904e-07
 2.08382e-07
 1.91878e-07
 1.77135e-07
 1.63930e-07
 1.52071e-07
 1.41393e-07
 1.31751e-07
 1.23023e-07
 1.15101e-07
 7.24480e-07
 6.41043e-07
 5.67618e-07
 5.03746e-07
 4.48473e-07
 4.00711e-07
 3.59407e-07
 3.23613e-07
 2.92501e-07
 2.65367e-07
 2.41614e-07
 2.20742e-07
 2.02331e-07
 1.86029e-07
 1.71542e-07
 1.58622e-07
 1.47059e-07
 1.36676e-07
 1.27324e-07
 1.18874e-07
 8.72117e-07
 7.51959e-07
 6.51962e-07
 5.68681e-07
 4.99073e-07
 4.40600e-07
 3.91202e-07
 3.49220e-07
 3.13327e-07
 2.82458e-07
 2.55761e-07
 2.32545e-07
 2.12252e-07
 1.94427e-07
 1.78696e-07
 1.64753e-07
 1.52344e-07
 1.41256e-07
 1.31312e-07
 1.22364e-07
 1.03771e-06
 8.71655e-07
 7.40213e-07
 6.34942e-07
 5.49657e-07
 4.79807e-07
 4.22014e-07
 3.73743e-07
 3.33073e-07
 2.98529e-07
 2.68968e-07
 2.43497e-07
 2.21410e-07
 2.02143e-07
 1.85245e-07
 1.70347e-07
 1.57152e-07
 1.45412e-07
 1.34924e-07
 1.25518e-07
 1.21367e-06
 9.94181e-07
 8.27954e-07
 6.99310e-07
 5.97887e-07
 5.16627e-07
 4.50595e-07
 3.96261e-07
 3.51052e-07
 3.13059e-07
 2.80840e-07
 2.53294e-07
 2.29569e-07
 2.08995e-07
 1.91043e-07
 1.75289e-07
 1.61391e-07
 1.49070e-07
 1.38099e-07
 1.28288e-07
 1.38679e-06
 1.11072e-06
 9.09284e-07
 7.57794e-07
 6.41028e-07
 5.49158e-07
 4.75599e-07
 4.15807e-07
 3.66562e-07
 3.25531e-07
 2.90990e-07
 2.61644e-07
 2.36505e-07
 2.14808e-07
 1.95955e-07
 1.79470e-07
 1.64975e-07
 1.52162e-07
 1.40781e-07
 1.30628e-07
 1.53881e-06
 1.21026e-06
 9.77352e-07
 8.06017e-07
 6.76211e-07
 5.75472e-07
 4.95705e-07
 4.31456e-07
 3.78941e-07
 3.35465e-07
 2.99064e-07
 2.68281e-07
 2.42018e-07
 2.19430e-07
 1.99862e-07
 1.82799e-07
 1.67831e-07
 1.54628e-07
 1.42924e-07
 1.32500e-07
 1.64900e-06
 1.28120e-06
 1.02537e-06
 8.39830e-07
 7.00807e-07
 5.93853e-07
 5.09758e-07
 4.42413e-07
 3.87631e-07
 3.42460e-07
 3.04769e-07
 2.72989e-07
 2.45944e-07
 2.22735e-07
 2.02668e-07
 1.85200e-07
 1.69900e-07
 1.56422e-07
 1.44489e-07
 1.33873e-07
 1.69900e-06
 1.31393e-06
 1.04794e-06
 8.56054e-07
 7.12854e-07
 6.03041e-07
 5.16925e-07
 4.48111e-07
 3.92235e-07
 3.46233e-07
 3.07900e-07
 2.75616e-07
 2.48169e-07
 2.24636e-07
 2.04305e-07
 1.86620e-07
 1.71139e-07
 1.57511e-07
 1.45450e-07
 1.34726e-07
 1.67923e-06
 1.30363e-06
 1.04246e-06
 8.53159e-07
 7.11413e-07
 6.02437e-07
 5.16808e-07
 4.48277e-07
 3.92562e-07
 3.46647e-07
 3.08355e-07
 2.76085e-07
 2.48635e-07
 2.25089e-07
 2.04739e-07
 1.87032e-07
 1.71528e-07
 1.57876e-07
 1.45793e-07
 1.35046e-07
 1.59348e-06
 1.25210e-06
 1.00983e-06
 8.31646e-07
 6.96767e-07
 5.92204e-07
 5.09503e-07
 4.42969e-07
 3.88646e-07
 3.43722e-07
 3.06148e-07
 2.74404e-07
 2.47346e-07
 2.24095e-07
 2.03970e-07
 1.86435e-07
 1.71065e-07
 1.57517e-07
 1.45515e-07
 1.34833e-07
 1.45793e-06
 1.16735e-06
 9.54343e-07
 7.93953e-07
 6.70371e-07
 5.73244e-07
 4.95589e-07
 4.32567e-07
 3.80745e-07
 3.37636e-07
 3.01401e-07
 2.70662e-07
 2.44367e-07
 2.21703e-07
 2.02034e-07
 1.84857e-07
 1.69770e-07
 1.56449e-07
 1.44630e-07
 1.34096e-07
 1.29473e-06
 1.06104e-06
 8.82513e-07
 7.43899e-07
 6.34562e-07
 5.47040e-07
 4.76034e-07
 4.17723e-07
 3.69305e-07
 3.28701e-07
 2.94339e-07
 2.65020e-07
 2.39816e-07
 2.17999e-07
 1.98996e-07
 1.82347e-07
 1.67683e-07
 1.54703e-07
 1.43161e-07
 1.32853e-07
 1.12457e-06
 9.45129e-07
 8.01478e-07
 6.85884e-07
 5.92134e-07
 5.15416e-07
 4.52061e-07
 3.99272e-07
 3.54911e-07
 3.17333e-07
 2.85262e-07
 2.57699e-07
 2.33857e-07
 2.13109e-07
 1.94952e-07
 1.78979e-07
 1.64860e-07
 1.52323e-07
 1.41143e-07
 1.31133e-07
 9.62301e-07
 8.29435e-07
 7.17644e-07
 6.24123e-07
 5.45900e-07
 4.80282e-07
 4.24988e-07
 3.78141e-07
 3.38224e-07
 3.04012e-07
 2.74522e-07
 2.48962e-07
 2.26689e-07
 2.07182e-07
 1.90017e-07
 1.74843e-07
 1.61372e-07
 1.49364e-07
 1.38620e-07
 1.28971e-07
 8.16239e-07
 7.20599e-07
 6.35910e-07
 5.62125e-07
 4.98357e-07
 4.43418e-07
 3.96094e-07
 3.55258e-07
 3.19923e-07
 2.89240e-07
 2.62496e-07
 2.39092e-07
 2.18528e-07
 2.00387e-07
 1.84322e-07
 1.70041e-07
 1.57299e-07
 1.45892e-07
 1.35645e-07
 1.26410e-07
 6.89570e-07
 6.22266e-07
 5.59487e-07
 5.02466e-07
 4.51488e-07
 4.06327e-07
 3.66509e-07
 3.31474e-07
 3.00652e-07
 2.73508e-07
 2.49559e-07
 2.28380e-07
 2.09600e-07
 1.92899e-07
 1.78005e-07
 1.64682e-07
 1.52730e-07
 1.41976e-07
 1.32274e-07
 1.23495e-07
 5.82248e-07
 5.35812e-07
 4.90114e-07
 4.46804e-07
 4.06719e-07
 3.70171e-07
 3.37162e-07
 3.07520e-07
 2.80985e-07
 2.57264e-07
 2.36063e-07
 2.17102e-07
 2.00122e-07
 1.84893e-07
 1.71206e-07
 1.58879e-07
 1.47754e-07
 1.37691e-07
 1.28567e-07
 1.20276e-07
