scalar
part
         1
quad4
 3.57507e-07
 3.42604e-07
 3.24619e-07
 3.05205e-07
 2.85472e-07
 2.66134e-07
 2.47622e-07
 2.30176e-07
 2.13908e-07
 1.98846e-07
 1.84968e-07
 1.72220e-07
 1.60532e-07
 1.49826e-07
 1.40022e-07
 1.31043e-07
 1.22814e-07
 1.15267e-07
 1.08338e-07
 1.01969e-07
 4.39098e-07
 4.11640e-07
 3.82645e-07
 3.53829e-07
 3.26197e-07
 3.00284e-07
 2.76327e-07
 2.54382e-07
 2.34395e-07
 2.16256e-07
 1.99826e-07
 1.84954e-07
 1.71493e-07
 1.59301e-07
 1.48247e-07
 1.38212e-07
 1.29088e-07
 1.20778e-07
 1.13196e-07
 1.06267e-07
 5.39110e-07
 4.93467e-07
 4.49459e-07
 4.08438e-07
 3.70960e-07
 3.37127e-07
 3.06799e-07
 2.79718e-07
 2.55577e-07
 2.34065e-07
 2.14881e-07
 1.97751e-07
 1.82428e-07
 1.68693e-07
 1.56353e-07
 1.45241e-07
 1.35211e-07
 1.26134e-07
 1.17902e-07
 1.10416e-07
 6.59829e-07
 5.88721e-07
 5.24902e-07
 4.68532e-07
 4.19152e-07
 3.76059e-07
 3.38488e-07
 3.05706e-07
 2.77048e-07
 2.51931e-07
 2.29851e-07
 2.10377e-07
 1.93143e-07
 1.77841e-07
 1.64208e-07
 1.52022e-07
 1.41093e-07
 1.31262e-07
 1.22392e-07
 1.14365e-07
 8.02081e-07
 6.96776e-07
 6.07847e-07
 5.32908e-07
 4.69672e-07
 4.16134e-07
 3.70609e-07
 3.31707e-07
 2.98293e-07
 2.69442e-07
 2.44403e-07
 2.22564e-07
 2.03424e-07
 1.86573e-07
 1.71671e-07
 1.58438e-07
 1.46640e-07
 1.36083e-07
 1.26602e-07
 1.18059e-07
 9.63866e-07
 8.15012e-07
 6.95832e-07
 5.99493e-07
 5.20852e-07
 4.56044e-07
 4.02146e-07
 3.56933e-07
 3.18698e-07
 2.86120e-07
 2.58165e-07
 2.34020e-07
 2.13039e-07
 1.94702e-07
 1.78593e-07
 1.64370e-07
 1.51755e-07
 1.40518e-07
 1.30467e-07
 1.21444e-07
 1.13881e-06
 9.38155e-07
 7.84802e-07
 6.65258e-07
 5.70457e-07
 4.94138e-07
 4.31875e-07
 3.80472e-07
 3.37581e-07
 3.01447e-07
 2.70740e-07
 2.44439e-07
 2.21748e-07
 2.02043e-07
 1.84827e-07
 1.69701e-07
 1.56342e-07
 1.44489e-07
 1.33925e-07
 1.24470e-07
 1.31497e-06
 1.05794e-06
 8.69098e-07
 7.26315e-07
 6.15788e-07
 5.28522e-07
 4.58448e-07
 4.01351e-07
 3.54228e-07
 3.14894e-07
 2.81732e-07
 2.53519e-07
 2.29322e-07
 2.08415e-07
 1.90231e-07
 1.74318e-07
 1.60314e-07
 1.47927e-07
 1.36917e-07
 1.27088e-07
 1.47476e-06
 1.16353e-06
 9.41881e-07
 7.78247e-07
 6.53925e-07
 5.57220e-07
 4.80501e-07
 4.18609e-07
 3.67950e-07
 3.25961e-07
 2.90769e-07
 2.60982e-07
 2.35547e-07
 2.13656e-07
 1.94679e-07
 1.78122e-07
 1.63590e-07
 1.50766e-07
 1.39392e-07
 1.29258e-07
 1.59696e-06
 1.24292e-06
 9.96060e-07
 8.16696e-07
 6.82094e-07
 5.78412e-07
 4.96806e-07
 4.31397e-07
 3.78149e-07
 3.34214e-07
 2.97534e-07
 2.66591e-07
 2.40246e-07
 2.17628e-07
 1.98066e-07
 1.81031e-07
 1.66106e-07
 1.52956e-07
 1.41309e-07
 1.30946e-07
 1.66145e-06
 1.28552e-06
 1.02569e-06
 8.38131e-07
 6.98105e-07
 5.90688e-07
 5.06425e-07
 4.39074e-07
 3.84375e-07
 3.39333e-07
 3.01793e-07
 2.70173e-07
 2.43287e-07
 2.20232e-07
 2.00313e-07
 1.82983e-07
 1.67813e-07
 1.54457e-07
 1.42636e-07
 1.32124e-07
 1.65633e-06
 1.28532e-06
 1.02744e-06
 8.40608e-07
 7.00757e-07
 5.93272e-07
 5.08840e-07
 4.41285e-07
 3.86375e-07
 3.41134e-07
 3.03412e-07
 2.71627e-07
 2.44593e-07
 2.21408e-07
 2.01373e-07
 1.83942e-07
 1.68682e-07
 1.55246e-07
 1.43354e-07
 1.32779e-07
 1.58352e-06
 1.24304e-06
 1.00162e-06
 8.24234e-07
 6.90078e-07
 5.86161e-07
 5.04032e-07
 4.38003e-07
 3.84127e-07
 3.39596e-07
 3.02369e-07
 2.70934e-07
 2.44150e-07
 2.21143e-07
 2.01236e-07
 1.83897e-07
 1.68703e-07
 1.55314e-07
 1.43456e-07
 1.32904e-07
 1.45831e-06
 1.16606e-06
 9.52070e-07
 7.91151e-07
 6.67318e-07
 5.70110e-07
 4.92477e-07
 4.29537e-07
 3.77831e-07
 3.34854e-07
 2.98759e-07
 2.68160e-07
 2.42002e-07
 2.19469e-07
 1.99925e-07
 1.82866e-07
 1.67890e-07
 1.54673e-07
 1.42949e-07
 1.32505e-07
 1.30270e-06
 1.06579e-06
 8.85085e-07
 7.45001e-07
 6.34678e-07
 5.46500e-07
 4.75064e-07
 4.16476e-07
 3.67889e-07
 3.27186e-07
 2.92777e-07
 2.63446e-07
 2.38252e-07
 2.16462e-07
 1.97496e-07
 1.80892e-07
 1.66275e-07
 1.53345e-07
 1.41853e-07
 1.31595e-07
 1.13767e-06
 9.54282e-07
 8.07776e-07
 6.90124e-07
 5.94888e-07
 5.17098e-07
 4.52968e-07
 3.99618e-07
 3.54852e-07
 3.16983e-07
 2.84704e-07
 2.56994e-07
 2.33050e-07
 2.12234e-07
 1.94034e-07
 1.78038e-07
 1.63908e-07
 1.51370e-07
 1.40197e-07
 1.30201e-07
 9.78551e-07
 8.41559e-07
 7.26642e-07
 6.30760e-07
 5.50757e-07
 4.83795e-07
 4.27485e-07
 3.79867e-07
 3.39363e-07
 3.04705e-07
 2.74875e-07
 2.49054e-07
 2.26583e-07
 2.06927e-07
 1.89648e-07
 1.74388e-07
 1.60854e-07
 1.48800e-07
 1.38023e-07
 1.28353e-07
 8.34157e-07
 7.34549e-07
 6.46732e-07
 5.70496e-07
 5.04814e-07
 4.48382e-07
 3.99891e-07
 3.58143e-07
 3.22092e-07
 2.90846e-07
 2.63658e-07
 2.39903e-07
 2.19061e-07
 2.00701e-07
 1.84460e-07
 1.70041e-07
 1.57189e-07
 1.45695e-07
 1.35379e-07
 1.26091e-07
 7.08110e-07
 6.37173e-07
 5.71430e-07
 5.12012e-07
 4.59105e-07
 4.12395e-07
 3.71336e-07
 3.35304e-07
 3.03682e-07
 2.75893e-07
 2.51425e-07
 2.29825e-07
 2.10704e-07
 1.93727e-07
 1.78607e-07
 1.65101e-07
 1.52999e-07
 1.42122e-07
 1.32320e-07
 1.23459e-07
 6.00711e-07
 5.51051e-07
 5.02641e-07
 4.57073e-07
 4.15122e-07
 3.77039e-07
 3.42771e-07
 3.12097e-07
 2.84715e-07
 2.60299e-07
 2.38527e-07
 2.19096e-07
 2.01729e-07
 1.86178e-07
 1.72225e-07
 1.59679e-07
 1.48370e-07
 1.38154e-07
 1.28902e-07
 1.20505e-07
