scalar
part
         1
quad4
 4.57171e-07
 4.29163e-07
 3.99494e-07
 3.69883e-07
 3.41374e-07
 3.14545e-07
 2.89668e-07
 2.66823e-07
 2.45974e-07
 2.27021e-07
 2.09828e-07
 1.94247e-07
 1.80130e-07
 1.67333e-07
 1.55723e-07
 1.45176e-07
 1.35582e-07
 1.26841e-07
 1.18864e-07
 1.11571e-07
 5.51844e-07
 5.07468e-07
 4.63938e-07
 4.22851e-07
 3.84961e-07
 3.50513e-07
 3.19462e-07
 2.91614e-07
 2.66703e-07
 2.44440e-07
 2.24541e-07
 2.06737e-07
 1.90785e-07
 1.76467e-07
 1.63589e-07
 1.51982e-07
 1.41496e-07
 1.32001e-07
 1.23383e-07
 1.15545e-07
 6.66060e-07
 5.98694e-07
 5.36796e-07
 4.81215e-07
 4.31941e-07
 3.88551e-07
 3.50461e-07
 3.17045e-07
 2.87706e-07
 2.61901e-07
 2.39151e-07
 2.19037e-07
 2.01203e-07
 1.85340e-07
 1.71187e-07
 1.58522e-07
 1.47152e-07
 1.36916e-07
 1.27673e-07
 1.19305e-07
 8.01322e-07
 7.02697e-07
 6.17263e-07
 5.43983e-07
 4.81348e-07
 4.27807e-07
 3.81941e-07
 3.42518e-07
 3.08497e-07
 2.79010e-07
 2.53339e-07
 2.30890e-07
 2.11173e-07
 1.93782e-07
 1.78378e-07
 1.64683e-07
 1.52459e-07
 1.41510e-07
 1.31670e-07
 1.22797e-07
 9.56878e-07
 8.17594e-07
 7.03312e-07
 6.09342e-07
 5.31678e-07
 4.67071e-07
 4.12948e-07
 3.67285e-07
 3.28489e-07
 2.95307e-07
 2.66745e-07
 2.42011e-07
 2.20471e-07
 2.01612e-07
 1.85018e-07
 1.70348e-07
 1.57321e-07
 1.45706e-07
 1.35310e-07
 1.25970e-07
 1.12805e-06
 9.38994e-07
 7.91371e-07
 6.74541e-07
 5.80856e-07
 5.04792e-07
 4.42322e-07
 3.90474e-07
 3.47024e-07
 3.10291e-07
 2.78984e-07
 2.52102e-07
 2.28864e-07
 2.08649e-07
 1.90961e-07
 1.75401e-07
 1.61646e-07
 1.49429e-07
 1.38532e-07
 1.28774e-07
 1.30463e-06
 1.05949e-06
 8.76229e-07
 7.35937e-07
 6.26323e-07
 5.39153e-07
 4.68759e-07
 4.11138e-07
 3.63406e-07
 3.23443e-07
 2.89664e-07
 2.60867e-07
 2.36124e-07
 2.14714e-07
 1.96069e-07
 1.79734e-07
 1.65346e-07
 1.52609e-07
 1.41280e-07
 1.31161e-07
 1.47038e-06
 1.16887e-06
 9.51363e-07
 7.89270e-07
 6.65237e-07
 5.68221e-07
 4.90915e-07
 4.28327e-07
 3.76951e-07
 3.34265e-07
 2.98418e-07
 2.68027e-07
 2.42039e-07
 2.19646e-07
 2.00215e-07
 1.83247e-07
 1.68343e-07
 1.55182e-07
 1.43503e-07
 1.33092e-07
 1.60488e-06
 1.25544e-06
 1.00978e-06
 8.30201e-07
 6.94816e-07
 5.90157e-07
 5.07547e-07
 4.41180e-07
 3.87050e-07
 3.42318e-07
 3.04924e-07
 2.73344e-07
 2.46431e-07
 2.23308e-07
 2.03295e-07
 1.85858e-07
 1.70572e-07
 1.57097e-07
 1.45159e-07
 1.34532e-07
 1.68797e-06
 1.30838e-06
 1.04530e-06
 8.55025e-07
 7.12747e-07
 6.03469e-07
 5.17660e-07
 4.49018e-07
 3.93230e-07
 3.47265e-07
 3.08937e-07
 2.76638e-07
 2.49164e-07
 2.25597e-07
 2.05229e-07
 1.87504e-07
 1.71984e-07
 1.58317e-07
 1.46219e-07
 1.35458e-07
 1.70573e-06
 1.32046e-06
 1.05391e-06
 8.61380e-07
 7.17576e-07
 6.07226e-07
 5.20642e-07
 4.51424e-07
 3.95200e-07
 3.48898e-07
 3.10306e-07
 2.77797e-07
 2.50154e-07
 2.26450e-07
 2.05968e-07
 1.88149e-07
 1.72551e-07
 1.58817e-07
 1.46662e-07
 1.35853e-07
 1.65527e-06
 1.29018e-06
 1.03475e-06
 8.48755e-07
 7.08981e-07
 6.01216e-07
 5.16346e-07
 4.48296e-07
 3.92887e-07
 3.47165e-07
 3.08992e-07
 2.76792e-07
 2.49379e-07
 2.25848e-07
 2.05498e-07
 1.87781e-07
 1.72262e-07
 1.58590e-07
 1.46484e-07
 1.35713e-07
 1.54606e-06
 1.22227e-06
 9.90372e-07
 8.18599e-07
 6.87825e-07
 5.85975e-07
 5.05117e-07
 4.39861e-07
 3.86444e-07
 3.42170e-07
 3.05069e-07
 2.73675e-07
 2.46876e-07
 2.23819e-07
 2.03841e-07
 1.86416e-07
 1.71129e-07
 1.57645e-07
 1.45690e-07
 1.35043e-07
 1.39653e-06
 1.12627e-06
 9.26059e-07
 7.73998e-07
 6.55991e-07
 5.62694e-07
 4.87731e-07
 4.26639e-07
 3.76227e-07
 3.34163e-07
 2.98715e-07
 2.68575e-07
 2.42741e-07
 2.20436e-07
 2.01049e-07
 1.84095e-07
 1.69185e-07
 1.56006e-07
 1.44301e-07
 1.33859e-07
 1.22784e-06
 1.01382e-06
 8.48557e-07
 7.19030e-07
 6.16037e-07
 5.33027e-07
 4.65288e-07
 4.09380e-07
 3.62759e-07
 3.23515e-07
 2.90197e-07
 2.61689e-07
 2.37120e-07
 2.15807e-07
 1.97206e-07
 1.80881e-07
 1.66480e-07
 1.53714e-07
 1.42347e-07
 1.32185e-07
 1.05813e-06
 8.95920e-07
 7.64660e-07
 6.58010e-07
 5.70771e-07
 4.98848e-07
 4.39066e-07
 3.88972e-07
 3.46668e-07
 3.10679e-07
 2.79848e-07
 2.53262e-07
 2.30198e-07
 2.10073e-07
 1.92421e-07
 1.76860e-07
 1.63078e-07
 1.50820e-07
 1.39871e-07
 1.30055e-07
 8.99728e-07
 7.81073e-07
 6.80138e-07
 5.94852e-07
 5.22876e-07
 4.62019e-07
 4.10375e-07
 3.66351e-07
 3.28634e-07
 2.96152e-07
 2.68035e-07
 2.43572e-07
 2.22184e-07
 2.03397e-07
 1.86819e-07
 1.72129e-07
 1.59059e-07
 1.47386e-07
 1.36921e-07
 1.27509e-07
 7.59083e-07
 6.74769e-07
 5.99213e-07
 5.32682e-07
 4.74636e-07
 4.24205e-07
 3.80436e-07
 3.42417e-07
 3.09324e-07
 2.80437e-07
 2.55141e-07
 2.32910e-07
 2.13305e-07
 1.95952e-07
 1.80537e-07
 1.66797e-07
 1.54508e-07
 1.43481e-07
 1.33554e-07
 1.24592e-07
 6.38235e-07
 5.79801e-07
 5.24519e-07
 4.73705e-07
 4.27805e-07
 3.86768e-07
 3.50295e-07
 3.17973e-07
 2.89355e-07
 2.64009e-07
 2.41532e-07
 2.21563e-07
 2.03784e-07
 1.87916e-07
 1.73716e-07
 1.60976e-07
 1.49516e-07
 1.39178e-07
 1.29830e-07
 1.21354e-07
 5.36528e-07
 4.96990e-07
 4.57363e-07
 4.19269e-07
 3.83590e-07
 3.50729e-07
 3.20787e-07
 2.93688e-07
 2.69262e-07
 2.47292e-07
 2.27547e-07
 2.09800e-07
 1.93838e-07
 1.79462e-07
 1.66496e-07
 1.54780e-07
 1.44174e-07
 1.34553e-07
 1.25809e-07
 1.17844e-07
