scalar
part
         1
quad4
 6.30931e-07
 5.77739e-07
 5.26107e-07
 4.77676e-07
 4.33220e-07
 3.92968e-07
 3.56831e-07
 3.24549e-07
 2.95785e-07
 2.70180e-07
 2.47381e-07
 2.27061e-07
 2.08921e-07
 1.92697e-07
 1.78155e-07
 1.65090e-07
 1.53325e-07
 1.42704e-07
 1.33094e-07
 1.24376e-07
 7.43366e-07
 6.67634e-07
 5.97699e-07
 5.34689e-07
 4.78738e-07
 4.29460e-07
 3.86240e-07
 3.48386e-07
 3.15223e-07
 2.86127e-07
 2.60543e-07
 2.37988e-07
 2.18045e-07
 2.00357e-07
 1.84620e-07
 1.70573e-07
 1.57997e-07
 1.46704e-07
 1.36532e-07
 1.27344e-07
 8.75211e-07
 7.69137e-07
 6.75927e-07
 5.95248e-07
 5.25922e-07
 4.66501e-07
 4.15549e-07
 3.71767e-07
 3.34023e-07
 3.01361e-07
 2.72979e-07
 2.48211e-07
 2.26505e-07
 2.07402e-07
 1.90521e-07
 1.75544e-07
 1.62206e-07
 1.50285e-07
 1.39593e-07
 1.29972e-07
 1.02603e-06
 8.80455e-07
 7.58725e-07
 6.57457e-07
 5.73181e-07
 5.02809e-07
 4.43754e-07
 3.93908e-07
 3.51578e-07
 3.15410e-07
 2.84321e-07
 2.57443e-07
 2.34075e-07
 2.13653e-07
 1.95717e-07
 1.79889e-07
 1.65861e-07
 1.53375e-07
 1.42219e-07
 1.32213e-07
 1.19184e-06
 9.97332e-07
 8.42460e-07
 7.18459e-07
 6.18349e-07
 5.36768e-07
 4.69648e-07
 4.13912e-07
 3.67217e-07
 3.27770e-07
 2.94187e-07
 2.65389e-07
 2.40530e-07
 2.18936e-07
 2.00071e-07
 1.83502e-07
 1.68876e-07
 1.55905e-07
 1.44352e-07
 1.34021e-07
 1.36306e-06
 1.11233e-06
 9.21745e-07
 7.74454e-07
 6.58760e-07
 5.66500e-07
 4.91903e-07
 4.30825e-07
 3.80246e-07
 3.37931e-07
 3.02198e-07
 2.71768e-07
 2.45654e-07
 2.23087e-07
 2.03457e-07
 1.86282e-07
 1.71173e-07
 1.57814e-07
 1.45946e-07
 1.35358e-07
 1.52320e-06
 1.21474e-06
 9.89701e-07
 8.20986e-07
 6.91484e-07
 5.90044e-07
 5.09176e-07
 4.43716e-07
 3.90010e-07
 3.45423e-07
 3.08013e-07
 2.76327e-07
 2.49260e-07
 2.25962e-07
 2.05766e-07
 1.88147e-07
 1.72688e-07
 1.59050e-07
 1.46959e-07
 1.36191e-07
 1.64987e-06
 1.29185e-06
 1.03889e-06
 8.53550e-07
 7.13704e-07
 6.05586e-07
 5.20273e-07
 4.51776e-07
 3.95950e-07
 3.49853e-07
 3.11350e-07
 2.78861e-07
 2.51198e-07
 2.27450e-07
 2.06912e-07
 1.89032e-07
 1.73370e-07
 1.59575e-07
 1.47361e-07
 1.36496e-07
 1.71996e-06
 1.33181e-06
 1.06284e-06
 8.68440e-07
 7.23198e-07
 6.11745e-07
 5.24307e-07
 4.54422e-07
 3.97671e-07
 3.50949e-07
 3.12019e-07
 2.79236e-07
 2.51368e-07
 2.27479e-07
 2.06844e-07
 1.88897e-07
 1.73190e-07
 1.59366e-07
 1.47134e-07
 1.36259e-07
 1.71816e-06
 1.32737e-06
 1.05783e-06
 8.63603e-07
 7.18783e-07
 6.07809e-07
 5.20835e-07
 4.51370e-07
 3.94990e-07
 3.48589e-07
 3.09937e-07
 2.77393e-07
 2.49732e-07
 2.26021e-07
 2.05540e-07
 1.87727e-07
 1.72138e-07
 1.58416e-07
 1.46274e-07
 1.35478e-07
 1.64383e-06
 1.27847e-06
 1.02395e-06
 8.39156e-07
 7.00569e-07
 5.93876e-07
 5.09938e-07
 4.42687e-07
 3.87959e-07
 3.42817e-07
 3.05139e-07
 2.73362e-07
 2.46313e-07
 2.23096e-07
 2.03018e-07
 1.85538e-07
 1.70225e-07
 1.56735e-07
 1.44788e-07
 1.34159e-07
 1.51094e-06
 1.19214e-06
 9.65041e-07
 7.97356e-07
 6.69945e-07
 5.70835e-07
 4.92209e-07
 4.28780e-07
 3.76866e-07
 3.33839e-07
 2.97778e-07
 2.67258e-07
 2.41198e-07
 2.18771e-07
 1.99331e-07
 1.82370e-07
 1.67484e-07
 1.54349e-07
 1.42700e-07
 1.32320e-07
 1.34137e-06
 1.07992e-06
 8.87594e-07
 7.42043e-07
 6.29293e-07
 5.40223e-07
 4.68670e-07
 4.10348e-07
 3.62202e-07
 3.22006e-07
 2.88111e-07
 2.59270e-07
 2.34532e-07
 2.13156e-07
 1.94563e-07
 1.78290e-07
 1.63969e-07
 1.51301e-07
 1.40041e-07
 1.29989e-07
 1.15725e-06
 9.54389e-07
 7.99076e-07
 6.77824e-07
 5.81551e-07
 5.03969e-07
 4.40624e-07
 3.88292e-07
 3.44602e-07
 3.07778e-07
 2.76473e-07
 2.49650e-07
 2.26503e-07
 2.06397e-07
 1.88826e-07
 1.73386e-07
 1.59749e-07
 1.47646e-07
 1.36858e-07
 1.27202e-07
 9.76289e-07
 8.26606e-07
 7.06518e-07
 6.09265e-07
 5.29749e-07
 4.64130e-07
 4.09493e-07
 3.63616e-07
 3.24788e-07
 2.91680e-07
 2.63254e-07
 2.38690e-07
 2.17334e-07
 1.98664e-07
 1.82255e-07
 1.67764e-07
 1.54907e-07
 1.43452e-07
 1.33205e-07
 1.24004e-07
 8.10128e-07
 7.04781e-07
 6.15615e-07
 5.40314e-07
 4.76647e-07
 4.22652e-07
 3.76670e-07
 3.37328e-07
 3.03498e-07
 2.74262e-07
 2.48868e-07
 2.26704e-07
 2.07267e-07
 1.90145e-07
 1.74997e-07
 1.61539e-07
 1.49537e-07
 1.38793e-07
 1.29142e-07
 1.20443e-07
 6.64759e-07
 5.94028e-07
 5.30369e-07
 4.73994e-07
 4.24495e-07
 3.81207e-07
 3.43399e-07
 3.10359e-07
 2.81436e-07
 2.56057e-07
 2.33723e-07
 2.14008e-07
 1.96548e-07
 1.81035e-07
 1.67204e-07
 1.54835e-07
 1.43737e-07
 1.33750e-07
 1.24734e-07
 1.16574e-07
 5.41840e-07
 4.96774e-07
 4.53145e-07
 4.12340e-07
 3.74948e-07
 3.41108e-07
 3.10706e-07
 2.83508e-07
 2.59223e-07
 2.37551e-07
 2.18201e-07
 2.00903e-07
 1.85416e-07
 1.71522e-07
 1.59030e-07
 1.47774e-07
 1.37607e-07
 1.28402e-07
 1.20049e-07
 1.12451e-07
 4.40284e-07
 4.13481e-07
 3.84973e-07
 3.56496e-07
 3.29080e-07
 3.03285e-07
 2.79372e-07
 2.57415e-07
 2.37379e-07
 2.19163e-07
 2.02638e-07
 1.87662e-07
 1.74091e-07
 1.61786e-07
 1.50621e-07
 1.40476e-07
 1.31245e-07
 1.22833e-07
 1.15154e-07
 1.08131e-07
 3.57616e-07
 3.43377e-07
 3.25920e-07
 3.06907e-07
 2.87465e-07
 2.68326e-07
 2.49937e-07
 2.32557e-07
 2.16310e-07
 2.01236e-07
 1.87322e-07
 1.74521e-07
 1.62768e-07
 1.51990e-07
 1.42109e-07
 1.33051e-07
 1.24744e-07
 1.17118e-07
 1.10112e-07
 1.03668e-07
