scalar
part
         1
quad4
 5.58449e-07
 5.14685e-07
 4.71437e-07
 4.30317e-07
 3.92159e-07
 3.57291e-07
 3.25740e-07
 2.97357e-07
 2.71912e-07
 2.49134e-07
 2.28752e-07
 2.10503e-07
 1.94145e-07
 1.79459e-07
 1.66250e-07
 1.54346e-07
 1.43594e-07
 1.33862e-07
 1.25034e-07
 1.17007e-07
 6.61900e-07
 5.98208e-07
 5.38607e-07
 4.84328e-07
 4.35692e-07
 3.92519e-07
 3.54388e-07
 3.20783e-07
 2.91179e-07
 2.65074e-07
 2.42016e-07
 2.21603e-07
 2.03486e-07
 1.87362e-07
 1.72971e-07
 1.60089e-07
 1.48525e-07
 1.38114e-07
 1.28716e-07
 1.20209e-07
 7.84114e-07
 6.93325e-07
 6.12717e-07
 5.42322e-07
 4.81358e-07
 4.28738e-07
 3.83336e-07
 3.44102e-07
 3.10108e-07
 2.80555e-07
 2.54768e-07
 2.32179e-07
 2.12315e-07
 1.94778e-07
 1.79236e-07
 1.65411e-07
 1.53070e-07
 1.42014e-07
 1.32078e-07
 1.23120e-07
 9.25220e-07
 7.98782e-07
 6.92142e-07
 6.02735e-07
 5.27805e-07
 4.64840e-07
 4.11698e-07
 3.66612e-07
 3.28146e-07
 2.95143e-07
 2.66666e-07
 2.41962e-07
 2.20418e-07
 2.01536e-07
 1.84910e-07
 1.70203e-07
 1.57140e-07
 1.45490e-07
 1.35061e-07
 1.25692e-07
 1.08229e-06
 9.11162e-07
 7.73848e-07
 6.63118e-07
 5.73139e-07
 4.99384e-07
 4.38384e-07
 3.87490e-07
 3.44672e-07
 3.08364e-07
 2.77347e-07
 2.50669e-07
 2.27576e-07
 2.07465e-07
 1.89856e-07
 1.74357e-07
 1.60650e-07
 1.48472e-07
 1.37608e-07
 1.27879e-07
 1.24751e-06
 1.02419e-06
 8.53182e-07
 7.20121e-07
 6.14967e-07
 5.30657e-07
 4.62160e-07
 4.05840e-07
 3.59025e-07
 3.19727e-07
 2.86443e-07
 2.58023e-07
 2.33575e-07
 2.12401e-07
 1.93947e-07
 1.77772e-07
 1.63519e-07
 1.50897e-07
 1.39669e-07
 1.29639e-07
 1.40685e-06
 1.12854e-06
 9.24018e-07
 7.69694e-07
 6.50573e-07
 5.56808e-07
 4.81743e-07
 4.20755e-07
 3.70557e-07
 3.28763e-07
 2.93608e-07
 2.63765e-07
 2.38221e-07
 2.16193e-07
 1.97068e-07
 1.80359e-07
 1.65677e-07
 1.52709e-07
 1.41199e-07
 1.30938e-07
 1.54064e-06
 1.21275e-06
 9.79478e-07
 8.07576e-07
 6.77236e-07
 5.76053e-07
 4.95934e-07
 4.31413e-07
 3.78691e-07
 3.35058e-07
 2.98541e-07
 2.67674e-07
 2.41349e-07
 2.18719e-07
 1.99123e-07
 1.82044e-07
 1.67068e-07
 1.53864e-07
 1.42163e-07
 1.31746e-07
 1.62763e-06
 1.26554e-06
 1.01321e-06
 8.30016e-07
 6.92649e-07
 5.86921e-07
 5.03767e-07
 4.37163e-07
 3.82979e-07
 3.38299e-07
 3.01019e-07
 2.69587e-07
 2.42839e-07
 2.19888e-07
 2.00046e-07
 1.82776e-07
 1.67650e-07
 1.54329e-07
 1.42535e-07
 1.32044e-07
 1.65184e-06
 1.27891e-06
 1.02090e-06
 8.34541e-07
 6.95328e-07
 5.88487e-07
 5.04645e-07
 4.37610e-07
 3.83152e-07
 3.38299e-07
 3.00910e-07
 2.69410e-07
 2.42623e-07
 2.19649e-07
 1.99798e-07
 1.82525e-07
 1.67403e-07
 1.54089e-07
 1.42304e-07
 1.31823e-07
 1.60875e-06
 1.25066e-06
 1.00140e-06
 8.20509e-07
 6.84900e-07
 5.80528e-07
 4.98433e-07
 4.32669e-07
 3.79158e-07
 3.35024e-07
 2.98191e-07
 2.67129e-07
 2.40689e-07
 2.17997e-07
 1.98374e-07
 1.81290e-07
 1.66325e-07
 1.53142e-07
 1.41468e-07
 1.31081e-07
 1.50658e-06
 1.18494e-06
 9.56948e-07
 7.89237e-07
 6.62174e-07
 5.63560e-07
 4.85473e-07
 4.22574e-07
 3.71159e-07
 3.28592e-07
 2.92950e-07
 2.62808e-07
 2.37089e-07
 2.14969e-07
 1.95806e-07
 1.79095e-07
 1.64435e-07
 1.51503e-07
 1.40039e-07
 1.29829e-07
 1.36231e-06
 1.09064e-06
 8.92549e-07
 7.43670e-07
 6.28968e-07
 5.38752e-07
 4.66538e-07
 4.07852e-07
 3.59525e-07
 3.19265e-07
 2.85377e-07
 2.56588e-07
 2.31928e-07
 2.10646e-07
 1.92154e-07
 1.75986e-07
 1.61770e-07
 1.49204e-07
 1.38044e-07
 1.28086e-07
 1.19587e-06
 9.78840e-07
 8.14675e-07
 6.87757e-07
 5.87780e-07
 5.07733e-07
 4.42723e-07
 3.89255e-07
 3.44784e-07
 3.07422e-07
 2.75748e-07
 2.48674e-07
 2.25360e-07
 2.05146e-07
 1.87511e-07
 1.72037e-07
 1.58387e-07
 1.46289e-07
 1.35516e-07
 1.25883e-07
 1.02525e-06
 8.60325e-07
 7.29985e-07
 6.25737e-07
 5.41380e-07
 4.72358e-07
 4.15297e-07
 3.67672e-07
 3.27569e-07
 2.93523e-07
 2.64402e-07
 2.39320e-07
 2.17576e-07
 1.98615e-07
 1.81988e-07
 1.67334e-07
 1.54357e-07
 1.42813e-07
 1.32501e-07
 1.23255e-07
 8.63711e-07
 7.43860e-07
 6.44303e-07
 5.61527e-07
 4.92442e-07
 4.34482e-07
 3.85570e-07
 3.44040e-07
 3.08561e-07
 2.78070e-07
 2.51714e-07
 2.28807e-07
 2.08794e-07
 1.91221e-07
 1.75718e-07
 1.61982e-07
 1.49760e-07
 1.38842e-07
 1.29053e-07
 1.20245e-07
 7.19079e-07
 6.35462e-07
 5.62051e-07
 4.98324e-07
 4.43276e-07
 3.95781e-07
 3.54764e-07
 3.19259e-07
 2.88430e-07
 2.61565e-07
 2.38066e-07
 2.17431e-07
 1.99239e-07
 1.83140e-07
 1.68840e-07
 1.56091e-07
 1.44686e-07
 1.34448e-07
 1.25229e-07
 1.16902e-07
 5.94534e-07
 5.38469e-07
 4.86111e-07
 4.38444e-07
 3.95680e-07
 3.57634e-07
 3.23934e-07
 2.94137e-07
 2.67795e-07
 2.44487e-07
 2.23828e-07
 2.05478e-07
 1.89139e-07
 1.74553e-07
 1.61496e-07
 1.49776e-07
 1.39227e-07
 1.29707e-07
 1.21091e-07
 1.13275e-07
 4.90075e-07
 4.54096e-07
 4.18000e-07
 3.83335e-07
 3.50912e-07
 3.21082e-07
 2.93919e-07
 2.69343e-07
 2.47190e-07
 2.27258e-07
 2.09336e-07
 1.93218e-07
 1.78710e-07
 1.65633e-07
 1.53828e-07
 1.43151e-07
 1.33477e-07
 1.24693e-07
 1.16702e-07
 1.09416e-07
 4.03926e-07
 3.82125e-07
 3.58190e-07
 3.33721e-07
 3.09733e-07
 2.86830e-07
 2.65338e-07
 2.45401e-07
 2.27048e-07
 2.10236e-07
 1.94884e-07
 1.80891e-07
 1.68146e-07
 1.56539e-07
 1.45965e-07
 1.36324e-07
 1.27524e-07
 1.19483e-07
 1.12123e-07
 1.05378e-07
