scalar
part
         1
quad4
 5.21077e-07
 4.83118e-07
 4.44872e-07
 4.07993e-07
 3.73392e-07
 3.41490e-07
 3.12402e-07
 2.86065e-07
 2.62318e-07
 2.40955e-07
 2.21752e-07
 2.04491e-07
 1.88963e-07
 1.74977e-07
 1.62360e-07
 1.50959e-07
 1.40637e-07
 1.31272e-07
 1.22759e-07
 1.15004e-07
 6.21464e-07
 5.64851e-07
 5.11142e-07
 4.61704e-07
 4.17013e-07
 3.77047e-07
 3.41520e-07
 3.10035e-07
 2.82160e-07
 2.57471e-07
 2.35578e-07
 2.16128e-07
 1.98811e-07
 1.83354e-07
 1.69521e-07
 1.57110e-07
 1.45944e-07
 1.35872e-07
 1.26762e-07
 1.18502e-07
 7.40962e-07
 6.58706e-07
 5.84921e-07
 5.19935e-07
 4.63244e-07
 4.14003e-07
 3.71280e-07
 3.34180e-07
 3.01894e-07
 2.73717e-07
 2.49046e-07
 2.27367e-07
 2.08249e-07
 1.91328e-07
 1.76297e-07
 1.62899e-07
 1.50915e-07
 1.40160e-07
 1.30479e-07
 1.21738e-07
 8.80213e-07
 7.63838e-07
 6.64885e-07
 5.81334e-07
 5.10876e-07
 4.51343e-07
 4.00854e-07
 3.57834e-07
 3.20992e-07
 2.89274e-07
 2.61823e-07
 2.37943e-07
 2.17067e-07
 1.98730e-07
 1.82551e-07
 1.68214e-07
 1.55457e-07
 1.44064e-07
 1.33849e-07
 1.24661e-07
 1.03709e-06
 8.77392e-07
 7.48368e-07
 6.43684e-07
 5.58155e-07
 4.87710e-07
 4.29202e-07
 3.80204e-07
 3.38845e-07
 3.03671e-07
 2.73545e-07
 2.47572e-07
 2.25042e-07
 2.05386e-07
 1.88144e-07
 1.72945e-07
 1.59484e-07
 1.47509e-07
 1.36814e-07
 1.27225e-07
 1.20491e-06
 9.93776e-07
 8.31110e-07
 7.03852e-07
 6.02805e-07
 5.21451e-07
 4.55116e-07
 4.00400e-07
 3.54793e-07
 3.16415e-07
 2.83839e-07
 2.55970e-07
 2.31954e-07
 2.11122e-07
 1.92941e-07
 1.76985e-07
 1.62908e-07
 1.50429e-07
 1.39318e-07
 1.29383e-07
 1.37102e-06
 1.10435e-06
 9.07314e-07
 7.57935e-07
 6.42165e-07
 5.50725e-07
 4.77306e-07
 4.17502e-07
 3.68169e-07
 3.27016e-07
 2.92341e-07
 2.62861e-07
 2.37595e-07
 2.15780e-07
 1.96818e-07
 1.80236e-07
 1.65653e-07
 1.52762e-07
 1.41312e-07
 1.31097e-07
 1.51698e-06
 1.19811e-06
 9.70226e-07
 8.01667e-07
 6.73469e-07
 5.73692e-07
 4.94516e-07
 4.30637e-07
 3.78356e-07
 3.35030e-07
 2.98726e-07
 2.68006e-07
 2.41783e-07
 2.19221e-07
 1.99670e-07
 1.82617e-07
 1.67656e-07
 1.54457e-07
 1.42756e-07
 1.32333e-07
 1.62182e-06
 1.26361e-06
 1.01326e-06
 8.31081e-07
 6.94230e-07
 5.88744e-07
 5.05678e-07
 4.39076e-07
 3.84847e-07
 3.40096e-07
 3.02732e-07
 2.71212e-07
 2.44375e-07
 2.21337e-07
 2.01413e-07
 1.84064e-07
 1.68865e-07
 1.55475e-07
 1.43617e-07
 1.33066e-07
 1.66805e-06
 1.29181e-06
 1.03140e-06
 8.43246e-07
 7.02659e-07
 5.94743e-07
 5.10046e-07
 4.42320e-07
 3.87295e-07
 3.41970e-07
 3.04186e-07
 2.72352e-07
 2.45278e-07
 2.22059e-07
 2.01994e-07
 1.84535e-07
 1.69249e-07
 1.55790e-07
 1.43877e-07
 1.33282e-07
 1.64770e-06
 1.27867e-06
 1.02245e-06
 8.36884e-07
 6.97980e-07
 5.91205e-07
 5.07307e-07
 4.40157e-07
 3.85558e-07
 3.40555e-07
 3.03017e-07
 2.71376e-07
 2.44455e-07
 2.21358e-07
 2.01392e-07
 1.84015e-07
 1.68797e-07
 1.55394e-07
 1.43528e-07
 1.32973e-07
 1.56489e-06
 1.22624e-06
 9.87509e-07
 8.12630e-07
 6.80579e-07
 5.78373e-07
 4.97621e-07
 4.32697e-07
 3.79711e-07
 3.35903e-07
 2.99265e-07
 2.68313e-07
 2.41927e-07
 2.19251e-07
 1.99621e-07
 1.82514e-07
 1.67515e-07
 1.54292e-07
 1.42575e-07
 1.32144e-07
 1.43377e-06
 1.14186e-06
 9.30644e-07
 7.72869e-07
 6.51919e-07
 5.57178e-07
 4.81598e-07
 4.20353e-07
 3.70042e-07
 3.28217e-07
 2.93075e-07
 2.63270e-07
 2.37775e-07
 2.15800e-07
 1.96727e-07
 1.80068e-07
 1.65433e-07
 1.52508e-07
 1.41037e-07
 1.30810e-07
 1.27367e-06
 1.03600e-06
 8.57877e-07
 7.21223e-07
 6.14262e-07
 5.29082e-07
 4.60214e-07
 4.03790e-07
 3.57014e-07
 3.17828e-07
 2.84688e-07
 2.56424e-07
 2.32130e-07
 2.11103e-07
 1.92787e-07
 1.76737e-07
 1.62597e-07
 1.50078e-07
 1.38942e-07
 1.28994e-07
 1.10372e-06
 9.19758e-07
 7.75891e-07
 6.61862e-07
 5.70296e-07
 4.95864e-07
 4.34673e-07
 3.83844e-07
 3.41219e-07
 3.05161e-07
 2.74415e-07
 2.48006e-07
 2.25168e-07
 2.05295e-07
 1.87903e-07
 1.72600e-07
 1.59070e-07
 1.47052e-07
 1.36331e-07
 1.26729e-07
 9.39018e-07
 8.02712e-07
 6.90866e-07
 5.98849e-07
 5.22743e-07
 4.59385e-07
 4.06272e-07
 3.61432e-07
 3.23316e-07
 2.90700e-07
 2.62614e-07
 2.38285e-07
 2.17091e-07
 1.98531e-07
 1.82197e-07
 1.67754e-07
 1.54928e-07
 1.43491e-07
 1.33253e-07
 1.24054e-07
 7.89072e-07
 6.91821e-07
 6.07728e-07
 5.35648e-07
 4.74049e-07
 4.21388e-07
 3.76264e-07
 3.37468e-07
 3.03979e-07
 2.74945e-07
 2.49662e-07
 2.27548e-07
 2.08121e-07
 1.90984e-07
 1.75803e-07
 1.62304e-07
 1.50255e-07
 1.39462e-07
 1.29761e-07
 1.21014e-07
 6.58311e-07
 5.91237e-07
 5.29863e-07
 4.74879e-07
 4.26197e-07
 3.83360e-07
 3.45767e-07
 3.12793e-07
 2.83844e-07
 2.58382e-07
 2.35933e-07
 2.16085e-07
 1.98485e-07
 1.82830e-07
 1.68863e-07
 1.56363e-07
 1.45141e-07
 1.35039e-07
 1.25917e-07
 1.17657e-07
 5.47518e-07
 5.02774e-07
 4.59212e-07
 4.18277e-07
 3.80630e-07
 3.46462e-07
 3.15698e-07
 2.88128e-07
 2.63478e-07
 2.41455e-07
 2.21775e-07
 2.04170e-07
 1.88400e-07
 1.74245e-07
 1.61516e-07
 1.50043e-07
 1.39679e-07
 1.30296e-07
 1.21780e-07
 1.14035e-07
 4.55349e-07
 4.26616e-07
 3.96568e-07
 3.66803e-07
 3.38279e-07
 3.11518e-07
 2.86756e-07
 2.64050e-07
 2.43350e-07
 2.24546e-07
 2.07498e-07
 1.92056e-07
 1.78069e-07
 1.65394e-07
 1.53897e-07
 1.43455e-07
 1.33958e-07
 1.25307e-07
 1.17413e-07
 1.10198e-07
