scalar
part
         1
quad4
 4.32369e-07
 4.08055e-07
 3.81595e-07
 3.54722e-07
 3.28524e-07
 3.03631e-07
 2.80371e-07
 2.58875e-07
 2.39153e-07
 2.21142e-07
 2.04740e-07
 1.89825e-07
 1.76270e-07
 1.63951e-07
 1.52747e-07
 1.42548e-07
 1.33253e-07
 1.24769e-07
 1.17015e-07
 1.09916e-07
 5.24485e-07
 4.84717e-07
 4.45049e-07
 4.07154e-07
 3.71879e-07
 3.39566e-07
 3.10260e-07
 2.83838e-07
 2.60098e-07
 2.38799e-07
 2.19698e-07
 2.02558e-07
 1.87162e-07
 1.73311e-07
 1.60828e-07
 1.49555e-07
 1.39354e-07
 1.30103e-07
 1.21697e-07
 1.14041e-07
 6.36172e-07
 5.74505e-07
 5.17191e-07
 4.65260e-07
 4.18885e-07
 3.77800e-07
 3.41547e-07
 3.09603e-07
 2.81451e-07
 2.56609e-07
 2.34645e-07
 2.15178e-07
 1.97878e-07
 1.82461e-07
 1.68682e-07
 1.56330e-07
 1.45227e-07
 1.35218e-07
 1.26170e-07
 1.17969e-07
 7.69227e-07
 6.77524e-07
 5.97402e-07
 5.28187e-07
 4.68672e-07
 4.17540e-07
 3.73549e-07
 3.35598e-07
 3.02743e-07
 2.74187e-07
 2.49267e-07
 2.27428e-07
 2.08211e-07
 1.91232e-07
 1.76171e-07
 1.62762e-07
 1.50780e-07
 1.40036e-07
 1.30370e-07
 1.21646e-07
 9.23399e-07
 7.92254e-07
 6.83898e-07
 5.94274e-07
 5.19830e-07
 4.57638e-07
 4.05350e-07
 3.61097e-07
 3.23399e-07
 2.91081e-07
 2.63207e-07
 2.39026e-07
 2.17934e-07
 1.99442e-07
 1.83150e-07
 1.68732e-07
 1.55916e-07
 1.44478e-07
 1.34232e-07
 1.25020e-07
 1.09476e-06
 9.14761e-07
 7.73378e-07
 6.60926e-07
 5.70371e-07
 4.96587e-07
 4.35809e-07
 3.85237e-07
 3.42764e-07
 3.06789e-07
 2.76077e-07
 2.49670e-07
 2.26813e-07
 2.06906e-07
 1.89471e-07
 1.74120e-07
 1.60539e-07
 1.48467e-07
 1.37693e-07
 1.28038e-07
 1.27404e-06
 1.03813e-06
 8.60873e-07
 7.24612e-07
 6.17783e-07
 5.32589e-07
 4.63627e-07
 4.07066e-07
 3.60134e-07
 3.20783e-07
 2.87480e-07
 2.59056e-07
 2.34611e-07
 2.13441e-07
 1.94990e-07
 1.78815e-07
 1.64558e-07
 1.51930e-07
 1.40694e-07
 1.30652e-07
 1.44594e-06
 1.15251e-06
 9.39980e-07
 7.81099e-07
 6.59216e-07
 5.63685e-07
 4.87434e-07
 4.25613e-07
 3.74806e-07
 3.32549e-07
 2.97032e-07
 2.66896e-07
 2.41110e-07
 2.18877e-07
 1.99575e-07
 1.82711e-07
 1.67892e-07
 1.54802e-07
 1.43181e-07
 1.32818e-07
 1.59035e-06
 1.24618e-06
 1.00360e-06
 8.25939e-07
 6.91794e-07
 5.87966e-07
 5.05931e-07
 4.39972e-07
 3.86138e-07
 3.41623e-07
 3.04392e-07
 2.72936e-07
 2.46118e-07
 2.23068e-07
 2.03113e-07
 1.85720e-07
 1.70470e-07
 1.57025e-07
 1.45110e-07
 1.34501e-07
 1.68628e-06
 1.30772e-06
 1.04517e-06
 8.55163e-07
 7.13025e-07
 6.03816e-07
 5.18038e-07
 4.49403e-07
 3.93611e-07
 3.47634e-07
 3.09291e-07
 2.76975e-07
 2.49483e-07
 2.25899e-07
 2.05514e-07
 1.87774e-07
 1.72238e-07
 1.58557e-07
 1.46445e-07
 1.35672e-07
 1.71769e-06
 1.32880e-06
 1.06002e-06
 8.66031e-07
 7.21221e-07
 6.10151e-07
 5.23037e-07
 4.53418e-07
 3.96884e-07
 3.50338e-07
 3.11550e-07
 2.78882e-07
 2.51108e-07
 2.27295e-07
 2.06722e-07
 1.88826e-07
 1.73160e-07
 1.59370e-07
 1.47165e-07
 1.36313e-07
 1.67916e-06
 1.30663e-06
 1.04661e-06
 8.57617e-07
 7.15801e-07
 6.06594e-07
 5.20674e-07
 4.51839e-07
 3.95832e-07
 3.49644e-07
 3.11103e-07
 2.78607e-07
 2.50954e-07
 2.27225e-07
 2.06712e-07
 1.88858e-07
 1.73221e-07
 1.59450e-07
 1.47259e-07
 1.36415e-07
 1.57838e-06
 1.24496e-06
 1.00690e-06
 8.31024e-07
 6.97411e-07
 5.93535e-07
 5.11193e-07
 4.44825e-07
 3.90556e-07
 3.45620e-07
 3.07996e-07
 2.76182e-07
 2.49043e-07
 2.25707e-07
 2.05496e-07
 1.87878e-07
 1.72427e-07
 1.58804e-07
 1.46730e-07
 1.35980e-07
 1.43337e-06
 1.15293e-06
 9.45903e-07
 7.89133e-07
 6.67787e-07
 5.72064e-07
 4.95298e-07
 4.32841e-07
 3.81376e-07
 3.38488e-07
 3.02385e-07
 2.71719e-07
 2.45456e-07
 2.22799e-07
 2.03119e-07
 1.85920e-07
 1.70804e-07
 1.57449e-07
 1.45594e-07
 1.35022e-07
 1.26592e-06
 1.04236e-06
 8.70344e-07
 7.35969e-07
 6.29430e-07
 5.43782e-07
 4.74047e-07
 4.16604e-07
 3.68786e-07
 3.28596e-07
 2.94522e-07
 2.65400e-07
 2.40331e-07
 2.18604e-07
 1.99658e-07
 1.83044e-07
 1.68398e-07
 1.55424e-07
 1.43879e-07
 1.33562e-07
 1.09520e-06
 9.24677e-07
 7.87216e-07
 6.75920e-07
 5.85169e-07
 5.10562e-07
 4.48706e-07
 3.96989e-07
 3.53402e-07
 3.16386e-07
 2.84726e-07
 2.57463e-07
 2.33842e-07
 2.13255e-07
 1.95216e-07
 1.79329e-07
 1.65270e-07
 1.52775e-07
 1.41624e-07
 1.31632e-07
 9.34507e-07
 8.08931e-07
 7.02570e-07
 6.13047e-07
 5.37759e-07
 4.74300e-07
 4.20599e-07
 3.74935e-07
 3.35901e-07
 3.02352e-07
 2.73362e-07
 2.48181e-07
 2.26197e-07
 2.06911e-07
 1.89915e-07
 1.74869e-07
 1.61497e-07
 1.49563e-07
 1.38875e-07
 1.29269e-07
 7.90988e-07
 7.01066e-07
 6.20909e-07
 5.50645e-07
 4.89584e-07
 4.36719e-07
 3.90980e-07
 3.51360e-07
 3.16960e-07
 2.86998e-07
 2.60813e-07
 2.37844e-07
 2.17620e-07
 1.99745e-07
 1.83889e-07
 1.69772e-07
 1.57161e-07
 1.45856e-07
 1.35689e-07
 1.26518e-07
 6.67123e-07
 6.04211e-07
 5.45104e-07
 4.91077e-07
 4.42501e-07
 3.99247e-07
 3.60938e-07
 3.27094e-07
 2.97212e-07
 2.70812e-07
 2.47452e-07
 2.26742e-07
 2.08335e-07
 1.91934e-07
 1.77280e-07
 1.64150e-07
 1.52353e-07
 1.41724e-07
 1.32123e-07
 1.23427e-07
 5.62503e-07
 5.19412e-07
 4.76644e-07
 4.35824e-07
 3.97812e-07
 3.62969e-07
 3.31350e-07
 3.02835e-07
 2.77212e-07
 2.54229e-07
 2.33626e-07
 2.15149e-07
 1.98563e-07
 1.83653e-07
 1.70227e-07
 1.58115e-07
 1.47165e-07
 1.37245e-07
 1.28239e-07
 1.20045e-07
