scalar
part
         1
quad4
 5.59105e-07
 5.16477e-07
 4.74120e-07
 4.33656e-07
 3.95950e-07
 3.61366e-07
 3.29966e-07
 3.01637e-07
 2.76170e-07
 2.53320e-07
 2.32829e-07
 2.14448e-07
 1.97944e-07
 1.83104e-07
 1.69739e-07
 1.57678e-07
 1.46773e-07
 1.36893e-07
 1.27921e-07
 1.19758e-07
 6.63344e-07
 6.01016e-07
 5.42409e-07
 4.88802e-07
 4.40576e-07
 3.97612e-07
 3.59544e-07
 3.25899e-07
 2.96183e-07
 2.69921e-07
 2.46677e-07
 2.26064e-07
 2.07739e-07
 1.91408e-07
 1.76813e-07
 1.63734e-07
 1.51982e-07
 1.41391e-07
 1.31823e-07
 1.23156e-07
 7.86813e-07
 6.97624e-07
 6.18068e-07
 5.48293e-07
 4.87626e-07
 4.35080e-07
 3.89599e-07
 3.50189e-07
 3.15960e-07
 2.86139e-07
 2.60071e-07
 2.37198e-07
 2.17055e-07
 1.99249e-07
 1.83450e-07
 1.69383e-07
 1.56814e-07
 1.45545e-07
 1.35410e-07
 1.26266e-07
 9.29956e-07
 8.05285e-07
 6.99633e-07
 6.10665e-07
 5.35810e-07
 4.72692e-07
 4.19261e-07
 3.73812e-07
 3.34950e-07
 3.01541e-07
 2.72665e-07
 2.47578e-07
 2.25673e-07
 2.06452e-07
 1.89510e-07
 1.74511e-07
 1.61178e-07
 1.49279e-07
 1.38620e-07
 1.29039e-07
 1.09035e-06
 9.20912e-07
 7.84262e-07
 6.73575e-07
 5.83284e-07
 5.09029e-07
 4.47444e-07
 3.95940e-07
 3.52521e-07
 3.15640e-07
 2.84088e-07
 2.56914e-07
 2.33366e-07
 2.12840e-07
 1.94851e-07
 1.79007e-07
 1.64984e-07
 1.52520e-07
 1.41395e-07
 1.31426e-07
 1.26093e-06
 1.03862e-06
 8.67492e-07
 7.33752e-07
 6.27677e-07
 5.42375e-07
 4.72901e-07
 4.15660e-07
 3.67999e-07
 3.27933e-07
 2.93957e-07
 2.64916e-07
 2.39912e-07
 2.18239e-07
 1.99339e-07
 1.82762e-07
 1.68148e-07
 1.55201e-07
 1.43680e-07
 1.33383e-07
 1.42855e-06
 1.14944e-06
 9.43307e-07
 7.87153e-07
 6.66245e-07
 5.70840e-07
 4.94310e-07
 4.32032e-07
 3.80705e-07
 3.37924e-07
 3.01907e-07
 2.71309e-07
 2.45103e-07
 2.22491e-07
 2.02850e-07
 1.85683e-07
 1.70594e-07
 1.57262e-07
 1.45426e-07
 1.34871e-07
 1.57415e-06
 1.24199e-06
 1.00474e-06
 8.29402e-07
 6.96160e-07
 5.92550e-07
 5.10401e-07
 4.44178e-07
 3.90021e-07
 3.45171e-07
 3.07615e-07
 2.75856e-07
 2.48761e-07
 2.25462e-07
 2.05281e-07
 1.87688e-07
 1.72259e-07
 1.58654e-07
 1.46595e-07
 1.35859e-07
 1.67604e-06
 1.30449e-06
 1.04506e-06
 8.56465e-07
 7.14915e-07
 6.05896e-07
 5.20113e-07
 4.51380e-07
 3.95451e-07
 3.49323e-07
 3.10830e-07
 2.78373e-07
 2.50751e-07
 2.27048e-07
 2.06556e-07
 1.88719e-07
 1.73098e-07
 1.59340e-07
 1.47159e-07
 1.36325e-07
 1.71615e-06
 1.32773e-06
 1.05924e-06
 8.65434e-07
 7.20754e-07
 6.09777e-07
 5.22731e-07
 4.53163e-07
 3.96669e-07
 3.50155e-07
 3.11392e-07
 2.78744e-07
 2.50987e-07
 2.27188e-07
 2.06626e-07
 1.88740e-07
 1.73083e-07
 1.59300e-07
 1.47102e-07
 1.36255e-07
 1.68654e-06
 1.30784e-06
 1.04521e-06
 8.55163e-07
 7.13003e-07
 6.03783e-07
 5.17998e-07
 4.49361e-07
 3.93568e-07
 3.47592e-07
 3.09250e-07
 2.76936e-07
 2.49446e-07
 2.25863e-07
 2.05480e-07
 1.87741e-07
 1.72208e-07
 1.58528e-07
 1.46418e-07
 1.35646e-07
 1.59231e-06
 1.24743e-06
 1.00444e-06
 8.26520e-07
 6.92208e-07
 5.88268e-07
 5.06155e-07
 4.40140e-07
 3.86266e-07
 3.41722e-07
 3.04468e-07
 2.72995e-07
 2.46164e-07
 2.23104e-07
 2.03140e-07
 1.85742e-07
 1.70487e-07
 1.57037e-07
 1.45119e-07
 1.34508e-07
 1.44922e-06
 1.15470e-06
 9.41508e-07
 7.82197e-07
 6.60026e-07
 5.64296e-07
 4.87904e-07
 4.25980e-07
 3.75096e-07
 3.32782e-07
 2.97220e-07
 2.67050e-07
 2.41237e-07
 2.18983e-07
 1.99663e-07
 1.82785e-07
 1.67955e-07
 1.54855e-07
 1.43226e-07
 1.32857e-07
 1.27813e-06
 1.04099e-06
 8.62926e-07
 7.26127e-07
 6.18926e-07
 5.33468e-07
 4.64315e-07
 4.07613e-07
 3.60573e-07
 3.21141e-07
 2.87774e-07
 2.59300e-07
 2.34815e-07
 2.13613e-07
 1.95136e-07
 1.78940e-07
 1.64665e-07
 1.52023e-07
 1.40774e-07
 1.30721e-07
 1.09920e-06
 9.17995e-07
 7.75779e-07
 6.62743e-07
 5.71770e-07
 4.97683e-07
 4.36679e-07
 3.85937e-07
 3.43334e-07
 3.07257e-07
 2.76466e-07
 2.49996e-07
 2.27088e-07
 2.07140e-07
 1.89671e-07
 1.74293e-07
 1.60688e-07
 1.48597e-07
 1.37806e-07
 1.28137e-07
 9.27864e-07
 7.95632e-07
 6.86486e-07
 5.96283e-07
 5.21409e-07
 4.58895e-07
 4.06363e-07
 3.61922e-07
 3.24078e-07
 2.91645e-07
 2.63679e-07
 2.39425e-07
 2.18273e-07
 1.99732e-07
 1.83400e-07
 1.68948e-07
 1.56104e-07
 1.44643e-07
 1.34377e-07
 1.25148e-07
 7.73504e-07
 6.80878e-07
 6.00047e-07
 5.30290e-07
 4.70360e-07
 4.18907e-07
 3.74667e-07
 3.36520e-07
 3.03509e-07
 2.74830e-07
 2.49810e-07
 2.27890e-07
 2.08606e-07
 1.91572e-07
 1.76466e-07
 1.63019e-07
 1.51004e-07
 1.40233e-07
 1.30544e-07
 1.21800e-07
 6.40151e-07
 5.77724e-07
 5.19800e-07
 4.67383e-07
 4.20622e-07
 3.79230e-07
 3.42733e-07
 3.10593e-07
 2.82284e-07
 2.57314e-07
 2.35245e-07
 2.15692e-07
 1.98321e-07
 1.82845e-07
 1.69016e-07
 1.56623e-07
 1.45484e-07
 1.35445e-07
 1.26371e-07
 1.18147e-07
 5.28125e-07
 4.87743e-07
 4.47561e-07
 4.09241e-07
 3.73618e-07
 3.41021e-07
 3.11483e-07
 2.84872e-07
 2.60976e-07
 2.39549e-07
 2.20342e-07
 2.03114e-07
 1.87644e-07
 1.73731e-07
 1.61195e-07
 1.49878e-07
 1.39639e-07
 1.30356e-07
 1.21922e-07
 1.14241e-07
 4.35667e-07
 4.10861e-07
 3.83974e-07
 3.56737e-07
 3.30232e-07
 3.05081e-07
 2.81606e-07
 2.59931e-07
 2.40059e-07
 2.21923e-07
 2.05416e-07
 1.90413e-07
 1.76784e-07
 1.64401e-07
 1.53143e-07
 1.42898e-07
 1.33563e-07
 1.25045e-07
 1.17261e-07
 1.10136e-07
