scalar
part
         1
quad4
 3.47455e-07
 3.34578e-07
 3.18287e-07
 3.00265e-07
 2.81661e-07
 2.63231e-07
 2.45444e-07
 2.28575e-07
 2.12765e-07
 1.98067e-07
 1.84476e-07
 1.71954e-07
 1.60445e-07
 1.49879e-07
 1.40185e-07
 1.31292e-07
 1.23130e-07
 1.15633e-07
 1.08742e-07
 1.02401e-07
 4.28858e-07
 4.03769e-07
 3.76681e-07
 3.49376e-07
 3.22928e-07
 2.97936e-07
 2.74692e-07
 2.53296e-07
 2.33733e-07
 2.15919e-07
 1.99738e-07
 1.85056e-07
 1.71740e-07
 1.59656e-07
 1.48684e-07
 1.38708e-07
 1.29627e-07
 1.21347e-07
 1.13785e-07
 1.06867e-07
 5.29061e-07
 4.86131e-07
 4.44209e-07
 4.04769e-07
 3.68479e-07
 3.35534e-07
 3.05867e-07
 2.79276e-07
 2.55497e-07
 2.34251e-07
 2.15262e-07
 1.98273e-07
 1.83049e-07
 1.69383e-07
 1.57090e-07
 1.46007e-07
 1.35992e-07
 1.26921e-07
 1.18686e-07
 1.11194e-07
 6.50600e-07
 5.82485e-07
 5.20837e-07
 4.66027e-07
 4.17759e-07
 3.75454e-07
 3.38439e-07
 3.06046e-07
 2.77658e-07
 2.52725e-07
 2.30766e-07
 2.11369e-07
 1.94180e-07
 1.78899e-07
 1.65270e-07
 1.53076e-07
 1.42132e-07
 1.32279e-07
 1.23383e-07
 1.15329e-07
 7.94658e-07
 6.92435e-07
 6.05583e-07
 5.32030e-07
 4.69711e-07
 4.16774e-07
 3.71634e-07
 3.32972e-07
 2.99699e-07
 2.70923e-07
 2.45913e-07
 2.24073e-07
 2.04912e-07
 1.88025e-07
 1.73080e-07
 1.59799e-07
 1.47950e-07
 1.37341e-07
 1.27809e-07
 1.19215e-07
 9.59705e-07
 8.13628e-07
 6.96122e-07
 6.00773e-07
 5.22699e-07
 4.58193e-07
 4.04434e-07
 3.59259e-07
 3.21001e-07
 2.88361e-07
 2.60325e-07
 2.36087e-07
 2.15007e-07
 1.96572e-07
 1.80366e-07
 1.66050e-07
 1.53346e-07
 1.42025e-07
 1.31895e-07
 1.22798e-07
 1.13989e-06
 9.41018e-07
 7.88489e-07
 6.69251e-07
 5.74480e-07
 4.98047e-07
 4.35597e-07
 3.83978e-07
 3.40862e-07
 3.04508e-07
 2.73591e-07
 2.47093e-07
 2.24220e-07
 2.04347e-07
 1.86976e-07
 1.71709e-07
 1.58222e-07
 1.46250e-07
 1.35577e-07
 1.26023e-07
 1.32363e-06
 1.06643e-06
 8.77003e-07
 7.33523e-07
 6.22301e-07
 5.34389e-07
 4.63735e-07
 4.06122e-07
 3.58545e-07
 3.18814e-07
 2.85301e-07
 2.56779e-07
 2.32309e-07
 2.11161e-07
 1.92763e-07
 1.76658e-07
 1.62483e-07
 1.49943e-07
 1.38795e-07
 1.28842e-07
 1.49323e-06
 1.17879e-06
 9.54627e-07
 7.89019e-07
 6.63129e-07
 5.65164e-07
 4.87421e-07
 4.24686e-07
 3.73328e-07
 3.30751e-07
 2.95062e-07
 2.64850e-07
 2.39050e-07
 2.16843e-07
 1.97591e-07
 1.80792e-07
 1.66047e-07
 1.53035e-07
 1.41493e-07
 1.31209e-07
 1.62646e-06
 1.26547e-06
 1.01387e-06
 8.31124e-07
 6.94019e-07
 5.88436e-07
 5.05350e-07
 4.38766e-07
 3.84571e-07
 3.39860e-07
 3.02537e-07
 2.71055e-07
 2.44253e-07
 2.21246e-07
 2.01348e-07
 1.84022e-07
 1.68843e-07
 1.55470e-07
 1.43627e-07
 1.33089e-07
 1.70138e-06
 1.31494e-06
 1.04825e-06
 8.55986e-07
 7.12583e-07
 6.02663e-07
 5.16494e-07
 4.47659e-07
 3.91780e-07
 3.45786e-07
 3.07467e-07
 2.75201e-07
 2.47772e-07
 2.24259e-07
 2.03947e-07
 1.86281e-07
 1.70818e-07
 1.57207e-07
 1.45162e-07
 1.34452e-07
 1.70412e-06
 1.32016e-06
 1.05390e-06
 8.61342e-07
 7.17422e-07
 6.06947e-07
 5.20256e-07
 4.50953e-07
 3.94666e-07
 3.48320e-07
 3.09698e-07
 2.77172e-07
 2.49520e-07
 2.25814e-07
 2.05336e-07
 1.87525e-07
 1.71937e-07
 1.58216e-07
 1.46075e-07
 1.35281e-07
 1.63545e-06
 1.28124e-06
 1.03073e-06
 8.47068e-07
 7.08418e-07
 6.01184e-07
 5.16547e-07
 4.48576e-07
 3.93170e-07
 3.47414e-07
 3.09191e-07
 2.76937e-07
 2.49470e-07
 2.25890e-07
 2.05497e-07
 1.87741e-07
 1.72188e-07
 1.58488e-07
 1.46359e-07
 1.35568e-07
 1.51069e-06
 1.20541e-06
 9.82470e-07
 8.15202e-07
 6.86741e-07
 5.86074e-07
 5.05800e-07
 4.40804e-07
 3.87470e-07
 3.43185e-07
 3.06025e-07
 2.74549e-07
 2.47659e-07
 2.24512e-07
 2.04446e-07
 1.86941e-07
 1.71580e-07
 1.58029e-07
 1.46015e-07
 1.35316e-07
 1.35274e-06
 1.10445e-06
 9.15530e-07
 7.69423e-07
 6.54595e-07
 5.62987e-07
 4.88893e-07
 4.28214e-07
 3.77956e-07
 3.35903e-07
 3.00389e-07
 2.70142e-07
 2.44184e-07
 2.21751e-07
 2.02237e-07
 1.85163e-07
 1.70143e-07
 1.56862e-07
 1.45064e-07
 1.34537e-07
 1.18372e-06
 9.90924e-07
 8.37289e-07
 7.14198e-07
 6.14773e-07
 5.33718e-07
 4.67012e-07
 4.11606e-07
 3.65180e-07
 3.25955e-07
 2.92558e-07
 2.63918e-07
 2.39193e-07
 2.17716e-07
 1.98953e-07
 1.82472e-07
 1.67924e-07
 1.55023e-07
 1.43532e-07
 1.33256e-07
 1.01992e-06
 8.75438e-07
 7.54559e-07
 6.53948e-07
 5.70184e-07
 5.00217e-07
 4.41486e-07
 3.91905e-07
 3.49793e-07
 3.13807e-07
 2.82873e-07
 2.56126e-07
 2.32872e-07
 2.12549e-07
 1.94700e-07
 1.78949e-07
 1.64988e-07
 1.52563e-07
 1.41461e-07
 1.31504e-07
 8.70789e-07
 7.65351e-07
 6.72677e-07
 5.92439e-07
 5.23472e-07
 4.64345e-07
 4.13637e-07
 3.70056e-07
 3.32483e-07
 2.99965e-07
 2.71707e-07
 2.47046e-07
 2.25434e-07
 2.06413e-07
 1.89604e-07
 1.74692e-07
 1.61412e-07
 1.49543e-07
 1.38899e-07
 1.29320e-07
 7.40300e-07
 6.64884e-07
 5.95249e-07
 5.32506e-07
 4.76787e-07
 4.27710e-07
 3.84660e-07
 3.46952e-07
 3.13916e-07
 2.84929e-07
 2.59441e-07
 2.36971e-07
 2.17102e-07
 1.99480e-07
 1.83802e-07
 1.69809e-07
 1.57281e-07
 1.46031e-07
 1.35899e-07
 1.26747e-07
 6.28916e-07
 5.75831e-07
 5.24332e-07
 4.76038e-07
 4.31714e-07
 3.91583e-07
 3.55556e-07
 3.23372e-07
 2.94696e-07
 2.69169e-07
 2.46441e-07
 2.26183e-07
 2.08101e-07
 1.91928e-07
 1.77433e-07
 1.64411e-07
 1.52684e-07
 1.42100e-07
 1.32522e-07
 1.23834e-07
