scalar
part
         1
quad4
 4.64415e-07
 4.35325e-07
 4.04716e-07
 3.74304e-07
 3.45119e-07
 3.17724e-07
 2.92374e-07
 2.69136e-07
 2.47958e-07
 2.28730e-07
 2.11306e-07
 1.95531e-07
 1.81250e-07
 1.68314e-07
 1.56585e-07
 1.45937e-07
 1.36256e-07
 1.27440e-07
 1.19398e-07
 1.12049e-07
 5.59824e-07
 5.14100e-07
 4.69441e-07
 4.27422e-07
 3.88768e-07
 3.53696e-07
 3.22137e-07
 2.93873e-07
 2.68621e-07
 2.46077e-07
 2.25944e-07
 2.07947e-07
 1.91834e-07
 1.77380e-07
 1.64388e-07
 1.52683e-07
 1.42114e-07
 1.32547e-07
 1.23869e-07
 1.15978e-07
 6.74763e-07
 6.05733e-07
 5.42498e-07
 4.85852e-07
 4.35732e-07
 3.91672e-07
 3.53047e-07
 3.19202e-07
 2.89518e-07
 2.63433e-07
 2.40453e-07
 2.20152e-07
 2.02162e-07
 1.86170e-07
 1.71909e-07
 1.59152e-07
 1.47706e-07
 1.37403e-07
 1.28105e-07
 1.19688e-07
 8.10647e-07
 7.10006e-07
 6.23026e-07
 5.48563e-07
 4.85021e-07
 4.30779e-07
 3.84368e-07
 3.44518e-07
 3.10158e-07
 2.80401e-07
 2.54512e-07
 2.31887e-07
 2.12025e-07
 1.94514e-07
 1.79012e-07
 1.65233e-07
 1.52939e-07
 1.41932e-07
 1.32041e-07
 1.23125e-07
 9.66580e-07
 8.24932e-07
 7.08928e-07
 6.13697e-07
 5.35099e-07
 4.69792e-07
 4.15138e-07
 3.69066e-07
 3.29952e-07
 2.96520e-07
 2.67759e-07
 2.42866e-07
 2.21196e-07
 2.02232e-07
 1.85550e-07
 1.70807e-07
 1.57720e-07
 1.46055e-07
 1.35615e-07
 1.26239e-07
 1.13767e-06
 9.45984e-07
 7.96554e-07
 6.78459e-07
 5.83869e-07
 5.07146e-07
 4.44188e-07
 3.91972e-07
 3.48241e-07
 3.11289e-07
 2.79810e-07
 2.52793e-07
 2.29446e-07
 2.09141e-07
 1.91381e-07
 1.75762e-07
 1.61957e-07
 1.49699e-07
 1.38767e-07
 1.28979e-07
 1.31342e-06
 1.06561e-06
 8.80624e-07
 7.39172e-07
 6.28757e-07
 5.41020e-07
 4.70215e-07
 4.12290e-07
 3.64329e-07
 3.24192e-07
 2.90277e-07
 2.61373e-07
 2.36546e-07
 2.15068e-07
 1.96367e-07
 1.79987e-07
 1.65562e-07
 1.52794e-07
 1.41440e-07
 1.31299e-07
 1.47733e-06
 1.17351e-06
 9.54578e-07
 7.91569e-07
 6.66925e-07
 5.69487e-07
 4.91882e-07
 4.29077e-07
 3.77541e-07
 3.34734e-07
 2.98795e-07
 2.68332e-07
 2.42289e-07
 2.19851e-07
 2.00384e-07
 1.83387e-07
 1.68459e-07
 1.55279e-07
 1.43584e-07
 1.33160e-07
 1.60889e-06
 1.25798e-06
 1.01146e-06
 8.31346e-07
 6.95619e-07
 5.90731e-07
 5.07963e-07
 4.41486e-07
 3.87276e-07
 3.42486e-07
 3.05049e-07
 2.73436e-07
 2.46499e-07
 2.23357e-07
 2.03329e-07
 1.85880e-07
 1.70585e-07
 1.57104e-07
 1.45160e-07
 1.34529e-07
 1.68821e-06
 1.30838e-06
 1.04520e-06
 8.54873e-07
 7.12577e-07
 6.03294e-07
 5.17489e-07
 4.48854e-07
 3.93075e-07
 3.47119e-07
 3.08800e-07
 2.76510e-07
 2.49044e-07
 2.25485e-07
 2.05124e-07
 1.87407e-07
 1.71893e-07
 1.58231e-07
 1.46138e-07
 1.35382e-07
 1.70196e-06
 1.31782e-06
 1.05197e-06
 8.59902e-07
 7.16416e-07
 6.06293e-07
 5.19877e-07
 4.50786e-07
 3.94661e-07
 3.48436e-07
 3.09907e-07
 2.77449e-07
 2.49847e-07
 2.26178e-07
 2.05725e-07
 1.87932e-07
 1.72354e-07
 1.58639e-07
 1.46500e-07
 1.35705e-07
 1.64801e-06
 1.28517e-06
 1.03113e-06
 8.46042e-07
 7.06889e-07
 5.99563e-07
 5.15014e-07
 4.47203e-07
 3.91977e-07
 3.46397e-07
 3.08338e-07
 2.76228e-07
 2.48889e-07
 2.25419e-07
 2.05120e-07
 1.87446e-07
 1.71962e-07
 1.58321e-07
 1.46241e-07
 1.35493e-07
 1.53635e-06
 1.21544e-06
 9.85384e-07
 8.14843e-07
 6.84922e-07
 5.83682e-07
 5.03271e-07
 4.38351e-07
 3.85191e-07
 3.41117e-07
 3.04175e-07
 2.72908e-07
 2.46212e-07
 2.23241e-07
 2.03333e-07
 1.85967e-07
 1.70730e-07
 1.57288e-07
 1.45369e-07
 1.34754e-07
 1.38552e-06
 1.11828e-06
 9.20107e-07
 7.69451e-07
 6.52442e-07
 5.59871e-07
 4.85448e-07
 4.24766e-07
 3.74670e-07
 3.32853e-07
 2.97602e-07
 2.67621e-07
 2.41916e-07
 2.19718e-07
 2.00419e-07
 1.83538e-07
 1.68692e-07
 1.55566e-07
 1.43906e-07
 1.33503e-07
 1.21648e-06
 1.00530e-06
 8.42042e-07
 7.13959e-07
 6.12022e-07
 5.29799e-07
 4.62656e-07
 4.07207e-07
 3.60944e-07
 3.21984e-07
 2.88893e-07
 2.60568e-07
 2.36150e-07
 2.14961e-07
 1.96464e-07
 1.80226e-07
 1.65898e-07
 1.53195e-07
 1.41882e-07
 1.31766e-07
 1.04708e-06
 8.87344e-07
 7.57927e-07
 6.52659e-07
 5.66466e-07
 4.95342e-07
 4.36178e-07
 3.86568e-07
 3.44647e-07
 3.08964e-07
 2.78381e-07
 2.51998e-07
 2.29100e-07
 2.09114e-07
 1.91578e-07
 1.76115e-07
 1.62416e-07
 1.50229e-07
 1.39341e-07
 1.29578e-07
 8.89372e-07
 7.72773e-07
 6.73451e-07
 5.89424e-07
 5.18433e-07
 4.58349e-07
 4.07318e-07
 3.63782e-07
 3.26457e-07
 2.94294e-07
 2.66437e-07
 2.42189e-07
 2.20979e-07
 2.02340e-07
 1.85888e-07
 1.71305e-07
 1.58325e-07
 1.46729e-07
 1.36332e-07
 1.26978e-07
 7.49587e-07
 6.66940e-07
 5.92750e-07
 5.27328e-07
 4.70178e-07
 4.20470e-07
 3.77287e-07
 3.39744e-07
 3.07040e-07
 2.78474e-07
 2.53442e-07
 2.31432e-07
 2.12011e-07
 1.94814e-07
 1.79531e-07
 1.65904e-07
 1.53711e-07
 1.42766e-07
 1.32912e-07
 1.24012e-07
 6.29640e-07
 5.72536e-07
 5.18390e-07
 4.68531e-07
 4.23425e-07
 3.83048e-07
 3.47120e-07
 3.15250e-07
 2.87008e-07
 2.61975e-07
 2.39761e-07
 2.20014e-07
 2.02422e-07
 1.86713e-07
 1.72649e-07
 1.60025e-07
 1.48664e-07
 1.38414e-07
 1.29141e-07
 1.20731e-07
 5.28801e-07
 4.90318e-07
 4.51625e-07
 4.14339e-07
 3.79354e-07
 3.47082e-07
 3.17638e-07
 2.90960e-07
 2.66890e-07
 2.45220e-07
 2.25731e-07
 2.08202e-07
 1.92425e-07
 1.78208e-07
 1.65379e-07
 1.53781e-07
 1.43278e-07
 1.33746e-07
 1.25080e-07
 1.17184e-07
