scalar
part
         1
quad4
 4.08584e-07
 3.87794e-07
 3.64401e-07
 3.40149e-07
 3.16164e-07
 2.93127e-07
 2.71417e-07
 2.51216e-07
 2.32576e-07
 2.15470e-07
 1.99828e-07
 1.85553e-07
 1.72540e-07
 1.60680e-07
 1.49868e-07
 1.40004e-07
 1.30996e-07
 1.22761e-07
 1.15222e-07
 1.08310e-07
 4.98202e-07
 4.62841e-07
 4.26873e-07
 3.92037e-07
 3.59272e-07
 3.29011e-07
 3.01381e-07
 2.76331e-07
 2.53716e-07
 2.33346e-07
 2.15014e-07
 1.98514e-07
 1.83653e-07
 1.70252e-07
 1.58148e-07
 1.47198e-07
 1.37273e-07
 1.28259e-07
 1.20056e-07
 1.12576e-07
 6.07400e-07
 5.51198e-07
 4.98284e-07
 4.49864e-07
 4.06277e-07
 3.67410e-07
 3.32926e-07
 3.02401e-07
 2.75393e-07
 2.51480e-07
 2.30274e-07
 2.11431e-07
 1.94648e-07
 1.79662e-07
 1.66243e-07
 1.54196e-07
 1.43351e-07
 1.33561e-07
 1.24702e-07
 1.16662e-07
 7.38253e-07
 6.53208e-07
 5.78200e-07
 5.12902e-07
 4.56396e-07
 4.07590e-07
 3.65410e-07
 3.28880e-07
 2.97152e-07
 2.69497e-07
 2.45303e-07
 2.24055e-07
 2.05321e-07
 1.88742e-07
 1.74014e-07
 1.60883e-07
 1.49135e-07
 1.38590e-07
 1.29093e-07
 1.20515e-07
 8.90984e-07
 7.67694e-07
 6.65065e-07
 5.79643e-07
 5.08314e-07
 4.48461e-07
 3.97949e-07
 3.55064e-07
 3.18431e-07
 2.86952e-07
 2.59745e-07
 2.36102e-07
 2.15446e-07
 1.97311e-07
 1.81314e-07
 1.67140e-07
 1.54529e-07
 1.43265e-07
 1.33165e-07
 1.24078e-07
 1.06238e-06
 8.91170e-07
 7.55842e-07
 6.47640e-07
 5.60126e-07
 4.88561e-07
 4.29429e-07
 3.80099e-07
 3.38578e-07
 3.03342e-07
 2.73212e-07
 2.47268e-07
 2.24783e-07
 2.05179e-07
 1.87992e-07
 1.72846e-07
 1.59434e-07
 1.47506e-07
 1.36852e-07
 1.27299e-07
 1.24411e-06
 1.01720e-06
 8.45798e-07
 7.13475e-07
 6.09371e-07
 5.26110e-07
 4.58551e-07
 4.03031e-07
 3.56883e-07
 3.18134e-07
 2.85299e-07
 2.57244e-07
 2.33092e-07
 2.12159e-07
 1.93900e-07
 1.77883e-07
 1.63757e-07
 1.51238e-07
 1.40093e-07
 1.30128e-07
 1.42176e-06
 1.13627e-06
 9.28657e-07
 7.72945e-07
 6.53188e-07
 5.59129e-07
 4.83924e-07
 4.22865e-07
 3.72624e-07
 3.30796e-07
 2.95607e-07
 2.65728e-07
 2.40145e-07
 2.18073e-07
 1.98901e-07
 1.82143e-07
 1.67411e-07
 1.54392e-07
 1.42831e-07
 1.32518e-07
 1.57556e-06
 1.23668e-06
 9.97227e-07
 8.21501e-07
 6.88616e-07
 5.85639e-07
 5.04194e-07
 4.38656e-07
 3.85127e-07
 3.40840e-07
 3.03780e-07
 2.72454e-07
 2.45737e-07
 2.22767e-07
 2.02873e-07
 1.85531e-07
 1.70321e-07
 1.56907e-07
 1.45018e-07
 1.34431e-07
 1.68375e-06
 1.30645e-06
 1.04456e-06
 8.54924e-07
 7.12997e-07
 6.03909e-07
 5.18201e-07
 4.49605e-07
 3.93833e-07
 3.47864e-07
 3.09522e-07
 2.77203e-07
 2.49705e-07
 2.26113e-07
 2.05720e-07
 1.87970e-07
 1.72426e-07
 1.58736e-07
 1.46616e-07
 1.35835e-07
 1.72828e-06
 1.33617e-06
 1.06540e-06
 8.70112e-07
 7.24411e-07
 6.12707e-07
 5.25126e-07
 4.55155e-07
 3.98349e-07
 3.51589e-07
 3.12630e-07
 2.79823e-07
 2.51935e-07
 2.28027e-07
 2.07374e-07
 1.89410e-07
 1.73687e-07
 1.59847e-07
 1.47599e-07
 1.36709e-07
 1.70126e-06
 1.32180e-06
 1.05751e-06
 8.65740e-07
 7.22036e-07
 6.11498e-07
 5.24612e-07
 4.55057e-07
 3.98500e-07
 3.51886e-07
 3.13009e-07
 2.80244e-07
 2.52372e-07
 2.28464e-07
 2.07802e-07
 1.89823e-07
 1.74081e-07
 1.60220e-07
 1.47952e-07
 1.37042e-07
 1.60867e-06
 1.26616e-06
 1.02231e-06
 8.42577e-07
 7.06303e-07
 6.00534e-07
 5.16807e-07
 4.49403e-07
 3.94343e-07
 3.48792e-07
 3.10682e-07
 2.78480e-07
 2.51026e-07
 2.27431e-07
 2.07007e-07
 1.89210e-07
 1.73609e-07
 1.59858e-07
 1.47675e-07
 1.36832e-07
 1.46809e-06
 1.17800e-06
 9.64516e-07
 8.03301e-07
 6.78809e-07
 5.80803e-07
 5.02345e-07
 4.38607e-07
 3.86157e-07
 3.42497e-07
 3.05783e-07
 2.74625e-07
 2.47964e-07
 2.24978e-07
 2.05027e-07
 1.87600e-07
 1.72293e-07
 1.58775e-07
 1.46780e-07
 1.36089e-07
 1.30189e-06
 1.06926e-06
 8.90850e-07
 7.51885e-07
 6.41995e-07
 5.53857e-07
 4.82240e-07
 4.23353e-07
 3.74410e-07
 3.33331e-07
 2.98546e-07
 2.68850e-07
 2.43312e-07
 2.21198e-07
 2.01931e-07
 1.85047e-07
 1.70172e-07
 1.57004e-07
 1.45293e-07
 1.34833e-07
 1.13026e-06
 9.51835e-07
 8.08488e-07
 6.92787e-07
 5.98710e-07
 5.21566e-07
 4.57749e-07
 4.04502e-07
 3.59705e-07
 3.21723e-07
 2.89281e-07
 2.61383e-07
 2.37239e-07
 2.16218e-07
 1.97816e-07
 1.81624e-07
 1.67306e-07
 1.54590e-07
 1.43248e-07
 1.33093e-07
 9.67414e-07
 8.35262e-07
 7.23748e-07
 6.30206e-07
 5.51779e-07
 4.85857e-07
 4.30210e-07
 3.82996e-07
 3.42718e-07
 3.08162e-07
 2.78350e-07
 2.52493e-07
 2.29948e-07
 2.10193e-07
 1.92803e-07
 1.77424e-07
 1.63767e-07
 1.51591e-07
 1.40693e-07
 1.30905e-07
 8.21177e-07
 7.25930e-07
 6.41405e-07
 5.67599e-07
 5.03679e-07
 4.48508e-07
 4.00905e-07
 3.59771e-07
 3.24134e-07
 2.93158e-07
 2.66134e-07
 2.42468e-07
 2.21660e-07
 2.03295e-07
 1.87023e-07
 1.72552e-07
 1.59637e-07
 1.48072e-07
 1.37680e-07
 1.28313e-07
 6.94456e-07
 6.27294e-07
 5.64558e-07
 5.07482e-07
 4.56368e-07
 4.11012e-07
 3.70965e-07
 3.35680e-07
 3.04603e-07
 2.77206e-07
 2.53013e-07
 2.31602e-07
 2.12603e-07
 1.95700e-07
 1.80617e-07
 1.67120e-07
 1.55007e-07
 1.44105e-07
 1.34266e-07
 1.25362e-07
 5.87076e-07
 5.40615e-07
 4.94867e-07
 4.51463e-07
 4.11239e-07
 3.74517e-07
 3.41309e-07
 3.11452e-07
 2.84697e-07
 2.60756e-07
 2.39341e-07
 2.20174e-07
 2.02999e-07
 1.87585e-07
 1.73726e-07
 1.61240e-07
 1.49966e-07
 1.39765e-07
 1.30513e-07
 1.22104e-07
