scalar
part
         1
quad4
 6.53141e-07
 5.97099e-07
 5.42931e-07
 4.92282e-07
 4.45910e-07
 4.04014e-07
 3.66473e-07
 3.32993e-07
 3.03208e-07
 2.76729e-07
 2.53182e-07
 2.32220e-07
 2.13526e-07
 1.96823e-07
 1.81866e-07
 1.68439e-07
 1.56358e-07
 1.45459e-07
 1.35604e-07
 1.26670e-07
 7.68137e-07
 6.88811e-07
 6.15781e-07
 5.50144e-07
 4.91982e-07
 4.40852e-07
 3.96081e-07
 3.56928e-07
 3.22672e-07
 2.92656e-07
 2.66293e-07
 2.43076e-07
 2.22567e-07
 2.04394e-07
 1.88238e-07
 1.73829e-07
 1.60939e-07
 1.49370e-07
 1.38957e-07
 1.29557e-07
 9.02688e-07
 7.92109e-07
 6.95161e-07
 6.11412e-07
 5.39574e-07
 4.78099e-07
 4.25464e-07
 3.80296e-07
 3.41406e-07
 3.07790e-07
 2.78610e-07
 2.53170e-07
 2.30895e-07
 2.11308e-07
 1.94012e-07
 1.78678e-07
 1.65031e-07
 1.52842e-07
 1.41915e-07
 1.32088e-07
 1.05620e-06
 9.05044e-07
 7.78878e-07
 6.74092e-07
 5.87024e-07
 5.14425e-07
 4.53582e-07
 4.02290e-07
 3.58783e-07
 3.21647e-07
 2.89758e-07
 2.62211e-07
 2.38282e-07
 2.17386e-07
 1.99045e-07
 1.82871e-07
 1.68545e-07
 1.55800e-07
 1.44419e-07
 1.34216e-07
 1.22438e-06
 1.02313e-06
 8.63126e-07
 7.35209e-07
 6.32084e-07
 5.48157e-07
 4.79194e-07
 4.21991e-07
 3.74118e-07
 3.33714e-07
 2.99347e-07
 2.69900e-07
 2.44499e-07
 2.22451e-07
 2.03200e-07
 1.86301e-07
 1.71392e-07
 1.58178e-07
 1.46413e-07
 1.35896e-07
 1.39719e-06
 1.13859e-06
 9.42310e-07
 7.90832e-07
 6.72010e-07
 5.77373e-07
 5.00941e-07
 4.38427e-07
 3.86708e-07
 3.43476e-07
 3.06997e-07
 2.75955e-07
 2.49332e-07
 2.26339e-07
 2.06350e-07
 1.88869e-07
 1.73498e-07
 1.59913e-07
 1.47850e-07
 1.37091e-07
 1.55745e-06
 1.24034e-06
 1.00933e-06
 8.36385e-07
 7.03803e-07
 6.00072e-07
 5.17464e-07
 4.50657e-07
 3.95893e-07
 3.50461e-07
 3.12368e-07
 2.80123e-07
 2.52594e-07
 2.28910e-07
 2.08389e-07
 1.90494e-07
 1.74798e-07
 1.60957e-07
 1.48690e-07
 1.37768e-07
 1.68200e-06
 1.31528e-06
 1.05657e-06
 8.67281e-07
 7.24616e-07
 6.14432e-07
 5.27567e-07
 4.57879e-07
 4.01120e-07
 3.54283e-07
 3.15183e-07
 2.82206e-07
 2.54140e-07
 2.30055e-07
 2.09235e-07
 1.91114e-07
 1.75246e-07
 1.61273e-07
 1.48905e-07
 1.37905e-07
 1.74712e-06
 1.35138e-06
 1.07753e-06
 8.79818e-07
 7.32246e-07
 6.19094e-07
 5.30385e-07
 4.59524e-07
 4.02011e-07
 3.54682e-07
 3.15262e-07
 2.82077e-07
 2.53877e-07
 2.29709e-07
 2.08839e-07
 1.90692e-07
 1.74814e-07
 1.60840e-07
 1.48479e-07
 1.37491e-07
 1.73755e-06
 1.34152e-06
 1.06859e-06
 8.72052e-07
 7.25591e-07
 6.13409e-07
 5.25520e-07
 4.55346e-07
 3.98406e-07
 3.51556e-07
 3.12537e-07
 2.79690e-07
 2.51775e-07
 2.27851e-07
 2.07188e-07
 1.89220e-07
 1.73495e-07
 1.59656e-07
 1.47411e-07
 1.36524e-07
 1.65365e-06
 1.28620e-06
 1.03020e-06
 8.44318e-07
 7.04903e-07
 5.97566e-07
 5.13118e-07
 4.45457e-07
 3.90393e-07
 3.44972e-07
 3.07062e-07
 2.75088e-07
 2.47870e-07
 2.24508e-07
 2.04305e-07
 1.86716e-07
 1.71307e-07
 1.57732e-07
 1.45710e-07
 1.35014e-07
 1.51103e-06
 1.19334e-06
 9.66695e-07
 7.99156e-07
 6.71747e-07
 5.72572e-07
 4.93851e-07
 4.30317e-07
 3.78296e-07
 3.35166e-07
 2.99010e-07
 2.68401e-07
 2.42260e-07
 2.19758e-07
 2.00250e-07
 1.83228e-07
 1.68286e-07
 1.55099e-07
 1.43403e-07
 1.32981e-07
 1.33320e-06
 1.07531e-06
 8.85025e-07
 7.40691e-07
 6.28686e-07
 5.40080e-07
 4.68818e-07
 4.10678e-07
 3.62645e-07
 3.22516e-07
 2.88658e-07
 2.59835e-07
 2.35100e-07
 2.13720e-07
 1.95115e-07
 1.78828e-07
 1.64491e-07
 1.51804e-07
 1.40526e-07
 1.30455e-07
 1.14315e-06
 9.45222e-07
 7.93004e-07
 6.73751e-07
 5.78802e-07
 5.02117e-07
 4.39391e-07
 3.87493e-07
 3.44111e-07
 3.07508e-07
 2.76362e-07
 2.49655e-07
 2.26592e-07
 2.06546e-07
 1.89020e-07
 1.73611e-07
 1.59995e-07
 1.47906e-07
 1.37127e-07
 1.27476e-07
 9.58618e-07
 8.14307e-07
 6.97820e-07
 6.03025e-07
 5.25220e-07
 4.60810e-07
 4.07045e-07
 3.61804e-07
 3.23445e-07
 2.90690e-07
 2.62530e-07
 2.38168e-07
 2.16969e-07
 1.98419e-07
 1.82104e-07
 1.67685e-07
 1.54886e-07
 1.43475e-07
 1.33263e-07
 1.24089e-07
 7.90820e-07
 6.90644e-07
 6.05155e-07
 5.32490e-07
 4.70735e-07
 4.18142e-07
 3.73202e-07
 3.34642e-07
 3.01407e-07
 2.72627e-07
 2.47587e-07
 2.25699e-07
 2.06480e-07
 1.89531e-07
 1.74520e-07
 1.61174e-07
 1.49261e-07
 1.38590e-07
 1.28997e-07
 1.20347e-07
 6.45172e-07
 5.79075e-07
 5.18893e-07
 4.65125e-07
 4.17588e-07
 3.75788e-07
 3.39116e-07
 3.06951e-07
 2.78708e-07
 2.53862e-07
 2.31949e-07
 2.12570e-07
 1.95379e-07
 1.80082e-07
 1.66428e-07
 1.54202e-07
 1.43222e-07
 1.33332e-07
 1.24398e-07
 1.16304e-07
 5.22820e-07
 4.81737e-07
 4.41239e-07
 4.02878e-07
 3.67393e-07
 3.35041e-07
 3.05808e-07
 2.79530e-07
 2.55976e-07
 2.34887e-07
 2.16005e-07
 1.99087e-07
 1.83907e-07
 1.70265e-07
 1.57981e-07
 1.46896e-07
 1.36871e-07
 1.27786e-07
 1.19532e-07
 1.12018e-07
 4.22302e-07
 3.98836e-07
 3.73061e-07
 3.46798e-07
 3.21165e-07
 2.96802e-07
 2.74040e-07
 2.53011e-07
 2.33725e-07
 2.16119e-07
 2.00092e-07
 1.85523e-07
 1.72288e-07
 1.60262e-07
 1.49328e-07
 1.39377e-07
 1.30309e-07
 1.22033e-07
 1.14470e-07
 1.07547e-07
 3.40890e-07
 3.29408e-07
 3.14291e-07
 2.97237e-07
 2.79418e-07
 2.61616e-07
 2.44329e-07
 2.27854e-07
 2.12354e-07
 1.97896e-07
 1.84492e-07
 1.72116e-07
 1.60717e-07
 1.50235e-07
 1.40604e-07
 1.31757e-07
 1.23627e-07
 1.16153e-07
 1.09277e-07
 1.02944e-07
