scalar
part
         1
quad4
 6.57289e-07
 6.00765e-07
 5.46163e-07
 4.95129e-07
 4.48419e-07
 4.06228e-07
 3.68430e-07
 3.34727e-07
 3.04748e-07
 2.78102e-07
 2.54410e-07
 2.33321e-07
 2.14517e-07
 1.97718e-07
 1.82676e-07
 1.69175e-07
 1.57027e-07
 1.46071e-07
 1.36164e-07
 1.27185e-07
 7.72682e-07
 6.92770e-07
 6.19225e-07
 5.53141e-07
 4.94594e-07
 4.43134e-07
 3.98080e-07
 3.58685e-07
 3.24224e-07
 2.94030e-07
 2.67515e-07
 2.44167e-07
 2.23545e-07
 2.05273e-07
 1.89032e-07
 1.74549e-07
 1.61592e-07
 1.49966e-07
 1.39502e-07
 1.30056e-07
 9.07643e-07
 7.96355e-07
 6.98800e-07
 6.14537e-07
 5.42265e-07
 4.80426e-07
 4.27485e-07
 3.82059e-07
 3.42951e-07
 3.09151e-07
 2.79814e-07
 2.54241e-07
 2.31851e-07
 2.12165e-07
 1.94783e-07
 1.79375e-07
 1.65664e-07
 1.53417e-07
 1.42440e-07
 1.32569e-07
 1.06156e-06
 9.09552e-07
 7.82679e-07
 6.77310e-07
 5.89761e-07
 5.16767e-07
 4.55597e-07
 4.04035e-07
 3.60302e-07
 3.22979e-07
 2.90930e-07
 2.63249e-07
 2.39206e-07
 2.18212e-07
 1.99787e-07
 1.83540e-07
 1.69150e-07
 1.56351e-07
 1.44921e-07
 1.34675e-07
 1.23010e-06
 1.02785e-06
 8.67035e-07
 7.38468e-07
 6.34822e-07
 5.50475e-07
 4.81172e-07
 4.23691e-07
 3.75589e-07
 3.34997e-07
 3.00472e-07
 2.70894e-07
 2.45381e-07
 2.23237e-07
 2.03905e-07
 1.86936e-07
 1.71967e-07
 1.58699e-07
 1.46888e-07
 1.36331e-07
 1.40319e-06
 1.14343e-06
 9.46244e-07
 7.94062e-07
 6.74690e-07
 5.79619e-07
 5.02842e-07
 4.40051e-07
 3.88107e-07
 3.44690e-07
 3.08060e-07
 2.76890e-07
 2.50161e-07
 2.27077e-07
 2.07011e-07
 1.89464e-07
 1.74036e-07
 1.60401e-07
 1.48294e-07
 1.37497e-07
 1.56359e-06
 1.24516e-06
 1.01318e-06
 8.39494e-07
 7.06354e-07
 6.02191e-07
 5.19246e-07
 4.52172e-07
 3.97193e-07
 3.51586e-07
 3.13350e-07
 2.80987e-07
 2.53359e-07
 2.29590e-07
 2.08998e-07
 1.91042e-07
 1.75294e-07
 1.61407e-07
 1.49100e-07
 1.38143e-07
 1.68802e-06
 1.31989e-06
 1.06018e-06
 8.70159e-07
 7.26955e-07
 6.16364e-07
 5.29185e-07
 4.59250e-07
 4.02295e-07
 3.55299e-07
 3.16070e-07
 2.82986e-07
 2.54830e-07
 2.30671e-07
 2.09786e-07
 1.91611e-07
 1.75696e-07
 1.61682e-07
 1.49278e-07
 1.38247e-07
 1.75265e-06
 1.35551e-06
 1.08072e-06
 8.82341e-07
 7.34288e-07
 6.20777e-07
 5.31793e-07
 4.60719e-07
 4.03036e-07
 3.55570e-07
 3.16038e-07
 2.82761e-07
 2.54484e-07
 2.30252e-07
 2.09326e-07
 1.91132e-07
 1.75213e-07
 1.61204e-07
 1.48812e-07
 1.37797e-07
 1.74209e-06
 1.34487e-06
 1.07118e-06
 8.74100e-07
 7.27254e-07
 6.14786e-07
 5.26679e-07
 4.56335e-07
 3.99259e-07
 3.52299e-07
 3.13190e-07
 2.80269e-07
 2.52292e-07
 2.28314e-07
 2.07607e-07
 1.89599e-07
 1.73841e-07
 1.59972e-07
 1.47701e-07
 1.36792e-07
 1.65669e-06
 1.28851e-06
 1.03202e-06
 8.45792e-07
 7.06122e-07
 5.98593e-07
 5.13997e-07
 4.46217e-07
 3.91057e-07
 3.45558e-07
 3.07582e-07
 2.75554e-07
 2.48290e-07
 2.24888e-07
 2.04651e-07
 1.87031e-07
 1.71596e-07
 1.57998e-07
 1.45956e-07
 1.35242e-07
 1.51230e-06
 1.19445e-06
 9.67658e-07
 7.99996e-07
 6.72485e-07
 5.73224e-07
 4.94430e-07
 4.30834e-07
 3.78762e-07
 3.35587e-07
 2.99392e-07
 2.68749e-07
 2.42579e-07
 2.20051e-07
 2.00520e-07
 1.83477e-07
 1.68517e-07
 1.55314e-07
 1.43604e-07
 1.33168e-07
 1.33272e-06
 1.07521e-06
 8.85127e-07
 7.40892e-07
 6.28935e-07
 5.40350e-07
 4.69093e-07
 4.10950e-07
 3.62908e-07
 3.22769e-07
 2.88899e-07
 2.60063e-07
 2.35316e-07
 2.13924e-07
 1.95308e-07
 1.79011e-07
 1.64663e-07
 1.51967e-07
 1.40680e-07
 1.30601e-07
 1.14122e-06
 9.44073e-07
 7.92322e-07
 6.73356e-07
 5.78589e-07
 5.02022e-07
 4.39373e-07
 3.87526e-07
 3.44177e-07
 3.07596e-07
 2.76464e-07
 2.49765e-07
 2.26707e-07
 2.06663e-07
 1.89136e-07
 1.73726e-07
 1.60108e-07
 1.48017e-07
 1.37235e-07
 1.27581e-07
 9.55649e-07
 8.12337e-07
 6.96491e-07
 6.02118e-07
 5.24597e-07
 4.60384e-07
 4.06756e-07
 3.61612e-07
 3.23325e-07
 2.90621e-07
 2.62498e-07
 2.38164e-07
 2.16985e-07
 1.98450e-07
 1.82146e-07
 1.67736e-07
 1.54942e-07
 1.43535e-07
 1.33326e-07
 1.24153e-07
 7.87229e-07
 6.88108e-07
 6.03340e-07
 5.31174e-07
 4.69771e-07
 4.17430e-07
 3.72674e-07
 3.34250e-07
 3.01116e-07
 2.72412e-07
 2.47430e-07
 2.25587e-07
 2.06403e-07
 1.89481e-07
 1.74491e-07
 1.61161e-07
 1.49261e-07
 1.38600e-07
 1.29016e-07
 1.20371e-07
 6.41292e-07
 5.76203e-07
 5.16748e-07
 4.63507e-07
 4.16357e-07
 3.74844e-07
 3.38387e-07
 3.06385e-07
 2.78267e-07
 2.53517e-07
 2.31680e-07
 2.12359e-07
 1.95215e-07
 1.79955e-07
 1.66331e-07
 1.54129e-07
 1.43169e-07
 1.33295e-07
 1.24373e-07
 1.16290e-07
 5.18889e-07
 4.78711e-07
 4.38900e-07
 4.01059e-07
 3.65968e-07
 3.33918e-07
 3.04917e-07
 2.78820e-07
 2.55406e-07
 2.34428e-07
 2.15635e-07
 1.98787e-07
 1.83665e-07
 1.70069e-07
 1.57822e-07
 1.46767e-07
 1.36768e-07
 1.27703e-07
 1.19467e-07
 1.11968e-07
 4.18470e-07
 3.95790e-07
 3.70636e-07
 3.44862e-07
 3.19611e-07
 2.95550e-07
 2.73026e-07
 2.52186e-07
 2.33050e-07
 2.15565e-07
 1.99635e-07
 1.85146e-07
 1.71975e-07
 1.60002e-07
 1.49112e-07
 1.39197e-07
 1.30159e-07
 1.21909e-07
 1.14367e-07
 1.07461e-07
 3.37246e-07
 3.26430e-07
 3.11860e-07
 2.95250e-07
 2.77790e-07
 2.60279e-07
 2.43227e-07
 2.26942e-07
 2.11596e-07
 1.97264e-07
 1.83963e-07
 1.71672e-07
 1.60343e-07
 1.49919e-07
 1.40337e-07
 1.31530e-07
 1.23435e-07
 1.15990e-07
 1.09138e-07
 1.02826e-07
