scalar
part
         1
quad4
 5.88466e-07
 5.41842e-07
 4.95946e-07
 4.52411e-07
 4.12072e-07
 3.75251e-07
 3.41957e-07
 3.12027e-07
 2.85207e-07
 2.61212e-07
 2.39749e-07
 2.20541e-07
 2.03331e-07
 1.87885e-07
 1.73999e-07
 1.61488e-07
 1.50193e-07
 1.39973e-07
 1.30705e-07
 1.22281e-07
 6.96046e-07
 6.28669e-07
 5.65747e-07
 5.08510e-07
 4.57260e-07
 4.11789e-07
 3.71644e-07
 3.36277e-07
 3.05130e-07
 2.77673e-07
 2.53430e-07
 2.31974e-07
 2.12938e-07
 1.96002e-07
 1.80890e-07
 1.67368e-07
 1.55234e-07
 1.44313e-07
 1.34457e-07
 1.25538e-07
 8.22991e-07
 7.27464e-07
 6.42705e-07
 5.68705e-07
 5.04626e-07
 4.49323e-07
 4.01610e-07
 3.60386e-07
 3.24673e-07
 2.93633e-07
 2.66556e-07
 2.42843e-07
 2.21996e-07
 2.03597e-07
 1.87296e-07
 1.72800e-07
 1.59863e-07
 1.48278e-07
 1.37869e-07
 1.28486e-07
 9.69470e-07
 8.36958e-07
 7.25156e-07
 6.31383e-07
 5.52772e-07
 4.86701e-07
 4.30934e-07
 3.83623e-07
 3.43263e-07
 3.08640e-07
 2.78772e-07
 2.52867e-07
 2.30282e-07
 2.10494e-07
 1.93073e-07
 1.77669e-07
 1.63990e-07
 1.51794e-07
 1.40879e-07
 1.31076e-07
 1.13256e-06
 9.53682e-07
 8.09988e-07
 6.94020e-07
 5.99737e-07
 5.22429e-07
 4.58483e-07
 4.05132e-07
 3.60251e-07
 3.22199e-07
 2.89700e-07
 2.61754e-07
 2.37569e-07
 2.16514e-07
 1.98082e-07
 1.81864e-07
 1.67525e-07
 1.54789e-07
 1.43431e-07
 1.33261e-07
 1.30441e-06
 1.07123e-06
 8.92416e-07
 7.53152e-07
 6.43036e-07
 5.54725e-07
 4.82972e-07
 4.23978e-07
 3.74948e-07
 3.33800e-07
 2.98957e-07
 2.69213e-07
 2.43634e-07
 2.21487e-07
 2.02190e-07
 1.85281e-07
 1.70385e-07
 1.57198e-07
 1.45470e-07
 1.34996e-07
 1.47077e-06
 1.18003e-06
 9.66105e-07
 8.04569e-07
 6.79841e-07
 5.81657e-07
 5.03061e-07
 4.39217e-07
 3.86680e-07
 3.42952e-07
 3.06181e-07
 2.74977e-07
 2.48276e-07
 2.25257e-07
 2.05277e-07
 1.87827e-07
 1.72498e-07
 1.58962e-07
 1.46952e-07
 1.36246e-07
 1.61139e-06
 1.26818e-06
 1.02387e-06
 8.43808e-07
 7.07299e-07
 6.01355e-07
 5.17494e-07
 4.49986e-07
 3.94844e-07
 3.49226e-07
 3.11063e-07
 2.78815e-07
 2.51324e-07
 2.27698e-07
 2.07247e-07
 1.89427e-07
 1.73806e-07
 1.60038e-07
 1.47840e-07
 1.36983e-07
 1.70386e-06
 1.32371e-06
 1.05897e-06
 8.66893e-07
 7.22967e-07
 6.12266e-07
 5.25255e-07
 4.55603e-07
 3.98970e-07
 3.52295e-07
 3.13367e-07
 2.80561e-07
 2.52654e-07
 2.28717e-07
 2.08029e-07
 1.90029e-07
 1.74268e-07
 1.60391e-07
 1.48109e-07
 1.37186e-07
 1.73057e-06
 1.33786e-06
 1.06670e-06
 8.71147e-07
 7.25252e-07
 6.13404e-07
 5.25712e-07
 4.55655e-07
 3.98781e-07
 3.51966e-07
 3.12961e-07
 2.80117e-07
 2.52197e-07
 2.28262e-07
 2.07586e-07
 1.89603e-07
 1.73863e-07
 1.60008e-07
 1.47747e-07
 1.36845e-07
 1.68561e-06
 1.30786e-06
 1.04566e-06
 8.55812e-07
 7.13727e-07
 6.04520e-07
 5.18720e-07
 4.50052e-07
 3.94221e-07
 3.48205e-07
 3.09823e-07
 2.77471e-07
 2.49946e-07
 2.26330e-07
 2.05917e-07
 1.88150e-07
 1.72590e-07
 1.58887e-07
 1.46755e-07
 1.35963e-07
 1.57692e-06
 1.23776e-06
 9.98101e-07
 8.22223e-07
 6.89223e-07
 5.86156e-07
 5.04640e-07
 4.39044e-07
 3.85469e-07
 3.41142e-07
 3.04049e-07
 2.72696e-07
 2.45955e-07
 2.22964e-07
 2.03053e-07
 1.85695e-07
 1.70472e-07
 1.57046e-07
 1.45147e-07
 1.34550e-07
 1.42264e-06
 1.13703e-06
 9.29302e-07
 7.73500e-07
 6.53669e-07
 5.59549e-07
 4.84294e-07
 4.23192e-07
 3.72916e-07
 3.31057e-07
 2.95843e-07
 2.65942e-07
 2.40339e-07
 2.18251e-07
 1.99064e-07
 1.82292e-07
 1.67549e-07
 1.54519e-07
 1.42949e-07
 1.32628e-07
 1.24461e-06
 1.01767e-06
 8.46233e-07
 7.13872e-07
 6.09731e-07
 5.26435e-07
 4.58846e-07
 4.03298e-07
 3.57125e-07
 3.18355e-07
 2.85500e-07
 2.57428e-07
 2.33262e-07
 2.12315e-07
 1.94045e-07
 1.78017e-07
 1.63881e-07
 1.51354e-07
 1.40200e-07
 1.30228e-07
 1.06257e-06
 8.91408e-07
 7.56098e-07
 6.47897e-07
 5.60376e-07
 4.88798e-07
 4.29652e-07
 3.80308e-07
 3.38772e-07
 3.03523e-07
 2.73380e-07
 2.47424e-07
 2.24928e-07
 2.05314e-07
 1.88118e-07
 1.72964e-07
 1.59545e-07
 1.47609e-07
 1.36949e-07
 1.27390e-07
 8.90962e-07
 7.67757e-07
 6.65177e-07
 5.79783e-07
 5.08468e-07
 4.48620e-07
 3.98108e-07
 3.55218e-07
 3.18580e-07
 2.87095e-07
 2.59881e-07
 2.36230e-07
 2.15568e-07
 1.97426e-07
 1.81422e-07
 1.67242e-07
 1.54626e-07
 1.43356e-07
 1.33251e-07
 1.24160e-07
 7.38092e-07
 6.53144e-07
 5.78202e-07
 5.12948e-07
 4.56470e-07
 4.07681e-07
 3.65511e-07
 3.28987e-07
 2.97260e-07
 2.69604e-07
 2.45408e-07
 2.24157e-07
 2.05421e-07
 1.88837e-07
 1.74105e-07
 1.60970e-07
 1.49219e-07
 1.38669e-07
 1.29169e-07
 1.20587e-07
 6.07151e-07
 5.51047e-07
 4.98206e-07
 4.49837e-07
 4.06287e-07
 3.67445e-07
 3.32978e-07
 3.02465e-07
 2.75464e-07
 2.51555e-07
 2.30352e-07
 2.11510e-07
 1.94726e-07
 1.79738e-07
 1.66318e-07
 1.54269e-07
 1.43421e-07
 1.33629e-07
 1.24767e-07
 1.16725e-07
 4.97904e-07
 4.62635e-07
 4.26738e-07
 3.91956e-07
 3.59232e-07
 3.29001e-07
 3.01392e-07
 2.76359e-07
 2.53756e-07
 2.33393e-07
 2.15066e-07
 1.98570e-07
 1.83711e-07
 1.70311e-07
 1.58208e-07
 1.47257e-07
 1.37331e-07
 1.28316e-07
 1.20112e-07
 1.12630e-07
 4.08262e-07
 3.87554e-07
 3.64228e-07
 3.40029e-07
 3.16085e-07
 2.93080e-07
 2.71396e-07
 2.51214e-07
 2.32588e-07
 2.15493e-07
 1.99859e-07
 1.85590e-07
 1.72581e-07
 1.60723e-07
 1.49913e-07
 1.40050e-07
 1.31043e-07
 1.22808e-07
 1.15268e-07
 1.08355e-07
