scalar
part
         1
quad4
 6.10156e-07
 5.59853e-07
 5.10756e-07
 4.64513e-07
 4.21923e-07
 3.83253e-07
 3.48453e-07
 3.17299e-07
 2.89488e-07
 2.64688e-07
 2.42573e-07
 2.22833e-07
 2.05189e-07
 1.89390e-07
 1.75213e-07
 1.62464e-07
 1.50972e-07
 1.40589e-07
 1.31186e-07
 1.22650e-07
 7.20513e-07
 6.48362e-07
 5.81467e-07
 5.21002e-07
 4.67165e-07
 4.19639e-07
 3.77867e-07
 3.41213e-07
 3.09047e-07
 2.80783e-07
 2.55896e-07
 2.33927e-07
 2.14479e-07
 1.97211e-07
 1.81833e-07
 1.68094e-07
 1.55783e-07
 1.44719e-07
 1.34747e-07
 1.25732e-07
 8.50286e-07
 7.48615e-07
 6.59004e-07
 5.81240e-07
 5.14266e-07
 4.56743e-07
 4.07329e-07
 3.64797e-07
 3.28075e-07
 2.96252e-07
 2.68565e-07
 2.44376e-07
 2.23154e-07
 2.04459e-07
 1.87924e-07
 1.73242e-07
 1.60156e-07
 1.48453e-07
 1.37949e-07
 1.28491e-07
 9.99252e-07
 8.58999e-07
 7.41441e-07
 6.43431e-07
 5.61704e-07
 4.93336e-07
 4.35867e-07
 3.87288e-07
 3.45977e-07
 3.10635e-07
 2.80221e-07
 2.53899e-07
 2.30993e-07
 2.10958e-07
 1.93346e-07
 1.77794e-07
 1.64000e-07
 1.51715e-07
 1.40732e-07
 1.30876e-07
 1.16376e-06
 9.75515e-07
 8.25323e-07
 7.04837e-07
 6.07390e-07
 5.27848e-07
 4.62308e-07
 4.07809e-07
 3.62094e-07
 3.23431e-07
 2.90483e-07
 2.62203e-07
 2.37770e-07
 2.16531e-07
 1.97963e-07
 1.81643e-07
 1.67228e-07
 1.54438e-07
 1.43041e-07
 1.32844e-07
 1.33476e-06
 1.09106e-06
 9.05466e-07
 7.61779e-07
 6.48729e-07
 5.58443e-07
 4.85342e-07
 4.25417e-07
 3.75739e-07
 3.34136e-07
 2.98974e-07
 2.69006e-07
 2.43270e-07
 2.21014e-07
 2.01644e-07
 1.84687e-07
 1.69762e-07
 1.56559e-07
 1.44825e-07
 1.34352e-07
 1.49643e-06
 1.19528e-06
 9.75188e-07
 8.09902e-07
 6.82840e-07
 5.83179e-07
 5.03637e-07
 4.39182e-07
 3.86252e-07
 3.42273e-07
 3.05346e-07
 2.74049e-07
 2.47298e-07
 2.24259e-07
 2.04278e-07
 1.86840e-07
 1.71532e-07
 1.58023e-07
 1.46042e-07
 1.35368e-07
 1.62708e-06
 1.27580e-06
 1.02717e-06
 8.44743e-07
 7.06915e-07
 6.00240e-07
 5.15986e-07
 4.48283e-07
 3.93065e-07
 3.47440e-07
 3.09311e-07
 2.77121e-07
 2.49700e-07
 2.26151e-07
 2.05777e-07
 1.88034e-07
 1.72488e-07
 1.58790e-07
 1.46660e-07
 1.35866e-07
 1.70401e-06
 1.32083e-06
 1.05494e-06
 8.62548e-07
 7.18681e-07
 6.08198e-07
 5.21466e-07
 4.52107e-07
 3.95758e-07
 3.49347e-07
 3.10663e-07
 2.78076e-07
 2.50367e-07
 2.26608e-07
 2.06081e-07
 1.88225e-07
 1.72594e-07
 1.58834e-07
 1.46658e-07
 1.35830e-07
 1.71156e-06
 1.32281e-06
 1.05452e-06
 8.61100e-07
 7.16838e-07
 6.06260e-07
 5.19576e-07
 4.50330e-07
 3.94117e-07
 3.47848e-07
 3.09301e-07
 2.76842e-07
 2.49250e-07
 2.25596e-07
 2.05163e-07
 1.87391e-07
 1.71837e-07
 1.58144e-07
 1.46028e-07
 1.35254e-07
 1.64779e-06
 1.28094e-06
 1.02557e-06
 8.40252e-07
 7.01328e-07
 5.94411e-07
 5.10320e-07
 4.42961e-07
 3.88156e-07
 3.42958e-07
 3.05239e-07
 2.73432e-07
 2.46359e-07
 2.23124e-07
 2.03034e-07
 1.85543e-07
 1.70222e-07
 1.56726e-07
 1.44775e-07
 1.34142e-07
 1.52478e-06
 1.20132e-06
 9.71417e-07
 8.01944e-07
 6.73344e-07
 5.73414e-07
 4.94206e-07
 4.30352e-07
 3.78122e-07
 3.34854e-07
 2.98609e-07
 2.67944e-07
 2.41770e-07
 2.19251e-07
 1.99736e-07
 1.82715e-07
 1.67779e-07
 1.54602e-07
 1.42918e-07
 1.32510e-07
 1.36286e-06
 1.09464e-06
 8.98067e-07
 7.49732e-07
 6.35087e-07
 5.44686e-07
 4.72173e-07
 4.13142e-07
 3.64462e-07
 3.23857e-07
 2.89643e-07
 2.60551e-07
 2.35612e-07
 2.14074e-07
 1.95348e-07
 1.78967e-07
 1.64555e-07
 1.51811e-07
 1.40488e-07
 1.30382e-07
 1.18353e-06
 9.73027e-07
 8.12686e-07
 6.88019e-07
 5.89357e-07
 5.10062e-07
 4.45460e-07
 3.92187e-07
 3.47780e-07
 3.10401e-07
 2.78660e-07
 2.51490e-07
 2.28064e-07
 2.07732e-07
 1.89975e-07
 1.74382e-07
 1.60616e-07
 1.48406e-07
 1.37526e-07
 1.27793e-07
 1.00472e-06
 8.47519e-07
 7.22222e-07
 6.21285e-07
 5.39113e-07
 4.71541e-07
 4.15444e-07
 3.68456e-07
 3.28769e-07
 2.94990e-07
 2.66032e-07
 2.41041e-07
 2.19340e-07
 2.00386e-07
 1.83744e-07
 1.69059e-07
 1.56040e-07
 1.44448e-07
 1.34084e-07
 1.24784e-07
 8.38725e-07
 7.26584e-07
 6.32454e-07
 5.53495e-07
 4.87103e-07
 4.31051e-07
 3.83497e-07
 3.42938e-07
 3.08154e-07
 2.78162e-07
 2.52162e-07
 2.29508e-07
 2.09672e-07
 1.92220e-07
 1.76798e-07
 1.63112e-07
 1.50917e-07
 1.40010e-07
 1.30220e-07
 1.21402e-07
 6.92260e-07
 6.15698e-07
 5.47565e-07
 4.87757e-07
 4.35614e-07
 3.90277e-07
 3.50865e-07
 3.16560e-07
 2.86630e-07
 2.60442e-07
 2.37453e-07
 2.17203e-07
 1.99302e-07
 1.83422e-07
 1.69286e-07
 1.56659e-07
 1.45343e-07
 1.35170e-07
 1.25997e-07
 1.17700e-07
 5.67557e-07
 5.17645e-07
 4.70128e-07
 4.26223e-07
 3.86368e-07
 3.50564e-07
 3.18592e-07
 2.90130e-07
 2.64823e-07
 2.42317e-07
 2.22284e-07
 2.04422e-07
 1.88466e-07
 1.74179e-07
 1.61357e-07
 1.49821e-07
 1.39417e-07
 1.30008e-07
 1.21480e-07
 1.13731e-07
 4.63924e-07
 4.33168e-07
 4.01359e-07
 3.70160e-07
 3.40512e-07
 3.12892e-07
 2.87486e-07
 2.64304e-07
 2.43260e-07
 2.24211e-07
 2.06995e-07
 1.91440e-07
 1.77384e-07
 1.64670e-07
 1.53158e-07
 1.42717e-07
 1.33233e-07
 1.24603e-07
 1.16736e-07
 1.09550e-07
 3.79130e-07
 3.61698e-07
 3.41480e-07
 3.20117e-07
 2.98694e-07
 2.77895e-07
 2.58119e-07
 2.39579e-07
 2.22362e-07
 2.06474e-07
 1.91876e-07
 1.78496e-07
 1.66253e-07
 1.55058e-07
 1.44821e-07
 1.35457e-07
 1.26886e-07
 1.19032e-07
 1.11828e-07
 1.05211e-07
