scalar
part
         1
quad4
 5.17376e-07
 4.80424e-07
 4.43088e-07
 4.06983e-07
 3.73010e-07
 3.41601e-07
 3.12890e-07
 2.86833e-07
 2.63288e-07
 2.42064e-07
 2.22955e-07
 2.05749e-07
 1.90250e-07
 1.76271e-07
 1.63648e-07
 1.52228e-07
 1.41879e-07
 1.32483e-07
 1.23935e-07
 1.16142e-07
 6.16888e-07
 5.61721e-07
 5.09234e-07
 4.60773e-07
 4.16834e-07
 3.77427e-07
 3.42306e-07
 3.11105e-07
 2.83422e-07
 2.58857e-07
 2.37035e-07
 2.17619e-07
 2.00308e-07
 1.84838e-07
 1.70979e-07
 1.58532e-07
 1.47324e-07
 1.37206e-07
 1.28048e-07
 1.19739e-07
 7.35441e-07
 6.55230e-07
 5.83046e-07
 5.19256e-07
 4.63428e-07
 4.14791e-07
 3.72478e-07
 3.35645e-07
 3.03523e-07
 2.75436e-07
 2.50803e-07
 2.29126e-07
 2.09985e-07
 1.93024e-07
 1.77942e-07
 1.64486e-07
 1.52441e-07
 1.41625e-07
 1.31881e-07
 1.23079e-07
 8.73863e-07
 7.60288e-07
 6.63344e-07
 5.81180e-07
 5.11652e-07
 4.52721e-07
 4.02606e-07
 3.59803e-07
 3.23070e-07
 2.91389e-07
 2.63927e-07
 2.40005e-07
 2.19067e-07
 2.00657e-07
 1.84398e-07
 1.69979e-07
 1.57140e-07
 1.45665e-07
 1.35373e-07
 1.26109e-07
 1.03043e-06
 8.74342e-07
 7.47662e-07
 6.44455e-07
 5.59826e-07
 4.89903e-07
 4.31673e-07
 3.82797e-07
 3.41460e-07
 3.06246e-07
 2.76043e-07
 2.49972e-07
 2.27332e-07
 2.07562e-07
 1.90207e-07
 1.74896e-07
 1.61329e-07
 1.49253e-07
 1.38462e-07
 1.28783e-07
 1.19918e-06
 9.92233e-07
 8.31984e-07
 7.06077e-07
 6.05740e-07
 5.24715e-07
 4.58483e-07
 4.03739e-07
 3.58029e-07
 3.19508e-07
 2.86772e-07
 2.58735e-07
 2.34554e-07
 2.13562e-07
 1.95229e-07
 1.79130e-07
 1.64920e-07
 1.52318e-07
 1.41092e-07
 1.31052e-07
 1.36848e-06
 1.10583e-06
 9.10744e-07
 7.62239e-07
 6.46767e-07
 5.55321e-07
 4.81739e-07
 4.21699e-07
 3.72102e-07
 3.30678e-07
 2.95742e-07
 2.66015e-07
 2.40519e-07
 2.18492e-07
 1.99337e-07
 1.82579e-07
 1.67835e-07
 1.54797e-07
 1.43213e-07
 1.32875e-07
 1.52094e-06
 1.20447e-06
 9.77292e-07
 8.08685e-07
 6.80115e-07
 5.79848e-07
 5.00155e-07
 4.35779e-07
 3.83038e-07
 3.39294e-07
 3.02614e-07
 2.71559e-07
 2.45037e-07
 2.22209e-07
 2.02420e-07
 1.85156e-07
 1.70004e-07
 1.56635e-07
 1.44780e-07
 1.34219e-07
 1.63588e-06
 1.27666e-06
 1.02489e-06
 8.41307e-07
 7.03191e-07
 5.96608e-07
 5.12605e-07
 4.45207e-07
 3.90299e-07
 3.44970e-07
 3.07110e-07
 2.75162e-07
 2.47956e-07
 2.24596e-07
 2.04389e-07
 1.86792e-07
 1.71375e-07
 1.57791e-07
 1.45760e-07
 1.35055e-07
 1.69461e-06
 1.31258e-06
 1.04806e-06
 8.56879e-07
 7.14013e-07
 6.04339e-07
 5.18259e-07
 4.49425e-07
 3.93500e-07
 3.47436e-07
 3.09035e-07
 2.76683e-07
 2.49170e-07
 2.25574e-07
 2.05184e-07
 1.87443e-07
 1.71912e-07
 1.58236e-07
 1.46132e-07
 1.35367e-07
 1.68646e-06
 1.30684e-06
 1.04386e-06
 8.53712e-07
 7.11564e-07
 6.02406e-07
 5.16706e-07
 4.48159e-07
 3.92455e-07
 3.46563e-07
 3.08298e-07
 2.76056e-07
 2.48631e-07
 2.25108e-07
 2.04778e-07
 1.87088e-07
 1.71598e-07
 1.57959e-07
 1.45885e-07
 1.35146e-07
 1.61253e-06
 1.26005e-06
 1.01265e-06
 8.32028e-07
 6.95989e-07
 5.90906e-07
 5.08015e-07
 4.41458e-07
 3.87198e-07
 3.42376e-07
 3.04919e-07
 2.73294e-07
 2.46351e-07
 2.23206e-07
 2.03179e-07
 1.85732e-07
 1.70440e-07
 1.56962e-07
 1.45023e-07
 1.34396e-07
 1.48526e-06
 1.17863e-06
 9.57999e-07
 7.93917e-07
 6.68570e-07
 5.70658e-07
 4.92725e-07
 4.29688e-07
 3.77984e-07
 3.35056e-07
 2.99026e-07
 2.68495e-07
 2.42400e-07
 2.19924e-07
 2.00427e-07
 1.83407e-07
 1.68461e-07
 1.55267e-07
 1.43562e-07
 1.33129e-07
 1.32415e-06
 1.07296e-06
 8.85792e-07
 7.42895e-07
 6.31494e-07
 5.43067e-07
 4.71768e-07
 4.13483e-07
 3.65256e-07
 3.24917e-07
 2.90849e-07
 2.61826e-07
 2.36906e-07
 2.15355e-07
 1.96596e-07
 1.80170e-07
 1.65707e-07
 1.52909e-07
 1.41530e-07
 1.31369e-07
 1.14980e-06
 9.54703e-07
 8.02936e-07
 6.83215e-07
 5.87472e-07
 5.09917e-07
 4.46347e-07
 3.93673e-07
 3.49597e-07
 3.12379e-07
 2.80694e-07
 2.53514e-07
 2.30038e-07
 2.09631e-07
 1.91787e-07
 1.76100e-07
 1.62239e-07
 1.49935e-07
 1.38965e-07
 1.29145e-07
 9.79074e-07
 8.34296e-07
 7.16027e-07
 6.19146e-07
 5.39332e-07
 4.73120e-07
 4.17784e-07
 3.71190e-07
 3.31675e-07
 2.97928e-07
 2.68919e-07
 2.43828e-07
 2.22000e-07
 2.02906e-07
 1.86119e-07
 1.71290e-07
 1.58131e-07
 1.46406e-07
 1.35916e-07
 1.26498e-07
 8.22819e-07
 7.19478e-07
 6.30438e-07
 5.54406e-07
 4.89666e-07
 4.34505e-07
 3.87383e-07
 3.46977e-07
 3.12180e-07
 2.82076e-07
 2.55909e-07
 2.33060e-07
 2.13015e-07
 1.95355e-07
 1.79729e-07
 1.65848e-07
 1.53469e-07
 1.42389e-07
 1.32438e-07
 1.23471e-07
 6.86235e-07
 6.14956e-07
 5.49922e-07
 4.91850e-07
 4.40603e-07
 3.95651e-07
 3.56319e-07
 3.21910e-07
 2.91774e-07
 2.65324e-07
 2.42048e-07
 2.21504e-07
 2.03315e-07
 1.87158e-07
 1.72759e-07
 1.59887e-07
 1.48343e-07
 1.37959e-07
 1.28591e-07
 1.20114e-07
 5.70424e-07
 5.22864e-07
 4.76674e-07
 4.33395e-07
 3.93714e-07
 3.57807e-07
 3.25569e-07
 2.96752e-07
 2.71048e-07
 2.48134e-07
 2.27696e-07
 2.09446e-07
 1.93123e-07
 1.78493e-07
 1.65353e-07
 1.53523e-07
 1.42848e-07
 1.33192e-07
 1.24436e-07
 1.16478e-07
 4.74098e-07
 4.43523e-07
 4.11631e-07
 3.80129e-07
 3.50029e-07
 3.21869e-07
 2.95885e-07
 2.72118e-07
 2.50502e-07
 2.30907e-07
 2.13178e-07
 1.97147e-07
 1.82650e-07
 1.69532e-07
 1.57648e-07
 1.46869e-07
 1.37075e-07
 1.28163e-07
 1.20037e-07
 1.12616e-07
