scalar
part
         1
quad4
 6.14345e-07
 5.64194e-07
 5.15175e-07
 4.68929e-07
 4.26267e-07
 3.87472e-07
 3.52508e-07
 3.21166e-07
 2.93155e-07
 2.68151e-07
 2.45833e-07
 2.25896e-07
 2.08064e-07
 1.92087e-07
 1.77742e-07
 1.64836e-07
 1.53198e-07
 1.42679e-07
 1.33150e-07
 1.24497e-07
 7.24901e-07
 6.53061e-07
 5.86324e-07
 5.25880e-07
 4.71958e-07
 4.24273e-07
 3.82295e-07
 3.45410e-07
 3.13000e-07
 2.84492e-07
 2.59367e-07
 2.37171e-07
 2.17508e-07
 2.00039e-07
 1.84474e-07
 1.70562e-07
 1.58091e-07
 1.46879e-07
 1.36770e-07
 1.27631e-07
 8.54950e-07
 7.53810e-07
 6.64444e-07
 5.86707e-07
 5.19610e-07
 4.61871e-07
 4.12188e-07
 3.69362e-07
 3.32341e-07
 3.00226e-07
 2.72259e-07
 2.47807e-07
 2.26341e-07
 2.07419e-07
 1.90676e-07
 1.75803e-07
 1.62543e-07
 1.50680e-07
 1.40029e-07
 1.30438e-07
 1.00442e-06
 8.64947e-07
 7.47691e-07
 6.49664e-07
 5.67729e-07
 4.99048e-07
 4.41217e-07
 3.92262e-07
 3.50581e-07
 3.14887e-07
 2.84145e-07
 2.57520e-07
 2.34337e-07
 2.14048e-07
 1.96207e-07
 1.80445e-07
 1.66462e-07
 1.54005e-07
 1.42865e-07
 1.32867e-07
 1.16993e-06
 9.82659e-07
 8.32714e-07
 7.12067e-07
 6.14248e-07
 5.34242e-07
 4.68210e-07
 4.13227e-07
 3.67056e-07
 3.27972e-07
 2.94639e-07
 2.66012e-07
 2.41267e-07
 2.19746e-07
 2.00925e-07
 1.84378e-07
 1.69759e-07
 1.56785e-07
 1.45222e-07
 1.34874e-07
 1.34293e-06
 1.10008e-06
 9.14439e-07
 7.70278e-07
 6.56584e-07
 5.65612e-07
 4.91847e-07
 4.31305e-07
 3.81068e-07
 3.38965e-07
 3.03358e-07
 2.72996e-07
 2.46910e-07
 2.24344e-07
 2.04699e-07
 1.87498e-07
 1.72354e-07
 1.58955e-07
 1.47046e-07
 1.36416e-07
 1.50816e-06
 1.20709e-06
 9.86245e-07
 8.19940e-07
 6.91832e-07
 5.91193e-07
 5.10773e-07
 4.45546e-07
 3.91944e-07
 3.47380e-07
 3.09945e-07
 2.78206e-07
 2.51070e-07
 2.27693e-07
 2.07415e-07
 1.89715e-07
 1.74176e-07
 1.60460e-07
 1.48296e-07
 1.37458e-07
 1.64434e-06
 1.29132e-06
 1.04075e-06
 8.56516e-07
 7.17119e-07
 6.09115e-07
 5.23743e-07
 4.55102e-07
 3.99092e-07
 3.52798e-07
 3.14099e-07
 2.81423e-07
 2.53582e-07
 2.29669e-07
 2.08980e-07
 1.90960e-07
 1.75171e-07
 1.61258e-07
 1.48937e-07
 1.37974e-07
 1.72840e-06
 1.34066e-06
 1.07122e-06
 8.76079e-07
 7.30060e-07
 6.17876e-07
 5.29784e-07
 4.59324e-07
 4.02072e-07
 3.54914e-07
 3.15605e-07
 2.82491e-07
 2.54333e-07
 2.30189e-07
 2.09330e-07
 1.91185e-07
 1.75302e-07
 1.61321e-07
 1.48948e-07
 1.37947e-07
 1.74319e-06
 1.34674e-06
 1.07326e-06
 8.76163e-07
 7.29206e-07
 6.16595e-07
 5.28339e-07
 4.57852e-07
 4.00644e-07
 3.53565e-07
 3.14348e-07
 2.81331e-07
 2.53268e-07
 2.29214e-07
 2.08437e-07
 1.90368e-07
 1.74555e-07
 1.60636e-07
 1.48320e-07
 1.37371e-07
 1.68460e-06
 1.30778e-06
 1.04601e-06
 8.56357e-07
 7.14352e-07
 6.05167e-07
 5.19357e-07
 4.50664e-07
 3.94802e-07
 3.48752e-07
 3.10336e-07
 2.77951e-07
 2.50394e-07
 2.26749e-07
 2.06308e-07
 1.88516e-07
 1.72934e-07
 1.59209e-07
 1.47058e-07
 1.36248e-07
 1.56316e-06
 1.22914e-06
 9.92459e-07
 8.18412e-07
 6.86584e-07
 5.84295e-07
 5.03310e-07
 4.38086e-07
 3.84776e-07
 3.40642e-07
 3.03690e-07
 2.72443e-07
 2.45782e-07
 2.22851e-07
 2.02986e-07
 1.85663e-07
 1.70467e-07
 1.57063e-07
 1.45179e-07
 1.34595e-07
 1.39908e-06
 1.12138e-06
 9.18510e-07
 7.65824e-07
 6.48067e-07
 5.55373e-07
 4.81124e-07
 4.20749e-07
 3.71009e-07
 3.29552e-07
 2.94644e-07
 2.64979e-07
 2.39560e-07
 2.17618e-07
 1.98547e-07
 1.81870e-07
 1.67202e-07
 1.54234e-07
 1.42715e-07
 1.32436e-07
 1.21501e-06
 9.97092e-07
 8.31519e-07
 7.03081e-07
 6.01642e-07
 5.20256e-07
 4.54047e-07
 3.99516e-07
 3.54108e-07
 3.15919e-07
 2.83515e-07
 2.55796e-07
 2.31910e-07
 2.11187e-07
 1.93098e-07
 1.77218e-07
 1.63204e-07
 1.50776e-07
 1.39707e-07
 1.29805e-07
 1.03033e-06
 8.68013e-07
 7.38787e-07
 6.34848e-07
 5.50367e-07
 4.81001e-07
 4.23491e-07
 3.75376e-07
 3.34780e-07
 3.00257e-07
 2.70685e-07
 2.45180e-07
 2.23046e-07
 2.03725e-07
 1.86767e-07
 1.71809e-07
 1.58553e-07
 1.46753e-07
 1.36207e-07
 1.26745e-07
 8.58564e-07
 7.43280e-07
 6.46470e-07
 5.65302e-07
 4.97116e-07
 4.39610e-07
 3.90874e-07
 3.49348e-07
 3.13769e-07
 2.83116e-07
 2.56563e-07
 2.33441e-07
 2.13207e-07
 1.95415e-07
 1.79699e-07
 1.65758e-07
 1.53341e-07
 1.42238e-07
 1.32275e-07
 1.23303e-07
 7.07061e-07
 6.28835e-07
 5.59052e-07
 4.97747e-07
 4.44299e-07
 3.97848e-07
 3.57494e-07
 3.22394e-07
 2.91793e-07
 2.65036e-07
 2.41563e-07
 2.20898e-07
 2.02641e-07
 1.86452e-07
 1.72048e-07
 1.59186e-07
 1.47665e-07
 1.37309e-07
 1.27974e-07
 1.19533e-07
 5.78280e-07
 5.27698e-07
 4.79302e-07
 4.34475e-07
 3.93738e-07
 3.57130e-07
 3.24443e-07
 2.95355e-07
 2.69502e-07
 2.46523e-07
 2.26078e-07
 2.07858e-07
 1.91589e-07
 1.77029e-07
 1.63966e-07
 1.52218e-07
 1.41625e-07
 1.32050e-07
 1.23372e-07
 1.15489e-07
 4.71498e-07
 4.40685e-07
 4.08529e-07
 3.76839e-07
 3.46649e-07
 3.18488e-07
 2.92569e-07
 2.68917e-07
 2.47446e-07
 2.28015e-07
 2.10459e-07
 1.94603e-07
 1.80279e-07
 1.67327e-07
 1.55603e-07
 1.44974e-07
 1.35321e-07
 1.26540e-07
 1.18536e-07
 1.11228e-07
 3.84341e-07
 3.67200e-07
 3.46977e-07
 3.25429e-07
 3.03723e-07
 2.82593e-07
 2.62474e-07
 2.43598e-07
 2.26061e-07
 2.09877e-07
 1.95007e-07
 1.81380e-07
 1.68913e-07
 1.57516e-07
 1.47096e-07
 1.37568e-07
 1.28847e-07
 1.20859e-07
 1.13533e-07
 1.06805e-07
