scalar
part
         1
quad4
 6.47363e-07
 5.92573e-07
 5.39462e-07
 4.89680e-07
 4.44003e-07
 4.02656e-07
 3.65544e-07
 3.32397e-07
 3.02867e-07
 2.76584e-07
 2.53186e-07
 2.32336e-07
 2.13726e-07
 1.97085e-07
 1.82173e-07
 1.68778e-07
 1.56718e-07
 1.45834e-07
 1.35987e-07
 1.27057e-07
 7.61661e-07
 6.83953e-07
 6.12225e-07
 5.47607e-07
 4.90229e-07
 4.39694e-07
 3.95370e-07
 3.56550e-07
 3.22543e-07
 2.92709e-07
 2.66480e-07
 2.43359e-07
 2.22918e-07
 2.04792e-07
 1.88668e-07
 1.74279e-07
 1.61399e-07
 1.49835e-07
 1.39421e-07
 1.30016e-07
 8.95567e-07
 7.87057e-07
 6.91679e-07
 6.09094e-07
 5.38109e-07
 4.77251e-07
 4.25060e-07
 3.80208e-07
 3.41543e-07
 3.08084e-07
 2.79013e-07
 2.53646e-07
 2.31418e-07
 2.11859e-07
 1.94577e-07
 1.79248e-07
 1.65599e-07
 1.53402e-07
 1.42464e-07
 1.32624e-07
 1.04866e-06
 9.00074e-07
 7.75729e-07
 6.72213e-07
 5.86021e-07
 5.14022e-07
 4.53588e-07
 4.02571e-07
 3.59246e-07
 3.22228e-07
 2.90411e-07
 2.62906e-07
 2.38997e-07
 2.18104e-07
 1.99758e-07
 1.83571e-07
 1.69226e-07
 1.56462e-07
 1.45058e-07
 1.34832e-07
 1.21694e-06
 1.01872e-06
 8.60700e-07
 7.34063e-07
 6.31761e-07
 5.48359e-07
 4.79725e-07
 4.22724e-07
 3.74968e-07
 3.34626e-07
 3.00283e-07
 2.70838e-07
 2.45423e-07
 2.23350e-07
 2.04070e-07
 1.87138e-07
 1.72194e-07
 1.58944e-07
 1.47145e-07
 1.36594e-07
 1.39084e-06
 1.13549e-06
 9.41132e-07
 7.90782e-07
 6.72614e-07
 5.78348e-07
 5.02114e-07
 4.39692e-07
 3.88001e-07
 3.44758e-07
 3.08245e-07
 2.77156e-07
 2.50480e-07
 2.27430e-07
 2.07384e-07
 1.89848e-07
 1.74424e-07
 1.60788e-07
 1.48676e-07
 1.37872e-07
 1.55377e-06
 1.23955e-06
 1.01003e-06
 8.37824e-07
 7.05586e-07
 6.01982e-07
 5.19384e-07
 4.52524e-07
 3.97675e-07
 3.52144e-07
 3.13948e-07
 2.81601e-07
 2.53975e-07
 2.30199e-07
 2.09592e-07
 1.91618e-07
 1.75849e-07
 1.61941e-07
 1.49612e-07
 1.38633e-07
 1.68302e-06
 1.31793e-06
 1.05978e-06
 8.70573e-07
 7.27791e-07
 6.17405e-07
 5.30311e-07
 4.60395e-07
 4.03421e-07
 3.56386e-07
 3.17106e-07
 2.83969e-07
 2.55758e-07
 2.31544e-07
 2.10608e-07
 1.92383e-07
 1.76422e-07
 1.62365e-07
 1.49921e-07
 1.38853e-07
 1.75482e-06
 1.35839e-06
 1.08370e-06
 8.85202e-07
 7.36938e-07
 6.23197e-07
 5.33988e-07
 4.62708e-07
 4.04838e-07
 3.57207e-07
 3.17528e-07
 2.84121e-07
 2.55729e-07
 2.31394e-07
 2.10378e-07
 1.92103e-07
 1.76111e-07
 1.62038e-07
 1.49588e-07
 1.38520e-07
 1.75284e-06
 1.35323e-06
 1.07786e-06
 8.79562e-07
 7.31798e-07
 6.18625e-07
 5.29963e-07
 4.59177e-07
 4.01741e-07
 3.54486e-07
 3.15131e-07
 2.82003e-07
 2.53851e-07
 2.29723e-07
 2.08886e-07
 1.90765e-07
 1.74909e-07
 1.60953e-07
 1.48606e-07
 1.37629e-07
 1.67569e-06
 1.30212e-06
 1.04224e-06
 8.53737e-07
 7.12475e-07
 6.03788e-07
 5.18323e-07
 4.49875e-07
 3.94191e-07
 3.48273e-07
 3.09957e-07
 2.77649e-07
 2.50151e-07
 2.26553e-07
 2.06149e-07
 1.88387e-07
 1.72828e-07
 1.59123e-07
 1.46988e-07
 1.36191e-07
 1.53745e-06
 1.21222e-06
 9.80782e-07
 8.10045e-07
 6.80403e-07
 5.79612e-07
 4.99686e-07
 4.35230e-07
 3.82489e-07
 3.38787e-07
 3.02167e-07
 2.71179e-07
 2.44723e-07
 2.21957e-07
 2.02225e-07
 1.85012e-07
 1.69905e-07
 1.56575e-07
 1.44754e-07
 1.34223e-07
 1.36106e-06
 1.09552e-06
 9.00232e-07
 7.52481e-07
 6.38061e-07
 5.47694e-07
 4.75115e-07
 4.15968e-07
 3.67146e-07
 3.26392e-07
 2.92029e-07
 2.62792e-07
 2.37716e-07
 2.16049e-07
 1.97202e-07
 1.80709e-07
 1.66194e-07
 1.53355e-07
 1.41943e-07
 1.31755e-07
 1.16997e-06
 9.65297e-07
 8.08412e-07
 6.85854e-07
 5.88507e-07
 5.10043e-07
 4.45967e-07
 3.93027e-07
 3.48825e-07
 3.11568e-07
 2.79892e-07
 2.52751e-07
 2.29327e-07
 2.08980e-07
 1.91198e-07
 1.75572e-07
 1.61770e-07
 1.49520e-07
 1.38600e-07
 1.28826e-07
 9.82887e-07
 8.33165e-07
 7.12690e-07
 6.14933e-07
 5.34902e-07
 4.68797e-07
 4.13720e-07
 3.67450e-07
 3.28274e-07
 2.94859e-07
 2.66162e-07
 2.41358e-07
 2.19789e-07
 2.00929e-07
 1.84352e-07
 1.69710e-07
 1.56717e-07
 1.45140e-07
 1.34782e-07
 1.25481e-07
 8.11919e-07
 7.07685e-07
 6.18993e-07
 5.43824e-07
 4.80109e-07
 4.25977e-07
 3.79816e-07
 3.40281e-07
 3.06258e-07
 2.76835e-07
 2.51265e-07
 2.28938e-07
 2.09351e-07
 1.92091e-07
 1.76816e-07
 1.63242e-07
 1.51134e-07
 1.40293e-07
 1.30552e-07
 1.21771e-07
 6.63091e-07
 5.94084e-07
 5.31443e-07
 4.75646e-07
 4.26455e-07
 3.83309e-07
 3.45541e-07
 3.12480e-07
 2.83501e-07
 2.58045e-07
 2.35624e-07
 2.15818e-07
 1.98267e-07
 1.82664e-07
 1.68748e-07
 1.56296e-07
 1.45121e-07
 1.35060e-07
 1.25977e-07
 1.17752e-07
 5.37863e-07
 4.94752e-07
 4.52424e-07
 4.12471e-07
 3.75631e-07
 3.42138e-07
 3.11948e-07
 2.84870e-07
 2.60644e-07
 2.38990e-07
 2.19631e-07
 2.02308e-07
 1.86783e-07
 1.72845e-07
 1.60305e-07
 1.48999e-07
 1.38782e-07
 1.29528e-07
 1.21126e-07
 1.13482e-07
 4.34885e-07
 4.10031e-07
 3.82922e-07
 3.55437e-07
 3.28719e-07
 3.03410e-07
 2.79832e-07
 2.58103e-07
 2.38218e-07
 2.20099e-07
 2.03632e-07
 1.88686e-07
 1.75125e-07
 1.62816e-07
 1.51637e-07
 1.41472e-07
 1.32217e-07
 1.23777e-07
 1.16069e-07
 1.09016e-07
 3.51431e-07
 3.39010e-07
 3.22933e-07
 3.04954e-07
 2.86281e-07
 2.67709e-07
 2.49738e-07
 2.32663e-07
 2.16636e-07
 2.01720e-07
 1.87918e-07
 1.75194e-07
 1.63492e-07
 1.52745e-07
 1.42882e-07
 1.33831e-07
 1.25521e-07
 1.17888e-07
 1.10871e-07
 1.04412e-07
