scalar
part
         1
quad4
 5.45616e-07
 5.04315e-07
 4.63122e-07
 4.23693e-07
 3.86911e-07
 3.53157e-07
 3.22503e-07
 2.94843e-07
 2.69978e-07
 2.47667e-07
 2.27660e-07
 2.09712e-07
 1.93597e-07
 1.79107e-07
 1.66055e-07
 1.54277e-07
 1.43627e-07
 1.33977e-07
 1.25213e-07
 1.17238e-07
 6.48913e-07
 5.88058e-07
 5.30740e-07
 4.78277e-07
 4.31073e-07
 3.89025e-07
 3.51775e-07
 3.18861e-07
 2.89797e-07
 2.64116e-07
 2.41390e-07
 2.21238e-07
 2.03325e-07
 1.87360e-07
 1.73094e-07
 1.60309e-07
 1.48820e-07
 1.38467e-07
 1.29112e-07
 1.20637e-07
 7.71466e-07
 6.83863e-07
 6.05711e-07
 5.37193e-07
 4.77656e-07
 4.26118e-07
 3.81535e-07
 3.42922e-07
 3.09398e-07
 2.80202e-07
 2.54685e-07
 2.32300e-07
 2.12589e-07
 1.95167e-07
 1.79709e-07
 1.65946e-07
 1.53648e-07
 1.42622e-07
 1.32705e-07
 1.23758e-07
 9.13688e-07
 7.90677e-07
 6.86547e-07
 5.98967e-07
 5.25364e-07
 4.63361e-07
 4.10916e-07
 3.66335e-07
 3.28234e-07
 2.95493e-07
 2.67203e-07
 2.42630e-07
 2.21176e-07
 2.02353e-07
 1.85764e-07
 1.71077e-07
 1.58022e-07
 1.46370e-07
 1.35933e-07
 1.26550e-07
 1.07304e-06
 9.05336e-07
 7.70367e-07
 6.61239e-07
 5.72352e-07
 4.99339e-07
 4.38840e-07
 3.88281e-07
 3.45681e-07
 3.09510e-07
 2.78576e-07
 2.51940e-07
 2.28860e-07
 2.08745e-07
 1.91118e-07
 1.75592e-07
 1.61852e-07
 1.49638e-07
 1.38735e-07
 1.28966e-07
 1.24219e-06
 1.02182e-06
 8.52652e-07
 7.20722e-07
 6.16254e-07
 5.32346e-07
 4.64070e-07
 4.07854e-07
 3.61071e-07
 3.21757e-07
 2.88428e-07
 2.59944e-07
 2.35423e-07
 2.14171e-07
 1.95638e-07
 1.79384e-07
 1.65054e-07
 1.52359e-07
 1.41060e-07
 1.30963e-07
 1.40760e-06
 1.13103e-06
 9.27356e-07
 7.73384e-07
 6.54343e-07
 5.60510e-07
 4.85301e-07
 4.24131e-07
 3.73737e-07
 3.31745e-07
 2.96399e-07
 2.66374e-07
 2.40661e-07
 2.18476e-07
 1.99204e-07
 1.82361e-07
 1.67555e-07
 1.54473e-07
 1.42859e-07
 1.32501e-07
 1.54990e-06
 1.22154e-06
 9.87559e-07
 8.14899e-07
 6.83836e-07
 5.81994e-07
 5.01288e-07
 4.36250e-07
 3.83073e-07
 3.39041e-07
 3.02172e-07
 2.70996e-07
 2.44398e-07
 2.21525e-07
 2.01713e-07
 1.84441e-07
 1.69292e-07
 1.55933e-07
 1.44093e-07
 1.33550e-07
 1.64763e-06
 1.28182e-06
 1.02669e-06
 8.41348e-07
 7.02300e-07
 5.95235e-07
 5.11000e-07
 4.43512e-07
 3.88594e-07
 3.43301e-07
 3.05502e-07
 2.73627e-07
 2.46499e-07
 2.23218e-07
 2.03089e-07
 1.85567e-07
 1.70220e-07
 1.56703e-07
 1.44734e-07
 1.34087e-07
 1.68376e-06
 1.30319e-06
 1.04002e-06
 8.49986e-07
 7.08072e-07
 5.99184e-07
 5.13753e-07
 4.45460e-07
 3.89989e-07
 3.44307e-07
 3.06231e-07
 2.74157e-07
 2.46883e-07
 2.23494e-07
 2.03285e-07
 1.85704e-07
 1.70312e-07
 1.56760e-07
 1.44766e-07
 1.34099e-07
 1.65196e-06
 1.28250e-06
 1.02582e-06
 8.39833e-07
 7.00564e-07
 5.93478e-07
 5.09317e-07
 4.41944e-07
 3.87155e-07
 3.41989e-07
 3.04312e-07
 2.72550e-07
 2.45524e-07
 2.22335e-07
 2.02289e-07
 1.84840e-07
 1.69559e-07
 1.56100e-07
 1.44184e-07
 1.33583e-07
 1.55846e-06
 1.22286e-06
 9.85798e-07
 8.11870e-07
 6.80376e-07
 5.78500e-07
 4.97944e-07
 4.33135e-07
 3.80213e-07
 3.36435e-07
 2.99809e-07
 2.68855e-07
 2.42459e-07
 2.19769e-07
 2.00121e-07
 1.82994e-07
 1.67976e-07
 1.54733e-07
 1.42996e-07
 1.32546e-07
 1.41906e-06
 1.13251e-06
 9.24530e-07
 7.68793e-07
 6.49166e-07
 5.55308e-07
 4.80332e-07
 4.19506e-07
 3.69492e-07
 3.27878e-07
 2.92889e-07
 2.63195e-07
 2.37781e-07
 2.15865e-07
 1.96836e-07
 1.80208e-07
 1.65596e-07
 1.52686e-07
 1.41225e-07
 1.31005e-07
 1.25365e-06
 1.02235e-06
 8.48346e-07
 7.14432e-07
 6.09341e-07
 5.25464e-07
 4.57525e-07
 4.01773e-07
 3.55492e-07
 3.16675e-07
 2.83815e-07
 2.55763e-07
 2.31634e-07
 2.10735e-07
 1.92518e-07
 1.76547e-07
 1.62470e-07
 1.50000e-07
 1.38903e-07
 1.28987e-07
 1.08107e-06
 9.03477e-07
 7.64001e-07
 6.53044e-07
 5.63662e-07
 4.90808e-07
 4.30775e-07
 3.80808e-07
 3.38834e-07
 3.03274e-07
 2.72913e-07
 2.46804e-07
 2.24203e-07
 2.04518e-07
 1.87277e-07
 1.72097e-07
 1.58666e-07
 1.46728e-07
 1.36073e-07
 1.26526e-07
 9.15695e-07
 7.85188e-07
 6.77578e-07
 5.88669e-07
 5.14860e-07
 4.53218e-07
 4.01400e-07
 3.57548e-07
 3.20194e-07
 2.88172e-07
 2.60554e-07
 2.36596e-07
 2.15699e-07
 1.97379e-07
 1.81240e-07
 1.66957e-07
 1.54262e-07
 1.42934e-07
 1.32786e-07
 1.23664e-07
 7.66323e-07
 6.74065e-07
 5.93816e-07
 5.24684e-07
 4.65346e-07
 4.14426e-07
 3.70654e-07
 3.32913e-07
 3.00253e-07
 2.71878e-07
 2.47122e-07
 2.25433e-07
 2.06351e-07
 1.89494e-07
 1.74545e-07
 1.61238e-07
 1.49348e-07
 1.38688e-07
 1.29100e-07
 1.20447e-07
 6.36827e-07
 5.73914e-07
 5.15896e-07
 4.63590e-07
 4.17034e-07
 3.75885e-07
 3.39635e-07
 3.07734e-07
 2.79646e-07
 2.54879e-07
 2.32994e-07
 2.13607e-07
 1.96385e-07
 1.81044e-07
 1.67336e-07
 1.55053e-07
 1.44014e-07
 1.34066e-07
 1.25074e-07
 1.16926e-07
 5.27614e-07
 4.86277e-07
 4.45575e-07
 4.07004e-07
 3.71296e-07
 3.38710e-07
 3.09236e-07
 2.82719e-07
 2.58929e-07
 2.37613e-07
 2.18515e-07
 2.01393e-07
 1.86023e-07
 1.72203e-07
 1.59755e-07
 1.48519e-07
 1.38355e-07
 1.29142e-07
 1.20773e-07
 1.13152e-07
 4.37114e-07
 4.11146e-07
 3.83500e-07
 3.55785e-07
 3.28990e-07
 3.03678e-07
 2.80123e-07
 2.58423e-07
 2.38561e-07
 2.20455e-07
 2.03992e-07
 1.89039e-07
 1.75465e-07
 1.63137e-07
 1.51935e-07
 1.41744e-07
 1.32462e-07
 1.23994e-07
 1.16258e-07
 1.09178e-07
