scalar
part
         1
quad4
 5.89256e-07
 5.41880e-07
 4.95351e-07
 4.51319e-07
 4.10615e-07
 3.73541e-07
 3.40086e-07
 3.10065e-07
 2.83210e-07
 2.59217e-07
 2.37784e-07
 2.18625e-07
 2.01476e-07
 1.86101e-07
 1.72288e-07
 1.59852e-07
 1.48632e-07
 1.38486e-07
 1.29289e-07
 1.20934e-07
 6.97412e-07
 6.28915e-07
 5.65116e-07
 5.07239e-07
 4.55547e-07
 4.09793e-07
 3.69483e-07
 3.34039e-07
 3.02876e-07
 2.75446e-07
 2.51257e-07
 2.29874e-07
 2.10922e-07
 1.94075e-07
 1.79054e-07
 1.65623e-07
 1.53576e-07
 1.42741e-07
 1.32967e-07
 1.24126e-07
 8.24960e-07
 7.27815e-07
 6.41893e-07
 5.67106e-07
 5.02527e-07
 4.46933e-07
 3.99076e-07
 3.57806e-07
 3.22114e-07
 2.91137e-07
 2.64148e-07
 2.40540e-07
 2.19803e-07
 2.01517e-07
 1.85327e-07
 1.70940e-07
 1.58107e-07
 1.46620e-07
 1.36303e-07
 1.27008e-07
 9.71887e-07
 8.37151e-07
 7.23894e-07
 6.29228e-07
 5.50107e-07
 4.83781e-07
 4.27924e-07
 3.80627e-07
 3.40346e-07
 3.05838e-07
 2.76104e-07
 2.50342e-07
 2.27901e-07
 2.08253e-07
 1.90967e-07
 1.75691e-07
 1.62132e-07
 1.50049e-07
 1.39239e-07
 1.29533e-07
 1.13490e-06
 9.53191e-07
 8.07851e-07
 6.90988e-07
 5.96274e-07
 5.18817e-07
 4.54886e-07
 4.01645e-07
 3.56923e-07
 3.19055e-07
 2.86748e-07
 2.58991e-07
 2.34989e-07
 2.14106e-07
 1.95836e-07
 1.79767e-07
 1.65566e-07
 1.52957e-07
 1.41716e-07
 1.31653e-07
 1.30550e-06
 1.06918e-06
 8.88791e-07
 7.48834e-07
 6.38508e-07
 5.50246e-07
 4.78676e-07
 4.19927e-07
 3.71165e-07
 3.30286e-07
 2.95703e-07
 2.66203e-07
 2.40850e-07
 2.18910e-07
 1.99802e-07
 1.83066e-07
 1.68326e-07
 1.55282e-07
 1.43684e-07
 1.33328e-07
 1.46858e-06
 1.17516e-06
 9.60237e-07
 7.98513e-07
 6.73977e-07
 5.76150e-07
 4.97969e-07
 4.34545e-07
 3.82409e-07
 3.39051e-07
 3.02618e-07
 2.71717e-07
 2.45288e-07
 2.22514e-07
 2.02752e-07
 1.85498e-07
 1.70344e-07
 1.56966e-07
 1.45098e-07
 1.34521e-07
 1.60321e-06
 1.25906e-06
 1.01500e-06
 8.35606e-07
 6.99879e-07
 5.94702e-07
 5.11545e-07
 4.44664e-07
 3.90073e-07
 3.44937e-07
 3.07193e-07
 2.75312e-07
 2.48141e-07
 2.24796e-07
 2.04593e-07
 1.86991e-07
 1.71564e-07
 1.57968e-07
 1.45924e-07
 1.35205e-07
 1.68706e-06
 1.30918e-06
 1.04656e-06
 8.56302e-07
 7.13888e-07
 6.04431e-07
 5.18445e-07
 4.49642e-07
 3.93717e-07
 3.47635e-07
 3.09210e-07
 2.76831e-07
 2.49291e-07
 2.25670e-07
 2.05258e-07
 1.87497e-07
 1.71947e-07
 1.58256e-07
 1.46139e-07
 1.35362e-07
 1.70406e-06
 1.31759e-06
 1.05071e-06
 8.58213e-07
 7.14585e-07
 6.04459e-07
 5.18107e-07
 4.49111e-07
 3.93092e-07
 3.46975e-07
 3.08549e-07
 2.76188e-07
 2.48677e-07
 2.25091e-07
 2.04714e-07
 1.86990e-07
 1.71475e-07
 1.57817e-07
 1.45731e-07
 1.34984e-07
 1.65084e-06
 1.28273e-06
 1.02665e-06
 8.40918e-07
 7.01737e-07
 5.94656e-07
 5.10459e-07
 4.43029e-07
 3.88176e-07
 3.42946e-07
 3.05205e-07
 2.73382e-07
 2.46300e-07
 2.23059e-07
 2.02964e-07
 1.85472e-07
 1.70150e-07
 1.56654e-07
 1.44704e-07
 1.34072e-07
 1.53758e-06
 1.20972e-06
 9.77181e-07
 8.06042e-07
 6.76343e-07
 5.75661e-07
 4.95922e-07
 4.31686e-07
 3.79173e-07
 3.35692e-07
 2.99284e-07
 2.68493e-07
 2.42220e-07
 2.19622e-07
 2.00045e-07
 1.82972e-07
 1.67995e-07
 1.54784e-07
 1.43071e-07
 1.32639e-07
 1.38311e-06
 1.10844e-06
 9.07830e-07
 7.56857e-07
 6.40423e-07
 5.48771e-07
 4.75358e-07
 4.15667e-07
 3.66491e-07
 3.25508e-07
 2.91001e-07
 2.61679e-07
 2.36556e-07
 2.14871e-07
 1.96025e-07
 1.79546e-07
 1.65053e-07
 1.52242e-07
 1.40862e-07
 1.30708e-07
 1.20836e-06
 9.90604e-07
 8.25486e-07
 6.97574e-07
 5.96647e-07
 5.15730e-07
 4.49940e-07
 3.95781e-07
 3.50699e-07
 3.12800e-07
 2.80652e-07
 2.53160e-07
 2.29475e-07
 2.08932e-07
 1.91004e-07
 1.75269e-07
 1.61385e-07
 1.49076e-07
 1.38113e-07
 1.28309e-07
 1.03155e-06
 8.67257e-07
 7.37026e-07
 6.32597e-07
 5.47906e-07
 4.78484e-07
 4.21003e-07
 3.72964e-07
 3.32468e-07
 2.98056e-07
 2.68597e-07
 2.43205e-07
 2.21180e-07
 2.01962e-07
 1.85102e-07
 1.70236e-07
 1.57066e-07
 1.45347e-07
 1.34875e-07
 1.25483e-07
 8.65664e-07
 7.47142e-07
 6.48331e-07
 5.65916e-07
 4.96944e-07
 4.38945e-07
 3.89902e-07
 3.48190e-07
 3.12504e-07
 2.81797e-07
 2.55227e-07
 2.32111e-07
 2.11897e-07
 1.94136e-07
 1.78458e-07
 1.64557e-07
 1.52183e-07
 1.41123e-07
 1.31203e-07
 1.22274e-07
 7.18118e-07
 6.36105e-07
 5.63769e-07
 5.00727e-07
 4.46088e-07
 3.98812e-07
 3.57884e-07
 3.22382e-07
 2.91499e-07
 2.64546e-07
 2.40938e-07
 2.20182e-07
 2.01865e-07
 1.85640e-07
 1.71216e-07
 1.58347e-07
 1.46827e-07
 1.36480e-07
 1.27158e-07
 1.18733e-07
 5.91698e-07
 5.37274e-07
 4.86116e-07
 4.39301e-07
 3.97125e-07
 3.59468e-07
 3.26012e-07
 2.96356e-07
 2.70082e-07
 2.46789e-07
 2.26109e-07
 2.07714e-07
 1.91315e-07
 1.76658e-07
 1.63525e-07
 1.51725e-07
 1.41096e-07
 1.31497e-07
 1.22804e-07
 1.14913e-07
 4.86089e-07
 4.51663e-07
 4.16773e-07
 3.83022e-07
 3.51277e-07
 3.21938e-07
 2.95124e-07
 2.70787e-07
 2.48790e-07
 2.28954e-07
 2.11083e-07
 1.94983e-07
 1.80468e-07
 1.67368e-07
 1.55528e-07
 1.44808e-07
 1.35086e-07
 1.26250e-07
 1.18206e-07
 1.10866e-07
 3.99284e-07
 3.78893e-07
 3.56104e-07
 3.32544e-07
 3.09264e-07
 2.86905e-07
 2.65822e-07
 2.46189e-07
 2.28056e-07
 2.11400e-07
 1.96155e-07
 1.82229e-07
 1.69523e-07
 1.57933e-07
 1.47360e-07
 1.37707e-07
 1.28887e-07
 1.20818e-07
 1.13427e-07
 1.06648e-07
