scalar
part
         1
quad4
 6.15455e-07
 5.63990e-07
 5.13953e-07
 4.66952e-07
 4.23753e-07
 3.84596e-07
 3.49407e-07
 3.17943e-07
 2.89885e-07
 2.64890e-07
 2.42620e-07
 2.22758e-07
 2.05019e-07
 1.89146e-07
 1.74911e-07
 1.62118e-07
 1.50594e-07
 1.40187e-07
 1.30766e-07
 1.22219e-07
 7.24968e-07
 6.51664e-07
 5.83865e-07
 5.22695e-07
 4.68308e-07
 4.20355e-07
 3.78252e-07
 3.41344e-07
 3.08983e-07
 2.80569e-07
 2.55570e-07
 2.33517e-07
 2.14008e-07
 1.96696e-07
 1.81287e-07
 1.67528e-07
 1.55206e-07
 1.44136e-07
 1.34163e-07
 1.25152e-07
 8.53375e-07
 7.50675e-07
 6.60288e-07
 5.81939e-07
 5.14528e-07
 4.56680e-07
 4.07026e-07
 3.64320e-07
 3.27473e-07
 2.95564e-07
 2.67819e-07
 2.43593e-07
 2.22351e-07
 2.03648e-07
 1.87113e-07
 1.72438e-07
 1.59365e-07
 1.47677e-07
 1.37191e-07
 1.27753e-07
 1.00028e-06
 8.59310e-07
 7.41234e-07
 6.42854e-07
 5.60870e-07
 4.92330e-07
 4.34750e-07
 3.86106e-07
 3.44763e-07
 3.09413e-07
 2.79008e-07
 2.52706e-07
 2.29829e-07
 2.09827e-07
 1.92252e-07
 1.76738e-07
 1.62984e-07
 1.50738e-07
 1.39793e-07
 1.29975e-07
 1.16188e-06
 9.73484e-07
 8.23199e-07
 7.02675e-07
 6.05234e-07
 5.25730e-07
 4.60251e-07
 4.05827e-07
 3.60195e-07
 3.21620e-07
 2.88760e-07
 2.60567e-07
 2.36219e-07
 2.15060e-07
 1.96569e-07
 1.80322e-07
 1.65976e-07
 1.53251e-07
 1.41914e-07
 1.31773e-07
 1.32900e-06
 1.08603e-06
 9.00979e-07
 7.57718e-07
 6.45028e-07
 5.55053e-07
 4.82228e-07
 4.22549e-07
 3.73092e-07
 3.31688e-07
 2.96705e-07
 2.66899e-07
 2.41310e-07
 2.19187e-07
 1.99938e-07
 1.83091e-07
 1.68266e-07
 1.55155e-07
 1.43505e-07
 1.33109e-07
 1.48579e-06
 1.18662e-06
 9.67907e-07
 8.03651e-07
 6.77393e-07
 5.78378e-07
 4.99368e-07
 4.35358e-07
 3.82807e-07
 3.39152e-07
 3.02505e-07
 2.71452e-07
 2.44916e-07
 2.22066e-07
 2.02252e-07
 1.84963e-07
 1.69789e-07
 1.56399e-07
 1.44526e-07
 1.33950e-07
 1.61065e-06
 1.26292e-06
 1.01673e-06
 8.36066e-07
 6.99566e-07
 5.93923e-07
 5.10492e-07
 4.43457e-07
 3.88788e-07
 3.43623e-07
 3.05882e-07
 2.74024e-07
 2.46888e-07
 2.23585e-07
 2.03428e-07
 1.85874e-07
 1.70495e-07
 1.56946e-07
 1.44948e-07
 1.34274e-07
 1.68111e-06
 1.30335e-06
 1.04111e-06
 8.51306e-07
 7.09348e-07
 6.00317e-07
 5.14718e-07
 4.46261e-07
 3.90641e-07
 3.44830e-07
 3.06645e-07
 2.74478e-07
 2.47126e-07
 2.23673e-07
 2.03410e-07
 1.85784e-07
 1.70355e-07
 1.56772e-07
 1.44753e-07
 1.34065e-07
 1.68194e-06
 1.30062e-06
 1.03726e-06
 8.47292e-07
 7.05534e-07
 5.96833e-07
 5.11593e-07
 4.43481e-07
 3.88176e-07
 3.42646e-07
 3.04706e-07
 2.72755e-07
 2.45590e-07
 2.22300e-07
 2.02179e-07
 1.84677e-07
 1.69357e-07
 1.55869e-07
 1.43934e-07
 1.33320e-07
 1.61186e-06
 1.25435e-06
 1.00512e-06
 8.24045e-07
 6.88178e-07
 5.83532e-07
 5.01174e-07
 4.35168e-07
 3.81437e-07
 3.37106e-07
 3.00098e-07
 2.68880e-07
 2.42301e-07
 2.19484e-07
 1.99750e-07
 1.82566e-07
 1.67511e-07
 1.54247e-07
 1.42500e-07
 1.32046e-07
 1.48386e-06
 1.17113e-06
 9.48278e-07
 7.83681e-07
 6.58585e-07
 5.61254e-07
 4.84023e-07
 4.21707e-07
 3.70695e-07
 3.28409e-07
 2.92964e-07
 2.62962e-07
 2.37341e-07
 2.15289e-07
 1.96172e-07
 1.79492e-07
 1.64851e-07
 1.51930e-07
 1.40471e-07
 1.30260e-07
 1.31901e-06
 1.06204e-06
 8.72985e-07
 7.29900e-07
 6.19052e-07
 5.31478e-07
 4.61122e-07
 4.03772e-07
 3.56423e-07
 3.16891e-07
 2.83553e-07
 2.55184e-07
 2.30849e-07
 2.09821e-07
 1.91528e-07
 1.75517e-07
 1.61426e-07
 1.48961e-07
 1.37881e-07
 1.27988e-07
 1.13901e-06
 9.39383e-07
 7.86527e-07
 6.67191e-07
 5.72439e-07
 4.96085e-07
 4.33743e-07
 3.82240e-07
 3.39242e-07
 3.03001e-07
 2.72191e-07
 2.45792e-07
 2.23010e-07
 2.03221e-07
 1.85927e-07
 1.70729e-07
 1.57305e-07
 1.45392e-07
 1.34773e-07
 1.25267e-07
 9.61472e-07
 8.14108e-07
 6.95838e-07
 6.00045e-07
 5.21723e-07
 4.57090e-07
 4.03278e-07
 3.58096e-07
 3.19857e-07
 2.87253e-07
 2.59261e-07
 2.35071e-07
 2.14042e-07
 1.95657e-07
 1.79500e-07
 1.65230e-07
 1.52570e-07
 1.41290e-07
 1.31199e-07
 1.22139e-07
 7.98109e-07
 6.94413e-07
 6.06577e-07
 5.32374e-07
 4.69628e-07
 4.16413e-07
 3.71098e-07
 3.32328e-07
 2.98993e-07
 2.70186e-07
 2.45166e-07
 2.23330e-07
 2.04181e-07
 1.87313e-07
 1.72391e-07
 1.59134e-07
 1.47311e-07
 1.36728e-07
 1.27221e-07
 1.18652e-07
 6.55014e-07
 5.85441e-07
 5.22745e-07
 4.67186e-07
 4.18388e-07
 3.75710e-07
 3.38432e-07
 3.05857e-07
 2.77343e-07
 2.52324e-07
 2.30310e-07
 2.10878e-07
 1.93669e-07
 1.78380e-07
 1.64750e-07
 1.52561e-07
 1.41625e-07
 1.31784e-07
 1.22901e-07
 1.14860e-07
 5.33937e-07
 4.89670e-07
 4.46727e-07
 4.06519e-07
 3.69655e-07
 3.36283e-07
 3.06299e-07
 2.79473e-07
 2.55522e-07
 2.34149e-07
 2.15068e-07
 1.98012e-07
 1.82742e-07
 1.69044e-07
 1.56729e-07
 1.45633e-07
 1.35611e-07
 1.26538e-07
 1.18305e-07
 1.10816e-07
 4.33871e-07
 4.07605e-07
 3.79575e-07
 3.51529e-07
 3.24504e-07
 2.99064e-07
 2.75475e-07
 2.53813e-07
 2.34046e-07
 2.16076e-07
 1.99775e-07
 1.85002e-07
 1.71616e-07
 1.59481e-07
 1.48470e-07
 1.38466e-07
 1.29364e-07
 1.21070e-07
 1.13499e-07
 1.06576e-07
 3.52406e-07
 3.38515e-07
 3.21383e-07
 3.02673e-07
 2.83515e-07
 2.64640e-07
 2.46500e-07
 2.29350e-07
 2.13317e-07
 1.98442e-07
 1.84712e-07
 1.72082e-07
 1.60486e-07
 1.49852e-07
 1.40106e-07
 1.31171e-07
 1.22977e-07
 1.15456e-07
 1.08547e-07
 1.02192e-07
