scalar
part
         1
quad4
 6.40522e-07
 5.86102e-07
 5.33376e-07
 4.83988e-07
 4.38705e-07
 3.97743e-07
 3.61001e-07
 3.28203e-07
 2.98999e-07
 2.73017e-07
 2.49896e-07
 2.29299e-07
 2.10921e-07
 1.94491e-07
 1.79770e-07
 1.66549e-07
 1.54648e-07
 1.43907e-07
 1.34191e-07
 1.25380e-07
 7.54140e-07
 6.76843e-07
 6.05560e-07
 5.41406e-07
 4.84493e-07
 4.34412e-07
 3.90518e-07
 3.52101e-07
 3.18464e-07
 2.88970e-07
 2.63049e-07
 2.40207e-07
 2.20020e-07
 2.02121e-07
 1.86203e-07
 1.72000e-07
 1.59287e-07
 1.47875e-07
 1.37598e-07
 1.28318e-07
 8.87257e-07
 7.79198e-07
 6.84343e-07
 6.02317e-07
 5.31890e-07
 4.71571e-07
 4.19884e-07
 3.75497e-07
 3.37254e-07
 3.04177e-07
 2.75447e-07
 2.50387e-07
 2.28434e-07
 2.09120e-07
 1.92058e-07
 1.76925e-07
 1.63453e-07
 1.51415e-07
 1.40621e-07
 1.30909e-07
 1.03937e-06
 8.91306e-07
 7.67606e-07
 6.64781e-07
 5.79273e-07
 5.07920e-07
 4.48079e-07
 3.97598e-07
 3.54752e-07
 3.18160e-07
 2.86721e-07
 2.59549e-07
 2.35936e-07
 2.15306e-07
 1.97193e-07
 1.81214e-07
 1.67054e-07
 1.54455e-07
 1.43199e-07
 1.33107e-07
 1.20636e-06
 1.00881e-06
 8.51637e-07
 7.25889e-07
 6.24438e-07
 5.41817e-07
 4.73881e-07
 4.17497e-07
 3.70281e-07
 3.30412e-07
 2.96483e-07
 2.67399e-07
 2.42301e-07
 2.20506e-07
 2.01471e-07
 1.84756e-07
 1.70005e-07
 1.56926e-07
 1.45279e-07
 1.34866e-07
 1.37843e-06
 1.12412e-06
 9.30957e-07
 7.81782e-07
 6.64686e-07
 5.71364e-07
 4.95948e-07
 4.34230e-07
 3.83144e-07
 3.40420e-07
 3.04355e-07
 2.73653e-07
 2.47312e-07
 2.24555e-07
 2.04765e-07
 1.87454e-07
 1.72227e-07
 1.58767e-07
 1.46812e-07
 1.36147e-07
 1.53878e-06
 1.22635e-06
 9.98586e-07
 8.27950e-07
 6.97056e-07
 5.94581e-07
 5.12930e-07
 4.46863e-07
 3.92681e-07
 3.47713e-07
 3.09996e-07
 2.78058e-07
 2.50783e-07
 2.27310e-07
 2.06967e-07
 1.89224e-07
 1.73658e-07
 1.59927e-07
 1.47757e-07
 1.36918e-07
 1.66466e-06
 1.30261e-06
 1.04700e-06
 8.59852e-07
 7.18716e-07
 6.09653e-07
 5.23631e-07
 4.54590e-07
 3.98337e-07
 3.51902e-07
 3.13125e-07
 2.80413e-07
 2.52565e-07
 2.28663e-07
 2.07995e-07
 1.90004e-07
 1.74247e-07
 1.60370e-07
 1.48085e-07
 1.37157e-07
 1.73269e-06
 1.34099e-06
 1.06973e-06
 8.73782e-07
 7.27453e-07
 6.15206e-07
 5.27173e-07
 4.56832e-07
 3.99724e-07
 3.52718e-07
 3.13558e-07
 2.80586e-07
 2.52562e-07
 2.28541e-07
 2.07795e-07
 1.89754e-07
 1.73966e-07
 1.60072e-07
 1.47779e-07
 1.36850e-07
 1.72761e-06
 1.33428e-06
 1.06309e-06
 8.67737e-07
 7.22117e-07
 6.10554e-07
 5.23134e-07
 4.53322e-07
 3.96668e-07
 3.50048e-07
 3.11216e-07
 2.78523e-07
 2.50738e-07
 2.26922e-07
 2.06352e-07
 1.88463e-07
 1.72807e-07
 1.59028e-07
 1.46835e-07
 1.35995e-07
 1.64924e-06
 1.28268e-06
 1.02733e-06
 8.41927e-07
 7.02882e-07
 5.95835e-07
 5.11620e-07
 4.44146e-07
 3.89237e-07
 3.43945e-07
 3.06143e-07
 2.74261e-07
 2.47122e-07
 2.23828e-07
 2.03685e-07
 1.86147e-07
 1.70783e-07
 1.57249e-07
 1.45263e-07
 1.34599e-07
 1.51226e-06
 1.19362e-06
 9.66503e-07
 7.98730e-07
 6.71210e-07
 5.71989e-07
 4.93258e-07
 4.29733e-07
 3.77733e-07
 3.34629e-07
 2.98500e-07
 2.67920e-07
 2.41806e-07
 2.19331e-07
 1.99848e-07
 1.82849e-07
 1.67930e-07
 1.54763e-07
 1.43086e-07
 1.32682e-07
 1.33923e-06
 1.07897e-06
 8.87296e-07
 7.42107e-07
 6.29559e-07
 5.40599e-07
 4.69102e-07
 4.10804e-07
 3.62663e-07
 3.22461e-07
 2.88552e-07
 2.59695e-07
 2.34938e-07
 2.13544e-07
 1.94931e-07
 1.78639e-07
 1.64300e-07
 1.51615e-07
 1.40339e-07
 1.30272e-07
 1.15263e-06
 9.51536e-07
 7.97316e-07
 6.76754e-07
 5.80926e-07
 5.03636e-07
 4.40484e-07
 3.88282e-07
 3.44678e-07
 3.07912e-07
 2.76644e-07
 2.49846e-07
 2.26713e-07
 2.06615e-07
 1.89048e-07
 1.73608e-07
 1.59968e-07
 1.47861e-07
 1.37068e-07
 1.27407e-07
 9.70145e-07
 8.22431e-07
 7.03655e-07
 6.07287e-07
 5.28381e-07
 4.63185e-07
 4.08848e-07
 3.63185e-07
 3.24511e-07
 2.91516e-07
 2.63173e-07
 2.38669e-07
 2.17358e-07
 1.98720e-07
 1.82335e-07
 1.67861e-07
 1.55017e-07
 1.43571e-07
 1.33329e-07
 1.24131e-07
 8.03245e-07
 6.99809e-07
 6.11999e-07
 5.37666e-07
 4.74696e-07
 4.21208e-07
 3.75599e-07
 3.36533e-07
 3.02910e-07
 2.73830e-07
 2.48556e-07
 2.26483e-07
 2.07117e-07
 1.90049e-07
 1.74943e-07
 1.61519e-07
 1.49542e-07
 1.38819e-07
 1.29183e-07
 1.20497e-07
 6.57681e-07
 5.88670e-07
 5.26302e-07
 4.70893e-07
 4.22118e-07
 3.79377e-07
 3.41984e-07
 3.09260e-07
 2.80581e-07
 2.55391e-07
 2.33206e-07
 2.13607e-07
 1.96239e-07
 1.80798e-07
 1.67026e-07
 1.54704e-07
 1.43644e-07
 1.33687e-07
 1.24697e-07
 1.16556e-07
 5.34909e-07
 4.91324e-07
 4.48863e-07
 4.08968e-07
 3.72286e-07
 3.38997e-07
 3.09027e-07
 2.82167e-07
 2.58148e-07
 2.36688e-07
 2.17506e-07
 2.00344e-07
 1.84965e-07
 1.71159e-07
 1.58739e-07
 1.47542e-07
 1.37423e-07
 1.28258e-07
 1.19937e-07
 1.12366e-07
 4.33691e-07
 4.08133e-07
 3.80646e-07
 3.52998e-07
 3.26248e-07
 3.00987e-07
 2.77502e-07
 2.55890e-07
 2.36130e-07
 2.18138e-07
 2.01795e-07
 1.86967e-07
 1.73516e-07
 1.61312e-07
 1.50228e-07
 1.40151e-07
 1.30977e-07
 1.22612e-07
 1.14973e-07
 1.07983e-07
 3.51455e-07
 3.38247e-07
 3.21667e-07
 3.03388e-07
 2.84555e-07
 2.65917e-07
 2.47941e-07
 2.30898e-07
 2.14929e-07
 2.00083e-07
 1.86357e-07
 1.73712e-07
 1.62088e-07
 1.51417e-07
 1.41627e-07
 1.32645e-07
 1.24400e-07
 1.16828e-07
 1.09868e-07
 1.03462e-07
