scalar
part
         1
quad4
 6.26250e-07
 5.74026e-07
 5.23228e-07
 4.75489e-07
 4.31590e-07
 3.91779e-07
 3.55986e-07
 3.23970e-07
 2.95411e-07
 2.69962e-07
 2.47281e-07
 2.27050e-07
 2.08977e-07
 1.92802e-07
 1.78296e-07
 1.65258e-07
 1.53511e-07
 1.42903e-07
 1.33299e-07
 1.24586e-07
 7.37642e-07
 6.63274e-07
 5.94449e-07
 5.32312e-07
 4.77034e-07
 4.28268e-07
 3.85432e-07
 3.47866e-07
 3.14917e-07
 2.85979e-07
 2.60513e-07
 2.38043e-07
 2.18162e-07
 2.00518e-07
 1.84811e-07
 1.70786e-07
 1.58223e-07
 1.46938e-07
 1.36770e-07
 1.27582e-07
 8.68328e-07
 7.64141e-07
 6.72371e-07
 5.92764e-07
 5.24224e-07
 4.65374e-07
 4.14836e-07
 3.71351e-07
 3.33821e-07
 3.01312e-07
 2.73039e-07
 2.48347e-07
 2.26694e-07
 2.07627e-07
 1.90769e-07
 1.75807e-07
 1.62477e-07
 1.50558e-07
 1.39865e-07
 1.30241e-07
 1.01800e-06
 8.74952e-07
 7.55019e-07
 6.55008e-07
 5.71606e-07
 5.01840e-07
 4.43205e-07
 3.93649e-07
 3.51520e-07
 3.15489e-07
 2.84493e-07
 2.57677e-07
 2.34350e-07
 2.13952e-07
 1.96029e-07
 1.80208e-07
 1.66179e-07
 1.53690e-07
 1.42527e-07
 1.32514e-07
 1.18294e-06
 9.91643e-07
 8.38879e-07
 7.16260e-07
 6.17056e-07
 5.36072e-07
 4.69347e-07
 4.13870e-07
 3.67344e-07
 3.28007e-07
 2.94493e-07
 2.65737e-07
 2.40901e-07
 2.19317e-07
 2.00454e-07
 1.83880e-07
 1.69245e-07
 1.56264e-07
 1.44699e-07
 1.34355e-07
 1.35403e-06
 1.10703e-06
 9.18705e-07
 7.72790e-07
 6.57944e-07
 5.66209e-07
 4.91936e-07
 4.31058e-07
 3.80601e-07
 3.38355e-07
 3.02658e-07
 2.72243e-07
 2.46131e-07
 2.23556e-07
 2.03914e-07
 1.86723e-07
 1.71596e-07
 1.58218e-07
 1.46332e-07
 1.35725e-07
 1.51540e-06
 1.21070e-06
 9.87735e-07
 8.20187e-07
 6.91348e-07
 5.90285e-07
 5.09628e-07
 4.44279e-07
 3.90626e-07
 3.46055e-07
 3.08641e-07
 2.76939e-07
 2.49849e-07
 2.26524e-07
 2.06299e-07
 1.88652e-07
 1.73165e-07
 1.59500e-07
 1.47384e-07
 1.36591e-07
 1.64517e-06
 1.29007e-06
 1.03855e-06
 8.53930e-07
 7.14431e-07
 6.06467e-07
 5.21206e-07
 4.52707e-07
 3.96850e-07
 3.50709e-07
 3.12156e-07
 2.79616e-07
 2.51902e-07
 2.28105e-07
 2.07523e-07
 1.89601e-07
 1.73901e-07
 1.60070e-07
 1.47824e-07
 1.36929e-07
 1.72024e-06
 1.33318e-06
 1.06457e-06
 8.70219e-07
 7.24902e-07
 6.13326e-07
 5.25753e-07
 4.55736e-07
 3.98863e-07
 3.52031e-07
 3.13001e-07
 2.80130e-07
 2.52184e-07
 2.28226e-07
 2.07529e-07
 1.89528e-07
 1.73773e-07
 1.59904e-07
 1.47634e-07
 1.36724e-07
 1.72433e-06
 1.33224e-06
 1.06176e-06
 8.66825e-07
 7.21472e-07
 6.10084e-07
 5.22783e-07
 4.53056e-07
 3.96462e-07
 3.49886e-07
 3.11087e-07
 2.78420e-07
 2.50654e-07
 2.26853e-07
 2.06295e-07
 1.88416e-07
 1.72768e-07
 1.58994e-07
 1.46807e-07
 1.35971e-07
 1.65520e-06
 1.28642e-06
 1.02981e-06
 8.43657e-07
 7.04132e-07
 5.96767e-07
 5.12332e-07
 4.44703e-07
 3.89681e-07
 3.44305e-07
 3.06439e-07
 2.74507e-07
 2.47330e-07
 2.24005e-07
 2.03836e-07
 1.86278e-07
 1.70898e-07
 1.57349e-07
 1.45352e-07
 1.34677e-07
 1.52545e-06
 1.20213e-06
 9.72266e-07
 8.02790e-07
 6.74166e-07
 5.74202e-07
 4.94955e-07
 4.31061e-07
 3.78791e-07
 3.35484e-07
 2.99201e-07
 2.68501e-07
 2.42294e-07
 2.19744e-07
 2.00201e-07
 1.83153e-07
 1.68193e-07
 1.54994e-07
 1.43288e-07
 1.32860e-07
 1.35658e-06
 1.09064e-06
 8.95439e-07
 7.47970e-07
 6.33898e-07
 5.43887e-07
 4.71647e-07
 4.12809e-07
 3.64268e-07
 3.23765e-07
 2.89625e-07
 2.60587e-07
 2.35688e-07
 2.14179e-07
 1.95474e-07
 1.79108e-07
 1.64707e-07
 1.51970e-07
 1.40651e-07
 1.30547e-07
 1.17127e-06
 9.64711e-07
 8.06847e-07
 6.83807e-07
 5.86256e-07
 5.07742e-07
 4.43702e-07
 3.90844e-07
 3.46747e-07
 3.09603e-07
 2.78043e-07
 2.51014e-07
 2.27699e-07
 2.07453e-07
 1.89766e-07
 1.74228e-07
 1.60507e-07
 1.48333e-07
 1.37483e-07
 1.27773e-07
 9.88100e-07
 8.35785e-07
 7.13701e-07
 6.14951e-07
 5.34312e-07
 4.67841e-07
 4.12554e-07
 3.66172e-07
 3.26947e-07
 2.93524e-07
 2.64845e-07
 2.40074e-07
 2.18549e-07
 1.99738e-07
 1.83211e-07
 1.68620e-07
 1.55678e-07
 1.44150e-07
 1.33839e-07
 1.24583e-07
 8.19487e-07
 7.12488e-07
 6.21914e-07
 5.45467e-07
 4.80886e-07
 4.26167e-07
 3.79612e-07
 3.39812e-07
 3.05615e-07
 2.76082e-07
 2.50446e-07
 2.28083e-07
 2.08481e-07
 1.91220e-07
 1.75955e-07
 1.62399e-07
 1.50312e-07
 1.39495e-07
 1.29780e-07
 1.21026e-07
 6.71869e-07
 6.00236e-07
 5.35678e-07
 4.78495e-07
 4.28302e-07
 3.84435e-07
 3.46147e-07
 3.12712e-07
 2.83464e-07
 2.57816e-07
 2.35259e-07
 2.15358e-07
 1.97742e-07
 1.82096e-07
 1.68153e-07
 1.55688e-07
 1.44507e-07
 1.34448e-07
 1.25371e-07
 1.17156e-07
 5.47088e-07
 5.01629e-07
 4.57491e-07
 4.16160e-07
 3.78276e-07
 3.43996e-07
 3.13214e-07
 2.85689e-07
 2.61127e-07
 2.39220e-07
 2.19671e-07
 2.02205e-07
 1.86574e-07
 1.72556e-07
 1.59959e-07
 1.48611e-07
 1.38365e-07
 1.29092e-07
 1.20679e-07
 1.13028e-07
 4.44080e-07
 4.17198e-07
 3.88453e-07
 3.59669e-07
 3.31928e-07
 3.05818e-07
 2.81616e-07
 2.59401e-07
 2.39136e-07
 2.20722e-07
 2.04025e-07
 1.88900e-07
 1.75199e-07
 1.62783e-07
 1.51520e-07
 1.41290e-07
 1.31985e-07
 1.23508e-07
 1.15771e-07
 1.08698e-07
 3.60319e-07
 3.46179e-07
 3.28663e-07
 3.09499e-07
 2.89861e-07
 2.70511e-07
 2.51914e-07
 2.34336e-07
 2.17909e-07
 2.02672e-07
 1.88613e-07
 1.75683e-07
 1.63817e-07
 1.52939e-07
 1.42971e-07
 1.33836e-07
 1.25459e-07
 1.17773e-07
 1.10714e-07
 1.04222e-07
