scalar
part
         1
quad4
 5.72678e-07
 5.27584e-07
 4.83062e-07
 4.40766e-07
 4.01543e-07
 3.65725e-07
 3.33332e-07
 3.04208e-07
 2.78109e-07
 2.54757e-07
 2.33868e-07
 2.15172e-07
 1.98418e-07
 1.83381e-07
 1.69861e-07
 1.57678e-07
 1.46677e-07
 1.36721e-07
 1.27692e-07
 1.19483e-07
 6.78957e-07
 6.13336e-07
 5.51981e-07
 4.96150e-07
 4.46157e-07
 4.01808e-07
 3.62662e-07
 3.28181e-07
 2.97818e-07
 2.71056e-07
 2.47426e-07
 2.26515e-07
 2.07962e-07
 1.91454e-07
 1.76723e-07
 1.63541e-07
 1.51710e-07
 1.41061e-07
 1.31449e-07
 1.22750e-07
 8.04562e-07
 7.11016e-07
 6.28031e-07
 5.55619e-07
 4.92954e-07
 4.38903e-07
 3.92294e-07
 3.52039e-07
 3.17176e-07
 2.86882e-07
 2.60458e-07
 2.37320e-07
 2.16979e-07
 1.99026e-07
 1.83119e-07
 1.68973e-07
 1.56348e-07
 1.45040e-07
 1.34879e-07
 1.25719e-07
 9.49634e-07
 8.19332e-07
 7.09537e-07
 6.17564e-07
 5.40545e-07
 4.75869e-07
 4.21318e-07
 3.75062e-07
 3.35619e-07
 3.01791e-07
 2.72614e-07
 2.47311e-07
 2.25252e-07
 2.05924e-07
 1.88909e-07
 1.73862e-07
 1.60500e-07
 1.48585e-07
 1.37921e-07
 1.28341e-07
 1.11116e-06
 9.34765e-07
 7.93373e-07
 6.79463e-07
 5.86979e-07
 5.11227e-07
 4.48616e-07
 3.96408e-07
 3.52506e-07
 3.15295e-07
 2.83521e-07
 2.56199e-07
 2.32556e-07
 2.11973e-07
 1.93954e-07
 1.78098e-07
 1.64078e-07
 1.51625e-07
 1.40517e-07
 1.30570e-07
 1.28107e-06
 1.05084e-06
 8.74741e-07
 7.37866e-07
 6.29796e-07
 5.43215e-07
 4.72920e-07
 4.15155e-07
 3.67163e-07
 3.26895e-07
 2.92802e-07
 2.63700e-07
 2.38674e-07
 2.17005e-07
 1.98124e-07
 1.81578e-07
 1.67001e-07
 1.54095e-07
 1.42616e-07
 1.32363e-07
 1.44485e-06
 1.15791e-06
 9.47327e-07
 7.88606e-07
 6.66204e-07
 5.69935e-07
 4.92916e-07
 4.30376e-07
 3.78925e-07
 3.36107e-07
 3.00103e-07
 2.69550e-07
 2.43406e-07
 2.20866e-07
 2.01301e-07
 1.84211e-07
 1.69197e-07
 1.55938e-07
 1.44172e-07
 1.33683e-07
 1.58217e-06
 1.24417e-06
 1.00405e-06
 8.27301e-07
 6.93413e-07
 5.89557e-07
 5.07375e-07
 4.41229e-07
 3.87204e-07
 3.42511e-07
 3.05120e-07
 2.73523e-07
 2.46585e-07
 2.23432e-07
 2.03388e-07
 1.85921e-07
 1.70608e-07
 1.57109e-07
 1.45149e-07
 1.34503e-07
 1.67105e-06
 1.29799e-06
 1.03838e-06
 8.50107e-07
 7.09060e-07
 6.00579e-07
 5.15311e-07
 4.47050e-07
 3.91541e-07
 3.45786e-07
 3.07622e-07
 2.75454e-07
 2.48087e-07
 2.24609e-07
 2.04316e-07
 1.86657e-07
 1.71193e-07
 1.57576e-07
 1.45522e-07
 1.34801e-07
 1.69509e-06
 1.31118e-06
 1.04592e-06
 8.54507e-07
 7.11636e-07
 6.02061e-07
 5.16120e-07
 4.47439e-07
 3.91666e-07
 3.45746e-07
 3.07478e-07
 2.75247e-07
 2.47844e-07
 2.24348e-07
 2.04048e-07
 1.86389e-07
 1.70931e-07
 1.57322e-07
 1.45278e-07
 1.34568e-07
 1.64985e-06
 1.28160e-06
 1.02554e-06
 8.39874e-07
 7.00780e-07
 5.93786e-07
 5.09669e-07
 4.42314e-07
 3.87527e-07
 3.42355e-07
 3.04666e-07
 2.72889e-07
 2.45847e-07
 2.22642e-07
 2.02579e-07
 1.85116e-07
 1.69819e-07
 1.56346e-07
 1.44417e-07
 1.33804e-07
 1.54404e-06
 1.21362e-06
 9.79617e-07
 8.07595e-07
 6.77340e-07
 5.76298e-07
 4.96319e-07
 4.31920e-07
 3.79296e-07
 3.35738e-07
 2.99276e-07
 2.68447e-07
 2.42147e-07
 2.19531e-07
 1.99941e-07
 1.82861e-07
 1.67879e-07
 1.54665e-07
 1.42951e-07
 1.32519e-07
 1.39532e-06
 1.11650e-06
 9.13333e-07
 7.60722e-07
 6.43200e-07
 5.50803e-07
 4.76868e-07
 4.16802e-07
 3.67352e-07
 3.26166e-07
 2.91505e-07
 2.62066e-07
 2.36854e-07
 2.15098e-07
 1.96198e-07
 1.79675e-07
 1.65148e-07
 1.52308e-07
 1.40906e-07
 1.30735e-07
 1.22424e-06
 1.00163e-06
 8.33355e-07
 7.03321e-07
 6.00930e-07
 5.18978e-07
 4.52441e-07
 3.97732e-07
 3.52239e-07
 3.14027e-07
 2.81638e-07
 2.53958e-07
 2.30125e-07
 2.09464e-07
 1.91442e-07
 1.75630e-07
 1.61684e-07
 1.49323e-07
 1.38318e-07
 1.28479e-07
 1.04917e-06
 8.80070e-07
 7.46508e-07
 6.39736e-07
 5.53369e-07
 4.82726e-07
 4.24341e-07
 3.75622e-07
 3.34607e-07
 2.99793e-07
 2.70021e-07
 2.44381e-07
 2.22157e-07
 2.02780e-07
 1.85790e-07
 1.70817e-07
 1.57559e-07
 1.45767e-07
 1.35234e-07
 1.25791e-07
 8.83637e-07
 7.60745e-07
 6.58738e-07
 5.73971e-07
 5.03254e-07
 4.43944e-07
 3.93907e-07
 3.51431e-07
 3.15151e-07
 2.83978e-07
 2.57037e-07
 2.33624e-07
 2.13171e-07
 1.95215e-07
 1.79376e-07
 1.65343e-07
 1.52858e-07
 1.41706e-07
 1.31708e-07
 1.22713e-07
 7.35545e-07
 6.49775e-07
 5.74547e-07
 5.09286e-07
 4.52939e-07
 4.04343e-07
 3.62388e-07
 3.26079e-07
 2.94558e-07
 2.67096e-07
 2.43077e-07
 2.21989e-07
 2.03400e-07
 1.86952e-07
 1.72343e-07
 1.59320e-07
 1.47670e-07
 1.37214e-07
 1.27799e-07
 1.19295e-07
 6.08088e-07
 5.50537e-07
 4.96860e-07
 4.48035e-07
 4.04259e-07
 3.65330e-07
 3.30859e-07
 3.00389e-07
 2.73458e-07
 2.49634e-07
 2.28520e-07
 2.09769e-07
 1.93076e-07
 1.78174e-07
 1.64836e-07
 1.52865e-07
 1.42091e-07
 1.32368e-07
 1.23570e-07
 1.15588e-07
 5.01222e-07
 4.64242e-07
 4.27209e-07
 3.91687e-07
 3.58488e-07
 3.27961e-07
 3.00176e-07
 2.75045e-07
 2.52396e-07
 2.32024e-07
 2.13709e-07
 1.97240e-07
 1.82417e-07
 1.69058e-07
 1.57000e-07
 1.46095e-07
 1.36215e-07
 1.27246e-07
 1.19085e-07
 1.11646e-07
 4.13109e-07
 3.90650e-07
 3.66065e-07
 3.40972e-07
 3.16399e-07
 2.92955e-07
 2.70968e-07
 2.50579e-07
 2.31814e-07
 2.14631e-07
 1.98942e-07
 1.84644e-07
 1.71624e-07
 1.59768e-07
 1.48967e-07
 1.39121e-07
 1.30134e-07
 1.21923e-07
 1.14408e-07
 1.07522e-07
