scalar
part
         1
quad4
 3.95004e-07
 3.74205e-07
 3.51178e-07
 3.27515e-07
 3.04234e-07
 2.81947e-07
 2.60991e-07
 2.41519e-07
 2.23569e-07
 2.07107e-07
 1.92061e-07
 1.78335e-07
 1.65824e-07
 1.54423e-07
 1.44030e-07
 1.34550e-07
 1.25893e-07
 1.17978e-07
 1.10732e-07
 1.04089e-07
 4.79759e-07
 4.45113e-07
 4.10179e-07
 3.76514e-07
 3.44945e-07
 3.15841e-07
 2.89297e-07
 2.65249e-07
 2.43546e-07
 2.24001e-07
 2.06413e-07
 1.90584e-07
 1.76326e-07
 1.63468e-07
 1.51854e-07
 1.41347e-07
 1.31821e-07
 1.23170e-07
 1.15296e-07
 1.08116e-07
 5.82617e-07
 5.28314e-07
 4.77432e-07
 4.30991e-07
 3.89246e-07
 3.52047e-07
 3.19052e-07
 2.89847e-07
 2.64004e-07
 2.41118e-07
 2.20819e-07
 2.02778e-07
 1.86706e-07
 1.72350e-07
 1.59494e-07
 1.47949e-07
 1.37555e-07
 1.28171e-07
 1.19676e-07
 1.11967e-07
 7.05371e-07
 6.24056e-07
 5.52494e-07
 4.90251e-07
 4.36399e-07
 3.89875e-07
 3.49652e-07
 3.14801e-07
 2.84515e-07
 2.58106e-07
 2.34991e-07
 2.14681e-07
 1.96769e-07
 1.80910e-07
 1.66818e-07
 1.54251e-07
 1.43004e-07
 1.32906e-07
 1.23811e-07
 1.15593e-07
 8.48084e-07
 7.31189e-07
 6.33900e-07
 5.52881e-07
 4.85173e-07
 4.28305e-07
 3.80268e-07
 3.39449e-07
 3.04553e-07
 2.74545e-07
 2.48593e-07
 2.26027e-07
 2.06303e-07
 1.88978e-07
 1.73689e-07
 1.60138e-07
 1.48077e-07
 1.37301e-07
 1.27637e-07
 1.18940e-07
 1.00771e-06
 8.46470e-07
 7.18835e-07
 6.16613e-07
 5.33801e-07
 4.65978e-07
 4.09863e-07
 3.62995e-07
 3.23506e-07
 2.89964e-07
 2.61262e-07
 2.36529e-07
 2.15082e-07
 1.96373e-07
 1.79964e-07
 1.65497e-07
 1.52682e-07
 1.41281e-07
 1.31095e-07
 1.21959e-07
 1.17662e-06
 9.64015e-07
 8.02961e-07
 6.78301e-07
 5.80004e-07
 5.01239e-07
 4.37225e-07
 3.84546e-07
 3.40709e-07
 3.03864e-07
 2.72615e-07
 2.45897e-07
 2.22881e-07
 2.02921e-07
 1.85503e-07
 1.70216e-07
 1.56730e-07
 1.44773e-07
 1.34125e-07
 1.24602e-07
 1.34186e-06
 1.07521e-06
 8.80539e-07
 7.34074e-07
 6.21138e-07
 5.32250e-07
 4.61057e-07
 4.03172e-07
 3.55486e-07
 3.15744e-07
 2.82282e-07
 2.53847e-07
 2.29484e-07
 2.08454e-07
 1.90177e-07
 1.74195e-07
 1.60139e-07
 1.47713e-07
 1.36675e-07
 1.26826e-07
 1.48571e-06
 1.16942e-06
 9.44977e-07
 7.79732e-07
 6.54451e-07
 5.57166e-07
 4.80094e-07
 4.17988e-07
 3.67205e-07
 3.25147e-07
 2.89922e-07
 2.60127e-07
 2.34699e-07
 2.12825e-07
 1.93872e-07
 1.77342e-07
 1.62839e-07
 1.50044e-07
 1.38700e-07
 1.28595e-07
 1.58843e-06
 1.23563e-06
 9.89827e-07
 8.11336e-07
 6.77451e-07
 5.74359e-07
 4.93241e-07
 4.28240e-07
 3.75336e-07
 3.31692e-07
 2.95261e-07
 2.64532e-07
 2.38372e-07
 2.15917e-07
 1.96496e-07
 1.79587e-07
 1.64773e-07
 1.51721e-07
 1.40163e-07
 1.29878e-07
 1.63302e-06
 1.26491e-06
 1.01008e-06
 8.25924e-07
 6.88304e-07
 5.82652e-07
 4.99720e-07
 4.33397e-07
 3.79508e-07
 3.35115e-07
 2.98104e-07
 2.66919e-07
 2.40396e-07
 2.17647e-07
 1.97987e-07
 1.80881e-07
 1.65903e-07
 1.52714e-07
 1.41040e-07
 1.30656e-07
 1.61103e-06
 1.25300e-06
 1.00341e-06
 8.22138e-07
 6.86178e-07
 5.81510e-07
 4.99173e-07
 4.33216e-07
 3.79549e-07
 3.35292e-07
 2.98360e-07
 2.67220e-07
 2.40718e-07
 2.17976e-07
 1.98314e-07
 1.81199e-07
 1.66209e-07
 1.53006e-07
 1.41317e-07
 1.30919e-07
 1.52666e-06
 1.20194e-06
 9.70873e-07
 8.00561e-07
 6.71406e-07
 5.71131e-07
 4.91723e-07
 4.27769e-07
 3.75507e-07
 3.32252e-07
 2.96049e-07
 2.65446e-07
 2.39346e-07
 2.16907e-07
 1.97478e-07
 1.80542e-07
 1.65692e-07
 1.52598e-07
 1.40995e-07
 1.30665e-07
 1.39554e-06
 1.11953e-06
 9.16678e-07
 7.63599e-07
 6.45432e-07
 5.52415e-07
 4.77946e-07
 4.17440e-07
 3.67639e-07
 3.26174e-07
 2.91296e-07
 2.61688e-07
 2.36345e-07
 2.14490e-07
 1.95515e-07
 1.78938e-07
 1.64371e-07
 1.51505e-07
 1.40086e-07
 1.29905e-07
 1.23868e-06
 1.01691e-06
 8.47083e-07
 7.14945e-07
 6.10524e-07
 5.26804e-07
 4.58789e-07
 4.02866e-07
 3.56384e-07
 3.17366e-07
 2.84321e-07
 2.56105e-07
 2.31834e-07
 2.10813e-07
 1.92493e-07
 1.76436e-07
 1.62287e-07
 1.49758e-07
 1.38613e-07
 1.28657e-07
 1.07560e-06
 9.05430e-07
 7.68899e-07
 6.58814e-07
 5.69370e-07
 4.96060e-07
 4.35435e-07
 3.84858e-07
 3.42310e-07
 3.06234e-07
 2.75418e-07
 2.48914e-07
 2.25972e-07
 2.05996e-07
 1.88504e-07
 1.73110e-07
 1.59495e-07
 1.47401e-07
 1.36612e-07
 1.26950e-07
 9.20287e-07
 7.94375e-07
 6.88211e-07
 5.99224e-07
 5.24662e-07
 4.62017e-07
 4.09154e-07
 3.64311e-07
 3.26058e-07
 2.93241e-07
 2.64929e-07
 2.40369e-07
 2.18954e-07
 2.00186e-07
 1.83661e-07
 1.69046e-07
 1.56064e-07
 1.44488e-07
 1.34126e-07
 1.24817e-07
 7.80562e-07
 6.90012e-07
 6.09656e-07
 5.39509e-07
 4.78779e-07
 4.26375e-07
 3.81171e-07
 3.42115e-07
 3.08282e-07
 2.78874e-07
 2.53218e-07
 2.30747e-07
 2.10988e-07
 1.93547e-07
 1.78091e-07
 1.64344e-07
 1.52073e-07
 1.41082e-07
 1.31204e-07
 1.22300e-07
 6.59408e-07
 5.95771e-07
 5.36269e-07
 4.82113e-07
 4.33608e-07
 3.90569e-07
 3.52567e-07
 3.19087e-07
 2.89599e-07
 2.63603e-07
 2.40645e-07
 2.20325e-07
 2.02293e-07
 1.86247e-07
 1.71927e-07
 1.59111e-07
 1.47607e-07
 1.37252e-07
 1.27904e-07
 1.19444e-07
 5.56757e-07
 5.12938e-07
 4.69688e-07
 4.28603e-07
 3.90501e-07
 3.55704e-07
 3.24229e-07
 2.95926e-07
 2.70559e-07
 2.47859e-07
 2.27551e-07
 2.09372e-07
 1.93080e-07
 1.78456e-07
 1.65305e-07
 1.53455e-07
 1.42753e-07
 1.33068e-07
 1.24283e-07
 1.16296e-07
