scalar
part
         1
quad4
 5.12984e-07
 4.76668e-07
 4.39783e-07
 4.04015e-07
 3.70312e-07
 3.39130e-07
 3.10617e-07
 2.84737e-07
 2.61355e-07
 2.40280e-07
 2.21307e-07
 2.04227e-07
 1.88843e-07
 1.74970e-07
 1.62443e-07
 1.51112e-07
 1.40844e-07
 1.31522e-07
 1.23041e-07
 1.15311e-07
 6.13308e-07
 5.58590e-07
 5.06393e-07
 4.58146e-07
 4.14386e-07
 3.75142e-07
 3.40175e-07
 3.09123e-07
 2.81581e-07
 2.57150e-07
 2.35455e-07
 2.16157e-07
 1.98956e-07
 1.83587e-07
 1.69821e-07
 1.57460e-07
 1.46330e-07
 1.36283e-07
 1.27191e-07
 1.18942e-07
 7.33075e-07
 6.52950e-07
 5.80791e-07
 5.17033e-07
 4.61263e-07
 4.12710e-07
 3.70501e-07
 3.33782e-07
 3.01780e-07
 2.73813e-07
 2.49295e-07
 2.27729e-07
 2.08692e-07
 1.91827e-07
 1.76835e-07
 1.63462e-07
 1.51492e-07
 1.40745e-07
 1.31064e-07
 1.22319e-07
 8.73120e-07
 7.59042e-07
 6.61747e-07
 5.79383e-07
 5.09772e-07
 4.50841e-07
 4.00777e-07
 3.58058e-07
 3.21424e-07
 2.89849e-07
 2.62494e-07
 2.38677e-07
 2.17838e-07
 1.99520e-07
 1.83347e-07
 1.69006e-07
 1.56240e-07
 1.44831e-07
 1.34599e-07
 1.25391e-07
 1.03158e-06
 8.74180e-07
 7.46696e-07
 6.43039e-07
 5.58191e-07
 4.88194e-07
 4.29973e-07
 3.81156e-07
 3.39905e-07
 3.04788e-07
 2.74686e-07
 2.48713e-07
 2.26168e-07
 2.06487e-07
 1.89213e-07
 1.73979e-07
 1.60480e-07
 1.48468e-07
 1.37734e-07
 1.28107e-07
 1.20211e-06
 9.92948e-07
 8.31467e-07
 7.04909e-07
 6.04260e-07
 5.23117e-07
 4.56876e-07
 4.02183e-07
 3.56554e-07
 3.18127e-07
 2.85489e-07
 2.57548e-07
 2.33458e-07
 2.12552e-07
 1.94298e-07
 1.78271e-07
 1.64127e-07
 1.51585e-07
 1.40414e-07
 1.30422e-07
 1.37238e-06
 1.10685e-06
 9.10314e-07
 7.61096e-07
 6.45306e-07
 5.53755e-07
 4.80179e-07
 4.20201e-07
 3.70692e-07
 3.29368e-07
 2.94531e-07
 2.64900e-07
 2.39494e-07
 2.17551e-07
 1.98472e-07
 1.81782e-07
 1.67100e-07
 1.54119e-07
 1.42586e-07
 1.32295e-07
 1.52416e-06
 1.20490e-06
 9.76447e-07
 8.07287e-07
 6.78519e-07
 5.78228e-07
 4.98595e-07
 4.34315e-07
 3.81683e-07
 3.38049e-07
 3.01475e-07
 2.70518e-07
 2.44086e-07
 2.21339e-07
 2.01623e-07
 1.84424e-07
 1.69332e-07
 1.56015e-07
 1.44208e-07
 1.33689e-07
 1.63629e-06
 1.27546e-06
 1.02312e-06
 8.39393e-07
 7.01324e-07
 5.94864e-07
 5.11009e-07
 4.43760e-07
 3.88992e-07
 3.43791e-07
 3.06045e-07
 2.74199e-07
 2.47082e-07
 2.23801e-07
 2.03665e-07
 1.86130e-07
 1.70768e-07
 1.57232e-07
 1.45246e-07
 1.34579e-07
 1.69055e-06
 1.30903e-06
 1.04503e-06
 8.54296e-07
 7.11806e-07
 6.02442e-07
 5.16617e-07
 4.47994e-07
 3.92245e-07
 3.46327e-07
 3.08050e-07
 2.75803e-07
 2.48379e-07
 2.24860e-07
 2.04537e-07
 1.86854e-07
 1.71373e-07
 1.57742e-07
 1.45677e-07
 1.34947e-07
 1.67769e-06
 1.30089e-06
 1.03958e-06
 8.50486e-07
 7.09045e-07
 6.00382e-07
 5.15041e-07
 4.46763e-07
 3.91266e-07
 3.45536e-07
 3.07403e-07
 2.75266e-07
 2.47929e-07
 2.24480e-07
 2.04212e-07
 1.86575e-07
 1.71132e-07
 1.57532e-07
 1.45493e-07
 1.34785e-07
 1.60049e-06
 1.25241e-06
 1.00750e-06
 8.28376e-07
 6.93288e-07
 5.88837e-07
 5.06381e-07
 4.40134e-07
 3.86102e-07
 3.41451e-07
 3.04127e-07
 2.72607e-07
 2.45747e-07
 2.22671e-07
 2.02700e-07
 1.85300e-07
 1.70048e-07
 1.56605e-07
 1.44696e-07
 1.34094e-07
 1.47237e-06
 1.17048e-06
 9.52604e-07
 7.90189e-07
 6.65893e-07
 5.68668e-07
 4.91200e-07
 4.28487e-07
 3.77015e-07
 3.34257e-07
 2.98355e-07
 2.67922e-07
 2.41903e-07
 2.19488e-07
 2.00040e-07
 1.83060e-07
 1.68148e-07
 1.54983e-07
 1.43301e-07
 1.32889e-07
 1.31269e-06
 1.06553e-06
 8.80829e-07
 7.39476e-07
 6.29068e-07
 5.41297e-07
 4.70441e-07
 4.12462e-07
 3.64452e-07
 3.24269e-07
 2.90316e-07
 2.61379e-07
 2.36525e-07
 2.15025e-07
 1.96306e-07
 1.79912e-07
 1.65475e-07
 1.52698e-07
 1.41337e-07
 1.31191e-07
 1.14119e-06
 9.48864e-07
 7.98935e-07
 6.80432e-07
 5.85502e-07
 5.08495e-07
 4.45300e-07
 3.92888e-07
 3.48994e-07
 3.11907e-07
 2.80316e-07
 2.53205e-07
 2.29780e-07
 2.09412e-07
 1.91597e-07
 1.75933e-07
 1.62090e-07
 1.49800e-07
 1.38842e-07
 1.29031e-07
 9.73733e-07
 8.30444e-07
 7.13290e-07
 6.17209e-07
 5.37960e-07
 4.72144e-07
 4.17083e-07
 3.70683e-07
 3.31302e-07
 2.97651e-07
 2.68710e-07
 2.43667e-07
 2.21873e-07
 2.02803e-07
 1.86034e-07
 1.71217e-07
 1.58067e-07
 1.46348e-07
 1.35863e-07
 1.26448e-07
 8.20487e-07
 7.17611e-07
 6.29038e-07
 5.53398e-07
 4.88962e-07
 4.34026e-07
 3.87066e-07
 3.46774e-07
 3.12058e-07
 2.82008e-07
 2.55878e-07
 2.33052e-07
 2.13023e-07
 1.95371e-07
 1.79750e-07
 1.65870e-07
 1.53490e-07
 1.42409e-07
 1.32456e-07
 1.23485e-07
 6.86334e-07
 6.14827e-07
 5.49767e-07
 4.91745e-07
 4.40568e-07
 3.95680e-07
 3.56397e-07
 3.22023e-07
 2.91909e-07
 2.65470e-07
 2.42198e-07
 2.21652e-07
 2.03458e-07
 1.87293e-07
 1.72886e-07
 1.60004e-07
 1.48450e-07
 1.38056e-07
 1.28678e-07
 1.20192e-07
 5.72314e-07
 5.24124e-07
 4.77578e-07
 4.34098e-07
 3.94299e-07
 3.58319e-07
 3.26030e-07
 2.97174e-07
 2.71436e-07
 2.48492e-07
 2.28026e-07
 2.09749e-07
 1.93400e-07
 1.78746e-07
 1.65583e-07
 1.53733e-07
 1.43038e-07
 1.33364e-07
 1.24591e-07
 1.16619e-07
 4.77214e-07
 4.45815e-07
 4.13375e-07
 3.81506e-07
 3.51153e-07
 3.22815e-07
 2.96698e-07
 2.72829e-07
 2.51130e-07
 2.31467e-07
 2.13680e-07
 1.97598e-07
 1.83057e-07
 1.69899e-07
 1.57980e-07
 1.47168e-07
 1.37346e-07
 1.28408e-07
 1.20259e-07
 1.12817e-07
