scalar
part
         1
quad4
 5.30183e-07
 4.91378e-07
 4.52417e-07
 4.14913e-07
 3.79753e-07
 3.47342e-07
 3.17790e-07
 2.91028e-07
 2.66892e-07
 2.45173e-07
 2.25646e-07
 2.08089e-07
 1.92291e-07
 1.78060e-07
 1.65220e-07
 1.53616e-07
 1.43108e-07
 1.33575e-07
 1.24908e-07
 1.17013e-07
 6.30980e-07
 5.73507e-07
 5.19066e-07
 4.68976e-07
 4.23693e-07
 3.83180e-07
 3.47151e-07
 3.15205e-07
 2.86907e-07
 2.61834e-07
 2.39592e-07
 2.19825e-07
 2.02219e-07
 1.86502e-07
 1.72434e-07
 1.59809e-07
 1.48449e-07
 1.38201e-07
 1.28931e-07
 1.20526e-07
 7.50805e-07
 6.67745e-07
 5.93243e-07
 5.27588e-07
 4.70268e-07
 4.20436e-07
 3.77166e-07
 3.39562e-07
 3.06817e-07
 2.78223e-07
 2.53175e-07
 2.31156e-07
 2.11732e-07
 1.94535e-07
 1.79255e-07
 1.65633e-07
 1.53447e-07
 1.42510e-07
 1.32663e-07
 1.23772e-07
 8.90341e-07
 7.73304e-07
 6.73669e-07
 5.89426e-07
 5.18287e-07
 4.58105e-07
 4.07011e-07
 3.63437e-07
 3.26091e-07
 2.93919e-07
 2.66061e-07
 2.41817e-07
 2.20615e-07
 2.01987e-07
 1.85547e-07
 1.70976e-07
 1.58009e-07
 1.46427e-07
 1.36042e-07
 1.26700e-07
 1.04762e-06
 8.87448e-07
 7.57755e-07
 6.52315e-07
 5.66020e-07
 4.94840e-07
 4.35650e-07
 3.86034e-07
 3.44119e-07
 3.08450e-07
 2.77885e-07
 2.51522e-07
 2.28646e-07
 2.08682e-07
 1.91168e-07
 1.75725e-07
 1.62047e-07
 1.49878e-07
 1.39009e-07
 1.29262e-07
 1.21630e-06
 1.00478e-06
 8.41337e-07
 7.13169e-07
 6.11206e-07
 5.28990e-07
 4.61873e-07
 4.06459e-07
 3.60236e-07
 3.21317e-07
 2.88267e-07
 2.59982e-07
 2.35600e-07
 2.14446e-07
 1.95981e-07
 1.79773e-07
 1.65473e-07
 1.52796e-07
 1.41507e-07
 1.31412e-07
 1.38425e-06
 1.11689e-06
 9.18710e-07
 7.68112e-07
 6.51188e-07
 5.58709e-07
 4.84377e-07
 4.23783e-07
 3.73767e-07
 3.32024e-07
 2.96840e-07
 2.66918e-07
 2.41268e-07
 2.19118e-07
 1.99862e-07
 1.83022e-07
 1.68210e-07
 1.55117e-07
 1.43486e-07
 1.33110e-07
 1.53355e-06
 1.21291e-06
 9.83143e-07
 8.12862e-07
 6.83172e-07
 5.82131e-07
 5.01891e-07
 4.37118e-07
 3.84084e-07
 3.40119e-07
 3.03272e-07
 2.72087e-07
 2.45463e-07
 2.22555e-07
 2.02702e-07
 1.85386e-07
 1.70193e-07
 1.56790e-07
 1.44907e-07
 1.34322e-07
 1.64325e-06
 1.28129e-06
 1.02793e-06
 8.43357e-07
 7.04608e-07
 5.97604e-07
 5.13313e-07
 4.45715e-07
 3.90664e-07
 3.45230e-07
 3.07294e-07
 2.75290e-07
 2.48040e-07
 2.24648e-07
 2.04417e-07
 1.86801e-07
 1.71370e-07
 1.57774e-07
 1.45735e-07
 1.35024e-07
 1.69501e-06
 1.31250e-06
 1.04777e-06
 8.56499e-07
 7.13603e-07
 6.03928e-07
 5.17861e-07
 4.49047e-07
 3.93146e-07
 3.47104e-07
 3.08726e-07
 2.76396e-07
 2.48902e-07
 2.25324e-07
 2.04951e-07
 1.87226e-07
 1.71708e-07
 1.58046e-07
 1.45953e-07
 1.35199e-07
 1.67918e-06
 1.30171e-06
 1.04007e-06
 8.50803e-07
 7.09269e-07
 6.00553e-07
 5.15180e-07
 4.46882e-07
 3.91372e-07
 3.45633e-07
 3.07492e-07
 2.75350e-07
 2.48008e-07
 2.24555e-07
 2.04283e-07
 1.86643e-07
 1.71196e-07
 1.57594e-07
 1.45552e-07
 1.34842e-07
 1.59832e-06
 1.25026e-06
 1.00557e-06
 8.26724e-07
 6.91894e-07
 5.87667e-07
 5.05399e-07
 4.39310e-07
 3.85407e-07
 3.40863e-07
 3.03626e-07
 2.72179e-07
 2.45380e-07
 2.22355e-07
 2.02427e-07
 1.85063e-07
 1.69842e-07
 1.56425e-07
 1.44538e-07
 1.33956e-07
 1.46599e-06
 1.16516e-06
 9.48201e-07
 7.86557e-07
 6.62889e-07
 5.66173e-07
 4.89115e-07
 4.26734e-07
 3.75532e-07
 3.32994e-07
 2.97274e-07
 2.66991e-07
 2.41098e-07
 2.18787e-07
 1.99428e-07
 1.82523e-07
 1.67675e-07
 1.54563e-07
 1.42929e-07
 1.32558e-07
 1.30208e-06
 1.05709e-06
 8.74036e-07
 7.33951e-07
 6.24533e-07
 5.37541e-07
 4.67305e-07
 4.09823e-07
 3.62215e-07
 3.22360e-07
 2.88677e-07
 2.59963e-07
 2.35294e-07
 2.13951e-07
 1.95364e-07
 1.79082e-07
 1.64740e-07
 1.52045e-07
 1.40755e-07
 1.30670e-07
 1.12692e-06
 9.37683e-07
 7.90013e-07
 6.73206e-07
 5.79578e-07
 5.03588e-07
 4.41197e-07
 3.89428e-07
 3.46054e-07
 3.09392e-07
 2.78151e-07
 2.51330e-07
 2.28147e-07
 2.07981e-07
 1.90339e-07
 1.74821e-07
 1.61104e-07
 1.48922e-07
 1.38057e-07
 1.28327e-07
 9.56759e-07
 8.17118e-07
 7.02633e-07
 6.08557e-07
 5.30847e-07
 4.66233e-07
 4.12125e-07
 3.66489e-07
 3.27728e-07
 2.94584e-07
 2.66061e-07
 2.41366e-07
 2.19863e-07
 2.01040e-07
 1.84479e-07
 1.69840e-07
 1.56842e-07
 1.45255e-07
 1.34884e-07
 1.25568e-07
 8.01886e-07
 7.02830e-07
 6.17110e-07
 5.43645e-07
 4.80895e-07
 4.27287e-07
 3.81386e-07
 3.41949e-07
 3.07928e-07
 2.78451e-07
 2.52796e-07
 2.30366e-07
 2.10670e-07
 1.93300e-07
 1.77919e-07
 1.64245e-07
 1.52042e-07
 1.41114e-07
 1.31293e-07
 1.22438e-07
 6.67059e-07
 5.99251e-07
 5.37034e-07
 4.81226e-07
 4.31794e-07
 3.88298e-07
 3.50137e-07
 3.16676e-07
 2.87311e-07
 2.61493e-07
 2.38738e-07
 2.18626e-07
 2.00799e-07
 1.84946e-07
 1.70805e-07
 1.58152e-07
 1.46795e-07
 1.36573e-07
 1.27343e-07
 1.18988e-07
 5.53099e-07
 5.08304e-07
 4.64454e-07
 4.23126e-07
 3.85057e-07
 3.50477e-07
 3.19332e-07
 2.91417e-07
 2.66459e-07
 2.44165e-07
 2.24245e-07
 2.06430e-07
 1.90473e-07
 1.76154e-07
 1.63279e-07
 1.51676e-07
 1.41196e-07
 1.31709e-07
 1.23100e-07
 1.15270e-07
 4.58560e-07
 4.30173e-07
 4.00200e-07
 3.70350e-07
 3.41655e-07
 3.14683e-07
 2.89697e-07
 2.66771e-07
 2.45861e-07
 2.26863e-07
 2.09638e-07
 1.94034e-07
 1.79902e-07
 1.67095e-07
 1.55480e-07
 1.44931e-07
 1.35337e-07
 1.26598e-07
 1.18624e-07
 1.11336e-07
