scalar
part
         1
quad4
 4.03896e-07
 3.83860e-07
 3.61114e-07
 3.37409e-07
 3.13879e-07
 2.91220e-07
 2.69823e-07
 2.49880e-07
 2.31452e-07
 2.14522e-07
 1.99026e-07
 1.84872e-07
 1.71960e-07
 1.60184e-07
 1.49443e-07
 1.39639e-07
 1.30683e-07
 1.22491e-07
 1.14988e-07
 1.08107e-07
 4.93116e-07
 4.58680e-07
 4.23478e-07
 3.89267e-07
 3.57008e-07
 3.27156e-07
 2.99855e-07
 2.75071e-07
 2.52672e-07
 2.32477e-07
 2.14288e-07
 1.97905e-07
 1.83141e-07
 1.69819e-07
 1.57783e-07
 1.46888e-07
 1.37010e-07
 1.28035e-07
 1.19865e-07
 1.12413e-07
 6.01960e-07
 5.46878e-07
 4.94855e-07
 4.47134e-07
 4.04096e-07
 3.65659e-07
 3.31513e-07
 3.01255e-07
 2.74459e-07
 2.50715e-07
 2.29645e-07
 2.10912e-07
 1.94218e-07
 1.79304e-07
 1.65945e-07
 1.53948e-07
 1.43143e-07
 1.33388e-07
 1.24557e-07
 1.16541e-07
 7.32571e-07
 6.48855e-07
 5.74853e-07
 5.10313e-07
 4.54381e-07
 4.06010e-07
 3.64163e-07
 3.27890e-07
 2.96361e-07
 2.68862e-07
 2.44791e-07
 2.23641e-07
 2.04986e-07
 1.88469e-07
 1.73793e-07
 1.60703e-07
 1.48990e-07
 1.38472e-07
 1.28999e-07
 1.20440e-07
 8.85282e-07
 7.63509e-07
 6.61966e-07
 5.77326e-07
 5.06565e-07
 4.47129e-07
 3.96927e-07
 3.54274e-07
 3.17817e-07
 2.86473e-07
 2.59372e-07
 2.35810e-07
 2.15218e-07
 1.97134e-07
 1.81177e-07
 1.67036e-07
 1.54451e-07
 1.43207e-07
 1.33125e-07
 1.24052e-07
 1.05704e-06
 8.87448e-07
 7.53210e-07
 6.45754e-07
 5.58759e-07
 4.87561e-07
 4.28693e-07
 3.79555e-07
 3.38176e-07
 3.03046e-07
 2.72997e-07
 2.47113e-07
 2.24675e-07
 2.05107e-07
 1.87947e-07
 1.72823e-07
 1.59428e-07
 1.47513e-07
 1.36869e-07
 1.27324e-07
 1.23970e-06
 1.01433e-06
 8.43897e-07
 7.12199e-07
 6.08508e-07
 5.25527e-07
 4.58162e-07
 4.02777e-07
 3.56724e-07
 3.18044e-07
 2.85258e-07
 2.57239e-07
 2.33113e-07
 2.12199e-07
 1.93954e-07
 1.77946e-07
 1.63827e-07
 1.51312e-07
 1.40169e-07
 1.30206e-07
 1.41901e-06
 1.13470e-06
 9.27763e-07
 7.72455e-07
 6.52945e-07
 5.59041e-07
 4.83934e-07
 4.22937e-07
 3.72735e-07
 3.30930e-07
 2.95756e-07
 2.65884e-07
 2.40303e-07
 2.18231e-07
 1.99057e-07
 1.82295e-07
 1.67559e-07
 1.54535e-07
 1.42969e-07
 1.32651e-07
 1.57525e-06
 1.23683e-06
 9.97582e-07
 8.21940e-07
 6.89082e-07
 5.86103e-07
 5.04641e-07
 4.39079e-07
 3.85525e-07
 3.41211e-07
 3.04126e-07
 2.72776e-07
 2.46037e-07
 2.23046e-07
 2.03134e-07
 1.85774e-07
 1.70549e-07
 1.57121e-07
 1.45218e-07
 1.34619e-07
 1.68643e-06
 1.30859e-06
 1.04630e-06
 8.56373e-07
 7.14218e-07
 6.04952e-07
 5.19102e-07
 4.50391e-07
 3.94524e-07
 3.48477e-07
 3.10069e-07
 2.77694e-07
 2.50148e-07
 2.26516e-07
 2.06086e-07
 1.88306e-07
 1.72735e-07
 1.59020e-07
 1.46879e-07
 1.36078e-07
 1.73398e-06
 1.34030e-06
 1.06853e-06
 8.72562e-07
 7.26380e-07
 6.14322e-07
 5.26475e-07
 4.56298e-07
 3.99330e-07
 3.52439e-07
 3.13374e-07
 2.80480e-07
 2.52519e-07
 2.28550e-07
 2.07844e-07
 1.89836e-07
 1.74074e-07
 1.60200e-07
 1.47923e-07
 1.37007e-07
 1.70948e-06
 1.32766e-06
 1.06186e-06
 8.69092e-07
 7.24686e-07
 6.13641e-07
 5.26377e-07
 4.56535e-07
 3.99754e-07
 3.52962e-07
 3.13942e-07
 2.81060e-07
 2.53092e-07
 2.29103e-07
 2.08373e-07
 1.90336e-07
 1.74545e-07
 1.60641e-07
 1.48336e-07
 1.37393e-07
 1.61851e-06
 1.27325e-06
 1.02761e-06
 8.46657e-07
 7.09524e-07
 6.03131e-07
 5.18938e-07
 4.51179e-07
 3.95843e-07
 3.50073e-07
 3.11788e-07
 2.79443e-07
 2.51871e-07
 2.28179e-07
 2.07673e-07
 1.89806e-07
 1.74146e-07
 1.60343e-07
 1.48116e-07
 1.37233e-07
 1.47863e-06
 1.18578e-06
 9.70425e-07
 8.07897e-07
 6.82460e-07
 5.83758e-07
 5.04774e-07
 4.40634e-07
 3.87868e-07
 3.43958e-07
 3.07042e-07
 2.75720e-07
 2.48923e-07
 2.25825e-07
 2.05779e-07
 1.88273e-07
 1.72896e-07
 1.59320e-07
 1.47274e-07
 1.36539e-07
 1.31238e-06
 1.07725e-06
 8.97047e-07
 7.56781e-07
 6.45929e-07
 5.57067e-07
 4.84895e-07
 4.25576e-07
 3.76292e-07
 3.34941e-07
 2.99935e-07
 2.70059e-07
 2.44371e-07
 2.22133e-07
 2.02761e-07
 1.85788e-07
 1.70838e-07
 1.57604e-07
 1.45836e-07
 1.35327e-07
 1.14022e-06
 9.59657e-07
 8.14705e-07
 6.97790e-07
 6.02788e-07
 5.24928e-07
 4.60554e-07
 4.06866e-07
 3.61717e-07
 3.23450e-07
 2.90776e-07
 2.62687e-07
 2.38383e-07
 2.17229e-07
 1.98715e-07
 1.82426e-07
 1.68027e-07
 1.55240e-07
 1.43837e-07
 1.33628e-07
 9.76579e-07
 8.42682e-07
 7.29790e-07
 6.35164e-07
 5.55882e-07
 4.89283e-07
 4.33096e-07
 3.85448e-07
 3.44818e-07
 3.09974e-07
 2.79925e-07
 2.53871e-07
 2.31161e-07
 2.11267e-07
 1.93759e-07
 1.78279e-07
 1.64535e-07
 1.52284e-07
 1.41321e-07
 1.31477e-07
 8.29459e-07
 7.32821e-07
 6.47146e-07
 5.72400e-07
 5.07716e-07
 4.51923e-07
 4.03813e-07
 3.62264e-07
 3.26285e-07
 2.95025e-07
 2.67765e-07
 2.43901e-07
 2.22926e-07
 2.04418e-07
 1.88025e-07
 1.73451e-07
 1.60446e-07
 1.48802e-07
 1.38342e-07
 1.28916e-07
 7.01862e-07
 6.33605e-07
 5.69928e-07
 5.12055e-07
 4.60272e-07
 4.14358e-07
 3.73845e-07
 3.38173e-07
 3.06770e-07
 2.79101e-07
 2.54677e-07
 2.33071e-07
 2.13906e-07
 1.96861e-07
 1.81656e-07
 1.68053e-07
 1.55848e-07
 1.44867e-07
 1.34958e-07
 1.25993e-07
 5.93666e-07
 5.46349e-07
 4.99837e-07
 4.55766e-07
 4.14967e-07
 3.77752e-07
 3.44125e-07
 3.13912e-07
 2.86853e-07
 2.62654e-07
 2.41018e-07
 2.21662e-07
 2.04325e-07
 1.88771e-07
 1.74791e-07
 1.62199e-07
 1.50834e-07
 1.40552e-07
 1.31229e-07
 1.22758e-07
