scalar
part
         1
quad4
 3.88115e-07
 3.69333e-07
 3.47946e-07
 3.25588e-07
 3.03327e-07
 2.81826e-07
 2.61465e-07
 2.42437e-07
 2.24812e-07
 2.08583e-07
 1.93698e-07
 1.80078e-07
 1.67632e-07
 1.56264e-07
 1.45880e-07
 1.36391e-07
 1.27712e-07
 1.19765e-07
 1.12481e-07
 1.05794e-07
 4.73764e-07
 4.41341e-07
 4.08138e-07
 3.75789e-07
 3.45199e-07
 3.16810e-07
 2.90777e-07
 2.67082e-07
 2.45617e-07
 2.26221e-07
 2.08717e-07
 1.92924e-07
 1.78668e-07
 1.65787e-07
 1.54133e-07
 1.43572e-07
 1.33986e-07
 1.25268e-07
 1.17325e-07
 1.10074e-07
 5.78216e-07
 5.26266e-07
 4.77111e-07
 4.31902e-07
 3.91011e-07
 3.54384e-07
 3.21756e-07
 2.92768e-07
 2.67037e-07
 2.44187e-07
 2.23873e-07
 2.05780e-07
 1.89633e-07
 1.75187e-07
 1.62232e-07
 1.50584e-07
 1.40085e-07
 1.30596e-07
 1.21998e-07
 1.14190e-07
 7.03596e-07
 6.24588e-07
 5.54577e-07
 4.93331e-07
 4.40084e-07
 3.93892e-07
 3.53816e-07
 3.18989e-07
 2.88646e-07
 2.62128e-07
 2.38873e-07
 2.18406e-07
 2.00328e-07
 1.84302e-07
 1.70045e-07
 1.57317e-07
 1.45917e-07
 1.35672e-07
 1.26437e-07
 1.18087e-07
 8.50419e-07
 7.35438e-07
 6.39236e-07
 5.58755e-07
 4.91234e-07
 4.34335e-07
 3.86137e-07
 3.45082e-07
 3.09913e-07
 2.79617e-07
 2.53376e-07
 2.30528e-07
 2.10534e-07
 1.92954e-07
 1.77427e-07
 1.63653e-07
 1.51385e-07
 1.40417e-07
 1.30575e-07
 1.21713e-07
 1.01619e-06
 8.55876e-07
 7.28423e-07
 6.25971e-07
 5.42714e-07
 4.74351e-07
 4.17666e-07
 3.70235e-07
 3.30210e-07
 2.96168e-07
 2.67004e-07
 2.41849e-07
 2.20017e-07
 2.00957e-07
 1.84229e-07
 1.69472e-07
 1.56394e-07
 1.44753e-07
 1.34348e-07
 1.25012e-07
 1.19390e-06
 9.80260e-07
 8.17874e-07
 6.91831e-07
 5.92218e-07
 5.12249e-07
 4.47158e-07
 3.93524e-07
 3.48845e-07
 3.11259e-07
 2.79357e-07
 2.52062e-07
 2.28537e-07
 2.08124e-07
 1.90303e-07
 1.74657e-07
 1.60848e-07
 1.48602e-07
 1.37693e-07
 1.27935e-07
 1.37092e-06
 1.10000e-06
 9.01771e-07
 7.52366e-07
 6.37006e-07
 5.46113e-07
 4.73252e-07
 4.13969e-07
 3.65103e-07
 3.24359e-07
 2.90040e-07
 2.60866e-07
 2.35864e-07
 2.14276e-07
 1.95510e-07
 1.79097e-07
 1.64660e-07
 1.51895e-07
 1.40554e-07
 1.30434e-07
 1.52923e-06
 1.20409e-06
 9.73206e-07
 8.03134e-07
 6.74151e-07
 5.73969e-07
 4.94589e-07
 4.30616e-07
 3.78301e-07
 3.34973e-07
 2.98684e-07
 2.67987e-07
 2.41789e-07
 2.19252e-07
 1.99725e-07
 1.82694e-07
 1.67751e-07
 1.54569e-07
 1.42881e-07
 1.32470e-07
 1.64762e-06
 1.28058e-06
 1.02515e-06
 8.39826e-07
 7.00918e-07
 5.94026e-07
 5.09962e-07
 4.42632e-07
 3.87853e-07
 3.42679e-07
 3.04982e-07
 2.73195e-07
 2.46141e-07
 2.22922e-07
 2.02846e-07
 1.85369e-07
 1.70060e-07
 1.56574e-07
 1.44633e-07
 1.34009e-07
 1.70647e-06
 1.31919e-06
 1.05182e-06
 8.59022e-07
 7.15190e-07
 6.04924e-07
 5.18472e-07
 4.49403e-07
 3.93329e-07
 3.47170e-07
 3.08711e-07
 2.76324e-07
 2.48793e-07
 2.25189e-07
 2.04799e-07
 1.87064e-07
 1.71540e-07
 1.57874e-07
 1.45781e-07
 1.35028e-07
 1.69461e-06
 1.31426e-06
 1.05015e-06
 8.58928e-07
 7.15865e-07
 6.05957e-07
 5.19647e-07
 4.50606e-07
 3.94501e-07
 3.48282e-07
 3.09749e-07
 2.77286e-07
 2.49678e-07
 2.26002e-07
 2.05544e-07
 1.87746e-07
 1.72166e-07
 1.58448e-07
 1.46309e-07
 1.35513e-07
 1.61460e-06
 1.26696e-06
 1.02067e-06
 8.39815e-07
 7.03082e-07
 5.97194e-07
 5.13521e-07
 4.46256e-07
 3.91374e-07
 3.46013e-07
 3.08093e-07
 2.76073e-07
 2.48789e-07
 2.25353e-07
 2.05075e-07
 1.87411e-07
 1.71932e-07
 1.58292e-07
 1.46211e-07
 1.35460e-07
 1.48229e-06
 1.18498e-06
 9.67473e-07
 8.03978e-07
 6.78194e-07
 5.79466e-07
 5.00620e-07
 4.36695e-07
 3.84176e-07
 3.40520e-07
 3.03851e-07
 2.72763e-07
 2.46182e-07
 2.23284e-07
 2.03420e-07
 1.86080e-07
 1.70856e-07
 1.57418e-07
 1.45498e-07
 1.34877e-07
 1.32015e-06
 1.08006e-06
 8.97033e-07
 7.55190e-07
 6.43493e-07
 5.54217e-07
 4.81884e-07
 4.22551e-07
 3.73337e-07
 3.32102e-07
 2.97236e-07
 2.67508e-07
 2.41969e-07
 2.19876e-07
 2.00643e-07
 1.83801e-07
 1.68973e-07
 1.55853e-07
 1.44191e-07
 1.33780e-07
 1.14951e-06
 9.64435e-07
 8.16604e-07
 6.97889e-07
 6.01783e-07
 5.23268e-07
 4.58524e-07
 4.04650e-07
 3.59430e-07
 3.21165e-07
 2.88539e-07
 2.60523e-07
 2.36308e-07
 2.15250e-07
 1.96833e-07
 1.80642e-07
 1.66337e-07
 1.53641e-07
 1.42324e-07
 1.32197e-07
 9.85853e-07
 8.48251e-07
 7.32769e-07
 6.36379e-07
 5.55919e-07
 4.88548e-07
 4.31868e-07
 3.83919e-07
 3.43116e-07
 3.08186e-07
 2.78111e-07
 2.52067e-07
 2.29394e-07
 2.09553e-07
 1.92105e-07
 1.76692e-07
 1.63017e-07
 1.50835e-07
 1.39940e-07
 1.30161e-07
 8.37962e-07
 7.38452e-07
 6.50609e-07
 5.74277e-07
 5.08459e-07
 4.51871e-07
 4.03213e-07
 3.61296e-07
 3.25078e-07
 2.93670e-07
 2.66327e-07
 2.42424e-07
 2.21443e-07
 2.02951e-07
 1.86587e-07
 1.72052e-07
 1.59093e-07
 1.47498e-07
 1.37089e-07
 1.27713e-07
 7.09326e-07
 6.38910e-07
 5.73491e-07
 5.14263e-07
 4.61456e-07
 4.14783e-07
 3.73717e-07
 3.37649e-07
 3.05970e-07
 2.78112e-07
 2.53566e-07
 2.31884e-07
 2.12680e-07
 1.95619e-07
 1.80417e-07
 1.66831e-07
 1.54652e-07
 1.43701e-07
 1.33828e-07
 1.24900e-07
 6.00076e-07
 5.51156e-07
 5.03276e-07
 4.58085e-07
 4.16396e-07
 3.78490e-07
 3.44336e-07
 3.13728e-07
 2.86378e-07
 2.61969e-07
 2.40186e-07
 2.20729e-07
 2.03326e-07
 1.87734e-07
 1.73736e-07
 1.61141e-07
 1.49783e-07
 1.39517e-07
 1.30216e-07
 1.21770e-07
