scalar
part
         1
quad4
 4.08432e-07
 3.87716e-07
 3.64381e-07
 3.40172e-07
 3.16218e-07
 2.93203e-07
 2.71510e-07
 2.51319e-07
 2.32684e-07
 2.15582e-07
 1.99941e-07
 1.85666e-07
 1.72651e-07
 1.60789e-07
 1.49974e-07
 1.40107e-07
 1.31096e-07
 1.22857e-07
 1.15314e-07
 1.08399e-07
 4.98119e-07
 4.62835e-07
 4.26923e-07
 3.92125e-07
 3.59386e-07
 3.29141e-07
 3.01521e-07
 2.76476e-07
 2.53863e-07
 2.33491e-07
 2.15156e-07
 1.98653e-07
 1.83787e-07
 1.70381e-07
 1.58273e-07
 1.47318e-07
 1.37387e-07
 1.28368e-07
 1.20160e-07
 1.12676e-07
 6.07424e-07
 5.51294e-07
 4.98428e-07
 4.50036e-07
 4.06465e-07
 3.67605e-07
 3.33122e-07
 3.02595e-07
 2.75582e-07
 2.51662e-07
 2.30449e-07
 2.11598e-07
 1.94807e-07
 1.79813e-07
 1.66387e-07
 1.54332e-07
 1.43480e-07
 1.33684e-07
 1.24818e-07
 1.16773e-07
 7.38436e-07
 6.53446e-07
 5.78466e-07
 5.13180e-07
 4.56675e-07
 4.07862e-07
 3.65672e-07
 3.29130e-07
 2.97388e-07
 2.69720e-07
 2.45513e-07
 2.24252e-07
 2.05507e-07
 1.88916e-07
 1.74178e-07
 1.61037e-07
 1.49280e-07
 1.38727e-07
 1.29222e-07
 1.20636e-07
 8.91394e-07
 7.68123e-07
 6.65490e-07
 5.80052e-07
 5.08700e-07
 4.48822e-07
 3.98285e-07
 3.55375e-07
 3.18719e-07
 2.87219e-07
 2.59993e-07
 2.36331e-07
 2.15659e-07
 1.97509e-07
 1.81499e-07
 1.67312e-07
 1.54690e-07
 1.43415e-07
 1.33306e-07
 1.24211e-07
 1.06310e-06
 8.91846e-07
 7.56462e-07
 6.48203e-07
 5.60636e-07
 4.89022e-07
 4.29847e-07
 3.80477e-07
 3.38922e-07
 3.03656e-07
 2.73499e-07
 2.47531e-07
 2.25025e-07
 2.05402e-07
 1.88198e-07
 1.73037e-07
 1.59612e-07
 1.47671e-07
 1.37006e-07
 1.27443e-07
 1.24525e-06
 1.01818e-06
 8.46649e-07
 7.14215e-07
 6.10018e-07
 5.26679e-07
 4.59055e-07
 4.03479e-07
 3.57284e-07
 3.18495e-07
 2.85625e-07
 2.57540e-07
 2.33362e-07
 2.12406e-07
 1.94127e-07
 1.78092e-07
 1.63950e-07
 1.51417e-07
 1.40259e-07
 1.30283e-07
 1.42340e-06
 1.13761e-06
 9.29766e-07
 7.73877e-07
 6.53980e-07
 5.59810e-07
 4.84517e-07
 4.23384e-07
 3.73083e-07
 3.31204e-07
 2.95973e-07
 2.66058e-07
 2.40443e-07
 2.18344e-07
 1.99149e-07
 1.82370e-07
 1.67620e-07
 1.54584e-07
 1.43009e-07
 1.32683e-07
 1.57778e-06
 1.23841e-06
 9.98604e-07
 8.22627e-07
 6.89554e-07
 5.86432e-07
 5.04874e-07
 4.39244e-07
 3.85642e-07
 3.41294e-07
 3.04183e-07
 2.72815e-07
 2.46062e-07
 2.23061e-07
 2.03140e-07
 1.85775e-07
 1.70544e-07
 1.57113e-07
 1.45208e-07
 1.34606e-07
 1.68653e-06
 1.30854e-06
 1.04619e-06
 8.56233e-07
 7.14070e-07
 6.04806e-07
 5.18961e-07
 4.50258e-07
 3.94400e-07
 3.48361e-07
 3.09961e-07
 2.77593e-07
 2.50055e-07
 2.26429e-07
 2.06005e-07
 1.88230e-07
 1.72664e-07
 1.58954e-07
 1.46817e-07
 1.36020e-07
 1.73151e-06
 1.33856e-06
 1.06724e-06
 8.71575e-07
 7.25601e-07
 6.13694e-07
 5.25957e-07
 4.55865e-07
 3.98962e-07
 3.52124e-07
 3.13101e-07
 2.80241e-07
 2.52308e-07
 2.28362e-07
 2.07676e-07
 1.89685e-07
 1.73937e-07
 1.60076e-07
 1.47810e-07
 1.36903e-07
 1.70476e-06
 1.32439e-06
 1.05950e-06
 8.67317e-07
 7.23314e-07
 6.12555e-07
 5.25499e-07
 4.55813e-07
 3.99152e-07
 3.52453e-07
 3.13507e-07
 2.80685e-07
 2.52765e-07
 2.28816e-07
 2.08119e-07
 1.90111e-07
 1.74343e-07
 1.60460e-07
 1.48172e-07
 1.37244e-07
 1.61222e-06
 1.26882e-06
 1.02437e-06
 8.44218e-07
 7.07637e-07
 6.01638e-07
 5.17735e-07
 4.50193e-07
 3.95023e-07
 3.49384e-07
 3.11202e-07
 2.78939e-07
 2.51434e-07
 2.27798e-07
 2.07337e-07
 1.89509e-07
 1.73881e-07
 1.60106e-07
 1.47903e-07
 1.37041e-07
 1.47151e-06
 1.18062e-06
 9.66576e-07
 8.04956e-07
 6.80164e-07
 5.81930e-07
 5.03295e-07
 4.39418e-07
 3.86856e-07
 3.43107e-07
 3.06318e-07
 2.75099e-07
 2.48385e-07
 2.25356e-07
 2.05367e-07
 1.87908e-07
 1.72573e-07
 1.59031e-07
 1.47015e-07
 1.36304e-07
 1.30505e-06
 1.07176e-06
 8.92847e-07
 7.53511e-07
 6.43339e-07
 5.54984e-07
 4.83196e-07
 4.24172e-07
 3.75119e-07
 3.33950e-07
 2.99091e-07
 2.69333e-07
 2.43742e-07
 2.21584e-07
 2.02278e-07
 1.85361e-07
 1.70459e-07
 1.57266e-07
 1.45532e-07
 1.35054e-07
 1.13311e-06
 9.54141e-07
 8.10375e-07
 6.94349e-07
 6.00018e-07
 5.22672e-07
 4.58695e-07
 4.05317e-07
 3.60414e-07
 3.22344e-07
 2.89830e-07
 2.61870e-07
 2.37674e-07
 2.16609e-07
 1.98169e-07
 1.81943e-07
 1.67597e-07
 1.54856e-07
 1.43492e-07
 1.33318e-07
 9.69935e-07
 8.37357e-07
 7.25499e-07
 6.31680e-07
 5.53030e-07
 4.86927e-07
 4.31132e-07
 3.83798e-07
 3.43419e-07
 3.08779e-07
 2.78897e-07
 2.52980e-07
 2.30384e-07
 2.10586e-07
 1.93158e-07
 1.77746e-07
 1.64061e-07
 1.51860e-07
 1.40940e-07
 1.31133e-07
 8.23382e-07
 7.27808e-07
 6.43007e-07
 5.68971e-07
 5.04860e-07
 4.49530e-07
 4.01794e-07
 3.60550e-07
 3.24820e-07
 2.93765e-07
 2.66675e-07
 2.42951e-07
 2.22094e-07
 2.03686e-07
 1.87378e-07
 1.72875e-07
 1.59933e-07
 1.48342e-07
 1.37928e-07
 1.28542e-07
 6.96375e-07
 6.28965e-07
 5.66011e-07
 5.08747e-07
 4.57472e-07
 4.11978e-07
 3.71814e-07
 3.36430e-07
 3.05267e-07
 2.77798e-07
 2.53543e-07
 2.32077e-07
 2.13032e-07
 1.96088e-07
 1.80970e-07
 1.67442e-07
 1.55301e-07
 1.44375e-07
 1.34515e-07
 1.25592e-07
 5.88744e-07
 5.42096e-07
 4.96177e-07
 4.52621e-07
 4.12262e-07
 3.75423e-07
 3.42113e-07
 3.12168e-07
 2.85336e-07
 2.61329e-07
 2.39857e-07
 2.20639e-07
 2.03421e-07
 1.87968e-07
 1.74075e-07
 1.61559e-07
 1.50259e-07
 1.40034e-07
 1.30761e-07
 1.22334e-07
