scalar
part
         1
quad4
 5.45565e-07
 5.03630e-07
 4.61983e-07
 4.22239e-07
 3.85251e-07
 3.51371e-07
 3.20650e-07
 2.92966e-07
 2.68108e-07
 2.45826e-07
 2.25862e-07
 2.07968e-07
 1.91912e-07
 1.77485e-07
 1.64498e-07
 1.52784e-07
 1.42197e-07
 1.32608e-07
 1.23905e-07
 1.15987e-07
 6.47683e-07
 5.86272e-07
 5.28598e-07
 4.75925e-07
 4.28616e-07
 3.86537e-07
 3.49306e-07
 3.16445e-07
 2.87455e-07
 2.61860e-07
 2.39229e-07
 2.19173e-07
 2.01358e-07
 1.85489e-07
 1.71315e-07
 1.58618e-07
 1.47214e-07
 1.36941e-07
 1.27662e-07
 1.19259e-07
 7.68565e-07
 6.80595e-07
 6.02276e-07
 5.33724e-07
 4.74237e-07
 4.22803e-07
 3.78356e-07
 3.39895e-07
 3.06529e-07
 2.77491e-07
 2.52128e-07
 2.29892e-07
 2.10321e-07
 1.93031e-07
 1.77698e-07
 1.64050e-07
 1.51860e-07
 1.40935e-07
 1.31111e-07
 1.22250e-07
 9.08477e-07
 7.85464e-07
 6.81484e-07
 5.94137e-07
 5.20808e-07
 4.59093e-07
 4.06934e-07
 3.62629e-07
 3.24788e-07
 2.92289e-07
 2.64224e-07
 2.39857e-07
 2.18592e-07
 1.99943e-07
 1.83511e-07
 1.68970e-07
 1.56047e-07
 1.44517e-07
 1.34191e-07
 1.24911e-07
 1.06472e-06
 8.97636e-07
 7.63305e-07
 6.54794e-07
 5.66483e-07
 4.93995e-07
 4.33970e-07
 3.83836e-07
 3.41616e-07
 3.05785e-07
 2.75153e-07
 2.48787e-07
 2.25950e-07
 2.06052e-07
 1.88620e-07
 1.73269e-07
 1.59688e-07
 1.47617e-07
 1.36846e-07
 1.27195e-07
 1.22984e-06
 1.01105e-06
 8.43217e-07
 7.12420e-07
 6.08912e-07
 5.25821e-07
 4.58242e-07
 4.02625e-07
 3.56356e-07
 3.17488e-07
 2.84547e-07
 2.56404e-07
 2.32181e-07
 2.11192e-07
 1.92893e-07
 1.76846e-07
 1.62701e-07
 1.50172e-07
 1.39023e-07
 1.29061e-07
 1.39026e-06
 1.11663e-06
 9.15220e-07
 7.63028e-07
 6.45410e-07
 5.52733e-07
 4.78472e-07
 4.18090e-07
 3.68357e-07
 3.26926e-07
 2.92058e-07
 2.62445e-07
 2.37088e-07
 2.15213e-07
 1.96214e-07
 1.79610e-07
 1.65017e-07
 1.52124e-07
 1.40678e-07
 1.30471e-07
 1.52677e-06
 1.20310e-06
 9.72505e-07
 8.02377e-07
 6.73257e-07
 5.72939e-07
 4.93450e-07
 4.29399e-07
 3.77035e-07
 3.33679e-07
 2.97380e-07
 2.66686e-07
 2.40502e-07
 2.17986e-07
 1.98485e-07
 1.81484e-07
 1.66574e-07
 1.53426e-07
 1.41773e-07
 1.31397e-07
 1.61831e-06
 1.25919e-06
 1.00869e-06
 8.26675e-07
 6.90106e-07
 5.84937e-07
 5.02186e-07
 4.35882e-07
 3.81925e-07
 3.37420e-07
 3.00278e-07
 2.68956e-07
 2.42297e-07
 2.19417e-07
 1.99635e-07
 1.82414e-07
 1.67331e-07
 1.54045e-07
 1.42281e-07
 1.31816e-07
 1.64859e-06
 1.27668e-06
 1.01929e-06
 8.33333e-07
 6.94394e-07
 5.87746e-07
 5.04045e-07
 4.37116e-07
 3.82739e-07
 3.37949e-07
 3.00610e-07
 2.69151e-07
 2.42397e-07
 2.19451e-07
 1.99622e-07
 1.82368e-07
 1.67263e-07
 1.53962e-07
 1.42189e-07
 1.31718e-07
 1.61216e-06
 1.25284e-06
 1.00286e-06
 8.21535e-07
 6.85638e-07
 5.81071e-07
 4.98841e-07
 4.32981e-07
 3.79399e-07
 3.35213e-07
 2.98340e-07
 2.67247e-07
 2.40784e-07
 2.18073e-07
 1.98436e-07
 1.81340e-07
 1.66365e-07
 1.53174e-07
 1.41494e-07
 1.31102e-07
 1.51601e-06
 1.19122e-06
 9.61322e-07
 7.92395e-07
 6.64522e-07
 5.65349e-07
 4.86864e-07
 4.23674e-07
 3.72043e-07
 3.29311e-07
 2.93541e-07
 2.63300e-07
 2.37502e-07
 2.15318e-07
 1.96103e-07
 1.79349e-07
 1.64654e-07
 1.51694e-07
 1.40205e-07
 1.29974e-07
 1.37623e-06
 1.10020e-06
 8.99368e-07
 7.48685e-07
 6.32755e-07
 5.41675e-07
 4.68836e-07
 4.09689e-07
 3.61014e-07
 3.20487e-07
 2.86391e-07
 2.57438e-07
 2.32647e-07
 2.11259e-07
 1.92680e-07
 1.76441e-07
 1.62165e-07
 1.49549e-07
 1.38347e-07
 1.28354e-07
 1.21243e-06
 9.90634e-07
 8.23312e-07
 6.94241e-07
 5.92754e-07
 5.11621e-07
 4.45813e-07
 3.91747e-07
 3.46820e-07
 3.09105e-07
 2.77154e-07
 2.49859e-07
 2.26367e-07
 2.06008e-07
 1.88254e-07
 1.72682e-07
 1.58950e-07
 1.46783e-07
 1.35951e-07
 1.26269e-07
 1.04285e-06
 8.73333e-07
 7.39786e-07
 6.33259e-07
 5.47252e-07
 4.77013e-07
 4.19041e-07
 3.70721e-07
 3.30080e-07
 2.95614e-07
 2.66159e-07
 2.40808e-07
 2.18847e-07
 1.99708e-07
 1.82935e-07
 1.68158e-07
 1.55078e-07
 1.43448e-07
 1.33063e-07
 1.23754e-07
 8.81184e-07
 7.57250e-07
 6.54685e-07
 5.69679e-07
 4.98924e-07
 4.39700e-07
 3.89818e-07
 3.47535e-07
 3.11465e-07
 2.80506e-07
 2.53774e-07
 2.30563e-07
 2.10300e-07
 1.92522e-07
 1.76849e-07
 1.62970e-07
 1.50628e-07
 1.39608e-07
 1.29732e-07
 1.20850e-07
 7.35721e-07
 6.48645e-07
 5.72555e-07
 5.06760e-07
 4.50109e-07
 4.01367e-07
 3.59371e-07
 3.23092e-07
 2.91644e-07
 2.64282e-07
 2.40380e-07
 2.19414e-07
 2.00950e-07
 1.84625e-07
 1.70136e-07
 1.57228e-07
 1.45688e-07
 1.35335e-07
 1.26018e-07
 1.17606e-07
 6.09984e-07
 5.51073e-07
 4.96410e-07
 4.46892e-07
 4.02649e-07
 3.63419e-07
 3.28767e-07
 2.98202e-07
 2.71238e-07
 2.47421e-07
 2.26344e-07
 2.07649e-07
 1.91023e-07
 1.76196e-07
 1.62936e-07
 1.51044e-07
 1.40349e-07
 1.30702e-07
 1.21979e-07
 1.14069e-07
 5.04199e-07
 4.65917e-07
 4.27879e-07
 3.91601e-07
 3.57848e-07
 3.26925e-07
 2.98865e-07
 2.73550e-07
 2.50786e-07
 2.30349e-07
 2.12007e-07
 1.95537e-07
 1.80733e-07
 1.67406e-07
 1.55389e-07
 1.44532e-07
 1.34703e-07
 1.25785e-07
 1.17679e-07
 1.10293e-07
 4.16727e-07
 3.93075e-07
 3.67527e-07
 3.41675e-07
 3.16514e-07
 2.92623e-07
 2.70302e-07
 2.49670e-07
 2.30732e-07
 2.13430e-07
 1.97664e-07
 1.83320e-07
 1.70278e-07
 1.58418e-07
 1.47627e-07
 1.37800e-07
 1.28839e-07
 1.20658e-07
 1.13178e-07
 1.06328e-07
