scalar
part
         1
quad4
 3.62036e-07
 3.48132e-07
 3.30744e-07
 3.11631e-07
 2.91989e-07
 2.72597e-07
 2.53935e-07
 2.36278e-07
 2.19762e-07
 2.04435e-07
 1.90284e-07
 1.77265e-07
 1.65313e-07
 1.54353e-07
 1.44307e-07
 1.35098e-07
 1.26653e-07
 1.18902e-07
 1.11782e-07
 1.05234e-07
 4.46737e-07
 4.19999e-07
 3.91284e-07
 3.62454e-07
 3.34620e-07
 3.08391e-07
 2.84056e-07
 2.61702e-07
 2.41300e-07
 2.22752e-07
 2.05928e-07
 1.90683e-07
 1.76870e-07
 1.64350e-07
 1.52990e-07
 1.42671e-07
 1.33283e-07
 1.24729e-07
 1.16922e-07
 1.09784e-07
 5.51021e-07
 5.05529e-07
 4.61256e-07
 4.19734e-07
 3.81632e-07
 3.47127e-07
 3.16123e-07
 2.88387e-07
 2.63627e-07
 2.41537e-07
 2.21819e-07
 2.04199e-07
 1.88427e-07
 1.74282e-07
 1.61568e-07
 1.50113e-07
 1.39770e-07
 1.30408e-07
 1.21913e-07
 1.14188e-07
 6.77506e-07
 6.05537e-07
 5.40587e-07
 4.83001e-07
 4.32421e-07
 3.88192e-07
 3.49574e-07
 3.15840e-07
 2.86324e-07
 2.60436e-07
 2.37664e-07
 2.17571e-07
 1.99783e-07
 1.83983e-07
 1.69902e-07
 1.57312e-07
 1.46019e-07
 1.35858e-07
 1.26689e-07
 1.18390e-07
 8.27350e-07
 7.19529e-07
 6.28186e-07
 5.51049e-07
 4.85860e-07
 4.30611e-07
 3.83595e-07
 3.43396e-07
 3.08851e-07
 2.79015e-07
 2.53114e-07
 2.30518e-07
 2.10711e-07
 1.93270e-07
 1.77844e-07
 1.64144e-07
 1.51929e-07
 1.40998e-07
 1.31180e-07
 1.22333e-07
 9.98773e-07
 8.44911e-07
 7.21542e-07
 6.21731e-07
 5.40215e-07
 4.73016e-07
 4.17119e-07
 3.70225e-07
 3.30566e-07
 2.96773e-07
 2.67776e-07
 2.42731e-07
 2.20967e-07
 2.01947e-07
 1.85237e-07
 1.70484e-07
 1.57399e-07
 1.45743e-07
 1.35318e-07
 1.25960e-07
 1.18532e-06
 9.76217e-07
 8.16411e-07
 6.91865e-07
 5.93127e-07
 5.13664e-07
 4.48855e-07
 3.95365e-07
 3.50744e-07
 3.13162e-07
 2.81231e-07
 2.53885e-07
 2.30298e-07
 2.09817e-07
 1.91925e-07
 1.76207e-07
 1.62327e-07
 1.50013e-07
 1.39038e-07
 1.29217e-07
 1.37439e-06
 1.10469e-06
 9.06779e-07
 7.57313e-07
 6.41725e-07
 5.50538e-07
 4.77366e-07
 4.17780e-07
 3.68627e-07
 3.27618e-07
 2.93055e-07
 2.63661e-07
 2.38458e-07
 2.16687e-07
 1.97756e-07
 1.81193e-07
 1.66620e-07
 1.53731e-07
 1.42277e-07
 1.32053e-07
 1.54702e-06
 1.21863e-06
 9.85288e-07
 8.13334e-07
 6.82879e-07
 5.81524e-07
 5.01194e-07
 4.36441e-07
 3.83479e-07
 3.39605e-07
 3.02853e-07
 2.71760e-07
 2.45219e-07
 2.22385e-07
 2.02597e-07
 1.85337e-07
 1.70191e-07
 1.56829e-07
 1.44980e-07
 1.34425e-07
 1.67997e-06
 1.30498e-06
 1.04425e-06
 8.55213e-07
 7.13594e-07
 6.04658e-07
 5.19015e-07
 4.50436e-07
 3.94653e-07
 3.48659e-07
 3.10283e-07
 2.77927e-07
 2.50391e-07
 2.26762e-07
 2.06332e-07
 1.88548e-07
 1.72972e-07
 1.59251e-07
 1.47102e-07
 1.36294e-07
 1.75114e-06
 1.35219e-06
 1.07719e-06
 8.79115e-07
 7.31492e-07
 6.18410e-07
 5.29810e-07
 4.59067e-07
 4.01662e-07
 3.54429e-07
 3.15090e-07
 2.81973e-07
 2.53830e-07
 2.29709e-07
 2.08877e-07
 1.90761e-07
 1.74907e-07
 1.60954e-07
 1.48609e-07
 1.37633e-07
 1.74762e-06
 1.35369e-06
 1.08048e-06
 8.82905e-07
 7.35250e-07
 6.21924e-07
 5.33008e-07
 4.61939e-07
 4.04226e-07
 3.56712e-07
 3.17123e-07
 2.83787e-07
 2.55450e-07
 2.31159e-07
 2.10179e-07
 1.91933e-07
 1.75966e-07
 1.61912e-07
 1.49478e-07
 1.38424e-07
 1.67171e-06
 1.31028e-06
 1.05440e-06
 8.66660e-07
 7.24867e-07
 6.15168e-07
 5.28567e-07
 4.59010e-07
 4.02306e-07
 3.55475e-07
 3.16354e-07
 2.83341e-07
 2.55229e-07
 2.31095e-07
 2.10224e-07
 1.92052e-07
 1.76135e-07
 1.62115e-07
 1.49703e-07
 1.38661e-07
 1.54006e-06
 1.22991e-06
 1.00305e-06
 8.32641e-07
 7.01646e-07
 5.98926e-07
 5.16972e-07
 4.50591e-07
 3.96104e-07
 3.50852e-07
 3.12874e-07
 2.80700e-07
 2.53212e-07
 2.29547e-07
 2.09032e-07
 1.91134e-07
 1.75428e-07
 1.61572e-07
 1.49287e-07
 1.38346e-07
 1.37624e-06
 1.12481e-06
 9.33154e-07
 7.84711e-07
 6.67911e-07
 5.74645e-07
 4.99155e-07
 4.37295e-07
 3.86037e-07
 3.43131e-07
 3.06884e-07
 2.76007e-07
 2.49502e-07
 2.26592e-07
 2.06661e-07
 1.89220e-07
 1.73875e-07
 1.60306e-07
 1.48251e-07
 1.37495e-07
 1.20251e-06
 1.00774e-06
 8.52242e-07
 7.27466e-07
 6.26548e-07
 5.44188e-07
 4.76347e-07
 4.19958e-07
 3.72680e-07
 3.32715e-07
 2.98674e-07
 2.69472e-07
 2.44254e-07
 2.22343e-07
 2.03197e-07
 1.86377e-07
 1.71527e-07
 1.58357e-07
 1.46625e-07
 1.36132e-07
 1.03502e-06
 8.89315e-07
 7.67196e-07
 6.65394e-07
 5.80524e-07
 5.09550e-07
 4.49916e-07
 3.99530e-07
 3.56705e-07
 3.20089e-07
 2.88596e-07
 2.61354e-07
 2.37662e-07
 2.16949e-07
 1.98752e-07
 1.82691e-07
 1.68453e-07
 1.55778e-07
 1.44451e-07
 1.34291e-07
 8.83020e-07
 7.76838e-07
 6.83352e-07
 6.02286e-07
 5.32513e-07
 4.72623e-07
 4.21208e-07
 3.76979e-07
 3.38818e-07
 3.05769e-07
 2.77033e-07
 2.51944e-07
 2.29945e-07
 2.10577e-07
 1.93457e-07
 1.78263e-07
 1.64730e-07
 1.52631e-07
 1.41778e-07
 1.32011e-07
 7.50290e-07
 6.74438e-07
 6.04282e-07
 5.40975e-07
 4.84677e-07
 4.35030e-07
 3.91433e-07
 3.53212e-07
 3.19696e-07
 2.90269e-07
 2.64377e-07
 2.41538e-07
 2.21333e-07
 2.03406e-07
 1.87450e-07
 1.73204e-07
 1.60447e-07
 1.48988e-07
 1.38664e-07
 1.29338e-07
 6.37142e-07
 5.83819e-07
 5.31998e-07
 4.83328e-07
 4.38595e-07
 3.98045e-07
 3.61602e-07
 3.29014e-07
 2.99954e-07
 2.74065e-07
 2.50998e-07
 2.30427e-07
 2.12055e-07
 1.95616e-07
 1.80875e-07
 1.67628e-07
 1.55695e-07
 1.44921e-07
 1.35169e-07
 1.26321e-07
