scalar
part
         1
quad4
 3.36548e-07
 3.25877e-07
 3.11427e-07
 2.94914e-07
 2.77532e-07
 2.60083e-07
 2.43080e-07
 2.26834e-07
 2.11518e-07
 1.97211e-07
 1.83930e-07
 1.71653e-07
 1.60336e-07
 1.49922e-07
 1.40347e-07
 1.31546e-07
 1.23455e-07
 1.16013e-07
 1.09164e-07
 1.02854e-07
 4.17769e-07
 3.95256e-07
 3.70235e-07
 3.44564e-07
 3.19394e-07
 2.95394e-07
 2.72918e-07
 2.52115e-07
 2.33007e-07
 2.15543e-07
 1.99629e-07
 1.85153e-07
 1.71991e-07
 1.60025e-07
 1.49140e-07
 1.39229e-07
 1.30194e-07
 1.21946e-07
 1.14405e-07
 1.07500e-07
 5.18214e-07
 4.78225e-07
 4.38556e-07
 4.00821e-07
 3.65809e-07
 3.33817e-07
 3.04859e-07
 2.78793e-07
 2.55403e-07
 2.34442e-07
 2.15661e-07
 1.98822e-07
 1.83706e-07
 1.70114e-07
 1.57870e-07
 1.46818e-07
 1.36820e-07
 1.27755e-07
 1.19519e-07
 1.12019e-07
 6.40693e-07
 5.75806e-07
 5.16494e-07
 4.63355e-07
 4.16276e-07
 3.74813e-07
 3.38391e-07
 3.06413e-07
 2.78311e-07
 2.53573e-07
 2.31743e-07
 2.12427e-07
 1.95285e-07
 1.80026e-07
 1.66402e-07
 1.54199e-07
 1.43238e-07
 1.33362e-07
 1.24439e-07
 1.16354e-07
 7.86778e-07
 6.87856e-07
 6.03218e-07
 5.31138e-07
 4.69790e-07
 4.17486e-07
 3.72752e-07
 3.34341e-07
 3.01215e-07
 2.72515e-07
 2.47534e-07
 2.25690e-07
 2.06503e-07
 1.89578e-07
 1.74586e-07
 1.61252e-07
 1.49348e-07
 1.38684e-07
 1.29096e-07
 1.20448e-07
 9.55448e-07
 8.12301e-07
 6.96552e-07
 6.02233e-07
 5.24742e-07
 4.60543e-07
 4.06920e-07
 3.61776e-07
 3.23484e-07
 2.90774e-07
 2.62645e-07
 2.38304e-07
 2.17118e-07
 1.98576e-07
 1.82265e-07
 1.67848e-07
 1.55048e-07
 1.43636e-07
 1.33420e-07
 1.24243e-07
 1.14140e-06
 9.44338e-07
 7.92618e-07
 6.73657e-07
 5.78881e-07
 5.02299e-07
 4.39633e-07
 3.87768e-07
 3.44402e-07
 3.07804e-07
 2.76657e-07
 2.49945e-07
 2.26873e-07
 2.06818e-07
 1.89280e-07
 1.73860e-07
 1.60234e-07
 1.48135e-07
 1.37345e-07
 1.27684e-07
 1.33343e-06
 1.07586e-06
 8.85706e-07
 7.41407e-07
 6.29393e-07
 5.40757e-07
 4.69457e-07
 4.11276e-07
 3.63202e-07
 3.23034e-07
 2.89139e-07
 2.60282e-07
 2.35517e-07
 2.14108e-07
 1.95478e-07
 1.79167e-07
 1.64808e-07
 1.52102e-07
 1.40805e-07
 1.30718e-07
 1.51365e-06
 1.19554e-06
 9.68552e-07
 8.00743e-07
 6.73117e-07
 5.73766e-07
 4.94900e-07
 4.31245e-07
 3.79124e-07
 3.35909e-07
 2.99680e-07
 2.69008e-07
 2.42813e-07
 2.20264e-07
 2.00714e-07
 1.83655e-07
 1.68681e-07
 1.55465e-07
 1.43743e-07
 1.33298e-07
 1.65873e-06
 1.29006e-06
 1.03323e-06
 8.46770e-07
 7.06928e-07
 5.99268e-07
 5.14571e-07
 4.46711e-07
 3.91487e-07
 3.45936e-07
 3.07917e-07
 2.75852e-07
 2.48557e-07
 2.25129e-07
 2.04870e-07
 1.87231e-07
 1.71778e-07
 1.58165e-07
 1.46111e-07
 1.35385e-07
 1.74474e-06
 1.34683e-06
 1.07268e-06
 8.75289e-07
 7.28218e-07
 6.15584e-07
 5.27349e-07
 4.56907e-07
 3.99752e-07
 3.52729e-07
 3.13568e-07
 2.80603e-07
 2.52590e-07
 2.28582e-07
 2.07848e-07
 1.89818e-07
 1.74041e-07
 1.60155e-07
 1.47869e-07
 1.36947e-07
 1.75574e-06
 1.35778e-06
 1.08245e-06
 8.83703e-07
 7.35386e-07
 6.21680e-07
 5.32548e-07
 4.61359e-07
 4.03585e-07
 3.56047e-07
 3.16455e-07
 2.83130e-07
 2.54812e-07
 2.30545e-07
 2.09590e-07
 1.91370e-07
 1.75429e-07
 1.61402e-07
 1.48993e-07
 1.37963e-07
 1.69132e-06
 1.32234e-06
 1.06206e-06
 8.71643e-07
 7.28153e-07
 6.17348e-07
 5.30007e-07
 4.59946e-07
 4.02892e-07
 3.55816e-07
 3.16521e-07
 2.83384e-07
 2.55183e-07
 2.30986e-07
 2.10069e-07
 1.91866e-07
 1.75927e-07
 1.61893e-07
 1.49471e-07
 1.38424e-07
 1.56688e-06
 1.24766e-06
 1.01513e-06
 8.41046e-07
 7.07614e-07
 6.03231e-07
 5.20117e-07
 4.52911e-07
 3.97827e-07
 3.52135e-07
 3.13830e-07
 2.81409e-07
 2.53733e-07
 2.29924e-07
 2.09298e-07
 1.91313e-07
 1.75539e-07
 1.61630e-07
 1.49304e-07
 1.38330e-07
 1.40633e-06
 1.14587e-06
 9.48186e-07
 7.95631e-07
 6.75976e-07
 5.80689e-07
 5.03743e-07
 4.40818e-07
 3.88767e-07
 3.45263e-07
 3.08561e-07
 2.77332e-07
 2.50553e-07
 2.27427e-07
 2.07325e-07
 1.89747e-07
 1.74292e-07
 1.60634e-07
 1.48507e-07
 1.37692e-07
 1.23298e-06
 1.03016e-06
 8.68913e-07
 7.40010e-07
 6.36103e-07
 5.51551e-07
 4.82085e-07
 4.24473e-07
 3.76265e-07
 3.35586e-07
 3.00989e-07
 2.71350e-07
 2.45786e-07
 2.23599e-07
 2.04230e-07
 1.87230e-07
 1.72233e-07
 1.58941e-07
 1.47109e-07
 1.36534e-07
 1.06415e-06
 9.11693e-07
 7.84455e-07
 6.78794e-07
 5.91011e-07
 5.17828e-07
 4.56506e-07
 4.04819e-07
 3.60984e-07
 3.23575e-07
 2.91455e-07
 2.63714e-07
 2.39621e-07
 2.18583e-07
 2.00121e-07
 1.83842e-07
 1.69424e-07
 1.56600e-07
 1.45149e-07
 1.34884e-07
 9.09952e-07
 7.98307e-07
 7.00454e-07
 6.15942e-07
 5.43466e-07
 4.81458e-07
 4.28377e-07
 3.82834e-07
 3.43629e-07
 3.09748e-07
 2.80342e-07
 2.54711e-07
 2.32271e-07
 2.12542e-07
 1.95123e-07
 1.79683e-07
 1.65943e-07
 1.53672e-07
 1.42674e-07
 1.32783e-07
 7.74722e-07
 6.94533e-07
 6.20747e-07
 5.54456e-07
 4.95733e-07
 4.44124e-07
 3.98945e-07
 3.59444e-07
 3.24892e-07
 2.94622e-07
 2.68041e-07
 2.44637e-07
 2.23966e-07
 2.05653e-07
 1.89375e-07
 1.74860e-07
 1.61876e-07
 1.50225e-07
 1.39739e-07
 1.30274e-07
 6.59086e-07
 6.02349e-07
 5.47554e-07
 4.96349e-07
 4.49490e-07
 4.07170e-07
 3.69260e-07
 3.35462e-07
 3.05400e-07
 2.78683e-07
 2.54929e-07
 2.33787e-07
 2.14937e-07
 1.98097e-07
 1.83020e-07
 1.69488e-07
 1.57313e-07
 1.46333e-07
 1.36405e-07
 1.27406e-07
