scalar
part
         1
quad4
 3.50959e-07
 3.37728e-07
 3.21136e-07
 3.02856e-07
 2.84029e-07
 2.65402e-07
 2.47442e-07
 2.30418e-07
 2.14468e-07
 1.99644e-07
 1.85939e-07
 1.73314e-07
 1.61711e-07
 1.51060e-07
 1.41288e-07
 1.32323e-07
 1.24096e-07
 1.16540e-07
 1.09594e-07
 1.03202e-07
 4.32994e-07
 4.07432e-07
 3.79953e-07
 3.52321e-07
 3.25594e-07
 3.00361e-07
 2.76906e-07
 2.55324e-07
 2.35595e-07
 2.17634e-07
 2.01320e-07
 1.86519e-07
 1.73095e-07
 1.60915e-07
 1.49855e-07
 1.39800e-07
 1.30646e-07
 1.22300e-07
 1.14677e-07
 1.07705e-07
 5.33943e-07
 4.90389e-07
 4.47966e-07
 4.08115e-07
 3.71480e-07
 3.38240e-07
 3.08319e-07
 2.81505e-07
 2.57531e-07
 2.36112e-07
 2.16969e-07
 1.99843e-07
 1.84498e-07
 1.70722e-07
 1.58331e-07
 1.47159e-07
 1.37064e-07
 1.27921e-07
 1.19620e-07
 1.12068e-07
 6.56361e-07
 5.87434e-07
 5.25152e-07
 4.69828e-07
 4.21135e-07
 3.78471e-07
 3.41149e-07
 3.08492e-07
 2.79873e-07
 2.54739e-07
 2.32603e-07
 2.13050e-07
 1.95723e-07
 1.80319e-07
 1.66581e-07
 1.54289e-07
 1.43257e-07
 1.33325e-07
 1.24358e-07
 1.16238e-07
 8.01456e-07
 6.98193e-07
 6.10540e-07
 5.36348e-07
 4.73506e-07
 4.20132e-07
 3.74624e-07
 3.35648e-07
 3.02106e-07
 2.73096e-07
 2.47884e-07
 2.25867e-07
 2.06551e-07
 1.89527e-07
 1.74461e-07
 1.61072e-07
 1.49127e-07
 1.38432e-07
 1.28823e-07
 1.20160e-07
 9.67745e-07
 8.20338e-07
 7.01822e-07
 6.05675e-07
 5.26957e-07
 4.61922e-07
 4.07722e-07
 3.62177e-07
 3.23605e-07
 2.90698e-07
 2.62431e-07
 2.37994e-07
 2.16741e-07
 1.98155e-07
 1.81816e-07
 1.67382e-07
 1.54574e-07
 1.43160e-07
 1.32947e-07
 1.23776e-07
 1.14945e-06
 9.48863e-07
 7.95046e-07
 6.74809e-07
 5.79245e-07
 5.02171e-07
 4.39198e-07
 3.87145e-07
 3.43667e-07
 3.07008e-07
 2.75831e-07
 2.49111e-07
 2.26046e-07
 2.06007e-07
 1.88492e-07
 1.73097e-07
 1.59498e-07
 1.47427e-07
 1.36665e-07
 1.27032e-07
 1.33508e-06
 1.07562e-06
 8.84538e-07
 7.39802e-07
 6.27606e-07
 5.38926e-07
 4.67654e-07
 4.09539e-07
 3.61549e-07
 3.21472e-07
 2.87670e-07
 2.58903e-07
 2.34223e-07
 2.12895e-07
 1.94340e-07
 1.78099e-07
 1.63804e-07
 1.51158e-07
 1.39916e-07
 1.29880e-07
 1.50699e-06
 1.18953e-06
 9.63230e-07
 7.96056e-07
 6.68985e-07
 5.70111e-07
 4.91651e-07
 4.28343e-07
 3.76520e-07
 3.33560e-07
 2.97552e-07
 2.67073e-07
 2.41045e-07
 2.18644e-07
 1.99224e-07
 1.82280e-07
 1.67409e-07
 1.54285e-07
 1.42645e-07
 1.32273e-07
 1.64283e-06
 1.27785e-06
 1.02356e-06
 8.38904e-07
 7.00403e-07
 5.93767e-07
 5.09867e-07
 4.42642e-07
 3.87932e-07
 3.42803e-07
 3.05134e-07
 2.73364e-07
 2.46320e-07
 2.23106e-07
 2.03031e-07
 1.85552e-07
 1.70240e-07
 1.56751e-07
 1.44805e-07
 1.34176e-07
 1.72022e-06
 1.32882e-06
 1.05890e-06
 8.64418e-07
 7.19423e-07
 6.08324e-07
 5.21256e-07
 4.51721e-07
 3.95286e-07
 3.48842e-07
 3.10155e-07
 2.77583e-07
 2.49899e-07
 2.26168e-07
 2.05672e-07
 1.87845e-07
 1.72244e-07
 1.58512e-07
 1.46361e-07
 1.35558e-07
 1.72470e-06
 1.33512e-06
 1.06525e-06
 8.70252e-07
 7.24600e-07
 6.12853e-07
 5.25200e-07
 4.55154e-07
 3.98280e-07
 3.51461e-07
 3.12455e-07
 2.79610e-07
 2.51692e-07
 2.27762e-07
 2.07093e-07
 1.89117e-07
 1.73386e-07
 1.59541e-07
 1.47292e-07
 1.36402e-07
 1.65655e-06
 1.29661e-06
 1.04240e-06
 8.56215e-07
 7.15774e-07
 6.07227e-07
 5.21597e-07
 4.52860e-07
 3.96850e-07
 3.50609e-07
 3.11991e-07
 2.79411e-07
 2.51672e-07
 2.27863e-07
 2.07274e-07
 1.89351e-07
 1.73653e-07
 1.59827e-07
 1.47587e-07
 1.36699e-07
 1.53102e-06
 1.22048e-06
 9.94026e-07
 8.24316e-07
 6.94099e-07
 5.92133e-07
 5.10871e-07
 4.45110e-07
 3.91170e-07
 3.46399e-07
 3.08842e-07
 2.77038e-07
 2.49875e-07
 2.26496e-07
 2.06234e-07
 1.88560e-07
 1.73054e-07
 1.59376e-07
 1.47250e-07
 1.36453e-07
 1.37132e-06
 1.11860e-06
 9.26583e-07
 7.78249e-07
 6.61783e-07
 5.68942e-07
 4.93900e-07
 4.32479e-07
 3.81630e-07
 3.39100e-07
 3.03195e-07
 2.72625e-07
 2.46396e-07
 2.23733e-07
 2.04024e-07
 1.86783e-07
 1.71617e-07
 1.58209e-07
 1.46300e-07
 1.35676e-07
 1.20006e-06
 1.00377e-06
 8.47553e-07
 7.22533e-07
 6.21645e-07
 5.39463e-07
 4.71877e-07
 4.15772e-07
 3.68784e-07
 3.29101e-07
 2.95327e-07
 2.66373e-07
 2.41384e-07
 2.19683e-07
 2.00728e-07
 1.84082e-07
 1.69391e-07
 1.56364e-07
 1.44764e-07
 1.34391e-07
 1.03391e-06
 8.86802e-07
 7.63868e-07
 6.61653e-07
 5.76631e-07
 5.05669e-07
 4.46144e-07
 3.95922e-07
 3.53288e-07
 3.16873e-07
 2.85581e-07
 2.58534e-07
 2.35027e-07
 2.14488e-07
 1.96452e-07
 1.80541e-07
 1.66440e-07
 1.53893e-07
 1.42683e-07
 1.32631e-07
 8.82575e-07
 7.75229e-07
 6.80973e-07
 5.99444e-07
 5.29427e-07
 4.69446e-07
 4.18040e-07
 3.73885e-07
 3.35837e-07
 3.02923e-07
 2.74332e-07
 2.49390e-07
 2.27537e-07
 2.08310e-07
 1.91324e-07
 1.76257e-07
 1.62843e-07
 1.50855e-07
 1.40106e-07
 1.30434e-07
 7.50151e-07
 6.73375e-07
 6.02552e-07
 5.38795e-07
 4.82221e-07
 4.32427e-07
 3.88776e-07
 3.50566e-07
 3.17105e-07
 2.87759e-07
 2.61967e-07
 2.39235e-07
 2.19142e-07
 2.01327e-07
 1.85480e-07
 1.71340e-07
 1.58683e-07
 1.47320e-07
 1.37087e-07
 1.27845e-07
 6.37126e-07
 5.83085e-07
 5.30708e-07
 4.81633e-07
 4.36625e-07
 3.95904e-07
 3.59370e-07
 3.26752e-07
 2.97704e-07
 2.71857e-07
 2.48853e-07
 2.28357e-07
 2.10068e-07
 1.93715e-07
 1.79062e-07
 1.65901e-07
 1.54053e-07
 1.43360e-07
 1.33686e-07
 1.24912e-07
