scalar
part
         1
quad4
 3.48104e-07
 3.35388e-07
 3.19230e-07
 3.01310e-07
 2.82778e-07
 2.64392e-07
 2.46627e-07
 2.29762e-07
 2.13941e-07
 1.99221e-07
 1.85601e-07
 1.73045e-07
 1.61498e-07
 1.50893e-07
 1.41159e-07
 1.32225e-07
 1.24023e-07
 1.16488e-07
 1.09560e-07
 1.03183e-07
 4.29992e-07
 4.05044e-07
 3.78064e-07
 3.50831e-07
 3.24422e-07
 2.99440e-07
 2.76184e-07
 2.54759e-07
 2.35155e-07
 2.17293e-07
 2.01058e-07
 1.86320e-07
 1.72947e-07
 1.60807e-07
 1.49780e-07
 1.39751e-07
 1.30618e-07
 1.22289e-07
 1.14680e-07
 1.07719e-07
 5.30863e-07
 4.88027e-07
 4.46163e-07
 4.06743e-07
 3.70438e-07
 3.37452e-07
 3.07724e-07
 2.81060e-07
 2.57201e-07
 2.35871e-07
 2.16798e-07
 1.99726e-07
 1.84423e-07
 1.70681e-07
 1.58315e-07
 1.47164e-07
 1.37085e-07
 1.27954e-07
 1.19663e-07
 1.12118e-07
 6.53325e-07
 5.85214e-07
 5.23535e-07
 4.68655e-07
 4.20288e-07
 3.77865e-07
 3.40722e-07
 3.08197e-07
 2.79678e-07
 2.54618e-07
 2.32538e-07
 2.13027e-07
 1.95732e-07
 1.80352e-07
 1.66632e-07
 1.54353e-07
 1.43331e-07
 1.33406e-07
 1.24443e-07
 1.16327e-07
 7.98667e-07
 6.96282e-07
 6.09241e-07
 5.35474e-07
 4.72930e-07
 4.19766e-07
 3.74406e-07
 3.35536e-07
 3.02069e-07
 2.73113e-07
 2.47939e-07
 2.25949e-07
 2.06651e-07
 1.89641e-07
 1.74583e-07
 1.61199e-07
 1.49257e-07
 1.38563e-07
 1.28953e-07
 1.20288e-07
 9.65513e-07
 8.18967e-07
 7.01005e-07
 6.05219e-07
 5.26735e-07
 4.61855e-07
 4.07757e-07
 3.62279e-07
 3.23750e-07
 2.90870e-07
 2.62619e-07
 2.38190e-07
 2.16941e-07
 1.98355e-07
 1.82013e-07
 1.67576e-07
 1.54762e-07
 1.43342e-07
 1.33124e-07
 1.23946e-07
 1.14820e-06
 9.48314e-07
 7.94899e-07
 6.74893e-07
 5.79461e-07
 5.02461e-07
 4.39526e-07
 3.87489e-07
 3.44014e-07
 3.07349e-07
 2.76163e-07
 2.49430e-07
 2.26352e-07
 2.06298e-07
 1.88768e-07
 1.73360e-07
 1.59747e-07
 1.47663e-07
 1.36890e-07
 1.27245e-07
 1.33534e-06
 1.07620e-06
 8.85245e-07
 7.40542e-07
 6.28334e-07
 5.39620e-07
 4.68305e-07
 4.10146e-07
 3.62112e-07
 3.21994e-07
 2.88153e-07
 2.59350e-07
 2.34638e-07
 2.13280e-07
 1.94698e-07
 1.78432e-07
 1.64115e-07
 1.51449e-07
 1.40189e-07
 1.30136e-07
 1.50925e-06
 1.19150e-06
 9.64937e-07
 7.97536e-07
 6.70275e-07
 5.71240e-07
 4.92647e-07
 4.29226e-07
 3.77307e-07
 3.34267e-07
 2.98189e-07
 2.67650e-07
 2.41570e-07
 2.19123e-07
 1.99664e-07
 1.82685e-07
 1.67782e-07
 1.54630e-07
 1.42966e-07
 1.32572e-07
 1.64738e-06
 1.28135e-06
 1.02633e-06
 8.41156e-07
 7.02269e-07
 5.95339e-07
 5.11209e-07
 4.43802e-07
 3.88945e-07
 3.43694e-07
 3.05925e-07
 2.74070e-07
 2.46954e-07
 2.23679e-07
 2.03551e-07
 1.86027e-07
 1.70675e-07
 1.57150e-07
 1.45173e-07
 1.34517e-07
 1.72697e-06
 1.33378e-06
 1.06269e-06
 8.67406e-07
 7.21840e-07
 6.10318e-07
 5.22930e-07
 4.53146e-07
 3.96513e-07
 3.49910e-07
 3.11093e-07
 2.78413e-07
 2.50639e-07
 2.26832e-07
 2.06270e-07
 1.88388e-07
 1.72738e-07
 1.58964e-07
 1.46776e-07
 1.35940e-07
 1.73316e-06
 1.34126e-06
 1.06989e-06
 8.73874e-07
 7.27499e-07
 6.15224e-07
 5.27173e-07
 4.56820e-07
 3.99704e-07
 3.52693e-07
 3.13529e-07
 2.80556e-07
 2.52531e-07
 2.28510e-07
 2.07765e-07
 1.89724e-07
 1.73937e-07
 1.60043e-07
 1.47751e-07
 1.36823e-07
 1.66599e-06
 1.30353e-06
 1.04765e-06
 8.60320e-07
 7.19058e-07
 6.09906e-07
 5.23821e-07
 4.54733e-07
 3.98446e-07
 3.51984e-07
 3.13188e-07
 2.80461e-07
 2.52601e-07
 2.28689e-07
 2.08014e-07
 1.90017e-07
 1.74256e-07
 1.60375e-07
 1.48087e-07
 1.37157e-07
 1.54071e-06
 1.22775e-06
 9.99623e-07
 8.28729e-07
 6.97650e-07
 5.95041e-07
 5.13289e-07
 4.47148e-07
 3.92908e-07
 3.47896e-07
 3.10144e-07
 2.78179e-07
 2.50882e-07
 2.27392e-07
 2.07035e-07
 1.89280e-07
 1.73704e-07
 1.59966e-07
 1.47789e-07
 1.36945e-07
 1.38071e-06
 1.12584e-06
 9.32273e-07
 7.82800e-07
 6.65483e-07
 5.71995e-07
 4.96453e-07
 4.34638e-07
 3.83476e-07
 3.40693e-07
 3.04582e-07
 2.73841e-07
 2.47470e-07
 2.24688e-07
 2.04878e-07
 1.87550e-07
 1.72309e-07
 1.58837e-07
 1.46872e-07
 1.36199e-07
 1.20880e-06
 1.01072e-06
 8.53137e-07
 7.27076e-07
 6.25387e-07
 5.42582e-07
 4.74504e-07
 4.18008e-07
 3.70704e-07
 3.30764e-07
 2.96778e-07
 2.67648e-07
 2.42512e-07
 2.20687e-07
 2.01626e-07
 1.84889e-07
 1.70120e-07
 1.57026e-07
 1.45367e-07
 1.34942e-07
 1.04185e-06
 8.93294e-07
 7.69207e-07
 6.66077e-07
 5.80328e-07
 5.08786e-07
 4.48794e-07
 3.98193e-07
 3.55250e-07
 3.18580e-07
 2.87076e-07
 2.59852e-07
 2.36195e-07
 2.15530e-07
 1.97386e-07
 1.81381e-07
 1.67200e-07
 1.54583e-07
 1.43312e-07
 1.33206e-07
 8.89678e-07
 7.81189e-07
 6.85982e-07
 6.03670e-07
 5.33012e-07
 4.72505e-07
 4.20666e-07
 3.76155e-07
 3.37811e-07
 3.04650e-07
 2.75852e-07
 2.50735e-07
 2.28734e-07
 2.09380e-07
 1.92285e-07
 1.77124e-07
 1.63627e-07
 1.51568e-07
 1.40756e-07
 1.31030e-07
 7.56451e-07
 6.78785e-07
 6.07190e-07
 5.42776e-07
 4.85647e-07
 4.35386e-07
 3.91344e-07
 3.52804e-07
 3.19066e-07
 2.89486e-07
 2.63494e-07
 2.40593e-07
 2.20355e-07
 2.02414e-07
 1.86459e-07
 1.72225e-07
 1.59487e-07
 1.48051e-07
 1.37755e-07
 1.28457e-07
 6.42694e-07
 5.87963e-07
 5.34967e-07
 4.85346e-07
 4.39865e-07
 3.98737e-07
 3.61853e-07
 3.28936e-07
 2.99632e-07
 2.73566e-07
 2.50373e-07
 2.29715e-07
 2.11285e-07
 1.94811e-07
 1.80052e-07
 1.66799e-07
 1.54869e-07
 1.44104e-07
 1.34367e-07
 1.25537e-07
