scalar
part
         1
quad4
 5.93692e-07
 5.46362e-07
 4.99842e-07
 4.55763e-07
 4.14959e-07
 3.77740e-07
 3.44110e-07
 3.13895e-07
 2.86835e-07
 2.62636e-07
 2.41000e-07
 2.21644e-07
 2.04307e-07
 1.88754e-07
 1.74774e-07
 1.62183e-07
 1.50818e-07
 1.40536e-07
 1.31214e-07
 1.22744e-07
 7.01879e-07
 6.33609e-07
 5.69923e-07
 5.12043e-07
 4.60256e-07
 4.14339e-07
 3.73823e-07
 3.38150e-07
 3.06747e-07
 2.79077e-07
 2.54655e-07
 2.33048e-07
 2.13885e-07
 1.96840e-07
 1.81635e-07
 1.68034e-07
 1.55830e-07
 1.44849e-07
 1.34941e-07
 1.25977e-07
 8.29462e-07
 7.32811e-07
 6.47127e-07
 5.72376e-07
 5.07688e-07
 4.51893e-07
 4.03782e-07
 3.62233e-07
 3.26255e-07
 2.94996e-07
 2.67737e-07
 2.43874e-07
 2.22900e-07
 2.04394e-07
 1.88002e-07
 1.73429e-07
 1.60425e-07
 1.48783e-07
 1.38324e-07
 1.28898e-07
 9.76561e-07
 8.42653e-07
 7.29753e-07
 6.35123e-07
 5.55840e-07
 4.89241e-07
 4.33055e-07
 3.85409e-07
 3.44780e-07
 3.09938e-07
 2.79892e-07
 2.53839e-07
 2.31131e-07
 2.11239e-07
 1.93732e-07
 1.78254e-07
 1.64512e-07
 1.52262e-07
 1.41301e-07
 1.31457e-07
 1.14017e-06
 9.59599e-07
 8.14644e-07
 6.97730e-07
 6.02729e-07
 5.24873e-07
 4.60501e-07
 4.06817e-07
 3.61671e-07
 3.23407e-07
 2.90737e-07
 2.62650e-07
 2.38349e-07
 2.17198e-07
 1.98685e-07
 1.82399e-07
 1.68001e-07
 1.55215e-07
 1.43814e-07
 1.33607e-07
 1.31229e-06
 1.07716e-06
 8.96955e-07
 7.56695e-07
 6.45850e-07
 5.56995e-07
 4.84829e-07
 4.25516e-07
 3.76237e-07
 3.34891e-07
 2.99890e-07
 2.70017e-07
 2.44333e-07
 2.22098e-07
 2.02728e-07
 1.85757e-07
 1.70809e-07
 1.57578e-07
 1.45811e-07
 1.35304e-07
 1.47847e-06
 1.18564e-06
 9.70296e-07
 8.07782e-07
 6.82359e-07
 5.83668e-07
 5.04694e-07
 4.40562e-07
 3.87804e-07
 3.43900e-07
 3.06990e-07
 2.75673e-07
 2.48880e-07
 2.25786e-07
 2.05743e-07
 1.88239e-07
 1.72866e-07
 1.59291e-07
 1.47248e-07
 1.36514e-07
 1.61827e-06
 1.27304e-06
 1.02744e-06
 8.46511e-07
 7.09399e-07
 6.03022e-07
 5.18844e-07
 4.51096e-07
 3.95769e-07
 3.50008e-07
 3.11730e-07
 2.79390e-07
 2.51823e-07
 2.28136e-07
 2.07633e-07
 1.89770e-07
 1.74112e-07
 1.60312e-07
 1.48087e-07
 1.37207e-07
 1.70913e-06
 1.32738e-06
 1.06164e-06
 8.68912e-07
 7.24536e-07
 6.13514e-07
 5.26268e-07
 4.56440e-07
 3.99672e-07
 3.52890e-07
 3.13878e-07
 2.81003e-07
 2.53040e-07
 2.29056e-07
 2.08330e-07
 1.90297e-07
 1.74509e-07
 1.60608e-07
 1.48306e-07
 1.37364e-07
 1.73353e-06
 1.33996e-06
 1.06827e-06
 8.72350e-07
 7.26206e-07
 6.14178e-07
 5.26352e-07
 4.56193e-07
 3.99239e-07
 3.52360e-07
 3.13304e-07
 2.80418e-07
 2.52463e-07
 2.28499e-07
 2.07799e-07
 1.89794e-07
 1.74036e-07
 1.60165e-07
 1.47891e-07
 1.36978e-07
 1.68589e-06
 1.30819e-06
 1.04600e-06
 8.56134e-07
 7.14024e-07
 6.04792e-07
 5.18967e-07
 4.50276e-07
 3.94425e-07
 3.48391e-07
 3.09993e-07
 2.77627e-07
 2.50089e-07
 2.26462e-07
 2.06038e-07
 1.88262e-07
 1.72695e-07
 1.58984e-07
 1.46845e-07
 1.36048e-07
 1.57466e-06
 1.23640e-06
 9.97251e-07
 8.21681e-07
 6.88873e-07
 5.85930e-07
 5.04497e-07
 4.38957e-07
 3.85420e-07
 3.41120e-07
 3.04046e-07
 2.72706e-07
 2.45974e-07
 2.22990e-07
 2.03083e-07
 1.85728e-07
 1.70507e-07
 1.57083e-07
 1.45183e-07
 1.34587e-07
 1.41841e-06
 1.13426e-06
 9.27419e-07
 7.72184e-07
 6.52726e-07
 5.58860e-07
 4.83783e-07
 4.22809e-07
 3.72625e-07
 3.30835e-07
 2.95672e-07
 2.65810e-07
 2.40238e-07
 2.18173e-07
 1.99004e-07
 1.82248e-07
 1.67516e-07
 1.54495e-07
 1.42933e-07
 1.32618e-07
 1.23912e-06
 1.01389e-06
 8.43554e-07
 7.11926e-07
 6.08286e-07
 5.25343e-07
 4.58007e-07
 4.02645e-07
 3.56611e-07
 3.17946e-07
 2.85172e-07
 2.57163e-07
 2.33046e-07
 2.12138e-07
 1.93899e-07
 1.77897e-07
 1.63782e-07
 1.51271e-07
 1.40132e-07
 1.30172e-07
 1.05651e-06
 8.87032e-07
 7.52879e-07
 6.45486e-07
 5.58539e-07
 4.87377e-07
 4.28538e-07
 3.79423e-07
 3.38062e-07
 3.02947e-07
 2.72909e-07
 2.47036e-07
 2.24606e-07
 2.05045e-07
 1.87892e-07
 1.72773e-07
 1.59383e-07
 1.47471e-07
 1.36831e-07
 1.27289e-07
 8.84808e-07
 7.63128e-07
 6.61656e-07
 5.77070e-07
 5.06352e-07
 4.46949e-07
 3.96774e-07
 3.54142e-07
 3.17703e-07
 2.86374e-07
 2.59284e-07
 2.35732e-07
 2.15149e-07
 1.97071e-07
 1.81121e-07
 1.66985e-07
 1.54405e-07
 1.43165e-07
 1.33086e-07
 1.24016e-07
 7.32158e-07
 6.48512e-07
 5.74567e-07
 5.10073e-07
 4.54178e-07
 4.05837e-07
 3.64014e-07
 3.27761e-07
 2.96248e-07
 2.68763e-07
 2.44704e-07
 2.23563e-07
 2.04916e-07
 1.88407e-07
 1.73736e-07
 1.60652e-07
 1.48943e-07
 1.38430e-07
 1.28960e-07
 1.20404e-07
 6.01603e-07
 5.46574e-07
 4.94595e-07
 4.46912e-07
 4.03906e-07
 3.65494e-07
 3.31370e-07
 3.01130e-07
 2.74349e-07
 2.50618e-07
 2.29559e-07
 2.10835e-07
 1.94149e-07
 1.79242e-07
 1.65889e-07
 1.53896e-07
 1.43097e-07
 1.33345e-07
 1.24517e-07
 1.16505e-07
 4.92809e-07
 4.58411e-07
 4.23244e-07
 3.89064e-07
 3.56831e-07
 3.27001e-07
 2.99719e-07
 2.74952e-07
 2.52566e-07
 2.32383e-07
 2.14203e-07
 1.97830e-07
 1.83073e-07
 1.69758e-07
 1.57727e-07
 1.46837e-07
 1.36963e-07
 1.27992e-07
 1.19825e-07
 1.12376e-07
 4.03632e-07
 3.83624e-07
 3.60905e-07
 3.37224e-07
 3.13716e-07
 2.91076e-07
 2.69695e-07
 2.49766e-07
 2.31350e-07
 2.14431e-07
 1.98944e-07
 1.84798e-07
 1.71893e-07
 1.60124e-07
 1.49388e-07
 1.39589e-07
 1.30636e-07
 1.22448e-07
 1.14949e-07
 1.08071e-07
