scalar
part
         1
quad4
 3.46177e-07
 3.33794e-07
 3.17919e-07
 3.00233e-07
 2.81895e-07
 2.63668e-07
 2.46032e-07
 2.29273e-07
 2.13538e-07
 1.98889e-07
 1.85327e-07
 1.72819e-07
 1.61311e-07
 1.50739e-07
 1.41032e-07
 1.32121e-07
 1.23937e-07
 1.16418e-07
 1.09503e-07
 1.03137e-07
 4.27948e-07
 4.03399e-07
 3.76744e-07
 3.49774e-07
 3.23575e-07
 2.98760e-07
 2.75638e-07
 2.54320e-07
 2.34801e-07
 2.17007e-07
 2.00827e-07
 1.86134e-07
 1.72797e-07
 1.60687e-07
 1.49683e-07
 1.39674e-07
 1.30558e-07
 1.22242e-07
 1.14645e-07
 1.07693e-07
 5.28738e-07
 4.86373e-07
 4.44877e-07
 4.05742e-07
 3.69659e-07
 3.36843e-07
 3.07248e-07
 2.80687e-07
 2.56909e-07
 2.35642e-07
 2.16619e-07
 1.99587e-07
 1.84316e-07
 1.70599e-07
 1.58254e-07
 1.47119e-07
 1.37053e-07
 1.27933e-07
 1.19652e-07
 1.12114e-07
 6.51188e-07
 5.83617e-07
 5.22340e-07
 4.67759e-07
 4.19614e-07
 3.77357e-07
 3.40339e-07
 3.07909e-07
 2.79462e-07
 2.54457e-07
 2.32420e-07
 2.12942e-07
 1.95673e-07
 1.80314e-07
 1.66609e-07
 1.54343e-07
 1.43330e-07
 1.33413e-07
 1.24457e-07
 1.16345e-07
 7.96638e-07
 6.94844e-07
 6.08217e-07
 5.34744e-07
 4.72408e-07
 4.19394e-07
 3.74144e-07
 3.35354e-07
 3.01945e-07
 2.73033e-07
 2.47892e-07
 2.25926e-07
 2.06647e-07
 1.89650e-07
 1.74602e-07
 1.61226e-07
 1.49290e-07
 1.38600e-07
 1.28993e-07
 1.20331e-07
 9.63777e-07
 8.17824e-07
 7.00252e-07
 6.04725e-07
 5.26417e-07
 4.61657e-07
 4.07642e-07
 3.62221e-07
 3.23732e-07
 2.90881e-07
 2.62650e-07
 2.38235e-07
 2.16995e-07
 1.98415e-07
 1.82078e-07
 1.67643e-07
 1.54831e-07
 1.43411e-07
 1.33192e-07
 1.24013e-07
 1.14702e-06
 9.47639e-07
 7.94530e-07
 6.74712e-07
 5.79397e-07
 5.02471e-07
 4.39582e-07
 3.87573e-07
 3.44116e-07
 3.07460e-07
 2.76279e-07
 2.49548e-07
 2.26469e-07
 2.06413e-07
 1.88880e-07
 1.73468e-07
 1.59852e-07
 1.47764e-07
 1.36987e-07
 1.27338e-07
 1.33502e-06
 1.07618e-06
 8.85374e-07
 7.40745e-07
 6.28571e-07
 5.39868e-07
 4.68553e-07
 4.10387e-07
 3.62342e-07
 3.22213e-07
 2.88359e-07
 2.59544e-07
 2.34820e-07
 2.13451e-07
 1.94858e-07
 1.78583e-07
 1.64258e-07
 1.51583e-07
 1.40315e-07
 1.30255e-07
 1.51010e-06
 1.19230e-06
 9.65657e-07
 7.98178e-07
 6.70845e-07
 5.71748e-07
 4.93100e-07
 4.29632e-07
 3.77673e-07
 3.34597e-07
 2.98488e-07
 2.67922e-07
 2.41820e-07
 2.19352e-07
 1.99874e-07
 1.82879e-07
 1.67962e-07
 1.54797e-07
 1.43121e-07
 1.32717e-07
 1.64958e-06
 1.28305e-06
 1.02768e-06
 8.42258e-07
 7.03185e-07
 5.96112e-07
 5.11871e-07
 4.44375e-07
 3.89445e-07
 3.44136e-07
 3.06317e-07
 2.74421e-07
 2.47270e-07
 2.23965e-07
 2.03811e-07
 1.86264e-07
 1.70892e-07
 1.57350e-07
 1.45358e-07
 1.34687e-07
 1.73049e-06
 1.33635e-06
 1.06465e-06
 8.68952e-07
 7.23088e-07
 6.11348e-07
 5.23793e-07
 4.53880e-07
 3.97145e-07
 3.50460e-07
 3.11575e-07
 2.78840e-07
 2.51019e-07
 2.27173e-07
 2.06578e-07
 1.88666e-07
 1.72992e-07
 1.59196e-07
 1.46989e-07
 1.36136e-07
 1.73771e-06
 1.34456e-06
 1.07238e-06
 8.75808e-07
 7.29044e-07
 6.16484e-07
 5.28220e-07
 4.57702e-07
 4.00457e-07
 3.53343e-07
 3.14096e-07
 2.81054e-07
 2.52972e-07
 2.28904e-07
 2.08117e-07
 1.90042e-07
 1.74225e-07
 1.60305e-07
 1.47991e-07
 1.37043e-07
 1.67116e-06
 1.30732e-06
 1.05052e-06
 8.62555e-07
 7.20842e-07
 6.11360e-07
 5.25025e-07
 4.55744e-07
 3.99307e-07
 3.52724e-07
 3.13831e-07
 2.81024e-07
 2.53098e-07
 2.29131e-07
 2.08409e-07
 1.90373e-07
 1.74577e-07
 1.60667e-07
 1.48353e-07
 1.37401e-07
 1.54609e-06
 1.23178e-06
 1.00272e-06
 8.31167e-07
 6.99608e-07
 5.96641e-07
 5.14618e-07
 4.48264e-07
 3.93859e-07
 3.48713e-07
 3.10853e-07
 2.78799e-07
 2.51429e-07
 2.27877e-07
 2.07468e-07
 1.89669e-07
 1.74055e-07
 1.60284e-07
 1.48078e-07
 1.37210e-07
 1.38598e-06
 1.12990e-06
 9.35456e-07
 7.85342e-07
 6.67546e-07
 5.73693e-07
 4.97870e-07
 4.35834e-07
 3.84497e-07
 3.41573e-07
 3.05346e-07
 2.74510e-07
 2.48060e-07
 2.25212e-07
 2.05345e-07
 1.87969e-07
 1.72688e-07
 1.59180e-07
 1.47184e-07
 1.36484e-07
 1.21375e-06
 1.01464e-06
 8.56287e-07
 7.29636e-07
 6.27492e-07
 5.44333e-07
 4.75977e-07
 4.19258e-07
 3.71776e-07
 3.31691e-07
 2.97585e-07
 2.68357e-07
 2.43138e-07
 2.21242e-07
 2.02122e-07
 1.85335e-07
 1.70522e-07
 1.57390e-07
 1.45698e-07
 1.35245e-07
 1.04638e-06
 8.96989e-07
 7.72241e-07
 6.68587e-07
 5.82423e-07
 5.10548e-07
 4.50289e-07
 3.99473e-07
 3.56353e-07
 3.19538e-07
 2.87914e-07
 2.60590e-07
 2.36849e-07
 2.16111e-07
 1.97906e-07
 1.81849e-07
 1.67623e-07
 1.54966e-07
 1.43660e-07
 1.33524e-07
 8.93754e-07
 7.84603e-07
 6.88848e-07
 6.06083e-07
 5.35055e-07
 4.74246e-07
 4.22159e-07
 3.77443e-07
 3.38929e-07
 3.05627e-07
 2.76710e-07
 2.51493e-07
 2.29407e-07
 2.09981e-07
 1.92823e-07
 1.77609e-07
 1.64066e-07
 1.51967e-07
 1.41119e-07
 1.31361e-07
 7.60089e-07
 6.81903e-07
 6.09859e-07
 5.45063e-07
 4.87612e-07
 4.37080e-07
 3.92812e-07
 3.54081e-07
 3.20183e-07
 2.90468e-07
 2.64362e-07
 2.41363e-07
 2.21041e-07
 2.03029e-07
 1.87012e-07
 1.72724e-07
 1.59938e-07
 1.48462e-07
 1.38129e-07
 1.28800e-07
 6.45928e-07
 5.90790e-07
 5.37429e-07
 4.87489e-07
 4.41732e-07
 4.00366e-07
 3.63279e-07
 3.30188e-07
 3.00736e-07
 2.74542e-07
 2.51241e-07
 2.30489e-07
 2.11978e-07
 1.95433e-07
 1.80613e-07
 1.67307e-07
 1.55330e-07
 1.44524e-07
 1.34751e-07
 1.25889e-07
