scalar
part
         1
quad4
 3.84145e-07
 3.67035e-07
 3.46839e-07
 3.25314e-07
 3.03626e-07
 2.82512e-07
 2.62406e-07
 2.43541e-07
 2.26013e-07
 2.09836e-07
 1.94972e-07
 1.81350e-07
 1.68888e-07
 1.57494e-07
 1.47077e-07
 1.37551e-07
 1.28833e-07
 1.20846e-07
 1.13522e-07
 1.06796e-07
 4.71284e-07
 4.40510e-07
 4.08385e-07
 3.76721e-07
 3.46553e-07
 3.18409e-07
 2.92504e-07
 2.68862e-07
 2.47400e-07
 2.27977e-07
 2.10427e-07
 1.94576e-07
 1.80256e-07
 1.67307e-07
 1.55586e-07
 1.44959e-07
 1.35308e-07
 1.26529e-07
 1.18527e-07
 1.11220e-07
 5.78049e-07
 5.27514e-07
 4.79155e-07
 4.34358e-07
 3.93643e-07
 3.57054e-07
 3.24382e-07
 2.95305e-07
 2.69461e-07
 2.46489e-07
 2.26049e-07
 2.07834e-07
 1.91569e-07
 1.77012e-07
 1.63952e-07
 1.52206e-07
 1.41615e-07
 1.32041e-07
 1.23364e-07
 1.15483e-07
 7.06816e-07
 6.28646e-07
 5.58907e-07
 4.97634e-07
 4.44210e-07
 3.97778e-07
 3.57438e-07
 3.22349e-07
 2.91757e-07
 2.65007e-07
 2.41539e-07
 2.20878e-07
 2.02624e-07
 1.86438e-07
 1.72036e-07
 1.59177e-07
 1.47656e-07
 1.37302e-07
 1.27968e-07
 1.19528e-07
 8.58314e-07
 7.43096e-07
 6.46332e-07
 5.65198e-07
 4.97036e-07
 4.39549e-07
 3.90826e-07
 3.49311e-07
 3.13739e-07
 2.83092e-07
 2.56543e-07
 2.33426e-07
 2.13195e-07
 1.95405e-07
 1.79691e-07
 1.65751e-07
 1.53335e-07
 1.42233e-07
 1.32271e-07
 1.23300e-07
 1.03009e-06
 8.67844e-07
 7.38666e-07
 6.34759e-07
 5.50302e-07
 4.80952e-07
 4.23453e-07
 3.75348e-07
 3.34758e-07
 3.00240e-07
 2.70671e-07
 2.45170e-07
 2.23038e-07
 2.03718e-07
 1.86762e-07
 1.71805e-07
 1.58550e-07
 1.46751e-07
 1.36205e-07
 1.26743e-07
 1.21480e-06
 9.96953e-07
 8.31424e-07
 7.03015e-07
 6.01595e-07
 5.20222e-07
 4.54022e-07
 3.99498e-07
 3.54094e-07
 3.15910e-07
 2.83508e-07
 2.55792e-07
 2.31907e-07
 2.11185e-07
 1.93097e-07
 1.77217e-07
 1.63203e-07
 1.50776e-07
 1.39707e-07
 1.29806e-07
 1.39894e-06
 1.12129e-06
 9.18453e-07
 7.65787e-07
 6.48044e-07
 5.55357e-07
 4.81114e-07
 4.20744e-07
 3.71006e-07
 3.29551e-07
 2.94644e-07
 2.64980e-07
 2.39562e-07
 2.17620e-07
 1.98550e-07
 1.81872e-07
 1.67205e-07
 1.54237e-07
 1.42717e-07
 1.32438e-07
 1.56310e-06
 1.22911e-06
 9.92449e-07
 8.18410e-07
 6.86588e-07
 5.84301e-07
 5.03317e-07
 4.38093e-07
 3.84784e-07
 3.40650e-07
 3.03698e-07
 2.72450e-07
 2.45789e-07
 2.22858e-07
 2.02993e-07
 1.85670e-07
 1.70473e-07
 1.57068e-07
 1.45184e-07
 1.34600e-07
 1.68466e-06
 1.30783e-06
 1.04605e-06
 8.56394e-07
 7.14384e-07
 6.05194e-07
 5.19381e-07
 4.50686e-07
 3.94821e-07
 3.48769e-07
 3.10351e-07
 2.77965e-07
 2.50407e-07
 2.26761e-07
 2.06319e-07
 1.88526e-07
 1.72943e-07
 1.59218e-07
 1.47066e-07
 1.36255e-07
 1.74337e-06
 1.34687e-06
 1.07335e-06
 8.76238e-07
 7.29266e-07
 6.16645e-07
 5.28380e-07
 4.57887e-07
 4.00675e-07
 3.53591e-07
 3.14371e-07
 2.81351e-07
 2.53286e-07
 2.29230e-07
 2.08452e-07
 1.90381e-07
 1.74567e-07
 1.60647e-07
 1.48330e-07
 1.37380e-07
 1.72867e-06
 1.34085e-06
 1.07137e-06
 8.76189e-07
 7.30146e-07
 6.17946e-07
 5.29842e-07
 4.59372e-07
 4.02113e-07
 3.54949e-07
 3.15635e-07
 2.82517e-07
 2.54356e-07
 2.30210e-07
 2.09348e-07
 1.91201e-07
 1.75317e-07
 1.61334e-07
 1.48961e-07
 1.37958e-07
 1.64467e-06
 1.29156e-06
 1.04093e-06
 8.56654e-07
 7.17228e-07
 6.09202e-07
 5.23815e-07
 4.55161e-07
 3.99142e-07
 3.52841e-07
 3.14136e-07
 2.81455e-07
 2.53610e-07
 2.29694e-07
 2.09002e-07
 1.90980e-07
 1.75188e-07
 1.61274e-07
 1.48952e-07
 1.37987e-07
 1.50853e-06
 1.20736e-06
 9.86450e-07
 8.20099e-07
 6.91958e-07
 5.91294e-07
 5.10856e-07
 4.45615e-07
 3.92002e-07
 3.47429e-07
 3.09988e-07
 2.78243e-07
 2.51102e-07
 2.27721e-07
 2.07440e-07
 1.89738e-07
 1.74196e-07
 1.60479e-07
 1.48312e-07
 1.37473e-07
 1.34329e-06
 1.10036e-06
 9.14656e-07
 7.70448e-07
 6.56721e-07
 5.65724e-07
 4.91939e-07
 4.31382e-07
 3.81133e-07
 3.39021e-07
 3.03406e-07
 2.73037e-07
 2.46947e-07
 2.24376e-07
 2.04728e-07
 1.87523e-07
 1.72376e-07
 1.58976e-07
 1.47065e-07
 1.36432e-07
 1.17028e-06
 9.82935e-07
 8.32933e-07
 7.12243e-07
 6.14392e-07
 5.34359e-07
 4.68308e-07
 4.13310e-07
 3.67126e-07
 3.28032e-07
 2.94691e-07
 2.66058e-07
 2.41306e-07
 2.19781e-07
 2.00956e-07
 1.84405e-07
 1.69784e-07
 1.56807e-07
 1.45242e-07
 1.34892e-07
 1.00474e-06
 8.65209e-07
 7.47904e-07
 6.49839e-07
 5.67873e-07
 4.99168e-07
 4.41319e-07
 3.92348e-07
 3.50655e-07
 3.14951e-07
 2.84200e-07
 2.57568e-07
 2.34379e-07
 2.14085e-07
 1.96240e-07
 1.80475e-07
 1.66489e-07
 1.54029e-07
 1.42887e-07
 1.32887e-07
 8.55243e-07
 7.54054e-07
 6.64648e-07
 5.86877e-07
 5.19753e-07
 4.61992e-07
 4.12290e-07
 3.69450e-07
 3.32417e-07
 3.00292e-07
 2.72317e-07
 2.47857e-07
 2.26385e-07
 2.07459e-07
 1.90711e-07
 1.75834e-07
 1.62571e-07
 1.50705e-07
 1.40052e-07
 1.30458e-07
 7.25164e-07
 6.53285e-07
 5.86514e-07
 5.26042e-07
 4.72097e-07
 4.24392e-07
 3.82398e-07
 3.45498e-07
 3.13077e-07
 2.84559e-07
 2.59426e-07
 2.37222e-07
 2.17554e-07
 2.00080e-07
 1.84510e-07
 1.70594e-07
 1.58120e-07
 1.46906e-07
 1.36795e-07
 1.27653e-07
 6.14579e-07
 5.64398e-07
 5.15352e-07
 4.69082e-07
 4.26400e-07
 3.87587e-07
 3.52608e-07
 3.21254e-07
 2.93232e-07
 2.68218e-07
 2.45892e-07
 2.25949e-07
 2.08111e-07
 1.92128e-07
 1.77780e-07
 1.64870e-07
 1.53228e-07
 1.42706e-07
 1.33175e-07
 1.24520e-07
