scalar
part
         1
quad4
 4.20180e-07
 3.97148e-07
 3.71883e-07
 3.46092e-07
 3.20855e-07
 2.96808e-07
 2.74288e-07
 2.53436e-07
 2.34275e-07
 2.16752e-07
 2.00776e-07
 1.86234e-07
 1.73006e-07
 1.60974e-07
 1.50023e-07
 1.40049e-07
 1.30953e-07
 1.22647e-07
 1.15052e-07
 1.08095e-07
 5.10222e-07
 4.72217e-07
 4.34121e-07
 3.97597e-07
 3.63504e-07
 3.32203e-07
 3.03762e-07
 2.78079e-07
 2.54971e-07
 2.34215e-07
 2.15582e-07
 1.98847e-07
 1.83803e-07
 1.70258e-07
 1.58044e-07
 1.47007e-07
 1.37015e-07
 1.27950e-07
 1.19709e-07
 1.12200e-07
 6.19496e-07
 5.60233e-07
 5.04964e-07
 4.54750e-07
 4.09807e-07
 3.69915e-07
 3.34658e-07
 3.03550e-07
 2.76102e-07
 2.51855e-07
 2.30398e-07
 2.11366e-07
 1.94441e-07
 1.79348e-07
 1.65851e-07
 1.53747e-07
 1.42861e-07
 1.33043e-07
 1.24165e-07
 1.16115e-07
 7.49830e-07
 6.61357e-07
 5.83850e-07
 5.16743e-07
 4.58930e-07
 4.09180e-07
 3.66316e-07
 3.29293e-07
 2.97208e-07
 2.69296e-07
 2.44918e-07
 2.23540e-07
 2.04716e-07
 1.88076e-07
 1.73309e-07
 1.60155e-07
 1.48396e-07
 1.37848e-07
 1.28356e-07
 1.19787e-07
 9.01083e-07
 7.74178e-07
 6.69083e-07
 5.81984e-07
 5.09512e-07
 4.48881e-07
 3.97841e-07
 3.54599e-07
 3.17728e-07
 2.86094e-07
 2.58791e-07
 2.35091e-07
 2.14407e-07
 1.96264e-07
 1.80273e-07
 1.66115e-07
 1.53527e-07
 1.42289e-07
 1.32219e-07
 1.23163e-07
 1.06958e-06
 8.94948e-07
 7.57487e-07
 6.47957e-07
 5.59619e-07
 4.87549e-07
 4.28118e-07
 3.78620e-07
 3.37017e-07
 3.01754e-07
 2.71633e-07
 2.45719e-07
 2.23279e-07
 2.03728e-07
 1.86598e-07
 1.71511e-07
 1.58159e-07
 1.46288e-07
 1.35690e-07
 1.26191e-07
 1.24648e-06
 1.01700e-06
 8.44245e-07
 7.11224e-07
 6.06794e-07
 5.23420e-07
 4.55868e-07
 4.00420e-07
 3.54380e-07
 3.15756e-07
 2.83051e-07
 2.55126e-07
 2.31100e-07
 2.10286e-07
 1.92140e-07
 1.76228e-07
 1.62200e-07
 1.49772e-07
 1.38711e-07
 1.28824e-07
 1.41700e-06
 1.13077e-06
 9.23103e-07
 7.67633e-07
 6.48232e-07
 5.54561e-07
 4.79737e-07
 4.19035e-07
 3.69120e-07
 3.27587e-07
 2.92663e-07
 2.63022e-07
 2.37651e-07
 2.15770e-07
 1.96768e-07
 1.80163e-07
 1.65570e-07
 1.52676e-07
 1.41227e-07
 1.31017e-07
 1.56155e-06
 1.22476e-06
 9.87066e-07
 8.12784e-07
 6.81081e-07
 5.79074e-07
 4.98432e-07
 4.33562e-07
 3.80596e-07
 3.36785e-07
 3.00130e-07
 2.69154e-07
 2.42739e-07
 2.20031e-07
 2.00368e-07
 1.83228e-07
 1.68197e-07
 1.54942e-07
 1.43195e-07
 1.32735e-07
 1.65933e-06
 1.28761e-06
 1.02957e-06
 8.42705e-07
 7.02844e-07
 5.95338e-07
 5.10867e-07
 4.43258e-07
 3.88285e-07
 3.42974e-07
 3.05179e-07
 2.73319e-07
 2.46212e-07
 2.22955e-07
 2.02850e-07
 1.85351e-07
 1.70026e-07
 1.56529e-07
 1.44579e-07
 1.33949e-07
 1.69402e-06
 1.31080e-06
 1.04586e-06
 8.54597e-07
 7.11792e-07
 6.02242e-07
 5.16307e-07
 4.47621e-07
 3.91838e-07
 3.45906e-07
 3.07627e-07
 2.75384e-07
 2.47970e-07
 2.24464e-07
 2.04155e-07
 1.86487e-07
 1.71021e-07
 1.57406e-07
 1.45355e-07
 1.34640e-07
 1.65953e-06
 1.29123e-06
 1.03421e-06
 8.47432e-07
 7.07286e-07
 5.99372e-07
 5.14472e-07
 4.46457e-07
 3.91117e-07
 3.45481e-07
 3.07400e-07
 2.75293e-07
 2.47970e-07
 2.24525e-07
 2.04257e-07
 1.86615e-07
 1.71166e-07
 1.57559e-07
 1.45513e-07
 1.34798e-07
 1.56283e-06
 1.23228e-06
 9.96398e-07
 8.22194e-07
 6.89896e-07
 5.87070e-07
 5.05577e-07
 4.39903e-07
 3.86211e-07
 3.41756e-07
 3.04539e-07
 2.73072e-07
 2.46230e-07
 2.23151e-07
 2.03164e-07
 1.85742e-07
 1.70464e-07
 1.56993e-07
 1.45055e-07
 1.34426e-07
 1.42147e-06
 1.14280e-06
 9.37231e-07
 7.81654e-07
 6.61291e-07
 5.66381e-07
 4.90293e-07
 4.28405e-07
 3.77421e-07
 3.34942e-07
 2.99191e-07
 2.68827e-07
 2.42827e-07
 2.20399e-07
 2.00920e-07
 1.83899e-07
 1.68940e-07
 1.55725e-07
 1.43994e-07
 1.33534e-07
 1.25701e-06
 1.03445e-06
 8.63338e-07
 7.29758e-07
 6.23913e-07
 5.38866e-07
 4.69650e-07
 4.12657e-07
 3.65228e-07
 3.25377e-07
 2.91597e-07
 2.62735e-07
 2.37893e-07
 2.16367e-07
 1.97599e-07
 1.81143e-07
 1.66638e-07
 1.53790e-07
 1.42359e-07
 1.32145e-07
 1.08865e-06
 9.18613e-07
 7.81654e-07
 6.70847e-07
 5.80554e-07
 5.06368e-07
 4.44892e-07
 3.93517e-07
 3.50236e-07
 3.13492e-07
 2.82073e-07
 2.55027e-07
 2.31598e-07
 2.11184e-07
 1.93300e-07
 1.77551e-07
 1.63618e-07
 1.51236e-07
 1.40186e-07
 1.30288e-07
 9.29764e-07
 8.04350e-07
 6.98218e-07
 6.08960e-07
 5.33950e-07
 4.70766e-07
 4.17330e-07
 3.71914e-07
 3.33110e-07
 2.99773e-07
 2.70977e-07
 2.45972e-07
 2.24148e-07
 2.05007e-07
 1.88142e-07
 1.73217e-07
 1.59954e-07
 1.48120e-07
 1.37523e-07
 1.28000e-07
 7.87609e-07
 6.97653e-07
 6.17547e-07
 5.47392e-07
 4.86475e-07
 4.33773e-07
 3.88205e-07
 3.48756e-07
 3.14522e-07
 2.84719e-07
 2.58684e-07
 2.35854e-07
 2.15759e-07
 1.98005e-07
 1.82259e-07
 1.68245e-07
 1.55727e-07
 1.44509e-07
 1.34422e-07
 1.25324e-07
 6.64766e-07
 6.01708e-07
 5.42542e-07
 4.88519e-07
 4.39991e-07
 3.96816e-07
 3.58604e-07
 3.24869e-07
 2.95100e-07
 2.68813e-07
 2.45565e-07
 2.24961e-07
 2.06657e-07
 1.90353e-07
 1.75789e-07
 1.62745e-07
 1.51027e-07
 1.40473e-07
 1.30941e-07
 1.22309e-07
 5.60905e-07
 5.17612e-07
 4.74719e-07
 4.33835e-07
 3.95807e-07
 3.60982e-07
 3.29405e-07
 3.00949e-07
 2.75396e-07
 2.52489e-07
 2.31964e-07
 2.13566e-07
 1.97058e-07
 1.82224e-07
 1.68871e-07
 1.56828e-07
 1.45945e-07
 1.36087e-07
 1.27141e-07
 1.19002e-07
