scalar
part
         1
quad4
 6.06222e-07
 5.57179e-07
 5.09142e-07
 4.63748e-07
 4.21816e-07
 3.83640e-07
 3.49200e-07
 3.18302e-07
 2.90665e-07
 2.65977e-07
 2.43927e-07
 2.24219e-07
 2.06582e-07
 1.90771e-07
 1.76570e-07
 1.63788e-07
 1.52257e-07
 1.41832e-07
 1.32384e-07
 1.23803e-07
 7.15841e-07
 6.45404e-07
 5.79866e-07
 5.20431e-07
 4.67349e-07
 4.20359e-07
 3.78956e-07
 3.42547e-07
 3.10534e-07
 2.82356e-07
 2.57507e-07
 2.35543e-07
 2.16077e-07
 1.98775e-07
 1.83352e-07
 1.69562e-07
 1.57196e-07
 1.46076e-07
 1.36046e-07
 1.26976e-07
 8.44912e-07
 7.45538e-07
 6.57621e-07
 5.81059e-07
 5.14910e-07
 4.57936e-07
 4.08872e-07
 3.66549e-07
 3.29938e-07
 2.98161e-07
 2.70473e-07
 2.46253e-07
 2.24980e-07
 2.06223e-07
 1.89618e-07
 1.74863e-07
 1.61704e-07
 1.49928e-07
 1.39353e-07
 1.29827e-07
 9.93436e-07
 8.56157e-07
 7.40617e-07
 6.43928e-07
 5.63038e-07
 4.95177e-07
 4.37994e-07
 3.89555e-07
 3.48288e-07
 3.12930e-07
 2.82462e-07
 2.56063e-07
 2.33067e-07
 2.12935e-07
 1.95226e-07
 1.79576e-07
 1.65688e-07
 1.53313e-07
 1.42244e-07
 1.32307e-07
 1.15819e-06
 9.73559e-07
 8.25581e-07
 7.06405e-07
 6.09698e-07
 5.30539e-07
 4.65162e-07
 4.10691e-07
 3.64924e-07
 3.26164e-07
 2.93093e-07
 2.64679e-07
 2.40109e-07
 2.18734e-07
 2.00035e-07
 1.83591e-07
 1.69060e-07
 1.56161e-07
 1.44661e-07
 1.34369e-07
 1.33082e-06
 1.09102e-06
 9.07528e-07
 7.64906e-07
 6.52337e-07
 5.62201e-07
 4.89067e-07
 4.29011e-07
 3.79152e-07
 3.37348e-07
 3.01981e-07
 2.71812e-07
 2.45885e-07
 2.23450e-07
 2.03914e-07
 1.86804e-07
 1.71738e-07
 1.58405e-07
 1.46553e-07
 1.35972e-07
 1.49641e-06
 1.19860e-06
 9.79928e-07
 8.15122e-07
 6.88075e-07
 5.88206e-07
 5.08359e-07
 4.43565e-07
 3.90297e-07
 3.45994e-07
 3.08768e-07
 2.77196e-07
 2.50196e-07
 2.26931e-07
 2.06747e-07
 1.89125e-07
 1.73651e-07
 1.59992e-07
 1.47876e-07
 1.37079e-07
 1.63400e-06
 1.28407e-06
 1.03546e-06
 8.52537e-07
 7.14046e-07
 6.06687e-07
 5.21789e-07
 4.53502e-07
 3.97764e-07
 3.51682e-07
 3.13150e-07
 2.80608e-07
 2.52876e-07
 2.29053e-07
 2.08438e-07
 1.90481e-07
 1.74744e-07
 1.60877e-07
 1.48594e-07
 1.37664e-07
 1.72072e-06
 1.33536e-06
 1.06739e-06
 8.73208e-07
 7.27844e-07
 6.16124e-07
 5.28370e-07
 4.58163e-07
 4.01104e-07
 3.54097e-07
 3.14906e-07
 2.81888e-07
 2.53809e-07
 2.29730e-07
 2.08924e-07
 1.90824e-07
 1.74979e-07
 1.61030e-07
 1.48686e-07
 1.37709e-07
 1.73927e-06
 1.34398e-06
 1.07122e-06
 8.74604e-07
 7.27977e-07
 6.15603e-07
 5.27522e-07
 4.57169e-07
 4.00065e-07
 3.53067e-07
 3.13917e-07
 2.80953e-07
 2.52935e-07
 2.28917e-07
 2.08172e-07
 1.90130e-07
 1.74339e-07
 1.60440e-07
 1.48142e-07
 1.37207e-07
 1.68497e-06
 1.30784e-06
 1.04593e-06
 8.56203e-07
 7.14169e-07
 6.04974e-07
 5.19165e-07
 4.50478e-07
 3.94625e-07
 3.48584e-07
 3.10178e-07
 2.77803e-07
 2.50256e-07
 2.26620e-07
 2.06187e-07
 1.88403e-07
 1.72827e-07
 1.59109e-07
 1.46964e-07
 1.36159e-07
 1.56753e-06
 1.23188e-06
 9.94255e-07
 8.19626e-07
 6.87425e-07
 5.84889e-07
 5.03735e-07
 4.38392e-07
 3.84998e-07
 3.40802e-07
 3.03806e-07
 2.72524e-07
 2.45838e-07
 2.22888e-07
 2.03009e-07
 1.85675e-07
 1.70470e-07
 1.57058e-07
 1.45170e-07
 1.34581e-07
 1.40652e-06
 1.12632e-06
 9.21919e-07
 7.68249e-07
 6.49837e-07
 5.56692e-07
 4.82125e-07
 4.21521e-07
 3.71611e-07
 3.30028e-07
 2.95023e-07
 2.65283e-07
 2.39806e-07
 2.17818e-07
 1.98710e-07
 1.82003e-07
 1.67311e-07
 1.54324e-07
 1.42789e-07
 1.32496e-07
 1.22433e-06
 1.00357e-06
 8.36154e-07
 7.06480e-07
 6.04190e-07
 5.22202e-07
 4.55558e-07
 4.00707e-07
 3.55058e-07
 3.16686e-07
 2.84140e-07
 2.56310e-07
 2.32335e-07
 2.11542e-07
 1.93396e-07
 1.77469e-07
 1.63417e-07
 1.50958e-07
 1.39862e-07
 1.29938e-07
 1.04047e-06
 8.75369e-07
 7.44230e-07
 6.38951e-07
 5.53515e-07
 4.83453e-07
 4.25428e-07
 3.76927e-07
 3.36035e-07
 3.01284e-07
 2.71532e-07
 2.45885e-07
 2.23638e-07
 2.04224e-07
 1.87192e-07
 1.72172e-07
 1.58864e-07
 1.47022e-07
 1.36440e-07
 1.26947e-07
 8.68735e-07
 7.50966e-07
 6.52345e-07
 5.69851e-07
 5.00682e-07
 4.42440e-07
 3.93146e-07
 3.51192e-07
 3.15280e-07
 2.84365e-07
 2.57605e-07
 2.34317e-07
 2.13948e-07
 1.96046e-07
 1.80240e-07
 1.66224e-07
 1.53744e-07
 1.42589e-07
 1.32581e-07
 1.23572e-07
 7.16793e-07
 6.36461e-07
 5.65061e-07
 5.02517e-07
 4.48119e-07
 4.00934e-07
 3.60011e-07
 3.24463e-07
 2.93509e-07
 2.66470e-07
 2.42770e-07
 2.21921e-07
 2.03513e-07
 1.87200e-07
 1.72693e-07
 1.59746e-07
 1.48152e-07
 1.37736e-07
 1.28349e-07
 1.19863e-07
 5.87327e-07
 5.35017e-07
 4.85229e-07
 4.39292e-07
 3.97673e-07
 3.60365e-07
 3.27120e-07
 2.97585e-07
 2.71372e-07
 2.48101e-07
 2.27418e-07
 2.09003e-07
 1.92573e-07
 1.77878e-07
 1.64703e-07
 1.52861e-07
 1.42188e-07
 1.32545e-07
 1.23809e-07
 1.15877e-07
 4.79767e-07
 4.47561e-07
 4.14234e-07
 3.81577e-07
 3.50593e-07
 3.21784e-07
 2.95335e-07
 2.71250e-07
 2.49424e-07
 2.29701e-07
 2.11903e-07
 1.95846e-07
 1.81355e-07
 1.68262e-07
 1.56419e-07
 1.45689e-07
 1.35951e-07
 1.27096e-07
 1.19030e-07
 1.11667e-07
 3.91828e-07
 3.73573e-07
 3.52379e-07
 3.30003e-07
 3.07596e-07
 2.85879e-07
 2.65270e-07
 2.45984e-07
 2.28106e-07
 2.11637e-07
 1.96527e-07
 1.82699e-07
 1.70062e-07
 1.58521e-07
 1.47979e-07
 1.38345e-07
 1.29535e-07
 1.21469e-07
 1.14076e-07
 1.07291e-07
