scalar
part
         1
quad4
 6.42362e-07
 5.88265e-07
 5.35767e-07
 4.86515e-07
 4.41292e-07
 4.00329e-07
 3.63541e-07
 3.30666e-07
 3.01366e-07
 2.75276e-07
 2.52042e-07
 2.31331e-07
 2.12840e-07
 1.96300e-07
 1.81474e-07
 1.68155e-07
 1.56160e-07
 1.45331e-07
 1.35533e-07
 1.26646e-07
 7.56064e-07
 6.79239e-07
 6.08263e-07
 5.44276e-07
 4.87420e-07
 4.37316e-07
 3.93347e-07
 3.54821e-07
 3.21057e-07
 2.91425e-07
 2.65364e-07
 2.42384e-07
 2.22063e-07
 2.04038e-07
 1.88000e-07
 1.73685e-07
 1.60868e-07
 1.49359e-07
 1.38992e-07
 1.29628e-07
 8.89346e-07
 7.81952e-07
 6.87486e-07
 6.05638e-07
 5.35243e-07
 4.74860e-07
 4.23052e-07
 3.78510e-07
 3.40096e-07
 3.06844e-07
 2.77943e-07
 2.52717e-07
 2.30607e-07
 2.11146e-07
 1.93948e-07
 1.78690e-07
 1.65102e-07
 1.52957e-07
 1.42065e-07
 1.32263e-07
 1.04183e-06
 8.94641e-07
 7.71379e-07
 6.68703e-07
 5.83162e-07
 5.11672e-07
 4.51638e-07
 4.00939e-07
 3.57868e-07
 3.21055e-07
 2.89405e-07
 2.62037e-07
 2.38241e-07
 2.17443e-07
 1.99176e-07
 1.83057e-07
 1.68769e-07
 1.56053e-07
 1.44691e-07
 1.34502e-07
 1.20962e-06
 1.01309e-06
 8.56314e-07
 7.30601e-07
 6.28991e-07
 5.46115e-07
 4.77885e-07
 4.21198e-07
 3.73689e-07
 3.33545e-07
 2.99361e-07
 2.70045e-07
 2.44736e-07
 2.22751e-07
 2.03544e-07
 1.86674e-07
 1.71782e-07
 1.58577e-07
 1.46816e-07
 1.36298e-07
 1.38330e-06
 1.12989e-06
 9.36890e-07
 7.87504e-07
 6.70037e-07
 5.76287e-07
 5.00441e-07
 4.38316e-07
 3.86856e-07
 3.43794e-07
 3.07427e-07
 2.76454e-07
 2.49874e-07
 2.26902e-07
 2.06922e-07
 1.89441e-07
 1.74062e-07
 1.60466e-07
 1.48388e-07
 1.37613e-07
 1.54647e-06
 1.23432e-06
 1.00617e-06
 8.34898e-07
 7.03317e-07
 6.00186e-07
 5.17938e-07
 4.51342e-07
 3.96696e-07
 3.51323e-07
 3.13252e-07
 2.81006e-07
 2.53461e-07
 2.29752e-07
 2.09200e-07
 1.91273e-07
 1.75543e-07
 1.61668e-07
 1.49367e-07
 1.38413e-07
 1.67665e-06
 1.31349e-06
 1.05657e-06
 8.68176e-07
 7.25949e-07
 6.15957e-07
 5.29151e-07
 4.59449e-07
 4.02638e-07
 3.55729e-07
 3.16550e-07
 2.83492e-07
 2.55346e-07
 2.31186e-07
 2.10293e-07
 1.92105e-07
 1.76175e-07
 1.62145e-07
 1.49724e-07
 1.38675e-07
 1.75016e-06
 1.35521e-06
 1.08142e-06
 8.83501e-07
 7.35632e-07
 6.22168e-07
 5.33161e-07
 4.62031e-07
 4.04276e-07
 3.56733e-07
 3.17124e-07
 2.83774e-07
 2.55428e-07
 2.31130e-07
 2.10146e-07
 1.91897e-07
 1.75927e-07
 1.61873e-07
 1.49439e-07
 1.38385e-07
 1.75058e-06
 1.35165e-06
 1.07670e-06
 8.78676e-07
 7.31102e-07
 6.18064e-07
 5.29503e-07
 4.58793e-07
 4.01416e-07
 3.54208e-07
 3.14890e-07
 2.81792e-07
 2.53665e-07
 2.29558e-07
 2.08738e-07
 1.90633e-07
 1.74789e-07
 1.60845e-07
 1.48507e-07
 1.37539e-07
 1.67611e-06
 1.30229e-06
 1.04228e-06
 8.53716e-07
 7.12421e-07
 6.03716e-07
 5.18244e-07
 4.49794e-07
 3.94111e-07
 3.48195e-07
 3.09882e-07
 2.77577e-07
 2.50083e-07
 2.26489e-07
 2.06089e-07
 1.88330e-07
 1.72774e-07
 1.59072e-07
 1.46939e-07
 1.36145e-07
 1.54032e-06
 1.21402e-06
 9.81972e-07
 8.10856e-07
 6.80971e-07
 5.80018e-07
 4.99981e-07
 4.35446e-07
 3.82650e-07
 3.38906e-07
 3.02257e-07
 2.71245e-07
 2.44772e-07
 2.21993e-07
 2.02251e-07
 1.85029e-07
 1.69916e-07
 1.56582e-07
 1.44757e-07
 1.34223e-07
 1.36574e-06
 1.09864e-06
 9.02389e-07
 7.54019e-07
 6.39186e-07
 5.48536e-07
 4.75756e-07
 4.16464e-07
 3.67535e-07
 3.26701e-07
 2.92276e-07
 2.62992e-07
 2.37878e-07
 2.16182e-07
 1.97312e-07
 1.80800e-07
 1.66270e-07
 1.53418e-07
 1.41995e-07
 1.31799e-07
 1.17572e-06
 9.69307e-07
 8.11288e-07
 6.87967e-07
 5.90094e-07
 5.11257e-07
 4.46912e-07
 3.93773e-07
 3.49422e-07
 3.12050e-07
 2.80286e-07
 2.53075e-07
 2.29597e-07
 2.09206e-07
 1.91389e-07
 1.75733e-07
 1.61907e-07
 1.49637e-07
 1.38701e-07
 1.28913e-07
 9.89054e-07
 8.37659e-07
 7.16025e-07
 6.17453e-07
 5.36838e-07
 4.70308e-07
 4.14916e-07
 3.68408e-07
 3.29051e-07
 2.95495e-07
 2.66688e-07
 2.41796e-07
 2.20158e-07
 2.01241e-07
 1.84617e-07
 1.69937e-07
 1.56913e-07
 1.45309e-07
 1.34929e-07
 1.25609e-07
 8.18046e-07
 7.12335e-07
 6.22560e-07
 5.46592e-07
 4.82284e-07
 4.27706e-07
 3.81206e-07
 3.41410e-07
 3.07184e-07
 2.77602e-07
 2.51906e-07
 2.29477e-07
 2.09808e-07
 1.92480e-07
 1.77150e-07
 1.63530e-07
 1.51384e-07
 1.40510e-07
 1.30743e-07
 1.21939e-07
 6.68907e-07
 5.98663e-07
 5.35063e-07
 4.78529e-07
 4.28768e-07
 3.85181e-07
 3.47070e-07
 3.13739e-07
 2.84546e-07
 2.58919e-07
 2.36361e-07
 2.16444e-07
 1.98801e-07
 1.83122e-07
 1.69143e-07
 1.56640e-07
 1.45421e-07
 1.35323e-07
 1.26208e-07
 1.17956e-07
 5.43238e-07
 4.99120e-07
 4.55974e-07
 4.15365e-07
 3.78001e-07
 3.44090e-07
 3.13566e-07
 2.86219e-07
 2.61777e-07
 2.39948e-07
 2.20445e-07
 2.03004e-07
 1.87382e-07
 1.73362e-07
 1.60755e-07
 1.49391e-07
 1.39126e-07
 1.29831e-07
 1.21394e-07
 1.13719e-07
 4.39775e-07
 4.14115e-07
 3.86323e-07
 3.58270e-07
 3.31083e-07
 3.05389e-07
 2.81497e-07
 2.59510e-07
 2.39412e-07
 2.21118e-07
 2.04506e-07
 1.89439e-07
 1.75777e-07
 1.63384e-07
 1.52133e-07
 1.41907e-07
 1.32600e-07
 1.24116e-07
 1.16369e-07
 1.09284e-07
 3.55842e-07
 3.42780e-07
 3.26140e-07
 3.07678e-07
 2.88594e-07
 2.69675e-07
 2.51414e-07
 2.34096e-07
 2.17866e-07
 2.02780e-07
 1.88834e-07
 1.75990e-07
 1.64186e-07
 1.53353e-07
 1.43416e-07
 1.34302e-07
 1.25938e-07
 1.18259e-07
 1.11201e-07
 1.04707e-07
