scalar
part
         1
quad4
 3.69859e-07
 3.54814e-07
 3.36426e-07
 3.16454e-07
 2.96085e-07
 2.76081e-07
 2.56906e-07
 2.38820e-07
 2.21946e-07
 2.06318e-07
 1.91915e-07
 1.78683e-07
 1.66551e-07
 1.55438e-07
 1.45261e-07
 1.35941e-07
 1.27400e-07
 1.19567e-07
 1.12376e-07
 1.05765e-07
 4.55408e-07
 4.27236e-07
 3.97308e-07
 3.67472e-07
 3.38809e-07
 3.11901e-07
 2.87009e-07
 2.64199e-07
 2.43422e-07
 2.24566e-07
 2.07486e-07
 1.92027e-07
 1.78036e-07
 1.65366e-07
 1.53879e-07
 1.43452e-07
 1.33973e-07
 1.25340e-07
 1.17466e-07
 1.10269e-07
 5.60549e-07
 5.13268e-07
 4.67545e-07
 4.24861e-07
 3.85834e-07
 3.50591e-07
 3.18998e-07
 2.90789e-07
 2.65647e-07
 2.43246e-07
 2.23275e-07
 2.05446e-07
 1.89502e-07
 1.75212e-07
 1.62378e-07
 1.50822e-07
 1.40393e-07
 1.30957e-07
 1.22400e-07
 1.14620e-07
 6.87813e-07
 6.13647e-07
 5.47002e-07
 4.88112e-07
 4.36527e-07
 3.91521e-07
 3.52296e-07
 3.18086e-07
 2.88192e-07
 2.62002e-07
 2.38987e-07
 2.18696e-07
 2.00746e-07
 1.84812e-07
 1.70619e-07
 1.57936e-07
 1.46565e-07
 1.36337e-07
 1.27111e-07
 1.18764e-07
 8.38201e-07
 7.27766e-07
 6.34510e-07
 5.55963e-07
 4.89728e-07
 4.33693e-07
 3.86078e-07
 3.45418e-07
 3.10515e-07
 2.80397e-07
 2.54271e-07
 2.31495e-07
 2.11541e-07
 1.93980e-07
 1.78455e-07
 1.64673e-07
 1.52390e-07
 1.41400e-07
 1.31533e-07
 1.22644e-07
 1.00969e-06
 8.52878e-07
 7.27466e-07
 6.26218e-07
 5.43672e-07
 4.75722e-07
 4.19267e-07
 3.71953e-07
 3.31972e-07
 2.97929e-07
 2.68736e-07
 2.43534e-07
 2.21645e-07
 2.02523e-07
 1.85730e-07
 1.70908e-07
 1.57766e-07
 1.46062e-07
 1.35597e-07
 1.26204e-07
 1.19551e-06
 9.83347e-07
 8.21542e-07
 6.95650e-07
 5.95982e-07
 5.15859e-07
 4.50571e-07
 3.96728e-07
 3.51840e-07
 3.14053e-07
 2.81963e-07
 2.54493e-07
 2.30806e-07
 2.10245e-07
 1.92287e-07
 1.76516e-07
 1.62593e-07
 1.50242e-07
 1.39237e-07
 1.29390e-07
 1.38274e-06
 1.11028e-06
 9.10672e-07
 7.60110e-07
 6.43787e-07
 5.52092e-07
 4.78560e-07
 4.18712e-07
 3.69366e-07
 3.28210e-07
 2.93535e-07
 2.64053e-07
 2.38781e-07
 2.16956e-07
 1.97981e-07
 1.81382e-07
 1.66779e-07
 1.53866e-07
 1.42392e-07
 1.32152e-07
 1.55225e-06
 1.22197e-06
 9.87522e-07
 8.14882e-07
 6.83983e-07
 5.82329e-07
 5.01793e-07
 4.36893e-07
 3.83824e-07
 3.39872e-07
 3.03060e-07
 2.71922e-07
 2.45347e-07
 2.22485e-07
 2.02676e-07
 1.85399e-07
 1.70240e-07
 1.56866e-07
 1.45009e-07
 1.34446e-07
 1.68102e-06
 1.30552e-06
 1.04452e-06
 8.55336e-07
 7.13631e-07
 6.04645e-07
 5.18972e-07
 4.50376e-07
 3.94584e-07
 3.48585e-07
 3.10207e-07
 2.77851e-07
 2.50317e-07
 2.26690e-07
 2.06262e-07
 1.88481e-07
 1.72907e-07
 1.59189e-07
 1.47043e-07
 1.36238e-07
 1.74764e-06
 1.34975e-06
 1.07540e-06
 8.77759e-07
 7.30430e-07
 6.17558e-07
 5.29113e-07
 4.58486e-07
 4.01172e-07
 3.54009e-07
 3.14727e-07
 2.81657e-07
 2.53552e-07
 2.29463e-07
 2.08657e-07
 1.90564e-07
 1.74729e-07
 1.60793e-07
 1.48462e-07
 1.37499e-07
 1.74005e-06
 1.34852e-06
 1.07678e-06
 8.80154e-07
 7.33143e-07
 6.20269e-07
 5.31681e-07
 4.60855e-07
 4.03327e-07
 3.55957e-07
 3.16481e-07
 2.83236e-07
 2.54972e-07
 2.30742e-07
 2.09812e-07
 1.91608e-07
 1.75676e-07
 1.61653e-07
 1.49245e-07
 1.38213e-07
 1.66123e-06
 1.30299e-06
 1.04912e-06
 8.62722e-07
 7.21844e-07
 6.12795e-07
 5.26666e-07
 4.57462e-07
 4.01027e-07
 3.54405e-07
 3.15449e-07
 2.82567e-07
 2.54562e-07
 2.30515e-07
 2.09715e-07
 1.91604e-07
 1.75738e-07
 1.61761e-07
 1.49385e-07
 1.38374e-07
 1.52799e-06
 1.22126e-06
 9.96661e-07
 8.27794e-07
 6.97888e-07
 5.95954e-07
 5.14581e-07
 4.48638e-07
 3.94488e-07
 3.49498e-07
 3.11728e-07
 2.79720e-07
 2.52367e-07
 2.28814e-07
 2.08390e-07
 1.90569e-07
 1.74927e-07
 1.61126e-07
 1.48888e-07
 1.37988e-07
 1.36373e-06
 1.11551e-06
 9.26099e-07
 7.79257e-07
 6.63620e-07
 5.71214e-07
 4.96371e-07
 4.35007e-07
 3.84133e-07
 3.41530e-07
 3.05525e-07
 2.74843e-07
 2.48497e-07
 2.25718e-07
 2.05896e-07
 1.88546e-07
 1.73278e-07
 1.59775e-07
 1.47776e-07
 1.37068e-07
 1.19034e-06
 9.98354e-07
 8.44923e-07
 7.21684e-07
 6.21921e-07
 5.40438e-07
 4.73273e-07
 4.17409e-07
 3.70545e-07
 3.30910e-07
 2.97135e-07
 2.68149e-07
 2.43109e-07
 2.21345e-07
 2.02322e-07
 1.85605e-07
 1.70843e-07
 1.57747e-07
 1.46079e-07
 1.35642e-07
 1.02363e-06
 8.80233e-07
 7.59917e-07
 6.59516e-07
 5.75734e-07
 5.05612e-07
 4.46649e-07
 3.96795e-07
 3.54396e-07
 3.18123e-07
 2.86911e-07
 2.59900e-07
 2.36398e-07
 2.15844e-07
 1.97780e-07
 1.81832e-07
 1.67690e-07
 1.55097e-07
 1.43840e-07
 1.33742e-07
 8.72601e-07
 7.68282e-07
 6.76319e-07
 5.96484e-07
 5.27702e-07
 4.68608e-07
 4.17834e-07
 3.74126e-07
 3.36387e-07
 3.03686e-07
 2.75236e-07
 2.50383e-07
 2.28583e-07
 2.09382e-07
 1.92402e-07
 1.77329e-07
 1.63898e-07
 1.51887e-07
 1.41110e-07
 1.31409e-07
 7.40890e-07
 6.66516e-07
 5.97620e-07
 5.35369e-07
 4.79949e-07
 4.31026e-07
 3.88027e-07
 3.50300e-07
 3.17194e-07
 2.88106e-07
 2.62499e-07
 2.39898e-07
 2.19895e-07
 2.02138e-07
 1.86327e-07
 1.72206e-07
 1.59555e-07
 1.48188e-07
 1.37945e-07
 1.28689e-07
 6.28720e-07
 5.76562e-07
 5.25772e-07
 4.77993e-07
 4.34024e-07
 3.94120e-07
 3.58222e-07
 3.26094e-07
 2.97420e-07
 2.71858e-07
 2.49068e-07
 2.28732e-07
 2.10560e-07
 1.94292e-07
 1.79698e-07
 1.66578e-07
 1.54754e-07
 1.44075e-07
 1.34406e-07
 1.25631e-07
