scalar
part
         1
quad4
 5.73965e-07
 5.28769e-07
 4.84146e-07
 4.41753e-07
 4.02441e-07
 3.66541e-07
 3.34074e-07
 3.04883e-07
 2.78725e-07
 2.55320e-07
 2.34384e-07
 2.15646e-07
 1.98855e-07
 1.83785e-07
 1.70234e-07
 1.58024e-07
 1.46999e-07
 1.37021e-07
 1.27971e-07
 1.19745e-07
 6.80538e-07
 6.14759e-07
 5.53256e-07
 4.97290e-07
 4.47178e-07
 4.02724e-07
 3.63484e-07
 3.28922e-07
 2.98489e-07
 2.71665e-07
 2.47981e-07
 2.27022e-07
 2.08426e-07
 1.91880e-07
 1.77116e-07
 1.63904e-07
 1.52046e-07
 1.41373e-07
 1.31740e-07
 1.23021e-07
 8.06504e-07
 7.12719e-07
 6.29523e-07
 5.56929e-07
 4.94108e-07
 4.39924e-07
 3.93201e-07
 3.52849e-07
 3.17903e-07
 2.87537e-07
 2.61051e-07
 2.37858e-07
 2.17470e-07
 1.99475e-07
 1.83532e-07
 1.69353e-07
 1.56698e-07
 1.45365e-07
 1.35180e-07
 1.26000e-07
 9.52011e-07
 8.21357e-07
 7.11270e-07
 6.19056e-07
 5.41838e-07
 4.76999e-07
 4.22311e-07
 3.75941e-07
 3.36400e-07
 3.02490e-07
 2.73243e-07
 2.47880e-07
 2.25768e-07
 2.06395e-07
 1.89340e-07
 1.74258e-07
 1.60864e-07
 1.48921e-07
 1.38232e-07
 1.28631e-07
 1.11404e-06
 9.37148e-07
 7.95363e-07
 6.81144e-07
 5.88414e-07
 5.12464e-07
 4.49692e-07
 3.97352e-07
 3.53340e-07
 3.16037e-07
 2.84184e-07
 2.56796e-07
 2.33096e-07
 2.12464e-07
 1.94402e-07
 1.78508e-07
 1.64454e-07
 1.51972e-07
 1.40838e-07
 1.30868e-07
 1.28451e-06
 1.05359e-06
 8.76992e-07
 7.39734e-07
 6.31368e-07
 5.44555e-07
 4.74075e-07
 4.16160e-07
 3.68045e-07
 3.27675e-07
 2.93497e-07
 2.64323e-07
 2.39235e-07
 2.17513e-07
 1.98586e-07
 1.82000e-07
 1.67388e-07
 1.54451e-07
 1.42945e-07
 1.32668e-07
 1.44886e-06
 1.16104e-06
 9.49824e-07
 7.90645e-07
 6.67900e-07
 5.71366e-07
 4.94140e-07
 4.31435e-07
 3.79850e-07
 3.36921e-07
 3.00825e-07
 2.70195e-07
 2.43985e-07
 2.21390e-07
 2.01776e-07
 1.84644e-07
 1.69594e-07
 1.56303e-07
 1.44508e-07
 1.33994e-07
 1.58668e-06
 1.24761e-06
 1.00675e-06
 8.29484e-07
 6.95212e-07
 5.91064e-07
 5.08656e-07
 4.42331e-07
 3.88162e-07
 3.43352e-07
 3.05864e-07
 2.74186e-07
 2.47179e-07
 2.23968e-07
 2.03874e-07
 1.86363e-07
 1.71012e-07
 1.57480e-07
 1.45491e-07
 1.34819e-07
 1.67593e-06
 1.30165e-06
 1.04123e-06
 8.52393e-07
 7.10932e-07
 6.02140e-07
 5.16633e-07
 4.48184e-07
 3.92524e-07
 3.46648e-07
 3.08382e-07
 2.76130e-07
 2.48692e-07
 2.25154e-07
 2.04810e-07
 1.87106e-07
 1.71603e-07
 1.57952e-07
 1.45868e-07
 1.35121e-07
 1.70015e-06
 1.31496e-06
 1.04885e-06
 8.56845e-07
 7.13547e-07
 6.03651e-07
 5.17465e-07
 4.48591e-07
 3.92664e-07
 3.46619e-07
 3.08248e-07
 2.75932e-07
 2.48457e-07
 2.24899e-07
 2.04547e-07
 1.86842e-07
 1.71345e-07
 1.57701e-07
 1.45627e-07
 1.34890e-07
 1.65486e-06
 1.28536e-06
 1.02846e-06
 8.42211e-07
 7.02692e-07
 5.95379e-07
 5.11018e-07
 4.43469e-07
 3.88528e-07
 3.43231e-07
 3.05439e-07
 2.73576e-07
 2.46462e-07
 2.23195e-07
 2.03080e-07
 1.85571e-07
 1.70235e-07
 1.56727e-07
 1.44767e-07
 1.34128e-07
 1.54881e-06
 1.21724e-06
 9.82455e-07
 8.09879e-07
 6.79218e-07
 5.77868e-07
 4.97652e-07
 4.33065e-07
 3.80290e-07
 3.36609e-07
 3.00045e-07
 2.69132e-07
 2.42760e-07
 2.20083e-07
 2.00441e-07
 1.83315e-07
 1.68294e-07
 1.55045e-07
 1.43302e-07
 1.32843e-07
 1.39970e-06
 1.11988e-06
 9.16024e-07
 7.62910e-07
 6.45012e-07
 5.52328e-07
 4.78168e-07
 4.17923e-07
 3.68329e-07
 3.27024e-07
 2.92265e-07
 2.62743e-07
 2.37461e-07
 2.15646e-07
 1.96694e-07
 1.80126e-07
 1.65560e-07
 1.52687e-07
 1.41255e-07
 1.31057e-07
 1.22814e-06
 1.00472e-06
 8.35853e-07
 7.05378e-07
 6.02650e-07
 5.20437e-07
 4.53693e-07
 3.98817e-07
 3.53189e-07
 3.14864e-07
 2.82381e-07
 2.54622e-07
 2.30722e-07
 2.10004e-07
 1.91931e-07
 1.76076e-07
 1.62092e-07
 1.49699e-07
 1.38664e-07
 1.28799e-07
 1.05258e-06
 8.82834e-07
 7.48785e-07
 6.41639e-07
 5.54980e-07
 4.84105e-07
 4.25534e-07
 3.76662e-07
 3.35522e-07
 3.00604e-07
 2.70743e-07
 2.45028e-07
 2.22740e-07
 2.03308e-07
 1.86270e-07
 1.71256e-07
 1.57962e-07
 1.46137e-07
 1.35576e-07
 1.26107e-07
 8.86566e-07
 7.63181e-07
 6.60785e-07
 5.75709e-07
 5.04744e-07
 4.45234e-07
 3.95031e-07
 3.52419e-07
 3.16025e-07
 2.84756e-07
 2.57733e-07
 2.34251e-07
 2.13738e-07
 1.95729e-07
 1.79845e-07
 1.65772e-07
 1.53252e-07
 1.42069e-07
 1.32044e-07
 1.23024e-07
 7.38034e-07
 6.51897e-07
 5.76367e-07
 5.10857e-07
 4.54304e-07
 4.05537e-07
 3.63438e-07
 3.27010e-07
 2.95387e-07
 2.67838e-07
 2.43745e-07
 2.22592e-07
 2.03948e-07
 1.87451e-07
 1.72799e-07
 1.59738e-07
 1.48055e-07
 1.37570e-07
 1.28128e-07
 1.19601e-07
 6.10192e-07
 5.52373e-07
 4.98465e-07
 4.49442e-07
 4.05498e-07
 3.66427e-07
 3.31834e-07
 3.01259e-07
 2.74239e-07
 2.50337e-07
 2.29156e-07
 2.10347e-07
 1.93602e-07
 1.78655e-07
 1.65278e-07
 1.53271e-07
 1.42466e-07
 1.32715e-07
 1.23892e-07
 1.15888e-07
 5.02997e-07
 4.65824e-07
 4.28618e-07
 3.92941e-07
 3.59608e-07
 3.28963e-07
 3.01075e-07
 2.75854e-07
 2.53128e-07
 2.32687e-07
 2.14312e-07
 1.97790e-07
 1.82920e-07
 1.69520e-07
 1.57425e-07
 1.46488e-07
 1.36578e-07
 1.27582e-07
 1.19398e-07
 1.11938e-07
 4.14607e-07
 3.92011e-07
 3.67297e-07
 3.42086e-07
 3.17406e-07
 2.93866e-07
 2.71793e-07
 2.51328e-07
 2.32496e-07
 2.15253e-07
 1.99511e-07
 1.85166e-07
 1.72103e-07
 1.60209e-07
 1.49375e-07
 1.39499e-07
 1.30485e-07
 1.22249e-07
 1.14712e-07
 1.07805e-07
