scalar
part
         1
quad4
 3.70434e-07
 3.55332e-07
 3.36891e-07
 3.16871e-07
 2.96457e-07
 2.76414e-07
 2.57204e-07
 2.39088e-07
 2.22187e-07
 2.06536e-07
 1.92112e-07
 1.78863e-07
 1.66714e-07
 1.55587e-07
 1.45399e-07
 1.36067e-07
 1.27517e-07
 1.19675e-07
 1.12475e-07
 1.05858e-07
 4.56091e-07
 4.27839e-07
 3.97840e-07
 3.67940e-07
 3.39221e-07
 3.12265e-07
 2.87332e-07
 2.64486e-07
 2.43679e-07
 2.24796e-07
 2.07693e-07
 1.92215e-07
 1.78206e-07
 1.65520e-07
 1.54021e-07
 1.43582e-07
 1.34092e-07
 1.25450e-07
 1.17567e-07
 1.10363e-07
 5.61361e-07
 5.13968e-07
 4.68149e-07
 4.25384e-07
 3.86288e-07
 3.50987e-07
 3.19345e-07
 2.91094e-07
 2.65918e-07
 2.43488e-07
 2.23491e-07
 2.05641e-07
 1.89677e-07
 1.75372e-07
 1.62523e-07
 1.50955e-07
 1.40514e-07
 1.31069e-07
 1.22503e-07
 1.14716e-07
 6.88776e-07
 6.14455e-07
 5.47683e-07
 4.88690e-07
 4.37021e-07
 3.91946e-07
 3.52666e-07
 3.18409e-07
 2.88476e-07
 2.62253e-07
 2.39211e-07
 2.18897e-07
 2.00926e-07
 1.84975e-07
 1.70768e-07
 1.58071e-07
 1.46689e-07
 1.36451e-07
 1.27216e-07
 1.18861e-07
 8.39333e-07
 7.28688e-07
 6.35269e-07
 5.56596e-07
 4.90261e-07
 4.34146e-07
 3.86468e-07
 3.45756e-07
 3.10811e-07
 2.80657e-07
 2.54502e-07
 2.31700e-07
 2.11726e-07
 1.94146e-07
 1.78606e-07
 1.64810e-07
 1.52515e-07
 1.41515e-07
 1.31639e-07
 1.22742e-07
 1.01100e-06
 8.53912e-07
 7.28298e-07
 6.26898e-07
 5.44237e-07
 4.76197e-07
 4.19673e-07
 3.72302e-07
 3.32275e-07
 2.98195e-07
 2.68970e-07
 2.43743e-07
 2.21832e-07
 2.02691e-07
 1.85882e-07
 1.71046e-07
 1.57892e-07
 1.46177e-07
 1.35703e-07
 1.26302e-07
 1.19698e-06
 9.84477e-07
 8.22433e-07
 6.96368e-07
 5.96571e-07
 5.16351e-07
 4.50987e-07
 3.97084e-07
 3.52148e-07
 3.14322e-07
 2.82200e-07
 2.54703e-07
 2.30994e-07
 2.10414e-07
 1.92440e-07
 1.76655e-07
 1.62719e-07
 1.50358e-07
 1.39343e-07
 1.29488e-07
 1.38433e-06
 1.11148e-06
 9.11600e-07
 7.60849e-07
 6.44389e-07
 5.52591e-07
 4.78981e-07
 4.19071e-07
 3.69675e-07
 3.28480e-07
 2.93772e-07
 2.64263e-07
 2.38968e-07
 2.17124e-07
 1.98133e-07
 1.81520e-07
 1.66905e-07
 1.53981e-07
 1.42498e-07
 1.32249e-07
 1.55389e-06
 1.22318e-06
 9.88457e-07
 8.15622e-07
 6.84583e-07
 5.82826e-07
 5.02210e-07
 4.37249e-07
 3.84131e-07
 3.40140e-07
 3.03296e-07
 2.72130e-07
 2.45533e-07
 2.22652e-07
 2.02827e-07
 1.85536e-07
 1.70364e-07
 1.56981e-07
 1.45114e-07
 1.34543e-07
 1.68262e-06
 1.30671e-06
 1.04543e-06
 8.56057e-07
 7.14216e-07
 6.05129e-07
 5.19380e-07
 4.50724e-07
 3.94884e-07
 3.48847e-07
 3.10438e-07
 2.78056e-07
 2.50500e-07
 2.26854e-07
 2.06410e-07
 1.88615e-07
 1.73030e-07
 1.59301e-07
 1.47146e-07
 1.36333e-07
 1.74911e-06
 1.35085e-06
 1.07626e-06
 8.78440e-07
 7.30986e-07
 6.18021e-07
 5.29505e-07
 4.58822e-07
 4.01462e-07
 3.54263e-07
 3.14951e-07
 2.81856e-07
 2.53730e-07
 2.29623e-07
 2.08802e-07
 1.90695e-07
 1.74849e-07
 1.60903e-07
 1.48563e-07
 1.37592e-07
 1.74133e-06
 1.34950e-06
 1.07755e-06
 8.80780e-07
 7.33660e-07
 6.20703e-07
 5.32050e-07
 4.61173e-07
 4.03604e-07
 3.56200e-07
 3.16697e-07
 2.83427e-07
 2.55144e-07
 2.30897e-07
 2.09953e-07
 1.91736e-07
 1.75793e-07
 1.61760e-07
 1.49344e-07
 1.38304e-07
 1.66229e-06
 1.30383e-06
 1.04980e-06
 8.63283e-07
 7.22314e-07
 6.13194e-07
 5.27009e-07
 4.57760e-07
 4.01288e-07
 3.54635e-07
 3.15653e-07
 2.82750e-07
 2.54726e-07
 2.30664e-07
 2.09851e-07
 1.91728e-07
 1.75851e-07
 1.61865e-07
 1.49481e-07
 1.38463e-07
 1.52885e-06
 1.22196e-06
 9.97246e-07
 8.28287e-07
 6.98308e-07
 5.96315e-07
 5.14895e-07
 4.48913e-07
 3.94731e-07
 3.49714e-07
 3.11921e-07
 2.79894e-07
 2.52524e-07
 2.28956e-07
 2.08520e-07
 1.90687e-07
 1.75036e-07
 1.61227e-07
 1.48981e-07
 1.38074e-07
 1.36441e-06
 1.11608e-06
 9.26593e-07
 7.79682e-07
 6.63990e-07
 5.71537e-07
 4.96655e-07
 4.35259e-07
 3.84357e-07
 3.41731e-07
 3.05706e-07
 2.75006e-07
 2.48646e-07
 2.25853e-07
 2.06020e-07
 1.88660e-07
 1.73383e-07
 1.59871e-07
 1.47865e-07
 1.37152e-07
 1.19087e-06
 9.98821e-07
 8.45335e-07
 7.22047e-07
 6.22242e-07
 5.40723e-07
 4.73527e-07
 4.17637e-07
 3.70750e-07
 3.31095e-07
 2.97303e-07
 2.68301e-07
 2.43248e-07
 2.21473e-07
 2.02439e-07
 1.85713e-07
 1.70943e-07
 1.57840e-07
 1.46165e-07
 1.35722e-07
 1.02404e-06
 8.80609e-07
 7.60257e-07
 6.59822e-07
 5.76011e-07
 5.05862e-07
 4.46874e-07
 3.96999e-07
 3.54581e-07
 3.18292e-07
 2.87065e-07
 2.60041e-07
 2.36528e-07
 2.15963e-07
 1.97891e-07
 1.81934e-07
 1.67784e-07
 1.55185e-07
 1.43922e-07
 1.33818e-07
 8.72924e-07
 7.68584e-07
 6.76599e-07
 5.96742e-07
 5.27938e-07
 4.68825e-07
 4.18033e-07
 3.74308e-07
 3.36554e-07
 3.03839e-07
 2.75377e-07
 2.50514e-07
 2.28703e-07
 2.09493e-07
 1.92505e-07
 1.77425e-07
 1.63987e-07
 1.51971e-07
 1.41188e-07
 1.31482e-07
 7.41142e-07
 6.66757e-07
 5.97849e-07
 5.35584e-07
 4.80150e-07
 4.31213e-07
 3.88201e-07
 3.50461e-07
 3.17343e-07
 2.88245e-07
 2.62628e-07
 2.40017e-07
 2.20006e-07
 2.02241e-07
 1.86423e-07
 1.72296e-07
 1.59639e-07
 1.48267e-07
 1.38019e-07
 1.28758e-07
 6.28917e-07
 5.76756e-07
 5.25959e-07
 4.78173e-07
 4.34194e-07
 3.94281e-07
 3.58373e-07
 3.26236e-07
 2.97554e-07
 2.71983e-07
 2.49185e-07
 2.28841e-07
 2.10662e-07
 1.94387e-07
 1.79788e-07
 1.66662e-07
 1.54833e-07
 1.44149e-07
 1.34476e-07
 1.25697e-07
