scalar
part
         1
quad4
 5.56999e-07
 5.14658e-07
 4.72555e-07
 4.32312e-07
 3.94795e-07
 3.60372e-07
 3.29108e-07
 3.00893e-07
 2.75524e-07
 2.52756e-07
 2.32334e-07
 2.14012e-07
 1.97559e-07
 1.82762e-07
 1.69434e-07
 1.57406e-07
 1.46529e-07
 1.36673e-07
 1.27722e-07
 1.19577e-07
 6.60999e-07
 5.99034e-07
 5.40737e-07
 4.87391e-07
 4.39381e-07
 3.96597e-07
 3.58678e-07
 3.25156e-07
 2.95543e-07
 2.69366e-07
 2.46194e-07
 2.25641e-07
 2.07368e-07
 1.91080e-07
 1.76522e-07
 1.63475e-07
 1.51749e-07
 1.41183e-07
 1.31635e-07
 1.22986e-07
 7.84221e-07
 6.95487e-07
 6.16304e-07
 5.46831e-07
 4.86410e-07
 4.34060e-07
 3.88740e-07
 3.49460e-07
 3.15337e-07
 2.85604e-07
 2.59607e-07
 2.36795e-07
 2.16702e-07
 1.98938e-07
 1.83176e-07
 1.69139e-07
 1.56596e-07
 1.45350e-07
 1.35235e-07
 1.26108e-07
 9.27127e-07
 8.03017e-07
 6.97806e-07
 6.09182e-07
 5.34597e-07
 4.71690e-07
 4.18426e-07
 3.73110e-07
 3.34355e-07
 3.01033e-07
 2.72229e-07
 2.47201e-07
 2.25343e-07
 2.06163e-07
 1.89256e-07
 1.74286e-07
 1.60978e-07
 1.49100e-07
 1.38459e-07
 1.28894e-07
 1.08733e-06
 9.18567e-07
 7.82422e-07
 6.72113e-07
 5.82108e-07
 5.08071e-07
 4.46655e-07
 3.95283e-07
 3.51969e-07
 3.15172e-07
 2.83687e-07
 2.56569e-07
 2.33066e-07
 2.12578e-07
 1.94621e-07
 1.78803e-07
 1.64803e-07
 1.52359e-07
 1.41250e-07
 1.31296e-07
 1.25782e-06
 1.03629e-06
 8.65710e-07
 7.32365e-07
 6.26580e-07
 5.41493e-07
 4.72182e-07
 4.15066e-07
 3.67503e-07
 3.27514e-07
 2.93600e-07
 2.64609e-07
 2.39646e-07
 2.18008e-07
 1.99136e-07
 1.82583e-07
 1.67989e-07
 1.55059e-07
 1.43552e-07
 1.33268e-07
 1.42553e-06
 1.14726e-06
 9.41678e-07
 7.85909e-07
 6.65274e-07
 5.70067e-07
 4.93685e-07
 4.31519e-07
 3.80278e-07
 3.37566e-07
 3.01602e-07
 2.71048e-07
 2.44877e-07
 2.22295e-07
 2.02677e-07
 1.85530e-07
 1.70458e-07
 1.57141e-07
 1.45318e-07
 1.34774e-07
 1.57149e-06
 1.24012e-06
 1.00338e-06
 8.28374e-07
 6.95365e-07
 5.91922e-07
 5.09896e-07
 4.43765e-07
 3.89678e-07
 3.44883e-07
 3.07370e-07
 2.75646e-07
 2.48579e-07
 2.25303e-07
 2.05142e-07
 1.87565e-07
 1.72149e-07
 1.58555e-07
 1.46507e-07
 1.35780e-07
 1.67405e-06
 1.30311e-06
 1.04407e-06
 8.55721e-07
 7.14341e-07
 6.05443e-07
 5.19747e-07
 4.51080e-07
 3.95201e-07
 3.49112e-07
 3.10650e-07
 2.78218e-07
 2.50616e-07
 2.26930e-07
 2.06452e-07
 1.88627e-07
 1.73015e-07
 1.59266e-07
 1.47092e-07
 1.36264e-07
 1.71512e-06
 1.32701e-06
 1.05870e-06
 8.65029e-07
 7.20435e-07
 6.09520e-07
 5.22520e-07
 4.52987e-07
 3.96521e-07
 3.50027e-07
 3.11281e-07
 2.78648e-07
 2.50902e-07
 2.27112e-07
 2.06559e-07
 1.88679e-07
 1.73028e-07
 1.59250e-07
 1.47056e-07
 1.36213e-07
 1.68661e-06
 1.30784e-06
 1.04518e-06
 8.55119e-07
 7.12954e-07
 6.03733e-07
 5.17949e-07
 4.49314e-07
 3.93524e-07
 3.47550e-07
 3.09211e-07
 2.76899e-07
 2.49412e-07
 2.25832e-07
 2.05450e-07
 1.87714e-07
 1.72182e-07
 1.58504e-07
 1.46395e-07
 1.35625e-07
 1.59341e-06
 1.24813e-06
 1.00490e-06
 8.26831e-07
 6.92424e-07
 5.88422e-07
 5.06266e-07
 4.40221e-07
 3.86325e-07
 3.41765e-07
 3.04500e-07
 2.73018e-07
 2.46180e-07
 2.23116e-07
 2.03148e-07
 1.85747e-07
 1.70489e-07
 1.57038e-07
 1.45118e-07
 1.34506e-07
 1.45112e-06
 1.15597e-06
 9.42385e-07
 7.82822e-07
 6.60484e-07
 5.64639e-07
 4.88165e-07
 4.26182e-07
 3.75255e-07
 3.32908e-07
 2.97321e-07
 2.67132e-07
 2.41304e-07
 2.19037e-07
 1.99708e-07
 1.82822e-07
 1.67985e-07
 1.54880e-07
 1.43247e-07
 1.32874e-07
 1.28053e-06
 1.04266e-06
 8.64124e-07
 7.27007e-07
 6.19588e-07
 5.33975e-07
 4.64709e-07
 4.07924e-07
 3.60823e-07
 3.21343e-07
 2.87939e-07
 2.59436e-07
 2.34928e-07
 2.13708e-07
 1.95216e-07
 1.79007e-07
 1.64723e-07
 1.52072e-07
 1.40816e-07
 1.30758e-07
 1.10183e-06
 9.19901e-07
 7.77191e-07
 6.63809e-07
 5.72589e-07
 4.98322e-07
 4.37185e-07
 3.86342e-07
 3.43663e-07
 3.07527e-07
 2.76690e-07
 2.50182e-07
 2.27244e-07
 2.07273e-07
 1.89784e-07
 1.74389e-07
 1.60771e-07
 1.48669e-07
 1.37869e-07
 1.28192e-07
 9.30509e-07
 7.97631e-07
 6.88015e-07
 5.97467e-07
 5.22339e-07
 4.59635e-07
 4.06957e-07
 3.62405e-07
 3.24474e-07
 2.91973e-07
 2.63953e-07
 2.39656e-07
 2.18469e-07
 1.99899e-07
 1.83544e-07
 1.69072e-07
 1.56211e-07
 1.44736e-07
 1.34458e-07
 1.25220e-07
 7.76044e-07
 6.82867e-07
 6.01615e-07
 5.31536e-07
 4.71358e-07
 4.19715e-07
 3.75326e-07
 3.37062e-07
 3.03959e-07
 2.75206e-07
 2.50127e-07
 2.28159e-07
 2.08836e-07
 1.91770e-07
 1.76637e-07
 1.63167e-07
 1.51134e-07
 1.40346e-07
 1.30643e-07
 1.21888e-07
 6.42519e-07
 5.79639e-07
 5.21350e-07
 4.68644e-07
 4.21652e-07
 3.80078e-07
 3.43434e-07
 3.11178e-07
 2.82775e-07
 2.57728e-07
 2.35597e-07
 2.15993e-07
 1.98580e-07
 1.83069e-07
 1.69211e-07
 1.56793e-07
 1.45633e-07
 1.35576e-07
 1.26487e-07
 1.18250e-07
 5.30295e-07
 4.89546e-07
 4.49057e-07
 4.10483e-07
 3.74652e-07
 3.41886e-07
 3.12209e-07
 2.85485e-07
 2.61496e-07
 2.39993e-07
 2.20722e-07
 2.03442e-07
 1.87928e-07
 1.73978e-07
 1.61411e-07
 1.50067e-07
 1.39806e-07
 1.30504e-07
 1.22053e-07
 1.14358e-07
 4.37635e-07
 4.12535e-07
 3.85392e-07
 3.57938e-07
 3.31248e-07
 3.05944e-07
 2.82340e-07
 2.60558e-07
 2.40597e-07
 2.22386e-07
 2.05816e-07
 1.90760e-07
 1.77087e-07
 1.64666e-07
 1.53376e-07
 1.43103e-07
 1.33745e-07
 1.25207e-07
 1.17405e-07
 1.10265e-07
