scalar
part
         1
quad4
 5.72956e-07
 5.27890e-07
 4.83383e-07
 4.41090e-07
 4.01864e-07
 3.66039e-07
 3.33635e-07
 3.04499e-07
 2.78387e-07
 2.55021e-07
 2.34119e-07
 2.15409e-07
 1.98643e-07
 1.83595e-07
 1.70062e-07
 1.57869e-07
 1.46858e-07
 1.36893e-07
 1.27854e-07
 1.19637e-07
 6.79395e-07
 6.13782e-07
 5.52423e-07
 4.96579e-07
 4.46569e-07
 4.02199e-07
 3.63031e-07
 3.28529e-07
 2.98145e-07
 2.71363e-07
 2.47715e-07
 2.26786e-07
 2.08215e-07
 1.91692e-07
 1.76947e-07
 1.63752e-07
 1.51908e-07
 1.41248e-07
 1.31625e-07
 1.22916e-07
 8.05213e-07
 7.11642e-07
 6.28623e-07
 5.56174e-07
 4.93471e-07
 4.39383e-07
 3.92739e-07
 3.52450e-07
 3.17558e-07
 2.87235e-07
 2.60786e-07
 2.37625e-07
 2.17262e-07
 1.99290e-07
 1.83366e-07
 1.69204e-07
 1.56563e-07
 1.45242e-07
 1.35069e-07
 1.25898e-07
 9.50566e-07
 8.20185e-07
 7.10312e-07
 6.18267e-07
 5.41183e-07
 4.76449e-07
 4.21845e-07
 3.75543e-07
 3.36058e-07
 3.02193e-07
 2.72984e-07
 2.47651e-07
 2.25566e-07
 2.06215e-07
 1.89179e-07
 1.74113e-07
 1.60733e-07
 1.48803e-07
 1.38125e-07
 1.28533e-07
 1.11245e-06
 9.35895e-07
 7.94364e-07
 6.80337e-07
 5.87753e-07
 5.11916e-07
 4.49232e-07
 3.96962e-07
 3.53006e-07
 3.15749e-07
 2.83933e-07
 2.56576e-07
 2.32902e-07
 2.12291e-07
 1.94248e-07
 1.78369e-07
 1.64329e-07
 1.51859e-07
 1.40735e-07
 1.30774e-07
 1.28281e-06
 1.05229e-06
 8.75979e-07
 7.38929e-07
 6.30717e-07
 5.44021e-07
 4.73630e-07
 4.15785e-07
 3.67725e-07
 3.27400e-07
 2.93258e-07
 2.64114e-07
 2.39051e-07
 2.17349e-07
 1.98440e-07
 1.81869e-07
 1.67270e-07
 1.54344e-07
 1.42847e-07
 1.32579e-07
 1.44712e-06
 1.15974e-06
 9.48834e-07
 7.89870e-07
 6.67280e-07
 5.70860e-07
 4.93721e-07
 4.31082e-07
 3.79550e-07
 3.36663e-07
 3.00602e-07
 2.69999e-07
 2.43813e-07
 2.21237e-07
 2.01639e-07
 1.84521e-07
 1.69483e-07
 1.56202e-07
 1.44417e-07
 1.33911e-07
 1.58500e-06
 1.24639e-06
 1.00583e-06
 8.28769e-07
 6.94642e-07
 5.90601e-07
 5.08273e-07
 4.42009e-07
 3.87889e-07
 3.43117e-07
 3.05660e-07
 2.74007e-07
 2.47021e-07
 2.23827e-07
 2.03748e-07
 1.86250e-07
 1.70910e-07
 1.57388e-07
 1.45406e-07
 1.34741e-07
 1.67445e-06
 1.30059e-06
 1.04043e-06
 8.51769e-07
 7.10434e-07
 6.01734e-07
 5.16296e-07
 4.47900e-07
 3.92282e-07
 3.46438e-07
 3.08200e-07
 2.75970e-07
 2.48551e-07
 2.25028e-07
 2.04696e-07
 1.87003e-07
 1.71511e-07
 1.57868e-07
 1.45791e-07
 1.35050e-07
 1.69900e-06
 1.31412e-06
 1.04821e-06
 8.56339e-07
 7.13138e-07
 6.03314e-07
 5.17182e-07
 4.48351e-07
 3.92458e-07
 3.46439e-07
 3.08090e-07
 2.75792e-07
 2.48332e-07
 2.24788e-07
 2.04446e-07
 1.86751e-07
 1.71262e-07
 1.57626e-07
 1.45558e-07
 1.34826e-07
 1.65412e-06
 1.28478e-06
 1.02800e-06
 8.41838e-07
 7.02382e-07
 5.95118e-07
 5.10794e-07
 4.43276e-07
 3.88360e-07
 3.43083e-07
 3.05307e-07
 2.73459e-07
 2.46356e-07
 2.23100e-07
 2.02993e-07
 1.85491e-07
 1.70163e-07
 1.56661e-07
 1.44706e-07
 1.34071e-07
 1.54847e-06
 1.21694e-06
 9.82187e-07
 8.09643e-07
 6.79010e-07
 5.77685e-07
 4.97490e-07
 4.32921e-07
 3.80161e-07
 3.36493e-07
 2.99941e-07
 2.69036e-07
 2.42674e-07
 2.20004e-07
 2.00368e-07
 1.83248e-07
 1.68232e-07
 1.54988e-07
 1.43248e-07
 1.32793e-07
 1.39971e-06
 1.11982e-06
 9.15928e-07
 7.62802e-07
 6.44902e-07
 5.52221e-07
 4.78066e-07
 4.17827e-07
 3.68239e-07
 3.26940e-07
 2.92187e-07
 2.62671e-07
 2.37393e-07
 2.15583e-07
 1.96635e-07
 1.80072e-07
 1.65509e-07
 1.52639e-07
 1.41210e-07
 1.31015e-07
 1.22839e-06
 1.00485e-06
 8.35901e-07
 7.05382e-07
 6.02628e-07
 5.20400e-07
 4.53647e-07
 3.98767e-07
 3.53136e-07
 3.14812e-07
 2.82330e-07
 2.54572e-07
 2.30674e-07
 2.09957e-07
 1.91887e-07
 1.76034e-07
 1.62052e-07
 1.49660e-07
 1.38628e-07
 1.28764e-07
 1.05299e-06
 8.83090e-07
 7.48944e-07
 6.41734e-07
 5.55032e-07
 4.84128e-07
 4.25537e-07
 3.76653e-07
 3.35504e-07
 3.00580e-07
 2.70716e-07
 2.44999e-07
 2.22710e-07
 2.03277e-07
 1.86240e-07
 1.71226e-07
 1.57932e-07
 1.46108e-07
 1.35548e-07
 1.26079e-07
 8.87053e-07
 7.63521e-07
 6.61021e-07
 5.75871e-07
 5.04854e-07
 4.45306e-07
 3.95077e-07
 3.52445e-07
 3.16038e-07
 2.84759e-07
 2.57729e-07
 2.34241e-07
 2.13725e-07
 1.95713e-07
 1.79827e-07
 1.65753e-07
 1.53233e-07
 1.42049e-07
 1.32024e-07
 1.23004e-07
 7.38555e-07
 6.52284e-07
 5.76652e-07
 5.11066e-07
 4.54458e-07
 4.05649e-07
 3.63519e-07
 3.27067e-07
 2.95426e-07
 2.67864e-07
 2.43761e-07
 2.22600e-07
 2.03950e-07
 1.87448e-07
 1.72793e-07
 1.59730e-07
 1.48045e-07
 1.37558e-07
 1.28116e-07
 1.19587e-07
 6.10714e-07
 5.52778e-07
 4.98778e-07
 4.49683e-07
 4.05683e-07
 3.66568e-07
 3.31942e-07
 3.01341e-07
 2.74301e-07
 2.50383e-07
 2.29190e-07
 2.10371e-07
 1.93618e-07
 1.78665e-07
 1.65283e-07
 1.53273e-07
 1.42465e-07
 1.32711e-07
 1.23886e-07
 1.15881e-07
 5.03502e-07
 4.66229e-07
 4.28942e-07
 3.93199e-07
 3.59813e-07
 3.29125e-07
 3.01204e-07
 2.75956e-07
 2.53208e-07
 2.32749e-07
 2.14360e-07
 1.97827e-07
 1.82949e-07
 1.69542e-07
 1.57441e-07
 1.46499e-07
 1.36586e-07
 1.27586e-07
 1.19400e-07
 1.11938e-07
 4.15085e-07
 3.92406e-07
 3.67621e-07
 3.42351e-07
 3.17622e-07
 2.94042e-07
 2.71936e-07
 2.51444e-07
 2.32590e-07
 2.15329e-07
 1.99572e-07
 1.85215e-07
 1.72143e-07
 1.60241e-07
 1.49400e-07
 1.39518e-07
 1.30500e-07
 1.22260e-07
 1.14720e-07
 1.07811e-07
