scalar
part
         1
quad4
 6.47714e-07
 5.92619e-07
 5.39271e-07
 4.89311e-07
 4.43507e-07
 4.02074e-07
 3.64906e-07
 3.31727e-07
 3.02183e-07
 2.75898e-07
 2.52508e-07
 2.31671e-07
 2.13080e-07
 1.96461e-07
 1.81571e-07
 1.68200e-07
 1.56163e-07
 1.45303e-07
 1.35478e-07
 1.26570e-07
 7.61807e-07
 6.83755e-07
 6.11775e-07
 5.46983e-07
 4.89491e-07
 4.38888e-07
 3.94529e-07
 3.55699e-07
 3.21697e-07
 2.91880e-07
 2.65675e-07
 2.42583e-07
 2.22174e-07
 2.04080e-07
 1.87989e-07
 1.73632e-07
 1.60783e-07
 1.49249e-07
 1.38863e-07
 1.29486e-07
 8.95381e-07
 7.86496e-07
 6.90870e-07
 6.08132e-07
 5.37063e-07
 4.76171e-07
 4.23978e-07
 3.79146e-07
 3.40514e-07
 3.07096e-07
 2.78069e-07
 2.52750e-07
 2.30568e-07
 2.11054e-07
 1.93817e-07
 1.78529e-07
 1.64920e-07
 1.52760e-07
 1.41857e-07
 1.32049e-07
 1.04794e-06
 8.98985e-07
 7.74428e-07
 6.70812e-07
 5.84593e-07
 5.12612e-07
 4.52223e-07
 4.01268e-07
 3.58011e-07
 3.21064e-07
 2.89317e-07
 2.61879e-07
 2.38034e-07
 2.17203e-07
 1.98913e-07
 1.82778e-07
 1.68482e-07
 1.55762e-07
 1.44400e-07
 1.34212e-07
 1.21539e-06
 1.01687e-06
 8.58739e-07
 7.32104e-07
 6.29865e-07
 5.46560e-07
 4.78037e-07
 4.21151e-07
 3.73506e-07
 3.33271e-07
 2.99028e-07
 2.69675e-07
 2.44344e-07
 2.22348e-07
 2.03138e-07
 1.86270e-07
 1.71384e-07
 1.58187e-07
 1.46436e-07
 1.35930e-07
 1.38803e-06
 1.13259e-06
 9.38314e-07
 7.88133e-07
 6.70166e-07
 5.76104e-07
 5.00065e-07
 4.37824e-07
 3.86297e-07
 3.43202e-07
 3.06822e-07
 2.75851e-07
 2.49281e-07
 2.26325e-07
 2.06364e-07
 1.88904e-07
 1.73548e-07
 1.59973e-07
 1.47917e-07
 1.37163e-07
 1.54912e-06
 1.23524e-06
 1.00615e-06
 8.34361e-07
 7.02509e-07
 5.99246e-07
 5.16946e-07
 4.50344e-07
 3.95719e-07
 3.50382e-07
 3.12354e-07
 2.80154e-07
 2.52656e-07
 2.28992e-07
 2.08485e-07
 1.90599e-07
 1.74909e-07
 1.61070e-07
 1.48803e-07
 1.37881e-07
 1.67589e-06
 1.31188e-06
 1.05465e-06
 8.66199e-07
 7.24033e-07
 6.14150e-07
 5.27471e-07
 4.57898e-07
 4.01212e-07
 3.54418e-07
 3.15344e-07
 2.82382e-07
 2.54322e-07
 2.30239e-07
 2.09416e-07
 1.91292e-07
 1.75419e-07
 1.61440e-07
 1.49066e-07
 1.38059e-07
 1.74468e-06
 1.35038e-06
 1.07724e-06
 8.79882e-07
 7.32490e-07
 6.19425e-07
 5.30752e-07
 4.59902e-07
 4.02383e-07
 3.55041e-07
 3.15604e-07
 2.82401e-07
 2.54182e-07
 2.29995e-07
 2.09107e-07
 1.90943e-07
 1.75049e-07
 1.61062e-07
 1.48687e-07
 1.37687e-07
 1.73962e-06
 1.34329e-06
 1.07010e-06
 8.73345e-07
 7.26703e-07
 6.14373e-07
 5.26361e-07
 4.56086e-07
 3.99061e-07
 3.52139e-07
 3.13059e-07
 2.80160e-07
 2.52201e-07
 2.28238e-07
 2.07542e-07
 1.89543e-07
 1.73793e-07
 1.59930e-07
 1.47665e-07
 1.36760e-07
 1.65995e-06
 1.29058e-06
 1.03341e-06
 8.46769e-07
 7.06835e-07
 5.99128e-07
 5.14409e-07
 4.46540e-07
 3.91316e-07
 3.45769e-07
 3.07756e-07
 2.75699e-07
 2.48412e-07
 2.24992e-07
 2.04740e-07
 1.87109e-07
 1.71664e-07
 1.58057e-07
 1.46009e-07
 1.35289e-07
 1.52031e-06
 1.19968e-06
 9.71245e-07
 8.02554e-07
 6.74368e-07
 5.74648e-07
 4.95532e-07
 4.31704e-07
 3.79460e-07
 3.36155e-07
 2.99861e-07
 2.69140e-07
 2.42909e-07
 2.20332e-07
 2.00761e-07
 1.83686e-07
 1.68699e-07
 1.55473e-07
 1.43743e-07
 1.33292e-07
 1.34377e-06
 1.08272e-06
 8.90412e-07
 7.44736e-07
 6.31808e-07
 5.42547e-07
 4.70808e-07
 4.12313e-07
 3.64008e-07
 3.23668e-07
 2.89643e-07
 2.60686e-07
 2.35843e-07
 2.14373e-07
 1.95694e-07
 1.79344e-07
 1.64954e-07
 1.52222e-07
 1.40905e-07
 1.30800e-07
 1.15361e-06
 9.52866e-07
 7.98720e-07
 6.78123e-07
 5.82218e-07
 5.04838e-07
 4.41597e-07
 3.89309e-07
 3.45627e-07
 3.08789e-07
 2.77457e-07
 2.50600e-07
 2.27414e-07
 2.07268e-07
 1.89657e-07
 1.74178e-07
 1.60502e-07
 1.48363e-07
 1.37540e-07
 1.27851e-07
 9.68099e-07
 8.21578e-07
 7.03452e-07
 6.07445e-07
 5.28739e-07
 4.63653e-07
 4.09372e-07
 3.63733e-07
 3.25064e-07
 2.92062e-07
 2.63706e-07
 2.39184e-07
 2.17854e-07
 1.99196e-07
 1.82790e-07
 1.68296e-07
 1.55432e-07
 1.43966e-07
 1.33707e-07
 1.24492e-07
 7.98967e-07
 6.97201e-07
 6.10427e-07
 5.36749e-07
 4.74201e-07
 4.20990e-07
 3.75565e-07
 3.36621e-07
 3.03081e-07
 2.74055e-07
 2.48816e-07
 2.26765e-07
 2.07411e-07
 1.90350e-07
 1.75245e-07
 1.61819e-07
 1.49838e-07
 1.39109e-07
 1.29467e-07
 1.20772e-07
 6.51963e-07
 5.84791e-07
 5.23659e-07
 4.69089e-07
 4.20892e-07
 3.78554e-07
 3.41446e-07
 3.08927e-07
 2.80396e-07
 2.55313e-07
 2.33206e-07
 2.13665e-07
 1.96340e-07
 1.80930e-07
 1.67180e-07
 1.54873e-07
 1.43824e-07
 1.33874e-07
 1.24887e-07
 1.16749e-07
 5.28400e-07
 4.86621e-07
 4.45450e-07
 4.06480e-07
 3.70466e-07
 3.37665e-07
 3.08053e-07
 2.81460e-07
 2.57642e-07
 2.36332e-07
 2.17266e-07
 2.00193e-07
 1.84883e-07
 1.71130e-07
 1.58751e-07
 1.47585e-07
 1.37490e-07
 1.28344e-07
 1.20038e-07
 1.12478e-07
 4.26866e-07
 4.02968e-07
 3.76731e-07
 3.50020e-07
 3.23974e-07
 2.99246e-07
 2.76166e-07
 2.54863e-07
 2.35342e-07
 2.17536e-07
 2.01339e-07
 1.86625e-07
 1.73265e-07
 1.61132e-07
 1.50106e-07
 1.40075e-07
 1.30938e-07
 1.22603e-07
 1.14987e-07
 1.08017e-07
 3.44633e-07
 3.32893e-07
 3.17466e-07
 3.00088e-07
 2.81956e-07
 2.63864e-07
 2.46315e-07
 2.29608e-07
 2.13903e-07
 1.99267e-07
 1.85709e-07
 1.73198e-07
 1.61683e-07
 1.51100e-07
 1.41382e-07
 1.32458e-07
 1.24261e-07
 1.16729e-07
 1.09800e-07
 1.03422e-07
