scalar
part
         1
quad4
 3.38313e-07
 3.27532e-07
 3.12947e-07
 2.96292e-07
 2.78771e-07
 2.61191e-07
 2.44069e-07
 2.27717e-07
 2.12307e-07
 1.97917e-07
 1.84563e-07
 1.72222e-07
 1.60850e-07
 1.50387e-07
 1.40769e-07
 1.31930e-07
 1.23806e-07
 1.16335e-07
 1.09459e-07
 1.03126e-07
 4.19936e-07
 3.97233e-07
 3.72007e-07
 3.46135e-07
 3.20779e-07
 2.96613e-07
 2.73991e-07
 2.53060e-07
 2.33843e-07
 2.16284e-07
 2.00289e-07
 1.85742e-07
 1.72520e-07
 1.60501e-07
 1.49570e-07
 1.39619e-07
 1.30549e-07
 1.22270e-07
 1.14702e-07
 1.07773e-07
 5.20881e-07
 4.80581e-07
 4.40608e-07
 4.02597e-07
 3.67343e-07
 3.35144e-07
 3.06009e-07
 2.79795e-07
 2.56279e-07
 2.35212e-07
 2.16341e-07
 1.99426e-07
 1.84245e-07
 1.70597e-07
 1.58305e-07
 1.47211e-07
 1.37176e-07
 1.28080e-07
 1.19816e-07
 1.12291e-07
 6.43964e-07
 5.78589e-07
 5.18844e-07
 4.65336e-07
 4.17951e-07
 3.76236e-07
 3.39607e-07
 3.07459e-07
 2.79217e-07
 2.54363e-07
 2.32436e-07
 2.13038e-07
 1.95828e-07
 1.80511e-07
 1.66837e-07
 1.54592e-07
 1.43593e-07
 1.33685e-07
 1.24734e-07
 1.16624e-07
 7.90741e-07
 6.91089e-07
 6.05857e-07
 5.33305e-07
 4.71583e-07
 4.18983e-07
 3.74014e-07
 3.35415e-07
 3.02137e-07
 2.73313e-07
 2.48230e-07
 2.26302e-07
 2.07045e-07
 1.90060e-07
 1.75017e-07
 1.61640e-07
 1.49700e-07
 1.39003e-07
 1.29387e-07
 1.20714e-07
 9.60125e-07
 8.15951e-07
 6.99432e-07
 6.04536e-07
 5.26610e-07
 4.62080e-07
 4.08200e-07
 3.62856e-07
 3.24405e-07
 2.91567e-07
 2.63335e-07
 2.38908e-07
 2.17651e-07
 1.99049e-07
 1.82688e-07
 1.68229e-07
 1.55392e-07
 1.43948e-07
 1.33705e-07
 1.24504e-07
 1.14667e-06
 9.48281e-07
 7.95634e-07
 6.76015e-07
 5.80764e-07
 5.03830e-07
 4.40898e-07
 3.88828e-07
 3.45302e-07
 3.08577e-07
 2.77328e-07
 2.50531e-07
 2.27390e-07
 2.07277e-07
 1.89691e-07
 1.74230e-07
 1.60567e-07
 1.48438e-07
 1.37621e-07
 1.27937e-07
 1.33897e-06
 1.07986e-06
 8.88692e-07
 7.43707e-07
 6.31210e-07
 5.42225e-07
 4.70665e-07
 4.12287e-07
 3.64059e-07
 3.23771e-07
 2.89778e-07
 2.60842e-07
 2.36011e-07
 2.14547e-07
 1.95870e-07
 1.79521e-07
 1.65128e-07
 1.52393e-07
 1.41071e-07
 1.30962e-07
 1.51890e-06
 1.19925e-06
 9.71295e-07
 8.02847e-07
 6.74780e-07
 5.75112e-07
 4.96011e-07
 4.32178e-07
 3.79918e-07
 3.36593e-07
 3.00275e-07
 2.69531e-07
 2.43276e-07
 2.20677e-07
 2.01085e-07
 1.83990e-07
 1.68985e-07
 1.55742e-07
 1.43997e-07
 1.33531e-07
 1.66296e-06
 1.29309e-06
 1.03551e-06
 8.48545e-07
 7.08351e-07
 6.00435e-07
 5.15545e-07
 4.47538e-07
 3.92197e-07
 3.46553e-07
 3.08458e-07
 2.76330e-07
 2.48983e-07
 2.25511e-07
 2.05214e-07
 1.87543e-07
 1.72063e-07
 1.58426e-07
 1.46350e-07
 1.35605e-07
 1.74737e-06
 1.34888e-06
 1.07432e-06
 8.76632e-07
 7.29336e-07
 6.16528e-07
 5.28158e-07
 4.57606e-07
 4.00364e-07
 3.53268e-07
 3.14046e-07
 2.81031e-07
 2.52974e-07
 2.28929e-07
 2.08163e-07
 1.90106e-07
 1.74304e-07
 1.60396e-07
 1.48092e-07
 1.37153e-07
 1.75656e-06
 1.35873e-06
 1.08337e-06
 8.84562e-07
 7.36164e-07
 6.22378e-07
 5.33173e-07
 4.61919e-07
 4.04088e-07
 3.56500e-07
 3.16865e-07
 2.83501e-07
 2.55150e-07
 2.30853e-07
 2.09873e-07
 1.91630e-07
 1.75669e-07
 1.61624e-07
 1.49199e-07
 1.38154e-07
 1.69058e-06
 1.32228e-06
 1.06231e-06
 8.72030e-07
 7.28592e-07
 6.17797e-07
 5.30445e-07
 4.60362e-07
 4.03282e-07
 3.56179e-07
 3.16858e-07
 2.83697e-07
 2.55473e-07
 2.31254e-07
 2.10318e-07
 1.92097e-07
 1.76143e-07
 1.62093e-07
 1.49658e-07
 1.38599e-07
 1.56510e-06
 1.24683e-06
 1.01482e-06
 8.41023e-07
 7.07748e-07
 6.03449e-07
 5.20377e-07
 4.53188e-07
 3.98107e-07
 3.52410e-07
 3.14095e-07
 2.81663e-07
 2.53974e-07
 2.30152e-07
 2.09512e-07
 1.91515e-07
 1.75729e-07
 1.61809e-07
 1.49472e-07
 1.38489e-07
 1.40402e-06
 1.14457e-06
 9.47481e-07
 7.95290e-07
 6.75858e-07
 5.80707e-07
 5.03844e-07
 4.40968e-07
 3.88944e-07
 3.45455e-07
 3.08758e-07
 2.77528e-07
 2.50746e-07
 2.27614e-07
 2.07505e-07
 1.89920e-07
 1.74457e-07
 1.60792e-07
 1.48657e-07
 1.37835e-07
 1.23057e-06
 1.02863e-06
 8.67969e-07
 7.39451e-07
 6.35796e-07
 5.51410e-07
 4.82053e-07
 4.24513e-07
 3.76351e-07
 3.35701e-07
 3.01121e-07
 2.71493e-07
 2.45934e-07
 2.23748e-07
 2.04378e-07
 1.87374e-07
 1.72373e-07
 1.59077e-07
 1.47240e-07
 1.36660e-07
 1.06185e-06
 9.10120e-07
 7.83401e-07
 6.78104e-07
 5.90575e-07
 5.17569e-07
 4.56369e-07
 4.04768e-07
 3.60992e-07
 3.23623e-07
 2.91531e-07
 2.63808e-07
 2.39726e-07
 2.18695e-07
 2.00237e-07
 1.83960e-07
 1.69541e-07
 1.56716e-07
 1.45262e-07
 1.34995e-07
 9.07875e-07
 7.96799e-07
 6.99379e-07
 6.15190e-07
 5.42952e-07
 4.81117e-07
 4.28163e-07
 3.82712e-07
 3.43573e-07
 3.09739e-07
 2.80368e-07
 2.54761e-07
 2.32339e-07
 2.12621e-07
 1.95210e-07
 1.79775e-07
 1.66038e-07
 1.53768e-07
 1.42769e-07
 1.32878e-07
 7.72903e-07
 6.93146e-07
 6.19709e-07
 5.53693e-07
 4.95181e-07
 4.43734e-07
 3.98677e-07
 3.59268e-07
 3.24785e-07
 2.94567e-07
 2.68025e-07
 2.44650e-07
 2.24000e-07
 2.05702e-07
 1.89435e-07
 1.74928e-07
 1.61949e-07
 1.50302e-07
 1.39818e-07
 1.30354e-07
 6.57516e-07
 6.01103e-07
 5.46584e-07
 4.95607e-07
 4.48930e-07
 4.06755e-07
 3.68959e-07
 3.35249e-07
 3.05257e-07
 2.78592e-07
 2.54879e-07
 2.33768e-07
 2.14942e-07
 1.98120e-07
 1.83056e-07
 1.69535e-07
 1.57367e-07
 1.46392e-07
 1.36468e-07
 1.27472e-07
