scalar
part
         1
quad4
 4.17564e-07
 3.95484e-07
 3.70962e-07
 3.45741e-07
 3.20933e-07
 2.97203e-07
 2.74913e-07
 2.54224e-07
 2.35174e-07
 2.17725e-07
 2.01793e-07
 1.87273e-07
 1.74052e-07
 1.62014e-07
 1.51050e-07
 1.41055e-07
 1.31935e-07
 1.23602e-07
 1.15978e-07
 1.08992e-07
 5.08194e-07
 4.71207e-07
 4.33866e-07
 3.97889e-07
 3.64183e-07
 3.33150e-07
 3.04885e-07
 2.79314e-07
 2.56270e-07
 2.35543e-07
 2.16915e-07
 2.00167e-07
 1.85098e-07
 1.71521e-07
 1.59268e-07
 1.48191e-07
 1.38156e-07
 1.29048e-07
 1.20763e-07
 1.13212e-07
 6.18432e-07
 5.60194e-07
 5.05632e-07
 4.55890e-07
 4.11247e-07
 3.71537e-07
 3.36376e-07
 3.05306e-07
 2.77856e-07
 2.53582e-07
 2.32080e-07
 2.12993e-07
 1.96006e-07
 1.80848e-07
 1.67286e-07
 1.55117e-07
 1.44167e-07
 1.34289e-07
 1.25352e-07
 1.17246e-07
 7.50257e-07
 6.62704e-07
 5.85759e-07
 5.18969e-07
 4.61311e-07
 4.11609e-07
 3.68727e-07
 3.31644e-07
 2.99473e-07
 2.71463e-07
 2.46981e-07
 2.25497e-07
 2.06569e-07
 1.89828e-07
 1.74965e-07
 1.61720e-07
 1.49875e-07
 1.39247e-07
 1.29680e-07
 1.21040e-07
 9.03723e-07
 7.77436e-07
 6.72609e-07
 5.85563e-07
 5.13023e-07
 4.52254e-07
 4.01042e-07
 3.57613e-07
 3.20555e-07
 2.88738e-07
 2.61260e-07
 2.37397e-07
 2.16562e-07
 1.98278e-07
 1.82158e-07
 1.67881e-07
 1.55183e-07
 1.43844e-07
 1.33681e-07
 1.24540e-07
 1.07536e-06
 9.00738e-07
 7.63043e-07
 6.53167e-07
 5.64445e-07
 4.91992e-07
 4.32195e-07
 3.82358e-07
 3.40446e-07
 3.04903e-07
 2.74530e-07
 2.48389e-07
 2.25745e-07
 2.06011e-07
 1.88716e-07
 1.73480e-07
 1.59993e-07
 1.48000e-07
 1.37292e-07
 1.27692e-07
 1.25648e-06
 1.02599e-06
 8.52239e-07
 7.18318e-07
 6.13096e-07
 5.29033e-07
 4.60885e-07
 4.04923e-07
 3.58438e-07
 3.19427e-07
 2.86385e-07
 2.58166e-07
 2.33881e-07
 2.12840e-07
 1.94492e-07
 1.78400e-07
 1.64212e-07
 1.51640e-07
 1.40450e-07
 1.30447e-07
 1.43233e-06
 1.14355e-06
 9.33863e-07
 7.76795e-07
 6.56113e-07
 5.61403e-07
 4.85728e-07
 4.24319e-07
 3.73814e-07
 3.31783e-07
 2.96435e-07
 2.66429e-07
 2.40744e-07
 2.18590e-07
 1.99349e-07
 1.82535e-07
 1.67756e-07
 1.54697e-07
 1.43102e-07
 1.32760e-07
 1.58297e-06
 1.24168e-06
 1.00075e-06
 8.24079e-07
 6.90563e-07
 5.87147e-07
 5.05386e-07
 4.39616e-07
 3.85913e-07
 3.41491e-07
 3.04326e-07
 2.72917e-07
 2.46133e-07
 2.23109e-07
 2.03171e-07
 1.85791e-07
 1.70550e-07
 1.57110e-07
 1.45199e-07
 1.34593e-07
 1.68690e-06
 1.30857e-06
 1.04607e-06
 8.56035e-07
 7.13843e-07
 6.04570e-07
 5.18728e-07
 4.50034e-07
 3.94187e-07
 3.48160e-07
 3.09772e-07
 2.77417e-07
 2.49890e-07
 2.26275e-07
 2.05861e-07
 1.88095e-07
 1.72537e-07
 1.58835e-07
 1.46705e-07
 1.35915e-07
 1.72675e-06
 1.33521e-06
 1.06477e-06
 8.69687e-07
 7.24114e-07
 6.12494e-07
 5.24971e-07
 4.55040e-07
 3.98263e-07
 3.51524e-07
 3.12580e-07
 2.79786e-07
 2.51906e-07
 2.28005e-07
 2.07358e-07
 1.89398e-07
 1.73678e-07
 1.59841e-07
 1.47595e-07
 1.36707e-07
 1.69551e-06
 1.31800e-06
 1.05488e-06
 8.63854e-07
 7.20640e-07
 6.10440e-07
 5.23792e-07
 4.54411e-07
 3.97983e-07
 3.51466e-07
 3.12664e-07
 2.79958e-07
 2.52133e-07
 2.28262e-07
 2.07630e-07
 1.89675e-07
 1.73954e-07
 1.60110e-07
 1.47856e-07
 1.36957e-07
 1.59982e-06
 1.26010e-06
 1.01801e-06
 8.39425e-07
 7.03932e-07
 5.98710e-07
 5.15376e-07
 4.48262e-07
 3.93420e-07
 3.48036e-07
 3.10056e-07
 2.77955e-07
 2.50583e-07
 2.27054e-07
 2.06684e-07
 1.88931e-07
 1.73367e-07
 1.59646e-07
 1.47489e-07
 1.36667e-07
 1.45743e-06
 1.17043e-06
 9.58983e-07
 7.99158e-07
 6.75638e-07
 5.78330e-07
 5.00383e-07
 4.37028e-07
 3.84868e-07
 3.41434e-07
 3.04896e-07
 2.73879e-07
 2.47330e-07
 2.24436e-07
 2.04559e-07
 1.87195e-07
 1.71939e-07
 1.58465e-07
 1.46507e-07
 1.35847e-07
 1.29056e-06
 1.06089e-06
 8.84542e-07
 7.47049e-07
 6.38225e-07
 5.50872e-07
 4.79843e-07
 4.21404e-07
 3.72806e-07
 3.31998e-07
 2.97427e-07
 2.67903e-07
 2.42503e-07
 2.20503e-07
 2.01330e-07
 1.84524e-07
 1.69714e-07
 1.56601e-07
 1.44937e-07
 1.34517e-07
 1.11904e-06
 9.43218e-07
 8.01802e-07
 6.87538e-07
 5.94538e-07
 5.18210e-07
 4.55019e-07
 4.02257e-07
 3.57841e-07
 3.20161e-07
 2.87962e-07
 2.60260e-07
 2.36275e-07
 2.15386e-07
 1.97094e-07
 1.80993e-07
 1.66752e-07
 1.54101e-07
 1.42815e-07
 1.32707e-07
 9.56763e-07
 8.26801e-07
 7.16994e-07
 6.24777e-07
 5.47380e-07
 4.82261e-07
 4.27245e-07
 3.80531e-07
 3.40651e-07
 3.06416e-07
 2.76864e-07
 2.51220e-07
 2.28850e-07
 2.09241e-07
 1.91972e-07
 1.76696e-07
 1.63125e-07
 1.51023e-07
 1.40188e-07
 1.30455e-07
 8.11325e-07
 7.17865e-07
 6.34799e-07
 5.62171e-07
 4.99198e-07
 4.44787e-07
 3.97795e-07
 3.57155e-07
 3.21919e-07
 2.91271e-07
 2.64516e-07
 2.41072e-07
 2.20450e-07
 2.02239e-07
 1.86098e-07
 1.71738e-07
 1.58918e-07
 1.47433e-07
 1.37110e-07
 1.27803e-07
 6.85479e-07
 6.19752e-07
 5.58237e-07
 5.02182e-07
 4.51915e-07
 4.07257e-07
 3.67785e-07
 3.32974e-07
 3.02289e-07
 2.75217e-07
 2.51295e-07
 2.30110e-07
 2.11302e-07
 1.94559e-07
 1.79613e-07
 1.66232e-07
 1.54219e-07
 1.43403e-07
 1.33638e-07
 1.24799e-07
 5.78964e-07
 5.33647e-07
 4.88907e-07
 4.46375e-07
 4.06893e-07
 3.70799e-07
 3.38121e-07
 3.08709e-07
 2.82328e-07
 2.58702e-07
 2.37553e-07
 2.18611e-07
 2.01628e-07
 1.86377e-07
 1.72657e-07
 1.60291e-07
 1.49121e-07
 1.39009e-07
 1.29835e-07
 1.21494e-07
