scalar
part
         1
quad4
 3.46126e-07
 3.34454e-07
 3.19039e-07
 3.01633e-07
 2.83449e-07
 2.65291e-07
 2.47668e-07
 2.30885e-07
 2.15104e-07
 2.00395e-07
 1.86766e-07
 1.74189e-07
 1.62612e-07
 1.51971e-07
 1.42199e-07
 1.33225e-07
 1.24983e-07
 1.17408e-07
 1.10440e-07
 1.04025e-07
 4.28970e-07
 4.05066e-07
 3.78766e-07
 3.51959e-07
 3.25802e-07
 3.00956e-07
 2.77759e-07
 2.56344e-07
 2.36717e-07
 2.18812e-07
 2.02523e-07
 1.87725e-07
 1.74288e-07
 1.62085e-07
 1.50995e-07
 1.40905e-07
 1.31715e-07
 1.23331e-07
 1.15670e-07
 1.08659e-07
 5.31316e-07
 4.89401e-07
 4.48052e-07
 4.08888e-07
 3.72680e-07
 3.39695e-07
 3.09912e-07
 2.83162e-07
 2.59202e-07
 2.37765e-07
 2.18584e-07
 2.01407e-07
 1.86003e-07
 1.72167e-07
 1.59712e-07
 1.48478e-07
 1.38323e-07
 1.29121e-07
 1.20764e-07
 1.13158e-07
 6.55944e-07
 5.88423e-07
 5.26940e-07
 4.72040e-07
 4.23542e-07
 3.80937e-07
 3.43592e-07
 3.10865e-07
 2.82151e-07
 2.56908e-07
 2.34660e-07
 2.14994e-07
 1.97559e-07
 1.82051e-07
 1.68214e-07
 1.55830e-07
 1.44711e-07
 1.34698e-07
 1.25656e-07
 1.17467e-07
 8.04307e-07
 7.01866e-07
 6.14499e-07
 5.40311e-07
 4.77330e-07
 4.23750e-07
 3.78013e-07
 3.38803e-07
 3.05035e-07
 2.75814e-07
 2.50406e-07
 2.28209e-07
 2.08728e-07
 1.91554e-07
 1.76351e-07
 1.62837e-07
 1.50779e-07
 1.39981e-07
 1.30276e-07
 1.21526e-07
 9.75108e-07
 8.27449e-07
 7.08410e-07
 6.11670e-07
 5.32372e-07
 4.66804e-07
 4.12127e-07
 3.66160e-07
 3.27217e-07
 2.93984e-07
 2.65430e-07
 2.40741e-07
 2.19265e-07
 2.00480e-07
 1.83965e-07
 1.69374e-07
 1.56424e-07
 1.44883e-07
 1.34556e-07
 1.25280e-07
 1.16255e-06
 9.60064e-07
 8.04616e-07
 6.83030e-07
 5.86359e-07
 5.08377e-07
 4.44653e-07
 3.91975e-07
 3.47971e-07
 3.10866e-07
 2.79309e-07
 2.52262e-07
 2.28914e-07
 2.08628e-07
 1.90896e-07
 1.75311e-07
 1.61543e-07
 1.49322e-07
 1.38426e-07
 1.28672e-07
 1.35477e-06
 1.09126e-06
 8.97231e-07
 7.50299e-07
 6.36431e-07
 5.46449e-07
 4.74145e-07
 4.15199e-07
 3.66528e-07
 3.25888e-07
 2.91613e-07
 2.62446e-07
 2.37425e-07
 2.15802e-07
 1.96992e-07
 1.80529e-07
 1.66038e-07
 1.53219e-07
 1.41824e-07
 1.31651e-07
 1.53321e-06
 1.20944e-06
 9.78882e-07
 8.08694e-07
 6.79413e-07
 5.78867e-07
 4.99113e-07
 4.34782e-07
 3.82133e-07
 3.38500e-07
 3.01934e-07
 2.70986e-07
 2.44563e-07
 2.21823e-07
 2.02112e-07
 1.84915e-07
 1.69823e-07
 1.56504e-07
 1.44693e-07
 1.34170e-07
 1.67429e-06
 1.30125e-06
 1.04167e-06
 8.53354e-07
 7.12208e-07
 6.03597e-07
 5.18184e-07
 4.49773e-07
 3.94115e-07
 3.48216e-07
 3.09914e-07
 2.77616e-07
 2.50127e-07
 2.26535e-07
 2.06136e-07
 1.88377e-07
 1.72822e-07
 1.59119e-07
 1.46985e-07
 1.36190e-07
 1.75462e-06
 1.35444e-06
 1.07872e-06
 8.80200e-07
 7.32287e-07
 6.19009e-07
 5.30272e-07
 4.59429e-07
 4.01952e-07
 3.54663e-07
 3.15282e-07
 2.82133e-07
 2.53964e-07
 2.29822e-07
 2.08973e-07
 1.90843e-07
 1.74978e-07
 1.61016e-07
 1.48663e-07
 1.37681e-07
 1.75951e-06
 1.36153e-06
 1.08591e-06
 8.86815e-07
 7.38154e-07
 6.24137e-07
 5.34732e-07
 4.63307e-07
 4.05329e-07
 3.57614e-07
 3.17869e-07
 2.84411e-07
 2.55978e-07
 2.31609e-07
 2.10565e-07
 1.92267e-07
 1.76256e-07
 1.62167e-07
 1.49702e-07
 1.38623e-07
 1.68985e-06
 1.32260e-06
 1.06311e-06
 8.73028e-07
 7.29652e-07
 6.18849e-07
 5.31455e-07
 4.61316e-07
 4.04174e-07
 3.57010e-07
 3.17629e-07
 2.84412e-07
 2.56137e-07
 2.31871e-07
 2.10891e-07
 1.92631e-07
 1.76640e-07
 1.62558e-07
 1.50093e-07
 1.39007e-07
 1.56179e-06
 1.24523e-06
 1.01418e-06
 8.40933e-07
 7.07971e-07
 6.03849e-07
 5.20872e-07
 4.53728e-07
 3.98663e-07
 3.52965e-07
 3.14638e-07
 2.82186e-07
 2.54476e-07
 2.30630e-07
 2.09967e-07
 1.91946e-07
 1.76138e-07
 1.62196e-07
 1.49839e-07
 1.38836e-07
 1.39924e-06
 1.14168e-06
 9.45773e-07
 7.94335e-07
 6.75385e-07
 5.80544e-07
 5.03881e-07
 4.41133e-07
 3.89191e-07
 3.45751e-07
 3.09083e-07
 2.77869e-07
 2.51091e-07
 2.27958e-07
 2.07844e-07
 1.90251e-07
 1.74778e-07
 1.61101e-07
 1.48955e-07
 1.38122e-07
 1.22516e-06
 1.02500e-06
 8.65553e-07
 7.37865e-07
 6.34780e-07
 5.50787e-07
 4.81702e-07
 4.24352e-07
 3.76322e-07
 3.35763e-07
 3.01247e-07
 2.71662e-07
 2.46132e-07
 2.23965e-07
 2.04606e-07
 1.87608e-07
 1.72609e-07
 1.59312e-07
 1.47472e-07
 1.36887e-07
 1.05636e-06
 9.06168e-07
 7.80577e-07
 6.76101e-07
 5.89167e-07
 5.16592e-07
 4.55706e-07
 4.04334e-07
 3.60726e-07
 3.23480e-07
 2.91479e-07
 2.63823e-07
 2.39789e-07
 2.18794e-07
 2.00361e-07
 1.84102e-07
 1.69696e-07
 1.56879e-07
 1.45430e-07
 1.35165e-07
 9.02608e-07
 7.92804e-07
 6.96374e-07
 6.12944e-07
 5.41282e-07
 4.79884e-07
 4.27260e-07
 3.82059e-07
 3.43111e-07
 3.09422e-07
 2.80161e-07
 2.54638e-07
 2.32280e-07
 2.12612e-07
 1.95239e-07
 1.79832e-07
 1.66117e-07
 1.53863e-07
 1.42877e-07
 1.32994e-07
 7.68005e-07
 6.89274e-07
 6.16677e-07
 5.51334e-07
 4.93357e-07
 4.42329e-07
 3.97600e-07
 3.58448e-07
 3.24166e-07
 2.94105e-07
 2.67687e-07
 2.44408e-07
 2.23835e-07
 2.05597e-07
 1.89378e-07
 1.74908e-07
 1.61958e-07
 1.50334e-07
 1.39868e-07
 1.30418e-07
 6.53038e-07
 5.97443e-07
 5.43623e-07
 4.93229e-07
 4.47031e-07
 4.05246e-07
 3.67764e-07
 3.34307e-07
 3.04517e-07
 2.78015e-07
 2.54433e-07
 2.33426e-07
 2.14684e-07
 1.97931e-07
 1.82922e-07
 1.69444e-07
 1.57313e-07
 1.46367e-07
 1.36466e-07
 1.27488e-07
