scalar
part
         1
quad4
 5.95801e-07
 5.47475e-07
 5.00117e-07
 4.55376e-07
 4.14070e-07
 3.76490e-07
 3.42610e-07
 3.12233e-07
 2.85079e-07
 2.60835e-07
 2.39191e-07
 2.19853e-07
 2.02552e-07
 1.87047e-07
 1.73123e-07
 1.60593e-07
 1.49291e-07
 1.39073e-07
 1.29815e-07
 1.21406e-07
 7.04584e-07
 6.34913e-07
 5.70126e-07
 5.11427e-07
 4.59058e-07
 4.12747e-07
 3.71980e-07
 3.36160e-07
 3.04686e-07
 2.77000e-07
 2.52597e-07
 2.31036e-07
 2.11933e-07
 1.94960e-07
 1.79832e-07
 1.66309e-07
 1.54184e-07
 1.43281e-07
 1.33449e-07
 1.24557e-07
 8.32742e-07
 7.34160e-07
 6.47073e-07
 5.71351e-07
 5.06025e-07
 4.49832e-07
 4.01495e-07
 3.59837e-07
 3.23831e-07
 2.92598e-07
 2.65398e-07
 2.41616e-07
 2.20735e-07
 2.02327e-07
 1.86036e-07
 1.71562e-07
 1.58656e-07
 1.47106e-07
 1.36736e-07
 1.27394e-07
 9.80186e-07
 8.43721e-07
 7.29125e-07
 6.33423e-07
 5.53500e-07
 4.86550e-07
 4.30204e-07
 3.82520e-07
 3.41929e-07
 3.07173e-07
 2.77238e-07
 2.51311e-07
 2.28735e-07
 2.08974e-07
 1.91595e-07
 1.76240e-07
 1.62614e-07
 1.50474e-07
 1.39616e-07
 1.29868e-07
 1.14350e-06
 9.59779e-07
 8.12952e-07
 6.94987e-07
 5.99447e-07
 5.21365e-07
 4.56956e-07
 4.03343e-07
 3.58330e-07
 3.20231e-07
 2.87739e-07
 2.59833e-07
 2.35708e-07
 2.14725e-07
 1.96372e-07
 1.80233e-07
 1.65974e-07
 1.53316e-07
 1.42033e-07
 1.31934e-07
 1.31401e-06
 1.07546e-06
 8.93517e-07
 7.52452e-07
 6.41324e-07
 5.52471e-07
 4.80458e-07
 4.21372e-07
 3.72351e-07
 3.31269e-07
 2.96525e-07
 2.66896e-07
 2.41439e-07
 2.19413e-07
 2.00236e-07
 1.83441e-07
 1.68653e-07
 1.55568e-07
 1.43935e-07
 1.33550e-07
 1.47639e-06
 1.18070e-06
 9.64279e-07
 8.01534e-07
 6.76283e-07
 5.77943e-07
 4.99386e-07
 4.35680e-07
 3.83331e-07
 3.39808e-07
 3.03245e-07
 2.72242e-07
 2.45731e-07
 2.22890e-07
 2.03074e-07
 1.85775e-07
 1.70584e-07
 1.57175e-07
 1.45280e-07
 1.34680e-07
 1.60945e-06
 1.26332e-06
 1.01801e-06
 8.37806e-07
 7.01525e-07
 5.95960e-07
 5.12524e-07
 4.45438e-07
 3.90694e-07
 3.45440e-07
 3.07606e-07
 2.75654e-07
 2.48426e-07
 2.25036e-07
 2.04795e-07
 1.87164e-07
 1.71712e-07
 1.58095e-07
 1.46034e-07
 1.35300e-07
 1.69080e-06
 1.31162e-06
 1.04823e-06
 8.57483e-07
 7.14746e-07
 6.05068e-07
 5.18928e-07
 4.50014e-07
 3.94006e-07
 3.47863e-07
 3.09391e-07
 2.76977e-07
 2.49409e-07
 2.25765e-07
 2.05335e-07
 1.87560e-07
 1.71999e-07
 1.58299e-07
 1.46173e-07
 1.35391e-07
 1.70453e-06
 1.31781e-06
 1.05080e-06
 8.58236e-07
 7.14569e-07
 6.04421e-07
 5.18057e-07
 4.49055e-07
 3.93033e-07
 3.46916e-07
 3.08490e-07
 2.76131e-07
 2.48622e-07
 2.25038e-07
 2.04664e-07
 1.86942e-07
 1.71429e-07
 1.57774e-07
 1.45690e-07
 1.34945e-07
 1.64776e-06
 1.28059e-06
 1.02509e-06
 8.39741e-07
 7.00821e-07
 5.93926e-07
 5.09864e-07
 4.42537e-07
 3.87763e-07
 3.42595e-07
 3.04903e-07
 2.73121e-07
 2.46071e-07
 2.22857e-07
 2.02785e-07
 1.85312e-07
 1.70006e-07
 1.56524e-07
 1.44586e-07
 1.33965e-07
 1.53131e-06
 1.20541e-06
 9.74079e-07
 8.03730e-07
 6.74568e-07
 5.74265e-07
 4.94802e-07
 4.30771e-07
 3.78415e-07
 3.35057e-07
 2.98745e-07
 2.68031e-07
 2.41820e-07
 2.19274e-07
 1.99738e-07
 1.82702e-07
 1.67754e-07
 1.54569e-07
 1.42878e-07
 1.32465e-07
 1.37449e-06
 1.10240e-06
 9.03442e-07
 7.53564e-07
 6.37887e-07
 5.46774e-07
 4.73757e-07
 4.14361e-07
 3.65411e-07
 3.24604e-07
 2.90236e-07
 2.61025e-07
 2.35992e-07
 2.14381e-07
 1.95596e-07
 1.79168e-07
 1.64718e-07
 1.51944e-07
 1.40595e-07
 1.30468e-07
 1.19840e-06
 9.83422e-07
 8.20156e-07
 6.93517e-07
 5.93491e-07
 5.13227e-07
 4.47922e-07
 3.94129e-07
 3.49331e-07
 3.11652e-07
 2.79680e-07
 2.52328e-07
 2.28758e-07
 2.08309e-07
 1.90459e-07
 1.74789e-07
 1.60961e-07
 1.48698e-07
 1.37776e-07
 1.28006e-07
 1.02113e-06
 8.59486e-07
 7.31114e-07
 6.28013e-07
 5.44290e-07
 4.75585e-07
 4.18647e-07
 3.71024e-07
 3.30851e-07
 2.96695e-07
 2.67440e-07
 2.42214e-07
 2.20324e-07
 2.01218e-07
 1.84451e-07
 1.69662e-07
 1.56558e-07
 1.44894e-07
 1.34471e-07
 1.25120e-07
 8.55411e-07
 7.39234e-07
 6.42156e-07
 5.61028e-07
 4.93025e-07
 4.35764e-07
 3.87289e-07
 3.46021e-07
 3.10685e-07
 2.80258e-07
 2.53913e-07
 2.30981e-07
 2.10919e-07
 1.93283e-07
 1.77709e-07
 1.63897e-07
 1.51597e-07
 1.40602e-07
 1.30736e-07
 1.21855e-07
 7.08414e-07
 6.28380e-07
 5.57579e-07
 4.95726e-07
 4.42009e-07
 3.95455e-07
 3.55095e-07
 3.20045e-07
 2.89524e-07
 2.62864e-07
 2.39494e-07
 2.18935e-07
 2.00780e-07
 1.84691e-07
 1.70381e-07
 1.57610e-07
 1.46172e-07
 1.35896e-07
 1.26634e-07
 1.18262e-07
 5.82732e-07
 5.29930e-07
 4.80088e-07
 4.34331e-07
 3.93003e-07
 3.56027e-07
 3.23120e-07
 2.93908e-07
 2.67995e-07
 2.44999e-07
 2.24564e-07
 2.06373e-07
 1.90143e-07
 1.75629e-07
 1.62617e-07
 1.50920e-07
 1.40379e-07
 1.30855e-07
 1.22228e-07
 1.14394e-07
 4.77924e-07
 4.44806e-07
 4.11020e-07
 3.78188e-07
 3.47202e-07
 3.18489e-07
 2.92190e-07
 2.68278e-07
 2.46633e-07
 2.27089e-07
 2.09463e-07
 1.93568e-07
 1.79226e-07
 1.66273e-07
 1.54558e-07
 1.43946e-07
 1.34315e-07
 1.25560e-07
 1.17584e-07
 1.10305e-07
 3.91908e-07
 3.72564e-07
 3.50690e-07
 3.27915e-07
 3.05302e-07
 2.83506e-07
 2.62897e-07
 2.43662e-07
 2.25865e-07
 2.09491e-07
 1.94485e-07
 1.80762e-07
 1.68229e-07
 1.56787e-07
 1.46340e-07
 1.36797e-07
 1.28072e-07
 1.20085e-07
 1.12766e-07
 1.06050e-07
