scalar
part
         1
quad4
 4.44102e-07
 4.18043e-07
 3.90067e-07
 3.61901e-07
 3.34611e-07
 3.08802e-07
 2.84777e-07
 2.62643e-07
 2.42388e-07
 2.23931e-07
 2.07154e-07
 1.91924e-07
 1.78104e-07
 1.65558e-07
 1.54161e-07
 1.43798e-07
 1.34361e-07
 1.25755e-07
 1.17895e-07
 1.10704e-07
 5.37435e-07
 4.95490e-07
 4.53996e-07
 4.14592e-07
 3.78080e-07
 3.44756e-07
 3.14625e-07
 2.87528e-07
 2.63233e-07
 2.41478e-07
 2.21998e-07
 2.04544e-07
 1.88885e-07
 1.74812e-07
 1.62142e-07
 1.50710e-07
 1.40374e-07
 1.31007e-07
 1.22501e-07
 1.14758e-07
 6.50329e-07
 5.85967e-07
 5.26485e-07
 4.72827e-07
 4.25079e-07
 3.82903e-07
 3.45779e-07
 3.13138e-07
 2.84424e-07
 2.59125e-07
 2.36788e-07
 2.17014e-07
 1.99461e-07
 1.83832e-07
 1.69876e-07
 1.57375e-07
 1.46146e-07
 1.36028e-07
 1.26888e-07
 1.18607e-07
 7.84444e-07
 6.89464e-07
 6.06827e-07
 5.35686e-07
 4.74692e-07
 4.22419e-07
 3.77539e-07
 3.38889e-07
 3.05481e-07
 2.76483e-07
 2.51207e-07
 2.29078e-07
 2.09624e-07
 1.92449e-07
 1.77225e-07
 1.63680e-07
 1.51583e-07
 1.40741e-07
 1.30992e-07
 1.22198e-07
 9.39290e-07
 8.04288e-07
 6.93122e-07
 6.01437e-07
 5.25465e-07
 4.62128e-07
 4.08968e-07
 3.64046e-07
 3.25826e-07
 2.93098e-07
 2.64896e-07
 2.40453e-07
 2.19148e-07
 2.00481e-07
 1.84045e-07
 1.69506e-07
 1.56590e-07
 1.45068e-07
 1.34750e-07
 1.25477e-07
 1.11059e-06
 9.26289e-07
 7.81943e-07
 6.67412e-07
 5.75369e-07
 5.00502e-07
 4.38919e-07
 3.87740e-07
 3.44802e-07
 3.08465e-07
 2.77470e-07
 2.50837e-07
 2.27798e-07
 2.07744e-07
 1.90188e-07
 1.74738e-07
 1.61073e-07
 1.48932e-07
 1.38099e-07
 1.28394e-07
 1.28862e-06
 1.04832e-06
 8.68205e-07
 7.30025e-07
 6.21869e-07
 5.35733e-07
 4.66088e-07
 4.09022e-07
 3.61707e-07
 3.22064e-07
 2.88533e-07
 2.59931e-07
 2.35343e-07
 2.14058e-07
 1.95514e-07
 1.79262e-07
 1.64942e-07
 1.52262e-07
 1.40981e-07
 1.30902e-07
 1.45764e-06
 1.16035e-06
 9.45446e-07
 7.85030e-07
 6.62118e-07
 5.65876e-07
 4.89119e-07
 4.26930e-07
 3.75849e-07
 3.33386e-07
 2.97710e-07
 2.67451e-07
 2.41568e-07
 2.19257e-07
 1.99892e-07
 1.82978e-07
 1.68118e-07
 1.54993e-07
 1.43343e-07
 1.32957e-07
 1.59739e-06
 1.25068e-06
 1.00662e-06
 8.28030e-07
 6.93284e-07
 5.89053e-07
 5.06738e-07
 4.40580e-07
 3.86601e-07
 3.41980e-07
 3.04668e-07
 2.73150e-07
 2.46285e-07
 2.23199e-07
 2.03214e-07
 1.85799e-07
 1.70531e-07
 1.57071e-07
 1.45144e-07
 1.34526e-07
 1.68727e-06
 1.30817e-06
 1.04533e-06
 8.55180e-07
 7.12960e-07
 6.03707e-07
 5.17905e-07
 4.49260e-07
 3.93465e-07
 3.47489e-07
 3.09149e-07
 2.76838e-07
 2.49353e-07
 2.25775e-07
 2.05396e-07
 1.87661e-07
 1.72132e-07
 1.58456e-07
 1.46350e-07
 1.35581e-07
 1.71223e-06
 1.32500e-06
 1.05724e-06
 8.63918e-07
 7.19567e-07
 6.08826e-07
 5.21953e-07
 4.52516e-07
 3.96123e-07
 3.49688e-07
 3.10989e-07
 2.78393e-07
 2.50678e-07
 2.26914e-07
 2.06383e-07
 1.88521e-07
 1.72886e-07
 1.59121e-07
 1.46939e-07
 1.36106e-07
 1.66805e-06
 1.29899e-06
 1.04111e-06
 8.53515e-07
 7.12648e-07
 6.04111e-07
 5.18678e-07
 4.50207e-07
 3.94476e-07
 3.48504e-07
 3.10133e-07
 2.77774e-07
 2.50231e-07
 2.26594e-07
 2.06156e-07
 1.88365e-07
 1.72782e-07
 1.59057e-07
 1.46905e-07
 1.36094e-07
 1.56328e-06
 1.23437e-06
 9.99196e-07
 8.25237e-07
 6.92950e-07
 5.90021e-07
 5.08371e-07
 4.42521e-07
 3.88649e-07
 3.44021e-07
 3.06641e-07
 2.75022e-07
 2.48041e-07
 2.24835e-07
 2.04732e-07
 1.87203e-07
 1.71829e-07
 1.58269e-07
 1.46251e-07
 1.35549e-07
 1.41612e-06
 1.14045e-06
 9.36626e-07
 7.82063e-07
 6.62281e-07
 5.67694e-07
 4.91771e-07
 4.29953e-07
 3.78980e-07
 3.36476e-07
 3.00679e-07
 2.70258e-07
 2.44196e-07
 2.21703e-07
 2.02159e-07
 1.85074e-07
 1.70054e-07
 1.56781e-07
 1.44995e-07
 1.34484e-07
 1.24806e-06
 1.02899e-06
 8.60142e-07
 7.28042e-07
 6.23167e-07
 5.38756e-07
 4.69956e-07
 4.13232e-07
 3.65974e-07
 3.26227e-07
 2.92506e-07
 2.63672e-07
 2.38836e-07
 2.17303e-07
 1.98518e-07
 1.82039e-07
 1.67507e-07
 1.54630e-07
 1.43168e-07
 1.32923e-07
 1.07781e-06
 9.11192e-07
 7.76644e-07
 6.67530e-07
 5.78428e-07
 5.05081e-07
 4.44197e-07
 3.93241e-07
 3.50256e-07
 3.13721e-07
 2.82449e-07
 2.55503e-07
 2.32142e-07
 2.11772e-07
 1.93914e-07
 1.78179e-07
 1.64250e-07
 1.51865e-07
 1.40808e-07
 1.30899e-07
 9.18183e-07
 7.95861e-07
 6.92050e-07
 6.04518e-07
 5.30786e-07
 4.68548e-07
 4.15813e-07
 3.70918e-07
 3.32502e-07
 2.99453e-07
 2.70873e-07
 2.46028e-07
 2.24323e-07
 2.05271e-07
 1.88470e-07
 1.73591e-07
 1.60360e-07
 1.48548e-07
 1.37965e-07
 1.28449e-07
 7.76010e-07
 6.88725e-07
 6.10730e-07
 5.42221e-07
 4.82576e-07
 4.30854e-07
 3.86040e-07
 3.47172e-07
 3.13385e-07
 2.83928e-07
 2.58160e-07
 2.35537e-07
 2.15603e-07
 1.97973e-07
 1.82323e-07
 1.68383e-07
 1.55922e-07
 1.44747e-07
 1.34693e-07
 1.25620e-07
 6.53559e-07
 5.92752e-07
 5.35444e-07
 4.82927e-07
 4.35608e-07
 3.93396e-07
 3.55950e-07
 3.22820e-07
 2.93532e-07
 2.67626e-07
 2.44681e-07
 2.24318e-07
 2.06206e-07
 1.90055e-07
 1.75614e-07
 1.62667e-07
 1.51027e-07
 1.40535e-07
 1.31052e-07
 1.22459e-07
 5.50306e-07
 5.08885e-07
 4.67594e-07
 4.28055e-07
 3.91140e-07
 3.57228e-07
 3.26397e-07
 2.98547e-07
 2.73486e-07
 2.50979e-07
 2.30779e-07
 2.12644e-07
 1.96351e-07
 1.81692e-07
 1.68481e-07
 1.56555e-07
 1.45766e-07
 1.35987e-07
 1.27103e-07
 1.19017e-07
