scalar
part
         1
quad4
 4.31683e-07
 4.07495e-07
 3.81141e-07
 3.54357e-07
 3.28230e-07
 3.03396e-07
 2.80183e-07
 2.58725e-07
 2.39034e-07
 2.21048e-07
 2.04666e-07
 1.89768e-07
 1.76227e-07
 1.63918e-07
 1.52723e-07
 1.42531e-07
 1.33242e-07
 1.24763e-07
 1.17013e-07
 1.09917e-07
 5.23767e-07
 4.84149e-07
 4.44604e-07
 4.06805e-07
 3.71607e-07
 3.39355e-07
 3.10097e-07
 2.83713e-07
 2.60002e-07
 2.38727e-07
 2.19645e-07
 2.02520e-07
 1.87135e-07
 1.73293e-07
 1.60817e-07
 1.49550e-07
 1.39354e-07
 1.30108e-07
 1.21704e-07
 1.14050e-07
 6.35442e-07
 5.73949e-07
 5.16771e-07
 4.64945e-07
 4.18649e-07
 3.77625e-07
 3.41418e-07
 3.09509e-07
 2.81385e-07
 2.56563e-07
 2.34615e-07
 2.15160e-07
 1.97870e-07
 1.82460e-07
 1.68687e-07
 1.56340e-07
 1.45240e-07
 1.35233e-07
 1.26187e-07
 1.17987e-07
 7.68517e-07
 6.77011e-07
 5.97034e-07
 5.27925e-07
 4.68488e-07
 4.17413e-07
 3.73464e-07
 3.35544e-07
 3.02711e-07
 2.74172e-07
 2.49264e-07
 2.27435e-07
 2.08224e-07
 1.91250e-07
 1.76193e-07
 1.62787e-07
 1.50806e-07
 1.40063e-07
 1.30398e-07
 1.21675e-07
 9.22761e-07
 7.91826e-07
 6.83616e-07
 5.94092e-07
 5.19717e-07
 4.57573e-07
 4.05319e-07
 3.61089e-07
 3.23408e-07
 2.91102e-07
 2.63235e-07
 2.39060e-07
 2.17971e-07
 1.99481e-07
 1.83191e-07
 1.68772e-07
 1.55956e-07
 1.44518e-07
 1.34271e-07
 1.25059e-07
 1.09427e-06
 9.14477e-07
 7.73222e-07
 6.60852e-07
 5.70350e-07
 4.96600e-07
 4.35843e-07
 3.85284e-07
 3.42820e-07
 3.06849e-07
 2.76140e-07
 2.49733e-07
 2.26875e-07
 2.06967e-07
 1.89531e-07
 1.74178e-07
 1.60594e-07
 1.48521e-07
 1.37744e-07
 1.28087e-07
 1.27382e-06
 1.03806e-06
 8.60891e-07
 7.24678e-07
 6.17875e-07
 5.32693e-07
 4.63736e-07
 4.07176e-07
 3.60241e-07
 3.20887e-07
 2.87579e-07
 2.59151e-07
 2.34701e-07
 2.13526e-07
 1.95070e-07
 1.78890e-07
 1.64630e-07
 1.51998e-07
 1.40757e-07
 1.30712e-07
 1.44611e-06
 1.15273e-06
 9.40219e-07
 7.81334e-07
 6.59439e-07
 5.63893e-07
 4.87626e-07
 4.25790e-07
 3.74968e-07
 3.32699e-07
 2.97169e-07
 2.67023e-07
 2.41227e-07
 2.18986e-07
 1.99675e-07
 1.82804e-07
 1.67979e-07
 1.54883e-07
 1.43257e-07
 1.32889e-07
 1.59103e-06
 1.24676e-06
 1.00410e-06
 8.26363e-07
 6.92160e-07
 5.88285e-07
 5.06211e-07
 4.40219e-07
 3.86357e-07
 3.41820e-07
 3.04569e-07
 2.73095e-07
 2.46263e-07
 2.23200e-07
 2.03234e-07
 1.85832e-07
 1.70573e-07
 1.57120e-07
 1.45198e-07
 1.34583e-07
 1.68755e-06
 1.30869e-06
 1.04593e-06
 8.55783e-07
 7.13538e-07
 6.04247e-07
 5.18405e-07
 4.49720e-07
 3.93887e-07
 3.47877e-07
 3.09506e-07
 2.77167e-07
 2.49656e-07
 2.26055e-07
 2.05655e-07
 1.87902e-07
 1.72356e-07
 1.58665e-07
 1.46545e-07
 1.35764e-07
 1.71951e-06
 1.33014e-06
 1.06104e-06
 8.66836e-07
 7.21872e-07
 6.10688e-07
 5.23488e-07
 4.53802e-07
 3.97215e-07
 3.50625e-07
 3.11803e-07
 2.79106e-07
 2.51307e-07
 2.27474e-07
 2.06883e-07
 1.88972e-07
 1.73293e-07
 1.59491e-07
 1.47277e-07
 1.36415e-07
 1.68140e-06
 1.30826e-06
 1.04784e-06
 8.58581e-07
 7.16573e-07
 6.07225e-07
 5.21199e-07
 4.52283e-07
 3.96211e-07
 3.49972e-07
 3.11390e-07
 2.78860e-07
 2.51178e-07
 2.27425e-07
 2.06892e-07
 1.89020e-07
 1.73368e-07
 1.59584e-07
 1.47382e-07
 1.36527e-07
 1.58086e-06
 1.24678e-06
 1.00829e-06
 8.32107e-07
 6.98278e-07
 5.94244e-07
 5.11781e-07
 4.45320e-07
 3.90979e-07
 3.45984e-07
 3.08313e-07
 2.76460e-07
 2.49289e-07
 2.25926e-07
 2.05692e-07
 1.88055e-07
 1.72587e-07
 1.58949e-07
 1.46863e-07
 1.36102e-07
 1.43591e-06
 1.15483e-06
 9.47370e-07
 7.90291e-07
 6.68720e-07
 5.72828e-07
 4.95934e-07
 4.33378e-07
 3.81834e-07
 3.38882e-07
 3.02728e-07
 2.72020e-07
 2.45722e-07
 2.23035e-07
 2.03331e-07
 1.86111e-07
 1.70976e-07
 1.57606e-07
 1.45736e-07
 1.35153e-07
 1.26836e-06
 1.04425e-06
 8.71829e-07
 7.37158e-07
 6.30398e-07
 5.44581e-07
 4.74715e-07
 4.17170e-07
 3.69270e-07
 3.29014e-07
 2.94886e-07
 2.65720e-07
 2.40613e-07
 2.18855e-07
 1.99883e-07
 1.83246e-07
 1.68581e-07
 1.55589e-07
 1.44030e-07
 1.33700e-07
 1.09747e-06
 9.26483e-07
 7.88669e-07
 6.77103e-07
 5.86144e-07
 5.11376e-07
 4.49391e-07
 3.97573e-07
 3.53904e-07
 3.16821e-07
 2.85105e-07
 2.57797e-07
 2.34137e-07
 2.13518e-07
 1.95452e-07
 1.79541e-07
 1.65462e-07
 1.52949e-07
 1.41782e-07
 1.31777e-07
 9.36566e-07
 8.10616e-07
 7.03955e-07
 6.14196e-07
 5.38720e-07
 4.75110e-07
 4.21289e-07
 3.75527e-07
 3.36412e-07
 3.02797e-07
 2.73752e-07
 2.48525e-07
 2.26503e-07
 2.07184e-07
 1.90159e-07
 1.75089e-07
 1.61695e-07
 1.49744e-07
 1.39040e-07
 1.29420e-07
 7.92825e-07
 7.02609e-07
 6.22206e-07
 5.51740e-07
 4.90514e-07
 4.37512e-07
 3.91662e-07
 3.51950e-07
 3.17473e-07
 2.87448e-07
 2.61209e-07
 2.38194e-07
 2.17931e-07
 2.00024e-07
 1.84139e-07
 1.69998e-07
 1.57366e-07
 1.46042e-07
 1.35859e-07
 1.26674e-07
 6.68750e-07
 6.05608e-07
 5.46304e-07
 4.92107e-07
 4.43387e-07
 4.00013e-07
 3.61603e-07
 3.27674e-07
 2.97721e-07
 2.71260e-07
 2.47849e-07
 2.27094e-07
 2.08650e-07
 1.92217e-07
 1.77534e-07
 1.64380e-07
 1.52562e-07
 1.41915e-07
 1.32297e-07
 1.23586e-07
 5.63939e-07
 5.20670e-07
 4.77743e-07
 4.36783e-07
 3.98650e-07
 3.63701e-07
 3.31992e-07
 3.03400e-07
 2.77711e-07
 2.54672e-07
 2.34020e-07
 2.15501e-07
 1.98878e-07
 1.83937e-07
 1.70484e-07
 1.58348e-07
 1.47377e-07
 1.37438e-07
 1.28416e-07
 1.20208e-07
