scalar
part
         1
quad4
 6.33919e-07
 5.81059e-07
 5.29645e-07
 4.81324e-07
 4.36890e-07
 3.96592e-07
 3.60359e-07
 3.27948e-07
 2.99035e-07
 2.73271e-07
 2.50309e-07
 2.29826e-07
 2.11529e-07
 1.95153e-07
 1.80467e-07
 1.67267e-07
 1.55374e-07
 1.44634e-07
 1.34912e-07
 1.26091e-07
 7.46713e-07
 6.71444e-07
 6.01783e-07
 5.38888e-07
 4.82930e-07
 4.33562e-07
 3.90195e-07
 3.52161e-07
 3.18801e-07
 2.89502e-07
 2.63716e-07
 2.40966e-07
 2.20836e-07
 2.02971e-07
 1.87068e-07
 1.72867e-07
 1.60148e-07
 1.48722e-07
 1.38428e-07
 1.29126e-07
 8.79084e-07
 7.73633e-07
 6.80739e-07
 6.00150e-07
 5.30757e-07
 4.71171e-07
 4.19999e-07
 3.75967e-07
 3.37963e-07
 3.05044e-07
 2.76413e-07
 2.51411e-07
 2.29484e-07
 2.10177e-07
 1.93107e-07
 1.77956e-07
 1.64459e-07
 1.52391e-07
 1.41565e-07
 1.31820e-07
 1.03076e-06
 8.85950e-07
 7.64526e-07
 6.63260e-07
 5.78804e-07
 5.08151e-07
 4.48768e-07
 3.98579e-07
 3.55912e-07
 3.19421e-07
 2.88029e-07
 2.60871e-07
 2.37246e-07
 2.16590e-07
 1.98440e-07
 1.82418e-07
 1.68212e-07
 1.55566e-07
 1.44263e-07
 1.34124e-07
 1.19801e-06
 1.00431e-06
 8.49605e-07
 7.25409e-07
 6.24923e-07
 5.42888e-07
 4.75296e-07
 4.19098e-07
 3.71968e-07
 3.32122e-07
 2.98175e-07
 2.69048e-07
 2.43892e-07
 2.22032e-07
 2.02927e-07
 1.86142e-07
 1.71322e-07
 1.58176e-07
 1.46465e-07
 1.35991e-07
 1.37171e-06
 1.12149e-06
 9.30679e-07
 7.82827e-07
 6.66453e-07
 5.73498e-07
 4.98239e-07
 4.36555e-07
 3.85431e-07
 3.42629e-07
 3.06465e-07
 2.75654e-07
 2.49202e-07
 2.26335e-07
 2.06439e-07
 1.89028e-07
 1.73707e-07
 1.60159e-07
 1.48122e-07
 1.37381e-07
 1.53583e-06
 1.22694e-06
 1.00091e-06
 8.31046e-07
 7.00435e-07
 5.97988e-07
 5.16233e-07
 4.50000e-07
 3.95625e-07
 3.50459e-07
 3.12548e-07
 2.80427e-07
 2.52981e-07
 2.29351e-07
 2.08864e-07
 1.90989e-07
 1.75302e-07
 1.61462e-07
 1.49190e-07
 1.38261e-07
 1.66826e-06
 1.30795e-06
 1.05276e-06
 8.65474e-07
 7.23983e-07
 6.14495e-07
 5.28043e-07
 4.58596e-07
 4.01973e-07
 3.55204e-07
 3.16132e-07
 2.83156e-07
 2.55074e-07
 2.30964e-07
 2.10112e-07
 1.91957e-07
 1.76053e-07
 1.62044e-07
 1.49640e-07
 1.38606e-07
 1.74548e-06
 1.35230e-06
 1.07953e-06
 8.82236e-07
 7.34763e-07
 6.21560e-07
 5.32730e-07
 4.61723e-07
 4.04055e-07
 3.56575e-07
 3.17013e-07
 2.83696e-07
 2.55375e-07
 2.31098e-07
 2.10127e-07
 1.91889e-07
 1.75929e-07
 1.61880e-07
 1.49451e-07
 1.38401e-07
 1.75075e-06
 1.35197e-06
 1.07706e-06
 8.79039e-07
 7.31447e-07
 6.18385e-07
 5.29798e-07
 4.59062e-07
 4.01663e-07
 3.54433e-07
 3.15096e-07
 2.81981e-07
 2.53839e-07
 2.29718e-07
 2.08886e-07
 1.90770e-07
 1.74917e-07
 1.60963e-07
 1.48618e-07
 1.37642e-07
 1.68149e-06
 1.30601e-06
 1.04498e-06
 8.55752e-07
 7.14006e-07
 6.04981e-07
 5.19274e-07
 4.50647e-07
 3.94828e-07
 3.48806e-07
 3.10408e-07
 2.78034e-07
 2.50484e-07
 2.26843e-07
 2.06403e-07
 1.88611e-07
 1.73028e-07
 1.59301e-07
 1.47147e-07
 1.36335e-07
 1.55022e-06
 1.22079e-06
 9.86812e-07
 8.14452e-07
 6.83725e-07
 5.82180e-07
 5.01714e-07
 4.36861e-07
 3.83823e-07
 3.39891e-07
 3.03094e-07
 2.71964e-07
 2.45395e-07
 2.22537e-07
 2.02729e-07
 1.85453e-07
 1.70294e-07
 1.56920e-07
 1.45061e-07
 1.34498e-07
 1.37879e-06
 1.10772e-06
 9.08956e-07
 7.58926e-07
 6.42952e-07
 5.51493e-07
 4.78125e-07
 4.18392e-07
 3.69129e-07
 3.28035e-07
 2.93405e-07
 2.63958e-07
 2.38712e-07
 2.16907e-07
 1.97947e-07
 1.81360e-07
 1.66767e-07
 1.53861e-07
 1.42393e-07
 1.32157e-07
 1.19036e-06
 9.79815e-07
 8.19053e-07
 6.93854e-07
 5.94659e-07
 5.14868e-07
 4.49817e-07
 3.96146e-07
 3.51387e-07
 3.13697e-07
 2.81681e-07
 2.54268e-07
 2.30626e-07
 2.10100e-07
 1.92171e-07
 1.76422e-07
 1.62517e-07
 1.50181e-07
 1.39188e-07
 1.29351e-07
 1.00399e-06
 8.48773e-07
 7.24457e-07
 6.23972e-07
 5.41969e-07
 4.74411e-07
 4.18245e-07
 3.71146e-07
 3.31328e-07
 2.97411e-07
 2.68315e-07
 2.43190e-07
 2.21361e-07
 2.02288e-07
 1.85534e-07
 1.70745e-07
 1.57629e-07
 1.45947e-07
 1.35500e-07
 1.26122e-07
 8.32417e-07
 7.23419e-07
 6.31208e-07
 5.53426e-07
 4.87755e-07
 4.32140e-07
 3.84843e-07
 3.44426e-07
 3.09710e-07
 2.79738e-07
 2.53728e-07
 2.31044e-07
 2.11164e-07
 1.93663e-07
 1.78187e-07
 1.64446e-07
 1.52195e-07
 1.41234e-07
 1.31390e-07
 1.22521e-07
 6.82240e-07
 6.09298e-07
 5.43591e-07
 4.85419e-07
 4.34383e-07
 3.89800e-07
 3.50903e-07
 3.16948e-07
 2.87256e-07
 2.61226e-07
 2.38339e-07
 2.18152e-07
 2.00286e-07
 1.84421e-07
 1.70286e-07
 1.57650e-07
 1.46318e-07
 1.36124e-07
 1.26926e-07
 1.18603e-07
 5.55343e-07
 5.09068e-07
 4.64157e-07
 4.22119e-07
 3.83604e-07
 3.48767e-07
 3.17497e-07
 2.89545e-07
 2.64611e-07
 2.42377e-07
 2.22542e-07
 2.04824e-07
 1.88971e-07
 1.74758e-07
 1.61986e-07
 1.50483e-07
 1.40098e-07
 1.30700e-07
 1.22175e-07
 1.14423e-07
 4.50631e-07
 4.23273e-07
 3.94029e-07
 3.64758e-07
 3.36558e-07
 3.10028e-07
 2.85444e-07
 2.62885e-07
 2.42314e-07
 2.23626e-07
 2.06685e-07
 1.91342e-07
 1.77446e-07
 1.64856e-07
 1.53437e-07
 1.43067e-07
 1.33636e-07
 1.25045e-07
 1.17205e-07
 1.10039e-07
 3.65520e-07
 3.51128e-07
 3.33308e-07
 3.13823e-07
 2.93863e-07
 2.74202e-07
 2.55313e-07
 2.37466e-07
 2.20790e-07
 2.05328e-07
 1.91063e-07
 1.77948e-07
 1.65913e-07
 1.54883e-07
 1.44777e-07
 1.35517e-07
 1.27027e-07
 1.19237e-07
 1.12084e-07
 1.05506e-07
