scalar
part
         1
quad4
 3.78147e-07
 3.60862e-07
 3.40771e-07
 3.19517e-07
 2.98187e-07
 2.77464e-07
 2.57753e-07
 2.39267e-07
 2.22095e-07
 2.06245e-07
 1.91677e-07
 1.78325e-07
 1.66104e-07
 1.54928e-07
 1.44707e-07
 1.35357e-07
 1.26797e-07
 1.18954e-07
 1.11759e-07
 1.05149e-07
 4.62850e-07
 4.32276e-07
 4.00618e-07
 3.69545e-07
 3.40000e-07
 3.12464e-07
 2.87127e-07
 2.64002e-07
 2.43004e-07
 2.23993e-07
 2.06808e-07
 1.91280e-07
 1.77246e-07
 1.64551e-07
 1.53054e-07
 1.42626e-07
 1.33153e-07
 1.24533e-07
 1.16674e-07
 1.09495e-07
 5.66396e-07
 5.16706e-07
 4.69367e-07
 4.25605e-07
 3.85862e-07
 3.50148e-07
 3.18248e-07
 2.89844e-07
 2.64583e-07
 2.42116e-07
 2.22113e-07
 2.04277e-07
 1.88341e-07
 1.74072e-07
 1.61265e-07
 1.49741e-07
 1.39346e-07
 1.29947e-07
 1.21426e-07
 1.13683e-07
 6.91030e-07
 6.14732e-07
 5.46803e-07
 4.87152e-07
 4.35130e-07
 3.89886e-07
 3.50547e-07
 3.16299e-07
 2.86414e-07
 2.60262e-07
 2.37302e-07
 2.17075e-07
 1.99194e-07
 1.83330e-07
 1.69206e-07
 1.56591e-07
 1.45284e-07
 1.35119e-07
 1.25952e-07
 1.17660e-07
 8.37459e-07
 7.25625e-07
 6.31720e-07
 5.52927e-07
 4.86658e-07
 4.30699e-07
 3.83215e-07
 3.42710e-07
 3.07968e-07
 2.78009e-07
 2.52035e-07
 2.29402e-07
 2.09582e-07
 1.92145e-07
 1.76734e-07
 1.63057e-07
 1.50870e-07
 1.39970e-07
 1.30185e-07
 1.21372e-07
 1.00348e-06
 8.46619e-07
 7.21556e-07
 6.20783e-07
 5.38730e-07
 4.71244e-07
 4.15210e-07
 3.68270e-07
 3.28620e-07
 2.94869e-07
 2.65933e-07
 2.40959e-07
 2.19272e-07
 2.00330e-07
 1.83697e-07
 1.69019e-07
 1.56006e-07
 1.44419e-07
 1.34060e-07
 1.24763e-07
 1.18242e-06
 9.72256e-07
 8.12136e-07
 6.87617e-07
 5.89058e-07
 5.09836e-07
 4.45286e-07
 3.92052e-07
 3.47673e-07
 3.10316e-07
 2.78592e-07
 2.51436e-07
 2.28020e-07
 2.07696e-07
 1.89946e-07
 1.74358e-07
 1.60596e-07
 1.48389e-07
 1.37513e-07
 1.27782e-07
 1.36201e-06
 1.09408e-06
 8.97686e-07
 7.49466e-07
 6.34896e-07
 5.44547e-07
 4.72071e-07
 4.13066e-07
 3.64404e-07
 3.23814e-07
 2.89610e-07
 2.60526e-07
 2.35593e-07
 2.14060e-07
 1.95338e-07
 1.78959e-07
 1.64550e-07
 1.51808e-07
 1.40486e-07
 1.30382e-07
 1.52434e-06
 1.20106e-06
 9.71255e-07
 8.01843e-07
 6.73281e-07
 5.73376e-07
 4.94183e-07
 4.30340e-07
 3.78117e-07
 3.34855e-07
 2.98613e-07
 2.67950e-07
 2.41778e-07
 2.19260e-07
 1.99746e-07
 1.82725e-07
 1.67789e-07
 1.54613e-07
 1.42928e-07
 1.32520e-07
 1.64788e-06
 1.28104e-06
 1.02566e-06
 8.40336e-07
 7.01405e-07
 5.94480e-07
 5.10382e-07
 4.43018e-07
 3.88207e-07
 3.43005e-07
 3.05282e-07
 2.73470e-07
 2.46395e-07
 2.23157e-07
 2.03064e-07
 1.85571e-07
 1.70248e-07
 1.56750e-07
 1.44797e-07
 1.34163e-07
 1.71222e-06
 1.32328e-06
 1.05487e-06
 8.61375e-07
 7.17057e-07
 6.06439e-07
 5.19725e-07
 4.50455e-07
 3.94224e-07
 3.47941e-07
 3.09381e-07
 2.76912e-07
 2.49313e-07
 2.25652e-07
 2.05214e-07
 1.87437e-07
 1.71878e-07
 1.58182e-07
 1.46062e-07
 1.35286e-07
 1.70517e-06
 1.32164e-06
 1.05554e-06
 8.63001e-07
 7.19034e-07
 6.08481e-07
 5.21697e-07
 4.52299e-07
 3.95919e-07
 3.49484e-07
 3.10780e-07
 2.78178e-07
 2.50457e-07
 2.26687e-07
 2.06151e-07
 1.88287e-07
 1.72650e-07
 1.58885e-07
 1.46704e-07
 1.35872e-07
 1.62860e-06
 1.27687e-06
 1.02797e-06
 8.45347e-07
 7.07386e-07
 6.00615e-07
 5.16291e-07
 4.48535e-07
 3.93275e-07
 3.47619e-07
 3.09464e-07
 2.77253e-07
 2.49815e-07
 2.26251e-07
 2.05866e-07
 1.88114e-07
 1.72559e-07
 1.58854e-07
 1.46717e-07
 1.35919e-07
 1.49814e-06
 1.19653e-06
 9.76124e-07
 8.10621e-07
 6.83406e-07
 5.83632e-07
 5.04006e-07
 4.39486e-07
 3.86507e-07
 3.42489e-07
 3.05530e-07
 2.74208e-07
 2.47437e-07
 2.24380e-07
 2.04385e-07
 1.86935e-07
 1.71617e-07
 1.58099e-07
 1.46110e-07
 1.35430e-07
 1.33652e-06
 1.09238e-06
 9.06484e-07
 7.62575e-07
 6.49363e-07
 5.58954e-07
 4.85761e-07
 4.25765e-07
 3.76031e-07
 3.34384e-07
 2.99186e-07
 2.69189e-07
 2.43429e-07
 2.21153e-07
 2.01767e-07
 1.84796e-07
 1.69859e-07
 1.56646e-07
 1.44904e-07
 1.34423e-07
 1.16548e-06
 9.76851e-07
 8.26373e-07
 7.05673e-07
 6.08065e-07
 5.28400e-07
 4.62764e-07
 4.08190e-07
 3.62416e-07
 3.23706e-07
 2.90719e-07
 2.62408e-07
 2.37948e-07
 2.16687e-07
 1.98100e-07
 1.81765e-07
 1.67338e-07
 1.54536e-07
 1.43129e-07
 1.32923e-07
 1.00087e-06
 8.60292e-07
 7.42484e-07
 6.44278e-07
 5.62399e-07
 4.93912e-07
 4.36348e-07
 3.87693e-07
 3.46321e-07
 3.10930e-07
 2.80476e-07
 2.54120e-07
 2.31187e-07
 2.11128e-07
 1.93497e-07
 1.77928e-07
 1.64120e-07
 1.51823e-07
 1.40829e-07
 1.30964e-07
 8.51769e-07
 7.49836e-07
 6.60012e-07
 5.82075e-07
 5.14962e-07
 4.57327e-07
 4.07823e-07
 3.65217e-07
 3.28434e-07
 2.96563e-07
 2.68835e-07
 2.44611e-07
 2.23361e-07
 2.04641e-07
 1.88085e-07
 1.73386e-07
 1.60285e-07
 1.48568e-07
 1.38053e-07
 1.28585e-07
 7.21856e-07
 6.49495e-07
 5.82422e-07
 5.21808e-07
 4.67848e-07
 4.20220e-07
 3.78364e-07
 3.41640e-07
 3.09416e-07
 2.81103e-07
 2.56175e-07
 2.34172e-07
 2.14695e-07
 1.97403e-07
 1.82003e-07
 1.68246e-07
 1.55920e-07
 1.44842e-07
 1.34858e-07
 1.25833e-07
 6.11365e-07
 5.60895e-07
 5.11651e-07
 4.65281e-07
 4.22583e-07
 3.83823e-07
 3.48945e-07
 3.17726e-07
 2.89860e-07
 2.65014e-07
 2.42858e-07
 2.23085e-07
 2.05413e-07
 1.89589e-07
 1.75391e-07
 1.62623e-07
 1.51115e-07
 1.40718e-07
 1.31303e-07
 1.22756e-07
