scalar
part
         1
quad4
 6.13611e-07
 5.63486e-07
 5.14499e-07
 4.68289e-07
 4.25665e-07
 3.86908e-07
 3.51980e-07
 3.20674e-07
 2.92696e-07
 2.67723e-07
 2.45434e-07
 2.25525e-07
 2.07718e-07
 1.91763e-07
 1.77439e-07
 1.64552e-07
 1.52932e-07
 1.42429e-07
 1.32915e-07
 1.24276e-07
 7.23977e-07
 6.52189e-07
 5.85508e-07
 5.25121e-07
 4.71255e-07
 4.23623e-07
 3.81695e-07
 3.44856e-07
 3.12489e-07
 2.84020e-07
 2.58930e-07
 2.36766e-07
 2.17133e-07
 1.99691e-07
 1.84149e-07
 1.70259e-07
 1.57809e-07
 1.46615e-07
 1.36523e-07
 1.27399e-07
 8.53784e-07
 7.52736e-07
 6.63461e-07
 5.85809e-07
 5.18792e-07
 4.61125e-07
 4.11508e-07
 3.68741e-07
 3.31774e-07
 2.99706e-07
 2.71783e-07
 2.47369e-07
 2.25936e-07
 2.07046e-07
 1.90330e-07
 1.75482e-07
 1.62245e-07
 1.50401e-07
 1.39769e-07
 1.30194e-07
 1.00294e-06
 8.63626e-07
 7.46509e-07
 6.48607e-07
 5.66781e-07
 4.98197e-07
 4.40452e-07
 3.91571e-07
 3.49956e-07
 3.14319e-07
 2.83628e-07
 2.57047e-07
 2.33903e-07
 2.13649e-07
 1.95839e-07
 1.80106e-07
 1.66147e-07
 1.53713e-07
 1.42593e-07
 1.32613e-07
 1.16807e-06
 9.81042e-07
 8.31301e-07
 7.10829e-07
 6.13159e-07
 5.33278e-07
 4.67354e-07
 4.12463e-07
 3.66371e-07
 3.27355e-07
 2.94081e-07
 2.65505e-07
 2.40804e-07
 2.19323e-07
 2.00536e-07
 1.84020e-07
 1.69429e-07
 1.56479e-07
 1.44938e-07
 1.34610e-07
 1.34059e-06
 1.09811e-06
 9.12766e-07
 7.68842e-07
 6.55343e-07
 5.64531e-07
 4.90898e-07
 4.30467e-07
 3.80323e-07
 3.38299e-07
 3.02760e-07
 2.72455e-07
 2.46420e-07
 2.23898e-07
 2.04291e-07
 1.87123e-07
 1.72009e-07
 1.58637e-07
 1.46751e-07
 1.36142e-07
 1.50526e-06
 1.20473e-06
 9.84287e-07
 8.18296e-07
 6.90435e-07
 5.89992e-07
 5.09732e-07
 4.44635e-07
 3.91141e-07
 3.46667e-07
 3.09308e-07
 2.77633e-07
 2.50553e-07
 2.27224e-07
 2.06988e-07
 1.89324e-07
 1.73817e-07
 1.60130e-07
 1.47991e-07
 1.37175e-07
 1.64081e-06
 1.28854e-06
 1.03850e-06
 8.54663e-07
 7.15569e-07
 6.07800e-07
 5.22615e-07
 4.54123e-07
 3.98235e-07
 3.52042e-07
 3.13427e-07
 2.80821e-07
 2.53041e-07
 2.29180e-07
 2.08535e-07
 1.90555e-07
 1.74799e-07
 1.60917e-07
 1.48622e-07
 1.37683e-07
 1.72422e-06
 1.33746e-06
 1.06869e-06
 8.74032e-07
 7.28370e-07
 6.16458e-07
 5.28577e-07
 4.58284e-07
 4.01168e-07
 3.54120e-07
 3.14902e-07
 2.81864e-07
 2.53772e-07
 2.29683e-07
 2.08871e-07
 1.90767e-07
 1.74920e-07
 1.60970e-07
 1.48625e-07
 1.37649e-07
 1.73844e-06
 1.34319e-06
 1.07049e-06
 8.73956e-07
 7.27401e-07
 6.15092e-07
 5.27067e-07
 4.56763e-07
 3.99701e-07
 3.52739e-07
 3.13620e-07
 2.80684e-07
 2.52689e-07
 2.28693e-07
 2.07966e-07
 1.89940e-07
 1.74164e-07
 1.60277e-07
 1.47991e-07
 1.37066e-07
 1.67949e-06
 1.30399e-06
 1.04309e-06
 8.54040e-07
 7.12467e-07
 6.03604e-07
 5.18040e-07
 4.49539e-07
 3.93829e-07
 3.47903e-07
 3.09588e-07
 2.77288e-07
 2.49802e-07
 2.26217e-07
 2.05827e-07
 1.88080e-07
 1.72536e-07
 1.58844e-07
 1.46723e-07
 1.35939e-07
 1.55795e-06
 1.22527e-06
 9.89480e-07
 8.16046e-07
 6.84662e-07
 5.82702e-07
 5.01968e-07
 4.36940e-07
 3.83786e-07
 3.39779e-07
 3.02931e-07
 2.71769e-07
 2.45181e-07
 2.22311e-07
 2.02499e-07
 1.85221e-07
 1.70064e-07
 1.56693e-07
 1.44840e-07
 1.34282e-07
 1.39406e-06
 1.11760e-06
 9.15570e-07
 7.63476e-07
 6.46151e-07
 5.53779e-07
 4.79779e-07
 4.19600e-07
 3.70015e-07
 3.28685e-07
 2.93880e-07
 2.64301e-07
 2.38956e-07
 2.17075e-07
 1.98056e-07
 1.81424e-07
 1.66795e-07
 1.53862e-07
 1.42373e-07
 1.32121e-07
 1.21039e-06
 9.93535e-07
 8.28708e-07
 7.00810e-07
 5.99773e-07
 5.18693e-07
 4.52721e-07
 3.98379e-07
 3.53122e-07
 3.15057e-07
 2.82755e-07
 2.55121e-07
 2.31306e-07
 2.10644e-07
 1.92607e-07
 1.76772e-07
 1.62797e-07
 1.50404e-07
 1.39364e-07
 1.29489e-07
 1.02624e-06
 8.64771e-07
 7.36171e-07
 6.32702e-07
 5.48581e-07
 4.79494e-07
 4.22204e-07
 3.74266e-07
 3.33814e-07
 2.99409e-07
 2.69934e-07
 2.44512e-07
 2.22447e-07
 2.03185e-07
 1.86279e-07
 1.71365e-07
 1.58147e-07
 1.46381e-07
 1.35865e-07
 1.26429e-07
 8.55033e-07
 7.40395e-07
 6.44088e-07
 5.63314e-07
 4.95437e-07
 4.38179e-07
 3.89642e-07
 3.48278e-07
 3.12832e-07
 2.82289e-07
 2.55829e-07
 2.32786e-07
 2.12618e-07
 1.94883e-07
 1.79217e-07
 1.65319e-07
 1.52939e-07
 1.41869e-07
 1.31935e-07
 1.22989e-07
 7.04062e-07
 6.26311e-07
 5.56919e-07
 4.95933e-07
 4.42745e-07
 3.96506e-07
 3.56328e-07
 3.21373e-07
 2.90893e-07
 2.64238e-07
 2.40851e-07
 2.20260e-07
 2.02065e-07
 1.85931e-07
 1.71574e-07
 1.58754e-07
 1.47268e-07
 1.36945e-07
 1.27638e-07
 1.19222e-07
 5.75755e-07
 5.25514e-07
 4.77414e-07
 4.32839e-07
 3.92315e-07
 3.55886e-07
 3.23351e-07
 2.94390e-07
 2.68645e-07
 2.45758e-07
 2.25392e-07
 2.07241e-07
 1.91030e-07
 1.76521e-07
 1.63503e-07
 1.51794e-07
 1.41236e-07
 1.31691e-07
 1.23041e-07
 1.15183e-07
 4.69378e-07
 4.38807e-07
 4.06871e-07
 3.75377e-07
 3.45358e-07
 3.17345e-07
 2.91554e-07
 2.68012e-07
 2.46636e-07
 2.27288e-07
 2.09803e-07
 1.94009e-07
 1.79739e-07
 1.66836e-07
 1.55153e-07
 1.44561e-07
 1.34941e-07
 1.26189e-07
 1.18212e-07
 1.10927e-07
 3.82560e-07
 3.65588e-07
 3.45527e-07
 3.24130e-07
 3.02558e-07
 2.81549e-07
 2.61537e-07
 2.42755e-07
 2.25301e-07
 2.09190e-07
 1.94383e-07
 1.80813e-07
 1.68395e-07
 1.57041e-07
 1.46661e-07
 1.37167e-07
 1.28477e-07
 1.20517e-07
 1.13215e-07
 1.06510e-07
