scalar
part
         1
quad4
 4.19824e-07
 3.96472e-07
 3.71099e-07
 3.45323e-07
 3.20164e-07
 2.96221e-07
 2.73810e-07
 2.53062e-07
 2.33992e-07
 2.16549e-07
 2.00638e-07
 1.86151e-07
 1.72967e-07
 1.60970e-07
 1.50048e-07
 1.40096e-07
 1.31017e-07
 1.22724e-07
 1.15138e-07
 1.08189e-07
 5.08745e-07
 4.70632e-07
 4.32634e-07
 3.96300e-07
 3.62424e-07
 3.31334e-07
 3.03081e-07
 2.77559e-07
 2.54585e-07
 2.33938e-07
 2.15392e-07
 1.98727e-07
 1.83738e-07
 1.70237e-07
 1.58055e-07
 1.47045e-07
 1.37073e-07
 1.28023e-07
 1.19792e-07
 1.12291e-07
 6.16468e-07
 5.57489e-07
 5.02643e-07
 4.52867e-07
 4.08321e-07
 3.68768e-07
 3.33789e-07
 3.02903e-07
 2.75630e-07
 2.51521e-07
 2.30171e-07
 2.11222e-07
 1.94360e-07
 1.79316e-07
 1.65857e-07
 1.53781e-07
 1.42916e-07
 1.33115e-07
 1.24248e-07
 1.16206e-07
 7.44778e-07
 6.57235e-07
 5.80616e-07
 5.14266e-07
 4.57063e-07
 4.07791e-07
 3.65295e-07
 3.28553e-07
 2.96680e-07
 2.68930e-07
 2.44674e-07
 2.23388e-07
 2.04634e-07
 1.88046e-07
 1.73318e-07
 1.60193e-07
 1.48456e-07
 1.37924e-07
 1.28443e-07
 1.19882e-07
 8.93621e-07
 7.68581e-07
 6.64967e-07
 5.78989e-07
 5.07349e-07
 4.47328e-07
 3.96735e-07
 3.53819e-07
 3.17187e-07
 2.85730e-07
 2.58556e-07
 2.34951e-07
 2.14339e-07
 1.96248e-07
 1.80295e-07
 1.66165e-07
 1.53597e-07
 1.42374e-07
 1.32313e-07
 1.23264e-07
 1.05965e-06
 8.88049e-07
 7.52708e-07
 6.44646e-07
 5.57324e-07
 4.85961e-07
 4.27023e-07
 3.77874e-07
 3.36518e-07
 3.01432e-07
 2.71438e-07
 2.45617e-07
 2.23242e-07
 2.03739e-07
 1.86643e-07
 1.71581e-07
 1.58245e-07
 1.46386e-07
 1.35796e-07
 1.26302e-07
 1.23473e-06
 1.00941e-06
 8.39275e-07
 7.07941e-07
 6.04613e-07
 5.21969e-07
 4.54908e-07
 3.99796e-07
 3.53987e-07
 3.15523e-07
 2.82930e-07
 2.55084e-07
 2.31114e-07
 2.10339e-07
 1.92220e-07
 1.76326e-07
 1.62310e-07
 1.49889e-07
 1.38832e-07
 1.28947e-07
 1.40515e-06
 1.12361e-06
 9.18673e-07
 7.64852e-07
 6.46475e-07
 5.53453e-07
 4.79051e-07
 4.18627e-07
 3.68898e-07
 3.27489e-07
 2.92650e-07
 2.63066e-07
 2.37733e-07
 2.15877e-07
 1.96892e-07
 1.80297e-07
 1.65708e-07
 1.52816e-07
 1.41368e-07
 1.31156e-07
 1.55234e-06
 1.21958e-06
 9.84074e-07
 8.11042e-07
 6.80077e-07
 5.78520e-07
 4.98156e-07
 4.33462e-07
 3.80607e-07
 3.36865e-07
 3.00255e-07
 2.69305e-07
 2.42905e-07
 2.20205e-07
 2.00544e-07
 1.83403e-07
 1.68369e-07
 1.55110e-07
 1.43358e-07
 1.32892e-07
 1.65586e-06
 1.28598e-06
 1.02886e-06
 8.42483e-07
 7.02880e-07
 5.95512e-07
 5.11112e-07
 4.43538e-07
 3.88578e-07
 3.43267e-07
 3.05465e-07
 2.73595e-07
 2.46475e-07
 2.23204e-07
 2.03085e-07
 1.85573e-07
 1.70236e-07
 1.56727e-07
 1.44766e-07
 1.34125e-07
 1.69837e-06
 1.31374e-06
 1.04797e-06
 8.56188e-07
 7.13040e-07
 6.03250e-07
 5.17141e-07
 4.48325e-07
 3.92443e-07
 3.46431e-07
 3.08088e-07
 2.75794e-07
 2.48336e-07
 2.24794e-07
 2.04454e-07
 1.86760e-07
 1.71271e-07
 1.57635e-07
 1.45567e-07
 1.34836e-07
 1.67165e-06
 1.29874e-06
 1.03915e-06
 8.50854e-07
 7.09759e-07
 6.01225e-07
 5.15903e-07
 4.47592e-07
 3.92038e-07
 3.46242e-07
 3.08040e-07
 2.75839e-07
 2.48441e-07
 2.24937e-07
 2.04620e-07
 1.86939e-07
 1.71455e-07
 1.57821e-07
 1.45751e-07
 1.35015e-07
 1.58055e-06
 1.24334e-06
 1.00367e-06
 8.27182e-07
 6.93449e-07
 5.89684e-07
 5.07554e-07
 4.41437e-07
 3.87427e-07
 3.42740e-07
 3.05348e-07
 2.73747e-07
 2.46802e-07
 2.23642e-07
 2.03590e-07
 1.86114e-07
 1.70793e-07
 1.57285e-07
 1.45317e-07
 1.34663e-07
 1.44166e-06
 1.15586e-06
 9.45999e-07
 7.87746e-07
 6.65654e-07
 5.69593e-07
 4.92716e-07
 4.30274e-07
 3.78891e-07
 3.36120e-07
 3.00150e-07
 2.69619e-07
 2.43491e-07
 2.20962e-07
 2.01403e-07
 1.84317e-07
 1.69305e-07
 1.56047e-07
 1.44280e-07
 1.33790e-07
 1.27691e-06
 1.04794e-06
 8.72705e-07
 7.36420e-07
 6.28762e-07
 5.42473e-07
 4.72388e-07
 4.14774e-07
 3.66895e-07
 3.26709e-07
 2.92679e-07
 2.63624e-07
 2.38634e-07
 2.16991e-07
 1.98131e-07
 1.81600e-07
 1.67035e-07
 1.54138e-07
 1.42665e-07
 1.32417e-07
 1.10654e-06
 9.31371e-07
 7.90859e-07
 6.77587e-07
 5.85569e-07
 5.10159e-07
 4.47804e-07
 3.95788e-07
 3.52032e-07
 3.14933e-07
 2.83244e-07
 2.55990e-07
 2.32399e-07
 2.11858e-07
 1.93871e-07
 1.78041e-07
 1.64042e-07
 1.51605e-07
 1.40510e-07
 1.30574e-07
 9.44901e-07
 8.15699e-07
 7.06740e-07
 6.15400e-07
 5.38862e-07
 4.74553e-07
 4.20283e-07
 3.74245e-07
 3.34970e-07
 3.01274e-07
 2.72202e-07
 2.46982e-07
 2.24990e-07
 2.05715e-07
 1.88743e-07
 1.73731e-07
 1.60397e-07
 1.48506e-07
 1.37861e-07
 1.28298e-07
 7.99927e-07
 7.07331e-07
 6.25102e-07
 5.53287e-07
 4.91091e-07
 4.37408e-07
 3.91090e-07
 3.51065e-07
 3.16385e-07
 2.86237e-07
 2.59930e-07
 2.36887e-07
 2.16623e-07
 1.98733e-07
 1.82878e-07
 1.68775e-07
 1.56184e-07
 1.44906e-07
 1.34769e-07
 1.25630e-07
 6.74544e-07
 6.09723e-07
 5.49031e-07
 4.93742e-07
 4.44189e-07
 4.00196e-07
 3.61336e-07
 3.27088e-07
 2.96914e-07
 2.70305e-07
 2.46802e-07
 2.25993e-07
 2.07525e-07
 1.91087e-07
 1.76415e-07
 1.63281e-07
 1.51491e-07
 1.40876e-07
 1.31293e-07
 1.22619e-07
 5.68546e-07
 5.24117e-07
 4.80166e-07
 4.38351e-07
 3.99530e-07
 3.64045e-07
 3.31928e-07
 3.03031e-07
 2.77120e-07
 2.53924e-07
 2.33164e-07
 2.14576e-07
 1.97912e-07
 1.82951e-07
 1.69493e-07
 1.57364e-07
 1.46408e-07
 1.36491e-07
 1.27494e-07
 1.19314e-07
