scalar
part
         1
quad4
 6.43720e-07
 5.88877e-07
 5.35776e-07
 4.86062e-07
 4.40498e-07
 3.99297e-07
 3.62351e-07
 3.29379e-07
 3.00028e-07
 2.73921e-07
 2.50693e-07
 2.30004e-07
 2.11547e-07
 1.95049e-07
 1.80269e-07
 1.66998e-07
 1.55052e-07
 1.44273e-07
 1.34522e-07
 1.25681e-07
 7.57665e-07
 6.79842e-07
 6.08109e-07
 5.43574e-07
 4.86343e-07
 4.35994e-07
 3.91879e-07
 3.53276e-07
 3.19484e-07
 2.89859e-07
 2.63828e-07
 2.40893e-07
 2.20625e-07
 2.02659e-07
 1.86682e-07
 1.72429e-07
 1.59673e-07
 1.48223e-07
 1.37913e-07
 1.28604e-07
 8.91112e-07
 7.82407e-07
 6.87018e-07
 6.04553e-07
 5.33770e-07
 4.73159e-07
 4.21235e-07
 3.76653e-07
 3.38248e-07
 3.05038e-07
 2.76197e-07
 2.51044e-07
 2.29012e-07
 2.09631e-07
 1.92512e-07
 1.77331e-07
 1.63817e-07
 1.51742e-07
 1.40916e-07
 1.31177e-07
 1.04354e-06
 8.94686e-07
 7.70363e-07
 6.67045e-07
 5.81146e-07
 5.09483e-07
 4.49393e-07
 3.98713e-07
 3.55704e-07
 3.18979e-07
 2.87430e-07
 2.60168e-07
 2.36478e-07
 2.15785e-07
 1.97617e-07
 1.81591e-07
 1.67392e-07
 1.54758e-07
 1.43473e-07
 1.33355e-07
 1.21076e-06
 1.01229e-06
 8.54409e-07
 7.28122e-07
 6.26258e-07
 5.43316e-07
 4.75129e-07
 4.18546e-07
 3.71171e-07
 3.31173e-07
 2.97139e-07
 2.67969e-07
 2.42799e-07
 2.20944e-07
 2.01858e-07
 1.85100e-07
 1.70312e-07
 1.57202e-07
 1.45528e-07
 1.35091e-07
 1.38294e-06
 1.12757e-06
 9.33645e-07
 7.83908e-07
 6.66394e-07
 5.72755e-07
 4.97095e-07
 4.35187e-07
 3.83951e-07
 3.41108e-07
 3.04946e-07
 2.74164e-07
 2.47758e-07
 2.24946e-07
 2.05111e-07
 1.87761e-07
 1.72502e-07
 1.59013e-07
 1.47033e-07
 1.36347e-07
 1.54317e-06
 1.22960e-06
 1.00106e-06
 8.29878e-07
 6.98584e-07
 5.95815e-07
 5.13940e-07
 4.47702e-07
 3.93385e-07
 3.48311e-07
 3.10508e-07
 2.78501e-07
 2.51169e-07
 2.27649e-07
 2.07267e-07
 1.89490e-07
 1.73895e-07
 1.60141e-07
 1.47949e-07
 1.37092e-07
 1.66858e-06
 1.30545e-06
 1.04912e-06
 8.61478e-07
 7.19995e-07
 6.10679e-07
 5.24468e-07
 4.55283e-07
 3.98919e-07
 3.52396e-07
 3.13549e-07
 2.80780e-07
 2.52885e-07
 2.28943e-07
 2.08243e-07
 1.90225e-07
 1.74445e-07
 1.60548e-07
 1.48245e-07
 1.37303e-07
 1.73574e-06
 1.34315e-06
 1.07134e-06
 8.75009e-07
 7.28416e-07
 6.15980e-07
 5.27806e-07
 4.57358e-07
 4.00167e-07
 3.53095e-07
 3.13883e-07
 2.80868e-07
 2.52809e-07
 2.28760e-07
 2.07990e-07
 1.89928e-07
 1.74122e-07
 1.60212e-07
 1.47906e-07
 1.36966e-07
 1.72939e-06
 1.33556e-06
 1.06405e-06
 8.68485e-07
 7.22714e-07
 6.11042e-07
 5.23538e-07
 4.53664e-07
 3.96960e-07
 3.50300e-07
 3.11435e-07
 2.78717e-07
 2.50909e-07
 2.27075e-07
 2.06489e-07
 1.88587e-07
 1.72920e-07
 1.59130e-07
 1.46928e-07
 1.36080e-07
 1.64951e-06
 1.28295e-06
 1.02757e-06
 8.42151e-07
 7.03084e-07
 5.96017e-07
 5.11783e-07
 4.44293e-07
 3.89370e-07
 3.44066e-07
 3.06253e-07
 2.74362e-07
 2.47215e-07
 2.23914e-07
 2.03763e-07
 1.86220e-07
 1.70851e-07
 1.57311e-07
 1.45322e-07
 1.34654e-07
 1.51104e-06
 1.19288e-06
 9.66036e-07
 7.98430e-07
 6.71015e-07
 5.71863e-07
 4.93179e-07
 4.29685e-07
 3.77707e-07
 3.34618e-07
 2.98501e-07
 2.67928e-07
 2.41820e-07
 2.19348e-07
 1.99868e-07
 1.82871e-07
 1.67952e-07
 1.54786e-07
 1.43109e-07
 1.32705e-07
 1.33678e-06
 1.07736e-06
 8.86189e-07
 7.41326e-07
 6.28994e-07
 5.40183e-07
 4.68791e-07
 4.10569e-07
 3.62483e-07
 3.22323e-07
 2.88446e-07
 2.59612e-07
 2.34874e-07
 2.13494e-07
 1.94892e-07
 1.78610e-07
 1.64279e-07
 1.51599e-07
 1.40328e-07
 1.30264e-07
 1.14934e-06
 9.49261e-07
 7.95694e-07
 6.75568e-07
 5.80040e-07
 5.02962e-07
 4.39964e-07
 3.87874e-07
 3.44355e-07
 3.07653e-07
 2.76436e-07
 2.49676e-07
 2.26574e-07
 2.06501e-07
 1.88953e-07
 1.73529e-07
 1.59903e-07
 1.47807e-07
 1.37023e-07
 1.27369e-07
 9.66407e-07
 8.19732e-07
 7.01664e-07
 6.05791e-07
 5.27236e-07
 4.62296e-07
 4.08147e-07
 3.62626e-07
 3.24060e-07
 2.91149e-07
 2.62871e-07
 2.38419e-07
 2.17149e-07
 1.98545e-07
 1.82188e-07
 1.67736e-07
 1.54911e-07
 1.43479e-07
 1.33251e-07
 1.24064e-07
 7.99361e-07
 6.96894e-07
 6.09782e-07
 5.35955e-07
 4.73358e-07
 4.20149e-07
 3.74750e-07
 3.35846e-07
 3.02349e-07
 2.73367e-07
 2.48170e-07
 2.26160e-07
 2.06844e-07
 1.89818e-07
 1.74746e-07
 1.61350e-07
 1.49397e-07
 1.38693e-07
 1.29074e-07
 1.20401e-07
 6.53862e-07
 5.85701e-07
 5.23977e-07
 4.69055e-07
 4.20652e-07
 3.78195e-07
 3.41022e-07
 3.08471e-07
 2.79928e-07
 2.54847e-07
 2.32748e-07
 2.13220e-07
 1.95910e-07
 1.80517e-07
 1.66784e-07
 1.54495e-07
 1.43462e-07
 1.33529e-07
 1.24558e-07
 1.16434e-07
 5.31278e-07
 4.88414e-07
 4.46522e-07
 4.07075e-07
 3.70745e-07
 3.37735e-07
 3.07985e-07
 2.81301e-07
 2.57424e-07
 2.36077e-07
 2.16989e-07
 1.99903e-07
 1.84587e-07
 1.70833e-07
 1.58457e-07
 1.47296e-07
 1.37208e-07
 1.28069e-07
 1.19771e-07
 1.12220e-07
 4.30313e-07
 4.05350e-07
 3.78354e-07
 3.51105e-07
 3.24679e-07
 2.99681e-07
 2.76410e-07
 2.54970e-07
 2.35352e-07
 2.17477e-07
 2.01229e-07
 1.86481e-07
 1.73097e-07
 1.60947e-07
 1.49911e-07
 1.39873e-07
 1.30733e-07
 1.22397e-07
 1.14782e-07
 1.07814e-07
 3.48350e-07
 3.35629e-07
 3.19464e-07
 3.01535e-07
 2.82994e-07
 2.64597e-07
 2.46822e-07
 2.29946e-07
 2.14114e-07
 1.99384e-07
 1.85754e-07
 1.73190e-07
 1.61634e-07
 1.51021e-07
 1.41280e-07
 1.32339e-07
 1.24130e-07
 1.16589e-07
 1.09655e-07
 1.03273e-07
