scalar
part
         1
quad4
 6.40855e-07
 5.86316e-07
 5.33500e-07
 4.84043e-07
 4.38708e-07
 3.97707e-07
 3.60934e-07
 3.28113e-07
 2.98892e-07
 2.72898e-07
 2.49768e-07
 2.29165e-07
 2.10783e-07
 1.94351e-07
 1.79630e-07
 1.66410e-07
 1.54509e-07
 1.43771e-07
 1.34057e-07
 1.25249e-07
 7.54190e-07
 6.76812e-07
 6.05473e-07
 5.41280e-07
 4.84339e-07
 4.34238e-07
 3.90331e-07
 3.51906e-07
 3.18265e-07
 2.88769e-07
 2.62848e-07
 2.40009e-07
 2.19824e-07
 2.01930e-07
 1.86016e-07
 1.71819e-07
 1.59112e-07
 1.47705e-07
 1.37434e-07
 1.28159e-07
 8.86907e-07
 7.78840e-07
 6.83986e-07
 6.01965e-07
 5.31546e-07
 4.71235e-07
 4.19559e-07
 3.75182e-07
 3.36950e-07
 3.03884e-07
 2.75167e-07
 2.50119e-07
 2.28176e-07
 2.08873e-07
 1.91822e-07
 1.76701e-07
 1.63238e-07
 1.51210e-07
 1.40424e-07
 1.30722e-07
 1.03848e-06
 8.90527e-07
 7.66914e-07
 6.64157e-07
 5.78704e-07
 5.07397e-07
 4.47595e-07
 3.97149e-07
 3.54333e-07
 3.17769e-07
 2.86353e-07
 2.59205e-07
 2.35613e-07
 2.15002e-07
 1.96906e-07
 1.80943e-07
 1.66798e-07
 1.54213e-07
 1.42970e-07
 1.32890e-07
 1.20477e-06
 1.00751e-06
 8.50544e-07
 7.24947e-07
 6.23612e-07
 5.41082e-07
 4.73221e-07
 4.16899e-07
 3.69736e-07
 3.29912e-07
 2.96023e-07
 2.66974e-07
 2.41907e-07
 2.20140e-07
 2.01130e-07
 1.84437e-07
 1.69706e-07
 1.56646e-07
 1.45016e-07
 1.34618e-07
 1.37600e-06
 1.12221e-06
 9.29402e-07
 7.80481e-07
 6.63574e-07
 5.70397e-07
 4.95096e-07
 4.33472e-07
 3.82464e-07
 3.39806e-07
 3.03798e-07
 2.73144e-07
 2.46846e-07
 2.24125e-07
 2.04368e-07
 1.87086e-07
 1.71886e-07
 1.58448e-07
 1.46514e-07
 1.35868e-07
 1.53540e-06
 1.22376e-06
 9.96524e-07
 8.26258e-07
 6.95634e-07
 5.93365e-07
 5.11875e-07
 4.45938e-07
 3.91861e-07
 3.46981e-07
 3.09337e-07
 2.77463e-07
 2.50242e-07
 2.26816e-07
 2.06514e-07
 1.88806e-07
 1.73272e-07
 1.59570e-07
 1.47424e-07
 1.36609e-07
 1.66026e-06
 1.29930e-06
 1.04440e-06
 8.57747e-07
 7.16970e-07
 6.08178e-07
 5.22367e-07
 4.53492e-07
 3.97374e-07
 3.51049e-07
 3.12365e-07
 2.79731e-07
 2.51949e-07
 2.28103e-07
 2.07485e-07
 1.89537e-07
 1.73817e-07
 1.59973e-07
 1.47718e-07
 1.36817e-07
 1.72729e-06
 1.33694e-06
 1.06659e-06
 8.71260e-07
 7.25381e-07
 6.13471e-07
 5.25699e-07
 4.55562e-07
 3.98619e-07
 3.51746e-07
 3.12696e-07
 2.79817e-07
 2.51872e-07
 2.27918e-07
 2.07229e-07
 1.89238e-07
 1.73494e-07
 1.59637e-07
 1.47378e-07
 1.36479e-07
 1.72123e-06
 1.32953e-06
 1.05942e-06
 8.64810e-07
 7.19729e-07
 6.08569e-07
 5.21456e-07
 4.51886e-07
 3.95425e-07
 3.48960e-07
 3.10257e-07
 2.77672e-07
 2.49976e-07
 2.26237e-07
 2.05732e-07
 1.87900e-07
 1.72293e-07
 1.58556e-07
 1.46401e-07
 1.35594e-07
 1.64198e-06
 1.27729e-06
 1.02317e-06
 8.38629e-07
 7.00203e-07
 5.93617e-07
 5.09753e-07
 4.42555e-07
 3.87865e-07
 3.42750e-07
 3.05092e-07
 2.73331e-07
 2.46293e-07
 2.23084e-07
 2.03014e-07
 1.85538e-07
 1.70229e-07
 1.56742e-07
 1.44798e-07
 1.34170e-07
 1.50430e-06
 1.18771e-06
 9.61946e-07
 7.95117e-07
 6.68280e-07
 5.69568e-07
 4.91225e-07
 4.28004e-07
 3.76245e-07
 3.33335e-07
 2.97366e-07
 2.66917e-07
 2.40915e-07
 2.18533e-07
 1.99129e-07
 1.82199e-07
 1.67338e-07
 1.54223e-07
 1.42591e-07
 1.32227e-07
 1.33086e-06
 1.07271e-06
 8.82449e-07
 7.38256e-07
 6.26431e-07
 5.38013e-07
 4.66931e-07
 4.08958e-07
 3.61076e-07
 3.21082e-07
 2.87345e-07
 2.58629e-07
 2.33991e-07
 2.12696e-07
 1.94169e-07
 1.77951e-07
 1.63675e-07
 1.51045e-07
 1.39817e-07
 1.29792e-07
 1.14419e-06
 9.45131e-07
 7.92315e-07
 6.72755e-07
 5.77664e-07
 5.00931e-07
 4.38209e-07
 3.86345e-07
 3.43011e-07
 3.06463e-07
 2.75375e-07
 2.48725e-07
 2.25718e-07
 2.05725e-07
 1.88247e-07
 1.72885e-07
 1.59312e-07
 1.47264e-07
 1.36521e-07
 1.26905e-07
 9.61952e-07
 8.16093e-07
 6.98637e-07
 6.03236e-07
 5.25053e-07
 4.60411e-07
 4.06505e-07
 3.61184e-07
 3.22785e-07
 2.90014e-07
 2.61855e-07
 2.37504e-07
 2.16322e-07
 1.97794e-07
 1.81503e-07
 1.67109e-07
 1.54334e-07
 1.42949e-07
 1.32760e-07
 1.23609e-07
 7.95538e-07
 6.93708e-07
 6.07089e-07
 5.33651e-07
 4.71366e-07
 4.18412e-07
 3.73224e-07
 3.34496e-07
 3.01147e-07
 2.72291e-07
 2.47203e-07
 2.25285e-07
 2.06050e-07
 1.89095e-07
 1.74084e-07
 1.60742e-07
 1.48837e-07
 1.38176e-07
 1.28595e-07
 1.19957e-07
 6.50598e-07
 5.82927e-07
 5.21593e-07
 4.66988e-07
 4.18844e-07
 3.76603e-07
 3.39611e-07
 3.07213e-07
 2.78802e-07
 2.53832e-07
 2.31831e-07
 2.12387e-07
 1.95151e-07
 1.79823e-07
 1.66147e-07
 1.53908e-07
 1.42921e-07
 1.33027e-07
 1.24093e-07
 1.16001e-07
 5.28501e-07
 4.86007e-07
 4.44421e-07
 4.05228e-07
 3.69112e-07
 3.36282e-07
 3.06687e-07
 2.80135e-07
 2.56372e-07
 2.35125e-07
 2.16123e-07
 1.99113e-07
 1.83864e-07
 1.70169e-07
 1.57846e-07
 1.46732e-07
 1.36686e-07
 1.27584e-07
 1.19320e-07
 1.11799e-07
 4.27954e-07
 4.03267e-07
 3.76507e-07
 3.49461e-07
 3.23209e-07
 2.98361e-07
 2.75219e-07
 2.53893e-07
 2.34374e-07
 2.16585e-07
 2.00415e-07
 1.85734e-07
 1.72410e-07
 1.60315e-07
 1.49326e-07
 1.39332e-07
 1.30231e-07
 1.21929e-07
 1.14346e-07
 1.07407e-07
 3.46346e-07
 3.33829e-07
 3.17845e-07
 3.00075e-07
 2.81674e-07
 2.63401e-07
 2.45734e-07
 2.28954e-07
 2.13208e-07
 1.98553e-07
 1.84991e-07
 1.72486e-07
 1.60985e-07
 1.50420e-07
 1.40723e-07
 1.31821e-07
 1.23648e-07
 1.16140e-07
 1.09235e-07
 1.02879e-07
