scalar
part
         1
quad4
 3.45674e-07
 3.34028e-07
 3.18643e-07
 3.01268e-07
 2.83114e-07
 2.64984e-07
 2.47388e-07
 2.30628e-07
 2.14869e-07
 2.00180e-07
 1.86569e-07
 1.74008e-07
 1.62445e-07
 1.51817e-07
 1.42056e-07
 1.33093e-07
 1.24860e-07
 1.17293e-07
 1.10333e-07
 1.03925e-07
 4.28407e-07
 4.04549e-07
 3.78295e-07
 3.51534e-07
 3.25418e-07
 3.00610e-07
 2.77446e-07
 2.56061e-07
 2.36460e-07
 2.18579e-07
 2.02310e-07
 1.87531e-07
 1.74110e-07
 1.61921e-07
 1.50844e-07
 1.40766e-07
 1.31586e-07
 1.23211e-07
 1.15559e-07
 1.08555e-07
 5.30614e-07
 4.88774e-07
 4.47494e-07
 4.08394e-07
 3.72242e-07
 3.39305e-07
 3.09565e-07
 2.82851e-07
 2.58923e-07
 2.37513e-07
 2.18356e-07
 2.01200e-07
 1.85815e-07
 1.71994e-07
 1.59554e-07
 1.48333e-07
 1.38188e-07
 1.28996e-07
 1.20649e-07
 1.13051e-07
 6.55069e-07
 5.87666e-07
 5.26284e-07
 4.71471e-07
 4.23047e-07
 3.80503e-07
 3.43210e-07
 3.10526e-07
 2.81850e-07
 2.56638e-07
 2.34417e-07
 2.14775e-07
 1.97360e-07
 1.81870e-07
 1.68049e-07
 1.55678e-07
 1.44571e-07
 1.34570e-07
 1.25537e-07
 1.17356e-07
 8.03226e-07
 7.00961e-07
 6.13737e-07
 5.39663e-07
 4.76775e-07
 4.23272e-07
 3.77596e-07
 3.38438e-07
 3.04713e-07
 2.75528e-07
 2.50150e-07
 2.27979e-07
 2.08520e-07
 1.91366e-07
 1.76179e-07
 1.62680e-07
 1.50635e-07
 1.39848e-07
 1.30153e-07
 1.21413e-07
 9.73793e-07
 8.26384e-07
 7.07536e-07
 6.10944e-07
 5.31760e-07
 4.66283e-07
 4.11678e-07
 3.65770e-07
 3.26875e-07
 2.93682e-07
 2.65162e-07
 2.40500e-07
 2.19049e-07
 2.00285e-07
 1.83787e-07
 1.69212e-07
 1.56276e-07
 1.44746e-07
 1.34430e-07
 1.25164e-07
 1.16099e-06
 9.58840e-07
 8.03637e-07
 6.82231e-07
 5.85696e-07
 5.07818e-07
 4.44176e-07
 3.91563e-07
 3.47612e-07
 3.10551e-07
 2.79030e-07
 2.52014e-07
 2.28691e-07
 2.08427e-07
 1.90714e-07
 1.75145e-07
 1.61391e-07
 1.49182e-07
 1.38298e-07
 1.28554e-07
 1.35298e-06
 1.08990e-06
 8.96162e-07
 7.49440e-07
 6.35725e-07
 5.45860e-07
 4.73646e-07
 4.14770e-07
 3.66156e-07
 3.25563e-07
 2.91326e-07
 2.62191e-07
 2.37197e-07
 2.15597e-07
 1.96806e-07
 1.80359e-07
 1.65884e-07
 1.53077e-07
 1.41694e-07
 1.31531e-07
 1.53125e-06
 1.20798e-06
 9.77751e-07
 8.07793e-07
 6.78678e-07
 5.78257e-07
 4.98599e-07
 4.34342e-07
 3.81753e-07
 3.38167e-07
 3.01641e-07
 2.70726e-07
 2.44330e-07
 2.21614e-07
 2.01923e-07
 1.84744e-07
 1.69666e-07
 1.56361e-07
 1.44561e-07
 1.34048e-07
 1.67225e-06
 1.29975e-06
 1.04051e-06
 8.52435e-07
 7.11462e-07
 6.02978e-07
 5.17663e-07
 4.49328e-07
 3.93730e-07
 3.47880e-07
 3.09619e-07
 2.77354e-07
 2.49893e-07
 2.26325e-07
 2.05946e-07
 1.88204e-07
 1.72664e-07
 1.58974e-07
 1.46852e-07
 1.36067e-07
 1.75263e-06
 1.35296e-06
 1.07758e-06
 8.79290e-07
 7.31545e-07
 6.18393e-07
 5.29752e-07
 4.58985e-07
 4.01567e-07
 3.54328e-07
 3.14986e-07
 2.81871e-07
 2.53729e-07
 2.29611e-07
 2.08783e-07
 1.90670e-07
 1.74821e-07
 1.60871e-07
 1.48530e-07
 1.37558e-07
 1.75767e-06
 1.36014e-06
 1.08482e-06
 8.85939e-07
 7.37435e-07
 6.23536e-07
 5.34223e-07
 4.62870e-07
 4.04950e-07
 3.57282e-07
 3.17577e-07
 2.84151e-07
 2.55745e-07
 2.31400e-07
 2.10376e-07
 1.92095e-07
 1.76099e-07
 1.62023e-07
 1.49570e-07
 1.38501e-07
 1.68823e-06
 1.32134e-06
 1.06210e-06
 8.72204e-07
 7.28967e-07
 6.18272e-07
 5.30963e-07
 4.60892e-07
 4.03805e-07
 3.56685e-07
 3.17342e-07
 2.84156e-07
 2.55907e-07
 2.31664e-07
 2.10704e-07
 1.92461e-07
 1.76485e-07
 1.62416e-07
 1.49962e-07
 1.38886e-07
 1.56040e-06
 1.24411e-06
 1.01326e-06
 8.40173e-07
 7.07332e-07
 6.03305e-07
 5.20403e-07
 4.53322e-07
 3.98307e-07
 3.52651e-07
 3.14358e-07
 2.81937e-07
 2.54251e-07
 2.30428e-07
 2.09783e-07
 1.91779e-07
 1.75985e-07
 1.62055e-07
 1.49709e-07
 1.38716e-07
 1.39808e-06
 1.14070e-06
 9.44959e-07
 7.93646e-07
 6.74796e-07
 5.80037e-07
 5.03441e-07
 4.40748e-07
 3.88851e-07
 3.45450e-07
 3.08814e-07
 2.77627e-07
 2.50873e-07
 2.27761e-07
 2.07664e-07
 1.90087e-07
 1.74628e-07
 1.60963e-07
 1.48828e-07
 1.38003e-07
 1.22418e-06
 1.02416e-06
 8.64837e-07
 7.37248e-07
 6.34245e-07
 5.50320e-07
 4.81292e-07
 4.23989e-07
 3.76000e-07
 3.35476e-07
 3.00990e-07
 2.71430e-07
 2.45922e-07
 2.23774e-07
 2.04431e-07
 1.87448e-07
 1.72462e-07
 1.59176e-07
 1.47347e-07
 1.36771e-07
 1.05555e-06
 9.05457e-07
 7.79954e-07
 6.75553e-07
 5.88684e-07
 5.16165e-07
 4.55328e-07
 4.03997e-07
 3.60424e-07
 3.23209e-07
 2.91234e-07
 2.63601e-07
 2.39587e-07
 2.18610e-07
 2.00193e-07
 1.83947e-07
 1.69553e-07
 1.56747e-07
 1.45307e-07
 1.35051e-07
 9.01933e-07
 7.92198e-07
 6.95832e-07
 6.12460e-07
 5.40850e-07
 4.79497e-07
 4.26913e-07
 3.81747e-07
 3.42829e-07
 3.09167e-07
 2.79929e-07
 2.54427e-07
 2.32087e-07
 2.12435e-07
 1.95076e-07
 1.79682e-07
 1.65978e-07
 1.53735e-07
 1.42757e-07
 1.32883e-07
 7.67442e-07
 6.88759e-07
 6.16208e-07
 5.50908e-07
 4.92971e-07
 4.41980e-07
 3.97283e-07
 3.58160e-07
 3.23904e-07
 2.93866e-07
 2.67469e-07
 2.44208e-07
 2.23652e-07
 2.05428e-07
 1.89222e-07
 1.74764e-07
 1.61825e-07
 1.50210e-07
 1.39753e-07
 1.30311e-07
 6.52566e-07
 5.97004e-07
 5.43217e-07
 4.92855e-07
 4.46688e-07
 4.04931e-07
 3.67476e-07
 3.34043e-07
 3.04274e-07
 2.77793e-07
 2.54228e-07
 2.33238e-07
 2.14511e-07
 1.97770e-07
 1.82773e-07
 1.69306e-07
 1.57185e-07
 1.46247e-07
 1.36354e-07
 1.27384e-07
