scalar
part
         1
quad4
 6.41489e-07
 5.87559e-07
 5.35202e-07
 4.86068e-07
 4.40940e-07
 4.00055e-07
 3.63329e-07
 3.30505e-07
 3.01244e-07
 2.75187e-07
 2.51978e-07
 2.31287e-07
 2.12812e-07
 1.96285e-07
 1.81469e-07
 1.68158e-07
 1.56169e-07
 1.45346e-07
 1.35552e-07
 1.26667e-07
 7.55142e-07
 6.78519e-07
 6.07708e-07
 5.43852e-07
 4.87100e-07
 4.37077e-07
 3.93172e-07
 3.54695e-07
 3.20969e-07
 2.91367e-07
 2.65329e-07
 2.42367e-07
 2.22060e-07
 2.04045e-07
 1.88015e-07
 1.73706e-07
 1.60894e-07
 1.49388e-07
 1.39024e-07
 1.29662e-07
 8.88396e-07
 7.81244e-07
 6.86966e-07
 6.05261e-07
 5.34975e-07
 4.74673e-07
 4.22926e-07
 3.78430e-07
 3.40051e-07
 3.06824e-07
 2.77942e-07
 2.52730e-07
 2.30631e-07
 2.11178e-07
 1.93986e-07
 1.78731e-07
 1.65146e-07
 1.53003e-07
 1.42111e-07
 1.32310e-07
 1.04090e-06
 8.93987e-07
 7.70930e-07
 6.68402e-07
 5.82969e-07
 5.11555e-07
 4.51576e-07
 4.00916e-07
 3.57873e-07
 3.21080e-07
 2.89444e-07
 2.62085e-07
 2.38296e-07
 2.17502e-07
 1.99238e-07
 1.83119e-07
 1.68832e-07
 1.56116e-07
 1.44753e-07
 1.34562e-07
 1.20878e-06
 1.01256e-06
 8.55987e-07
 7.30416e-07
 6.28902e-07
 5.46090e-07
 4.77903e-07
 4.21244e-07
 3.73754e-07
 3.33621e-07
 2.99444e-07
 2.70132e-07
 2.44825e-07
 2.22840e-07
 2.03631e-07
 1.86759e-07
 1.71865e-07
 1.58657e-07
 1.46893e-07
 1.36373e-07
 1.38266e-06
 1.12957e-06
 9.36751e-07
 7.87481e-07
 6.70084e-07
 5.76376e-07
 5.00555e-07
 4.38443e-07
 3.86989e-07
 3.43928e-07
 3.07559e-07
 2.76584e-07
 2.49999e-07
 2.27022e-07
 2.07037e-07
 1.89550e-07
 1.74167e-07
 1.60565e-07
 1.48482e-07
 1.37703e-07
 1.54622e-06
 1.23432e-06
 1.00629e-06
 8.35086e-07
 7.03534e-07
 6.00413e-07
 5.18164e-07
 4.51561e-07
 3.96904e-07
 3.51520e-07
 3.13438e-07
 2.81180e-07
 2.53625e-07
 2.29905e-07
 2.09344e-07
 1.91407e-07
 1.75669e-07
 1.61786e-07
 1.49479e-07
 1.38518e-07
 1.67702e-06
 1.31395e-06
 1.05704e-06
 8.68622e-07
 7.26365e-07
 6.16339e-07
 5.29500e-07
 4.59766e-07
 4.02928e-07
 3.55993e-07
 3.16791e-07
 2.83714e-07
 2.55549e-07
 2.31373e-07
 2.10466e-07
 1.92265e-07
 1.76323e-07
 1.62282e-07
 1.49852e-07
 1.38795e-07
 1.75137e-06
 1.35623e-06
 1.08228e-06
 8.84239e-07
 7.36266e-07
 6.22717e-07
 5.33640e-07
 4.62452e-07
 4.04649e-07
 3.57066e-07
 3.17422e-07
 2.84042e-07
 2.55670e-07
 2.31351e-07
 2.10347e-07
 1.92081e-07
 1.76097e-07
 1.62030e-07
 1.49584e-07
 1.38519e-07
 1.75275e-06
 1.35330e-06
 1.07799e-06
 8.79717e-07
 7.31959e-07
 6.18782e-07
 5.30113e-07
 4.59317e-07
 4.01872e-07
 3.54607e-07
 3.15243e-07
 2.82107e-07
 2.53947e-07
 2.29812e-07
 2.08968e-07
 1.90843e-07
 1.74981e-07
 1.61021e-07
 1.48669e-07
 1.37688e-07
 1.67918e-06
 1.30452e-06
 1.04397e-06
 8.55042e-07
 7.13487e-07
 6.04593e-07
 5.18976e-07
 4.50415e-07
 3.94644e-07
 3.48658e-07
 3.10288e-07
 2.77936e-07
 2.50403e-07
 2.26775e-07
 2.06346e-07
 1.88563e-07
 1.72986e-07
 1.59266e-07
 1.47117e-07
 1.36309e-07
 1.54407e-06
 1.21671e-06
 9.83990e-07
 8.12421e-07
 6.82217e-07
 5.81033e-07
 5.00822e-07
 4.36155e-07
 3.83254e-07
 3.39428e-07
 3.02711e-07
 2.71645e-07
 2.45126e-07
 2.22308e-07
 2.02534e-07
 1.85284e-07
 1.70148e-07
 1.56792e-07
 1.44949e-07
 1.34399e-07
 1.36983e-06
 1.10161e-06
 9.04626e-07
 7.55757e-07
 6.40569e-07
 5.49660e-07
 4.76686e-07
 4.17244e-07
 3.68200e-07
 3.27272e-07
 2.92772e-07
 2.63427e-07
 2.38263e-07
 2.16524e-07
 1.97618e-07
 1.81075e-07
 1.66519e-07
 1.53644e-07
 1.42202e-07
 1.31988e-07
 1.17983e-06
 9.72363e-07
 8.13627e-07
 6.89802e-07
 5.91564e-07
 5.12457e-07
 4.47906e-07
 3.94609e-07
 3.50133e-07
 3.12662e-07
 2.80817e-07
 2.53541e-07
 2.30008e-07
 2.09571e-07
 1.91715e-07
 1.76026e-07
 1.62171e-07
 1.49877e-07
 1.38920e-07
 1.29113e-07
 9.92948e-07
 8.40647e-07
 7.18362e-07
 6.19314e-07
 5.38347e-07
 4.71549e-07
 4.15950e-07
 3.69282e-07
 3.29796e-07
 2.96138e-07
 2.67246e-07
 2.42285e-07
 2.20590e-07
 2.01625e-07
 1.84960e-07
 1.70245e-07
 1.57191e-07
 1.45562e-07
 1.35159e-07
 1.25819e-07
 8.21596e-07
 7.15149e-07
 6.24815e-07
 5.48422e-07
 4.83788e-07
 4.28956e-07
 3.82257e-07
 3.42303e-07
 3.07950e-07
 2.78264e-07
 2.52483e-07
 2.29984e-07
 2.10256e-07
 1.92879e-07
 1.77507e-07
 1.63851e-07
 1.51673e-07
 1.40773e-07
 1.30982e-07
 1.22158e-07
 6.72066e-07
 6.01245e-07
 5.37185e-07
 4.80284e-07
 4.30233e-07
 3.86414e-07
 3.48117e-07
 3.14635e-07
 2.85319e-07
 2.59592e-07
 2.36950e-07
 2.16962e-07
 1.99261e-07
 1.83532e-07
 1.69510e-07
 1.56970e-07
 1.45719e-07
 1.35594e-07
 1.26455e-07
 1.18182e-07
 5.46009e-07
 5.01449e-07
 4.57933e-07
 4.17018e-07
 3.79402e-07
 3.45285e-07
 3.14592e-07
 2.87105e-07
 2.62547e-07
 2.40621e-07
 2.21038e-07
 2.03528e-07
 1.87848e-07
 1.73779e-07
 1.61129e-07
 1.49729e-07
 1.39432e-07
 1.30108e-07
 1.21647e-07
 1.13951e-07
 4.42189e-07
 4.16195e-07
 3.88110e-07
 3.59806e-07
 3.32405e-07
 3.06532e-07
 2.82488e-07
 2.60374e-07
 2.40169e-07
 2.21785e-07
 2.05096e-07
 1.89963e-07
 1.76245e-07
 1.63804e-07
 1.52511e-07
 1.42249e-07
 1.32910e-07
 1.24399e-07
 1.16628e-07
 1.09521e-07
 3.57941e-07
 3.44628e-07
 3.27758e-07
 3.09092e-07
 2.89829e-07
 2.70757e-07
 2.52363e-07
 2.34930e-07
 2.18603e-07
 2.03434e-07
 1.89416e-07
 1.76509e-07
 1.64652e-07
 1.53772e-07
 1.43795e-07
 1.34645e-07
 1.26251e-07
 1.18544e-07
 1.11462e-07
 1.04947e-07
