scalar
part
         1
quad4
 6.50736e-07
 5.95049e-07
 5.41196e-07
 4.90819e-07
 4.44676e-07
 4.02971e-07
 3.65587e-07
 3.32236e-07
 3.02557e-07
 2.76166e-07
 2.52692e-07
 2.31790e-07
 2.13147e-07
 1.96487e-07
 1.81566e-07
 1.68170e-07
 1.56115e-07
 1.45239e-07
 1.35404e-07
 1.26487e-07
 7.65162e-07
 6.86353e-07
 6.13759e-07
 5.48479e-07
 4.90606e-07
 4.39708e-07
 3.95122e-07
 3.56118e-07
 3.21983e-07
 2.92064e-07
 2.65781e-07
 2.42629e-07
 2.22175e-07
 2.04047e-07
 1.87929e-07
 1.73553e-07
 1.60690e-07
 1.49145e-07
 1.38753e-07
 1.29370e-07
 8.99043e-07
 7.89201e-07
 6.92839e-07
 6.09547e-07
 5.38063e-07
 4.76863e-07
 4.24442e-07
 3.79442e-07
 3.40684e-07
 3.07174e-07
 2.78080e-07
 2.52710e-07
 2.30493e-07
 2.10953e-07
 1.93696e-07
 1.78396e-07
 1.64778e-07
 1.52613e-07
 1.41707e-07
 1.31898e-07
 1.05181e-06
 9.01675e-07
 7.76269e-07
 6.72048e-07
 5.85400e-07
 5.13116e-07
 4.52512e-07
 4.01404e-07
 3.58039e-07
 3.21016e-07
 2.89216e-07
 2.61742e-07
 2.37873e-07
 2.17025e-07
 1.98725e-07
 1.82586e-07
 1.68288e-07
 1.55568e-07
 1.44208e-07
 1.34024e-07
 1.21924e-06
 1.01934e-06
 8.60282e-07
 7.33031e-07
 6.30382e-07
 5.46803e-07
 4.78097e-07
 4.21088e-07
 3.73364e-07
 3.33076e-07
 2.98801e-07
 2.69428e-07
 2.44087e-07
 2.22088e-07
 2.02878e-07
 1.86014e-07
 1.71134e-07
 1.57944e-07
 1.46201e-07
 1.35703e-07
 1.39143e-06
 1.13451e-06
 9.39327e-07
 7.88591e-07
 6.70281e-07
 5.76008e-07
 4.99842e-07
 4.37525e-07
 3.85956e-07
 3.42840e-07
 3.06453e-07
 2.75484e-07
 2.48921e-07
 2.25977e-07
 2.06028e-07
 1.88582e-07
 1.73239e-07
 1.59679e-07
 1.47637e-07
 1.36896e-07
 1.55140e-06
 1.23618e-06
 1.00636e-06
 8.34173e-07
 7.02108e-07
 5.98738e-07
 5.16390e-07
 4.49775e-07
 3.95157e-07
 3.49837e-07
 3.11833e-07
 2.79659e-07
 2.52188e-07
 2.28551e-07
 2.08069e-07
 1.90208e-07
 1.74541e-07
 1.60724e-07
 1.48477e-07
 1.37573e-07
 1.67617e-06
 1.31135e-06
 1.05377e-06
 8.65200e-07
 7.23017e-07
 6.13168e-07
 5.26544e-07
 4.57034e-07
 4.00412e-07
 3.53680e-07
 3.14663e-07
 2.81754e-07
 2.53742e-07
 2.29703e-07
 2.08920e-07
 1.90831e-07
 1.74991e-07
 1.61041e-07
 1.48694e-07
 1.37712e-07
 1.74212e-06
 1.34796e-06
 1.07506e-06
 8.77956e-07
 7.30794e-07
 6.17932e-07
 5.29433e-07
 4.58731e-07
 4.01340e-07
 3.54106e-07
 3.14762e-07
 2.81640e-07
 2.53491e-07
 2.29365e-07
 2.08531e-07
 1.90414e-07
 1.74562e-07
 1.60612e-07
 1.48270e-07
 1.37299e-07
 1.73377e-06
 1.33880e-06
 1.06655e-06
 8.70461e-07
 7.24318e-07
 6.12368e-07
 5.24653e-07
 4.54613e-07
 3.97778e-07
 3.51011e-07
 3.12060e-07
 2.79270e-07
 2.51402e-07
 2.27517e-07
 2.06888e-07
 1.88948e-07
 1.73248e-07
 1.59430e-07
 1.47204e-07
 1.36334e-07
 1.65109e-06
 1.28419e-06
 1.02859e-06
 8.43004e-07
 7.03813e-07
 5.96650e-07
 5.12338e-07
 4.44785e-07
 3.89809e-07
 3.44461e-07
 3.06610e-07
 2.74686e-07
 2.47511e-07
 2.24185e-07
 2.04013e-07
 1.86450e-07
 1.71065e-07
 1.57510e-07
 1.45507e-07
 1.34826e-07
 1.50937e-06
 1.19189e-06
 9.65443e-07
 7.98080e-07
 6.70821e-07
 5.71770e-07
 4.93152e-07
 4.29704e-07
 3.77756e-07
 3.34687e-07
 2.98583e-07
 2.68018e-07
 2.41915e-07
 2.19446e-07
 1.99967e-07
 1.82969e-07
 1.68049e-07
 1.54882e-07
 1.43202e-07
 1.32796e-07
 1.33197e-06
 1.07418e-06
 8.84013e-07
 7.39789e-07
 6.27885e-07
 5.39370e-07
 4.68188e-07
 4.10117e-07
 3.62144e-07
 3.22067e-07
 2.88254e-07
 2.59470e-07
 2.34769e-07
 2.13418e-07
 1.94840e-07
 1.78576e-07
 1.64259e-07
 1.51591e-07
 1.40329e-07
 1.30273e-07
 1.14202e-06
 9.44227e-07
 7.92115e-07
 6.72953e-07
 5.78085e-07
 5.01474e-07
 4.38813e-07
 3.86974e-07
 3.43643e-07
 3.07084e-07
 2.75978e-07
 2.49306e-07
 2.26274e-07
 2.06255e-07
 1.88753e-07
 1.73365e-07
 1.59768e-07
 1.47697e-07
 1.36933e-07
 1.27296e-07
 9.57402e-07
 8.13316e-07
 6.96969e-07
 6.02276e-07
 5.24551e-07
 4.60210e-07
 4.06504e-07
 3.61314e-07
 3.23002e-07
 2.90287e-07
 2.62163e-07
 2.37833e-07
 2.16662e-07
 1.98137e-07
 1.81845e-07
 1.67446e-07
 1.54665e-07
 1.43271e-07
 1.33073e-07
 1.23912e-07
 7.89491e-07
 6.89605e-07
 6.04297e-07
 5.31753e-07
 4.70088e-07
 4.17566e-07
 3.72684e-07
 3.34174e-07
 3.00982e-07
 2.72240e-07
 2.47233e-07
 2.25376e-07
 2.06183e-07
 1.89258e-07
 1.74268e-07
 1.60941e-07
 1.49045e-07
 1.38389e-07
 1.28811e-07
 1.20173e-07
 6.43765e-07
 5.77989e-07
 5.18012e-07
 4.64384e-07
 4.16947e-07
 3.75224e-07
 3.38612e-07
 3.06497e-07
 2.78297e-07
 2.53488e-07
 2.31607e-07
 2.12256e-07
 1.95090e-07
 1.79816e-07
 1.66182e-07
 1.53974e-07
 1.43011e-07
 1.33135e-07
 1.24214e-07
 1.16133e-07
 5.21394e-07
 4.80626e-07
 4.40342e-07
 4.02130e-07
 3.66753e-07
 3.34482e-07
 3.05312e-07
 2.79086e-07
 2.55575e-07
 2.34522e-07
 2.15672e-07
 1.98781e-07
 1.83626e-07
 1.70005e-07
 1.57740e-07
 1.46673e-07
 1.36664e-07
 1.27593e-07
 1.19352e-07
 1.11850e-07
 4.20906e-07
 3.97731e-07
 3.72163e-07
 3.46049e-07
 3.20526e-07
 2.96247e-07
 2.73551e-07
 2.52574e-07
 2.33331e-07
 2.15762e-07
 1.99766e-07
 1.85224e-07
 1.72013e-07
 1.60008e-07
 1.49093e-07
 1.39158e-07
 1.30105e-07
 1.21844e-07
 1.14293e-07
 1.07381e-07
 3.39560e-07
 3.28333e-07
 3.13407e-07
 2.96495e-07
 2.78785e-07
 2.61067e-07
 2.43846e-07
 2.27424e-07
 2.11967e-07
 1.97545e-07
 1.84173e-07
 1.71823e-07
 1.60447e-07
 1.49986e-07
 1.40373e-07
 1.31542e-07
 1.23427e-07
 1.15967e-07
 1.09102e-07
 1.02780e-07
