scalar
part
         1
quad4
 4.80980e-07
 4.49395e-07
 4.16623e-07
 3.84369e-07
 3.53632e-07
 3.24939e-07
 2.98507e-07
 2.74367e-07
 2.52437e-07
 2.32581e-07
 2.14631e-07
 1.98414e-07
 1.83759e-07
 1.70507e-07
 1.58509e-07
 1.47631e-07
 1.37753e-07
 1.28768e-07
 1.20579e-07
 1.13103e-07
 5.78029e-07
 5.29206e-07
 4.81955e-07
 4.37798e-07
 3.97395e-07
 3.60897e-07
 3.28176e-07
 2.98962e-07
 2.72932e-07
 2.49748e-07
 2.29087e-07
 2.10651e-07
 1.94171e-07
 1.79410e-07
 1.66158e-07
 1.54234e-07
 1.43477e-07
 1.33751e-07
 1.24935e-07
 1.16925e-07
 6.94560e-07
 6.21717e-07
 5.55421e-07
 4.96341e-07
 4.44292e-07
 3.98701e-07
 3.58858e-07
 3.24038e-07
 2.93570e-07
 2.66850e-07
 2.43353e-07
 2.22626e-07
 2.04285e-07
 1.88002e-07
 1.73497e-07
 1.60536e-07
 1.48915e-07
 1.38466e-07
 1.29041e-07
 1.20517e-07
 8.31785e-07
 7.26539e-07
 6.36033e-07
 5.58876e-07
 4.93270e-07
 4.37437e-07
 3.89790e-07
 3.48972e-07
 3.13847e-07
 2.83480e-07
 2.57101e-07
 2.34078e-07
 2.13891e-07
 1.96113e-07
 1.80388e-07
 1.66425e-07
 1.53976e-07
 1.42837e-07
 1.32835e-07
 1.23824e-07
 9.88469e-07
 8.41443e-07
 7.21532e-07
 6.23441e-07
 5.42729e-07
 4.75840e-07
 4.19987e-07
 3.72995e-07
 3.33168e-07
 2.99176e-07
 2.69970e-07
 2.44720e-07
 2.22763e-07
 2.03563e-07
 1.86688e-07
 1.71786e-07
 1.58565e-07
 1.46788e-07
 1.36254e-07
 1.26797e-07
 1.15921e-06
 9.61594e-07
 8.08088e-07
 6.87140e-07
 5.90517e-07
 5.12316e-07
 4.48266e-07
 3.95228e-07
 3.50871e-07
 3.13435e-07
 2.81577e-07
 2.54260e-07
 2.30672e-07
 2.10174e-07
 1.92255e-07
 1.76506e-07
 1.62593e-07
 1.50246e-07
 1.39239e-07
 1.29387e-07
 1.33289e-06
 1.07912e-06
 8.90262e-07
 7.46223e-07
 6.34028e-07
 5.45034e-07
 4.73321e-07
 4.14729e-07
 3.66267e-07
 3.25749e-07
 2.91540e-07
 2.62405e-07
 2.37396e-07
 2.15772e-07
 1.96954e-07
 1.80479e-07
 1.65976e-07
 1.53143e-07
 1.41735e-07
 1.31550e-07
 1.49241e-06
 1.18348e-06
 9.61422e-07
 7.96411e-07
 6.70436e-07
 5.72085e-07
 4.93838e-07
 4.30571e-07
 3.78695e-07
 3.35635e-07
 2.99503e-07
 2.68892e-07
 2.42734e-07
 2.20206e-07
 2.00667e-07
 1.83613e-07
 1.68639e-07
 1.55422e-07
 1.43696e-07
 1.33247e-07
 1.61706e-06
 1.26302e-06
 1.01469e-06
 8.33478e-07
 6.97052e-07
 5.91706e-07
 5.08628e-07
 4.41937e-07
 3.87578e-07
 3.42680e-07
 3.05165e-07
 2.73497e-07
 2.46518e-07
 2.23346e-07
 2.03295e-07
 1.85830e-07
 1.70523e-07
 1.57034e-07
 1.45084e-07
 1.34448e-07
 1.68755e-06
 1.30750e-06
 1.04427e-06
 8.53978e-07
 7.11739e-07
 6.02522e-07
 5.16782e-07
 4.48208e-07
 3.92485e-07
 3.46579e-07
 3.08306e-07
 2.76056e-07
 2.48627e-07
 2.25100e-07
 2.04768e-07
 1.87076e-07
 1.71586e-07
 1.57945e-07
 1.45871e-07
 1.35132e-07
 1.69201e-06
 1.31080e-06
 1.04678e-06
 8.55923e-07
 7.13276e-07
 6.03756e-07
 5.17787e-07
 4.49037e-07
 3.93176e-07
 3.47162e-07
 3.08801e-07
 2.76481e-07
 2.48993e-07
 2.25419e-07
 2.05047e-07
 1.87321e-07
 1.71802e-07
 1.58137e-07
 1.46043e-07
 1.35286e-07
 1.63002e-06
 1.27267e-06
 1.02204e-06
 8.39202e-07
 7.01587e-07
 5.95355e-07
 5.11606e-07
 4.44397e-07
 3.89632e-07
 3.44413e-07
 3.06639e-07
 2.74761e-07
 2.47610e-07
 2.24295e-07
 2.04126e-07
 1.86561e-07
 1.71170e-07
 1.57608e-07
 1.45597e-07
 1.34908e-07
 1.51274e-06
 1.19876e-06
 9.73157e-07
 8.05599e-07
 6.77750e-07
 5.77996e-07
 4.98677e-07
 4.34579e-07
 3.82050e-07
 3.38470e-07
 3.01920e-07
 2.70968e-07
 2.44529e-07
 2.21769e-07
 2.02037e-07
 1.84819e-07
 1.69706e-07
 1.56371e-07
 1.44544e-07
 1.34007e-07
 1.35898e-06
 1.09899e-06
 9.05681e-07
 7.58397e-07
 6.43788e-07
 5.52967e-07
 4.79847e-07
 4.20157e-07
 3.70827e-07
 3.29614e-07
 2.94843e-07
 2.65249e-07
 2.39860e-07
 2.17922e-07
 1.98840e-07
 1.82142e-07
 1.67449e-07
 1.54454e-07
 1.42907e-07
 1.32602e-07
 1.18926e-06
 9.84832e-07
 8.26357e-07
 7.01720e-07
 6.02309e-07
 5.21971e-07
 4.56258e-07
 4.01912e-07
 3.56511e-07
 3.18234e-07
 2.85691e-07
 2.57811e-07
 2.33758e-07
 2.12871e-07
 1.94626e-07
 1.78600e-07
 1.64452e-07
 1.51902e-07
 1.40721e-07
 1.30719e-07
 1.02071e-06
 8.66828e-07
 7.41789e-07
 6.39807e-07
 5.56103e-07
 4.86885e-07
 4.29197e-07
 3.80745e-07
 3.39742e-07
 3.04795e-07
 2.74807e-07
 2.48911e-07
 2.26415e-07
 2.06764e-07
 1.89508e-07
 1.74282e-07
 1.60785e-07
 1.48769e-07
 1.38030e-07
 1.28395e-07
 8.64697e-07
 7.52968e-07
 6.57467e-07
 5.76428e-07
 5.07776e-07
 4.49533e-07
 3.99960e-07
 3.57588e-07
 3.21200e-07
 2.89798e-07
 2.62564e-07
 2.38830e-07
 2.18047e-07
 1.99766e-07
 1.83616e-07
 1.69288e-07
 1.56528e-07
 1.45120e-07
 1.34885e-07
 1.25671e-07
 7.26998e-07
 6.48291e-07
 5.77336e-07
 5.14541e-07
 4.59515e-07
 4.11524e-07
 3.69732e-07
 3.33322e-07
 3.01545e-07
 2.73741e-07
 2.49341e-07
 2.27858e-07
 2.08879e-07
 1.92054e-07
 1.77088e-07
 1.63730e-07
 1.51769e-07
 1.41024e-07
 1.31343e-07
 1.22594e-07
 6.09218e-07
 5.55257e-07
 5.03796e-07
 4.56195e-07
 4.12971e-07
 3.74155e-07
 3.39522e-07
 3.08725e-07
 2.81376e-07
 2.57090e-07
 2.35501e-07
 2.16280e-07
 1.99134e-07
 1.83804e-07
 1.70065e-07
 1.57719e-07
 1.46599e-07
 1.36557e-07
 1.27465e-07
 1.19213e-07
 5.10461e-07
 4.74469e-07
 4.37980e-07
 4.02606e-07
 3.69259e-07
 3.38380e-07
 3.10116e-07
 2.84436e-07
 2.61209e-07
 2.40254e-07
 2.21372e-07
 2.04360e-07
 1.89025e-07
 1.75187e-07
 1.62684e-07
 1.51369e-07
 1.41110e-07
 1.31792e-07
 1.23313e-07
 1.15580e-07
