scalar
part
         1
quad4
 3.95091e-07
 3.75303e-07
 3.53040e-07
 3.29932e-07
 3.07036e-07
 2.84999e-07
 2.64188e-07
 2.44782e-07
 2.26840e-07
 2.10345e-07
 1.95235e-07
 1.81424e-07
 1.68816e-07
 1.57309e-07
 1.46807e-07
 1.37215e-07
 1.28448e-07
 1.20425e-07
 1.13074e-07
 1.06330e-07
 4.81461e-07
 4.47787e-07
 4.13531e-07
 3.80307e-07
 3.48996e-07
 3.20015e-07
 2.93494e-07
 2.69398e-07
 2.47601e-07
 2.27931e-07
 2.10198e-07
 1.94213e-07
 1.79795e-07
 1.66778e-07
 1.55007e-07
 1.44347e-07
 1.34676e-07
 1.25884e-07
 1.17878e-07
 1.10572e-07
 5.86636e-07
 5.33140e-07
 4.82736e-07
 4.36525e-07
 3.94831e-07
 3.57562e-07
 3.24418e-07
 2.95013e-07
 2.68942e-07
 2.45816e-07
 2.25273e-07
 2.06992e-07
 1.90687e-07
 1.76109e-07
 1.63043e-07
 1.51300e-07
 1.40720e-07
 1.31161e-07
 1.22505e-07
 1.14644e-07
 7.12665e-07
 6.31781e-07
 5.60319e-07
 4.97953e-07
 4.43837e-07
 3.96969e-07
 3.56361e-07
 3.21113e-07
 2.90433e-07
 2.63643e-07
 2.40167e-07
 2.19520e-07
 2.01292e-07
 1.85142e-07
 1.70780e-07
 1.57965e-07
 1.46489e-07
 1.36180e-07
 1.26891e-07
 1.18494e-07
 8.59940e-07
 7.42749e-07
 6.44920e-07
 5.63232e-07
 4.94806e-07
 4.37220e-07
 3.88494e-07
 3.47029e-07
 3.11538e-07
 2.80985e-07
 2.54538e-07
 2.31522e-07
 2.11391e-07
 1.93698e-07
 1.78075e-07
 1.64222e-07
 1.51888e-07
 1.40862e-07
 1.30971e-07
 1.22067e-07
 1.02578e-06
 8.62989e-07
 7.33803e-07
 6.30117e-07
 5.45965e-07
 4.76941e-07
 4.19759e-07
 3.71948e-07
 3.31628e-07
 2.97355e-07
 2.68006e-07
 2.42703e-07
 2.20749e-07
 2.01591e-07
 1.84780e-07
 1.69955e-07
 1.56819e-07
 1.45128e-07
 1.34681e-07
 1.25310e-07
 1.20294e-06
 9.86730e-07
 8.22639e-07
 6.95430e-07
 5.94996e-07
 5.14435e-07
 4.48907e-07
 3.94944e-07
 3.50013e-07
 3.12231e-07
 2.80174e-07
 2.52755e-07
 2.29130e-07
 2.08635e-07
 1.90747e-07
 1.75045e-07
 1.61189e-07
 1.48903e-07
 1.37960e-07
 1.28173e-07
 1.37855e-06
 1.10529e-06
 9.05575e-07
 7.55189e-07
 6.39157e-07
 5.47789e-07
 4.74582e-07
 4.15043e-07
 3.65982e-07
 3.25088e-07
 2.90650e-07
 2.61383e-07
 2.36304e-07
 2.14655e-07
 1.95839e-07
 1.79383e-07
 1.64911e-07
 1.52117e-07
 1.40751e-07
 1.30610e-07
 1.53448e-06
 1.20764e-06
 9.75719e-07
 8.04977e-07
 6.75544e-07
 5.75046e-07
 4.95440e-07
 4.31300e-07
 3.78860e-07
 3.35435e-07
 2.99070e-07
 2.68314e-07
 2.42068e-07
 2.19492e-07
 1.99932e-07
 1.82875e-07
 1.67910e-07
 1.54709e-07
 1.43005e-07
 1.32581e-07
 1.64970e-06
 1.28198e-06
 1.02613e-06
 8.40544e-07
 7.01460e-07
 5.94445e-07
 5.10294e-07
 4.42899e-07
 3.88072e-07
 3.42860e-07
 3.05134e-07
 2.73324e-07
 2.46251e-07
 2.23017e-07
 2.02928e-07
 1.85441e-07
 1.70123e-07
 1.56630e-07
 1.44683e-07
 1.34054e-07
 1.70507e-06
 1.31826e-06
 1.05119e-06
 8.58563e-07
 7.14849e-07
 6.04665e-07
 5.18270e-07
 4.49243e-07
 3.93200e-07
 3.47065e-07
 3.08624e-07
 2.76252e-07
 2.48732e-07
 2.25138e-07
 2.04755e-07
 1.87026e-07
 1.71507e-07
 1.57846e-07
 1.45756e-07
 1.35006e-07
 1.69003e-06
 1.31118e-06
 1.04798e-06
 8.57344e-07
 7.14675e-07
 6.05040e-07
 5.18926e-07
 4.50029e-07
 3.94032e-07
 3.47896e-07
 3.09428e-07
 2.77016e-07
 2.49449e-07
 2.25806e-07
 2.05375e-07
 1.87599e-07
 1.72037e-07
 1.58336e-07
 1.46209e-07
 1.35425e-07
 1.60765e-06
 1.26214e-06
 1.01721e-06
 8.37250e-07
 7.01131e-07
 5.95678e-07
 5.12320e-07
 4.45289e-07
 3.90585e-07
 3.45361e-07
 3.07548e-07
 2.75613e-07
 2.48398e-07
 2.25017e-07
 2.04784e-07
 1.87158e-07
 1.71711e-07
 1.58097e-07
 1.46039e-07
 1.35307e-07
 1.47390e-06
 1.17897e-06
 9.63043e-07
 8.00634e-07
 6.75614e-07
 5.77438e-07
 4.99000e-07
 4.35382e-07
 3.83098e-07
 3.39624e-07
 3.03099e-07
 2.72125e-07
 2.45638e-07
 2.22815e-07
 2.03014e-07
 1.85726e-07
 1.70545e-07
 1.57144e-07
 1.45255e-07
 1.34661e-07
 1.31116e-06
 1.07338e-06
 8.91977e-07
 7.51291e-07
 6.40436e-07
 5.51782e-07
 4.79917e-07
 4.20943e-07
 3.72007e-07
 3.30990e-07
 2.96298e-07
 2.66710e-07
 2.41285e-07
 2.19286e-07
 2.00130e-07
 1.83352e-07
 1.68578e-07
 1.55505e-07
 1.43882e-07
 1.33505e-07
 1.14053e-06
 9.57527e-07
 8.11226e-07
 6.93649e-07
 5.98398e-07
 5.20534e-07
 4.56290e-07
 4.02805e-07
 3.57891e-07
 3.19871e-07
 2.87440e-07
 2.59584e-07
 2.35499e-07
 2.14549e-07
 1.96222e-07
 1.80106e-07
 1.65865e-07
 1.53223e-07
 1.41952e-07
 1.31865e-07
 9.77263e-07
 8.41423e-07
 7.27310e-07
 6.31980e-07
 5.52344e-07
 4.85616e-07
 4.29443e-07
 3.81895e-07
 3.41413e-07
 3.06743e-07
 2.76878e-07
 2.51007e-07
 2.28477e-07
 2.08754e-07
 1.91407e-07
 1.76078e-07
 1.62474e-07
 1.50353e-07
 1.39510e-07
 1.29776e-07
 8.29957e-07
 7.31903e-07
 6.45242e-07
 5.69861e-07
 5.04807e-07
 4.48830e-07
 4.00666e-07
 3.59147e-07
 3.23253e-07
 2.92111e-07
 2.64987e-07
 2.41265e-07
 2.20435e-07
 2.02069e-07
 1.85813e-07
 1.71369e-07
 1.58487e-07
 1.46959e-07
 1.36606e-07
 1.27281e-07
 7.01984e-07
 6.32750e-07
 5.68330e-07
 5.09935e-07
 4.57815e-07
 4.11708e-07
 3.71108e-07
 3.35425e-07
 3.04064e-07
 2.76470e-07
 2.52144e-07
 2.30647e-07
 2.11598e-07
 1.94668e-07
 1.79579e-07
 1.66088e-07
 1.53990e-07
 1.43111e-07
 1.33298e-07
 1.24424e-07
 5.93403e-07
 5.45435e-07
 4.98389e-07
 4.53913e-07
 4.12831e-07
 3.75438e-07
 3.41715e-07
 3.11470e-07
 2.84425e-07
 2.60273e-07
 2.38706e-07
 2.19432e-07
 2.02186e-07
 1.86728e-07
 1.72844e-07
 1.60347e-07
 1.49075e-07
 1.38882e-07
 1.29645e-07
 1.21255e-07
