scalar
part
         1
quad4
 3.74305e-07
 3.57591e-07
 3.37996e-07
 3.17163e-07
 2.96189e-07
 2.75764e-07
 2.56302e-07
 2.38024e-07
 2.21026e-07
 2.05322e-07
 1.90877e-07
 1.77628e-07
 1.65495e-07
 1.54392e-07
 1.44235e-07
 1.34940e-07
 1.26427e-07
 1.18624e-07
 1.11463e-07
 1.04885e-07
 4.58634e-07
 4.28766e-07
 3.97700e-07
 3.67115e-07
 3.37970e-07
 3.10762e-07
 2.85693e-07
 2.62787e-07
 2.41970e-07
 2.23108e-07
 2.06046e-07
 1.90621e-07
 1.76673e-07
 1.64051e-07
 1.52615e-07
 1.42240e-07
 1.32812e-07
 1.24230e-07
 1.16404e-07
 1.09254e-07
 5.61817e-07
 5.12992e-07
 4.66349e-07
 4.23143e-07
 3.83842e-07
 3.48480e-07
 3.16861e-07
 2.88682e-07
 2.63604e-07
 2.41285e-07
 2.21404e-07
 2.03668e-07
 1.87815e-07
 1.73615e-07
 1.60866e-07
 1.49392e-07
 1.39039e-07
 1.29675e-07
 1.21185e-07
 1.13468e-07
 6.86141e-07
 6.10886e-07
 5.43757e-07
 4.84721e-07
 4.33171e-07
 3.88294e-07
 3.49241e-07
 3.15218e-07
 2.85513e-07
 2.59504e-07
 2.36660e-07
 2.16528e-07
 1.98724e-07
 1.82924e-07
 1.68854e-07
 1.56284e-07
 1.45015e-07
 1.34882e-07
 1.25742e-07
 1.17475e-07
 8.32390e-07
 7.21770e-07
 6.28752e-07
 5.50612e-07
 4.84829e-07
 4.29236e-07
 3.82032e-07
 3.41742e-07
 3.07169e-07
 2.77343e-07
 2.51476e-07
 2.28928e-07
 2.09178e-07
 1.91798e-07
 1.76435e-07
 1.62797e-07
 1.50644e-07
 1.39771e-07
 1.30010e-07
 1.21217e-07
 9.98463e-07
 8.42944e-07
 7.18809e-07
 6.18692e-07
 5.37110e-07
 4.69969e-07
 4.14193e-07
 3.67448e-07
 3.27948e-07
 2.94315e-07
 2.65471e-07
 2.40571e-07
 2.18943e-07
 2.00049e-07
 1.83456e-07
 1.68812e-07
 1.55826e-07
 1.44262e-07
 1.33922e-07
 1.24642e-07
 1.17783e-06
 9.69018e-07
 8.09789e-07
 6.85873e-07
 5.87734e-07
 5.08811e-07
 4.44480e-07
 3.91409e-07
 3.47153e-07
 3.09891e-07
 2.78241e-07
 2.51143e-07
 2.27775e-07
 2.07488e-07
 1.89769e-07
 1.74206e-07
 1.60466e-07
 1.48276e-07
 1.37415e-07
 1.27696e-07
 1.35833e-06
 1.09159e-06
 8.95934e-07
 7.48196e-07
 6.33952e-07
 5.43830e-07
 4.71516e-07
 4.12630e-07
 3.64057e-07
 3.23534e-07
 2.89382e-07
 2.60339e-07
 2.35438e-07
 2.13931e-07
 1.95229e-07
 1.78868e-07
 1.64472e-07
 1.51742e-07
 1.40429e-07
 1.30333e-07
 1.52211e-06
 1.19962e-06
 9.70278e-07
 8.01158e-07
 6.72788e-07
 5.73013e-07
 4.93911e-07
 4.30133e-07
 3.77958e-07
 3.34731e-07
 2.98516e-07
 2.67874e-07
 2.41718e-07
 2.19212e-07
 1.99708e-07
 1.82695e-07
 1.67766e-07
 1.54594e-07
 1.42914e-07
 1.32509e-07
 1.64752e-06
 1.28086e-06
 1.02558e-06
 8.40309e-07
 7.01408e-07
 5.94501e-07
 5.10413e-07
 4.43054e-07
 3.88246e-07
 3.43044e-07
 3.05321e-07
 2.73509e-07
 2.46432e-07
 2.23193e-07
 2.03098e-07
 1.85604e-07
 1.70280e-07
 1.56780e-07
 1.44826e-07
 1.34190e-07
 1.71386e-06
 1.32443e-06
 1.05572e-06
 8.62025e-07
 7.17569e-07
 6.06851e-07
 5.20063e-07
 4.50737e-07
 3.94463e-07
 3.48145e-07
 3.09558e-07
 2.77067e-07
 2.49448e-07
 2.25773e-07
 2.05321e-07
 1.87533e-07
 1.71965e-07
 1.58260e-07
 1.46134e-07
 1.35351e-07
 1.70858e-06
 1.32401e-06
 1.05725e-06
 8.64287e-07
 7.20027e-07
 6.09266e-07
 5.22330e-07
 4.52818e-07
 3.96351e-07
 3.49849e-07
 3.11091e-07
 2.78446e-07
 2.50689e-07
 2.26890e-07
 2.06330e-07
 1.88446e-07
 1.72792e-07
 1.59012e-07
 1.46818e-07
 1.35976e-07
 1.63329e-06
 1.28019e-06
 1.03039e-06
 8.47177e-07
 7.08802e-07
 6.01735e-07
 5.17193e-07
 4.49274e-07
 3.93888e-07
 3.48133e-07
 3.09901e-07
 2.77628e-07
 2.50139e-07
 2.26534e-07
 2.06114e-07
 1.88333e-07
 1.72753e-07
 1.59028e-07
 1.46873e-07
 1.36059e-07
 1.50356e-06
 1.20047e-06
 9.79065e-07
 8.12871e-07
 6.85164e-07
 5.85032e-07
 5.05139e-07
 4.40417e-07
 3.87281e-07
 3.43140e-07
 3.06083e-07
 2.74682e-07
 2.47847e-07
 2.24737e-07
 2.04698e-07
 1.87211e-07
 1.71862e-07
 1.58317e-07
 1.46306e-07
 1.35606e-07
 1.34219e-06
 1.09664e-06
 9.09740e-07
 7.65112e-07
 6.51373e-07
 5.60572e-07
 4.87081e-07
 4.26856e-07
 3.76942e-07
 3.35153e-07
 2.99841e-07
 2.69752e-07
 2.43917e-07
 2.21578e-07
 2.02140e-07
 1.85125e-07
 1.70151e-07
 1.56906e-07
 1.45137e-07
 1.34633e-07
 1.17105e-06
 9.81176e-07
 8.29770e-07
 7.08375e-07
 6.10240e-07
 5.30172e-07
 4.64225e-07
 4.09407e-07
 3.63439e-07
 3.24574e-07
 2.91461e-07
 2.63048e-07
 2.38504e-07
 2.17173e-07
 1.98527e-07
 1.82142e-07
 1.67673e-07
 1.54835e-07
 1.43397e-07
 1.33165e-07
 1.00614e-06
 8.64516e-07
 7.45886e-07
 6.47040e-07
 5.64660e-07
 4.95780e-07
 4.37905e-07
 3.89002e-07
 3.47430e-07
 3.11877e-07
 2.81290e-07
 2.54825e-07
 2.31801e-07
 2.11667e-07
 1.93972e-07
 1.78348e-07
 1.64494e-07
 1.52157e-07
 1.41129e-07
 1.31234e-07
 8.56646e-07
 7.53852e-07
 6.63323e-07
 5.84817e-07
 5.17245e-07
 4.59240e-07
 4.09436e-07
 3.66585e-07
 3.29604e-07
 2.97568e-07
 2.69705e-07
 2.45369e-07
 2.24023e-07
 2.05224e-07
 1.88601e-07
 1.73843e-07
 1.60693e-07
 1.48934e-07
 1.38382e-07
 1.28882e-07
 7.26303e-07
 6.53247e-07
 5.85583e-07
 5.24475e-07
 4.70104e-07
 4.22136e-07
 3.79998e-07
 3.43041e-07
 3.10624e-07
 2.82149e-07
 2.57086e-07
 2.34969e-07
 2.15396e-07
 1.98022e-07
 1.82552e-07
 1.68736e-07
 1.56358e-07
 1.45235e-07
 1.35212e-07
 1.26153e-07
 6.15387e-07
 5.64360e-07
 5.14627e-07
 4.67834e-07
 4.24776e-07
 3.85709e-07
 3.50573e-07
 3.19136e-07
 2.91086e-07
 2.66084e-07
 2.43796e-07
 2.23911e-07
 2.06142e-07
 1.90236e-07
 1.75967e-07
 1.63138e-07
 1.51578e-07
 1.41135e-07
 1.31679e-07
 1.23097e-07
