scalar
part
         1
quad4
 5.97178e-07
 5.48617e-07
 5.01061e-07
 4.56153e-07
 4.14710e-07
 3.77015e-07
 3.43042e-07
 3.12589e-07
 2.85372e-07
 2.61076e-07
 2.39389e-07
 2.20016e-07
 2.02687e-07
 1.87157e-07
 1.73214e-07
 1.60667e-07
 1.49351e-07
 1.39122e-07
 1.29854e-07
 1.21437e-07
 7.06020e-07
 6.36073e-07
 5.71060e-07
 5.12178e-07
 4.59662e-07
 4.13232e-07
 3.72371e-07
 3.36474e-07
 3.04939e-07
 2.77203e-07
 2.52761e-07
 2.31167e-07
 2.12038e-07
 1.95043e-07
 1.79897e-07
 1.66360e-07
 1.54223e-07
 1.43311e-07
 1.33470e-07
 1.24572e-07
 8.34202e-07
 7.35303e-07
 6.47966e-07
 5.72048e-07
 5.06569e-07
 4.50257e-07
 4.01827e-07
 3.60097e-07
 3.24033e-07
 2.92755e-07
 2.65520e-07
 2.41709e-07
 2.20805e-07
 2.02379e-07
 1.86073e-07
 1.71588e-07
 1.58672e-07
 1.47114e-07
 1.36738e-07
 1.27391e-07
 9.81612e-07
 8.44794e-07
 7.29932e-07
 6.34029e-07
 5.53956e-07
 4.86892e-07
 4.30460e-07
 3.82710e-07
 3.42070e-07
 3.07275e-07
 2.77310e-07
 2.51360e-07
 2.28766e-07
 2.08991e-07
 1.91601e-07
 1.76238e-07
 1.62605e-07
 1.50460e-07
 1.39598e-07
 1.29847e-07
 1.14480e-06
 9.60707e-07
 8.13613e-07
 6.95457e-07
 5.99779e-07
 5.21597e-07
 4.57115e-07
 4.03449e-07
 3.58397e-07
 3.20269e-07
 2.87755e-07
 2.59832e-07
 2.35696e-07
 2.14704e-07
 1.96344e-07
 1.80201e-07
 1.65938e-07
 1.53278e-07
 1.41993e-07
 1.31893e-07
 1.31505e-06
 1.07615e-06
 8.93960e-07
 7.52732e-07
 6.41494e-07
 5.52566e-07
 4.80501e-07
 4.21379e-07
 3.72333e-07
 3.31234e-07
 2.96478e-07
 2.66842e-07
 2.41379e-07
 2.19351e-07
 2.00172e-07
 1.83376e-07
 1.68589e-07
 1.55504e-07
 1.43873e-07
 1.33488e-07
 1.47699e-06
 1.18102e-06
 9.64421e-07
 8.01570e-07
 6.76253e-07
 5.77874e-07
 4.99293e-07
 4.35574e-07
 3.83218e-07
 3.39693e-07
 3.03130e-07
 2.72129e-07
 2.45621e-07
 2.22784e-07
 2.02972e-07
 1.85677e-07
 1.70490e-07
 1.57085e-07
 1.45194e-07
 1.34599e-07
 1.60939e-06
 1.26314e-06
 1.01777e-06
 8.37544e-07
 7.01261e-07
 5.95703e-07
 5.12280e-07
 4.45208e-07
 3.90478e-07
 3.45239e-07
 3.07418e-07
 2.75479e-07
 2.48263e-07
 2.24884e-07
 2.04654e-07
 1.87031e-07
 1.71588e-07
 1.57978e-07
 1.45924e-07
 1.35197e-07
 1.68987e-06
 1.31082e-06
 1.04753e-06
 8.56881e-07
 7.14221e-07
 6.04608e-07
 5.18522e-07
 4.49653e-07
 3.93684e-07
 3.47574e-07
 3.09130e-07
 2.76739e-07
 2.49192e-07
 2.25568e-07
 2.05154e-07
 1.87393e-07
 1.71845e-07
 1.58155e-07
 1.46040e-07
 1.35266e-07
 1.70257e-06
 1.31631e-06
 1.04962e-06
 8.57275e-07
 7.13773e-07
 6.03751e-07
 5.17485e-07
 4.48561e-07
 3.92602e-07
 3.46537e-07
 3.08154e-07
 2.75831e-07
 2.48352e-07
 2.24794e-07
 2.04442e-07
 1.86740e-07
 1.71244e-07
 1.57604e-07
 1.45533e-07
 1.34799e-07
 1.64479e-06
 1.27841e-06
 1.02343e-06
 8.38430e-07
 6.99762e-07
 5.93052e-07
 5.09132e-07
 4.41915e-07
 3.87227e-07
 3.42129e-07
 3.04494e-07
 2.72759e-07
 2.45749e-07
 2.22568e-07
 2.02525e-07
 1.85076e-07
 1.69792e-07
 1.56328e-07
 1.44406e-07
 1.33799e-07
 1.52751e-06
 1.20265e-06
 9.71998e-07
 8.02107e-07
 6.73270e-07
 5.73206e-07
 4.93922e-07
 4.30029e-07
 3.77781e-07
 3.34509e-07
 2.98268e-07
 2.67611e-07
 2.41448e-07
 2.18942e-07
 1.99441e-07
 1.82433e-07
 1.67511e-07
 1.54347e-07
 1.42676e-07
 1.32279e-07
 1.37016e-06
 1.09924e-06
 9.01043e-07
 7.51694e-07
 6.36393e-07
 5.45557e-07
 4.72749e-07
 4.13513e-07
 3.64690e-07
 3.23983e-07
 2.89696e-07
 2.60552e-07
 2.35575e-07
 2.14010e-07
 1.95265e-07
 1.78869e-07
 1.64449e-07
 1.51699e-07
 1.40371e-07
 1.30263e-07
 1.19386e-06
 9.80036e-07
 8.17558e-07
 6.91475e-07
 5.91852e-07
 5.11888e-07
 4.46810e-07
 3.93195e-07
 3.48535e-07
 3.10968e-07
 2.79086e-07
 2.51808e-07
 2.28300e-07
 2.07903e-07
 1.90096e-07
 1.74463e-07
 1.60666e-07
 1.48432e-07
 1.37533e-07
 1.27784e-07
 1.01665e-06
 8.56057e-07
 7.28434e-07
 6.25878e-07
 5.42560e-07
 4.74162e-07
 4.17460e-07
 3.70022e-07
 3.29997e-07
 2.95959e-07
 2.66801e-07
 2.41654e-07
 2.19830e-07
 2.00779e-07
 1.84059e-07
 1.69311e-07
 1.56241e-07
 1.44608e-07
 1.34210e-07
 1.24881e-07
 8.51176e-07
 7.35897e-07
 6.39490e-07
 5.58870e-07
 4.91255e-07
 4.34293e-07
 3.86054e-07
 3.44973e-07
 3.09788e-07
 2.79482e-07
 2.53237e-07
 2.30388e-07
 2.10395e-07
 1.92818e-07
 1.77294e-07
 1.63524e-07
 1.51261e-07
 1.40297e-07
 1.30459e-07
 1.21602e-07
 7.04518e-07
 6.25222e-07
 5.55000e-07
 4.93601e-07
 4.40242e-07
 3.93971e-07
 3.53838e-07
 3.18971e-07
 2.88599e-07
 2.62061e-07
 2.38792e-07
 2.18317e-07
 2.00234e-07
 1.84205e-07
 1.69946e-07
 1.57219e-07
 1.45819e-07
 1.35576e-07
 1.26343e-07
 1.17996e-07
 5.79210e-07
 5.27001e-07
 4.77644e-07
 4.32282e-07
 3.91274e-07
 3.54558e-07
 3.21863e-07
 2.92826e-07
 2.67057e-07
 2.44180e-07
 2.23845e-07
 2.05738e-07
 1.89579e-07
 1.75126e-07
 1.62166e-07
 1.50514e-07
 1.40013e-07
 1.30522e-07
 1.21925e-07
 1.14117e-07
 4.74772e-07
 4.42123e-07
 4.08737e-07
 3.76241e-07
 3.45536e-07
 3.17056e-07
 2.90952e-07
 2.67202e-07
 2.45694e-07
 2.26265e-07
 2.08735e-07
 1.92923e-07
 1.78652e-07
 1.65759e-07
 1.54096e-07
 1.43529e-07
 1.33938e-07
 1.25216e-07
 1.17271e-07
 1.10019e-07
 3.89102e-07
 3.70128e-07
 3.48578e-07
 3.26086e-07
 3.03715e-07
 2.82125e-07
 2.61692e-07
 2.42606e-07
 2.24935e-07
 2.08670e-07
 1.93756e-07
 1.80113e-07
 1.67648e-07
 1.56266e-07
 1.45870e-07
 1.36372e-07
 1.27686e-07
 1.19734e-07
 1.12445e-07
 1.05755e-07
