scalar
part
         1
quad4
 3.70040e-07
 3.53735e-07
 3.34515e-07
 3.14023e-07
 2.93353e-07
 2.73200e-07
 2.53979e-07
 2.35915e-07
 2.19105e-07
 2.03569e-07
 1.89273e-07
 1.76156e-07
 1.64141e-07
 1.53144e-07
 1.43082e-07
 1.33871e-07
 1.25435e-07
 1.17701e-07
 1.10603e-07
 1.04081e-07
 4.53598e-07
 4.24295e-07
 3.93730e-07
 3.63583e-07
 3.34820e-07
 3.07943e-07
 2.83162e-07
 2.60508e-07
 2.39909e-07
 2.21239e-07
 2.04346e-07
 1.89069e-07
 1.75252e-07
 1.62745e-07
 1.51413e-07
 1.41130e-07
 1.31784e-07
 1.23276e-07
 1.15516e-07
 1.08427e-07
 5.55866e-07
 5.07817e-07
 4.61833e-07
 4.19184e-07
 3.80355e-07
 3.45394e-07
 3.14116e-07
 2.86230e-07
 2.61403e-07
 2.39301e-07
 2.19608e-07
 2.02036e-07
 1.86328e-07
 1.72255e-07
 1.59617e-07
 1.48242e-07
 1.37977e-07
 1.28692e-07
 1.20272e-07
 1.12620e-07
 6.79124e-07
 6.04918e-07
 5.38644e-07
 4.80308e-07
 4.29335e-07
 3.84935e-07
 3.46282e-07
 3.12595e-07
 2.83174e-07
 2.57409e-07
 2.34774e-07
 2.14822e-07
 1.97174e-07
 1.81511e-07
 1.67562e-07
 1.55097e-07
 1.43922e-07
 1.33872e-07
 1.24807e-07
 1.16606e-07
 8.24158e-07
 7.14933e-07
 6.23005e-07
 5.45728e-07
 4.80637e-07
 4.25606e-07
 3.78862e-07
 3.38953e-07
 3.04700e-07
 2.75143e-07
 2.49505e-07
 2.27153e-07
 2.07572e-07
 1.90338e-07
 1.75103e-07
 1.61578e-07
 1.49523e-07
 1.38738e-07
 1.29055e-07
 1.20331e-07
 9.88899e-07
 8.35189e-07
 7.12413e-07
 6.13338e-07
 5.32571e-07
 4.66078e-07
 4.10825e-07
 3.64506e-07
 3.25359e-07
 2.92019e-07
 2.63423e-07
 2.38734e-07
 2.17286e-07
 1.98548e-07
 1.82090e-07
 1.67563e-07
 1.54681e-07
 1.43209e-07
 1.32950e-07
 1.23741e-07
 1.16687e-06
 9.60339e-07
 8.02760e-07
 6.80073e-07
 5.82873e-07
 5.04683e-07
 4.40933e-07
 3.88330e-07
 3.44458e-07
 3.07513e-07
 2.76128e-07
 2.49254e-07
 2.26076e-07
 2.05952e-07
 1.88375e-07
 1.72934e-07
 1.59301e-07
 1.47207e-07
 1.36429e-07
 1.26784e-07
 1.34601e-06
 1.08204e-06
 8.88328e-07
 7.42000e-07
 6.28812e-07
 5.39499e-07
 4.67820e-07
 4.09440e-07
 3.61277e-07
 3.21090e-07
 2.87217e-07
 2.58409e-07
 2.33706e-07
 2.12369e-07
 1.93813e-07
 1.77578e-07
 1.63294e-07
 1.50660e-07
 1.39433e-07
 1.29412e-07
 1.50859e-06
 1.18934e-06
 9.62200e-07
 7.94647e-07
 6.67431e-07
 5.68529e-07
 4.90104e-07
 4.26862e-07
 3.75117e-07
 3.32241e-07
 2.96315e-07
 2.65916e-07
 2.39964e-07
 2.17632e-07
 1.98278e-07
 1.81394e-07
 1.66578e-07
 1.53504e-07
 1.41911e-07
 1.31583e-07
 1.63313e-06
 1.27007e-06
 1.01718e-06
 8.33595e-07
 6.95915e-07
 5.89924e-07
 5.06541e-07
 4.39736e-07
 3.85371e-07
 3.40529e-07
 3.03102e-07
 2.71537e-07
 2.44668e-07
 2.21606e-07
 2.01662e-07
 1.84299e-07
 1.69088e-07
 1.55688e-07
 1.43821e-07
 1.33263e-07
 1.69909e-06
 1.31344e-06
 1.04721e-06
 8.55244e-07
 7.12036e-07
 6.02250e-07
 5.16177e-07
 4.47411e-07
 3.91583e-07
 3.45628e-07
 3.07339e-07
 2.75096e-07
 2.47686e-07
 2.24187e-07
 2.03887e-07
 1.86230e-07
 1.70775e-07
 1.57170e-07
 1.45131e-07
 1.34426e-07
 1.69405e-06
 1.31317e-06
 1.04885e-06
 8.57589e-07
 7.14559e-07
 6.04716e-07
 5.18484e-07
 4.49525e-07
 3.93499e-07
 3.47354e-07
 3.08891e-07
 2.76490e-07
 2.48940e-07
 2.25317e-07
 2.04907e-07
 1.87152e-07
 1.71611e-07
 1.57929e-07
 1.45822e-07
 1.35056e-07
 1.61963e-06
 1.26987e-06
 1.02234e-06
 8.40713e-07
 7.03500e-07
 5.97308e-07
 5.13441e-07
 4.46053e-07
 3.91093e-07
 3.45685e-07
 3.07738e-07
 2.75704e-07
 2.48416e-07
 2.24982e-07
 2.04709e-07
 1.87054e-07
 1.71586e-07
 1.57957e-07
 1.45887e-07
 1.35149e-07
 1.49125e-06
 1.19098e-06
 9.71545e-07
 8.06771e-07
 6.80121e-07
 5.80795e-07
 5.01529e-07
 4.37305e-07
 3.84572e-07
 3.40759e-07
 3.03976e-07
 2.72803e-07
 2.46161e-07
 2.23217e-07
 2.03319e-07
 1.85955e-07
 1.70713e-07
 1.57263e-07
 1.45335e-07
 1.34708e-07
 1.33149e-06
 1.08817e-06
 9.02893e-07
 7.59476e-07
 6.46661e-07
 5.56577e-07
 4.83654e-07
 4.23884e-07
 3.74343e-07
 3.32860e-07
 2.97804e-07
 2.67931e-07
 2.42279e-07
 2.20097e-07
 2.00795e-07
 1.83898e-07
 1.69027e-07
 1.55873e-07
 1.44183e-07
 1.33751e-07
 1.16201e-06
 9.73793e-07
 8.23664e-07
 7.03261e-07
 6.05906e-07
 5.26458e-07
 4.61011e-07
 4.06601e-07
 3.60969e-07
 3.22385e-07
 2.89508e-07
 2.61295e-07
 2.36923e-07
 2.15739e-07
 1.97222e-07
 1.80949e-07
 1.66577e-07
 1.53827e-07
 1.42465e-07
 1.32301e-07
 9.98635e-07
 8.58196e-07
 7.40533e-07
 6.42471e-07
 5.60729e-07
 4.92370e-07
 4.34925e-07
 3.86378e-07
 3.45105e-07
 3.09804e-07
 2.79431e-07
 2.53150e-07
 2.30284e-07
 2.10287e-07
 1.92711e-07
 1.77193e-07
 1.63431e-07
 1.51177e-07
 1.40221e-07
 1.30392e-07
 8.50481e-07
 7.48508e-07
 6.58688e-07
 5.80784e-07
 5.13719e-07
 4.56142e-07
 4.06698e-07
 3.64154e-07
 3.27432e-07
 2.95620e-07
 2.67948e-07
 2.43777e-07
 2.22576e-07
 2.03903e-07
 1.87390e-07
 1.72730e-07
 1.59667e-07
 1.47985e-07
 1.37502e-07
 1.28064e-07
 7.21266e-07
 6.48761e-07
 5.81604e-07
 5.20946e-07
 4.66970e-07
 4.19345e-07
 3.77504e-07
 3.40805e-07
 3.08610e-07
 2.80329e-07
 2.55435e-07
 2.33466e-07
 2.14023e-07
 1.96763e-07
 1.81395e-07
 1.67668e-07
 1.55371e-07
 1.44320e-07
 1.34361e-07
 1.25361e-07
 6.11275e-07
 5.60610e-07
 5.11229e-07
 4.64766e-07
 4.22009e-07
 3.83212e-07
 3.48317e-07
 3.17092e-07
 2.89230e-07
 2.64394e-07
 2.42254e-07
 2.22499e-07
 2.04846e-07
 1.89043e-07
 1.74866e-07
 1.62119e-07
 1.50632e-07
 1.40255e-07
 1.30859e-07
 1.22332e-07
