scalar
part
         1
quad4
 3.91163e-07
 3.71957e-07
 3.50199e-07
 3.27522e-07
 3.04990e-07
 2.83258e-07
 2.62703e-07
 2.43511e-07
 2.25748e-07
 2.09402e-07
 1.94418e-07
 1.80714e-07
 1.68195e-07
 1.56765e-07
 1.46328e-07
 1.36792e-07
 1.28073e-07
 1.20091e-07
 1.12776e-07
 1.06063e-07
 4.77153e-07
 4.44198e-07
 4.10545e-07
 3.77820e-07
 3.46919e-07
 3.18274e-07
 2.92028e-07
 2.68157e-07
 2.46546e-07
 2.27028e-07
 2.09422e-07
 1.93543e-07
 1.79214e-07
 1.66271e-07
 1.54563e-07
 1.43957e-07
 1.34331e-07
 1.25579e-07
 1.17606e-07
 1.10330e-07
 5.81957e-07
 5.29343e-07
 4.79649e-07
 4.34007e-07
 3.92766e-07
 3.55857e-07
 3.23001e-07
 2.93828e-07
 2.67945e-07
 2.44971e-07
 2.24553e-07
 2.06375e-07
 1.90155e-07
 1.75648e-07
 1.62641e-07
 1.50949e-07
 1.40411e-07
 1.30889e-07
 1.22263e-07
 1.14430e-07
 7.07672e-07
 6.27850e-07
 5.57206e-07
 4.95469e-07
 4.41838e-07
 3.95346e-07
 3.55032e-07
 3.20014e-07
 2.89518e-07
 2.62875e-07
 2.39518e-07
 2.18967e-07
 2.00819e-07
 1.84735e-07
 1.70428e-07
 1.57658e-07
 1.46221e-07
 1.35945e-07
 1.26683e-07
 1.18310e-07
 8.54764e-07
 7.38812e-07
 6.41890e-07
 5.60871e-07
 4.92944e-07
 4.35733e-07
 3.87294e-07
 3.46050e-07
 3.10731e-07
 2.80314e-07
 2.53976e-07
 2.31048e-07
 2.10988e-07
 1.93352e-07
 1.77778e-07
 1.63965e-07
 1.51664e-07
 1.40667e-07
 1.30800e-07
 1.21916e-07
 1.02067e-06
 8.59241e-07
 7.31006e-07
 6.27992e-07
 5.44324e-07
 4.75653e-07
 4.18734e-07
 3.71123e-07
 3.30956e-07
 2.96802e-07
 2.67547e-07
 2.42318e-07
 2.20425e-07
 2.01315e-07
 1.84545e-07
 1.69752e-07
 1.56644e-07
 1.44977e-07
 1.34549e-07
 1.25194e-07
 1.19826e-06
 9.83442e-07
 8.20264e-07
 6.93671e-07
 5.93666e-07
 5.13410e-07
 4.48104e-07
 3.94307e-07
 3.49501e-07
 3.11814e-07
 2.79832e-07
 2.52472e-07
 2.28893e-07
 2.08437e-07
 1.90579e-07
 1.74902e-07
 1.61067e-07
 1.48798e-07
 1.37870e-07
 1.28094e-07
 1.37483e-06
 1.10279e-06
 9.03826e-07
 7.53931e-07
 6.38228e-07
 5.47088e-07
 4.74045e-07
 4.14624e-07
 3.65652e-07
 3.24824e-07
 2.90437e-07
 2.61210e-07
 2.36163e-07
 2.14538e-07
 1.95742e-07
 1.79303e-07
 1.64844e-07
 1.52061e-07
 1.40704e-07
 1.30570e-07
 1.53229e-06
 1.20625e-06
 9.74788e-07
 8.04337e-07
 6.75092e-07
 5.74721e-07
 4.95202e-07
 4.31124e-07
 3.78728e-07
 3.35337e-07
 2.98996e-07
 2.68258e-07
 2.42026e-07
 2.19461e-07
 1.99910e-07
 1.82859e-07
 1.67900e-07
 1.54703e-07
 1.43003e-07
 1.32581e-07
 1.64950e-06
 1.28193e-06
 1.02615e-06
 8.40602e-07
 7.01534e-07
 5.94526e-07
 5.10376e-07
 4.42980e-07
 3.88149e-07
 3.42934e-07
 3.05204e-07
 2.73389e-07
 2.46312e-07
 2.23075e-07
 2.02983e-07
 1.85492e-07
 1.70171e-07
 1.56676e-07
 1.44726e-07
 1.34094e-07
 1.70701e-06
 1.31963e-06
 1.05220e-06
 8.59340e-07
 7.15462e-07
 6.05159e-07
 5.18677e-07
 4.49583e-07
 3.93489e-07
 3.47312e-07
 3.08839e-07
 2.76440e-07
 2.48897e-07
 2.25285e-07
 2.04886e-07
 1.87144e-07
 1.71613e-07
 1.57942e-07
 1.45844e-07
 1.35087e-07
 1.69388e-06
 1.31385e-06
 1.04991e-06
 8.58797e-07
 7.15799e-07
 6.05930e-07
 5.19645e-07
 4.50620e-07
 3.94526e-07
 3.48313e-07
 3.09784e-07
 2.77322e-07
 2.49715e-07
 2.26040e-07
 2.05581e-07
 1.87783e-07
 1.72201e-07
 1.58483e-07
 1.46342e-07
 1.35545e-07
 1.61287e-06
 1.26582e-06
 1.01990e-06
 8.39282e-07
 7.02705e-07
 5.96923e-07
 5.13324e-07
 4.46112e-07
 3.91268e-07
 3.45936e-07
 3.08037e-07
 2.76033e-07
 2.48761e-07
 2.25334e-07
 2.05063e-07
 1.87405e-07
 1.71930e-07
 1.58294e-07
 1.46215e-07
 1.35466e-07
 1.47989e-06
 1.18332e-06
 9.66284e-07
 8.03111e-07
 6.77550e-07
 5.78980e-07
 5.00248e-07
 4.36407e-07
 3.83951e-07
 3.40342e-07
 3.03710e-07
 2.72650e-07
 2.46092e-07
 2.23211e-07
 2.03361e-07
 1.86033e-07
 1.70818e-07
 1.57387e-07
 1.45473e-07
 1.34857e-07
 1.31740e-06
 1.07806e-06
 8.95549e-07
 7.54071e-07
 6.42638e-07
 5.53554e-07
 4.81363e-07
 4.22137e-07
 3.73005e-07
 3.31833e-07
 2.97016e-07
 2.67328e-07
 2.41820e-07
 2.19752e-07
 2.00539e-07
 1.83714e-07
 1.68900e-07
 1.55792e-07
 1.44139e-07
 1.33736e-07
 1.14665e-06
 9.62264e-07
 8.14939e-07
 6.96598e-07
 6.00771e-07
 5.22466e-07
 4.57882e-07
 4.04130e-07
 3.59006e-07
 3.20817e-07
 2.88250e-07
 2.60282e-07
 2.36106e-07
 2.15079e-07
 1.96689e-07
 1.80519e-07
 1.66232e-07
 1.53550e-07
 1.42246e-07
 1.32129e-07
 9.83031e-07
 8.46034e-07
 7.31018e-07
 6.34987e-07
 5.54803e-07
 4.87646e-07
 4.31134e-07
 3.83316e-07
 3.42617e-07
 3.07771e-07
 2.77762e-07
 2.51773e-07
 2.29144e-07
 2.09340e-07
 1.91923e-07
 1.76535e-07
 1.62882e-07
 1.50717e-07
 1.39837e-07
 1.30071e-07
 8.35272e-07
 7.36273e-07
 6.48842e-07
 5.72839e-07
 5.07283e-07
 4.50904e-07
 4.02413e-07
 3.60630e-07
 3.24520e-07
 2.93201e-07
 2.65929e-07
 2.42085e-07
 2.21153e-07
 2.02701e-07
 1.86371e-07
 1.71865e-07
 1.58930e-07
 1.47356e-07
 1.36963e-07
 1.27603e-07
 7.06815e-07
 6.36821e-07
 5.71757e-07
 5.12823e-07
 4.60257e-07
 4.13780e-07
 3.72875e-07
 3.36940e-07
 3.05369e-07
 2.77601e-07
 2.53128e-07
 2.31508e-07
 2.12355e-07
 1.95338e-07
 1.80172e-07
 1.66617e-07
 1.54464e-07
 1.43536e-07
 1.33682e-07
 1.24771e-07
 5.97760e-07
 5.49186e-07
 5.01608e-07
 4.56673e-07
 4.15199e-07
 3.77475e-07
 3.43473e-07
 3.12991e-07
 2.85747e-07
 2.61427e-07
 2.39717e-07
 2.20323e-07
 2.02974e-07
 1.87426e-07
 1.73466e-07
 1.60904e-07
 1.49574e-07
 1.39332e-07
 1.30051e-07
 1.21623e-07
