scalar
part
         1
quad4
 4.79167e-07
 4.47480e-07
 4.14789e-07
 3.82704e-07
 3.52170e-07
 3.23678e-07
 2.97433e-07
 2.73457e-07
 2.51669e-07
 2.31931e-07
 2.14081e-07
 1.97946e-07
 1.83360e-07
 1.70164e-07
 1.58213e-07
 1.47373e-07
 1.37528e-07
 1.28569e-07
 1.20402e-07
 1.12945e-07
 5.74458e-07
 5.25910e-07
 4.79063e-07
 4.35334e-07
 3.95330e-07
 3.59181e-07
 3.26755e-07
 2.97786e-07
 2.71955e-07
 2.48934e-07
 2.28405e-07
 2.10075e-07
 1.93682e-07
 1.78992e-07
 1.65798e-07
 1.53920e-07
 1.43203e-07
 1.33509e-07
 1.24721e-07
 1.16733e-07
 6.88661e-07
 6.16716e-07
 5.51301e-07
 4.92995e-07
 4.41591e-07
 3.96522e-07
 3.57095e-07
 3.22605e-07
 2.92397e-07
 2.65882e-07
 2.42548e-07
 2.21951e-07
 2.03714e-07
 1.87514e-07
 1.73078e-07
 1.60171e-07
 1.48596e-07
 1.38184e-07
 1.28791e-07
 1.20292e-07
 8.22972e-07
 7.19565e-07
 6.30583e-07
 5.54628e-07
 4.89948e-07
 4.34824e-07
 3.87717e-07
 3.47310e-07
 3.12502e-07
 2.82379e-07
 2.56190e-07
 2.33317e-07
 2.13248e-07
 1.95564e-07
 1.79916e-07
 1.66014e-07
 1.53616e-07
 1.42519e-07
 1.32552e-07
 1.23570e-07
 9.76306e-07
 8.32397e-07
 7.14789e-07
 6.18372e-07
 5.38874e-07
 4.72869e-07
 4.17666e-07
 3.71156e-07
 3.31690e-07
 2.97972e-07
 2.68977e-07
 2.43891e-07
 2.22062e-07
 2.02964e-07
 1.86171e-07
 1.71335e-07
 1.58169e-07
 1.46437e-07
 1.35940e-07
 1.26515e-07
 1.14373e-06
 9.50714e-07
 8.00309e-07
 6.81470e-07
 5.86299e-07
 5.09116e-07
 4.45791e-07
 3.93280e-07
 3.49311e-07
 3.12165e-07
 2.80529e-07
 2.53382e-07
 2.29928e-07
 2.09536e-07
 1.91703e-07
 1.76023e-07
 1.62167e-07
 1.49866e-07
 1.38899e-07
 1.29080e-07
 1.31499e-06
 1.06714e-06
 8.81980e-07
 7.40321e-07
 6.29701e-07
 5.41780e-07
 4.70815e-07
 4.12756e-07
 3.64685e-07
 3.24456e-07
 2.90468e-07
 2.61503e-07
 2.36627e-07
 2.15109e-07
 1.96376e-07
 1.79971e-07
 1.65525e-07
 1.52740e-07
 1.41372e-07
 1.31221e-07
 1.47416e-06
 1.17168e-06
 9.53424e-07
 7.90770e-07
 6.66314e-07
 5.68979e-07
 4.91434e-07
 4.28666e-07
 3.77153e-07
 3.34364e-07
 2.98439e-07
 2.67988e-07
 2.41956e-07
 2.19529e-07
 2.00073e-07
 1.83086e-07
 1.68169e-07
 1.54999e-07
 1.43314e-07
 1.32899e-07
 1.60147e-06
 1.25301e-06
 1.00789e-06
 8.28630e-07
 6.93458e-07
 5.88951e-07
 5.06458e-07
 4.40186e-07
 3.86136e-07
 3.41472e-07
 3.04138e-07
 2.72612e-07
 2.45747e-07
 2.22668e-07
 2.02694e-07
 1.85292e-07
 1.70039e-07
 1.56595e-07
 1.44685e-07
 1.34084e-07
 1.67761e-06
 1.30078e-06
 1.03946e-06
 8.50371e-07
 7.08937e-07
 6.00282e-07
 5.14950e-07
 4.46680e-07
 3.91190e-07
 3.45467e-07
 3.07339e-07
 2.75208e-07
 2.47876e-07
 2.24431e-07
 2.04167e-07
 1.86533e-07
 1.71093e-07
 1.57495e-07
 1.45459e-07
 1.34753e-07
 1.68932e-06
 1.30816e-06
 1.04438e-06
 8.53800e-07
 7.11414e-07
 6.02125e-07
 5.16355e-07
 4.47775e-07
 3.92059e-07
 3.46167e-07
 3.07912e-07
 2.75682e-07
 2.48272e-07
 2.24765e-07
 2.04452e-07
 1.86778e-07
 1.71304e-07
 1.57679e-07
 1.45620e-07
 1.34895e-07
 1.63404e-06
 1.27390e-06
 1.02198e-06
 8.38540e-07
 7.00663e-07
 5.94339e-07
 5.10584e-07
 4.43410e-07
 3.88700e-07
 3.43543e-07
 3.05833e-07
 2.74016e-07
 2.46922e-07
 2.23661e-07
 2.03541e-07
 1.86020e-07
 1.70669e-07
 1.57143e-07
 1.45165e-07
 1.34506e-07
 1.52117e-06
 1.20281e-06
 9.74913e-07
 8.06130e-07
 6.77622e-07
 5.77517e-07
 4.98021e-07
 4.33844e-07
 3.81292e-07
 3.37719e-07
 3.01194e-07
 2.70277e-07
 2.43876e-07
 2.21156e-07
 2.01462e-07
 1.84281e-07
 1.69204e-07
 1.55901e-07
 1.44105e-07
 1.33596e-07
 1.36900e-06
 1.10441e-06
 9.08496e-07
 7.59706e-07
 6.44221e-07
 5.52891e-07
 4.79479e-07
 4.19626e-07
 3.70213e-07
 3.28964e-07
 2.94187e-07
 2.64605e-07
 2.39238e-07
 2.17327e-07
 1.98275e-07
 1.81608e-07
 1.66946e-07
 1.53981e-07
 1.42462e-07
 1.32183e-07
 1.19863e-06
 9.90346e-07
 8.29483e-07
 7.03366e-07
 6.03039e-07
 5.22135e-07
 4.56075e-07
 4.01521e-07
 3.56000e-07
 3.17660e-07
 2.85089e-07
 2.57205e-07
 2.33161e-07
 2.12292e-07
 1.94069e-07
 1.78069e-07
 1.63947e-07
 1.51424e-07
 1.40269e-07
 1.30292e-07
 1.02820e-06
 8.71564e-07
 7.44649e-07
 6.41415e-07
 5.56886e-07
 4.87131e-07
 4.29098e-07
 3.80427e-07
 3.39291e-07
 3.04267e-07
 2.74240e-07
 2.48329e-07
 2.25834e-07
 2.06194e-07
 1.88956e-07
 1.73751e-07
 1.60277e-07
 1.48286e-07
 1.37571e-07
 1.27960e-07
 8.69952e-07
 7.56513e-07
 6.59716e-07
 5.77739e-07
 5.08428e-07
 4.49732e-07
 3.99854e-07
 3.57281e-07
 3.20766e-07
 2.89287e-07
 2.62011e-07
 2.38258e-07
 2.17472e-07
 1.99199e-07
 1.83064e-07
 1.68755e-07
 1.56016e-07
 1.44631e-07
 1.34419e-07
 1.25228e-07
 7.30175e-07
 6.50568e-07
 5.78831e-07
 5.15413e-07
 4.59916e-07
 4.11583e-07
 3.69551e-07
 3.32976e-07
 3.01091e-07
 2.73221e-07
 2.48783e-07
 2.27283e-07
 2.08301e-07
 1.91484e-07
 1.76531e-07
 1.63191e-07
 1.51251e-07
 1.40528e-07
 1.30869e-07
 1.22143e-07
 6.10689e-07
 5.56383e-07
 5.04536e-07
 4.56582e-07
 4.13064e-07
 3.74021e-07
 3.39219e-07
 3.08304e-07
 2.80875e-07
 2.56539e-07
 2.34922e-07
 2.15691e-07
 1.98546e-07
 1.83225e-07
 1.69499e-07
 1.57173e-07
 1.46073e-07
 1.36053e-07
 1.26983e-07
 1.18754e-07
 5.10635e-07
 4.74645e-07
 4.38048e-07
 4.02528e-07
 3.69035e-07
 3.38032e-07
 3.09670e-07
 2.83918e-07
 2.60642e-07
 2.39658e-07
 2.20762e-07
 2.03747e-07
 1.88418e-07
 1.74593e-07
 1.62107e-07
 1.50812e-07
 1.40575e-07
 1.31279e-07
 1.22822e-07
 1.15112e-07
