scalar
part
         1
quad4
 6.16462e-07
 5.65057e-07
 5.15051e-07
 4.68056e-07
 4.24843e-07
 3.85657e-07
 3.50428e-07
 3.18918e-07
 2.90810e-07
 2.65764e-07
 2.43444e-07
 2.23534e-07
 2.05748e-07
 1.89830e-07
 1.75554e-07
 1.62721e-07
 1.51160e-07
 1.40719e-07
 1.31267e-07
 1.22691e-07
 7.26137e-07
 6.52911e-07
 5.85147e-07
 5.23975e-07
 4.69560e-07
 4.21560e-07
 3.79400e-07
 3.42429e-07
 3.10003e-07
 2.81526e-07
 2.56465e-07
 2.34353e-07
 2.14788e-07
 1.97425e-07
 1.81967e-07
 1.68164e-07
 1.55801e-07
 1.44694e-07
 1.34686e-07
 1.25643e-07
 8.54769e-07
 7.52167e-07
 6.61809e-07
 5.83439e-07
 5.15974e-07
 4.58054e-07
 4.08320e-07
 3.65528e-07
 3.28598e-07
 2.96609e-07
 2.68789e-07
 2.44493e-07
 2.23185e-07
 2.04422e-07
 1.87833e-07
 1.73108e-07
 1.59989e-07
 1.48260e-07
 1.37736e-07
 1.28263e-07
 1.00201e-06
 8.61143e-07
 7.43069e-07
 6.44630e-07
 5.62552e-07
 4.93902e-07
 4.36208e-07
 3.87451e-07
 3.46001e-07
 3.10552e-07
 2.80055e-07
 2.53670e-07
 2.30718e-07
 2.10647e-07
 1.93011e-07
 1.77441e-07
 1.63636e-07
 1.51345e-07
 1.40358e-07
 1.30502e-07
 1.16413e-06
 9.75797e-07
 8.25448e-07
 7.04794e-07
 6.07195e-07
 5.27528e-07
 4.61891e-07
 4.07319e-07
 3.61553e-07
 3.22856e-07
 2.89887e-07
 2.61597e-07
 2.37162e-07
 2.15926e-07
 1.97365e-07
 1.81056e-07
 1.66655e-07
 1.53880e-07
 1.42498e-07
 1.32317e-07
 1.33205e-06
 1.08902e-06
 9.03761e-07
 7.60254e-07
 6.47313e-07
 5.57103e-07
 4.84064e-07
 4.24196e-07
 3.74572e-07
 3.33022e-07
 2.97911e-07
 2.67993e-07
 2.42306e-07
 2.20096e-07
 2.00770e-07
 1.83856e-07
 1.68970e-07
 1.55805e-07
 1.44108e-07
 1.33668e-07
 1.49005e-06
 1.19050e-06
 9.71346e-07
 8.06668e-07
 6.80034e-07
 5.80695e-07
 5.01407e-07
 4.37161e-07
 3.84408e-07
 3.40581e-07
 3.03787e-07
 2.72607e-07
 2.45960e-07
 2.23014e-07
 2.03118e-07
 1.85755e-07
 1.70516e-07
 1.57069e-07
 1.45145e-07
 1.34523e-07
 1.61657e-06
 1.26791e-06
 1.02092e-06
 8.39605e-07
 7.02579e-07
 5.96509e-07
 5.12730e-07
 4.45408e-07
 3.90503e-07
 3.45140e-07
 3.07233e-07
 2.75233e-07
 2.47976e-07
 2.24570e-07
 2.04322e-07
 1.86690e-07
 1.71242e-07
 1.57632e-07
 1.45581e-07
 1.34858e-07
 1.68901e-06
 1.30954e-06
 1.04607e-06
 8.55360e-07
 7.12713e-07
 6.03152e-07
 5.17136e-07
 4.48345e-07
 3.92456e-07
 3.46423e-07
 3.08054e-07
 2.75733e-07
 2.48251e-07
 2.24687e-07
 2.04328e-07
 1.86619e-07
 1.71117e-07
 1.57472e-07
 1.45396e-07
 1.34659e-07
 1.69173e-06
 1.30791e-06
 1.04291e-06
 8.51787e-07
 7.09196e-07
 5.99874e-07
 5.14157e-07
 4.45673e-07
 3.90071e-07
 3.44299e-07
 3.06162e-07
 2.74046e-07
 2.46743e-07
 2.23336e-07
 2.03115e-07
 1.85526e-07
 1.70131e-07
 1.56578e-07
 1.44585e-07
 1.33921e-07
 1.62294e-06
 1.26240e-06
 1.01123e-06
 8.28842e-07
 6.92043e-07
 5.86713e-07
 5.03838e-07
 4.37431e-07
 3.83385e-07
 3.38800e-07
 3.01584e-07
 2.70194e-07
 2.43472e-07
 2.20534e-07
 2.00697e-07
 1.83425e-07
 1.68293e-07
 1.54962e-07
 1.43156e-07
 1.32651e-07
 1.49528e-06
 1.17943e-06
 9.54561e-07
 7.88597e-07
 6.62534e-07
 5.64495e-07
 4.86729e-07
 4.24002e-07
 3.72666e-07
 3.30119e-07
 2.94463e-07
 2.64286e-07
 2.38520e-07
 2.16345e-07
 1.97123e-07
 1.80353e-07
 1.65635e-07
 1.52647e-07
 1.41128e-07
 1.30866e-07
 1.32982e-06
 1.07005e-06
 8.79125e-07
 7.34739e-07
 6.22957e-07
 5.34692e-07
 4.63812e-07
 4.06054e-07
 3.58385e-07
 3.18595e-07
 2.85046e-07
 2.56504e-07
 2.32024e-07
 2.10873e-07
 1.92476e-07
 1.76376e-07
 1.62208e-07
 1.49675e-07
 1.38536e-07
 1.28592e-07
 1.14857e-06
 9.46702e-07
 7.92262e-07
 6.71780e-07
 5.76183e-07
 4.99191e-07
 4.36357e-07
 3.84469e-07
 3.41164e-07
 3.04674e-07
 2.73661e-07
 2.47093e-07
 2.24170e-07
 2.04260e-07
 1.86864e-07
 1.71579e-07
 1.58079e-07
 1.46100e-07
 1.35422e-07
 1.25866e-07
 9.69496e-07
 8.20500e-07
 7.00993e-07
 6.04259e-07
 5.25215e-07
 4.60022e-07
 4.05768e-07
 3.60234e-07
 3.21710e-07
 2.88874e-07
 2.60689e-07
 2.36340e-07
 2.15175e-07
 1.96676e-07
 1.80420e-07
 1.66065e-07
 1.53332e-07
 1.41987e-07
 1.31840e-07
 1.22730e-07
 8.04606e-07
 6.99810e-07
 6.11072e-07
 5.36140e-07
 4.72808e-07
 4.19123e-07
 3.73426e-07
 3.34346e-07
 3.00755e-07
 2.71736e-07
 2.46540e-07
 2.24554e-07
 2.05279e-07
 1.88303e-07
 1.73287e-07
 1.59949e-07
 1.48056e-07
 1.37411e-07
 1.27849e-07
 1.19233e-07
 6.60154e-07
 5.89892e-07
 5.26575e-07
 4.70480e-07
 4.21228e-07
 3.78169e-07
 3.40575e-07
 3.07734e-07
 2.78997e-07
 2.53791e-07
 2.31617e-07
 2.12049e-07
 1.94724e-07
 1.79334e-07
 1.65617e-07
 1.53352e-07
 1.42349e-07
 1.32449e-07
 1.23514e-07
 1.15427e-07
 5.37952e-07
 4.93284e-07
 4.49938e-07
 4.09353e-07
 3.72152e-07
 3.38483e-07
 3.08243e-07
 2.81197e-07
 2.57057e-07
 2.35521e-07
 2.16299e-07
 1.99122e-07
 1.83747e-07
 1.69957e-07
 1.57562e-07
 1.46395e-07
 1.36311e-07
 1.27183e-07
 1.18900e-07
 1.11368e-07
 4.36989e-07
 4.10512e-07
 3.82237e-07
 3.53939e-07
 3.26672e-07
 3.01009e-07
 2.77220e-07
 2.55380e-07
 2.35456e-07
 2.17347e-07
 2.00925e-07
 1.86046e-07
 1.72567e-07
 1.60349e-07
 1.49265e-07
 1.39196e-07
 1.30037e-07
 1.21692e-07
 1.14075e-07
 1.07111e-07
 3.54823e-07
 3.40843e-07
 3.23574e-07
 3.04705e-07
 2.85381e-07
 2.66345e-07
 2.48052e-07
 2.30762e-07
 2.14601e-07
 1.99612e-07
 1.85779e-07
 1.73056e-07
 1.61379e-07
 1.50672e-07
 1.40860e-07
 1.31867e-07
 1.23621e-07
 1.16053e-07
 1.09101e-07
 1.02708e-07
