scalar
part
         1
quad4
 6.17466e-07
 5.65795e-07
 5.15568e-07
 4.68395e-07
 4.25043e-07
 3.85750e-07
 3.50440e-07
 3.18869e-07
 2.90718e-07
 2.65641e-07
 2.43298e-07
 2.23373e-07
 2.05578e-07
 1.89655e-07
 1.75376e-07
 1.62544e-07
 1.50985e-07
 1.40547e-07
 1.31099e-07
 1.22527e-07
 7.27216e-07
 6.53654e-07
 5.85625e-07
 5.24249e-07
 4.69683e-07
 4.21573e-07
 3.79333e-07
 3.42307e-07
 3.09842e-07
 2.81340e-07
 2.56263e-07
 2.34142e-07
 2.14573e-07
 1.97209e-07
 1.81754e-07
 1.67955e-07
 1.55597e-07
 1.44496e-07
 1.34494e-07
 1.25458e-07
 8.55886e-07
 7.52866e-07
 6.62197e-07
 5.83605e-07
 5.15984e-07
 4.57957e-07
 4.08151e-07
 3.65313e-07
 3.28355e-07
 2.96349e-07
 2.68522e-07
 2.44224e-07
 2.22920e-07
 2.04162e-07
 1.87580e-07
 1.72864e-07
 1.59755e-07
 1.48034e-07
 1.37520e-07
 1.28056e-07
 1.00309e-06
 8.61712e-07
 7.43295e-07
 6.44628e-07
 5.62402e-07
 4.93659e-07
 4.35910e-07
 3.87123e-07
 3.45659e-07
 3.10207e-07
 2.79715e-07
 2.53339e-07
 2.30397e-07
 2.10340e-07
 1.92717e-07
 1.77161e-07
 1.63369e-07
 1.51091e-07
 1.40117e-07
 1.30273e-07
 1.16500e-06
 9.76102e-07
 8.25407e-07
 7.04546e-07
 6.06830e-07
 5.27101e-07
 4.61436e-07
 4.06859e-07
 3.61099e-07
 3.22417e-07
 2.89466e-07
 2.61197e-07
 2.36782e-07
 2.15568e-07
 1.97027e-07
 1.80738e-07
 1.66355e-07
 1.53597e-07
 1.42232e-07
 1.32066e-07
 1.33244e-06
 1.08886e-06
 9.03317e-07
 7.59669e-07
 6.46670e-07
 5.56449e-07
 4.83424e-07
 4.23583e-07
 3.73993e-07
 3.32478e-07
 2.97403e-07
 2.67519e-07
 2.41864e-07
 2.19684e-07
 2.00387e-07
 1.83498e-07
 1.68636e-07
 1.55493e-07
 1.43815e-07
 1.33394e-07
 1.48956e-06
 1.18963e-06
 9.70345e-07
 8.05651e-07
 6.79055e-07
 5.79777e-07
 5.00558e-07
 4.36381e-07
 3.83693e-07
 3.39926e-07
 3.03187e-07
 2.72057e-07
 2.45455e-07
 2.22549e-07
 2.02688e-07
 1.85358e-07
 1.70148e-07
 1.56727e-07
 1.44827e-07
 1.34226e-07
 1.61469e-06
 1.26606e-06
 1.01922e-06
 8.38072e-07
 7.01215e-07
 5.95299e-07
 5.11655e-07
 4.44451e-07
 3.89647e-07
 3.44372e-07
 3.06540e-07
 2.74607e-07
 2.47407e-07
 2.24051e-07
 2.03847e-07
 1.86254e-07
 1.70840e-07
 1.57261e-07
 1.45237e-07
 1.34539e-07
 1.68530e-06
 1.30650e-06
 1.04356e-06
 8.53263e-07
 7.10942e-07
 6.01640e-07
 5.15832e-07
 4.47210e-07
 3.91460e-07
 3.45543e-07
 3.07271e-07
 2.75032e-07
 2.47620e-07
 2.24116e-07
 2.03809e-07
 1.86145e-07
 1.70684e-07
 1.57073e-07
 1.45028e-07
 1.34319e-07
 1.68602e-06
 1.30364e-06
 1.03959e-06
 8.49134e-07
 7.07030e-07
 5.98071e-07
 5.12634e-07
 4.44369e-07
 3.88943e-07
 3.43314e-07
 3.05293e-07
 2.73275e-07
 2.46054e-07
 2.22717e-07
 2.02555e-07
 1.85018e-07
 1.69667e-07
 1.56153e-07
 1.44195e-07
 1.33561e-07
 1.61554e-06
 1.25707e-06
 1.00721e-06
 8.25707e-07
 6.89530e-07
 5.84655e-07
 5.02122e-07
 4.35978e-07
 3.82139e-07
 3.37720e-07
 3.00639e-07
 2.69360e-07
 2.42730e-07
 2.19871e-07
 2.00100e-07
 1.82884e-07
 1.67802e-07
 1.54513e-07
 1.42744e-07
 1.32272e-07
 1.48686e-06
 1.17339e-06
 9.50049e-07
 7.85106e-07
 6.59758e-07
 5.62237e-07
 4.84859e-07
 4.22427e-07
 3.71322e-07
 3.28960e-07
 2.93453e-07
 2.63398e-07
 2.37733e-07
 2.15643e-07
 1.96493e-07
 1.79785e-07
 1.65119e-07
 1.52177e-07
 1.40698e-07
 1.30471e-07
 1.32118e-06
 1.06376e-06
 8.74380e-07
 7.31052e-07
 6.20020e-07
 5.32303e-07
 4.61834e-07
 4.04392e-07
 3.56969e-07
 3.17375e-07
 2.83985e-07
 2.55573e-07
 2.31200e-07
 2.10139e-07
 1.91818e-07
 1.75784e-07
 1.61671e-07
 1.49187e-07
 1.38090e-07
 1.28183e-07
 1.14037e-06
 9.40552e-07
 7.87532e-07
 6.68058e-07
 5.73192e-07
 4.96744e-07
 4.34323e-07
 3.82755e-07
 3.39702e-07
 3.03414e-07
 2.72564e-07
 2.46130e-07
 2.23319e-07
 2.03503e-07
 1.86186e-07
 1.70968e-07
 1.57526e-07
 1.45597e-07
 1.34963e-07
 1.25444e-07
 9.62129e-07
 8.14777e-07
 6.96477e-07
 6.00638e-07
 5.22266e-07
 4.57585e-07
 4.03728e-07
 3.58505e-07
 3.20230e-07
 2.87594e-07
 2.59573e-07
 2.35358e-07
 2.14307e-07
 1.95902e-07
 1.79726e-07
 1.65440e-07
 1.52766e-07
 1.41473e-07
 1.31370e-07
 1.22299e-07
 7.98227e-07
 6.94668e-07
 6.06898e-07
 5.32719e-07
 4.69976e-07
 4.16752e-07
 3.71422e-07
 3.32635e-07
 2.99282e-07
 2.70456e-07
 2.45419e-07
 2.23566e-07
 2.04402e-07
 1.87520e-07
 1.72584e-07
 1.59316e-07
 1.47482e-07
 1.36888e-07
 1.27372e-07
 1.18795e-07
 6.54748e-07
 5.85379e-07
 5.22806e-07
 4.67321e-07
 4.18566e-07
 3.75909e-07
 3.38641e-07
 3.06068e-07
 2.77551e-07
 2.52527e-07
 2.30505e-07
 2.11065e-07
 1.93848e-07
 1.78550e-07
 1.64912e-07
 1.52715e-07
 1.41771e-07
 1.31922e-07
 1.23032e-07
 1.14985e-07
 5.33420e-07
 4.89378e-07
 4.46589e-07
 4.06484e-07
 3.69688e-07
 3.36361e-07
 3.06406e-07
 2.79598e-07
 2.55657e-07
 2.34289e-07
 2.15209e-07
 1.98153e-07
 1.82880e-07
 1.69179e-07
 1.56860e-07
 1.45759e-07
 1.35732e-07
 1.26655e-07
 1.18417e-07
 1.10924e-07
 4.33202e-07
 4.07159e-07
 3.79292e-07
 3.51363e-07
 3.24421e-07
 2.99041e-07
 2.75493e-07
 2.53862e-07
 2.34114e-07
 2.16158e-07
 1.99866e-07
 1.85099e-07
 1.71716e-07
 1.59582e-07
 1.48571e-07
 1.38566e-07
 1.29463e-07
 1.21166e-07
 1.13592e-07
 1.06667e-07
 3.51655e-07
 3.37971e-07
 3.20998e-07
 3.02409e-07
 2.83341e-07
 2.64535e-07
 2.46445e-07
 2.29333e-07
 2.13328e-07
 1.98474e-07
 1.84759e-07
 1.72139e-07
 1.60550e-07
 1.49922e-07
 1.40179e-07
 1.31246e-07
 1.23053e-07
 1.15532e-07
 1.08623e-07
 1.02267e-07
