scalar
part
         1
quad4
 4.36812e-07
 4.10760e-07
 3.82950e-07
 3.55050e-07
 3.28083e-07
 3.02626e-07
 2.78962e-07
 2.57184e-07
 2.37273e-07
 2.19143e-07
 2.02674e-07
 1.87731e-07
 1.74177e-07
 1.61878e-07
 1.50710e-07
 1.40557e-07
 1.31315e-07
 1.22889e-07
 1.15195e-07
 1.08157e-07
 5.27741e-07
 4.86132e-07
 4.45109e-07
 4.06239e-07
 3.70281e-07
 3.37506e-07
 3.07899e-07
 2.81296e-07
 2.57459e-07
 2.36126e-07
 2.17033e-07
 1.99933e-07
 1.84596e-07
 1.70818e-07
 1.58416e-07
 1.47229e-07
 1.37116e-07
 1.27954e-07
 1.19635e-07
 1.12064e-07
 6.37529e-07
 5.74032e-07
 5.15471e-07
 4.62721e-07
 4.15834e-07
 3.74454e-07
 3.38057e-07
 3.06072e-07
 2.77949e-07
 2.53180e-07
 2.31319e-07
 2.11972e-07
 1.94802e-07
 1.79518e-07
 1.65872e-07
 1.53652e-07
 1.42676e-07
 1.32789e-07
 1.23857e-07
 1.15767e-07
 7.67686e-07
 6.74383e-07
 5.93308e-07
 5.23576e-07
 4.63834e-07
 4.12661e-07
 3.68746e-07
 3.30942e-07
 2.98274e-07
 2.69927e-07
 2.45222e-07
 2.23599e-07
 2.04592e-07
 1.87814e-07
 1.72945e-07
 1.59717e-07
 1.47904e-07
 1.37318e-07
 1.27800e-07
 1.19214e-07
 9.17609e-07
 7.85465e-07
 6.76730e-07
 5.87096e-07
 5.12852e-07
 4.50975e-07
 3.99054e-07
 3.55187e-07
 3.17872e-07
 2.85922e-07
 2.58395e-07
 2.34538e-07
 2.13747e-07
 1.95531e-07
 1.79494e-07
 1.65309e-07
 1.52707e-07
 1.41467e-07
 1.31401e-07
 1.22356e-07
 1.08300e-06
 9.03175e-07
 7.62371e-07
 6.50669e-07
 5.60912e-07
 4.87909e-07
 4.27865e-07
 3.77966e-07
 3.36104e-07
 3.00679e-07
 2.70462e-07
 2.44499e-07
 2.22039e-07
 2.02490e-07
 1.85377e-07
 1.70316e-07
 1.56995e-07
 1.45161e-07
 1.34601e-07
 1.25141e-07
 1.25431e-06
 1.02053e-06
 8.45279e-07
 7.10814e-07
 6.05553e-07
 5.21712e-07
 4.53916e-07
 3.98359e-07
 3.52293e-07
 3.13694e-07
 2.81044e-07
 2.53191e-07
 2.29247e-07
 2.08518e-07
 1.90457e-07
 1.74629e-07
 1.60682e-07
 1.48331e-07
 1.37343e-07
 1.27526e-07
 1.41623e-06
 1.12781e-06
 9.19205e-07
 7.63426e-07
 6.44026e-07
 5.50505e-07
 4.75900e-07
 4.15441e-07
 3.65773e-07
 3.24477e-07
 2.89777e-07
 2.60342e-07
 2.35161e-07
 2.13454e-07
 1.94612e-07
 1.78152e-07
 1.63690e-07
 1.50916e-07
 1.39578e-07
 1.29469e-07
 1.54926e-06
 1.21376e-06
 9.77375e-07
 8.04284e-07
 6.73613e-07
 5.72488e-07
 4.92595e-07
 4.28363e-07
 3.75941e-07
 3.32596e-07
 2.96344e-07
 2.65716e-07
 2.39605e-07
 2.17164e-07
 1.97735e-07
 1.80802e-07
 1.65955e-07
 1.52865e-07
 1.41265e-07
 1.30937e-07
 1.63379e-06
 1.26776e-06
 1.01369e-06
 8.29718e-07
 6.92019e-07
 5.86175e-07
 5.03010e-07
 4.36447e-07
 3.82323e-07
 3.37712e-07
 3.00499e-07
 2.69131e-07
 2.42442e-07
 2.19543e-07
 1.99747e-07
 1.82517e-07
 1.67428e-07
 1.54138e-07
 1.42372e-07
 1.31905e-07
 1.65565e-06
 1.28246e-06
 1.02407e-06
 8.37318e-07
 6.97757e-07
 5.90616e-07
 5.06518e-07
 4.39266e-07
 3.84624e-07
 3.39613e-07
 3.02089e-07
 2.70474e-07
 2.43586e-07
 2.20526e-07
 2.00598e-07
 1.83259e-07
 1.68078e-07
 1.54711e-07
 1.42880e-07
 1.32357e-07
 1.61110e-06
 1.25593e-06
 1.00742e-06
 8.26443e-07
 6.90427e-07
 5.85547e-07
 5.02940e-07
 4.36697e-07
 3.82753e-07
 3.38236e-07
 3.01066e-07
 2.69709e-07
 2.43011e-07
 2.20093e-07
 2.00272e-07
 1.83014e-07
 1.67895e-07
 1.54576e-07
 1.42782e-07
 1.32288e-07
 1.50852e-06
 1.19234e-06
 9.65983e-07
 7.98366e-07
 6.70785e-07
 5.71438e-07
 4.92575e-07
 4.28935e-07
 3.76843e-07
 3.33670e-07
 2.97492e-07
 2.66880e-07
 2.40748e-07
 2.18266e-07
 1.98785e-07
 1.81795e-07
 1.66889e-07
 1.53740e-07
 1.42083e-07
 1.31701e-07
 1.36548e-06
 1.10074e-06
 9.04760e-07
 7.55997e-07
 6.40604e-07
 5.49407e-07
 4.76153e-07
 4.16469e-07
 3.67228e-07
 3.26148e-07
 2.91535e-07
 2.62107e-07
 2.36887e-07
 2.15113e-07
 1.96188e-07
 1.79640e-07
 1.65088e-07
 1.52226e-07
 1.40802e-07
 1.30611e-07
 1.20261e-06
 9.92433e-07
 8.30267e-07
 7.03262e-07
 6.02337e-07
 5.21038e-07
 4.54724e-07
 4.00013e-07
 3.54405e-07
 3.16024e-07
 2.83447e-07
 2.55578e-07
 2.31564e-07
 2.10735e-07
 1.92559e-07
 1.76610e-07
 1.62540e-07
 1.50070e-07
 1.38968e-07
 1.29042e-07
 1.03787e-06
 8.78224e-07
 7.49152e-07
 6.44367e-07
 5.58716e-07
 4.88148e-07
 4.29525e-07
 3.80426e-07
 3.38980e-07
 3.03734e-07
 2.73548e-07
 2.47527e-07
 2.24957e-07
 2.05269e-07
 1.88003e-07
 1.72784e-07
 1.59308e-07
 1.47323e-07
 1.36620e-07
 1.27025e-07
 8.83574e-07
 7.66557e-07
 6.67111e-07
 5.83159e-07
 5.12367e-07
 4.52554e-07
 4.01831e-07
 3.58616e-07
 3.21611e-07
 2.89758e-07
 2.62195e-07
 2.38223e-07
 2.17270e-07
 1.98870e-07
 1.82639e-07
 1.68259e-07
 1.55467e-07
 1.44044e-07
 1.33805e-07
 1.24598e-07
 7.46251e-07
 6.62926e-07
 5.88339e-07
 5.22729e-07
 4.65539e-07
 4.15893e-07
 3.72838e-07
 3.35464e-07
 3.02951e-07
 2.74586e-07
 2.49758e-07
 2.27949e-07
 2.08721e-07
 1.91708e-07
 1.76601e-07
 1.63137e-07
 1.51099e-07
 1.40299e-07
 1.30579e-07
 1.21805e-07
 6.28056e-07
 5.70166e-07
 5.15480e-07
 4.65275e-07
 4.19973e-07
 3.79511e-07
 3.43578e-07
 3.11758e-07
 2.83605e-07
 2.58684e-07
 2.36597e-07
 2.16984e-07
 1.99529e-07
 1.83955e-07
 1.70025e-07
 1.57530e-07
 1.46293e-07
 1.36160e-07
 1.26998e-07
 1.18694e-07
 5.28448e-07
 4.89162e-07
 4.49868e-07
 4.12152e-07
 3.76874e-07
 3.44419e-07
 3.14875e-07
 2.88159e-07
 2.64097e-07
 2.42468e-07
 2.23042e-07
 2.05592e-07
 1.89903e-07
 1.75780e-07
 1.63047e-07
 1.51546e-07
 1.41138e-07
 1.31700e-07
 1.23123e-07
 1.15313e-07
