scalar
part
         1
quad4
 6.06517e-07
 5.57438e-07
 5.09367e-07
 4.63945e-07
 4.21988e-07
 3.83791e-07
 3.49332e-07
 3.18418e-07
 2.90767e-07
 2.66068e-07
 2.44008e-07
 2.24291e-07
 2.06647e-07
 1.90829e-07
 1.76623e-07
 1.63836e-07
 1.52301e-07
 1.41872e-07
 1.32421e-07
 1.23837e-07
 7.16175e-07
 6.45692e-07
 5.80113e-07
 5.20643e-07
 4.67531e-07
 4.20516e-07
 3.79093e-07
 3.42667e-07
 3.10639e-07
 2.82448e-07
 2.57589e-07
 2.35616e-07
 2.16142e-07
 1.98833e-07
 1.83404e-07
 1.69609e-07
 1.57239e-07
 1.46115e-07
 1.36082e-07
 1.27009e-07
 8.45290e-07
 7.45856e-07
 6.57888e-07
 5.81285e-07
 5.15102e-07
 4.58100e-07
 4.09012e-07
 3.66670e-07
 3.30044e-07
 2.98253e-07
 2.70554e-07
 2.46325e-07
 2.25044e-07
 2.06280e-07
 1.89669e-07
 1.74909e-07
 1.61746e-07
 1.49966e-07
 1.39388e-07
 1.29859e-07
 9.93861e-07
 8.56505e-07
 7.40903e-07
 6.44166e-07
 5.63236e-07
 4.95344e-07
 4.38136e-07
 3.89676e-07
 3.48394e-07
 3.13022e-07
 2.82543e-07
 2.56134e-07
 2.33130e-07
 2.12991e-07
 1.95276e-07
 1.79622e-07
 1.65729e-07
 1.53350e-07
 1.42278e-07
 1.32338e-07
 1.15866e-06
 9.73933e-07
 8.25881e-07
 7.06650e-07
 6.09899e-07
 5.30707e-07
 4.65303e-07
 4.10812e-07
 3.65028e-07
 3.26254e-07
 2.93171e-07
 2.64748e-07
 2.40170e-07
 2.18789e-07
 2.00084e-07
 1.83635e-07
 1.69099e-07
 1.56196e-07
 1.44694e-07
 1.34399e-07
 1.33133e-06
 1.09141e-06
 9.07836e-07
 7.65152e-07
 6.52537e-07
 5.62366e-07
 4.89205e-07
 4.29127e-07
 3.79252e-07
 3.37434e-07
 3.02056e-07
 2.71878e-07
 2.45943e-07
 2.23502e-07
 2.03961e-07
 1.86846e-07
 1.71775e-07
 1.58440e-07
 1.46584e-07
 1.36000e-07
 1.49694e-06
 1.19899e-06
 9.80233e-07
 8.15362e-07
 6.88268e-07
 5.88365e-07
 5.08490e-07
 4.43676e-07
 3.90391e-07
 3.46076e-07
 3.08838e-07
 2.77258e-07
 2.50250e-07
 2.26980e-07
 2.06790e-07
 1.89164e-07
 1.73686e-07
 1.60024e-07
 1.47905e-07
 1.37106e-07
 1.63452e-06
 1.28445e-06
 1.03575e-06
 8.52761e-07
 7.14225e-07
 6.06833e-07
 5.21910e-07
 4.53604e-07
 3.97851e-07
 3.51757e-07
 3.13216e-07
 2.80665e-07
 2.52927e-07
 2.29098e-07
 2.08479e-07
 1.90517e-07
 1.74777e-07
 1.60907e-07
 1.48622e-07
 1.37689e-07
 1.72119e-06
 1.33570e-06
 1.06765e-06
 8.73408e-07
 7.28004e-07
 6.16255e-07
 5.28479e-07
 4.58254e-07
 4.01182e-07
 3.54164e-07
 3.14965e-07
 2.81940e-07
 2.53855e-07
 2.29771e-07
 2.08961e-07
 1.90857e-07
 1.75010e-07
 1.61058e-07
 1.48711e-07
 1.37732e-07
 1.73965e-06
 1.34426e-06
 1.07143e-06
 8.74771e-07
 7.28112e-07
 6.15714e-07
 5.27615e-07
 4.57248e-07
 4.00133e-07
 3.53127e-07
 3.13969e-07
 2.80999e-07
 2.52976e-07
 2.28954e-07
 2.08205e-07
 1.90160e-07
 1.74367e-07
 1.60465e-07
 1.48165e-07
 1.37228e-07
 1.68524e-06
 1.30804e-06
 1.04608e-06
 8.56331e-07
 7.14275e-07
 6.05063e-07
 5.19241e-07
 4.50543e-07
 3.94682e-07
 3.48634e-07
 3.10223e-07
 2.77843e-07
 2.50291e-07
 2.26652e-07
 2.06216e-07
 1.88429e-07
 1.72852e-07
 1.59132e-07
 1.46984e-07
 1.36178e-07
 1.56767e-06
 1.23200e-06
 9.94356e-07
 8.19713e-07
 6.87501e-07
 5.84955e-07
 5.03792e-07
 4.38443e-07
 3.85043e-07
 3.40843e-07
 3.03842e-07
 2.72557e-07
 2.45868e-07
 2.22916e-07
 2.03034e-07
 1.85698e-07
 1.70491e-07
 1.57078e-07
 1.45188e-07
 1.34598e-07
 1.40656e-06
 1.12637e-06
 9.21967e-07
 7.68296e-07
 6.49882e-07
 5.56734e-07
 4.82165e-07
 4.21558e-07
 3.71645e-07
 3.30058e-07
 2.95051e-07
 2.65309e-07
 2.39831e-07
 2.17840e-07
 1.98731e-07
 1.82022e-07
 1.67329e-07
 1.54341e-07
 1.42804e-07
 1.32511e-07
 1.22428e-06
 1.00355e-06
 8.36156e-07
 7.06493e-07
 6.04208e-07
 5.22223e-07
 4.55580e-07
 4.00729e-07
 3.55080e-07
 3.16707e-07
 2.84161e-07
 2.56329e-07
 2.32354e-07
 2.11560e-07
 1.93412e-07
 1.77485e-07
 1.63431e-07
 1.50972e-07
 1.39875e-07
 1.29950e-07
 1.04036e-06
 8.75307e-07
 7.44196e-07
 6.38935e-07
 5.53509e-07
 4.83455e-07
 4.25435e-07
 3.76936e-07
 3.36047e-07
 3.01296e-07
 2.71545e-07
 2.45898e-07
 2.23650e-07
 2.04237e-07
 1.87204e-07
 1.72184e-07
 1.58876e-07
 1.47033e-07
 1.36450e-07
 1.26958e-07
 8.68598e-07
 7.50875e-07
 6.52285e-07
 5.69812e-07
 5.00657e-07
 4.42426e-07
 3.93140e-07
 3.51190e-07
 3.15282e-07
 2.84369e-07
 2.57611e-07
 2.34324e-07
 2.13956e-07
 1.96054e-07
 1.80249e-07
 1.66232e-07
 1.53752e-07
 1.42597e-07
 1.32589e-07
 1.23580e-07
 7.16642e-07
 6.36352e-07
 5.64983e-07
 5.02462e-07
 4.48080e-07
 4.00907e-07
 3.59993e-07
 3.24452e-07
 2.93502e-07
 2.66467e-07
 2.42769e-07
 2.21922e-07
 2.03516e-07
 1.87204e-07
 1.72698e-07
 1.59751e-07
 1.48157e-07
 1.37742e-07
 1.28354e-07
 1.19869e-07
 5.87173e-07
 5.34900e-07
 4.85141e-07
 4.39226e-07
 3.97624e-07
 3.60328e-07
 3.27093e-07
 2.97566e-07
 2.71358e-07
 2.48092e-07
 2.27412e-07
 2.09000e-07
 1.92571e-07
 1.77878e-07
 1.64705e-07
 1.52863e-07
 1.42191e-07
 1.32548e-07
 1.23813e-07
 1.15881e-07
 4.79617e-07
 4.47443e-07
 4.14141e-07
 3.81504e-07
 3.50536e-07
 3.21740e-07
 2.95301e-07
 2.71224e-07
 2.49404e-07
 2.29686e-07
 2.11892e-07
 1.95839e-07
 1.81349e-07
 1.68259e-07
 1.56417e-07
 1.45688e-07
 1.35951e-07
 1.27097e-07
 1.19032e-07
 1.11669e-07
 3.91685e-07
 3.73456e-07
 3.52285e-07
 3.29926e-07
 3.07535e-07
 2.85830e-07
 2.65231e-07
 2.45953e-07
 2.28082e-07
 2.11618e-07
 1.96512e-07
 1.82688e-07
 1.70054e-07
 1.58514e-07
 1.47974e-07
 1.38342e-07
 1.29533e-07
 1.21468e-07
 1.14076e-07
 1.07291e-07
