scalar
part
         1
quad4
 3.52155e-07
 3.38833e-07
 3.22156e-07
 3.03797e-07
 2.84897e-07
 2.66203e-07
 2.48181e-07
 2.31101e-07
 2.15101e-07
 2.00229e-07
 1.86482e-07
 1.73819e-07
 1.62180e-07
 1.51497e-07
 1.41696e-07
 1.32705e-07
 1.24453e-07
 1.16874e-07
 1.09908e-07
 1.03498e-07
 4.34449e-07
 4.08752e-07
 3.81152e-07
 3.53411e-07
 3.26587e-07
 3.01267e-07
 2.77734e-07
 2.56083e-07
 2.36291e-07
 2.18274e-07
 2.01910e-07
 1.87064e-07
 1.73600e-07
 1.61383e-07
 1.50289e-07
 1.40204e-07
 1.31023e-07
 1.22652e-07
 1.15007e-07
 1.08014e-07
 5.35717e-07
 4.91966e-07
 4.49373e-07
 4.09376e-07
 3.72614e-07
 3.39263e-07
 3.09243e-07
 2.82344e-07
 2.58295e-07
 2.36809e-07
 2.17608e-07
 2.00429e-07
 1.85038e-07
 1.71221e-07
 1.58792e-07
 1.47586e-07
 1.37461e-07
 1.28291e-07
 1.19966e-07
 1.12391e-07
 6.58522e-07
 5.89315e-07
 5.26800e-07
 4.71281e-07
 4.22424e-07
 3.79620e-07
 3.42178e-07
 3.09417e-07
 2.80709e-07
 2.55496e-07
 2.33292e-07
 2.13679e-07
 1.96299e-07
 1.80848e-07
 1.67069e-07
 1.54740e-07
 1.43674e-07
 1.33713e-07
 1.24718e-07
 1.16575e-07
 8.04085e-07
 7.00429e-07
 6.12463e-07
 5.38017e-07
 4.74965e-07
 4.21417e-07
 3.75763e-07
 3.36663e-07
 3.03014e-07
 2.73914e-07
 2.48623e-07
 2.26538e-07
 2.07162e-07
 1.90086e-07
 1.74974e-07
 1.61544e-07
 1.49564e-07
 1.38836e-07
 1.29198e-07
 1.20509e-07
 9.70932e-07
 8.22986e-07
 7.04054e-07
 6.07580e-07
 5.28599e-07
 4.63350e-07
 4.08974e-07
 3.63282e-07
 3.24587e-07
 2.91575e-07
 2.63219e-07
 2.38706e-07
 2.17387e-07
 1.98743e-07
 1.82354e-07
 1.67876e-07
 1.55029e-07
 1.43579e-07
 1.33336e-07
 1.24137e-07
 1.15328e-06
 9.51974e-07
 7.97616e-07
 6.76965e-07
 5.81076e-07
 5.03745e-07
 4.40563e-07
 3.88340e-07
 3.44721e-07
 3.07943e-07
 2.76668e-07
 2.49863e-07
 2.26725e-07
 2.06623e-07
 1.89053e-07
 1.73611e-07
 1.59969e-07
 1.47861e-07
 1.37067e-07
 1.27405e-07
 1.33966e-06
 1.07924e-06
 8.87463e-07
 7.42214e-07
 6.29627e-07
 5.40642e-07
 4.69129e-07
 4.10820e-07
 3.62670e-07
 3.22463e-07
 2.88551e-07
 2.59691e-07
 2.34932e-07
 2.13536e-07
 1.94922e-07
 1.78630e-07
 1.64291e-07
 1.51606e-07
 1.40330e-07
 1.30262e-07
 1.51237e-06
 1.19366e-06
 9.66508e-07
 7.98716e-07
 6.71186e-07
 5.71960e-07
 4.93227e-07
 4.29702e-07
 3.77703e-07
 3.34600e-07
 2.98472e-07
 2.67893e-07
 2.41781e-07
 2.19307e-07
 1.99826e-07
 1.82828e-07
 1.67910e-07
 1.54744e-07
 1.43068e-07
 1.32665e-07
 1.64897e-06
 1.28247e-06
 1.02715e-06
 8.41783e-07
 7.02760e-07
 5.95732e-07
 5.11530e-07
 4.44068e-07
 3.89168e-07
 3.43884e-07
 3.06088e-07
 2.74212e-07
 2.47078e-07
 2.23788e-07
 2.03648e-07
 1.86113e-07
 1.70753e-07
 1.57220e-07
 1.45237e-07
 1.34574e-07
 1.72698e-06
 1.33382e-06
 1.06275e-06
 8.67466e-07
 7.21901e-07
 6.10377e-07
 5.22986e-07
 4.53198e-07
 3.96561e-07
 3.49955e-07
 3.11135e-07
 2.78452e-07
 2.50675e-07
 2.26866e-07
 2.06302e-07
 1.88417e-07
 1.72766e-07
 1.58990e-07
 1.46800e-07
 1.35963e-07
 1.73176e-06
 1.34032e-06
 1.06923e-06
 8.73399e-07
 7.27149e-07
 6.14961e-07
 5.26972e-07
 4.56664e-07
 3.99582e-07
 3.52596e-07
 3.13452e-07
 2.80494e-07
 2.52481e-07
 2.28470e-07
 2.07731e-07
 1.89697e-07
 1.73915e-07
 1.60025e-07
 1.47736e-07
 1.36811e-07
 1.66353e-06
 1.30179e-06
 1.04639e-06
 8.59377e-07
 7.18340e-07
 6.09350e-07
 5.23382e-07
 4.54382e-07
 3.98163e-07
 3.51752e-07
 3.12997e-07
 2.80302e-07
 2.52467e-07
 2.28576e-07
 2.07918e-07
 1.89935e-07
 1.74186e-07
 1.60314e-07
 1.48034e-07
 1.37111e-07
 1.53757e-06
 1.22544e-06
 9.97896e-07
 8.27410e-07
 6.96625e-07
 5.94232e-07
 5.12642e-07
 4.46623e-07
 3.92478e-07
 3.47540e-07
 3.09847e-07
 2.77929e-07
 2.50670e-07
 2.27210e-07
 2.06879e-07
 1.89145e-07
 1.73587e-07
 1.59864e-07
 1.47699e-07
 1.36866e-07
 1.37722e-06
 1.12319e-06
 9.30228e-07
 7.81202e-07
 6.64218e-07
 5.70981e-07
 4.95630e-07
 4.33964e-07
 3.82918e-07
 3.40227e-07
 3.04189e-07
 2.73508e-07
 2.47186e-07
 2.24443e-07
 2.04666e-07
 1.87365e-07
 1.72148e-07
 1.58696e-07
 1.46747e-07
 1.36088e-07
 1.20520e-06
 1.00789e-06
 8.50901e-07
 7.25292e-07
 6.23950e-07
 5.41412e-07
 4.73543e-07
 4.17211e-07
 3.70038e-07
 3.30203e-07
 2.96302e-07
 2.67241e-07
 2.42162e-07
 2.20384e-07
 2.01362e-07
 1.84659e-07
 1.69918e-07
 1.56848e-07
 1.45209e-07
 1.34802e-07
 1.03830e-06
 8.90427e-07
 7.66885e-07
 6.64186e-07
 5.78778e-07
 5.07505e-07
 4.47729e-07
 3.97300e-07
 3.54497e-07
 3.17940e-07
 2.86529e-07
 2.59381e-07
 2.35788e-07
 2.15176e-07
 1.97077e-07
 1.81110e-07
 1.66961e-07
 1.54371e-07
 1.43123e-07
 1.33038e-07
 8.86272e-07
 7.78374e-07
 6.83653e-07
 6.01737e-07
 5.31400e-07
 4.71155e-07
 4.19529e-07
 3.75193e-07
 3.36991e-07
 3.03948e-07
 2.75247e-07
 2.50211e-07
 2.28278e-07
 2.08982e-07
 1.91935e-07
 1.76815e-07
 1.63354e-07
 1.51325e-07
 1.40540e-07
 1.30836e-07
 7.53250e-07
 6.76081e-07
 6.04909e-07
 5.40849e-07
 4.84016e-07
 4.34002e-07
 3.90164e-07
 3.51794e-07
 3.18197e-07
 2.88736e-07
 2.62844e-07
 2.40026e-07
 2.19859e-07
 2.01978e-07
 1.86074e-07
 1.71884e-07
 1.59183e-07
 1.47781e-07
 1.37513e-07
 1.28240e-07
 6.39720e-07
 5.85403e-07
 5.32769e-07
 4.83460e-07
 4.38246e-07
 3.97345e-07
 3.60653e-07
 3.27898e-07
 2.98731e-07
 2.72782e-07
 2.49688e-07
 2.29114e-07
 2.10756e-07
 1.94344e-07
 1.79637e-07
 1.66430e-07
 1.54540e-07
 1.43810e-07
 1.34102e-07
 1.25299e-07
