scalar
part
         1
quad4
 5.55086e-07
 5.12389e-07
 4.70050e-07
 4.29668e-07
 3.92087e-07
 3.57658e-07
 3.26429e-07
 2.98277e-07
 2.72990e-07
 2.50317e-07
 2.29997e-07
 2.11779e-07
 1.95430e-07
 1.80736e-07
 1.67507e-07
 1.55574e-07
 1.44789e-07
 1.35019e-07
 1.26151e-07
 1.18084e-07
 6.58022e-07
 5.95768e-07
 5.37320e-07
 4.83925e-07
 4.35943e-07
 3.93238e-07
 3.55432e-07
 3.22044e-07
 2.92575e-07
 2.66547e-07
 2.43524e-07
 2.23116e-07
 2.04982e-07
 1.88827e-07
 1.74395e-07
 1.61467e-07
 1.49852e-07
 1.39390e-07
 1.29939e-07
 1.21380e-07
 7.79799e-07
 6.90920e-07
 6.11735e-07
 5.42360e-07
 4.82099e-07
 4.29949e-07
 3.84846e-07
 3.45790e-07
 3.11889e-07
 2.82371e-07
 2.56579e-07
 2.33959e-07
 2.14046e-07
 1.96449e-07
 1.80842e-07
 1.66949e-07
 1.54538e-07
 1.43414e-07
 1.33412e-07
 1.24390e-07
 9.20755e-07
 7.96766e-07
 6.91800e-07
 6.03493e-07
 5.29260e-07
 4.66713e-07
 4.13803e-07
 3.68824e-07
 3.30385e-07
 2.97355e-07
 2.68820e-07
 2.44037e-07
 2.22405e-07
 2.03430e-07
 1.86709e-07
 1.71909e-07
 1.58756e-07
 1.47020e-07
 1.36509e-07
 1.27062e-07
 1.07835e-06
 9.10162e-07
 7.74648e-07
 6.64977e-07
 5.75585e-07
 5.02120e-07
 4.41227e-07
 3.90328e-07
 3.47440e-07
 3.11024e-07
 2.79881e-07
 2.53068e-07
 2.29838e-07
 2.09595e-07
 1.91858e-07
 1.76238e-07
 1.62418e-07
 1.50134e-07
 1.39172e-07
 1.29351e-07
 1.24541e-06
 1.02519e-06
 8.55813e-07
 7.23551e-07
 6.18721e-07
 5.34469e-07
 4.65885e-07
 4.09402e-07
 3.62389e-07
 3.22881e-07
 2.89387e-07
 2.60765e-07
 2.36127e-07
 2.14775e-07
 1.96158e-07
 1.79832e-07
 1.65441e-07
 1.52693e-07
 1.41350e-07
 1.31213e-07
 1.40873e-06
 1.13288e-06
 9.29314e-07
 7.75212e-07
 6.55958e-07
 5.61900e-07
 4.86480e-07
 4.25124e-07
 3.74570e-07
 3.32443e-07
 2.96983e-07
 2.66863e-07
 2.41070e-07
 2.18817e-07
 1.99489e-07
 1.82598e-07
 1.67753e-07
 1.54638e-07
 1.42994e-07
 1.32612e-07
 1.54930e-06
 1.22195e-06
 9.88282e-07
 8.15658e-07
 6.84526e-07
 5.82583e-07
 5.01773e-07
 4.36641e-07
 3.83382e-07
 3.39281e-07
 3.02355e-07
 2.71131e-07
 2.44495e-07
 2.21590e-07
 2.01753e-07
 1.84460e-07
 1.69294e-07
 1.55921e-07
 1.44069e-07
 1.33517e-07
 1.64577e-06
 1.28088e-06
 1.02614e-06
 8.40970e-07
 7.01996e-07
 5.94962e-07
 5.10741e-07
 4.43260e-07
 3.88347e-07
 3.43057e-07
 3.05263e-07
 2.73394e-07
 2.46271e-07
 2.22997e-07
 2.02874e-07
 1.85359e-07
 1.70019e-07
 1.56509e-07
 1.44547e-07
 1.33907e-07
 1.68075e-06
 1.30084e-06
 1.03811e-06
 8.48385e-07
 7.06704e-07
 5.97997e-07
 5.12710e-07
 4.44535e-07
 3.89162e-07
 3.43562e-07
 3.05557e-07
 2.73543e-07
 2.46322e-07
 2.22979e-07
 2.02811e-07
 1.85265e-07
 1.69905e-07
 1.56382e-07
 1.44413e-07
 1.33770e-07
 1.64724e-06
 1.27844e-06
 1.02238e-06
 8.36907e-07
 6.98068e-07
 5.91335e-07
 5.07462e-07
 4.40327e-07
 3.85735e-07
 3.40735e-07
 3.03196e-07
 2.71552e-07
 2.44627e-07
 2.21524e-07
 2.01553e-07
 1.84170e-07
 1.68946e-07
 1.55537e-07
 1.43665e-07
 1.33104e-07
 1.55113e-06
 1.21670e-06
 9.80631e-07
 8.07530e-07
 6.76709e-07
 5.75380e-07
 4.95268e-07
 4.30822e-07
 3.78200e-07
 3.34671e-07
 2.98253e-07
 2.67474e-07
 2.41227e-07
 2.18664e-07
 1.99125e-07
 1.82094e-07
 1.67157e-07
 1.53986e-07
 1.42313e-07
 1.31918e-07
 1.40846e-06
 1.12396e-06
 9.17535e-07
 7.63004e-07
 6.44325e-07
 5.51220e-07
 4.76848e-07
 4.16513e-07
 3.66899e-07
 3.25617e-07
 2.90904e-07
 2.61441e-07
 2.36223e-07
 2.14474e-07
 1.95587e-07
 1.79082e-07
 1.64576e-07
 1.51760e-07
 1.40380e-07
 1.30232e-07
 1.23978e-06
 1.01145e-06
 8.39574e-07
 7.07252e-07
 6.03380e-07
 5.20457e-07
 4.53275e-07
 3.98134e-07
 3.52350e-07
 3.13941e-07
 2.81420e-07
 2.53653e-07
 2.29763e-07
 2.09068e-07
 1.91025e-07
 1.75204e-07
 1.61256e-07
 1.48900e-07
 1.37902e-07
 1.28072e-07
 1.06451e-06
 8.90559e-07
 7.53674e-07
 6.44628e-07
 5.56697e-07
 4.84970e-07
 4.25829e-07
 3.76577e-07
 3.35184e-07
 3.00102e-07
 2.70137e-07
 2.44360e-07
 2.22038e-07
 2.02591e-07
 1.85553e-07
 1.70547e-07
 1.57267e-07
 1.45461e-07
 1.34922e-07
 1.25475e-07
 8.97363e-07
 7.70805e-07
 6.66045e-07
 5.79253e-07
 5.07059e-07
 4.46673e-07
 3.95849e-07
 3.52797e-07
 3.16093e-07
 2.84606e-07
 2.57432e-07
 2.33846e-07
 2.13264e-07
 1.95211e-07
 1.79301e-07
 1.65215e-07
 1.52691e-07
 1.41511e-07
 1.31493e-07
 1.22484e-07
 7.47178e-07
 6.58829e-07
 5.81482e-07
 5.14548e-07
 4.56906e-07
 4.07319e-07
 3.64608e-07
 3.27725e-07
 2.95767e-07
 2.67970e-07
 2.43696e-07
 2.22412e-07
 2.03673e-07
 1.87108e-07
 1.72410e-07
 1.59318e-07
 1.47616e-07
 1.37119e-07
 1.27673e-07
 1.19146e-07
 6.17663e-07
 5.58385e-07
 5.03157e-07
 4.53017e-07
 4.08164e-07
 3.68370e-07
 3.33213e-07
 3.02201e-07
 2.74845e-07
 2.50686e-07
 2.29309e-07
 2.10351e-07
 1.93494e-07
 1.78464e-07
 1.65025e-07
 1.52974e-07
 1.42136e-07
 1.32363e-07
 1.23526e-07
 1.15513e-07
 5.09002e-07
 4.70902e-07
 4.32772e-07
 3.96253e-07
 3.62191e-07
 3.30938e-07
 3.02553e-07
 2.76932e-07
 2.53886e-07
 2.33193e-07
 2.14619e-07
 1.97942e-07
 1.82951e-07
 1.69457e-07
 1.57290e-07
 1.46298e-07
 1.36347e-07
 1.27320e-07
 1.19114e-07
 1.11638e-07
 4.19413e-07
 3.96246e-07
 3.70900e-07
 3.45070e-07
 3.19824e-07
 2.95787e-07
 2.73290e-07
 2.52471e-07
 2.33348e-07
 2.15866e-07
 1.99932e-07
 1.85432e-07
 1.72245e-07
 1.60252e-07
 1.49340e-07
 1.39401e-07
 1.30339e-07
 1.22066e-07
 1.14500e-07
 1.07572e-07
