scalar
part
         1
quad4
 5.62312e-07
 5.19248e-07
 4.76504e-07
 4.35705e-07
 3.97711e-07
 3.62883e-07
 3.31276e-07
 3.02772e-07
 2.77158e-07
 2.54183e-07
 2.33586e-07
 2.15114e-07
 1.98533e-07
 1.83627e-07
 1.70204e-07
 1.58095e-07
 1.47147e-07
 1.37229e-07
 1.28225e-07
 1.20033e-07
 6.66914e-07
 6.04035e-07
 5.44957e-07
 4.90954e-07
 4.42398e-07
 3.99161e-07
 3.60865e-07
 3.27033e-07
 2.97160e-07
 2.70768e-07
 2.47415e-07
 2.26709e-07
 2.08307e-07
 1.91910e-07
 1.77259e-07
 1.64132e-07
 1.52337e-07
 1.41711e-07
 1.32111e-07
 1.23416e-07
 7.90761e-07
 7.00880e-07
 6.20757e-07
 5.50521e-07
 4.89482e-07
 4.36635e-07
 3.90911e-07
 3.51303e-07
 3.16911e-07
 2.86958e-07
 2.60779e-07
 2.37815e-07
 2.17595e-07
 1.99724e-07
 1.83871e-07
 1.69757e-07
 1.57147e-07
 1.45844e-07
 1.35679e-07
 1.26509e-07
 9.34266e-07
 8.08740e-07
 7.02417e-07
 6.12926e-07
 5.37662e-07
 4.74221e-07
 4.20535e-07
 3.74883e-07
 3.35857e-07
 3.02316e-07
 2.73332e-07
 2.48156e-07
 2.26176e-07
 2.06893e-07
 1.89899e-07
 1.74856e-07
 1.61485e-07
 1.49554e-07
 1.38867e-07
 1.29262e-07
 1.09495e-06
 9.24485e-07
 7.87068e-07
 6.75805e-07
 5.85079e-07
 5.10492e-07
 4.48649e-07
 3.96944e-07
 3.53365e-07
 3.16356e-07
 2.84701e-07
 2.57443e-07
 2.33825e-07
 2.13241e-07
 1.95204e-07
 1.79319e-07
 1.65262e-07
 1.52768e-07
 1.41617e-07
 1.31627e-07
 1.26567e-06
 1.04218e-06
 8.70210e-07
 7.35868e-07
 6.29353e-07
 5.43723e-07
 4.74000e-07
 4.16568e-07
 3.68757e-07
 3.28573e-07
 2.94503e-07
 2.65385e-07
 2.40318e-07
 2.18594e-07
 1.99650e-07
 1.83037e-07
 1.68392e-07
 1.55419e-07
 1.43875e-07
 1.33559e-07
 1.43315e-06
 1.15278e-06
 9.45792e-07
 7.89053e-07
 6.67728e-07
 5.72020e-07
 4.95265e-07
 4.32816e-07
 3.81357e-07
 3.38473e-07
 3.02373e-07
 2.71709e-07
 2.45449e-07
 2.22793e-07
 2.03115e-07
 1.85917e-07
 1.70802e-07
 1.57448e-07
 1.45592e-07
 1.35021e-07
 1.57821e-06
 1.24484e-06
 1.00683e-06
 8.30973e-07
 6.97375e-07
 5.93510e-07
 5.11175e-07
 4.44812e-07
 3.90547e-07
 3.45614e-07
 3.07992e-07
 2.76179e-07
 2.49041e-07
 2.25706e-07
 2.05496e-07
 1.87878e-07
 1.72428e-07
 1.58804e-07
 1.46731e-07
 1.35982e-07
 1.67908e-06
 1.30658e-06
 1.04658e-06
 8.57602e-07
 7.15794e-07
 6.06591e-07
 5.20674e-07
 4.51841e-07
 3.95834e-07
 3.49647e-07
 3.11107e-07
 2.78611e-07
 2.50958e-07
 2.27230e-07
 2.06716e-07
 1.88862e-07
 1.73225e-07
 1.59454e-07
 1.47263e-07
 1.36418e-07
 1.71773e-06
 1.32884e-06
 1.06005e-06
 8.66058e-07
 7.21245e-07
 6.10173e-07
 5.23056e-07
 4.53435e-07
 3.96900e-07
 3.50352e-07
 3.11563e-07
 2.78894e-07
 2.51119e-07
 2.27304e-07
 2.06731e-07
 1.88834e-07
 1.73168e-07
 1.59376e-07
 1.47172e-07
 1.36319e-07
 1.68645e-06
 1.30785e-06
 1.04526e-06
 8.55235e-07
 7.13083e-07
 6.03863e-07
 5.18077e-07
 4.49436e-07
 3.93639e-07
 3.47658e-07
 3.09312e-07
 2.76993e-07
 2.49500e-07
 2.25914e-07
 2.05527e-07
 1.87785e-07
 1.72249e-07
 1.58567e-07
 1.46454e-07
 1.35680e-07
 1.59064e-06
 1.24638e-06
 1.00375e-06
 8.26053e-07
 6.91882e-07
 5.88038e-07
 5.05989e-07
 4.40020e-07
 3.86178e-07
 3.41658e-07
 3.04422e-07
 2.72961e-07
 2.46140e-07
 2.23088e-07
 2.03130e-07
 1.85736e-07
 1.70485e-07
 1.57038e-07
 1.45121e-07
 1.34512e-07
 1.44633e-06
 1.15278e-06
 9.40179e-07
 7.81249e-07
 6.59333e-07
 5.63778e-07
 4.87509e-07
 4.25675e-07
 3.74858e-07
 3.32593e-07
 2.97069e-07
 2.66929e-07
 2.41138e-07
 2.18902e-07
 1.99597e-07
 1.82731e-07
 1.67910e-07
 1.54817e-07
 1.43195e-07
 1.32831e-07
 1.27448e-06
 1.03845e-06
 8.61107e-07
 7.24790e-07
 6.17923e-07
 5.32700e-07
 4.63717e-07
 4.07141e-07
 3.60196e-07
 3.20836e-07
 2.87525e-07
 2.59095e-07
 2.34645e-07
 2.13471e-07
 1.95016e-07
 1.78838e-07
 1.64579e-07
 1.51949e-07
 1.40710e-07
 1.30667e-07
 1.09521e-06
 9.15097e-07
 7.73632e-07
 6.61123e-07
 5.70526e-07
 4.96712e-07
 4.35911e-07
 3.85321e-07
 3.42835e-07
 3.06848e-07
 2.76128e-07
 2.49714e-07
 2.26851e-07
 2.06940e-07
 1.89501e-07
 1.74147e-07
 1.60562e-07
 1.48488e-07
 1.37712e-07
 1.28055e-07
 9.23838e-07
 7.92590e-07
 6.84160e-07
 5.94481e-07
 5.19995e-07
 4.57773e-07
 4.05460e-07
 3.61189e-07
 3.23476e-07
 2.91147e-07
 2.63263e-07
 2.39075e-07
 2.17977e-07
 1.99479e-07
 1.83183e-07
 1.68761e-07
 1.55942e-07
 1.44501e-07
 1.34253e-07
 1.25039e-07
 7.69638e-07
 6.77849e-07
 5.97661e-07
 5.28396e-07
 4.68842e-07
 4.17680e-07
 3.73666e-07
 3.35696e-07
 3.02825e-07
 2.74258e-07
 2.49328e-07
 2.27481e-07
 2.08257e-07
 1.91272e-07
 1.76207e-07
 1.62794e-07
 1.50808e-07
 1.40061e-07
 1.30393e-07
 1.21667e-07
 6.36546e-07
 5.74809e-07
 5.17440e-07
 4.65466e-07
 4.19055e-07
 3.77942e-07
 3.41666e-07
 3.09704e-07
 2.81537e-07
 2.56683e-07
 2.34709e-07
 2.15234e-07
 1.97927e-07
 1.82504e-07
 1.68720e-07
 1.56364e-07
 1.45258e-07
 1.35245e-07
 1.26195e-07
 1.17991e-07
 5.24821e-07
 4.84998e-07
 4.45285e-07
 4.07351e-07
 3.72045e-07
 3.39707e-07
 3.10379e-07
 2.83941e-07
 2.60186e-07
 2.38875e-07
 2.19764e-07
 2.02617e-07
 1.87213e-07
 1.73356e-07
 1.60868e-07
 1.49591e-07
 1.39386e-07
 1.30132e-07
 1.21723e-07
 1.14064e-07
 4.32669e-07
 4.08311e-07
 3.81814e-07
 3.54910e-07
 3.28684e-07
 3.03768e-07
 2.80489e-07
 2.58977e-07
 2.39242e-07
 2.21219e-07
 2.04807e-07
 1.89884e-07
 1.76323e-07
 1.63998e-07
 1.52789e-07
 1.42586e-07
 1.33286e-07
 1.24800e-07
 1.17043e-07
 1.09941e-07
