scalar
part
         1
quad4
 4.44484e-07
 4.17592e-07
 3.89122e-07
 3.60686e-07
 3.33268e-07
 3.07419e-07
 2.83407e-07
 2.61314e-07
 2.41116e-07
 2.22723e-07
 2.06012e-07
 1.90847e-07
 1.77088e-07
 1.64601e-07
 1.53259e-07
 1.42946e-07
 1.33556e-07
 1.24994e-07
 1.17174e-07
 1.10020e-07
 5.35944e-07
 4.93419e-07
 4.51695e-07
 4.12258e-07
 3.75819e-07
 3.42621e-07
 3.12634e-07
 2.85685e-07
 2.61532e-07
 2.39909e-07
 2.20549e-07
 2.03204e-07
 1.87643e-07
 1.73659e-07
 1.61067e-07
 1.49707e-07
 1.39436e-07
 1.30127e-07
 1.21674e-07
 1.13979e-07
 6.46203e-07
 5.81772e-07
 5.22499e-07
 4.69164e-07
 4.21767e-07
 3.79929e-07
 3.43114e-07
 3.10746e-07
 2.82271e-07
 2.57180e-07
 2.35023e-07
 2.15406e-07
 1.97989e-07
 1.82479e-07
 1.68628e-07
 1.56220e-07
 1.45073e-07
 1.35030e-07
 1.25955e-07
 1.17733e-07
 7.76784e-07
 6.82613e-07
 6.00849e-07
 5.30518e-07
 4.70230e-07
 4.18552e-07
 3.74169e-07
 3.35932e-07
 3.02868e-07
 2.74158e-07
 2.49124e-07
 2.27201e-07
 2.07922e-07
 1.90898e-07
 1.75806e-07
 1.62374e-07
 1.50378e-07
 1.39625e-07
 1.29954e-07
 1.21230e-07
 9.27185e-07
 7.94322e-07
 6.84931e-07
 5.94665e-07
 5.19811e-07
 4.57355e-07
 4.04894e-07
 3.60530e-07
 3.22761e-07
 2.90401e-07
 2.62504e-07
 2.38314e-07
 2.17222e-07
 1.98737e-07
 1.82458e-07
 1.68054e-07
 1.55255e-07
 1.43836e-07
 1.33609e-07
 1.24417e-07
 1.09338e-06
 9.12988e-07
 7.71497e-07
 6.59060e-07
 5.68569e-07
 4.94870e-07
 4.34182e-07
 3.83700e-07
 3.41313e-07
 3.05420e-07
 2.74786e-07
 2.48451e-07
 2.25661e-07
 2.05817e-07
 1.88441e-07
 1.73145e-07
 1.59614e-07
 1.47590e-07
 1.36859e-07
 1.27246e-07
 1.26634e-06
 1.03190e-06
 8.55737e-07
 7.20286e-07
 6.14072e-07
 5.29355e-07
 4.60772e-07
 4.04519e-07
 3.57842e-07
 3.18705e-07
 2.85585e-07
 2.57319e-07
 2.33011e-07
 2.11962e-07
 1.93617e-07
 1.77537e-07
 1.63366e-07
 1.50815e-07
 1.39647e-07
 1.29668e-07
 1.43144e-06
 1.14164e-06
 9.31511e-07
 7.74277e-07
 6.53576e-07
 5.58923e-07
 4.83344e-07
 4.22052e-07
 3.71669e-07
 3.29760e-07
 2.94532e-07
 2.64640e-07
 2.39061e-07
 2.17007e-07
 1.97860e-07
 1.81132e-07
 1.66433e-07
 1.53448e-07
 1.41922e-07
 1.31645e-07
 1.56967e-06
 1.23107e-06
 9.92042e-07
 8.16772e-07
 6.84322e-07
 5.81741e-07
 5.00651e-07
 4.35428e-07
 3.82180e-07
 3.38141e-07
 3.01301e-07
 2.70171e-07
 2.43629e-07
 2.20815e-07
 2.01061e-07
 1.83845e-07
 1.68749e-07
 1.55438e-07
 1.43642e-07
 1.33140e-07
 1.66114e-06
 1.28929e-06
 1.03104e-06
 8.43970e-07
 7.03924e-07
 5.96261e-07
 5.11660e-07
 4.43943e-07
 3.88881e-07
 3.43494e-07
 3.05636e-07
 2.73724e-07
 2.46572e-07
 2.23276e-07
 2.03138e-07
 1.85611e-07
 1.70262e-07
 1.56743e-07
 1.44775e-07
 1.34128e-07
 1.69034e-06
 1.30824e-06
 1.04402e-06
 8.53234e-07
 7.10763e-07
 6.01451e-07
 5.15690e-07
 4.47134e-07
 3.91450e-07
 3.45593e-07
 3.07373e-07
 2.75177e-07
 2.47800e-07
 2.24323e-07
 2.04038e-07
 1.86390e-07
 1.70941e-07
 1.57338e-07
 1.45299e-07
 1.34593e-07
 1.65149e-06
 1.28504e-06
 1.02941e-06
 8.43659e-07
 7.04288e-07
 5.96960e-07
 5.12510e-07
 4.44844e-07
 3.89778e-07
 3.44359e-07
 3.06453e-07
 2.74487e-07
 2.47280e-07
 2.23930e-07
 2.03741e-07
 1.86166e-07
 1.70773e-07
 1.57213e-07
 1.45208e-07
 1.34528e-07
 1.55135e-06
 1.22308e-06
 9.89055e-07
 8.16305e-07
 6.85133e-07
 5.83183e-07
 5.02374e-07
 4.37240e-07
 3.83977e-07
 3.39868e-07
 3.02931e-07
 2.71693e-07
 2.45040e-07
 2.22118e-07
 2.02263e-07
 1.84951e-07
 1.69767e-07
 1.56376e-07
 1.44506e-07
 1.33937e-07
 1.40718e-06
 1.13117e-06
 9.27793e-07
 7.73976e-07
 6.55005e-07
 5.61196e-07
 4.85982e-07
 4.24792e-07
 3.74370e-07
 3.32347e-07
 2.96968e-07
 2.66911e-07
 2.41166e-07
 2.18951e-07
 1.99651e-07
 1.82781e-07
 1.67951e-07
 1.54847e-07
 1.43211e-07
 1.32833e-07
 1.24047e-06
 1.02090e-06
 8.52237e-07
 7.20629e-07
 6.16363e-07
 5.32582e-07
 4.64382e-07
 4.08211e-07
 3.61450e-07
 3.22145e-07
 2.88816e-07
 2.60326e-07
 2.35796e-07
 2.14532e-07
 1.95985e-07
 1.79717e-07
 1.65373e-07
 1.52664e-07
 1.41352e-07
 1.31241e-07
 1.07050e-06
 9.03677e-07
 7.69314e-07
 6.60603e-07
 5.72005e-07
 4.99191e-07
 4.38829e-07
 3.88364e-07
 3.45829e-07
 3.09701e-07
 2.78794e-07
 2.52176e-07
 2.29106e-07
 2.08995e-07
 1.91368e-07
 1.75840e-07
 1.62096e-07
 1.49876e-07
 1.38968e-07
 1.29192e-07
 9.10713e-07
 7.88551e-07
 6.85048e-07
 5.97926e-07
 5.24657e-07
 4.62898e-07
 4.10632e-07
 3.66182e-07
 3.28177e-07
 2.95506e-07
 2.67267e-07
 2.42731e-07
 2.21303e-07
 2.02500e-07
 1.85923e-07
 1.71245e-07
 1.58194e-07
 1.46545e-07
 1.36108e-07
 1.26724e-07
 7.68305e-07
 6.81475e-07
 6.03923e-07
 5.35865e-07
 4.76678e-07
 4.25408e-07
 3.81029e-07
 3.42571e-07
 3.09166e-07
 2.80060e-07
 2.54612e-07
 2.32280e-07
 2.12610e-07
 1.95218e-07
 1.79784e-07
 1.66038e-07
 1.53753e-07
 1.42736e-07
 1.32826e-07
 1.23883e-07
 6.45732e-07
 5.85557e-07
 5.28787e-07
 4.76761e-07
 4.29904e-07
 3.88129e-07
 3.51094e-07
 3.18349e-07
 2.89418e-07
 2.63841e-07
 2.41197e-07
 2.21110e-07
 2.03248e-07
 1.87325e-07
 1.73090e-07
 1.60330e-07
 1.48861e-07
 1.38523e-07
 1.29181e-07
 1.20715e-07
 5.42516e-07
 5.01799e-07
 4.61094e-07
 4.22067e-07
 3.85614e-07
 3.52127e-07
 3.21689e-07
 2.94203e-07
 2.69479e-07
 2.47281e-07
 2.27365e-07
 2.09491e-07
 1.93435e-07
 1.78993e-07
 1.65981e-07
 1.54235e-07
 1.43610e-07
 1.33980e-07
 1.25234e-07
 1.17272e-07
