scalar
part
         1
quad4
 6.44312e-07
 5.89364e-07
 5.36176e-07
 4.86390e-07
 4.40767e-07
 3.99517e-07
 3.62530e-07
 3.29524e-07
 3.00145e-07
 2.74015e-07
 2.50768e-07
 2.30064e-07
 2.11594e-07
 1.95085e-07
 1.80296e-07
 1.67017e-07
 1.55065e-07
 1.44280e-07
 1.34526e-07
 1.25681e-07
 7.58198e-07
 6.80271e-07
 6.08453e-07
 5.43850e-07
 4.86562e-07
 4.36169e-07
 3.92016e-07
 3.53383e-07
 3.19566e-07
 2.89921e-07
 2.63874e-07
 2.40926e-07
 2.20648e-07
 2.02673e-07
 1.86689e-07
 1.72430e-07
 1.59670e-07
 1.48216e-07
 1.37903e-07
 1.28591e-07
 8.91545e-07
 7.82745e-07
 6.87281e-07
 6.04757e-07
 5.33924e-07
 4.73275e-07
 4.21320e-07
 3.76713e-07
 3.38290e-07
 3.05063e-07
 2.76211e-07
 2.51048e-07
 2.29008e-07
 2.09621e-07
 1.92498e-07
 1.77313e-07
 1.63796e-07
 1.51719e-07
 1.40892e-07
 1.31152e-07
 1.04381e-06
 8.94894e-07
 7.70515e-07
 6.67153e-07
 5.81218e-07
 5.09527e-07
 4.49416e-07
 3.98719e-07
 3.55697e-07
 3.18963e-07
 2.87406e-07
 2.60138e-07
 2.36445e-07
 2.15749e-07
 1.97579e-07
 1.81552e-07
 1.67352e-07
 1.54718e-07
 1.43433e-07
 1.33315e-07
 1.21082e-06
 1.01232e-06
 8.54417e-07
 7.28109e-07
 6.26229e-07
 5.43274e-07
 4.75078e-07
 4.18488e-07
 3.71109e-07
 3.31109e-07
 2.97074e-07
 2.67903e-07
 2.42734e-07
 2.20880e-07
 2.01796e-07
 1.85039e-07
 1.70253e-07
 1.57145e-07
 1.45473e-07
 1.35037e-07
 1.38270e-06
 1.12738e-06
 9.33473e-07
 7.83750e-07
 6.66245e-07
 5.72613e-07
 4.96960e-07
 4.35059e-07
 3.83829e-07
 3.40992e-07
 3.04836e-07
 2.74059e-07
 2.47659e-07
 2.24852e-07
 2.05022e-07
 1.87676e-07
 1.72422e-07
 1.58937e-07
 1.46961e-07
 1.36279e-07
 1.54256e-06
 1.22913e-06
 1.00068e-06
 8.29549e-07
 6.98297e-07
 5.95560e-07
 5.13711e-07
 4.47495e-07
 3.93197e-07
 3.48139e-07
 3.10350e-07
 2.78355e-07
 2.51034e-07
 2.27524e-07
 2.07150e-07
 1.89381e-07
 1.73794e-07
 1.60045e-07
 1.47859e-07
 1.37008e-07
 1.66754e-06
 1.30466e-06
 1.04849e-06
 8.60958e-07
 7.19555e-07
 6.10301e-07
 5.24139e-07
 4.54993e-07
 3.98661e-07
 3.52164e-07
 3.13341e-07
 2.80591e-07
 2.52713e-07
 2.28786e-07
 2.08099e-07
 1.90092e-07
 1.74322e-07
 1.60433e-07
 1.48139e-07
 1.37204e-07
 1.73422e-06
 1.34200e-06
 1.07044e-06
 8.74281e-07
 7.27813e-07
 6.15471e-07
 5.27371e-07
 4.56981e-07
 3.99837e-07
 3.52804e-07
 3.13623e-07
 2.80636e-07
 2.52600e-07
 2.28570e-07
 2.07817e-07
 1.89769e-07
 1.73977e-07
 1.60079e-07
 1.47783e-07
 1.36852e-07
 1.72734e-06
 1.33403e-06
 1.06287e-06
 8.67541e-07
 7.21944e-07
 6.10400e-07
 5.22996e-07
 4.53199e-07
 3.96558e-07
 3.49948e-07
 3.11125e-07
 2.78441e-07
 2.50662e-07
 2.26853e-07
 2.06288e-07
 1.88404e-07
 1.72753e-07
 1.58977e-07
 1.46788e-07
 1.35950e-07
 1.64693e-06
 1.28104e-06
 1.02611e-06
 8.40998e-07
 7.02150e-07
 5.95247e-07
 5.11137e-07
 4.43744e-07
 3.88898e-07
 3.43656e-07
 3.05893e-07
 2.74044e-07
 2.46932e-07
 2.23660e-07
 2.03535e-07
 1.86013e-07
 1.70663e-07
 1.57140e-07
 1.45164e-07
 1.34509e-07
 1.50800e-06
 1.19064e-06
 9.64327e-07
 7.97086e-07
 6.69933e-07
 5.70975e-07
 4.92437e-07
 4.29057e-07
 3.77170e-07
 3.34153e-07
 2.98094e-07
 2.67570e-07
 2.41502e-07
 2.19065e-07
 1.99614e-07
 1.82641e-07
 1.67744e-07
 1.54597e-07
 1.42936e-07
 1.32546e-07
 1.33341e-06
 1.07486e-06
 8.84281e-07
 7.39825e-07
 6.27786e-07
 5.39192e-07
 4.67965e-07
 4.09871e-07
 3.61886e-07
 3.21807e-07
 2.87996e-07
 2.59218e-07
 2.34525e-07
 2.13183e-07
 1.94614e-07
 1.78359e-07
 1.64051e-07
 1.51392e-07
 1.40139e-07
 1.30091e-07
 1.14582e-06
 9.46617e-07
 7.93652e-07
 6.73953e-07
 5.78735e-07
 5.01889e-07
 4.39068e-07
 3.87117e-07
 3.43708e-07
 3.07094e-07
 2.75949e-07
 2.49248e-07
 2.26196e-07
 2.06164e-07
 1.88652e-07
 1.73258e-07
 1.59658e-07
 1.47585e-07
 1.36820e-07
 1.27183e-07
 9.62896e-07
 8.17045e-07
 6.99560e-07
 6.04109e-07
 5.25867e-07
 4.61164e-07
 4.07199e-07
 3.61822e-07
 3.23372e-07
 2.90554e-07
 2.62352e-07
 2.37963e-07
 2.16746e-07
 1.98186e-07
 1.81867e-07
 1.67447e-07
 1.54650e-07
 1.43243e-07
 1.33035e-07
 1.23867e-07
 7.95998e-07
 6.94257e-07
 6.07680e-07
 5.34252e-07
 4.71959e-07
 4.18983e-07
 3.73768e-07
 3.35010e-07
 3.01630e-07
 2.72744e-07
 2.47626e-07
 2.25681e-07
 2.06420e-07
 1.89440e-07
 1.74408e-07
 1.61045e-07
 1.49122e-07
 1.38443e-07
 1.28846e-07
 1.20193e-07
 6.50729e-07
 5.83182e-07
 5.21928e-07
 4.67371e-07
 4.19251e-07
 3.77018e-07
 3.40023e-07
 3.07616e-07
 2.79190e-07
 2.54204e-07
 2.32185e-07
 2.12724e-07
 1.95469e-07
 1.80124e-07
 1.66432e-07
 1.54177e-07
 1.43175e-07
 1.33268e-07
 1.24320e-07
 1.16217e-07
 5.28413e-07
 4.86053e-07
 4.44565e-07
 4.05440e-07
 3.69369e-07
 3.36566e-07
 3.06985e-07
 2.80439e-07
 2.56675e-07
 2.35423e-07
 2.16413e-07
 1.99393e-07
 1.84134e-07
 1.70428e-07
 1.58093e-07
 1.46968e-07
 1.36911e-07
 1.27799e-07
 1.19525e-07
 1.11994e-07
 4.27725e-07
 4.03169e-07
 3.76512e-07
 3.49542e-07
 3.23346e-07
 2.98537e-07
 2.75422e-07
 2.54112e-07
 2.34602e-07
 2.16817e-07
 2.00647e-07
 1.85963e-07
 1.72635e-07
 1.60534e-07
 1.49538e-07
 1.39537e-07
 1.30428e-07
 1.22119e-07
 1.14528e-07
 1.07582e-07
 3.46029e-07
 3.33633e-07
 3.17749e-07
 3.00058e-07
 2.81717e-07
 2.63489e-07
 2.45856e-07
 2.29101e-07
 2.13371e-07
 1.98727e-07
 1.85171e-07
 1.72669e-07
 1.61168e-07
 1.50602e-07
 1.40902e-07
 1.31996e-07
 1.23819e-07
 1.16305e-07
 1.09395e-07
 1.03034e-07
