scalar
part
         1
quad4
 4.24209e-07
 4.01021e-07
 3.75553e-07
 3.49538e-07
 3.24071e-07
 2.99798e-07
 2.77061e-07
 2.56006e-07
 2.36656e-07
 2.18959e-07
 2.02823e-07
 1.88135e-07
 1.74774e-07
 1.62620e-07
 1.51559e-07
 1.41484e-07
 1.32295e-07
 1.23905e-07
 1.16232e-07
 1.09205e-07
 5.15336e-07
 4.77003e-07
 4.38554e-07
 4.01677e-07
 3.67246e-07
 3.35631e-07
 3.06901e-07
 2.80956e-07
 2.57610e-07
 2.36641e-07
 2.17815e-07
 2.00907e-07
 1.85707e-07
 1.72023e-07
 1.59681e-07
 1.48531e-07
 1.38435e-07
 1.29276e-07
 1.20949e-07
 1.13363e-07
 6.25980e-07
 5.66128e-07
 5.10292e-07
 4.59554e-07
 4.14136e-07
 3.73822e-07
 3.38190e-07
 3.06751e-07
 2.79011e-07
 2.54507e-07
 2.32822e-07
 2.13587e-07
 1.96483e-07
 1.81230e-07
 1.67590e-07
 1.55358e-07
 1.44357e-07
 1.34436e-07
 1.25464e-07
 1.17329e-07
 7.58015e-07
 6.68573e-07
 5.90207e-07
 5.22354e-07
 4.63899e-07
 4.13597e-07
 3.70260e-07
 3.32829e-07
 3.00392e-07
 2.72175e-07
 2.47532e-07
 2.25921e-07
 2.06894e-07
 1.90073e-07
 1.75147e-07
 1.61852e-07
 1.49967e-07
 1.39306e-07
 1.29712e-07
 1.21051e-07
 9.11328e-07
 7.82922e-07
 6.76589e-07
 5.88470e-07
 5.15158e-07
 4.53828e-07
 4.02205e-07
 3.58473e-07
 3.21186e-07
 2.89198e-07
 2.61590e-07
 2.37627e-07
 2.16715e-07
 1.98373e-07
 1.82206e-07
 1.67894e-07
 1.55168e-07
 1.43808e-07
 1.33628e-07
 1.24474e-07
 1.08222e-06
 9.05388e-07
 7.66223e-07
 6.55355e-07
 5.65954e-07
 4.93028e-07
 4.32898e-07
 3.82824e-07
 3.40740e-07
 3.05074e-07
 2.74610e-07
 2.48403e-07
 2.25711e-07
 2.05941e-07
 1.88620e-07
 1.73365e-07
 1.59865e-07
 1.47864e-07
 1.37149e-07
 1.27546e-07
 1.26173e-06
 1.02922e-06
 8.54228e-07
 7.19524e-07
 6.13798e-07
 5.29405e-07
 4.61040e-07
 4.04932e-07
 3.58350e-07
 3.19275e-07
 2.86191e-07
 2.57945e-07
 2.33645e-07
 2.12594e-07
 1.94243e-07
 1.78152e-07
 1.63967e-07
 1.51400e-07
 1.40215e-07
 1.30219e-07
 1.43487e-06
 1.14470e-06
 9.34257e-07
 7.76764e-07
 6.55845e-07
 5.61003e-07
 4.85260e-07
 4.23821e-07
 3.73308e-07
 3.31282e-07
 2.95948e-07
 2.65960e-07
 2.40295e-07
 2.18161e-07
 1.98942e-07
 1.82148e-07
 1.67389e-07
 1.54349e-07
 1.42772e-07
 1.32447e-07
 1.58171e-06
 1.24015e-06
 9.99206e-07
 8.22610e-07
 6.89199e-07
 5.85896e-07
 5.04245e-07
 4.38576e-07
 3.84965e-07
 3.40626e-07
 3.03535e-07
 2.72191e-07
 2.45466e-07
 2.22493e-07
 2.02602e-07
 1.85264e-07
 1.70060e-07
 1.56655e-07
 1.44774e-07
 1.34195e-07
 1.68109e-06
 1.30402e-06
 1.04240e-06
 8.53027e-07
 7.11327e-07
 6.02436e-07
 5.16894e-07
 4.48441e-07
 3.92791e-07
 3.46927e-07
 3.08675e-07
 2.76434e-07
 2.49004e-07
 2.25472e-07
 2.05131e-07
 1.87428e-07
 1.71925e-07
 1.58272e-07
 1.46185e-07
 1.35433e-07
 1.71640e-06
 1.32767e-06
 1.05903e-06
 8.65173e-07
 7.20474e-07
 6.09497e-07
 5.22461e-07
 4.52908e-07
 3.96430e-07
 3.49931e-07
 3.11183e-07
 2.78551e-07
 2.50807e-07
 2.27020e-07
 2.06470e-07
 1.88594e-07
 1.72947e-07
 1.59172e-07
 1.46982e-07
 1.36142e-07
 1.68149e-06
 1.30793e-06
 1.04733e-06
 8.58003e-07
 7.15986e-07
 6.06656e-07
 5.20660e-07
 4.51778e-07
 3.95741e-07
 3.49536e-07
 3.10985e-07
 2.78485e-07
 2.50830e-07
 2.27102e-07
 2.06591e-07
 1.88740e-07
 1.73107e-07
 1.59340e-07
 1.47153e-07
 1.36313e-07
 1.58349e-06
 1.24825e-06
 1.00909e-06
 8.32514e-07
 6.98444e-07
 5.94261e-07
 5.11706e-07
 4.45189e-07
 3.90814e-07
 3.45800e-07
 3.08119e-07
 2.76263e-07
 2.49092e-07
 2.25732e-07
 2.05504e-07
 1.87872e-07
 1.72411e-07
 1.58780e-07
 1.46700e-07
 1.35946e-07
 1.44023e-06
 1.15764e-06
 9.49219e-07
 7.91518e-07
 6.69535e-07
 5.73366e-07
 4.96280e-07
 4.33591e-07
 3.81954e-07
 3.38936e-07
 3.02735e-07
 2.71992e-07
 2.45671e-07
 2.22967e-07
 2.03251e-07
 1.86023e-07
 1.70883e-07
 1.57510e-07
 1.45639e-07
 1.35055e-07
 1.27361e-06
 1.04791e-06
 8.74424e-07
 7.39014e-07
 6.31737e-07
 5.45554e-07
 4.75424e-07
 4.17687e-07
 3.69646e-07
 3.29284e-07
 2.95077e-07
 2.65851e-07
 2.40698e-07
 2.18905e-07
 1.99907e-07
 1.83249e-07
 1.68568e-07
 1.55564e-07
 1.43995e-07
 1.33659e-07
 1.10306e-06
 9.30608e-07
 7.91734e-07
 6.79399e-07
 5.87876e-07
 5.12692e-07
 4.50398e-07
 3.98347e-07
 3.54501e-07
 3.17283e-07
 2.85462e-07
 2.58072e-07
 2.34349e-07
 2.13679e-07
 1.95572e-07
 1.79629e-07
 1.65525e-07
 1.52992e-07
 1.41808e-07
 1.31789e-07
 9.42123e-07
 8.14903e-07
 7.07268e-07
 6.16766e-07
 5.40723e-07
 4.76681e-07
 4.22527e-07
 3.76508e-07
 3.37193e-07
 3.03422e-07
 2.74254e-07
 2.48928e-07
 2.26827e-07
 2.07445e-07
 1.90368e-07
 1.75257e-07
 1.61829e-07
 1.49850e-07
 1.39123e-07
 1.29484e-07
 7.98142e-07
 7.06860e-07
 6.25599e-07
 5.54451e-07
 4.92685e-07
 4.39257e-07
 3.93071e-07
 3.53092e-07
 3.18402e-07
 2.88208e-07
 2.61832e-07
 2.38707e-07
 2.18355e-07
 2.00374e-07
 1.84429e-07
 1.70239e-07
 1.57565e-07
 1.46207e-07
 1.35995e-07
 1.26786e-07
 6.73722e-07
 6.09704e-07
 5.49663e-07
 4.94859e-07
 4.45643e-07
 4.01865e-07
 3.63128e-07
 3.28933e-07
 2.98764e-07
 2.72127e-07
 2.48573e-07
 2.27700e-07
 2.09159e-07
 1.92645e-07
 1.77895e-07
 1.64685e-07
 1.52820e-07
 1.42134e-07
 1.32483e-07
 1.23743e-07
 5.68527e-07
 5.24543e-07
 4.80995e-07
 4.39505e-07
 4.00926e-07
 3.65606e-07
 3.33587e-07
 3.04739e-07
 2.78837e-07
 2.55622e-07
 2.34823e-07
 2.16182e-07
 1.99458e-07
 1.84431e-07
 1.70906e-07
 1.58709e-07
 1.47687e-07
 1.37705e-07
 1.28646e-07
 1.20406e-07
