scalar
part
         1
quad4
 6.49467e-07
 5.94343e-07
 5.40943e-07
 4.90914e-07
 4.45031e-07
 4.03514e-07
 3.66260e-07
 3.32996e-07
 3.03369e-07
 2.77007e-07
 2.53543e-07
 2.32638e-07
 2.13983e-07
 1.97304e-07
 1.82360e-07
 1.68938e-07
 1.56856e-07
 1.45952e-07
 1.36089e-07
 1.27145e-07
 7.63974e-07
 6.85849e-07
 6.13773e-07
 5.48869e-07
 4.91258e-07
 4.40535e-07
 3.96060e-07
 3.57118e-07
 3.23012e-07
 2.93099e-07
 2.66804e-07
 2.43630e-07
 2.23146e-07
 2.04984e-07
 1.88829e-07
 1.74416e-07
 1.61515e-07
 1.49933e-07
 1.39504e-07
 1.30087e-07
 8.98080e-07
 7.89052e-07
 6.93261e-07
 6.10351e-07
 5.39109e-07
 4.78052e-07
 4.25704e-07
 3.80729e-07
 3.41966e-07
 3.08429e-07
 2.79296e-07
 2.53879e-07
 2.31611e-07
 2.12018e-07
 1.94710e-07
 1.79358e-07
 1.65691e-07
 1.53478e-07
 1.42528e-07
 1.32676e-07
 1.05133e-06
 9.02117e-07
 7.77295e-07
 6.73419e-07
 5.86956e-07
 5.14752e-07
 4.54161e-07
 4.03025e-07
 3.59607e-07
 3.22517e-07
 2.90643e-07
 2.63093e-07
 2.39148e-07
 2.18227e-07
 1.99857e-07
 1.83651e-07
 1.69291e-07
 1.56513e-07
 1.45099e-07
 1.34864e-07
 1.21967e-06
 1.02072e-06
 8.62171e-07
 7.35157e-07
 6.32582e-07
 5.48981e-07
 4.80200e-07
 4.23089e-07
 3.75250e-07
 3.34845e-07
 3.00454e-07
 2.70971e-07
 2.45527e-07
 2.23430e-07
 2.04131e-07
 1.87185e-07
 1.72229e-07
 1.58970e-07
 1.47163e-07
 1.36606e-07
 1.39345e-06
 1.13730e-06
 9.42402e-07
 7.91686e-07
 6.73266e-07
 5.78822e-07
 5.02461e-07
 4.39947e-07
 3.88189e-07
 3.44896e-07
 3.08346e-07
 2.77228e-07
 2.50530e-07
 2.27464e-07
 2.07405e-07
 1.89860e-07
 1.74427e-07
 1.60785e-07
 1.48669e-07
 1.37861e-07
 1.55598e-06
 1.24098e-06
 1.01097e-06
 8.38450e-07
 7.06008e-07
 6.02265e-07
 5.19573e-07
 4.52648e-07
 3.97753e-07
 3.52189e-07
 3.13970e-07
 2.81606e-07
 2.53968e-07
 2.30183e-07
 2.09569e-07
 1.91591e-07
 1.75820e-07
 1.61909e-07
 1.49578e-07
 1.38599e-07
 1.68445e-06
 1.31874e-06
 1.06024e-06
 8.70832e-07
 7.27924e-07
 6.17460e-07
 5.30318e-07
 4.60370e-07
 4.03377e-07
 3.56330e-07
 3.17043e-07
 2.83902e-07
 2.55689e-07
 2.31475e-07
 2.10540e-07
 1.92316e-07
 1.76357e-07
 1.62303e-07
 1.49861e-07
 1.38795e-07
 1.75504e-06
 1.35837e-06
 1.08357e-06
 8.85020e-07
 7.36738e-07
 6.22995e-07
 5.33793e-07
 4.62521e-07
 4.04663e-07
 3.57043e-07
 3.17375e-07
 2.83979e-07
 2.55597e-07
 2.31271e-07
 2.10263e-07
 1.91996e-07
 1.76011e-07
 1.61944e-07
 1.49500e-07
 1.38437e-07
 1.75157e-06
 1.35223e-06
 1.07705e-06
 8.78896e-07
 7.31241e-07
 6.18151e-07
 5.29556e-07
 4.58823e-07
 4.01432e-07
 3.54212e-07
 3.14887e-07
 2.81785e-07
 2.53654e-07
 2.29545e-07
 2.08724e-07
 1.90618e-07
 1.74773e-07
 1.60829e-07
 1.48491e-07
 1.37523e-07
 1.67291e-06
 1.30014e-06
 1.04076e-06
 8.52592e-07
 7.11564e-07
 6.03046e-07
 5.17708e-07
 4.49357e-07
 3.93749e-07
 3.47891e-07
 3.09624e-07
 2.77356e-07
 2.49892e-07
 2.26322e-07
 2.05941e-07
 1.88199e-07
 1.72658e-07
 1.58968e-07
 1.46845e-07
 1.36060e-07
 1.53344e-06
 1.20940e-06
 9.78714e-07
 8.08471e-07
 6.79171e-07
 5.78624e-07
 4.98878e-07
 4.34557e-07
 3.81922e-07
 3.38302e-07
 3.01749e-07
 2.70814e-07
 2.44403e-07
 2.21673e-07
 2.01972e-07
 1.84785e-07
 1.69701e-07
 1.56390e-07
 1.44586e-07
 1.34069e-07
 1.35627e-06
 1.09212e-06
 8.97719e-07
 7.50567e-07
 6.36563e-07
 5.46496e-07
 4.74139e-07
 4.15159e-07
 3.66467e-07
 3.25815e-07
 2.91532e-07
 2.62362e-07
 2.37339e-07
 2.15717e-07
 1.96908e-07
 1.80446e-07
 1.65958e-07
 1.53142e-07
 1.41750e-07
 1.31579e-07
 1.16489e-06
 9.61587e-07
 8.05624e-07
 6.83705e-07
 5.86814e-07
 5.08682e-07
 4.44856e-07
 3.92105e-07
 3.48051e-07
 3.10910e-07
 2.79327e-07
 2.52261e-07
 2.28900e-07
 2.08604e-07
 1.90865e-07
 1.75275e-07
 1.61504e-07
 1.49280e-07
 1.38383e-07
 1.28629e-07
 9.77895e-07
 8.29395e-07
 7.09787e-07
 6.12656e-07
 5.33085e-07
 4.67324e-07
 4.12509e-07
 3.66441e-07
 3.27423e-07
 2.94135e-07
 2.65539e-07
 2.40818e-07
 2.19318e-07
 2.00514e-07
 1.83985e-07
 1.69382e-07
 1.56424e-07
 1.44876e-07
 1.34544e-07
 1.25264e-07
 8.07247e-07
 7.04032e-07
 6.16106e-07
 5.41513e-07
 4.78237e-07
 4.24440e-07
 3.78541e-07
 3.39211e-07
 3.05351e-07
 2.76059e-07
 2.50597e-07
 2.28357e-07
 2.08842e-07
 1.91643e-07
 1.76418e-07
 1.62888e-07
 1.50817e-07
 1.40007e-07
 1.30294e-07
 1.21537e-07
 6.58848e-07
 5.90657e-07
 5.28662e-07
 4.73374e-07
 4.24581e-07
 3.81751e-07
 3.44234e-07
 3.11374e-07
 2.82557e-07
 2.57233e-07
 2.34921e-07
 2.15205e-07
 1.97729e-07
 1.82189e-07
 1.68325e-07
 1.55920e-07
 1.44783e-07
 1.34756e-07
 1.25702e-07
 1.17503e-07
 5.34078e-07
 4.91604e-07
 4.49806e-07
 4.10287e-07
 3.73800e-07
 3.40594e-07
 3.10637e-07
 2.83750e-07
 2.59681e-07
 2.38156e-07
 2.18905e-07
 2.01671e-07
 1.86222e-07
 1.72348e-07
 1.59863e-07
 1.48603e-07
 1.38427e-07
 1.29207e-07
 1.20836e-07
 1.13218e-07
 4.31539e-07
 4.07178e-07
 3.80495e-07
 3.53373e-07
 3.26960e-07
 3.01906e-07
 2.78540e-07
 2.56988e-07
 2.37251e-07
 2.19256e-07
 2.02893e-07
 1.88035e-07
 1.74549e-07
 1.62304e-07
 1.51180e-07
 1.41062e-07
 1.31848e-07
 1.23443e-07
 1.15766e-07
 1.08741e-07
 3.48485e-07
 3.36442e-07
 3.20705e-07
 3.03026e-07
 2.84613e-07
 2.66263e-07
 2.48482e-07
 2.31567e-07
 2.15678e-07
 2.00879e-07
 1.87175e-07
 1.74536e-07
 1.62907e-07
 1.52223e-07
 1.42414e-07
 1.33410e-07
 1.25141e-07
 1.17544e-07
 1.10558e-07
 1.04127e-07
