scalar
part
         1
quad4
 6.33013e-07
 5.79584e-07
 5.27735e-07
 4.79109e-07
 4.34483e-07
 3.94083e-07
 3.57818e-07
 3.25425e-07
 2.96566e-07
 2.70879e-07
 2.48009e-07
 2.27626e-07
 2.09433e-07
 1.93161e-07
 1.78578e-07
 1.65477e-07
 1.53679e-07
 1.43030e-07
 1.33394e-07
 1.24654e-07
 7.45795e-07
 6.69740e-07
 5.99522e-07
 5.36268e-07
 4.80110e-07
 4.30657e-07
 3.87288e-07
 3.49308e-07
 3.16039e-07
 2.86852e-07
 2.61191e-07
 2.38569e-07
 2.18569e-07
 2.00830e-07
 1.85049e-07
 1.70965e-07
 1.58356e-07
 1.47033e-07
 1.36834e-07
 1.27623e-07
 8.78039e-07
 7.71531e-07
 6.77956e-07
 5.96975e-07
 5.27400e-07
 4.67774e-07
 4.16653e-07
 3.72730e-07
 3.34869e-07
 3.02108e-07
 2.73642e-07
 2.48804e-07
 2.27037e-07
 2.07881e-07
 1.90955e-07
 1.75939e-07
 1.62567e-07
 1.50615e-07
 1.39897e-07
 1.30252e-07
 1.02931e-06
 8.83151e-07
 7.60960e-07
 6.59325e-07
 5.74756e-07
 5.04149e-07
 4.44904e-07
 3.94903e-07
 3.52446e-07
 3.16173e-07
 2.84996e-07
 2.58043e-07
 2.34612e-07
 2.14136e-07
 1.96153e-07
 1.80285e-07
 1.66222e-07
 1.53705e-07
 1.42521e-07
 1.32492e-07
 1.19558e-06
 1.00033e-06
 8.44884e-07
 7.20449e-07
 6.20003e-07
 5.38160e-07
 4.70833e-07
 4.14929e-07
 3.68099e-07
 3.28541e-07
 2.94866e-07
 2.65992e-07
 2.41067e-07
 2.19419e-07
 2.00507e-07
 1.83896e-07
 1.69235e-07
 1.56233e-07
 1.44653e-07
 1.34298e-07
 1.36725e-06
 1.11558e-06
 9.24320e-07
 7.76533e-07
 6.60467e-07
 5.67923e-07
 4.93104e-07
 4.31851e-07
 3.81132e-07
 3.38703e-07
 3.02876e-07
 2.72368e-07
 2.46188e-07
 2.23565e-07
 2.03888e-07
 1.86673e-07
 1.71528e-07
 1.58138e-07
 1.46243e-07
 1.35631e-07
 1.52774e-06
 1.21817e-06
 9.92365e-07
 8.23107e-07
 6.93208e-07
 5.91470e-07
 5.10375e-07
 4.44735e-07
 3.90888e-07
 3.46185e-07
 3.08681e-07
 2.76918e-07
 2.49786e-07
 2.26432e-07
 2.06189e-07
 1.88531e-07
 1.73036e-07
 1.59368e-07
 1.47251e-07
 1.36459e-07
 1.65456e-06
 1.29532e-06
 1.04155e-06
 8.55653e-07
 7.15404e-07
 6.06987e-07
 5.21447e-07
 4.52773e-07
 3.96807e-07
 3.50597e-07
 3.12003e-07
 2.79438e-07
 2.51711e-07
 2.27909e-07
 2.07326e-07
 1.89407e-07
 1.73711e-07
 1.59886e-07
 1.47646e-07
 1.36758e-07
 1.72453e-06
 1.33517e-06
 1.06541e-06
 8.70459e-07
 7.24830e-07
 6.13089e-07
 5.25434e-07
 4.55380e-07
 3.98496e-07
 3.51666e-07
 3.12648e-07
 2.79792e-07
 2.51864e-07
 2.27923e-07
 2.07244e-07
 1.89260e-07
 1.73521e-07
 1.59668e-07
 1.47411e-07
 1.36515e-07
 1.72232e-06
 1.33045e-06
 1.06020e-06
 8.65477e-07
 7.20305e-07
 6.09069e-07
 5.21895e-07
 4.52275e-07
 3.95771e-07
 3.49270e-07
 3.10536e-07
 2.77924e-07
 2.50206e-07
 2.26446e-07
 2.05924e-07
 1.88076e-07
 1.72456e-07
 1.58707e-07
 1.46542e-07
 1.35725e-07
 1.64738e-06
 1.28114e-06
 1.02604e-06
 8.40836e-07
 7.01948e-07
 5.95028e-07
 5.10915e-07
 4.43526e-07
 3.88687e-07
 3.43455e-07
 3.05702e-07
 2.73864e-07
 2.46762e-07
 2.23500e-07
 2.03384e-07
 1.85871e-07
 1.70529e-07
 1.57014e-07
 1.45045e-07
 1.34396e-07
 1.51377e-06
 1.19436e-06
 9.66818e-07
 7.98812e-07
 6.71160e-07
 5.71864e-07
 4.93091e-07
 4.29544e-07
 3.77535e-07
 3.34428e-07
 2.98302e-07
 2.67726e-07
 2.41620e-07
 2.19152e-07
 1.99677e-07
 1.82686e-07
 1.67774e-07
 1.54615e-07
 1.42945e-07
 1.32547e-07
 1.34352e-06
 1.08167e-06
 8.89051e-07
 7.43269e-07
 6.30337e-07
 5.41121e-07
 4.69451e-07
 4.11032e-07
 3.62806e-07
 3.22543e-07
 2.88591e-07
 2.59703e-07
 2.34923e-07
 2.13511e-07
 1.94887e-07
 1.78587e-07
 1.64242e-07
 1.51553e-07
 1.40274e-07
 1.30205e-07
 1.15882e-06
 9.55731e-07
 8.00232e-07
 6.78827e-07
 5.82425e-07
 5.04737e-07
 4.41302e-07
 3.88895e-07
 3.45140e-07
 3.08261e-07
 2.76909e-07
 2.50045e-07
 2.26862e-07
 2.06725e-07
 1.89127e-07
 1.73663e-07
 1.60005e-07
 1.47883e-07
 1.37078e-07
 1.27407e-07
 9.77398e-07
 8.27603e-07
 7.07412e-07
 6.10065e-07
 5.30467e-07
 4.64774e-07
 4.10072e-07
 3.64139e-07
 3.25260e-07
 2.92109e-07
 2.63645e-07
 2.39047e-07
 2.17662e-07
 1.98965e-07
 1.82533e-07
 1.68021e-07
 1.55145e-07
 1.43673e-07
 1.33411e-07
 1.24196e-07
 8.10889e-07
 7.05502e-07
 6.16290e-07
 5.40939e-07
 4.77223e-07
 4.23182e-07
 3.77157e-07
 3.37774e-07
 3.03908e-07
 2.74639e-07
 2.49215e-07
 2.27024e-07
 2.07563e-07
 1.90419e-07
 1.75251e-07
 1.61776e-07
 1.49757e-07
 1.38999e-07
 1.29334e-07
 1.20623e-07
 6.65263e-07
 5.94533e-07
 5.30865e-07
 4.74472e-07
 4.24949e-07
 3.81636e-07
 3.43801e-07
 3.10735e-07
 2.81787e-07
 2.56383e-07
 2.34028e-07
 2.14292e-07
 1.96813e-07
 1.81282e-07
 1.67435e-07
 1.55051e-07
 1.43939e-07
 1.33939e-07
 1.24913e-07
 1.16742e-07
 5.42156e-07
 4.97116e-07
 4.53500e-07
 4.12696e-07
 3.75299e-07
 3.41448e-07
 3.11034e-07
 2.83820e-07
 2.59519e-07
 2.37831e-07
 2.18465e-07
 2.01153e-07
 1.85651e-07
 1.71743e-07
 1.59238e-07
 1.47970e-07
 1.37792e-07
 1.28577e-07
 1.20214e-07
 1.12607e-07
 4.40466e-07
 4.13700e-07
 3.85217e-07
 3.56755e-07
 3.29346e-07
 3.03551e-07
 2.79635e-07
 2.57671e-07
 2.37626e-07
 2.19401e-07
 2.02866e-07
 1.87879e-07
 1.74297e-07
 1.61982e-07
 1.50807e-07
 1.40652e-07
 1.31413e-07
 1.22992e-07
 1.15305e-07
 1.08275e-07
 3.57701e-07
 3.43504e-07
 3.26079e-07
 3.07088e-07
 2.87660e-07
 2.68529e-07
 2.50144e-07
 2.32763e-07
 2.16514e-07
 2.01435e-07
 1.87515e-07
 1.74708e-07
 1.62948e-07
 1.52162e-07
 1.42275e-07
 1.33210e-07
 1.24895e-07
 1.17263e-07
 1.10250e-07
 1.03800e-07
