scalar
part
         1
quad4
 6.40976e-07
 5.86891e-07
 5.34427e-07
 4.85224e-07
 4.40059e-07
 3.99160e-07
 3.62438e-07
 3.29629e-07
 3.00393e-07
 2.74366e-07
 2.51190e-07
 2.30533e-07
 2.12093e-07
 1.95601e-07
 1.80819e-07
 1.67540e-07
 1.55583e-07
 1.44789e-07
 1.35023e-07
 1.26165e-07
 7.54312e-07
 6.77540e-07
 6.06638e-07
 5.42737e-07
 4.85974e-07
 4.35964e-07
 3.92088e-07
 3.53651e-07
 3.19970e-07
 2.90416e-07
 2.64428e-07
 2.41515e-07
 2.21254e-07
 2.03285e-07
 1.87298e-07
 1.73029e-07
 1.60255e-07
 1.48785e-07
 1.38454e-07
 1.29123e-07
 8.87121e-07
 7.79845e-07
 6.85513e-07
 6.03806e-07
 5.33551e-07
 4.73302e-07
 4.21620e-07
 3.77195e-07
 3.38888e-07
 3.05732e-07
 2.76918e-07
 2.51772e-07
 2.29734e-07
 2.10338e-07
 1.93199e-07
 1.77993e-07
 1.64453e-07
 1.52352e-07
 1.41499e-07
 1.31734e-07
 1.03899e-06
 8.92024e-07
 7.68987e-07
 6.66527e-07
 5.81189e-07
 5.09885e-07
 4.50017e-07
 3.99468e-07
 3.56530e-07
 3.19836e-07
 2.88290e-07
 2.61016e-07
 2.37303e-07
 2.16580e-07
 1.98379e-07
 1.82319e-07
 1.68085e-07
 1.55417e-07
 1.44099e-07
 1.33948e-07
 1.20599e-06
 1.00984e-06
 8.53422e-07
 7.28030e-07
 6.26705e-07
 5.44077e-07
 4.76063e-07
 4.19563e-07
 3.72218e-07
 3.32215e-07
 2.98155e-07
 2.68948e-07
 2.43734e-07
 2.21833e-07
 2.02700e-07
 1.85896e-07
 1.71063e-07
 1.57911e-07
 1.46197e-07
 1.35722e-07
 1.37865e-06
 1.12588e-06
 9.33419e-07
 7.84491e-07
 6.67409e-07
 5.73982e-07
 4.98409e-07
 4.36514e-07
 3.85249e-07
 3.42355e-07
 3.06131e-07
 2.75282e-07
 2.48809e-07
 2.25931e-07
 2.06034e-07
 1.88625e-07
 1.73311e-07
 1.59771e-07
 1.47744e-07
 1.37015e-07
 1.54056e-06
 1.22941e-06
 1.00205e-06
 8.31408e-07
 7.00332e-07
 5.97610e-07
 5.15696e-07
 4.49375e-07
 3.94958e-07
 3.49777e-07
 3.11870e-07
 2.79763e-07
 2.52338e-07
 2.28731e-07
 2.08270e-07
 1.90422e-07
 1.74761e-07
 1.60947e-07
 1.48701e-07
 1.37795e-07
 1.66927e-06
 1.30760e-06
 1.05177e-06
 8.64201e-07
 7.22611e-07
 6.13117e-07
 5.26707e-07
 4.57325e-07
 4.00777e-07
 3.54086e-07
 3.15088e-07
 2.82184e-07
 2.54169e-07
 2.30120e-07
 2.09325e-07
 1.91222e-07
 1.75366e-07
 1.61400e-07
 1.49037e-07
 1.38039e-07
 1.74121e-06
 1.34832e-06
 1.07596e-06
 8.79069e-07
 7.31966e-07
 6.19087e-07
 5.30537e-07
 4.59768e-07
 4.02306e-07
 3.55003e-07
 3.15593e-07
 2.82408e-07
 2.54203e-07
 2.30026e-07
 2.09144e-07
 1.90985e-07
 1.75094e-07
 1.61108e-07
 1.48734e-07
 1.37733e-07
 1.74023e-06
 1.34390e-06
 1.07068e-06
 8.73861e-07
 7.27165e-07
 6.14785e-07
 5.26729e-07
 4.56416e-07
 3.99357e-07
 3.52406e-07
 3.13300e-07
 2.80380e-07
 2.52401e-07
 2.28421e-07
 2.07709e-07
 1.89698e-07
 1.73936e-07
 1.60062e-07
 1.47788e-07
 1.36874e-07
 1.66483e-06
 1.29396e-06
 1.03588e-06
 8.48636e-07
 7.08293e-07
 6.00296e-07
 5.15362e-07
 4.47333e-07
 3.91985e-07
 3.46340e-07
 3.08249e-07
 2.76129e-07
 2.48790e-07
 2.25327e-07
 2.05039e-07
 1.87376e-07
 1.71905e-07
 1.58276e-07
 1.46208e-07
 1.35470e-07
 1.52880e-06
 1.20549e-06
 9.75413e-07
 8.05658e-07
 6.76751e-07
 5.76525e-07
 4.97041e-07
 4.32939e-07
 3.80486e-07
 3.37020e-07
 3.00597e-07
 2.69775e-07
 2.43460e-07
 2.20814e-07
 2.01187e-07
 1.84063e-07
 1.69036e-07
 1.55776e-07
 1.44017e-07
 1.33540e-07
 1.35466e-06
 1.09031e-06
 8.95919e-07
 7.48859e-07
 6.34979e-07
 5.45042e-07
 4.72811e-07
 4.13948e-07
 3.65362e-07
 3.24804e-07
 2.90607e-07
 2.61512e-07
 2.36557e-07
 2.14996e-07
 1.96241e-07
 1.79828e-07
 1.65384e-07
 1.52607e-07
 1.41250e-07
 1.31112e-07
 1.16560e-06
 9.61501e-07
 8.05119e-07
 6.82986e-07
 5.85997e-07
 5.07833e-07
 4.44011e-07
 3.91285e-07
 3.47266e-07
 3.10165e-07
 2.78625e-07
 2.51600e-07
 2.28279e-07
 2.08021e-07
 1.90317e-07
 1.74761e-07
 1.61020e-07
 1.48825e-07
 1.37954e-07
 1.28224e-07
 9.80154e-07
 8.30585e-07
 7.10309e-07
 6.12762e-07
 5.32933e-07
 4.67013e-07
 4.12104e-07
 3.65984e-07
 3.26940e-07
 2.93643e-07
 2.65050e-07
 2.40338e-07
 2.18852e-07
 2.00065e-07
 1.83553e-07
 1.68969e-07
 1.56030e-07
 1.44500e-07
 1.34185e-07
 1.24922e-07
 8.10427e-07
 7.06083e-07
 6.17384e-07
 5.42264e-07
 4.78628e-07
 4.24586e-07
 3.78520e-07
 3.39076e-07
 3.05141e-07
 2.75800e-07
 2.50306e-07
 2.28049e-07
 2.08525e-07
 1.91322e-07
 1.76099e-07
 1.62574e-07
 1.50509e-07
 1.39708e-07
 1.30004e-07
 1.21256e-07
 6.62490e-07
 5.93233e-07
 5.30456e-07
 4.74600e-07
 4.25396e-07
 3.82268e-07
 3.44535e-07
 3.11518e-07
 2.82588e-07
 2.57183e-07
 2.34812e-07
 2.15054e-07
 1.97549e-07
 1.81989e-07
 1.68113e-07
 1.55699e-07
 1.44559e-07
 1.34531e-07
 1.25477e-07
 1.17281e-07
 5.37878e-07
 4.94454e-07
 4.51922e-07
 4.11842e-07
 3.74928e-07
 3.41400e-07
 3.11199e-07
 2.84127e-07
 2.59918e-07
 2.38288e-07
 2.18957e-07
 2.01663e-07
 1.86168e-07
 1.72260e-07
 1.59749e-07
 1.48471e-07
 1.38281e-07
 1.29052e-07
 1.20675e-07
 1.13053e-07
 4.35309e-07
 4.10130e-07
 3.82786e-07
 3.55137e-07
 3.28307e-07
 3.02927e-07
 2.79306e-07
 2.57554e-07
 2.37661e-07
 2.19543e-07
 2.03085e-07
 1.88152e-07
 1.74607e-07
 1.62317e-07
 1.51157e-07
 1.41012e-07
 1.31776e-07
 1.23355e-07
 1.15665e-07
 1.08630e-07
 3.52116e-07
 3.39383e-07
 3.23066e-07
 3.04908e-07
 2.86103e-07
 2.67437e-07
 2.49400e-07
 2.32281e-07
 2.16227e-07
 2.01296e-07
 1.87487e-07
 1.74763e-07
 1.63065e-07
 1.52327e-07
 1.42474e-07
 1.33434e-07
 1.25137e-07
 1.17517e-07
 1.10513e-07
 1.04067e-07
