scalar
part
         1
quad4
 3.96469e-07
 3.77254e-07
 3.55266e-07
 3.32241e-07
 3.09313e-07
 2.87178e-07
 2.66238e-07
 2.46689e-07
 2.28604e-07
 2.11970e-07
 1.96731e-07
 1.82801e-07
 1.70085e-07
 1.58480e-07
 1.47890e-07
 1.38218e-07
 1.29379e-07
 1.21291e-07
 1.13882e-07
 1.07084e-07
 4.84470e-07
 4.51149e-07
 4.16932e-07
 3.83576e-07
 3.52049e-07
 3.22819e-07
 2.96048e-07
 2.71713e-07
 2.49697e-07
 2.29829e-07
 2.11920e-07
 1.95779e-07
 1.81223e-07
 1.68083e-07
 1.56205e-07
 1.45449e-07
 1.35692e-07
 1.26825e-07
 1.18751e-07
 1.11384e-07
 5.91906e-07
 5.38328e-07
 4.87575e-07
 4.40914e-07
 3.98754e-07
 3.61045e-07
 3.27504e-07
 2.97749e-07
 2.71376e-07
 2.47987e-07
 2.27219e-07
 2.08742e-07
 1.92269e-07
 1.77545e-07
 1.64351e-07
 1.52497e-07
 1.41819e-07
 1.32174e-07
 1.23441e-07
 1.15512e-07
 7.20944e-07
 6.39228e-07
 5.66836e-07
 5.03586e-07
 4.48689e-07
 4.01153e-07
 3.59984e-07
 3.24266e-07
 2.93194e-07
 2.66077e-07
 2.42325e-07
 2.21445e-07
 2.03019e-07
 1.86700e-07
 1.72192e-07
 1.59250e-07
 1.47665e-07
 1.37260e-07
 1.27886e-07
 1.19414e-07
 8.71992e-07
 7.52820e-07
 6.53267e-07
 5.70157e-07
 5.00585e-07
 4.42083e-07
 3.92625e-07
 3.50570e-07
 3.14600e-07
 2.83657e-07
 2.56888e-07
 2.33605e-07
 2.13249e-07
 1.95366e-07
 1.79581e-07
 1.65589e-07
 1.53133e-07
 1.42003e-07
 1.32020e-07
 1.23035e-07
 1.04215e-06
 8.75827e-07
 7.43960e-07
 6.38258e-07
 5.52586e-07
 4.82403e-07
 4.24329e-07
 3.75820e-07
 3.34947e-07
 3.00230e-07
 2.70520e-07
 2.44920e-07
 2.22720e-07
 2.03354e-07
 1.86367e-07
 1.71392e-07
 1.58126e-07
 1.46323e-07
 1.35778e-07
 1.26321e-07
 1.22356e-06
 1.00206e-06
 8.34321e-07
 7.04546e-07
 6.02269e-07
 5.20353e-07
 4.53808e-07
 3.99065e-07
 3.53526e-07
 3.15261e-07
 2.82815e-07
 2.55078e-07
 2.31190e-07
 2.10475e-07
 1.92401e-07
 1.76540e-07
 1.62548e-07
 1.50144e-07
 1.39098e-07
 1.29221e-07
 1.40227e-06
 1.12225e-06
 9.18174e-07
 7.64862e-07
 6.46793e-07
 5.53960e-07
 4.79670e-07
 4.19310e-07
 3.69613e-07
 3.28216e-07
 2.93374e-07
 2.63778e-07
 2.38428e-07
 2.16551e-07
 1.97543e-07
 1.80924e-07
 1.66312e-07
 1.53395e-07
 1.41923e-07
 1.31689e-07
 1.55888e-06
 1.22478e-06
 9.88349e-07
 8.14648e-07
 6.83180e-07
 5.81229e-07
 5.00550e-07
 4.35596e-07
 3.82525e-07
 3.38600e-07
 3.01832e-07
 2.70746e-07
 2.44228e-07
 2.21423e-07
 2.01670e-07
 1.84447e-07
 1.69340e-07
 1.56016e-07
 1.44204e-07
 1.33684e-07
 1.67150e-06
 1.29754e-06
 1.03779e-06
 8.49615e-07
 7.08721e-07
 6.00394e-07
 5.15259e-07
 4.47108e-07
 3.91687e-07
 3.46000e-07
 3.07888e-07
 2.75759e-07
 2.48420e-07
 2.24962e-07
 2.04683e-07
 1.87031e-07
 1.71572e-07
 1.57956e-07
 1.45900e-07
 1.35176e-07
 1.72134e-06
 1.33073e-06
 1.06103e-06
 8.66525e-07
 7.21414e-07
 6.10166e-07
 5.22945e-07
 4.53262e-07
 3.96691e-07
 3.50125e-07
 3.11328e-07
 2.78657e-07
 2.50885e-07
 2.27077e-07
 2.06510e-07
 1.88621e-07
 1.72964e-07
 1.59181e-07
 1.46985e-07
 1.36140e-07
 1.69953e-06
 1.31982e-06
 1.05555e-06
 8.63892e-07
 7.20335e-07
 6.09948e-07
 5.23204e-07
 4.53780e-07
 3.97341e-07
 3.50831e-07
 3.12046e-07
 2.79363e-07
 2.51564e-07
 2.27720e-07
 2.07115e-07
 1.89187e-07
 1.73492e-07
 1.59672e-07
 1.47441e-07
 1.36564e-07
 1.61116e-06
 1.26716e-06
 1.02251e-06
 8.42331e-07
 7.05821e-07
 5.99930e-07
 5.16147e-07
 4.48725e-07
 3.93671e-07
 3.48138e-07
 3.10054e-07
 2.77880e-07
 2.50456e-07
 2.26892e-07
 2.06497e-07
 1.88728e-07
 1.73154e-07
 1.59428e-07
 1.47269e-07
 1.36447e-07
 1.47348e-06
 1.18125e-06
 9.66454e-07
 8.04413e-07
 6.79394e-07
 5.81049e-07
 5.02369e-07
 4.38488e-07
 3.85945e-07
 3.42227e-07
 3.05477e-07
 2.74299e-07
 2.47627e-07
 2.24639e-07
 2.04690e-07
 1.87270e-07
 1.71970e-07
 1.58462e-07
 1.46477e-07
 1.35796e-07
 1.30895e-06
 1.07402e-06
 8.94066e-07
 7.54059e-07
 6.43457e-07
 5.54826e-07
 4.82864e-07
 4.23733e-07
 3.74616e-07
 3.33414e-07
 2.98539e-07
 2.68780e-07
 2.43196e-07
 2.21050e-07
 2.01761e-07
 1.84862e-07
 1.69978e-07
 1.56804e-07
 1.45090e-07
 1.34630e-07
 1.13805e-06
 9.57449e-07
 8.12544e-07
 6.95726e-07
 6.00844e-07
 5.23116e-07
 4.58872e-07
 4.05309e-07
 3.60278e-07
 3.22120e-07
 2.89547e-07
 2.61549e-07
 2.37328e-07
 2.16250e-07
 1.97804e-07
 1.81577e-07
 1.67234e-07
 1.54499e-07
 1.43143e-07
 1.32977e-07
 9.75316e-07
 8.41252e-07
 7.28285e-07
 6.33647e-07
 5.54394e-07
 4.87849e-07
 4.31729e-07
 3.84156e-07
 3.43601e-07
 3.08832e-07
 2.78855e-07
 2.52869e-07
 2.30223e-07
 2.10389e-07
 1.92935e-07
 1.77507e-07
 1.63810e-07
 1.51603e-07
 1.40680e-07
 1.30872e-07
 8.28831e-07
 7.31967e-07
 6.46151e-07
 5.71327e-07
 5.06610e-07
 4.50816e-07
 4.02725e-07
 3.61209e-07
 3.25272e-07
 2.94058e-07
 2.66846e-07
 2.43029e-07
 2.22100e-07
 2.03638e-07
 1.87288e-07
 1.72754e-07
 1.59788e-07
 1.48180e-07
 1.37753e-07
 1.28358e-07
 7.01672e-07
 6.33173e-07
 5.69324e-07
 5.11334e-07
 4.59480e-07
 4.13527e-07
 3.72999e-07
 3.37328e-07
 3.05940e-07
 2.78293e-07
 2.53897e-07
 2.32320e-07
 2.13187e-07
 1.96174e-07
 1.81000e-07
 1.67429e-07
 1.55254e-07
 1.44301e-07
 1.34420e-07
 1.25481e-07
 5.93775e-07
 5.46220e-07
 4.99527e-07
 4.55322e-07
 4.14427e-07
 3.77150e-07
 3.43484e-07
 3.13250e-07
 2.86185e-07
 2.61989e-07
 2.40364e-07
 2.21024e-07
 2.03705e-07
 1.88172e-07
 1.74214e-07
 1.61645e-07
 1.50301e-07
 1.40042e-07
 1.30741e-07
 1.22290e-07
