scalar
part
         1
quad4
 3.76351e-07
 3.60377e-07
 3.41174e-07
 3.20501e-07
 2.99535e-07
 2.79027e-07
 2.59430e-07
 2.40989e-07
 2.23818e-07
 2.07940e-07
 1.93326e-07
 1.79917e-07
 1.67633e-07
 1.56392e-07
 1.46105e-07
 1.36690e-07
 1.28068e-07
 1.20164e-07
 1.12912e-07
 1.06248e-07
 4.62637e-07
 4.33291e-07
 4.02370e-07
 3.71706e-07
 3.42360e-07
 3.14891e-07
 2.89538e-07
 2.66349e-07
 2.45259e-07
 2.26144e-07
 2.08849e-07
 1.93210e-07
 1.79068e-07
 1.66270e-07
 1.54676e-07
 1.44157e-07
 1.34599e-07
 1.25898e-07
 1.17965e-07
 1.10717e-07
 5.68537e-07
 5.19784e-07
 4.72866e-07
 4.29222e-07
 3.89427e-07
 3.53571e-07
 3.21485e-07
 2.92879e-07
 2.67416e-07
 2.44753e-07
 2.24567e-07
 2.06560e-07
 1.90468e-07
 1.76055e-07
 1.63117e-07
 1.51473e-07
 1.40969e-07
 1.31469e-07
 1.22856e-07
 1.15029e-07
 6.96514e-07
 6.20531e-07
 5.52478e-07
 4.92502e-07
 4.40077e-07
 3.94418e-07
 3.54683e-07
 3.20069e-07
 2.89854e-07
 2.63406e-07
 2.40182e-07
 2.19721e-07
 2.01630e-07
 1.85579e-07
 1.71289e-07
 1.58524e-07
 1.47084e-07
 1.36797e-07
 1.27521e-07
 1.19130e-07
 8.47448e-07
 7.34832e-07
 6.39974e-07
 5.60243e-07
 4.93124e-07
 4.36421e-07
 3.88296e-07
 3.47242e-07
 3.12030e-07
 2.81666e-07
 2.55344e-07
 2.32409e-07
 2.12327e-07
 1.94659e-07
 1.79046e-07
 1.65190e-07
 1.52844e-07
 1.41802e-07
 1.31890e-07
 1.22962e-07
 1.01912e-06
 8.59819e-07
 7.32677e-07
 6.30205e-07
 5.46777e-07
 4.78179e-07
 4.21241e-07
 3.73559e-07
 3.33295e-07
 2.99030e-07
 2.69661e-07
 2.44319e-07
 2.22315e-07
 2.03100e-07
 1.86230e-07
 1.71345e-07
 1.58149e-07
 1.46400e-07
 1.35896e-07
 1.26470e-07
 1.20450e-06
 9.89716e-07
 8.26187e-07
 6.99127e-07
 5.98643e-07
 5.17937e-07
 4.52222e-07
 3.98059e-07
 3.52928e-07
 3.14953e-07
 2.82716e-07
 2.55128e-07
 2.31347e-07
 2.10709e-07
 1.92689e-07
 1.76866e-07
 1.62899e-07
 1.50511e-07
 1.39475e-07
 1.29601e-07
 1.39040e-06
 1.11552e-06
 9.14396e-07
 7.62844e-07
 6.45850e-07
 5.53685e-07
 4.79814e-07
 4.19716e-07
 3.70181e-07
 3.28881e-07
 2.94094e-07
 2.64523e-07
 2.39180e-07
 2.17298e-07
 1.98276e-07
 1.81638e-07
 1.67003e-07
 1.54062e-07
 1.42566e-07
 1.32306e-07
 1.55755e-06
 1.22549e-06
 9.89980e-07
 8.16662e-07
 6.85311e-07
 5.83346e-07
 5.02588e-07
 4.37527e-07
 3.84337e-07
 3.40292e-07
 3.03410e-07
 2.72215e-07
 2.45595e-07
 2.22697e-07
 2.02858e-07
 1.85557e-07
 1.70378e-07
 1.56988e-07
 1.45116e-07
 1.34541e-07
 1.68310e-06
 1.30689e-06
 1.04546e-06
 8.56011e-07
 7.14131e-07
 6.05026e-07
 5.19269e-07
 4.50611e-07
 3.94773e-07
 3.48740e-07
 3.10336e-07
 2.77959e-07
 2.50408e-07
 2.26767e-07
 2.06329e-07
 1.88538e-07
 1.72957e-07
 1.59233e-07
 1.47082e-07
 1.36272e-07
 1.74615e-06
 1.34878e-06
 1.07473e-06
 8.77275e-07
 7.30069e-07
 6.17282e-07
 5.28897e-07
 4.58314e-07
 4.01032e-07
 3.53895e-07
 3.14632e-07
 2.81577e-07
 2.53483e-07
 2.29404e-07
 2.08606e-07
 1.90519e-07
 1.74690e-07
 1.60758e-07
 1.48431e-07
 1.37472e-07
 1.73534e-06
 1.34538e-06
 1.07459e-06
 8.78565e-07
 7.31955e-07
 6.19358e-07
 5.30966e-07
 4.60285e-07
 4.02865e-07
 3.55577e-07
 3.16165e-07
 2.82970e-07
 2.54747e-07
 2.30549e-07
 2.09645e-07
 1.91463e-07
 1.75549e-07
 1.61541e-07
 1.49146e-07
 1.38125e-07
 1.65414e-06
 1.29813e-06
 1.04566e-06
 8.60177e-07
 7.19921e-07
 6.11308e-07
 5.25494e-07
 4.56522e-07
 4.00262e-07
 3.53774e-07
 3.14922e-07
 2.82124e-07
 2.54184e-07
 2.30191e-07
 2.09436e-07
 1.91361e-07
 1.75525e-07
 1.61573e-07
 1.49219e-07
 1.38227e-07
 1.51955e-06
 1.21526e-06
 9.92274e-07
 8.24504e-07
 6.95365e-07
 5.93981e-07
 5.13011e-07
 4.47370e-07
 3.93450e-07
 3.48638e-07
 3.11008e-07
 2.79112e-07
 2.51848e-07
 2.28368e-07
 2.08004e-07
 1.90232e-07
 1.74632e-07
 1.60866e-07
 1.48658e-07
 1.37783e-07
 1.35480e-06
 1.10891e-06
 9.21136e-07
 7.75451e-07
 6.60651e-07
 5.68860e-07
 4.94478e-07
 4.33464e-07
 3.82861e-07
 3.40470e-07
 3.04633e-07
 2.74086e-07
 2.47849e-07
 2.25159e-07
 2.05411e-07
 1.88123e-07
 1.72906e-07
 1.59446e-07
 1.47485e-07
 1.36809e-07
 1.18154e-06
 9.91608e-07
 8.39693e-07
 7.17579e-07
 6.18657e-07
 5.37811e-07
 4.71134e-07
 4.15649e-07
 3.69081e-07
 3.29682e-07
 2.96095e-07
 2.67261e-07
 2.42346e-07
 2.20685e-07
 2.01747e-07
 1.85102e-07
 1.70400e-07
 1.57355e-07
 1.45731e-07
 1.35331e-07
 1.01532e-06
 8.73638e-07
 7.54657e-07
 6.55290e-07
 5.72310e-07
 5.02813e-07
 4.44339e-07
 3.94873e-07
 3.52783e-07
 3.16759e-07
 2.85748e-07
 2.58902e-07
 2.35536e-07
 2.15095e-07
 1.97126e-07
 1.81257e-07
 1.67182e-07
 1.54647e-07
 1.43440e-07
 1.33383e-07
 8.64949e-07
 7.62023e-07
 6.71195e-07
 5.92276e-07
 5.24227e-07
 4.65723e-07
 4.15422e-07
 3.72095e-07
 3.34667e-07
 3.02219e-07
 2.73977e-07
 2.49296e-07
 2.27639e-07
 2.08558e-07
 1.91679e-07
 1.76691e-07
 1.63333e-07
 1.51385e-07
 1.40662e-07
 1.31007e-07
 7.33948e-07
 6.60686e-07
 5.92735e-07
 5.31274e-07
 4.76508e-07
 4.28125e-07
 3.85570e-07
 3.48208e-07
 3.15404e-07
 2.86567e-07
 2.61168e-07
 2.38741e-07
 2.18885e-07
 2.01252e-07
 1.85546e-07
 1.71515e-07
 1.58941e-07
 1.47640e-07
 1.37454e-07
 1.28248e-07
 6.22472e-07
 5.71196e-07
 5.21182e-07
 4.74075e-07
 4.30677e-07
 3.91257e-07
 3.55765e-07
 3.23980e-07
 2.95594e-07
 2.70274e-07
 2.47688e-07
 2.27525e-07
 2.09500e-07
 1.93357e-07
 1.78870e-07
 1.65842e-07
 1.54098e-07
 1.43487e-07
 1.33878e-07
 1.25156e-07
