scalar
part
         1
quad4
 4.21956e-07
 3.98302e-07
 3.72664e-07
 3.46661e-07
 3.21309e-07
 2.97202e-07
 2.74653e-07
 2.53789e-07
 2.34622e-07
 2.17097e-07
 2.01117e-07
 1.86571e-07
 1.73337e-07
 1.61297e-07
 1.50338e-07
 1.40354e-07
 1.31248e-07
 1.22932e-07
 1.15325e-07
 1.08358e-07
 5.11105e-07
 4.72614e-07
 4.34296e-07
 3.97696e-07
 3.63600e-07
 3.32328e-07
 3.03925e-07
 2.78280e-07
 2.55204e-07
 2.34472e-07
 2.15856e-07
 1.99131e-07
 1.84091e-07
 1.70548e-07
 1.58331e-07
 1.47289e-07
 1.37291e-07
 1.28217e-07
 1.19967e-07
 1.12449e-07
 6.19058e-07
 5.59611e-07
 5.04384e-07
 4.54301e-07
 4.09509e-07
 3.69758e-07
 3.34620e-07
 3.03605e-07
 2.76227e-07
 2.52032e-07
 2.30612e-07
 2.11603e-07
 1.94693e-07
 1.79608e-07
 1.66113e-07
 1.54008e-07
 1.43118e-07
 1.33295e-07
 1.24409e-07
 1.16351e-07
 7.47580e-07
 6.59465e-07
 5.82401e-07
 5.15707e-07
 4.58236e-07
 4.08754e-07
 3.66094e-07
 3.29221e-07
 2.97243e-07
 2.69409e-07
 2.45084e-07
 2.23741e-07
 2.04940e-07
 1.88313e-07
 1.73552e-07
 1.60400e-07
 1.48639e-07
 1.38087e-07
 1.28589e-07
 1.20012e-07
 8.96580e-07
 7.70862e-07
 6.66746e-07
 5.80394e-07
 5.08473e-07
 4.48238e-07
 3.97480e-07
 3.54436e-07
 3.17703e-07
 2.86165e-07
 2.58926e-07
 2.35269e-07
 2.14613e-07
 1.96486e-07
 1.80504e-07
 1.66349e-07
 1.53759e-07
 1.42518e-07
 1.32442e-07
 1.23379e-07
 1.06265e-06
 8.90285e-07
 7.54405e-07
 6.45958e-07
 5.58356e-07
 4.86785e-07
 4.27691e-07
 3.78422e-07
 3.36973e-07
 3.01814e-07
 2.71761e-07
 2.45892e-07
 2.23480e-07
 2.03945e-07
 1.86823e-07
 1.71738e-07
 1.58384e-07
 1.46510e-07
 1.35906e-07
 1.26401e-07
 1.23760e-06
 1.01146e-06
 8.40796e-07
 7.09094e-07
 6.05506e-07
 5.22674e-07
 4.55474e-07
 4.00256e-07
 3.54367e-07
 3.15840e-07
 2.83198e-07
 2.55312e-07
 2.31310e-07
 2.10508e-07
 1.92367e-07
 1.76455e-07
 1.62424e-07
 1.49990e-07
 1.38922e-07
 1.29028e-07
 1.40760e-06
 1.12532e-06
 9.19911e-07
 7.65775e-07
 6.47181e-07
 5.54006e-07
 4.79492e-07
 4.18984e-07
 3.69191e-07
 3.27734e-07
 2.92856e-07
 2.63240e-07
 2.37883e-07
 2.16006e-07
 1.97004e-07
 1.80396e-07
 1.65795e-07
 1.52893e-07
 1.41437e-07
 1.31218e-07
 1.55409e-06
 1.22077e-06
 9.84924e-07
 8.11670e-07
 6.80555e-07
 5.78892e-07
 4.98452e-07
 4.33701e-07
 3.80804e-07
 3.37029e-07
 3.00393e-07
 2.69422e-07
 2.43006e-07
 2.20292e-07
 2.00620e-07
 1.83470e-07
 1.68428e-07
 1.55163e-07
 1.43404e-07
 1.32934e-07
 1.65665e-06
 1.28652e-06
 1.02925e-06
 8.42768e-07
 7.03099e-07
 5.95684e-07
 5.11251e-07
 4.43651e-07
 3.88672e-07
 3.43346e-07
 3.05532e-07
 2.73652e-07
 2.46525e-07
 2.23248e-07
 2.03124e-07
 1.85607e-07
 1.70266e-07
 1.56754e-07
 1.44790e-07
 1.34147e-07
 1.69809e-06
 1.31356e-06
 1.04786e-06
 8.56112e-07
 7.12988e-07
 6.03214e-07
 5.17116e-07
 4.48308e-07
 3.92430e-07
 3.46423e-07
 3.08083e-07
 2.75790e-07
 2.48334e-07
 2.24793e-07
 2.04454e-07
 1.86760e-07
 1.71272e-07
 1.57636e-07
 1.45569e-07
 1.34838e-07
 1.67037e-06
 1.29788e-06
 1.03856e-06
 8.50429e-07
 7.09445e-07
 6.00986e-07
 5.15719e-07
 4.47447e-07
 3.91921e-07
 3.46147e-07
 3.07963e-07
 2.75774e-07
 2.48388e-07
 2.24892e-07
 2.04582e-07
 1.86906e-07
 1.71427e-07
 1.57796e-07
 1.45730e-07
 1.34997e-07
 1.57851e-06
 1.24194e-06
 1.00267e-06
 8.26451e-07
 6.92898e-07
 5.89260e-07
 5.07221e-07
 4.41172e-07
 3.87212e-07
 3.42563e-07
 3.05202e-07
 2.73625e-07
 2.46699e-07
 2.23554e-07
 2.03514e-07
 1.86049e-07
 1.70736e-07
 1.57236e-07
 1.45274e-07
 1.34625e-07
 1.43915e-06
 1.15408e-06
 9.44697e-07
 7.86770e-07
 6.64907e-07
 5.69009e-07
 4.92253e-07
 4.29900e-07
 3.78587e-07
 3.35868e-07
 2.99940e-07
 2.69442e-07
 2.43341e-07
 2.20833e-07
 2.01292e-07
 1.84221e-07
 1.69221e-07
 1.55973e-07
 1.44215e-07
 1.33733e-07
 1.27421e-06
 1.04595e-06
 8.71202e-07
 7.35268e-07
 6.27863e-07
 5.41761e-07
 4.71816e-07
 4.14309e-07
 3.66512e-07
 3.26391e-07
 2.92411e-07
 2.63398e-07
 2.38440e-07
 2.16825e-07
 1.97987e-07
 1.81475e-07
 1.66926e-07
 1.54041e-07
 1.42580e-07
 1.32342e-07
 1.10383e-06
 9.29293e-07
 7.89250e-07
 6.76325e-07
 5.84566e-07
 5.09353e-07
 4.47148e-07
 3.95249e-07
 3.51584e-07
 3.14558e-07
 2.82927e-07
 2.55720e-07
 2.32168e-07
 2.11658e-07
 1.93698e-07
 1.77889e-07
 1.63908e-07
 1.51487e-07
 1.40406e-07
 1.30481e-07
 9.42298e-07
 8.13639e-07
 7.05100e-07
 6.14085e-07
 5.37797e-07
 4.73684e-07
 4.19567e-07
 3.73649e-07
 3.34471e-07
 3.00852e-07
 2.71843e-07
 2.46675e-07
 2.24724e-07
 2.05485e-07
 1.88542e-07
 1.73555e-07
 1.60242e-07
 1.48368e-07
 1.37739e-07
 1.28189e-07
 7.97499e-07
 7.05352e-07
 6.23486e-07
 5.51962e-07
 4.89999e-07
 4.36503e-07
 3.90334e-07
 3.50429e-07
 3.15847e-07
 2.85778e-07
 2.59537e-07
 2.36548e-07
 2.16329e-07
 1.98477e-07
 1.82654e-07
 1.68577e-07
 1.56010e-07
 1.44751e-07
 1.34631e-07
 1.25506e-07
 6.72316e-07
 6.07860e-07
 5.47475e-07
 4.92441e-07
 4.43098e-07
 3.99277e-07
 3.60559e-07
 3.26427e-07
 2.96349e-07
 2.69820e-07
 2.46383e-07
 2.25630e-07
 2.07207e-07
 1.90809e-07
 1.76170e-07
 1.63065e-07
 1.51299e-07
 1.40705e-07
 1.31141e-07
 1.22482e-07
 5.66522e-07
 5.22387e-07
 4.78691e-07
 4.37095e-07
 3.98460e-07
 3.63132e-07
 3.31145e-07
 3.02359e-07
 2.76540e-07
 2.53421e-07
 2.32727e-07
 2.14194e-07
 1.97577e-07
 1.82655e-07
 1.69232e-07
 1.57132e-07
 1.46202e-07
 1.36306e-07
 1.27328e-07
 1.19165e-07
