scalar
part
         1
quad4
 6.17118e-07
 5.65598e-07
 5.15494e-07
 4.68416e-07
 4.25136e-07
 3.85894e-07
 3.50619e-07
 3.19072e-07
 2.90935e-07
 2.65865e-07
 2.43525e-07
 2.23599e-07
 2.05800e-07
 1.89871e-07
 1.75587e-07
 1.62747e-07
 1.51180e-07
 1.40735e-07
 1.31279e-07
 1.22699e-07
 7.26859e-07
 6.53488e-07
 5.85606e-07
 5.24337e-07
 4.69846e-07
 4.21785e-07
 3.79578e-07
 3.42569e-07
 3.10113e-07
 2.81612e-07
 2.56532e-07
 2.34405e-07
 2.14829e-07
 1.97456e-07
 1.81991e-07
 1.68181e-07
 1.55813e-07
 1.44702e-07
 1.34690e-07
 1.25645e-07
 8.55550e-07
 7.52769e-07
 6.62269e-07
 5.83791e-07
 5.16243e-07
 4.58259e-07
 4.08476e-07
 3.65647e-07
 3.28688e-07
 2.96677e-07
 2.68839e-07
 2.44530e-07
 2.23212e-07
 2.04441e-07
 1.87845e-07
 1.73115e-07
 1.59992e-07
 1.48259e-07
 1.37733e-07
 1.28258e-07
 1.00284e-06
 8.61746e-07
 7.43511e-07
 6.44953e-07
 5.62788e-07
 4.94074e-07
 4.36334e-07
 3.87541e-07
 3.46066e-07
 3.10597e-07
 2.80086e-07
 2.53690e-07
 2.30728e-07
 2.10652e-07
 1.93010e-07
 1.77437e-07
 1.63629e-07
 1.51335e-07
 1.40347e-07
 1.30490e-07
 1.16495e-06
 9.76364e-07
 8.25840e-07
 7.05065e-07
 6.07381e-07
 5.27655e-07
 4.61976e-07
 4.07374e-07
 3.61586e-07
 3.22874e-07
 2.89894e-07
 2.61596e-07
 2.37155e-07
 2.15915e-07
 1.97351e-07
 1.81040e-07
 1.66637e-07
 1.53861e-07
 1.42479e-07
 1.32298e-07
 1.33280e-06
 1.08949e-06
 9.04061e-07
 7.60442e-07
 6.47428e-07
 5.57169e-07
 4.84098e-07
 4.24208e-07
 3.74569e-07
 3.33009e-07
 2.97892e-07
 2.67969e-07
 2.42279e-07
 2.20068e-07
 2.00741e-07
 1.83826e-07
 1.68941e-07
 1.55776e-07
 1.44079e-07
 1.33641e-07
 1.49060e-06
 1.19080e-06
 9.71504e-07
 8.06741e-07
 6.80056e-07
 5.80686e-07
 5.01379e-07
 4.37122e-07
 3.84363e-07
 3.40533e-07
 3.03738e-07
 2.72558e-07
 2.45913e-07
 2.22968e-07
 2.03073e-07
 1.85712e-07
 1.70475e-07
 1.57030e-07
 1.45108e-07
 1.34488e-07
 1.61677e-06
 1.26795e-06
 1.02089e-06
 8.39530e-07
 7.02487e-07
 5.96412e-07
 5.12632e-07
 4.45314e-07
 3.90413e-07
 3.45056e-07
 3.07153e-07
 2.75159e-07
 2.47906e-07
 2.24505e-07
 2.04261e-07
 1.86633e-07
 1.71189e-07
 1.57583e-07
 1.45534e-07
 1.34815e-07
 1.68871e-06
 1.30924e-06
 1.04580e-06
 8.55114e-07
 7.12495e-07
 6.02958e-07
 5.16963e-07
 4.48192e-07
 3.92318e-07
 3.46300e-07
 3.07943e-07
 2.75632e-07
 2.48159e-07
 2.24603e-07
 2.04251e-07
 1.86548e-07
 1.71052e-07
 1.57411e-07
 1.45340e-07
 1.34607e-07
 1.69083e-06
 1.30723e-06
 1.04238e-06
 8.51360e-07
 7.08846e-07
 5.99581e-07
 5.13909e-07
 4.45459e-07
 3.89886e-07
 3.44137e-07
 3.06019e-07
 2.73918e-07
 2.46629e-07
 2.23233e-07
 2.03022e-07
 1.85442e-07
 1.70054e-07
 1.56507e-07
 1.44520e-07
 1.33861e-07
 1.62148e-06
 1.26136e-06
 1.01045e-06
 8.28243e-07
 6.91567e-07
 5.86326e-07
 5.03517e-07
 4.37161e-07
 3.83154e-07
 3.38600e-07
 3.01410e-07
 2.70041e-07
 2.43337e-07
 2.20413e-07
 2.00588e-07
 1.83327e-07
 1.68204e-07
 1.54881e-07
 1.43082e-07
 1.32583e-07
 1.49340e-06
 1.17810e-06
 9.53585e-07
 7.87852e-07
 6.61949e-07
 5.64024e-07
 4.86343e-07
 4.23680e-07
 3.72393e-07
 3.29886e-07
 2.94261e-07
 2.64110e-07
 2.38364e-07
 2.16207e-07
 1.97000e-07
 1.80243e-07
 1.65535e-07
 1.52556e-07
 1.41046e-07
 1.30790e-07
 1.32773e-06
 1.06855e-06
 8.78013e-07
 7.33888e-07
 6.22288e-07
 5.34155e-07
 4.63372e-07
 4.05689e-07
 3.58077e-07
 3.18332e-07
 2.84819e-07
 2.56306e-07
 2.31850e-07
 2.10719e-07
 1.92339e-07
 1.76254e-07
 1.62098e-07
 1.49575e-07
 1.38445e-07
 1.28509e-07
 1.14646e-06
 9.45144e-07
 7.91083e-07
 6.70867e-07
 5.75460e-07
 4.98607e-07
 4.35878e-07
 3.84070e-07
 3.40827e-07
 3.04387e-07
 2.73413e-07
 2.46877e-07
 2.23981e-07
 2.04094e-07
 1.86716e-07
 1.71446e-07
 1.57960e-07
 1.45992e-07
 1.35324e-07
 1.25776e-07
 9.67494e-07
 8.18975e-07
 6.99810e-07
 6.03325e-07
 5.24465e-07
 4.59410e-07
 4.05263e-07
 3.59810e-07
 3.21352e-07
 2.88568e-07
 2.60425e-07
 2.36110e-07
 2.14973e-07
 1.96497e-07
 1.80261e-07
 1.65924e-07
 1.53204e-07
 1.41872e-07
 1.31736e-07
 1.22635e-07
 8.02791e-07
 6.98376e-07
 6.09929e-07
 5.35218e-07
 4.72056e-07
 4.18502e-07
 3.72909e-07
 3.33909e-07
 3.00384e-07
 2.71417e-07
 2.46263e-07
 2.24313e-07
 2.05067e-07
 1.88115e-07
 1.73120e-07
 1.59800e-07
 1.47922e-07
 1.37290e-07
 1.27739e-07
 1.19132e-07
 6.58550e-07
 5.88582e-07
 5.25502e-07
 4.69596e-07
 4.20494e-07
 3.77555e-07
 3.40056e-07
 3.07293e-07
 2.78619e-07
 2.53464e-07
 2.31332e-07
 2.11800e-07
 1.94505e-07
 1.79139e-07
 1.65444e-07
 1.53196e-07
 1.42209e-07
 1.32323e-07
 1.23399e-07
 1.15323e-07
 5.36553e-07
 4.92107e-07
 4.48949e-07
 4.08521e-07
 3.71449e-07
 3.37887e-07
 3.07734e-07
 2.80760e-07
 2.56679e-07
 2.35192e-07
 2.16011e-07
 1.98869e-07
 1.83523e-07
 1.69757e-07
 1.57384e-07
 1.46235e-07
 1.36166e-07
 1.27052e-07
 1.18782e-07
 1.11260e-07
 4.35777e-07
 4.09466e-07
 3.81338e-07
 3.53167e-07
 3.26009e-07
 3.00439e-07
 2.76727e-07
 2.54952e-07
 2.35082e-07
 2.17020e-07
 2.00637e-07
 1.85791e-07
 1.72340e-07
 1.60147e-07
 1.49084e-07
 1.39033e-07
 1.29890e-07
 1.21558e-07
 1.13953e-07
 1.06999e-07
 3.53775e-07
 3.39918e-07
 3.22763e-07
 3.03996e-07
 2.84763e-07
 2.65805e-07
 2.47580e-07
 2.30348e-07
 2.14237e-07
 1.99290e-07
 1.85494e-07
 1.72803e-07
 1.61152e-07
 1.50469e-07
 1.40678e-07
 1.31702e-07
 1.23471e-07
 1.15917e-07
 1.08977e-07
 1.02595e-07
