scalar
part
         1
quad4
 3.64729e-07
 3.49022e-07
 3.30281e-07
 3.10180e-07
 2.89837e-07
 2.69964e-07
 2.50987e-07
 2.33141e-07
 2.16527e-07
 2.01168e-07
 1.87034e-07
 1.74065e-07
 1.62186e-07
 1.51314e-07
 1.41366e-07
 1.32261e-07
 1.23921e-07
 1.16277e-07
 1.09262e-07
 1.02816e-07
 4.47550e-07
 4.18987e-07
 3.88996e-07
 3.59310e-07
 3.30930e-07
 3.04380e-07
 2.79884e-07
 2.57482e-07
 2.37110e-07
 2.18645e-07
 2.01938e-07
 1.86830e-07
 1.73166e-07
 1.60800e-07
 1.49596e-07
 1.39430e-07
 1.30192e-07
 1.21782e-07
 1.14113e-07
 1.07107e-07
 5.49002e-07
 5.01844e-07
 4.56536e-07
 4.14426e-07
 3.76043e-07
 3.41463e-07
 3.10519e-07
 2.82928e-07
 2.58365e-07
 2.36499e-07
 2.17019e-07
 1.99640e-07
 1.84106e-07
 1.70190e-07
 1.57696e-07
 1.46451e-07
 1.36305e-07
 1.27128e-07
 1.18807e-07
 1.11245e-07
 6.71351e-07
 5.98189e-07
 5.32700e-07
 4.74991e-07
 4.24540e-07
 3.80589e-07
 3.42328e-07
 3.08988e-07
 2.79875e-07
 2.54383e-07
 2.31993e-07
 2.12261e-07
 1.94810e-07
 1.79324e-07
 1.65535e-07
 1.53214e-07
 1.42170e-07
 1.32238e-07
 1.23280e-07
 1.15177e-07
 8.15338e-07
 7.07309e-07
 6.16291e-07
 5.39752e-07
 4.75283e-07
 4.20787e-07
 3.74510e-07
 3.35011e-07
 3.01118e-07
 2.71879e-07
 2.46522e-07
 2.24421e-07
 2.05062e-07
 1.88026e-07
 1.72968e-07
 1.59602e-07
 1.47690e-07
 1.37034e-07
 1.27467e-07
 1.18848e-07
 9.78773e-07
 8.26441e-07
 7.04748e-07
 6.06570e-07
 5.26563e-07
 4.60722e-07
 4.06030e-07
 3.60199e-07
 3.21475e-07
 2.88505e-07
 2.60232e-07
 2.35826e-07
 2.14628e-07
 1.96111e-07
 1.79849e-07
 1.65496e-07
 1.52769e-07
 1.41436e-07
 1.31302e-07
 1.22207e-07
 1.15494e-06
 9.50103e-07
 7.93894e-07
 6.72346e-07
 5.76102e-07
 4.98718e-07
 4.35652e-07
 3.83631e-07
 3.40257e-07
 3.03739e-07
 2.72723e-07
 2.46169e-07
 2.23270e-07
 2.03391e-07
 1.86028e-07
 1.70778e-07
 1.57313e-07
 1.45368e-07
 1.34724e-07
 1.25200e-07
 1.33144e-06
 1.06980e-06
 8.77950e-07
 7.33130e-07
 6.21170e-07
 5.32865e-07
 4.62018e-07
 4.04331e-07
 3.56749e-07
 3.17054e-07
 2.83600e-07
 2.55150e-07
 2.30757e-07
 2.09687e-07
 1.91366e-07
 1.75336e-07
 1.61233e-07
 1.48759e-07
 1.37675e-07
 1.27782e-07
 1.49023e-06
 1.17449e-06
 9.50000e-07
 7.84475e-07
 6.58838e-07
 5.61187e-07
 4.83766e-07
 4.21339e-07
 3.70266e-07
 3.27948e-07
 2.92492e-07
 2.62490e-07
 2.36877e-07
 2.14838e-07
 1.95736e-07
 1.79073e-07
 1.64450e-07
 1.51547e-07
 1.40105e-07
 1.29911e-07
 1.60992e-06
 1.25216e-06
 1.00297e-06
 8.22042e-07
 6.86349e-07
 5.81876e-07
 4.99679e-07
 4.33817e-07
 3.80214e-07
 3.35997e-07
 2.99089e-07
 2.67958e-07
 2.41457e-07
 2.18709e-07
 1.99036e-07
 1.81907e-07
 1.66900e-07
 1.53679e-07
 1.41971e-07
 1.31553e-07
 1.67073e-06
 1.29243e-06
 1.03103e-06
 8.42378e-07
 7.01562e-07
 5.93554e-07
 5.08840e-07
 4.41136e-07
 3.86155e-07
 3.40885e-07
 3.03159e-07
 2.71383e-07
 2.44367e-07
 2.21202e-07
 2.01188e-07
 1.83777e-07
 1.68536e-07
 1.55119e-07
 1.43244e-07
 1.32684e-07
 1.66154e-06
 1.28965e-06
 1.03106e-06
 8.43655e-07
 7.03345e-07
 5.95493e-07
 5.10761e-07
 4.42961e-07
 3.87850e-07
 3.42440e-07
 3.04575e-07
 2.72670e-07
 2.45534e-07
 2.22260e-07
 2.02148e-07
 1.84649e-07
 1.69330e-07
 1.55842e-07
 1.43905e-07
 1.33289e-07
 1.58513e-06
 1.24499e-06
 1.00360e-06
 8.26109e-07
 6.91806e-07
 5.87732e-07
 5.05455e-07
 4.39288e-07
 3.85289e-07
 3.40649e-07
 3.03326e-07
 2.71806e-07
 2.44946e-07
 2.21873e-07
 2.01907e-07
 1.84516e-07
 1.69275e-07
 1.55844e-07
 1.43948e-07
 1.33362e-07
 1.45727e-06
 1.16610e-06
 9.52648e-07
 7.91985e-07
 6.68257e-07
 5.71075e-07
 4.93423e-07
 4.30444e-07
 3.78689e-07
 3.35659e-07
 2.99511e-07
 2.68861e-07
 2.42655e-07
 2.20078e-07
 2.00492e-07
 1.83395e-07
 1.68384e-07
 1.55134e-07
 1.43382e-07
 1.32910e-07
 1.30004e-06
 1.06449e-06
 8.84590e-07
 7.44987e-07
 6.34946e-07
 5.46930e-07
 4.75582e-07
 4.17035e-07
 3.68461e-07
 3.27756e-07
 2.93333e-07
 2.63981e-07
 2.38765e-07
 2.16951e-07
 1.97960e-07
 1.81331e-07
 1.66692e-07
 1.53739e-07
 1.42226e-07
 1.31949e-07
 1.13419e-06
 9.52150e-07
 8.06537e-07
 6.89472e-07
 5.94621e-07
 5.17083e-07
 4.53115e-07
 3.99869e-07
 3.55168e-07
 3.17336e-07
 2.85076e-07
 2.57374e-07
 2.33430e-07
 2.12608e-07
 1.94399e-07
 1.78391e-07
 1.64249e-07
 1.51698e-07
 1.40512e-07
 1.30502e-07
 9.74799e-07
 8.38998e-07
 7.24937e-07
 6.29664e-07
 5.50089e-07
 4.83428e-07
 4.27328e-07
 3.79857e-07
 3.39454e-07
 3.04866e-07
 2.75082e-07
 2.49292e-07
 2.26840e-07
 2.07193e-07
 1.89919e-07
 1.74660e-07
 1.61123e-07
 1.49064e-07
 1.38281e-07
 1.28604e-07
 8.30443e-07
 7.31829e-07
 6.44776e-07
 5.69117e-07
 5.03865e-07
 4.47751e-07
 3.99494e-07
 3.57918e-07
 3.21993e-07
 2.90840e-07
 2.63719e-07
 2.40013e-07
 2.19205e-07
 2.00868e-07
 1.84644e-07
 1.70235e-07
 1.57390e-07
 1.45898e-07
 1.35583e-07
 1.26294e-07
 7.04594e-07
 6.34462e-07
 5.69373e-07
 5.10474e-07
 4.57972e-07
 4.11576e-07
 3.70757e-07
 3.34910e-07
 3.03429e-07
 2.75747e-07
 2.51360e-07
 2.29822e-07
 2.10747e-07
 1.93805e-07
 1.78712e-07
 1.65224e-07
 1.53135e-07
 1.42269e-07
 1.32472e-07
 1.23616e-07
 5.97462e-07
 5.48444e-07
 5.00580e-07
 4.55466e-07
 4.13883e-07
 3.76096e-07
 3.42063e-07
 3.11574e-07
 2.84339e-07
 2.60039e-07
 2.38357e-07
 2.18997e-07
 2.01685e-07
 1.86177e-07
 1.72258e-07
 1.59737e-07
 1.48448e-07
 1.38247e-07
 1.29007e-07
 1.20618e-07
