scalar
part
         1
quad4
 3.36248e-07
 3.25644e-07
 3.11248e-07
 2.94778e-07
 2.77431e-07
 2.60009e-07
 2.43027e-07
 2.26798e-07
 2.11495e-07
 1.97197e-07
 1.83924e-07
 1.71653e-07
 1.60341e-07
 1.49930e-07
 1.40358e-07
 1.31559e-07
 1.23470e-07
 1.16029e-07
 1.09181e-07
 1.02871e-07
 4.17472e-07
 3.95036e-07
 3.70075e-07
 3.44449e-07
 3.19314e-07
 2.95341e-07
 2.72885e-07
 2.52096e-07
 2.33000e-07
 2.15544e-07
 1.99637e-07
 1.85165e-07
 1.72007e-07
 1.60044e-07
 1.49160e-07
 1.39250e-07
 1.30216e-07
 1.21968e-07
 1.14428e-07
 1.07522e-07
 5.17937e-07
 4.78032e-07
 4.38426e-07
 4.00736e-07
 3.65758e-07
 3.33791e-07
 3.04850e-07
 2.78797e-07
 2.55416e-07
 2.34461e-07
 2.15684e-07
 1.98848e-07
 1.83734e-07
 1.70143e-07
 1.57900e-07
 1.46848e-07
 1.36849e-07
 1.27784e-07
 1.19547e-07
 1.12047e-07
 6.40460e-07
 5.75661e-07
 5.16411e-07
 4.63314e-07
 4.16264e-07
 3.74820e-07
 3.38411e-07
 3.06442e-07
 2.78346e-07
 2.53611e-07
 2.31783e-07
 2.12467e-07
 1.95326e-07
 1.80066e-07
 1.66441e-07
 1.54238e-07
 1.43275e-07
 1.33398e-07
 1.24473e-07
 1.16387e-07
 7.86625e-07
 6.87786e-07
 6.03202e-07
 5.31155e-07
 4.69827e-07
 4.17535e-07
 3.72808e-07
 3.34400e-07
 3.01275e-07
 2.72575e-07
 2.47592e-07
 2.25747e-07
 2.06558e-07
 1.89631e-07
 1.74636e-07
 1.61300e-07
 1.49394e-07
 1.38727e-07
 1.29137e-07
 1.20487e-07
 9.55423e-07
 8.12340e-07
 6.96624e-07
 6.02323e-07
 5.24838e-07
 4.60641e-07
 4.07016e-07
 3.61868e-07
 3.23573e-07
 2.90858e-07
 2.62724e-07
 2.38378e-07
 2.17187e-07
 1.98641e-07
 1.82326e-07
 1.67906e-07
 1.55102e-07
 1.43687e-07
 1.33469e-07
 1.24289e-07
 1.14156e-06
 9.44522e-07
 7.92803e-07
 6.73834e-07
 5.79046e-07
 5.02452e-07
 4.39773e-07
 3.87897e-07
 3.44520e-07
 3.07913e-07
 2.76757e-07
 2.50037e-07
 2.26958e-07
 2.06896e-07
 1.89353e-07
 1.73928e-07
 1.60297e-07
 1.48193e-07
 1.37400e-07
 1.27736e-07
 1.33384e-06
 1.07622e-06
 8.86022e-07
 7.41683e-07
 6.29634e-07
 5.40969e-07
 4.69644e-07
 4.11443e-07
 3.63351e-07
 3.23169e-07
 2.89261e-07
 2.60393e-07
 2.35617e-07
 2.14200e-07
 1.95562e-07
 1.79245e-07
 1.64879e-07
 1.52168e-07
 1.40867e-07
 1.30776e-07
 1.51437e-06
 1.19611e-06
 9.69012e-07
 8.01123e-07
 6.73437e-07
 5.74039e-07
 4.95136e-07
 4.31450e-07
 3.79305e-07
 3.36069e-07
 2.99822e-07
 2.69136e-07
 2.42929e-07
 2.20369e-07
 2.00810e-07
 1.83743e-07
 1.68761e-07
 1.55539e-07
 1.43812e-07
 1.33362e-07
 1.65975e-06
 1.29083e-06
 1.03383e-06
 8.47252e-07
 7.07324e-07
 5.99600e-07
 5.14852e-07
 4.46953e-07
 3.91697e-07
 3.46120e-07
 3.08080e-07
 2.75997e-07
 2.48687e-07
 2.25247e-07
 2.04976e-07
 1.87327e-07
 1.71867e-07
 1.58247e-07
 1.46185e-07
 1.35454e-07
 1.74602e-06
 1.34777e-06
 1.07340e-06
 8.75863e-07
 7.28683e-07
 6.15968e-07
 5.27673e-07
 4.57182e-07
 3.99990e-07
 3.52936e-07
 3.13750e-07
 2.80765e-07
 2.52734e-07
 2.28711e-07
 2.07965e-07
 1.89924e-07
 1.74137e-07
 1.60243e-07
 1.47950e-07
 1.37021e-07
 1.75719e-06
 1.35885e-06
 1.08327e-06
 8.84348e-07
 7.35906e-07
 6.22108e-07
 5.32906e-07
 4.61663e-07
 4.03847e-07
 3.56274e-07
 3.16654e-07
 2.83305e-07
 2.54968e-07
 2.30684e-07
 2.09716e-07
 1.91484e-07
 1.75533e-07
 1.61496e-07
 1.49080e-07
 1.38043e-07
 1.69283e-06
 1.32348e-06
 1.06294e-06
 8.72336e-07
 7.28714e-07
 6.17810e-07
 5.30394e-07
 4.60274e-07
 4.03174e-07
 3.56060e-07
 3.16734e-07
 2.83572e-07
 2.55350e-07
 2.31135e-07
 2.10203e-07
 1.91987e-07
 1.76037e-07
 1.61993e-07
 1.49562e-07
 1.38508e-07
 1.56837e-06
 1.24880e-06
 1.01602e-06
 8.41762e-07
 7.08198e-07
 6.03715e-07
 5.20524e-07
 4.53256e-07
 3.98123e-07
 3.52393e-07
 3.14055e-07
 2.81608e-07
 2.53909e-07
 2.30082e-07
 2.09439e-07
 1.91440e-07
 1.75655e-07
 1.61735e-07
 1.49400e-07
 1.38418e-07
 1.40773e-06
 1.14698e-06
 9.49069e-07
 7.96348e-07
 6.76567e-07
 5.81183e-07
 5.04160e-07
 4.41174e-07
 3.89074e-07
 3.45530e-07
 3.08795e-07
 2.77538e-07
 2.50736e-07
 2.27590e-07
 2.07472e-07
 1.89880e-07
 1.74413e-07
 1.60744e-07
 1.48607e-07
 1.37784e-07
 1.23427e-06
 1.03120e-06
 8.69761e-07
 7.40711e-07
 6.36688e-07
 5.52044e-07
 4.82504e-07
 4.24834e-07
 3.76578e-07
 3.35858e-07
 3.01228e-07
 2.71562e-07
 2.45975e-07
 2.23768e-07
 2.04382e-07
 1.87367e-07
 1.72357e-07
 1.59055e-07
 1.47213e-07
 1.36629e-07
 1.06531e-06
 9.12651e-07
 7.85255e-07
 6.79466e-07
 5.91579e-07
 5.18313e-07
 4.56922e-07
 4.05179e-07
 3.61298e-07
 3.23850e-07
 2.91698e-07
 2.63930e-07
 2.39813e-07
 2.18755e-07
 2.00276e-07
 1.83983e-07
 1.69552e-07
 1.56717e-07
 1.45255e-07
 1.34982e-07
 9.10976e-07
 7.99178e-07
 7.01195e-07
 6.16576e-07
 5.44010e-07
 4.81927e-07
 4.28783e-07
 3.83189e-07
 3.43940e-07
 3.10022e-07
 2.80586e-07
 2.54927e-07
 2.32465e-07
 2.12716e-07
 1.95281e-07
 1.79826e-07
 1.66073e-07
 1.53791e-07
 1.42782e-07
 1.32883e-07
 7.75626e-07
 6.95318e-07
 6.21428e-07
 5.55047e-07
 4.96247e-07
 4.44573e-07
 3.99338e-07
 3.59789e-07
 3.25197e-07
 2.94892e-07
 2.68283e-07
 2.44853e-07
 2.24160e-07
 2.05828e-07
 1.89533e-07
 1.75004e-07
 1.62007e-07
 1.50345e-07
 1.39849e-07
 1.30376e-07
 6.59882e-07
 6.03053e-07
 5.48175e-07
 4.96897e-07
 4.49972e-07
 4.07595e-07
 3.69636e-07
 3.35796e-07
 3.05697e-07
 2.78948e-07
 2.55167e-07
 2.34000e-07
 2.15129e-07
 1.98271e-07
 1.83178e-07
 1.69632e-07
 1.57445e-07
 1.46454e-07
 1.36516e-07
 1.27508e-07
