scalar
part
         1
quad4
 4.36770e-07
 4.11768e-07
 3.84716e-07
 3.57342e-07
 3.30723e-07
 3.05479e-07
 2.81929e-07
 2.60192e-07
 2.40271e-07
 2.22094e-07
 2.05554e-07
 1.90523e-07
 1.76872e-07
 1.64471e-07
 1.53198e-07
 1.42941e-07
 1.33596e-07
 1.25069e-07
 1.17279e-07
 1.10148e-07
 5.29287e-07
 4.88672e-07
 4.48300e-07
 4.09827e-07
 3.74081e-07
 3.41387e-07
 3.11772e-07
 2.85100e-07
 2.61155e-07
 2.39689e-07
 2.20451e-07
 2.03198e-07
 1.87708e-07
 1.73779e-07
 1.61230e-07
 1.49902e-07
 1.39655e-07
 1.30365e-07
 1.21925e-07
 1.14240e-07
 6.41349e-07
 5.78648e-07
 5.20509e-07
 4.67927e-07
 4.21038e-07
 3.79548e-07
 3.42974e-07
 3.10776e-07
 2.82421e-07
 2.57416e-07
 2.35319e-07
 2.15745e-07
 1.98357e-07
 1.82867e-07
 1.69028e-07
 1.56626e-07
 1.45481e-07
 1.35437e-07
 1.26359e-07
 1.18132e-07
 7.74691e-07
 6.81752e-07
 6.00689e-07
 5.30761e-07
 4.70703e-07
 4.19157e-07
 3.74846e-07
 3.36646e-07
 3.03596e-07
 2.74887e-07
 2.49844e-07
 2.27907e-07
 2.08610e-07
 1.91567e-07
 1.76453e-07
 1.63000e-07
 1.50982e-07
 1.40207e-07
 1.30516e-07
 1.21771e-07
 9.28965e-07
 7.96394e-07
 6.87011e-07
 5.96642e-07
 5.21651e-07
 4.59055e-07
 4.06463e-07
 3.61979e-07
 3.24105e-07
 2.91650e-07
 2.63668e-07
 2.39402e-07
 2.18243e-07
 1.99696e-07
 1.83360e-07
 1.68905e-07
 1.56060e-07
 1.44598e-07
 1.34331e-07
 1.25103e-07
 1.10010e-06
 9.18559e-07
 7.76125e-07
 6.62946e-07
 5.71879e-07
 4.97729e-07
 4.36684e-07
 3.85913e-07
 3.43292e-07
 3.07203e-07
 2.76405e-07
 2.49930e-07
 2.27019e-07
 2.07071e-07
 1.89602e-07
 1.74225e-07
 1.60621e-07
 1.48532e-07
 1.37743e-07
 1.28076e-07
 1.27867e-06
 1.04124e-06
 8.63020e-07
 7.26126e-07
 6.18869e-07
 5.33379e-07
 4.64208e-07
 4.07497e-07
 3.60454e-07
 3.21022e-07
 2.87657e-07
 2.59187e-07
 2.34707e-07
 2.13509e-07
 1.95037e-07
 1.78845e-07
 1.64575e-07
 1.51937e-07
 1.40692e-07
 1.30644e-07
 1.44918e-06
 1.15453e-06
 9.41278e-07
 7.81947e-07
 6.59775e-07
 5.64053e-07
 4.87673e-07
 4.25764e-07
 3.74895e-07
 3.32595e-07
 2.97046e-07
 2.66888e-07
 2.41087e-07
 2.18843e-07
 1.99533e-07
 1.82663e-07
 1.67841e-07
 1.54748e-07
 1.43126e-07
 1.32763e-07
 1.59152e-06
 1.24673e-06
 1.00383e-06
 8.25987e-07
 6.91741e-07
 5.87858e-07
 5.05792e-07
 4.39818e-07
 3.85978e-07
 3.41463e-07
 3.04234e-07
 2.72783e-07
 2.45971e-07
 2.22928e-07
 2.02978e-07
 1.85593e-07
 1.70349e-07
 1.56910e-07
 1.45000e-07
 1.34397e-07
 1.68487e-06
 1.30655e-06
 1.04419e-06
 8.54332e-07
 7.12314e-07
 6.03202e-07
 5.17502e-07
 4.48932e-07
 3.93194e-07
 3.47262e-07
 3.08957e-07
 2.76674e-07
 2.49210e-07
 2.25651e-07
 2.05287e-07
 1.87565e-07
 1.72047e-07
 1.58380e-07
 1.46281e-07
 1.35520e-07
 1.71362e-06
 1.32588e-06
 1.05782e-06
 8.64318e-07
 7.19851e-07
 6.09032e-07
 5.22106e-07
 4.52632e-07
 3.96211e-07
 3.49756e-07
 3.11042e-07
 2.78435e-07
 2.50711e-07
 2.26940e-07
 2.06403e-07
 1.88537e-07
 1.72899e-07
 1.59131e-07
 1.46947e-07
 1.36112e-07
 1.67284e-06
 1.30217e-06
 1.04331e-06
 8.55100e-07
 7.13823e-07
 6.05004e-07
 5.19371e-07
 4.50755e-07
 3.94916e-07
 3.48861e-07
 3.10427e-07
 2.78018e-07
 2.50436e-07
 2.26767e-07
 2.06304e-07
 1.88492e-07
 1.72892e-07
 1.59152e-07
 1.46988e-07
 1.36167e-07
 1.57055e-06
 1.23936e-06
 1.00275e-06
 8.27846e-07
 6.94916e-07
 5.91536e-07
 5.09561e-07
 4.43471e-07
 3.89419e-07
 3.44653e-07
 3.07164e-07
 2.75461e-07
 2.48412e-07
 2.25151e-07
 2.05003e-07
 1.87438e-07
 1.72033e-07
 1.58448e-07
 1.46408e-07
 1.35687e-07
 1.42483e-06
 1.14666e-06
 9.41170e-07
 7.85472e-07
 6.64894e-07
 5.69735e-07
 4.93392e-07
 4.31259e-07
 3.80046e-07
 3.37358e-07
 3.01415e-07
 2.70878e-07
 2.44723e-07
 2.22153e-07
 2.02548e-07
 1.85412e-07
 1.70349e-07
 1.57040e-07
 1.45223e-07
 1.34686e-07
 1.25732e-06
 1.03584e-06
 8.65311e-07
 7.32011e-07
 6.26265e-07
 5.41211e-07
 4.71930e-07
 4.14839e-07
 3.67297e-07
 3.27328e-07
 2.93431e-07
 2.64455e-07
 2.39505e-07
 2.17878e-07
 1.99016e-07
 1.82472e-07
 1.67886e-07
 1.54964e-07
 1.43463e-07
 1.33186e-07
 1.08697e-06
 9.18235e-07
 7.82116e-07
 6.71832e-07
 5.81851e-07
 5.07837e-07
 4.46441e-07
 3.95088e-07
 3.51790e-07
 3.15008e-07
 2.83536e-07
 2.56430e-07
 2.32938e-07
 2.12459e-07
 1.94511e-07
 1.78701e-07
 1.64708e-07
 1.52270e-07
 1.41167e-07
 1.31218e-07
 9.26879e-07
 8.02777e-07
 6.97575e-07
 6.08963e-07
 5.34391e-07
 4.71498e-07
 4.18247e-07
 3.72944e-07
 3.34201e-07
 3.00890e-07
 2.72096e-07
 2.47077e-07
 2.25228e-07
 2.06056e-07
 1.89156e-07
 1.74192e-07
 1.60890e-07
 1.49018e-07
 1.38382e-07
 1.28822e-07
 7.84057e-07
 6.95317e-07
 6.16134e-07
 5.46664e-07
 4.86248e-07
 4.33905e-07
 3.88592e-07
 3.49320e-07
 3.15205e-07
 2.85480e-07
 2.59491e-07
 2.36685e-07
 2.16599e-07
 1.98842e-07
 1.83085e-07
 1.69054e-07
 1.56516e-07
 1.45275e-07
 1.35163e-07
 1.26041e-07
 6.60897e-07
 5.98919e-07
 5.40616e-07
 4.87266e-07
 4.39256e-07
 3.96474e-07
 3.58558e-07
 3.25040e-07
 2.95432e-07
 2.69260e-07
 2.46093e-07
 2.25545e-07
 2.07277e-07
 1.90994e-07
 1.76440e-07
 1.63398e-07
 1.51676e-07
 1.41114e-07
 1.31570e-07
 1.22923e-07
 5.56941e-07
 5.14586e-07
 4.72472e-07
 4.32222e-07
 3.94700e-07
 3.60275e-07
 3.29012e-07
 3.00798e-07
 2.75431e-07
 2.52666e-07
 2.32248e-07
 2.13929e-07
 1.97479e-07
 1.82686e-07
 1.69361e-07
 1.57336e-07
 1.46462e-07
 1.36609e-07
 1.27662e-07
 1.19520e-07
