scalar
part
         1
quad4
 3.36029e-07
 3.25551e-07
 3.11243e-07
 2.94833e-07
 2.77525e-07
 2.60129e-07
 2.43162e-07
 2.26941e-07
 2.11642e-07
 1.97344e-07
 1.84069e-07
 1.71794e-07
 1.60478e-07
 1.50062e-07
 1.40485e-07
 1.31681e-07
 1.23586e-07
 1.16141e-07
 1.09287e-07
 1.02972e-07
 4.17370e-07
 3.95058e-07
 3.70177e-07
 3.44601e-07
 3.19494e-07
 2.95535e-07
 2.73083e-07
 2.52294e-07
 2.33193e-07
 2.15732e-07
 1.99817e-07
 1.85337e-07
 1.72170e-07
 1.60199e-07
 1.49307e-07
 1.39390e-07
 1.30348e-07
 1.22094e-07
 1.14547e-07
 1.07635e-07
 5.18014e-07
 4.78219e-07
 4.38672e-07
 4.01010e-07
 3.66041e-07
 3.34071e-07
 3.05121e-07
 2.79056e-07
 2.55661e-07
 2.34692e-07
 2.15902e-07
 1.99052e-07
 1.83925e-07
 1.70323e-07
 1.58068e-07
 1.47006e-07
 1.36998e-07
 1.27924e-07
 1.19679e-07
 1.12171e-07
 6.40799e-07
 5.76069e-07
 5.16838e-07
 4.63736e-07
 4.16667e-07
 3.75199e-07
 3.38763e-07
 3.06767e-07
 2.78647e-07
 2.53889e-07
 2.32039e-07
 2.12705e-07
 1.95545e-07
 1.80270e-07
 1.66631e-07
 1.54415e-07
 1.43440e-07
 1.33552e-07
 1.24618e-07
 1.16523e-07
 7.87328e-07
 6.88479e-07
 6.03851e-07
 5.31749e-07
 4.70365e-07
 4.18020e-07
 3.73245e-07
 3.34795e-07
 3.01633e-07
 2.72899e-07
 2.47888e-07
 2.26017e-07
 2.06807e-07
 1.89859e-07
 1.74847e-07
 1.61495e-07
 1.49575e-07
 1.38896e-07
 1.29294e-07
 1.20634e-07
 9.56603e-07
 8.13379e-07
 6.97528e-07
 6.03107e-07
 5.25521e-07
 4.61238e-07
 4.07542e-07
 3.62334e-07
 3.23988e-07
 2.91230e-07
 2.63060e-07
 2.38682e-07
 2.17464e-07
 1.98894e-07
 1.82558e-07
 1.68119e-07
 1.55299e-07
 1.43869e-07
 1.33638e-07
 1.24446e-07
 1.14331e-06
 9.45947e-07
 7.93978e-07
 6.74814e-07
 5.79875e-07
 5.03161e-07
 4.40386e-07
 3.88432e-07
 3.44991e-07
 3.08331e-07
 2.77130e-07
 2.50372e-07
 2.27261e-07
 2.07172e-07
 1.89605e-07
 1.74159e-07
 1.60509e-07
 1.48389e-07
 1.37581e-07
 1.27904e-07
 1.33619e-06
 1.07803e-06
 8.87458e-07
 7.42848e-07
 6.30598e-07
 5.41781e-07
 4.70337e-07
 4.12041e-07
 3.63873e-07
 3.23628e-07
 2.89669e-07
 2.60758e-07
 2.35946e-07
 2.14497e-07
 1.95832e-07
 1.79491e-07
 1.65105e-07
 1.52376e-07
 1.41059e-07
 1.30953e-07
 1.51723e-06
 1.19824e-06
 9.70665e-07
 8.02443e-07
 6.74516e-07
 5.74938e-07
 4.95897e-07
 4.32104e-07
 3.79872e-07
 3.36566e-07
 3.00262e-07
 2.69528e-07
 2.43279e-07
 2.20685e-07
 2.01097e-07
 1.84004e-07
 1.69000e-07
 1.55759e-07
 1.44014e-07
 1.33549e-07
 1.66292e-06
 1.29316e-06
 1.03563e-06
 8.48680e-07
 7.08487e-07
 6.00566e-07
 5.15667e-07
 4.47650e-07
 3.92301e-07
 3.46648e-07
 3.08545e-07
 2.76411e-07
 2.49058e-07
 2.25580e-07
 2.05278e-07
 1.87602e-07
 1.72117e-07
 1.58476e-07
 1.46397e-07
 1.35649e-07
 1.74921e-06
 1.35016e-06
 1.07526e-06
 8.77344e-07
 7.29894e-07
 6.16976e-07
 5.28524e-07
 4.57911e-07
 4.00621e-07
 3.53488e-07
 3.14236e-07
 2.81197e-07
 2.53121e-07
 2.29059e-07
 2.08279e-07
 1.90210e-07
 1.74398e-07
 1.60481e-07
 1.48169e-07
 1.37224e-07
 1.76016e-06
 1.36115e-06
 1.08509e-06
 8.85828e-07
 7.37128e-07
 6.23133e-07
 5.33776e-07
 4.62411e-07
 4.04496e-07
 3.56842e-07
 3.17156e-07
 2.83751e-07
 2.55367e-07
 2.31043e-07
 2.10040e-07
 1.91779e-07
 1.75802e-07
 1.61743e-07
 1.49306e-07
 1.38252e-07
 1.69545e-06
 1.32560e-06
 1.06467e-06
 8.73772e-07
 7.29916e-07
 6.18829e-07
 5.31266e-07
 4.61028e-07
 4.03831e-07
 3.56637e-07
 3.17245e-07
 2.84027e-07
 2.55758e-07
 2.31502e-07
 2.10535e-07
 1.92289e-07
 1.76313e-07
 1.62245e-07
 1.49794e-07
 1.38722e-07
 1.57063e-06
 1.25072e-06
 1.01763e-06
 8.43125e-07
 7.09358e-07
 6.04710e-07
 5.21383e-07
 4.54005e-07
 3.98780e-07
 3.52972e-07
 3.14569e-07
 2.82067e-07
 2.54322e-07
 2.30454e-07
 2.09776e-07
 1.91747e-07
 1.75935e-07
 1.61992e-07
 1.49636e-07
 1.38636e-07
 1.40968e-06
 1.14868e-06
 9.50545e-07
 7.97623e-07
 6.77670e-07
 5.82141e-07
 5.04997e-07
 4.41908e-07
 3.89722e-07
 3.46105e-07
 3.09308e-07
 2.77998e-07
 2.51150e-07
 2.27965e-07
 2.07812e-07
 1.90190e-07
 1.74696e-07
 1.61004e-07
 1.48847e-07
 1.38006e-07
 1.23598e-06
 1.03272e-06
 8.71106e-07
 7.41894e-07
 6.37726e-07
 5.52958e-07
 4.83310e-07
 4.25547e-07
 3.77212e-07
 3.36424e-07
 3.01736e-07
 2.72018e-07
 2.46388e-07
 2.24142e-07
 2.04723e-07
 1.87678e-07
 1.72643e-07
 1.59317e-07
 1.47455e-07
 1.36852e-07
 1.06682e-06
 9.14016e-07
 7.86479e-07
 6.80557e-07
 5.92551e-07
 5.19177e-07
 4.57692e-07
 4.05867e-07
 3.61913e-07
 3.24403e-07
 2.92196e-07
 2.64380e-07
 2.40221e-07
 2.19127e-07
 2.00616e-07
 1.84293e-07
 1.69837e-07
 1.56979e-07
 1.45498e-07
 1.35207e-07
 9.12322e-07
 8.00408e-07
 7.02310e-07
 6.17582e-07
 5.44915e-07
 4.82740e-07
 4.29515e-07
 3.83847e-07
 3.44534e-07
 3.10558e-07
 2.81071e-07
 2.55368e-07
 2.32867e-07
 2.13083e-07
 1.95617e-07
 1.80134e-07
 1.66357e-07
 1.54053e-07
 1.43025e-07
 1.33108e-07
 7.76834e-07
 6.96429e-07
 6.22445e-07
 5.55973e-07
 4.97088e-07
 4.45336e-07
 4.00029e-07
 3.60416e-07
 3.25766e-07
 2.95410e-07
 2.68754e-07
 2.45283e-07
 2.24554e-07
 2.06188e-07
 1.89864e-07
 1.75309e-07
 1.62288e-07
 1.50605e-07
 1.40091e-07
 1.30600e-07
 6.60968e-07
 6.04060e-07
 5.49103e-07
 4.97749e-07
 4.50753e-07
 4.08309e-07
 3.70288e-07
 3.36391e-07
 3.06241e-07
 2.79445e-07
 2.55622e-07
 2.34417e-07
 2.15512e-07
 1.98624e-07
 1.83503e-07
 1.69932e-07
 1.57723e-07
 1.46711e-07
 1.36755e-07
 1.27731e-07
