scalar
part
         1
quad4
 4.16658e-07
 3.94715e-07
 3.70312e-07
 3.45192e-07
 3.20469e-07
 2.96810e-07
 2.74579e-07
 2.53940e-07
 2.34931e-07
 2.17516e-07
 2.01613e-07
 1.87117e-07
 1.73916e-07
 1.61896e-07
 1.50946e-07
 1.40964e-07
 1.31855e-07
 1.23531e-07
 1.15915e-07
 1.08935e-07
 5.07196e-07
 4.70379e-07
 4.33181e-07
 3.97321e-07
 3.63712e-07
 3.32757e-07
 3.04556e-07
 2.79037e-07
 2.56035e-07
 2.35344e-07
 2.16744e-07
 2.00021e-07
 1.84972e-07
 1.71411e-07
 1.59173e-07
 1.48107e-07
 1.38083e-07
 1.28983e-07
 1.20706e-07
 1.13162e-07
 6.17342e-07
 5.59315e-07
 5.04922e-07
 4.55314e-07
 4.10779e-07
 3.71152e-07
 3.36059e-07
 3.05042e-07
 2.77636e-07
 2.53397e-07
 2.31923e-07
 2.12859e-07
 1.95891e-07
 1.80749e-07
 1.67200e-07
 1.55042e-07
 1.44103e-07
 1.34232e-07
 1.25302e-07
 1.17202e-07
 7.49088e-07
 6.61792e-07
 5.85042e-07
 5.18402e-07
 4.60858e-07
 4.11244e-07
 3.68431e-07
 3.31401e-07
 2.99272e-07
 2.71296e-07
 2.46840e-07
 2.25378e-07
 2.06468e-07
 1.89742e-07
 1.74891e-07
 1.61656e-07
 1.49820e-07
 1.39199e-07
 1.29638e-07
 1.21003e-07
 9.02507e-07
 7.76521e-07
 6.71911e-07
 5.85025e-07
 5.12602e-07
 4.51921e-07
 4.00776e-07
 3.57398e-07
 3.20379e-07
 2.88593e-07
 2.61140e-07
 2.37296e-07
 2.16477e-07
 1.98207e-07
 1.82097e-07
 1.67828e-07
 1.55138e-07
 1.43805e-07
 1.33647e-07
 1.24510e-07
 1.07415e-06
 8.99868e-07
 7.62401e-07
 6.52685e-07
 5.64077e-07
 4.91706e-07
 4.31970e-07
 3.82179e-07
 3.40302e-07
 3.04786e-07
 2.74433e-07
 2.48310e-07
 2.25679e-07
 2.05955e-07
 1.88669e-07
 1.73440e-07
 1.59959e-07
 1.47971e-07
 1.37267e-07
 1.27671e-07
 1.25539e-06
 1.02523e-06
 8.51699e-07
 7.17924e-07
 6.12802e-07
 5.28809e-07
 4.60713e-07
 4.04788e-07
 3.58331e-07
 3.19341e-07
 2.86316e-07
 2.58109e-07
 2.33835e-07
 2.12802e-07
 1.94460e-07
 1.78374e-07
 1.64190e-07
 1.51622e-07
 1.40435e-07
 1.30434e-07
 1.43146e-06
 1.14298e-06
 9.33473e-07
 7.76520e-07
 6.55915e-07
 5.61256e-07
 4.85617e-07
 4.24236e-07
 3.73750e-07
 3.31733e-07
 2.96396e-07
 2.66399e-07
 2.40720e-07
 2.18571e-07
 1.99334e-07
 1.82523e-07
 1.67746e-07
 1.54689e-07
 1.43096e-07
 1.32756e-07
 1.58249e-06
 1.24137e-06
 1.00055e-06
 8.23952e-07
 6.90477e-07
 5.87088e-07
 5.05346e-07
 4.39588e-07
 3.85895e-07
 3.41479e-07
 3.04319e-07
 2.72913e-07
 2.46132e-07
 2.23109e-07
 2.03173e-07
 1.85794e-07
 1.70554e-07
 1.57114e-07
 1.45204e-07
 1.34597e-07
 1.68690e-06
 1.30860e-06
 1.04610e-06
 8.56073e-07
 7.13880e-07
 6.04607e-07
 5.18763e-07
 4.50066e-07
 3.94217e-07
 3.48188e-07
 3.09798e-07
 2.77441e-07
 2.49913e-07
 2.26295e-07
 2.05881e-07
 1.88113e-07
 1.72554e-07
 1.58851e-07
 1.46720e-07
 1.35929e-07
 1.72725e-06
 1.33557e-06
 1.06504e-06
 8.69893e-07
 7.24277e-07
 6.12626e-07
 5.25080e-07
 4.55132e-07
 3.98341e-07
 3.51591e-07
 3.12639e-07
 2.79837e-07
 2.51952e-07
 2.28046e-07
 2.07394e-07
 1.89431e-07
 1.73709e-07
 1.59868e-07
 1.47620e-07
 1.36730e-07
 1.69647e-06
 1.31867e-06
 1.05536e-06
 8.64216e-07
 7.20921e-07
 6.10663e-07
 5.23973e-07
 4.54560e-07
 3.98108e-07
 3.51573e-07
 3.12756e-07
 2.80037e-07
 2.52202e-07
 2.28323e-07
 2.07684e-07
 1.89723e-07
 1.73997e-07
 1.60149e-07
 1.47891e-07
 1.36989e-07
 1.60108e-06
 1.26099e-06
 1.01866e-06
 8.39919e-07
 7.04315e-07
 5.99014e-07
 5.15622e-07
 4.48464e-07
 3.93588e-07
 3.48178e-07
 3.10177e-07
 2.78060e-07
 2.50673e-07
 2.27134e-07
 2.06754e-07
 1.88993e-07
 1.73422e-07
 1.59696e-07
 1.47534e-07
 1.36708e-07
 1.45886e-06
 1.17146e-06
 9.59757e-07
 7.99750e-07
 6.76102e-07
 5.78700e-07
 5.00683e-07
 4.37275e-07
 3.85075e-07
 3.41608e-07
 3.05045e-07
 2.74007e-07
 2.47441e-07
 2.24533e-07
 2.04645e-07
 1.87271e-07
 1.72007e-07
 1.58525e-07
 1.46561e-07
 1.35896e-07
 1.29202e-06
 1.06199e-06
 8.85384e-07
 7.47706e-07
 6.38746e-07
 5.51293e-07
 4.80187e-07
 4.21688e-07
 3.73044e-07
 3.32199e-07
 2.97599e-07
 2.68052e-07
 2.42632e-07
 2.20616e-07
 2.01429e-07
 1.84611e-07
 1.69793e-07
 1.56671e-07
 1.45000e-07
 1.34574e-07
 1.12045e-06
 9.44320e-07
 8.02669e-07
 6.88228e-07
 5.95095e-07
 5.18664e-07
 4.55394e-07
 4.02570e-07
 3.58105e-07
 3.20385e-07
 2.88154e-07
 2.60426e-07
 2.36420e-07
 2.15513e-07
 1.97206e-07
 1.81092e-07
 1.66840e-07
 1.54180e-07
 1.42886e-07
 1.32771e-07
 9.58085e-07
 8.27863e-07
 7.17852e-07
 6.25475e-07
 5.47952e-07
 4.82734e-07
 4.27640e-07
 3.80864e-07
 3.40934e-07
 3.06657e-07
 2.77073e-07
 2.51400e-07
 2.29008e-07
 2.09380e-07
 1.92095e-07
 1.76805e-07
 1.63223e-07
 1.51110e-07
 1.40267e-07
 1.30526e-07
 8.12535e-07
 7.18864e-07
 6.35625e-07
 5.62857e-07
 4.99770e-07
 4.45267e-07
 3.98201e-07
 3.57500e-07
 3.22214e-07
 2.91525e-07
 2.64737e-07
 2.41265e-07
 2.20619e-07
 2.02388e-07
 1.86230e-07
 1.71856e-07
 1.59023e-07
 1.47527e-07
 1.37195e-07
 1.27880e-07
 6.86572e-07
 6.20677e-07
 5.59019e-07
 5.02844e-07
 4.52476e-07
 4.07735e-07
 3.68193e-07
 3.33325e-07
 3.02592e-07
 2.75480e-07
 2.51524e-07
 2.30311e-07
 2.11479e-07
 1.94716e-07
 1.79752e-07
 1.66357e-07
 1.54330e-07
 1.43503e-07
 1.33729e-07
 1.24881e-07
 5.79944e-07
 5.34495e-07
 4.89638e-07
 4.47003e-07
 4.07434e-07
 3.71266e-07
 3.38524e-07
 3.09059e-07
 2.82633e-07
 2.58969e-07
 2.37788e-07
 2.18818e-07
 2.01811e-07
 1.86540e-07
 1.72803e-07
 1.60421e-07
 1.49237e-07
 1.39114e-07
 1.29930e-07
 1.21581e-07
