scalar
part
         1
quad4
 5.19141e-07
 4.81465e-07
 4.43466e-07
 4.06798e-07
 3.72375e-07
 3.40623e-07
 3.11660e-07
 2.85429e-07
 2.61770e-07
 2.40481e-07
 2.21341e-07
 2.04132e-07
 1.88648e-07
 1.74700e-07
 1.62116e-07
 1.50742e-07
 1.40444e-07
 1.31100e-07
 1.22605e-07
 1.14866e-07
 6.19331e-07
 5.63071e-07
 5.09658e-07
 4.60465e-07
 4.15977e-07
 3.76175e-07
 3.40784e-07
 3.09411e-07
 2.81627e-07
 2.57014e-07
 2.35184e-07
 2.15787e-07
 1.98513e-07
 1.83094e-07
 1.69293e-07
 1.56908e-07
 1.45765e-07
 1.35713e-07
 1.26620e-07
 1.18375e-07
 7.38634e-07
 6.56813e-07
 5.83379e-07
 5.18674e-07
 4.62207e-07
 4.13144e-07
 3.70564e-07
 3.33579e-07
 3.01387e-07
 2.73286e-07
 2.48677e-07
 2.27050e-07
 2.07974e-07
 1.91089e-07
 1.76088e-07
 1.62715e-07
 1.50752e-07
 1.40016e-07
 1.30351e-07
 1.21623e-07
 8.77713e-07
 7.61866e-07
 6.63319e-07
 5.80081e-07
 5.09865e-07
 4.50519e-07
 4.00176e-07
 3.57272e-07
 3.20522e-07
 2.88877e-07
 2.61486e-07
 2.37655e-07
 2.16819e-07
 1.98516e-07
 1.82364e-07
 1.68051e-07
 1.55314e-07
 1.43937e-07
 1.33737e-07
 1.24561e-07
 1.03448e-06
 8.75403e-07
 7.46833e-07
 6.42483e-07
 5.57204e-07
 4.86948e-07
 4.28583e-07
 3.79697e-07
 3.38425e-07
 3.03319e-07
 2.73249e-07
 2.47321e-07
 2.24827e-07
 2.05200e-07
 1.87983e-07
 1.72805e-07
 1.59361e-07
 1.47401e-07
 1.36719e-07
 1.27140e-07
 1.20231e-06
 9.91865e-07
 8.29677e-07
 7.02758e-07
 6.01955e-07
 5.20780e-07
 4.54579e-07
 3.99964e-07
 3.54435e-07
 3.16118e-07
 2.83590e-07
 2.55760e-07
 2.31775e-07
 2.10969e-07
 1.92809e-07
 1.76870e-07
 1.62808e-07
 1.50342e-07
 1.39241e-07
 1.29315e-07
 1.36861e-06
 1.10265e-06
 9.06076e-07
 7.57011e-07
 6.41460e-07
 5.50177e-07
 4.76872e-07
 4.17154e-07
 3.67886e-07
 3.26783e-07
 2.92147e-07
 2.62699e-07
 2.37457e-07
 2.15662e-07
 1.96718e-07
 1.80149e-07
 1.65578e-07
 1.52696e-07
 1.41254e-07
 1.31046e-07
 1.51503e-06
 1.19678e-06
 9.69285e-07
 8.00980e-07
 6.72953e-07
 5.73297e-07
 4.94207e-07
 4.30392e-07
 3.78159e-07
 3.34869e-07
 2.98593e-07
 2.67895e-07
 2.41690e-07
 2.19142e-07
 1.99603e-07
 1.82560e-07
 1.67606e-07
 1.54414e-07
 1.42718e-07
 1.32300e-07
 1.62060e-06
 1.26281e-06
 1.01271e-06
 8.30689e-07
 6.93942e-07
 5.88527e-07
 5.05511e-07
 4.38946e-07
 3.84744e-07
 3.40013e-07
 3.02665e-07
 2.71157e-07
 2.44330e-07
 2.21299e-07
 2.01381e-07
 1.84037e-07
 1.68842e-07
 1.55456e-07
 1.43601e-07
 1.33052e-07
 1.66779e-06
 1.29166e-06
 1.03131e-06
 8.43188e-07
 7.02622e-07
 5.94720e-07
 5.10032e-07
 4.42312e-07
 3.87291e-07
 3.41970e-07
 3.04187e-07
 2.72355e-07
 2.45282e-07
 2.22063e-07
 2.01998e-07
 1.84540e-07
 1.69254e-07
 1.55795e-07
 1.43882e-07
 1.33287e-07
 1.64848e-06
 1.27921e-06
 1.02284e-06
 8.37171e-07
 6.98201e-07
 5.91380e-07
 5.07448e-07
 4.40273e-07
 3.85654e-07
 3.40636e-07
 3.03087e-07
 2.71436e-07
 2.44508e-07
 2.21404e-07
 2.01433e-07
 1.84051e-07
 1.68829e-07
 1.55423e-07
 1.43554e-07
 1.32997e-07
 1.56659e-06
 1.22740e-06
 9.88337e-07
 8.13242e-07
 6.81047e-07
 5.78738e-07
 4.97912e-07
 4.32933e-07
 3.79906e-07
 3.36065e-07
 2.99402e-07
 2.68430e-07
 2.42028e-07
 2.19339e-07
 1.99698e-07
 1.82581e-07
 1.67575e-07
 1.54345e-07
 1.42623e-07
 1.32187e-07
 1.43613e-06
 1.14351e-06
 9.31837e-07
 7.73760e-07
 6.52602e-07
 5.57713e-07
 4.82026e-07
 4.20700e-07
 3.70328e-07
 3.28455e-07
 2.93276e-07
 2.63441e-07
 2.37922e-07
 2.15927e-07
 1.96838e-07
 1.80166e-07
 1.65519e-07
 1.52585e-07
 1.41105e-07
 1.30871e-07
 1.27640e-06
 1.03797e-06
 8.59335e-07
 7.22329e-07
 6.15120e-07
 5.29760e-07
 4.60759e-07
 4.04235e-07
 3.57382e-07
 3.18135e-07
 2.84948e-07
 2.56645e-07
 2.32321e-07
 2.11268e-07
 1.92931e-07
 1.76863e-07
 1.62709e-07
 1.50177e-07
 1.39031e-07
 1.29073e-07
 1.10658e-06
 9.21887e-07
 7.77510e-07
 6.63115e-07
 5.71283e-07
 4.96654e-07
 4.35314e-07
 3.84370e-07
 3.41656e-07
 3.05529e-07
 2.74727e-07
 2.48272e-07
 2.25397e-07
 2.05494e-07
 1.88077e-07
 1.72754e-07
 1.59206e-07
 1.47172e-07
 1.36439e-07
 1.26825e-07
 9.41818e-07
 8.04875e-07
 6.92556e-07
 6.00186e-07
 5.23814e-07
 4.60254e-07
 4.06984e-07
 3.62023e-07
 3.23810e-07
 2.91117e-07
 2.62970e-07
 2.38590e-07
 2.17355e-07
 1.98761e-07
 1.82398e-07
 1.67931e-07
 1.55085e-07
 1.43631e-07
 1.33378e-07
 1.24166e-07
 7.91715e-07
 6.93930e-07
 6.09420e-07
 5.37016e-07
 4.75164e-07
 4.22305e-07
 3.77026e-07
 3.38106e-07
 3.04517e-07
 2.75403e-07
 2.50054e-07
 2.27886e-07
 2.08415e-07
 1.91240e-07
 1.76029e-07
 1.62503e-07
 1.50432e-07
 1.39620e-07
 1.29902e-07
 1.21141e-07
 6.60749e-07
 5.93238e-07
 5.31508e-07
 4.76237e-07
 4.27324e-07
 3.84300e-07
 3.46557e-07
 3.13462e-07
 2.84414e-07
 2.58870e-07
 2.36353e-07
 2.16450e-07
 1.98803e-07
 1.83110e-07
 1.69109e-07
 1.56581e-07
 1.45335e-07
 1.35212e-07
 1.26072e-07
 1.17797e-07
 5.49735e-07
 5.04641e-07
 4.60781e-07
 4.19597e-07
 3.81743e-07
 3.47404e-07
 3.16500e-07
 2.88814e-07
 2.64067e-07
 2.41964e-07
 2.22217e-07
 2.04556e-07
 1.88738e-07
 1.74543e-07
 1.61780e-07
 1.50277e-07
 1.39888e-07
 1.30483e-07
 1.21948e-07
 1.14187e-07
 4.57349e-07
 4.28337e-07
 3.98043e-07
 3.68065e-07
 3.39361e-07
 3.12447e-07
 2.87556e-07
 2.64741e-07
 2.43949e-07
 2.25067e-07
 2.07954e-07
 1.92456e-07
 1.78422e-07
 1.65706e-07
 1.54174e-07
 1.43703e-07
 1.34180e-07
 1.25506e-07
 1.17593e-07
 1.10360e-07
