scalar
part
         1
quad4
 5.78558e-07
 5.33232e-07
 4.88493e-07
 4.45967e-07
 4.06497e-07
 3.70419e-07
 3.37757e-07
 3.08363e-07
 2.82000e-07
 2.58393e-07
 2.37261e-07
 2.18336e-07
 2.01369e-07
 1.86133e-07
 1.72427e-07
 1.60074e-07
 1.48916e-07
 1.38816e-07
 1.29653e-07
 1.21321e-07
 6.84931e-07
 6.19210e-07
 5.57711e-07
 5.01677e-07
 4.51435e-07
 4.06804e-07
 3.67358e-07
 3.32575e-07
 3.01915e-07
 2.74868e-07
 2.50968e-07
 2.29805e-07
 2.11016e-07
 1.94292e-07
 1.79363e-07
 1.65997e-07
 1.53999e-07
 1.43196e-07
 1.33444e-07
 1.24616e-07
 8.10590e-07
 7.17162e-07
 6.34135e-07
 5.61549e-07
 4.98619e-07
 4.44250e-07
 3.97298e-07
 3.56695e-07
 3.21494e-07
 2.90877e-07
 2.64152e-07
 2.40735e-07
 2.20136e-07
 2.01948e-07
 1.85827e-07
 1.71485e-07
 1.58681e-07
 1.47211e-07
 1.36903e-07
 1.27608e-07
 9.55782e-07
 8.25895e-07
 7.16163e-07
 6.24018e-07
 5.46688e-07
 4.81630e-07
 4.26670e-07
 3.80006e-07
 3.40171e-07
 3.05976e-07
 2.76461e-07
 2.50849e-07
 2.28508e-07
 2.08925e-07
 1.91679e-07
 1.76424e-07
 1.62873e-07
 1.50787e-07
 1.39968e-07
 1.30249e-07
 1.11774e-06
 9.42061e-07
 8.00771e-07
 6.86618e-07
 5.93717e-07
 5.17475e-07
 4.54359e-07
 4.01663e-07
 3.57304e-07
 3.19674e-07
 2.87519e-07
 2.59855e-07
 2.35904e-07
 2.15046e-07
 1.96780e-07
 1.80703e-07
 1.66483e-07
 1.53852e-07
 1.42583e-07
 1.32491e-07
 1.28886e-06
 1.05942e-06
 8.83276e-07
 7.45948e-07
 6.37262e-07
 5.50025e-07
 4.79094e-07
 4.20737e-07
 3.72210e-07
 3.31462e-07
 2.96943e-07
 2.67464e-07
 2.42104e-07
 2.20138e-07
 2.00995e-07
 1.84216e-07
 1.69430e-07
 1.56338e-07
 1.44693e-07
 1.34290e-07
 1.45523e-06
 1.16860e-06
 9.57452e-07
 7.97858e-07
 6.74524e-07
 5.77366e-07
 4.99541e-07
 4.36288e-07
 3.84213e-07
 3.40850e-07
 3.04373e-07
 2.73407e-07
 2.46903e-07
 2.24047e-07
 2.04205e-07
 1.86870e-07
 1.71640e-07
 1.58189e-07
 1.46252e-07
 1.35610e-07
 1.59703e-06
 1.25787e-06
 1.01620e-06
 8.37920e-07
 7.02664e-07
 5.97629e-07
 5.14444e-07
 4.47450e-07
 3.92708e-07
 3.47405e-07
 3.09494e-07
 2.77452e-07
 2.50129e-07
 2.26643e-07
 2.06310e-07
 1.88589e-07
 1.73053e-07
 1.59358e-07
 1.47223e-07
 1.36421e-07
 1.69209e-06
 1.31536e-06
 1.05278e-06
 8.62146e-07
 7.19225e-07
 6.09248e-07
 5.22775e-07
 4.53533e-07
 3.97218e-07
 3.50793e-07
 3.12068e-07
 2.79426e-07
 2.51655e-07
 2.27831e-07
 2.07239e-07
 1.89319e-07
 1.73628e-07
 1.59811e-07
 1.47580e-07
 1.36702e-07
 1.72272e-06
 1.33219e-06
 1.06242e-06
 8.67801e-07
 7.22569e-07
 6.11205e-07
 5.23879e-07
 4.54104e-07
 3.97451e-07
 3.50813e-07
 3.11953e-07
 2.79228e-07
 2.51407e-07
 2.27556e-07
 2.06951e-07
 1.89028e-07
 1.73341e-07
 1.59531e-07
 1.47311e-07
 1.36444e-07
 1.68242e-06
 1.30526e-06
 1.04351e-06
 8.54009e-07
 7.12195e-07
 6.03204e-07
 5.17577e-07
 4.49051e-07
 3.93337e-07
 3.47419e-07
 3.09120e-07
 2.76838e-07
 2.49373e-07
 2.25810e-07
 2.05442e-07
 1.87714e-07
 1.72190e-07
 1.58517e-07
 1.46413e-07
 1.35646e-07
 1.57829e-06
 1.23821e-06
 9.98082e-07
 8.21967e-07
 6.88849e-07
 5.85729e-07
 5.04194e-07
 4.38599e-07
 3.85036e-07
 3.40727e-07
 3.03654e-07
 2.72322e-07
 2.45603e-07
 2.22632e-07
 2.02741e-07
 1.85401e-07
 1.70195e-07
 1.56785e-07
 1.44901e-07
 1.34318e-07
 1.42770e-06
 1.14008e-06
 9.31178e-07
 7.74659e-07
 6.54375e-07
 5.59962e-07
 4.84514e-07
 4.23284e-07
 3.72921e-07
 3.31004e-07
 2.95751e-07
 2.65823e-07
 2.40204e-07
 2.18105e-07
 1.98912e-07
 1.82138e-07
 1.67394e-07
 1.54366e-07
 1.42798e-07
 1.32481e-07
 1.25214e-06
 1.02266e-06
 8.49624e-07
 7.16216e-07
 6.11373e-07
 5.27597e-07
 4.59672e-07
 4.03885e-07
 3.57540e-07
 3.18643e-07
 2.85696e-07
 2.57554e-07
 2.33336e-07
 2.12350e-07
 1.94050e-07
 1.77999e-07
 1.63847e-07
 1.51306e-07
 1.40144e-07
 1.30165e-07
 1.07143e-06
 8.97652e-07
 7.60569e-07
 6.51149e-07
 5.62774e-07
 4.90588e-07
 4.31001e-07
 3.81332e-07
 3.39555e-07
 3.04123e-07
 2.73842e-07
 2.47779e-07
 2.25199e-07
 2.05520e-07
 1.88273e-07
 1.73077e-07
 1.59626e-07
 1.47664e-07
 1.36983e-07
 1.27408e-07
 9.00282e-07
 7.74648e-07
 6.70323e-07
 5.83667e-07
 5.11431e-07
 4.50903e-07
 3.99884e-07
 3.56612e-07
 3.19681e-07
 2.87970e-07
 2.60581e-07
 2.36792e-07
 2.16019e-07
 1.97790e-07
 1.81716e-07
 1.67479e-07
 1.54816e-07
 1.43508e-07
 1.33372e-07
 1.24255e-07
 7.47292e-07
 6.60231e-07
 5.83684e-07
 5.17216e-07
 4.59818e-07
 4.10328e-07
 3.67619e-07
 3.30678e-07
 2.98625e-07
 2.70714e-07
 2.46315e-07
 2.24902e-07
 2.06034e-07
 1.89345e-07
 1.74527e-07
 1.61321e-07
 1.49511e-07
 1.38913e-07
 1.29372e-07
 1.20756e-07
 6.15902e-07
 5.58026e-07
 5.03773e-07
 4.54290e-07
 4.09865e-07
 3.70335e-07
 3.35326e-07
 3.04383e-07
 2.77041e-07
 2.52858e-07
 2.31433e-07
 2.12411e-07
 1.95482e-07
 1.80374e-07
 1.66854e-07
 1.54723e-07
 1.43807e-07
 1.33957e-07
 1.25047e-07
 1.16964e-07
 5.06045e-07
 4.69320e-07
 4.32215e-07
 3.96443e-07
 3.62915e-07
 3.32034e-07
 3.03900e-07
 2.78441e-07
 2.55492e-07
 2.34848e-07
 2.16290e-07
 1.99604e-07
 1.84588e-07
 1.71057e-07
 1.58845e-07
 1.47804e-07
 1.37801e-07
 1.28721e-07
 1.20461e-07
 1.12933e-07
 4.15738e-07
 3.93847e-07
 3.69503e-07
 3.44443e-07
 3.19778e-07
 2.96175e-07
 2.73995e-07
 2.53403e-07
 2.34438e-07
 2.17062e-07
 2.01194e-07
 1.86730e-07
 1.73558e-07
 1.61564e-07
 1.50638e-07
 1.40677e-07
 1.31587e-07
 1.23281e-07
 1.15681e-07
 1.08716e-07
