scalar
part
         1
quad4
 4.05511e-07
 3.83026e-07
 3.58480e-07
 3.33494e-07
 3.09088e-07
 2.85860e-07
 2.64125e-07
 2.44014e-07
 2.25541e-07
 2.08654e-07
 1.93261e-07
 1.79253e-07
 1.66513e-07
 1.54926e-07
 1.44383e-07
 1.34779e-07
 1.26022e-07
 1.18027e-07
 1.10715e-07
 1.04019e-07
 4.91556e-07
 4.54724e-07
 4.17901e-07
 3.82653e-07
 3.49784e-07
 3.19629e-07
 2.92240e-07
 2.67516e-07
 2.45276e-07
 2.25304e-07
 2.07375e-07
 1.91275e-07
 1.76802e-07
 1.63773e-07
 1.52023e-07
 1.41407e-07
 1.31795e-07
 1.23076e-07
 1.15148e-07
 1.07925e-07
 5.95772e-07
 5.38637e-07
 4.85425e-07
 4.37120e-07
 3.93906e-07
 3.55560e-07
 3.21675e-07
 2.91780e-07
 2.65403e-07
 2.42103e-07
 2.21484e-07
 2.03194e-07
 1.86929e-07
 1.72423e-07
 1.59452e-07
 1.47818e-07
 1.37355e-07
 1.27919e-07
 1.19385e-07
 1.11647e-07
 7.19801e-07
 6.34857e-07
 5.60483e-07
 4.96104e-07
 4.40645e-07
 3.92918e-07
 3.51795e-07
 3.16271e-07
 2.85481e-07
 2.58692e-07
 2.35293e-07
 2.14770e-07
 1.96698e-07
 1.80720e-07
 1.66540e-07
 1.53907e-07
 1.42614e-07
 1.32483e-07
 1.23365e-07
 1.15133e-07
 8.63391e-07
 7.41980e-07
 6.41426e-07
 5.58071e-07
 4.88695e-07
 4.30635e-07
 3.81744e-07
 3.40311e-07
 3.04973e-07
 2.74648e-07
 2.48468e-07
 2.25738e-07
 2.05898e-07
 1.88492e-07
 1.73149e-07
 1.59562e-07
 1.47481e-07
 1.36694e-07
 1.27027e-07
 1.18332e-07
 1.02293e-06
 8.56391e-07
 7.25212e-07
 6.20618e-07
 5.36211e-07
 4.67309e-07
 4.10461e-07
 3.63095e-07
 3.23267e-07
 2.89498e-07
 2.60644e-07
 2.35814e-07
 2.14307e-07
 1.95564e-07
 1.79140e-07
 1.64672e-07
 1.51865e-07
 1.40478e-07
 1.30311e-07
 1.21197e-07
 1.18997e-06
 9.71745e-07
 8.07262e-07
 6.80480e-07
 5.80860e-07
 5.01263e-07
 4.36730e-07
 3.83730e-07
 3.39701e-07
 3.02748e-07
 2.71446e-07
 2.44711e-07
 2.21702e-07
 2.01764e-07
 1.84377e-07
 1.69128e-07
 1.55682e-07
 1.43767e-07
 1.33161e-07
 1.23680e-07
 1.35053e-06
 1.07900e-06
 8.81664e-07
 7.33728e-07
 6.19986e-07
 5.30670e-07
 4.59269e-07
 4.01304e-07
 3.53614e-07
 3.13912e-07
 2.80514e-07
 2.52157e-07
 2.27877e-07
 2.06930e-07
 1.88736e-07
 1.72833e-07
 1.58853e-07
 1.46498e-07
 1.35528e-07
 1.25742e-07
 1.48625e-06
 1.16736e-06
 9.41836e-07
 7.76216e-07
 6.50898e-07
 5.53735e-07
 4.76854e-07
 4.14964e-07
 3.64400e-07
 3.22552e-07
 2.87525e-07
 2.57911e-07
 2.32649e-07
 2.10925e-07
 1.92108e-07
 1.75702e-07
 1.61311e-07
 1.48618e-07
 1.37367e-07
 1.27346e-07
 1.57776e-06
 1.22619e-06
 9.81618e-07
 8.04211e-07
 6.71247e-07
 5.68930e-07
 4.88462e-07
 4.24008e-07
 3.71566e-07
 3.28316e-07
 2.92222e-07
 2.61783e-07
 2.35875e-07
 2.13638e-07
 1.94410e-07
 1.77669e-07
 1.63005e-07
 1.50086e-07
 1.38646e-07
 1.28468e-07
 1.60984e-06
 1.24755e-06
 9.96567e-07
 8.15088e-07
 6.79410e-07
 5.75215e-07
 4.93405e-07
 4.27966e-07
 3.74784e-07
 3.30968e-07
 2.94434e-07
 2.63647e-07
 2.37460e-07
 2.14998e-07
 1.95585e-07
 1.78692e-07
 1.63900e-07
 1.50874e-07
 1.39344e-07
 1.29088e-07
 1.57675e-06
 1.22851e-06
 9.85060e-07
 8.07889e-07
 6.74794e-07
 5.72205e-07
 4.91423e-07
 4.26659e-07
 3.73928e-07
 3.30418e-07
 2.94094e-07
 2.63452e-07
 2.37367e-07
 2.14975e-07
 1.95610e-07
 1.78751e-07
 1.63981e-07
 1.50970e-07
 1.39449e-07
 1.29199e-07
 1.48492e-06
 1.17221e-06
 9.48770e-07
 7.83554e-07
 6.57949e-07
 5.60234e-07
 4.82727e-07
 4.20222e-07
 3.69086e-07
 3.26725e-07
 2.91241e-07
 2.61226e-07
 2.35612e-07
 2.13581e-07
 1.94495e-07
 1.77852e-07
 1.63254e-07
 1.50378e-07
 1.38966e-07
 1.28802e-07
 1.35073e-06
 1.08700e-06
 8.92244e-07
 7.44708e-07
 6.30460e-07
 5.40297e-07
 4.67961e-07
 4.09083e-07
 3.60550e-07
 3.20090e-07
 2.86020e-07
 2.57072e-07
 2.32274e-07
 2.10874e-07
 1.92281e-07
 1.76029e-07
 1.61742e-07
 1.49117e-07
 1.37907e-07
 1.27909e-07
 1.19451e-06
 9.83851e-07
 8.21746e-07
 6.95090e-07
 5.94649e-07
 5.13883e-07
 4.48105e-07
 3.93908e-07
 3.48779e-07
 3.10839e-07
 2.78664e-07
 2.51159e-07
 2.27476e-07
 2.06946e-07
 1.89041e-07
 1.73335e-07
 1.59488e-07
 1.47219e-07
 1.36300e-07
 1.26541e-07
 1.03448e-06
 8.73567e-07
 7.43852e-07
 6.38821e-07
 5.53169e-07
 4.82745e-07
 4.24347e-07
 3.75514e-07
 3.34349e-07
 2.99384e-07
 2.69471e-07
 2.43710e-07
 2.21384e-07
 2.01924e-07
 1.84869e-07
 1.69846e-07
 1.56550e-07
 1.44731e-07
 1.34181e-07
 1.24727e-07
 8.83357e-07
 7.64762e-07
 6.64301e-07
 5.79740e-07
 5.08621e-07
 4.48670e-07
 3.97934e-07
 3.54786e-07
 3.17898e-07
 2.86189e-07
 2.58787e-07
 2.34980e-07
 2.14194e-07
 1.95956e-07
 1.79881e-07
 1.65649e-07
 1.52998e-07
 1.41708e-07
 1.31594e-07
 1.22503e-07
 7.48106e-07
 6.63147e-07
 5.87394e-07
 5.20982e-07
 4.63264e-07
 4.13289e-07
 3.70049e-07
 3.32591e-07
 3.00064e-07
 2.71732e-07
 2.46969e-07
 2.25245e-07
 2.06115e-07
 1.89205e-07
 1.74204e-07
 1.60847e-07
 1.48912e-07
 1.38213e-07
 1.28591e-07
 1.19909e-07
 6.31209e-07
 5.71766e-07
 5.15892e-07
 4.64807e-07
 4.18869e-07
 3.77960e-07
 3.41726e-07
 3.09713e-07
 2.81447e-07
 2.56472e-07
 2.34372e-07
 2.14777e-07
 1.97360e-07
 1.81839e-07
 1.67971e-07
 1.55543e-07
 1.44377e-07
 1.34316e-07
 1.25226e-07
 1.16993e-07
 5.32376e-07
 4.91673e-07
 4.51244e-07
 4.12641e-07
 3.76683e-07
 3.43719e-07
 3.13802e-07
 2.86820e-07
 2.62572e-07
 2.40823e-07
 2.21323e-07
 2.03836e-07
 1.88136e-07
 1.74023e-07
 1.61314e-07
 1.49847e-07
 1.39479e-07
 1.30087e-07
 1.21559e-07
 1.13800e-07
