scalar
part
         1
quad4
 5.54723e-07
 5.11890e-07
 4.69394e-07
 4.28872e-07
 3.91185e-07
 3.56685e-07
 3.25418e-07
 2.97255e-07
 2.71977e-07
 2.49326e-07
 2.29039e-07
 2.10860e-07
 1.94553e-07
 1.79904e-07
 1.66720e-07
 1.54831e-07
 1.44088e-07
 1.34359e-07
 1.25529e-07
 1.17498e-07
 6.58567e-07
 5.95882e-07
 5.37059e-07
 4.83376e-07
 4.35188e-07
 3.92351e-07
 3.54469e-07
 3.21047e-07
 2.91574e-07
 2.65562e-07
 2.42569e-07
 2.22199e-07
 2.04108e-07
 1.87998e-07
 1.73612e-07
 1.60728e-07
 1.49157e-07
 1.38736e-07
 1.29325e-07
 1.20803e-07
 7.81501e-07
 6.91742e-07
 6.11890e-07
 5.42042e-07
 4.81468e-07
 4.29122e-07
 3.83908e-07
 3.44800e-07
 3.10887e-07
 2.81382e-07
 2.55620e-07
 2.33040e-07
 2.13172e-07
 1.95623e-07
 1.80063e-07
 1.66216e-07
 1.53850e-07
 1.42769e-07
 1.32806e-07
 1.23822e-07
 9.23788e-07
 7.98307e-07
 6.92318e-07
 6.03343e-07
 5.28692e-07
 4.65899e-07
 4.12855e-07
 3.67816e-07
 3.29365e-07
 2.96352e-07
 2.67851e-07
 2.43112e-07
 2.21529e-07
 2.02604e-07
 1.85934e-07
 1.71183e-07
 1.58076e-07
 1.46383e-07
 1.35914e-07
 1.26505e-07
 1.08267e-06
 9.12260e-07
 7.75365e-07
 6.64860e-07
 5.74981e-07
 5.01248e-07
 4.40221e-07
 3.89271e-07
 3.46381e-07
 3.09992e-07
 2.78893e-07
 2.52132e-07
 2.28958e-07
 2.08770e-07
 1.91087e-07
 1.75519e-07
 1.61747e-07
 1.49509e-07
 1.38589e-07
 1.28807e-07
 1.25051e-06
 1.02741e-06
 8.56418e-07
 7.23256e-07
 6.17944e-07
 5.33451e-07
 4.64765e-07
 4.08260e-07
 3.61270e-07
 3.21808e-07
 2.88374e-07
 2.59815e-07
 2.35241e-07
 2.13951e-07
 1.95393e-07
 1.79122e-07
 1.64782e-07
 1.52080e-07
 1.40780e-07
 1.30683e-07
 1.41344e-06
 1.13450e-06
 9.29358e-07
 7.74470e-07
 6.54846e-07
 5.60640e-07
 4.85189e-07
 4.23864e-07
 3.73372e-07
 3.31320e-07
 2.95939e-07
 2.65898e-07
 2.40179e-07
 2.17996e-07
 1.98732e-07
 1.81899e-07
 1.67107e-07
 1.54040e-07
 1.42441e-07
 1.32098e-07
 1.55182e-06
 1.22201e-06
 9.87254e-07
 8.14193e-07
 6.82929e-07
 5.80999e-07
 5.00268e-07
 4.35241e-07
 3.82095e-07
 3.38104e-07
 3.01282e-07
 2.70152e-07
 2.43601e-07
 2.20774e-07
 2.01006e-07
 1.83775e-07
 1.68664e-07
 1.55341e-07
 1.43534e-07
 1.33021e-07
 1.64417e-06
 1.27848e-06
 1.02362e-06
 8.38578e-07
 6.99815e-07
 5.93008e-07
 5.09001e-07
 4.41714e-07
 3.86971e-07
 3.41830e-07
 3.04164e-07
 2.72407e-07
 2.45381e-07
 2.22191e-07
 2.02143e-07
 1.84693e-07
 1.69410e-07
 1.55950e-07
 1.44033e-07
 1.33432e-07
 1.67396e-06
 1.29559e-06
 1.03394e-06
 8.45018e-07
 7.03933e-07
 5.95682e-07
 5.10752e-07
 4.42858e-07
 3.87712e-07
 3.42297e-07
 3.04444e-07
 2.72558e-07
 2.45443e-07
 2.22192e-07
 2.02101e-07
 1.84622e-07
 1.69320e-07
 1.55847e-07
 1.43923e-07
 1.33319e-07
 1.63584e-06
 1.27069e-06
 1.01679e-06
 8.32716e-07
 6.94812e-07
 5.88734e-07
 5.05338e-07
 4.38559e-07
 3.84241e-07
 3.39455e-07
 3.02088e-07
 2.70582e-07
 2.43771e-07
 2.20763e-07
 2.00872e-07
 1.83556e-07
 1.68390e-07
 1.55031e-07
 1.43203e-07
 1.32680e-07
 1.53716e-06
 1.20746e-06
 9.74194e-07
 8.02841e-07
 6.73167e-07
 5.72621e-07
 4.93064e-07
 4.29023e-07
 3.76704e-07
 3.33407e-07
 2.97171e-07
 2.66537e-07
 2.40407e-07
 2.17940e-07
 1.98481e-07
 1.81516e-07
 1.66637e-07
 1.53514e-07
 1.41883e-07
 1.31524e-07
 1.39446e-06
 1.11456e-06
 9.10968e-07
 7.58239e-07
 6.40753e-07
 5.48465e-07
 4.74671e-07
 4.14754e-07
 3.65451e-07
 3.24405e-07
 2.89875e-07
 2.60556e-07
 2.35453e-07
 2.13798e-07
 1.94988e-07
 1.78548e-07
 1.64096e-07
 1.51325e-07
 1.39985e-07
 1.29870e-07
 1.22775e-06
 1.00305e-06
 8.33554e-07
 7.02821e-07
 6.00036e-07
 5.17873e-07
 4.51234e-07
 3.96490e-07
 3.51001e-07
 3.12818e-07
 2.80470e-07
 2.52839e-07
 2.29059e-07
 2.08451e-07
 1.90481e-07
 1.74719e-07
 1.60822e-07
 1.48507e-07
 1.37545e-07
 1.27746e-07
 1.05549e-06
 8.83873e-07
 7.48682e-07
 6.40851e-07
 5.53793e-07
 4.82699e-07
 4.24021e-07
 3.75115e-07
 3.33984e-07
 2.99101e-07
 2.69292e-07
 2.43637e-07
 2.21413e-07
 2.02045e-07
 1.85071e-07
 1.70119e-07
 1.56883e-07
 1.45115e-07
 1.34607e-07
 1.25188e-07
 8.91490e-07
 7.66088e-07
 6.62318e-07
 5.76316e-07
 5.04733e-07
 4.44816e-07
 3.94350e-07
 3.51571e-07
 3.15079e-07
 2.83757e-07
 2.56713e-07
 2.33230e-07
 2.12730e-07
 1.94744e-07
 1.78888e-07
 1.64848e-07
 1.52361e-07
 1.41213e-07
 1.31223e-07
 1.22237e-07
 7.44060e-07
 6.55992e-07
 5.79045e-07
 5.12510e-07
 4.55222e-07
 4.05930e-07
 3.63460e-07
 3.26770e-07
 2.94966e-07
 2.67293e-07
 2.43118e-07
 2.21914e-07
 2.03239e-07
 1.86728e-07
 1.72073e-07
 1.59017e-07
 1.47345e-07
 1.36874e-07
 1.27450e-07
 1.18942e-07
 6.16707e-07
 5.57149e-07
 5.01892e-07
 4.51840e-07
 4.07118e-07
 3.67461e-07
 3.32432e-07
 3.01533e-07
 2.74272e-07
 2.50192e-07
 2.28882e-07
 2.09979e-07
 1.93168e-07
 1.78176e-07
 1.64768e-07
 1.52743e-07
 1.41927e-07
 1.32173e-07
 1.23351e-07
 1.15353e-07
 5.09615e-07
 4.70927e-07
 4.32493e-07
 3.95838e-07
 3.61734e-07
 3.30487e-07
 3.02132e-07
 2.76549e-07
 2.53543e-07
 2.32887e-07
 2.14347e-07
 1.97699e-07
 1.82734e-07
 1.69263e-07
 1.57114e-07
 1.46138e-07
 1.36201e-07
 1.27185e-07
 1.18989e-07
 1.11521e-07
 4.21094e-07
 3.97204e-07
 3.71402e-07
 3.45292e-07
 3.19880e-07
 2.95749e-07
 2.73202e-07
 2.52358e-07
 2.33226e-07
 2.15744e-07
 1.99813e-07
 1.85318e-07
 1.72138e-07
 1.60152e-07
 1.49246e-07
 1.39313e-07
 1.30256e-07
 1.21987e-07
 1.14425e-07
 1.07500e-07
