scalar
part
         1
quad4
 6.52785e-07
 5.96788e-07
 5.42659e-07
 4.92045e-07
 4.45703e-07
 4.03833e-07
 3.66314e-07
 3.32854e-07
 3.03085e-07
 2.76620e-07
 2.53086e-07
 2.32133e-07
 2.13449e-07
 1.96754e-07
 1.81803e-07
 1.68383e-07
 1.56307e-07
 1.45413e-07
 1.35562e-07
 1.26631e-07
 7.67742e-07
 6.88472e-07
 6.15490e-07
 5.49894e-07
 4.91767e-07
 4.40666e-07
 3.95919e-07
 3.56787e-07
 3.22549e-07
 2.92547e-07
 2.66197e-07
 2.42991e-07
 2.22492e-07
 2.04326e-07
 1.88177e-07
 1.73775e-07
 1.60889e-07
 1.49325e-07
 1.38916e-07
 1.29519e-07
 9.02254e-07
 7.91743e-07
 6.94852e-07
 6.11151e-07
 5.39353e-07
 4.77910e-07
 4.25302e-07
 3.80155e-07
 3.41284e-07
 3.07683e-07
 2.78516e-07
 2.53088e-07
 2.30822e-07
 2.11242e-07
 1.93953e-07
 1.78625e-07
 1.64984e-07
 1.52798e-07
 1.41876e-07
 1.32052e-07
 1.05573e-06
 9.04654e-07
 7.78555e-07
 6.73824e-07
 5.86799e-07
 5.14235e-07
 4.53421e-07
 4.02152e-07
 3.58664e-07
 3.21544e-07
 2.89667e-07
 2.62131e-07
 2.38212e-07
 2.17323e-07
 1.98989e-07
 1.82821e-07
 1.68499e-07
 1.55759e-07
 1.44381e-07
 1.34182e-07
 1.22387e-06
 1.02272e-06
 8.62796e-07
 7.34939e-07
 6.31861e-07
 5.47971e-07
 4.79037e-07
 4.21858e-07
 3.74003e-07
 3.33615e-07
 2.99261e-07
 2.69825e-07
 2.44433e-07
 2.22391e-07
 2.03147e-07
 1.86254e-07
 1.71350e-07
 1.58139e-07
 1.46378e-07
 1.35865e-07
 1.39666e-06
 1.13818e-06
 9.41982e-07
 7.90568e-07
 6.71794e-07
 5.77195e-07
 5.00792e-07
 4.38301e-07
 3.86601e-07
 3.43383e-07
 3.06917e-07
 2.75885e-07
 2.49271e-07
 2.26284e-07
 2.06301e-07
 1.88826e-07
 1.73459e-07
 1.59877e-07
 1.47817e-07
 1.37061e-07
 1.55692e-06
 1.23994e-06
 1.00902e-06
 8.36136e-07
 7.03603e-07
 5.99907e-07
 5.17327e-07
 4.50542e-07
 3.95795e-07
 3.50376e-07
 3.12295e-07
 2.80059e-07
 2.52538e-07
 2.28860e-07
 2.08344e-07
 1.90454e-07
 1.74763e-07
 1.60924e-07
 1.48660e-07
 1.37741e-07
 1.68149e-06
 1.31491e-06
 1.05629e-06
 8.67058e-07
 7.24437e-07
 6.14286e-07
 5.27446e-07
 4.57777e-07
 4.01034e-07
 3.54208e-07
 3.15118e-07
 2.82150e-07
 2.54090e-07
 2.30011e-07
 2.09195e-07
 1.91078e-07
 1.75214e-07
 1.61244e-07
 1.48878e-07
 1.37881e-07
 1.74669e-06
 1.35107e-06
 1.07729e-06
 8.79631e-07
 7.32096e-07
 6.18972e-07
 5.30283e-07
 4.59439e-07
 4.01938e-07
 3.54619e-07
 3.15207e-07
 2.82029e-07
 2.53834e-07
 2.29671e-07
 2.08805e-07
 1.90661e-07
 1.74786e-07
 1.60815e-07
 1.48456e-07
 1.37470e-07
 1.73724e-06
 1.34128e-06
 1.06841e-06
 8.71911e-07
 7.25477e-07
 6.13315e-07
 5.25441e-07
 4.55279e-07
 3.98348e-07
 3.51506e-07
 3.12492e-07
 2.79651e-07
 2.51741e-07
 2.27819e-07
 2.07160e-07
 1.89194e-07
 1.73472e-07
 1.59634e-07
 1.47391e-07
 1.36506e-07
 1.65348e-06
 1.28607e-06
 1.03009e-06
 8.44230e-07
 7.04829e-07
 5.97503e-07
 5.13064e-07
 4.45409e-07
 3.90351e-07
 3.44935e-07
 3.07029e-07
 2.75058e-07
 2.47843e-07
 2.24484e-07
 2.04283e-07
 1.86696e-07
 1.71288e-07
 1.57714e-07
 1.45694e-07
 1.34999e-07
 1.51102e-06
 1.19332e-06
 9.66662e-07
 7.99122e-07
 6.71715e-07
 5.72541e-07
 4.93822e-07
 4.30289e-07
 3.78271e-07
 3.35143e-07
 2.98988e-07
 2.68381e-07
 2.42241e-07
 2.19741e-07
 2.00234e-07
 1.83213e-07
 1.68272e-07
 1.55086e-07
 1.43391e-07
 1.32970e-07
 1.33333e-06
 1.07538e-06
 8.85062e-07
 7.40710e-07
 6.28693e-07
 5.40080e-07
 4.68814e-07
 4.10671e-07
 3.62636e-07
 3.22507e-07
 2.88648e-07
 2.59824e-07
 2.35090e-07
 2.13709e-07
 1.95105e-07
 1.78819e-07
 1.64481e-07
 1.51795e-07
 1.40517e-07
 1.30447e-07
 1.14338e-06
 9.45370e-07
 7.93101e-07
 6.73815e-07
 5.78845e-07
 5.02146e-07
 4.39410e-07
 3.87505e-07
 3.44118e-07
 3.07512e-07
 2.76363e-07
 2.49654e-07
 2.26590e-07
 2.06543e-07
 1.89016e-07
 1.73606e-07
 1.59990e-07
 1.47901e-07
 1.37122e-07
 1.27471e-07
 9.58911e-07
 8.14510e-07
 6.97963e-07
 6.03127e-07
 5.25294e-07
 4.60864e-07
 4.07084e-07
 3.61833e-07
 3.23467e-07
 2.90706e-07
 2.62541e-07
 2.38177e-07
 2.16974e-07
 1.98422e-07
 1.82106e-07
 1.67686e-07
 1.54886e-07
 1.43475e-07
 1.33262e-07
 1.24087e-07
 7.91146e-07
 6.90881e-07
 6.05330e-07
 5.32620e-07
 4.70832e-07
 4.18216e-07
 3.73259e-07
 3.34686e-07
 3.01441e-07
 2.72653e-07
 2.47607e-07
 2.25715e-07
 2.06493e-07
 1.89541e-07
 1.74528e-07
 1.61180e-07
 1.49265e-07
 1.38593e-07
 1.29000e-07
 1.20348e-07
 6.45506e-07
 5.79329e-07
 5.19087e-07
 4.65274e-07
 4.17704e-07
 3.75878e-07
 3.39187e-07
 3.07007e-07
 2.78753e-07
 2.53898e-07
 2.31979e-07
 2.12594e-07
 1.95398e-07
 1.80097e-07
 1.66440e-07
 1.54212e-07
 1.43231e-07
 1.33339e-07
 1.24403e-07
 1.16309e-07
 5.23148e-07
 4.81994e-07
 4.41442e-07
 4.03038e-07
 3.67520e-07
 3.35143e-07
 3.05890e-07
 2.79597e-07
 2.56030e-07
 2.34931e-07
 2.16042e-07
 1.99117e-07
 1.83932e-07
 1.70286e-07
 1.57998e-07
 1.46911e-07
 1.36884e-07
 1.27796e-07
 1.19541e-07
 1.12026e-07
 4.22613e-07
 3.99088e-07
 3.73265e-07
 3.46964e-07
 3.21299e-07
 2.96912e-07
 2.74130e-07
 2.53086e-07
 2.33787e-07
 2.16170e-07
 2.00135e-07
 1.85559e-07
 1.72318e-07
 1.60288e-07
 1.49350e-07
 1.39395e-07
 1.30324e-07
 1.22047e-07
 1.14482e-07
 1.07556e-07
 3.41181e-07
 3.29650e-07
 3.14492e-07
 2.97402e-07
 2.79555e-07
 2.61730e-07
 2.44424e-07
 2.27934e-07
 2.12421e-07
 1.97953e-07
 1.84540e-07
 1.72156e-07
 1.60751e-07
 1.50265e-07
 1.40629e-07
 1.31778e-07
 1.23646e-07
 1.16170e-07
 1.09291e-07
 1.02956e-07
