scalar
part
         1
quad4
 5.35535e-07
 4.96122e-07
 4.56609e-07
 4.18613e-07
 3.83020e-07
 3.50233e-07
 3.20354e-07
 2.93309e-07
 2.68928e-07
 2.46997e-07
 2.27286e-07
 2.09568e-07
 1.93630e-07
 1.79276e-07
 1.66329e-07
 1.54629e-07
 1.44037e-07
 1.34429e-07
 1.25695e-07
 1.17740e-07
 6.37118e-07
 5.78844e-07
 5.23702e-07
 4.73007e-07
 4.27206e-07
 3.86253e-07
 3.49851e-07
 3.17587e-07
 2.89018e-07
 2.63713e-07
 2.41272e-07
 2.21333e-07
 2.03580e-07
 1.87733e-07
 1.73553e-07
 1.60829e-07
 1.49382e-07
 1.39057e-07
 1.29720e-07
 1.21253e-07
 7.57831e-07
 6.73722e-07
 5.98337e-07
 5.31946e-07
 4.74015e-07
 4.23677e-07
 3.79985e-07
 3.42029e-07
 3.08988e-07
 2.80145e-07
 2.54885e-07
 2.32685e-07
 2.13105e-07
 1.95774e-07
 1.80379e-07
 1.66655e-07
 1.54379e-07
 1.43364e-07
 1.33449e-07
 1.24496e-07
 8.98338e-07
 7.79941e-07
 6.79212e-07
 5.94089e-07
 5.22242e-07
 4.61486e-07
 4.09925e-07
 3.65967e-07
 3.28304e-07
 2.95867e-07
 2.67787e-07
 2.43354e-07
 2.21992e-07
 2.03226e-07
 1.86667e-07
 1.71993e-07
 1.58936e-07
 1.47275e-07
 1.36821e-07
 1.27417e-07
 1.05661e-06
 8.94720e-07
 7.63701e-07
 6.57234e-07
 5.70136e-07
 4.98322e-07
 4.38625e-07
 3.88599e-07
 3.46350e-07
 3.10405e-07
 2.79610e-07
 2.53054e-07
 2.30015e-07
 2.09912e-07
 1.92277e-07
 1.76731e-07
 1.62962e-07
 1.50715e-07
 1.39776e-07
 1.29968e-07
 1.22623e-06
 1.01259e-06
 8.47593e-07
 7.18264e-07
 6.15418e-07
 5.32520e-07
 4.64867e-07
 4.09026e-07
 3.62458e-07
 3.23257e-07
 2.89974e-07
 2.61494e-07
 2.36949e-07
 2.15656e-07
 1.97072e-07
 1.80761e-07
 1.66372e-07
 1.53616e-07
 1.42259e-07
 1.32104e-07
 1.39490e-06
 1.12505e-06
 9.25129e-07
 7.73270e-07
 6.55410e-07
 5.62222e-07
 4.87341e-07
 4.26313e-07
 3.75951e-07
 3.33927e-07
 2.98511e-07
 2.68397e-07
 2.42585e-07
 2.20298e-07
 2.00926e-07
 1.83984e-07
 1.69086e-07
 1.55917e-07
 1.44219e-07
 1.33784e-07
 1.54450e-06
 1.22114e-06
 9.89522e-07
 8.17941e-07
 6.87303e-07
 5.85553e-07
 5.04770e-07
 4.39571e-07
 3.86198e-07
 3.41959e-07
 3.04887e-07
 2.73516e-07
 2.46736e-07
 2.23696e-07
 2.03730e-07
 1.86317e-07
 1.71040e-07
 1.57564e-07
 1.45616e-07
 1.34976e-07
 1.65393e-06
 1.28922e-06
 1.03403e-06
 8.48200e-07
 7.08541e-07
 6.00859e-07
 5.16052e-07
 4.48049e-07
 3.92677e-07
 3.46984e-07
 3.08835e-07
 2.76655e-07
 2.49257e-07
 2.25740e-07
 2.05402e-07
 1.87695e-07
 1.72183e-07
 1.58518e-07
 1.46419e-07
 1.35653e-07
 1.70474e-06
 1.31974e-06
 1.05336e-06
 8.60955e-07
 7.17235e-07
 6.06946e-07
 5.20408e-07
 4.51225e-07
 3.95030e-07
 3.48750e-07
 3.10177e-07
 2.77683e-07
 2.50053e-07
 2.26359e-07
 2.05886e-07
 1.88075e-07
 1.72483e-07
 1.58756e-07
 1.46606e-07
 1.35801e-07
 1.68743e-06
 1.30795e-06
 1.04496e-06
 8.54747e-07
 7.12516e-07
 6.03273e-07
 5.17492e-07
 4.48872e-07
 3.93103e-07
 3.47153e-07
 3.08837e-07
 2.76549e-07
 2.49083e-07
 2.25524e-07
 2.05163e-07
 1.87444e-07
 1.71929e-07
 1.58266e-07
 1.46172e-07
 1.35414e-07
 1.60478e-06
 1.25532e-06
 1.00965e-06
 8.30075e-07
 6.94698e-07
 5.90049e-07
 5.07447e-07
 4.41089e-07
 3.86967e-07
 3.42242e-07
 3.04855e-07
 2.73280e-07
 2.46373e-07
 2.23254e-07
 2.03245e-07
 1.85811e-07
 1.70528e-07
 1.57057e-07
 1.45122e-07
 1.34497e-07
 1.47067e-06
 1.16901e-06
 9.51424e-07
 7.89286e-07
 6.65227e-07
 5.68196e-07
 4.90881e-07
 4.28289e-07
 3.76911e-07
 3.34225e-07
 2.98378e-07
 2.67988e-07
 2.42002e-07
 2.19610e-07
 2.00181e-07
 1.83214e-07
 1.68312e-07
 1.55152e-07
 1.43475e-07
 1.33065e-07
 1.30519e-06
 1.05984e-06
 8.76449e-07
 7.36076e-07
 6.26409e-07
 5.39205e-07
 4.68787e-07
 4.11150e-07
 3.63407e-07
 3.23437e-07
 2.89653e-07
 2.60852e-07
 2.36107e-07
 2.14696e-07
 1.96050e-07
 1.79715e-07
 1.65327e-07
 1.52589e-07
 1.41261e-07
 1.31142e-07
 1.12877e-06
 9.39484e-07
 7.91709e-07
 6.74777e-07
 5.81022e-07
 5.04909e-07
 4.42404e-07
 3.90531e-07
 3.47063e-07
 3.10317e-07
 2.79000e-07
 2.52111e-07
 2.28868e-07
 2.08648e-07
 1.90957e-07
 1.75395e-07
 1.61638e-07
 1.49420e-07
 1.38523e-07
 1.28763e-07
 9.57671e-07
 8.18167e-07
 7.03730e-07
 6.09649e-07
 5.31905e-07
 4.67241e-07
 4.13076e-07
 3.67381e-07
 3.28561e-07
 2.95361e-07
 2.66786e-07
 2.42041e-07
 2.20493e-07
 2.01628e-07
 1.85028e-07
 1.70354e-07
 1.57325e-07
 1.45707e-07
 1.35309e-07
 1.25968e-07
 8.02127e-07
 7.03307e-07
 6.17727e-07
 5.44337e-07
 4.81620e-07
 4.28018e-07
 3.82105e-07
 3.42646e-07
 3.08597e-07
 2.79089e-07
 2.53401e-07
 2.30939e-07
 2.11212e-07
 1.93812e-07
 1.78402e-07
 1.64701e-07
 1.52473e-07
 1.41520e-07
 1.31677e-07
 1.22802e-07
 6.66842e-07
 5.99309e-07
 5.37280e-07
 4.81596e-07
 4.32242e-07
 3.88791e-07
 3.50652e-07
 3.17199e-07
 2.87830e-07
 2.62001e-07
 2.39232e-07
 2.19103e-07
 2.01256e-07
 1.85383e-07
 1.71223e-07
 1.58551e-07
 1.47175e-07
 1.36935e-07
 1.27688e-07
 1.19317e-07
 5.52582e-07
 5.08067e-07
 4.64423e-07
 4.23244e-07
 3.85279e-07
 3.50771e-07
 3.19673e-07
 2.91787e-07
 2.66845e-07
 2.44557e-07
 2.24637e-07
 2.06817e-07
 1.90852e-07
 1.76523e-07
 1.63636e-07
 1.52020e-07
 1.41528e-07
 1.32027e-07
 1.23406e-07
 1.15564e-07
 4.57856e-07
 4.29734e-07
 3.99968e-07
 3.70275e-07
 3.41699e-07
 3.14814e-07
 2.89891e-07
 2.67009e-07
 2.46130e-07
 2.27151e-07
 2.09937e-07
 1.94339e-07
 1.80208e-07
 1.67399e-07
 1.55778e-07
 1.45223e-07
 1.35622e-07
 1.26875e-07
 1.18893e-07
 1.11596e-07
