scalar
part
         1
quad4
 4.34714e-07
 4.09956e-07
 3.83123e-07
 3.55945e-07
 3.29496e-07
 3.04401e-07
 2.80978e-07
 2.59351e-07
 2.39523e-07
 2.21428e-07
 2.04957e-07
 1.89987e-07
 1.76389e-07
 1.64033e-07
 1.52801e-07
 1.42579e-07
 1.33265e-07
 1.24766e-07
 1.16999e-07
 1.09890e-07
 5.26919e-07
 4.86626e-07
 4.46536e-07
 4.08304e-07
 3.72763e-07
 3.40242e-07
 3.10772e-07
 2.84223e-07
 2.60382e-07
 2.39005e-07
 2.19842e-07
 2.02653e-07
 1.87219e-07
 1.73338e-07
 1.60830e-07
 1.49539e-07
 1.39323e-07
 1.30062e-07
 1.21646e-07
 1.13983e-07
 6.38626e-07
 5.76351e-07
 5.18569e-07
 4.66281e-07
 4.19634e-07
 3.78343e-07
 3.41934e-07
 3.09871e-07
 2.81629e-07
 2.56718e-07
 2.34702e-07
 2.15195e-07
 1.97865e-07
 1.82425e-07
 1.68628e-07
 1.56264e-07
 1.45151e-07
 1.35135e-07
 1.26082e-07
 1.17878e-07
 7.71582e-07
 6.79200e-07
 5.98581e-07
 5.29004e-07
 4.69227e-07
 4.17905e-07
 3.73775e-07
 3.35722e-07
 3.02793e-07
 2.74183e-07
 2.49224e-07
 2.27357e-07
 2.08119e-07
 1.91126e-07
 1.76056e-07
 1.62641e-07
 1.50655e-07
 1.39909e-07
 1.30243e-07
 1.21520e-07
 9.25464e-07
 7.93603e-07
 6.84757e-07
 5.94798e-07
 5.20123e-07
 4.57773e-07
 4.05376e-07
 3.61048e-07
 3.23300e-07
 2.90948e-07
 2.63052e-07
 2.38857e-07
 2.17758e-07
 1.99262e-07
 1.82969e-07
 1.68552e-07
 1.55739e-07
 1.44305e-07
 1.34063e-07
 1.24856e-07
 1.09625e-06
 9.15577e-07
 7.73770e-07
 6.61051e-07
 5.70328e-07
 4.96441e-07
 4.35599e-07
 3.84989e-07
 3.42496e-07
 3.06512e-07
 2.75799e-07
 2.49395e-07
 2.26544e-07
 2.06646e-07
 1.89220e-07
 1.73880e-07
 1.60308e-07
 1.48246e-07
 1.37482e-07
 1.27836e-07
 1.27458e-06
 1.03816e-06
 8.60633e-07
 7.24230e-07
 6.17332e-07
 5.32111e-07
 4.63145e-07
 4.06595e-07
 3.59680e-07
 3.20350e-07
 2.87070e-07
 2.58669e-07
 2.34246e-07
 2.13098e-07
 1.94667e-07
 1.78511e-07
 1.64272e-07
 1.51660e-07
 1.40439e-07
 1.30411e-07
 1.44506e-06
 1.15149e-06
 9.38948e-07
 7.80111e-07
 6.58294e-07
 5.62836e-07
 4.86655e-07
 4.24900e-07
 3.74154e-07
 3.31952e-07
 2.96484e-07
 2.66392e-07
 2.40646e-07
 2.18448e-07
 1.99178e-07
 1.82343e-07
 1.67550e-07
 1.54482e-07
 1.42882e-07
 1.32539e-07
 1.58763e-06
 1.24388e-06
 1.00166e-06
 8.24276e-07
 6.90360e-07
 5.86721e-07
 5.04840e-07
 4.39009e-07
 3.85282e-07
 3.40858e-07
 3.03704e-07
 2.72314e-07
 2.45553e-07
 2.22554e-07
 2.02641e-07
 1.85287e-07
 1.70071e-07
 1.56656e-07
 1.44767e-07
 1.34183e-07
 1.68149e-06
 1.30405e-06
 1.04226e-06
 8.52804e-07
 7.11072e-07
 6.02172e-07
 5.16634e-07
 4.48191e-07
 3.92553e-07
 3.46703e-07
 3.08465e-07
 2.76237e-07
 2.48820e-07
 2.25300e-07
 2.04970e-07
 1.87278e-07
 1.71784e-07
 1.58140e-07
 1.46061e-07
 1.35316e-07
 1.71095e-06
 1.32384e-06
 1.05621e-06
 8.63016e-07
 7.18776e-07
 6.08129e-07
 5.21337e-07
 4.51969e-07
 3.95634e-07
 3.49249e-07
 3.10592e-07
 2.78034e-07
 2.50351e-07
 2.26615e-07
 2.06109e-07
 1.88269e-07
 1.72653e-07
 1.58906e-07
 1.46739e-07
 1.35920e-07
 1.67093e-06
 1.30063e-06
 1.04205e-06
 8.54044e-07
 7.12930e-07
 6.04240e-07
 5.18709e-07
 4.50177e-07
 3.94407e-07
 3.48409e-07
 3.10024e-07
 2.77656e-07
 2.50109e-07
 2.26471e-07
 2.06033e-07
 1.88244e-07
 1.72664e-07
 1.58942e-07
 1.46794e-07
 1.35987e-07
 1.56933e-06
 1.23829e-06
 1.00182e-06
 8.27035e-07
 6.94207e-07
 5.90912e-07
 5.09010e-07
 4.42981e-07
 3.88981e-07
 3.44259e-07
 3.06809e-07
 2.75139e-07
 2.48119e-07
 2.24883e-07
 2.04758e-07
 1.87212e-07
 1.71824e-07
 1.58255e-07
 1.46228e-07
 1.35520e-07
 1.42416e-06
 1.14599e-06
 9.40538e-07
 7.84886e-07
 6.64358e-07
 5.69247e-07
 4.92949e-07
 4.30856e-07
 3.79679e-07
 3.37022e-07
 3.01108e-07
 2.70597e-07
 2.44464e-07
 2.21915e-07
 2.02328e-07
 1.85208e-07
 1.70159e-07
 1.56863e-07
 1.45059e-07
 1.34532e-07
 1.25704e-06
 1.03549e-06
 8.64926e-07
 7.31621e-07
 6.25884e-07
 5.40848e-07
 4.71587e-07
 4.14518e-07
 3.66998e-07
 3.27049e-07
 2.93172e-07
 2.64214e-07
 2.39281e-07
 2.17669e-07
 1.98821e-07
 1.82291e-07
 1.67716e-07
 1.54805e-07
 1.43314e-07
 1.33045e-07
 1.08696e-06
 9.18113e-07
 7.81925e-07
 6.71603e-07
 5.81603e-07
 5.07583e-07
 4.46189e-07
 3.94842e-07
 3.51554e-07
 3.14782e-07
 2.83323e-07
 2.56228e-07
 2.32747e-07
 2.12279e-07
 1.94341e-07
 1.78541e-07
 1.64557e-07
 1.52127e-07
 1.41033e-07
 1.31091e-07
 9.27048e-07
 8.02819e-07
 6.97531e-07
 6.08862e-07
 5.34253e-07
 4.71337e-07
 4.18074e-07
 3.72766e-07
 3.34023e-07
 3.00714e-07
 2.71925e-07
 2.46911e-07
 2.25069e-07
 2.05904e-07
 1.89010e-07
 1.74054e-07
 1.60758e-07
 1.48892e-07
 1.38262e-07
 1.28708e-07
 7.84333e-07
 6.95471e-07
 6.16196e-07
 5.46660e-07
 4.86197e-07
 4.33822e-07
 3.88487e-07
 3.49201e-07
 3.15078e-07
 2.85349e-07
 2.59358e-07
 2.36554e-07
 2.16470e-07
 1.98715e-07
 1.82963e-07
 1.68936e-07
 1.56402e-07
 1.45165e-07
 1.35058e-07
 1.25940e-07
 6.61234e-07
 5.99144e-07
 5.40752e-07
 4.87334e-07
 4.39273e-07
 3.96453e-07
 3.58509e-07
 3.24972e-07
 2.95349e-07
 2.69168e-07
 2.45996e-07
 2.25445e-07
 2.07175e-07
 1.90892e-07
 1.76339e-07
 1.63298e-07
 1.51579e-07
 1.41019e-07
 1.31478e-07
 1.22835e-07
 5.57309e-07
 5.14854e-07
 4.72658e-07
 4.32342e-07
 3.94769e-07
 3.60303e-07
 3.29008e-07
 3.00771e-07
 2.75387e-07
 2.52609e-07
 2.32181e-07
 2.13856e-07
 1.97402e-07
 1.82606e-07
 1.69280e-07
 1.57255e-07
 1.46382e-07
 1.36530e-07
 1.27584e-07
 1.19443e-07
