scalar
part
         1
quad4
 5.70316e-07
 5.26038e-07
 4.82235e-07
 4.40530e-07
 4.01771e-07
 3.66302e-07
 3.34161e-07
 3.05212e-07
 2.79228e-07
 2.55944e-07
 2.35090e-07
 2.16403e-07
 1.99640e-07
 1.84582e-07
 1.71031e-07
 1.58812e-07
 1.47771e-07
 1.37774e-07
 1.28702e-07
 1.20451e-07
 6.75645e-07
 6.11267e-07
 5.50927e-07
 4.95879e-07
 4.46464e-07
 4.02527e-07
 3.63662e-07
 3.29364e-07
 2.99112e-07
 2.72409e-07
 2.48801e-07
 2.27884e-07
 2.09307e-07
 1.92764e-07
 1.77991e-07
 1.64761e-07
 1.52880e-07
 1.42180e-07
 1.32518e-07
 1.23770e-07
 8.00174e-07
 7.08459e-07
 6.26853e-07
 5.55433e-07
 4.93454e-07
 4.39861e-07
 3.93545e-07
 3.53465e-07
 3.18695e-07
 2.88438e-07
 2.62013e-07
 2.38848e-07
 2.18464e-07
 2.00458e-07
 1.84492e-07
 1.70285e-07
 1.57598e-07
 1.46229e-07
 1.36009e-07
 1.26792e-07
 9.44211e-07
 8.16481e-07
 7.08460e-07
 6.17666e-07
 5.41405e-07
 4.77197e-07
 4.22918e-07
 3.76804e-07
 3.37416e-07
 3.03589e-07
 2.74377e-07
 2.49018e-07
 2.26890e-07
 2.07488e-07
 1.90395e-07
 1.75272e-07
 1.61834e-07
 1.49846e-07
 1.39113e-07
 1.29469e-07
 1.10510e-06
 9.32077e-07
 7.92790e-07
 6.80159e-07
 5.88424e-07
 5.13086e-07
 4.50680e-07
 3.98546e-07
 3.54639e-07
 3.17375e-07
 2.85520e-07
 2.58105e-07
 2.34361e-07
 2.13677e-07
 1.95559e-07
 1.79608e-07
 1.65498e-07
 1.52960e-07
 1.41773e-07
 1.31752e-07
 1.27544e-06
 1.04914e-06
 8.75248e-07
 7.39564e-07
 6.32100e-07
 5.45789e-07
 4.75569e-07
 4.17769e-07
 3.69684e-07
 3.29291e-07
 2.95060e-07
 2.65819e-07
 2.40655e-07
 2.18855e-07
 1.99851e-07
 1.83190e-07
 1.68507e-07
 1.55503e-07
 1.43933e-07
 1.33597e-07
 1.44161e-06
 1.15846e-06
 9.49693e-07
 7.91778e-07
 6.69660e-07
 5.73403e-07
 4.96262e-07
 4.33537e-07
 3.81878e-07
 3.38846e-07
 3.02637e-07
 2.71891e-07
 2.45568e-07
 2.22864e-07
 2.03150e-07
 1.85924e-07
 1.70787e-07
 1.57417e-07
 1.45549e-07
 1.34969e-07
 1.58408e-06
 1.24845e-06
 1.00909e-06
 8.32406e-07
 6.98278e-07
 5.94068e-07
 5.11502e-07
 4.44984e-07
 3.90613e-07
 3.45606e-07
 3.07934e-07
 2.76087e-07
 2.48926e-07
 2.25575e-07
 2.05356e-07
 1.87732e-07
 1.72279e-07
 1.58655e-07
 1.46583e-07
 1.35835e-07
 1.68094e-06
 1.30733e-06
 1.04674e-06
 8.57460e-07
 7.15491e-07
 6.06207e-07
 5.20253e-07
 4.51410e-07
 3.95408e-07
 3.49233e-07
 3.10709e-07
 2.78232e-07
 2.50599e-07
 2.26890e-07
 2.06395e-07
 1.88558e-07
 1.72939e-07
 1.59184e-07
 1.47007e-07
 1.36177e-07
 1.71445e-06
 1.32614e-06
 1.05780e-06
 8.64161e-07
 7.19628e-07
 6.08780e-07
 5.21845e-07
 4.52373e-07
 3.95961e-07
 3.49517e-07
 3.10815e-07
 2.78221e-07
 2.50510e-07
 2.26751e-07
 2.06226e-07
 1.88371e-07
 1.72742e-07
 1.58984e-07
 1.46808e-07
 1.35981e-07
 1.67770e-06
 1.30155e-06
 1.04053e-06
 8.51551e-07
 7.10137e-07
 6.01455e-07
 5.16073e-07
 4.47743e-07
 3.92191e-07
 3.46405e-07
 3.08217e-07
 2.76029e-07
 2.48644e-07
 2.25149e-07
 2.04840e-07
 1.87164e-07
 1.71685e-07
 1.58053e-07
 1.45984e-07
 1.35248e-07
 1.57714e-06
 1.23688e-06
 9.96761e-07
 8.20718e-07
 6.87696e-07
 5.84674e-07
 5.03235e-07
 4.37727e-07
 3.84242e-07
 3.40003e-07
 3.02992e-07
 2.71715e-07
 2.45045e-07
 2.22118e-07
 2.02266e-07
 1.84961e-07
 1.69786e-07
 1.56405e-07
 1.44546e-07
 1.33986e-07
 1.42955e-06
 1.14086e-06
 9.31380e-07
 7.74542e-07
 6.54083e-07
 5.59578e-07
 4.84085e-07
 4.22838e-07
 3.72474e-07
 3.30567e-07
 2.95328e-07
 2.65418e-07
 2.39817e-07
 2.17738e-07
 1.98564e-07
 1.81809e-07
 1.67082e-07
 1.54071e-07
 1.42519e-07
 1.32216e-07
 1.25612e-06
 1.02508e-06
 8.51085e-07
 7.17075e-07
 6.11848e-07
 5.27822e-07
 4.59733e-07
 4.03839e-07
 3.57423e-07
 3.18480e-07
 2.85504e-07
 2.57345e-07
 2.33117e-07
 2.12127e-07
 1.93827e-07
 1.77779e-07
 1.63631e-07
 1.51095e-07
 1.39939e-07
 1.29966e-07
 1.07670e-06
 9.01198e-07
 7.62974e-07
 6.52786e-07
 5.63886e-07
 4.91337e-07
 4.31496e-07
 3.81646e-07
 3.39740e-07
 3.04215e-07
 2.73866e-07
 2.47755e-07
 2.25140e-07
 2.05436e-07
 1.88170e-07
 1.72962e-07
 1.59502e-07
 1.47536e-07
 1.36851e-07
 1.27275e-07
 9.06150e-07
 7.78861e-07
 6.73364e-07
 5.85874e-07
 5.13040e-07
 4.52079e-07
 4.00744e-07
 3.57238e-07
 3.20133e-07
 2.88291e-07
 2.60803e-07
 2.36939e-07
 2.16109e-07
 1.97835e-07
 1.81728e-07
 1.67465e-07
 1.54782e-07
 1.43458e-07
 1.33311e-07
 1.24185e-07
 7.53295e-07
 6.64757e-07
 5.87103e-07
 5.19807e-07
 4.61790e-07
 4.11833e-07
 3.68772e-07
 3.31563e-07
 2.99305e-07
 2.71235e-07
 2.46712e-07
 2.25202e-07
 2.06259e-07
 1.89510e-07
 1.74644e-07
 1.61401e-07
 1.49560e-07
 1.38938e-07
 1.29378e-07
 1.20747e-07
 6.21754e-07
 5.62615e-07
 5.07366e-07
 4.57107e-07
 4.12078e-07
 3.72079e-07
 3.36704e-07
 3.05475e-07
 2.77908e-07
 2.53547e-07
 2.31982e-07
 2.12848e-07
 1.95827e-07
 1.80647e-07
 1.67068e-07
 1.54889e-07
 1.43934e-07
 1.34053e-07
 1.25116e-07
 1.17011e-07
 5.11590e-07
 4.73811e-07
 4.35838e-07
 3.99364e-07
 3.65271e-07
 3.33937e-07
 3.05440e-07
 2.79690e-07
 2.56508e-07
 2.35676e-07
 2.16965e-07
 2.00156e-07
 1.85039e-07
 1.71426e-07
 1.59146e-07
 1.48049e-07
 1.37999e-07
 1.28881e-07
 1.20589e-07
 1.13034e-07
 4.20903e-07
 3.98144e-07
 3.73058e-07
 3.47377e-07
 3.22198e-07
 2.98170e-07
 2.75643e-07
 2.54766e-07
 2.35567e-07
 2.17999e-07
 2.01973e-07
 1.87379e-07
 1.74099e-07
 1.62015e-07
 1.51015e-07
 1.40992e-07
 1.31850e-07
 1.23500e-07
 1.15863e-07
 1.08867e-07
