scalar
part
         1
quad4
 3.38013e-07
 3.27371e-07
 3.12892e-07
 2.96314e-07
 2.78850e-07
 2.61310e-07
 2.44216e-07
 2.27882e-07
 2.12483e-07
 1.98098e-07
 1.84746e-07
 1.72405e-07
 1.61030e-07
 1.50564e-07
 1.40941e-07
 1.32097e-07
 1.23967e-07
 1.16491e-07
 1.09609e-07
 1.03270e-07
 4.19754e-07
 3.97195e-07
 3.72071e-07
 3.46270e-07
 3.20961e-07
 2.96824e-07
 2.74219e-07
 2.53297e-07
 2.34081e-07
 2.16521e-07
 2.00522e-07
 1.85968e-07
 1.72738e-07
 1.60712e-07
 1.49773e-07
 1.39813e-07
 1.30734e-07
 1.22447e-07
 1.14872e-07
 1.07935e-07
 5.20884e-07
 4.80720e-07
 4.40835e-07
 4.02876e-07
 3.67651e-07
 3.35465e-07
 3.06333e-07
 2.80114e-07
 2.56590e-07
 2.35511e-07
 2.16628e-07
 1.99699e-07
 1.84505e-07
 1.70844e-07
 1.58539e-07
 1.47433e-07
 1.37387e-07
 1.28279e-07
 1.20005e-07
 1.12471e-07
 6.44245e-07
 5.78976e-07
 5.19284e-07
 4.65798e-07
 4.18414e-07
 3.76687e-07
 3.40040e-07
 3.07871e-07
 2.79607e-07
 2.54730e-07
 2.32780e-07
 2.13362e-07
 1.96132e-07
 1.80796e-07
 1.67104e-07
 1.54843e-07
 1.43829e-07
 1.33907e-07
 1.24943e-07
 1.16822e-07
 7.91422e-07
 6.91808e-07
 6.06571e-07
 5.33989e-07
 4.72228e-07
 4.19584e-07
 3.74571e-07
 3.35930e-07
 3.02613e-07
 2.73752e-07
 2.48636e-07
 2.26678e-07
 2.07394e-07
 1.90384e-07
 1.75318e-07
 1.61921e-07
 1.49962e-07
 1.39248e-07
 1.29616e-07
 1.20930e-07
 9.61359e-07
 8.17100e-07
 7.00480e-07
 6.05484e-07
 5.27463e-07
 4.62848e-07
 4.08893e-07
 3.63482e-07
 3.24972e-07
 2.92083e-07
 2.63805e-07
 2.39338e-07
 2.18046e-07
 1.99413e-07
 1.83024e-07
 1.68539e-07
 1.55680e-07
 1.44216e-07
 1.33955e-07
 1.24738e-07
 1.14863e-06
 9.49956e-07
 7.97073e-07
 6.77258e-07
 5.81845e-07
 5.04776e-07
 4.41732e-07
 3.89569e-07
 3.45963e-07
 3.09170e-07
 2.77862e-07
 2.51015e-07
 2.27831e-07
 2.07680e-07
 1.90061e-07
 1.74570e-07
 1.60881e-07
 1.48728e-07
 1.37892e-07
 1.28189e-07
 1.34180e-06
 1.08213e-06
 8.90558e-07
 7.45264e-07
 6.32528e-07
 5.43354e-07
 4.71643e-07
 4.13142e-07
 3.64813e-07
 3.24440e-07
 2.90376e-07
 2.61379e-07
 2.36497e-07
 2.14988e-07
 1.96273e-07
 1.79889e-07
 1.65467e-07
 1.52705e-07
 1.41360e-07
 1.31230e-07
 1.52266e-06
 1.20215e-06
 9.73595e-07
 8.04718e-07
 6.76331e-07
 5.76419e-07
 4.97128e-07
 4.33143e-07
 3.80761e-07
 3.37335e-07
 3.00934e-07
 2.70120e-07
 2.43805e-07
 2.21155e-07
 2.01520e-07
 1.84386e-07
 1.69348e-07
 1.56076e-07
 1.44304e-07
 1.33816e-07
 1.66760e-06
 1.29656e-06
 1.03821e-06
 8.50700e-07
 7.10114e-07
 6.01905e-07
 5.16789e-07
 4.48604e-07
 3.93122e-07
 3.47362e-07
 3.09172e-07
 2.76966e-07
 2.49552e-07
 2.26024e-07
 2.05678e-07
 1.87965e-07
 1.72448e-07
 1.58779e-07
 1.46675e-07
 1.35905e-07
 1.75266e-06
 1.35279e-06
 1.07733e-06
 8.79018e-07
 7.31274e-07
 6.18134e-07
 5.29510e-07
 4.58760e-07
 4.01359e-07
 3.54136e-07
 3.14810e-07
 2.81708e-07
 2.53579e-07
 2.29472e-07
 2.08654e-07
 1.90550e-07
 1.74709e-07
 1.60768e-07
 1.48433e-07
 1.37467e-07
 1.76217e-06
 1.36289e-06
 1.08658e-06
 8.87107e-07
 7.38228e-07
 6.24085e-07
 5.34607e-07
 4.63141e-07
 4.05141e-07
 3.57416e-07
 3.17670e-07
 2.84213e-07
 2.55784e-07
 2.31423e-07
 2.10386e-07
 1.92096e-07
 1.76093e-07
 1.62011e-07
 1.49554e-07
 1.38481e-07
 1.69617e-06
 1.32650e-06
 1.06560e-06
 8.74653e-07
 7.30729e-07
 6.19569e-07
 5.31936e-07
 4.61633e-07
 4.04378e-07
 3.57133e-07
 3.17696e-07
 2.84437e-07
 2.56133e-07
 2.31845e-07
 2.10851e-07
 1.92580e-07
 1.76581e-07
 1.62494e-07
 1.50026e-07
 1.38937e-07
 1.57041e-06
 1.25094e-06
 1.01807e-06
 8.43647e-07
 7.09903e-07
 6.05246e-07
 5.21896e-07
 4.54487e-07
 3.99229e-07
 3.53389e-07
 3.14955e-07
 2.82424e-07
 2.54653e-07
 2.30760e-07
 2.10060e-07
 1.92011e-07
 1.76181e-07
 1.62221e-07
 1.49850e-07
 1.38836e-07
 1.40889e-06
 1.14844e-06
 9.50604e-07
 7.97849e-07
 6.77984e-07
 5.82495e-07
 5.05365e-07
 4.42275e-07
 3.90078e-07
 3.46446e-07
 3.09631e-07
 2.78303e-07
 2.51437e-07
 2.28234e-07
 2.08065e-07
 1.90427e-07
 1.74919e-07
 1.61213e-07
 1.49043e-07
 1.38190e-07
 1.23492e-06
 1.03219e-06
 8.70904e-07
 7.41896e-07
 6.37853e-07
 5.53158e-07
 4.83552e-07
 4.25809e-07
 3.77481e-07
 3.36693e-07
 3.01998e-07
 2.72273e-07
 2.46631e-07
 2.24375e-07
 2.04944e-07
 1.87888e-07
 1.72841e-07
 1.59505e-07
 1.47633e-07
 1.37021e-07
 1.06569e-06
 9.13342e-07
 7.86114e-07
 6.80402e-07
 5.92536e-07
 5.19253e-07
 4.57827e-07
 4.06038e-07
 3.62106e-07
 3.24606e-07
 2.92403e-07
 2.64587e-07
 2.40424e-07
 2.19325e-07
 2.00807e-07
 1.84477e-07
 1.70013e-07
 1.57148e-07
 1.45659e-07
 1.35360e-07
 9.11237e-07
 7.99685e-07
 7.01857e-07
 6.17326e-07
 5.44799e-07
 4.82722e-07
 4.29565e-07
 3.83943e-07
 3.44660e-07
 3.10704e-07
 2.81229e-07
 2.55532e-07
 2.33032e-07
 2.13248e-07
 1.95779e-07
 1.80293e-07
 1.66511e-07
 1.54202e-07
 1.43168e-07
 1.33246e-07
 7.75833e-07
 6.95714e-07
 6.21956e-07
 5.55658e-07
 4.96904e-07
 4.45249e-07
 4.00013e-07
 3.60451e-07
 3.25838e-07
 2.95506e-07
 2.68867e-07
 2.45407e-07
 2.24685e-07
 2.06323e-07
 1.90000e-07
 1.75444e-07
 1.62421e-07
 1.50736e-07
 1.40218e-07
 1.30723e-07
 6.60069e-07
 6.03382e-07
 5.48610e-07
 4.97405e-07
 4.50527e-07
 4.08174e-07
 3.70223e-07
 3.36378e-07
 3.06267e-07
 2.79500e-07
 2.55698e-07
 2.34508e-07
 2.15613e-07
 1.98731e-07
 1.83614e-07
 1.70045e-07
 1.57836e-07
 1.46824e-07
 1.36866e-07
 1.27840e-07
