scalar
part
         1
quad4
 3.39962e-07
 3.28597e-07
 3.13574e-07
 2.96596e-07
 2.78841e-07
 2.61092e-07
 2.43851e-07
 2.27416e-07
 2.11951e-07
 1.97524e-07
 1.84148e-07
 1.71796e-07
 1.60420e-07
 1.49958e-07
 1.40346e-07
 1.31515e-07
 1.23401e-07
 1.15942e-07
 1.09078e-07
 1.02757e-07
 4.21237e-07
 3.97918e-07
 3.72258e-07
 3.46086e-07
 3.20527e-07
 2.96226e-07
 2.73518e-07
 2.52535e-07
 2.33289e-07
 2.15718e-07
 1.99722e-07
 1.85182e-07
 1.71972e-07
 1.59969e-07
 1.49055e-07
 1.39123e-07
 1.30071e-07
 1.21812e-07
 1.14263e-07
 1.07352e-07
 5.21601e-07
 4.80698e-07
 4.40339e-07
 4.02086e-07
 3.66688e-07
 3.34409e-07
 3.05237e-07
 2.79012e-07
 2.55503e-07
 2.34455e-07
 2.15609e-07
 1.98722e-07
 1.83571e-07
 1.69955e-07
 1.57693e-07
 1.46629e-07
 1.36623e-07
 1.27554e-07
 1.19316e-07
 1.11816e-07
 6.43780e-07
 5.77903e-07
 5.17884e-07
 4.64242e-07
 4.16807e-07
 3.75092e-07
 3.38491e-07
 3.06387e-07
 2.78197e-07
 2.53397e-07
 2.31525e-07
 2.12182e-07
 1.95022e-07
 1.79753e-07
 1.66124e-07
 1.53921e-07
 1.42962e-07
 1.33090e-07
 1.24172e-07
 1.16094e-07
 7.89234e-07
 6.89318e-07
 6.04021e-07
 5.31504e-07
 4.69868e-07
 4.17374e-07
 3.72517e-07
 3.34029e-07
 3.00855e-07
 2.72127e-07
 2.47133e-07
 2.25286e-07
 2.06103e-07
 1.89185e-07
 1.74202e-07
 1.60880e-07
 1.48989e-07
 1.38338e-07
 1.28763e-07
 1.20129e-07
 9.56800e-07
 8.12796e-07
 6.96536e-07
 6.01918e-07
 5.24255e-07
 4.59963e-07
 4.06295e-07
 3.61137e-07
 3.22849e-07
 2.90154e-07
 2.62046e-07
 2.37730e-07
 2.16570e-07
 1.98054e-07
 1.81770e-07
 1.67378e-07
 1.54603e-07
 1.43214e-07
 1.33020e-07
 1.23863e-07
 1.14104e-06
 9.43478e-07
 7.91537e-07
 6.72500e-07
 5.77724e-07
 5.01180e-07
 4.38570e-07
 3.86770e-07
 3.43469e-07
 3.06935e-07
 2.75848e-07
 2.49192e-07
 2.26172e-07
 2.06164e-07
 1.88671e-07
 1.73291e-07
 1.59701e-07
 1.47635e-07
 1.36876e-07
 1.27243e-07
 1.33068e-06
 1.07326e-06
 8.83334e-07
 7.39273e-07
 6.27481e-07
 5.39046e-07
 4.67922e-07
 4.09896e-07
 3.61956e-07
 3.21906e-07
 2.88113e-07
 2.59346e-07
 2.34660e-07
 2.13320e-07
 1.94752e-07
 1.78496e-07
 1.64186e-07
 1.51524e-07
 1.40267e-07
 1.30216e-07
 1.50795e-06
 1.19092e-06
 9.64738e-07
 7.97548e-07
 6.70405e-07
 5.71436e-07
 4.92878e-07
 4.29474e-07
 3.77561e-07
 3.34519e-07
 2.98436e-07
 2.67888e-07
 2.41800e-07
 2.19343e-07
 1.99874e-07
 1.82885e-07
 1.67972e-07
 1.54811e-07
 1.43138e-07
 1.32736e-07
 1.64986e-06
 1.28333e-06
 1.02795e-06
 8.42512e-07
 7.03420e-07
 5.96329e-07
 5.12070e-07
 4.44558e-07
 3.89614e-07
 3.44291e-07
 3.06460e-07
 2.74554e-07
 2.47392e-07
 2.24078e-07
 2.03917e-07
 1.86363e-07
 1.70984e-07
 1.57436e-07
 1.45439e-07
 1.34764e-07
 1.73302e-06
 1.33820e-06
 1.06606e-06
 8.70058e-07
 7.23979e-07
 6.12079e-07
 5.24404e-07
 4.54397e-07
 3.97588e-07
 3.50844e-07
 3.11912e-07
 2.79137e-07
 2.51282e-07
 2.27408e-07
 2.06789e-07
 1.88858e-07
 1.73166e-07
 1.59354e-07
 1.47134e-07
 1.36269e-07
 1.74200e-06
 1.34771e-06
 1.07477e-06
 8.77672e-07
 7.30529e-07
 6.17690e-07
 5.29214e-07
 4.58534e-07
 4.01162e-07
 3.53946e-07
 3.14617e-07
 2.81509e-07
 2.53371e-07
 2.29257e-07
 2.08432e-07
 1.90323e-07
 1.74478e-07
 1.60534e-07
 1.48198e-07
 1.37233e-07
 1.67661e-06
 1.31143e-06
 1.05369e-06
 8.65043e-07
 7.22833e-07
 6.12978e-07
 5.26360e-07
 4.56860e-07
 4.00250e-07
 3.53530e-07
 3.14525e-07
 2.81627e-07
 2.53625e-07
 2.29596e-07
 2.08821e-07
 1.90740e-07
 1.74906e-07
 1.60963e-07
 1.48621e-07
 1.37644e-07
 1.55218e-06
 1.23650e-06
 1.00643e-06
 8.34126e-07
 7.01999e-07
 5.98600e-07
 5.16241e-07
 4.49626e-07
 3.95012e-07
 3.49699e-07
 3.11703e-07
 2.79538e-07
 2.52075e-07
 2.28446e-07
 2.07972e-07
 1.90117e-07
 1.74456e-07
 1.60645e-07
 1.48404e-07
 1.37505e-07
 1.39233e-06
 1.13495e-06
 9.39508e-07
 7.88624e-07
 6.70232e-07
 5.75914e-07
 4.99725e-07
 4.37399e-07
 3.85828e-07
 3.42714e-07
 3.06332e-07
 2.75369e-07
 2.48812e-07
 2.25874e-07
 2.05932e-07
 1.88492e-07
 1.73155e-07
 1.59600e-07
 1.47563e-07
 1.36827e-07
 1.22009e-06
 1.01980e-06
 8.60508e-07
 7.33110e-07
 6.30373e-07
 5.46741e-07
 4.78006e-07
 4.20982e-07
 3.73250e-07
 3.32961e-07
 2.98688e-07
 2.69319e-07
 2.43982e-07
 2.21988e-07
 2.02784e-07
 1.85925e-07
 1.71051e-07
 1.57866e-07
 1.46127e-07
 1.35634e-07
 1.05253e-06
 9.02099e-07
 7.76496e-07
 6.72144e-07
 5.85412e-07
 5.13075e-07
 4.52439e-07
 4.01313e-07
 3.57938e-07
 3.20912e-07
 2.89111e-07
 2.61639e-07
 2.37773e-07
 2.16929e-07
 1.98634e-07
 1.82499e-07
 1.68206e-07
 1.55491e-07
 1.44135e-07
 1.33955e-07
 8.99599e-07
 7.89551e-07
 6.93037e-07
 6.09639e-07
 5.38082e-07
 4.76833e-07
 4.24381e-07
 3.79361e-07
 3.40593e-07
 3.07078e-07
 2.77981e-07
 2.52612e-07
 2.30397e-07
 2.10860e-07
 1.93607e-07
 1.78311e-07
 1.64697e-07
 1.52536e-07
 1.41634e-07
 1.31829e-07
 7.65567e-07
 6.86618e-07
 6.13914e-07
 5.48552e-07
 4.90620e-07
 4.39681e-07
 3.95067e-07
 3.56044e-07
 3.21898e-07
 2.91973e-07
 2.65688e-07
 2.42536e-07
 2.22083e-07
 2.03957e-07
 1.87843e-07
 1.73470e-07
 1.60611e-07
 1.49070e-07
 1.38681e-07
 1.29302e-07
 6.51012e-07
 5.95234e-07
 5.41305e-07
 4.90868e-07
 4.44679e-07
 4.02941e-07
 3.65533e-07
 3.32166e-07
 3.02477e-07
 2.76080e-07
 2.52603e-07
 2.31700e-07
 2.13059e-07
 1.96400e-07
 1.81482e-07
 1.68089e-07
 1.56037e-07
 1.45165e-07
 1.35333e-07
 1.26420e-07
