scalar
part
         1
quad4
 4.57290e-07
 4.28630e-07
 3.98606e-07
 3.68826e-07
 3.40260e-07
 3.13437e-07
 2.88602e-07
 2.65815e-07
 2.45031e-07
 2.26142e-07
 2.09010e-07
 1.93487e-07
 1.79422e-07
 1.66673e-07
 1.55106e-07
 1.44598e-07
 1.35039e-07
 1.26330e-07
 1.18382e-07
 1.11115e-07
 5.50172e-07
 5.05427e-07
 4.61814e-07
 4.20796e-07
 3.83043e-07
 3.48757e-07
 3.17870e-07
 2.90176e-07
 2.65404e-07
 2.43264e-07
 2.23473e-07
 2.05764e-07
 1.89895e-07
 1.75649e-07
 1.62834e-07
 1.51283e-07
 1.40846e-07
 1.31394e-07
 1.22816e-07
 1.15013e-07
 6.61899e-07
 5.94697e-07
 5.33159e-07
 4.77991e-07
 4.29116e-07
 3.86086e-07
 3.48306e-07
 3.15155e-07
 2.86039e-07
 2.60422e-07
 2.37829e-07
 2.17849e-07
 2.00128e-07
 1.84363e-07
 1.70295e-07
 1.57702e-07
 1.46395e-07
 1.36215e-07
 1.27021e-07
 1.18697e-07
 7.93873e-07
 6.96294e-07
 6.11867e-07
 5.39461e-07
 4.77551e-07
 4.24600e-07
 3.79210e-07
 3.40172e-07
 3.06462e-07
 2.77229e-07
 2.51766e-07
 2.29491e-07
 2.09918e-07
 1.92649e-07
 1.77350e-07
 1.63743e-07
 1.51597e-07
 1.40716e-07
 1.30935e-07
 1.22114e-07
 9.45380e-07
 8.08438e-07
 6.96014e-07
 6.03475e-07
 5.26905e-07
 4.63136e-07
 4.09660e-07
 3.64501e-07
 3.26103e-07
 2.93238e-07
 2.64933e-07
 2.40410e-07
 2.19044e-07
 2.00330e-07
 1.83859e-07
 1.69294e-07
 1.56358e-07
 1.44821e-07
 1.34494e-07
 1.25214e-07
 1.11206e-06
 9.27005e-07
 7.82219e-07
 6.67413e-07
 5.75189e-07
 5.00198e-07
 4.38532e-07
 3.87295e-07
 3.44320e-07
 3.07960e-07
 2.76952e-07
 2.50314e-07
 2.27276e-07
 2.07227e-07
 1.89679e-07
 1.74239e-07
 1.60586e-07
 1.48458e-07
 1.37638e-07
 1.27947e-07
 1.28444e-06
 1.04504e-06
 8.65543e-07
 7.27789e-07
 6.19938e-07
 5.34028e-07
 4.64557e-07
 4.07630e-07
 3.60432e-07
 3.20886e-07
 2.87440e-07
 2.58912e-07
 2.34390e-07
 2.13164e-07
 1.94674e-07
 1.78471e-07
 1.64195e-07
 1.51555e-07
 1.40312e-07
 1.30268e-07
 1.44743e-06
 1.15292e-06
 9.39760e-07
 7.80504e-07
 6.58399e-07
 5.62741e-07
 4.86424e-07
 4.24576e-07
 3.73768e-07
 3.31526e-07
 2.96034e-07
 2.65930e-07
 2.40179e-07
 2.17983e-07
 1.98718e-07
 1.81892e-07
 1.67109e-07
 1.54053e-07
 1.42466e-07
 1.32136e-07
 1.58172e-06
 1.23942e-06
 9.98100e-07
 8.21324e-07
 6.87843e-07
 5.84530e-07
 5.02905e-07
 4.37281e-07
 3.83725e-07
 3.39446e-07
 3.02415e-07
 2.71132e-07
 2.44465e-07
 2.21548e-07
 2.01709e-07
 1.84420e-07
 1.69263e-07
 1.55900e-07
 1.44059e-07
 1.33518e-07
 1.66766e-06
 1.29386e-06
 1.03441e-06
 8.46547e-07
 7.05951e-07
 5.97894e-07
 5.13001e-07
 4.45062e-07
 3.89828e-07
 3.44306e-07
 3.06339e-07
 2.74338e-07
 2.47113e-07
 2.23756e-07
 2.03566e-07
 1.85996e-07
 1.70609e-07
 1.57058e-07
 1.45061e-07
 1.34390e-07
 1.69053e-06
 1.30863e-06
 1.04447e-06
 8.53694e-07
 7.11208e-07
 6.01869e-07
 5.16078e-07
 4.47492e-07
 3.91780e-07
 3.45897e-07
 3.07652e-07
 2.75435e-07
 2.48038e-07
 2.24543e-07
 2.04242e-07
 1.86580e-07
 1.71117e-07
 1.57503e-07
 1.45454e-07
 1.34737e-07
 1.64571e-06
 1.28141e-06
 1.02703e-06
 8.42054e-07
 7.03178e-07
 5.96180e-07
 5.11955e-07
 4.44447e-07
 3.89494e-07
 3.44156e-07
 3.06311e-07
 2.74389e-07
 2.47216e-07
 2.23892e-07
 2.03722e-07
 1.86162e-07
 1.70779e-07
 1.57229e-07
 1.45230e-07
 1.34555e-07
 1.54094e-06
 1.21612e-06
 9.84231e-07
 8.12857e-07
 6.82607e-07
 5.81293e-07
 5.00935e-07
 4.36128e-07
 3.83107e-07
 3.39180e-07
 3.02381e-07
 2.71251e-07
 2.44682e-07
 2.21827e-07
 2.02024e-07
 1.84756e-07
 1.69606e-07
 1.56243e-07
 1.44397e-07
 1.33847e-07
 1.39382e-06
 1.12183e-06
 9.21080e-07
 7.69030e-07
 6.51282e-07
 5.58341e-07
 4.83757e-07
 4.23033e-07
 3.72962e-07
 3.31208e-07
 2.96037e-07
 2.66144e-07
 2.40529e-07
 2.18418e-07
 1.99203e-07
 1.82402e-07
 1.67629e-07
 1.54571e-07
 1.42975e-07
 1.32630e-07
 1.22572e-06
 1.01015e-06
 8.44246e-07
 7.14581e-07
 6.11707e-07
 5.28941e-07
 4.61496e-07
 4.05893e-07
 3.59568e-07
 3.20602e-07
 2.87538e-07
 2.59261e-07
 2.34900e-07
 2.13773e-07
 1.95339e-07
 1.79164e-07
 1.64897e-07
 1.52252e-07
 1.40994e-07
 1.30929e-07
 1.05552e-06
 8.92319e-07
 7.60602e-07
 6.53837e-07
 5.66683e-07
 4.94954e-07
 4.35418e-07
 3.85588e-07
 3.43547e-07
 3.07810e-07
 2.77213e-07
 2.50844e-07
 2.27976e-07
 2.08031e-07
 1.90540e-07
 1.75125e-07
 1.61476e-07
 1.49336e-07
 1.38495e-07
 1.28776e-07
 8.96231e-07
 7.77179e-07
 6.76065e-07
 5.90776e-07
 5.18917e-07
 4.58248e-07
 4.06832e-07
 3.63049e-07
 3.25573e-07
 2.93325e-07
 2.65427e-07
 2.41169e-07
 2.19968e-07
 2.01352e-07
 1.84931e-07
 1.70383e-07
 1.57442e-07
 1.45886e-07
 1.35528e-07
 1.26212e-07
 7.54720e-07
 6.70473e-07
 5.94999e-07
 5.28598e-07
 4.70729e-07
 4.20507e-07
 3.76965e-07
 3.39179e-07
 3.06315e-07
 2.77649e-07
 2.52560e-07
 2.30524e-07
 2.11098e-07
 1.93910e-07
 1.78647e-07
 1.65045e-07
 1.52882e-07
 1.41969e-07
 1.32147e-07
 1.23281e-07
 6.33219e-07
 5.75148e-07
 5.20141e-07
 4.69573e-07
 4.23911e-07
 3.83113e-07
 3.46877e-07
 3.14785e-07
 2.86391e-07
 2.61257e-07
 2.38980e-07
 2.19198e-07
 2.01591e-07
 1.85882e-07
 1.71828e-07
 1.59223e-07
 1.47884e-07
 1.37659e-07
 1.28414e-07
 1.20032e-07
 5.31111e-07
 4.92092e-07
 4.52861e-07
 4.15092e-07
 3.79701e-07
 3.47104e-07
 3.17410e-07
 2.90545e-07
 2.66339e-07
 2.44575e-07
 2.25024e-07
 2.07457e-07
 1.91661e-07
 1.77439e-07
 1.64614e-07
 1.53029e-07
 1.42542e-07
 1.33031e-07
 1.24388e-07
 1.16515e-07
