scalar
part
         1
quad4
 5.10128e-07
 4.74182e-07
 4.37733e-07
 4.02395e-07
 3.69077e-07
 3.38224e-07
 3.09982e-07
 2.84321e-07
 2.61110e-07
 2.40168e-07
 2.21297e-07
 2.04294e-07
 1.88967e-07
 1.75137e-07
 1.62640e-07
 1.51329e-07
 1.41075e-07
 1.31761e-07
 1.23284e-07
 1.15555e-07
 6.08851e-07
 5.54947e-07
 5.03535e-07
 4.55975e-07
 4.12785e-07
 3.73998e-07
 3.39389e-07
 3.08612e-07
 2.81280e-07
 2.57006e-07
 2.35429e-07
 2.16218e-07
 1.99080e-07
 1.83757e-07
 1.70023e-07
 1.57683e-07
 1.46566e-07
 1.36528e-07
 1.27439e-07
 1.19190e-07
 7.26596e-07
 6.47960e-07
 5.77063e-07
 5.14316e-07
 4.59329e-07
 4.11369e-07
 3.69603e-07
 3.33213e-07
 3.01453e-07
 2.73663e-07
 2.49274e-07
 2.27800e-07
 2.08829e-07
 1.92010e-07
 1.77049e-07
 1.63696e-07
 1.51739e-07
 1.40998e-07
 1.31319e-07
 1.22573e-07
 8.64263e-07
 7.52621e-07
 6.57189e-07
 5.76203e-07
 5.07593e-07
 4.49383e-07
 3.99836e-07
 3.57485e-07
 3.21114e-07
 2.89726e-07
 2.62503e-07
 2.38777e-07
 2.18002e-07
 1.99727e-07
 1.83582e-07
 1.69259e-07
 1.56501e-07
 1.45096e-07
 1.34864e-07
 1.25653e-07
 1.02025e-06
 8.66474e-07
 7.41512e-07
 6.39589e-07
 5.55929e-07
 4.86745e-07
 4.29084e-07
 3.80652e-07
 3.39665e-07
 3.04731e-07
 2.74753e-07
 2.48865e-07
 2.26376e-07
 2.06730e-07
 1.89479e-07
 1.74256e-07
 1.60762e-07
 1.48750e-07
 1.38013e-07
 1.28380e-07
 1.18880e-06
 9.84487e-07
 8.26096e-07
 7.01519e-07
 6.02153e-07
 5.21847e-07
 4.56159e-07
 4.01831e-07
 3.56445e-07
 3.18179e-07
 2.85645e-07
 2.57773e-07
 2.33725e-07
 2.12843e-07
 1.94602e-07
 1.78579e-07
 1.64434e-07
 1.51886e-07
 1.40707e-07
 1.30707e-07
 1.35855e-06
 1.09867e-06
 9.05451e-07
 7.58225e-07
 6.43656e-07
 5.52865e-07
 4.79767e-07
 4.20092e-07
 3.70775e-07
 3.29571e-07
 2.94807e-07
 2.65219e-07
 2.39835e-07
 2.17901e-07
 1.98822e-07
 1.82126e-07
 1.67435e-07
 1.54443e-07
 1.42897e-07
 1.32593e-07
 1.51237e-06
 1.19851e-06
 9.72979e-07
 8.05468e-07
 6.77653e-07
 5.77921e-07
 4.98619e-07
 4.34534e-07
 3.82014e-07
 3.38441e-07
 3.01896e-07
 2.70948e-07
 2.44513e-07
 2.21755e-07
 2.02025e-07
 1.84809e-07
 1.69698e-07
 1.56363e-07
 1.44538e-07
 1.34002e-07
 1.62978e-06
 1.27251e-06
 1.02194e-06
 8.39126e-07
 7.01532e-07
 5.95314e-07
 5.11575e-07
 4.44373e-07
 3.89613e-07
 3.44398e-07
 3.06628e-07
 2.74751e-07
 2.47602e-07
 2.24289e-07
 2.04121e-07
 1.86557e-07
 1.71167e-07
 1.57605e-07
 1.45594e-07
 1.34906e-07
 1.69195e-06
 1.31076e-06
 1.04676e-06
 8.55910e-07
 7.13268e-07
 6.03752e-07
 5.17785e-07
 4.49036e-07
 3.93177e-07
 3.47163e-07
 3.08802e-07
 2.76482e-07
 2.48995e-07
 2.25421e-07
 2.05049e-07
 1.87323e-07
 1.71804e-07
 1.58139e-07
 1.46044e-07
 1.35288e-07
 1.68769e-06
 1.30760e-06
 1.04434e-06
 8.54033e-07
 7.11781e-07
 6.02556e-07
 5.16810e-07
 4.48231e-07
 3.92505e-07
 3.46596e-07
 3.08320e-07
 2.76069e-07
 2.48638e-07
 2.25110e-07
 2.04777e-07
 1.87084e-07
 1.71593e-07
 1.57952e-07
 1.45877e-07
 1.35137e-07
 1.61739e-06
 1.26325e-06
 1.01485e-06
 8.33598e-07
 6.97144e-07
 5.91778e-07
 5.08686e-07
 4.41984e-07
 3.87617e-07
 3.42713e-07
 3.05193e-07
 2.73521e-07
 2.46538e-07
 2.23364e-07
 2.03311e-07
 1.85844e-07
 1.70536e-07
 1.57045e-07
 1.45094e-07
 1.34458e-07
 1.49289e-06
 1.18381e-06
 9.61661e-07
 7.96589e-07
 6.70572e-07
 5.72192e-07
 4.93923e-07
 4.30640e-07
 3.78752e-07
 3.35682e-07
 2.99543e-07
 2.68927e-07
 2.42763e-07
 2.20231e-07
 2.00690e-07
 1.83633e-07
 1.68657e-07
 1.55437e-07
 1.43710e-07
 1.33260e-07
 1.33346e-06
 1.07953e-06
 8.90560e-07
 7.46447e-07
 6.34201e-07
 5.45171e-07
 4.73431e-07
 4.14818e-07
 3.66341e-07
 3.25810e-07
 2.91592e-07
 2.62450e-07
 2.37434e-07
 2.15806e-07
 1.96983e-07
 1.80505e-07
 1.65999e-07
 1.53163e-07
 1.41753e-07
 1.31566e-07
 1.15982e-06
 9.62040e-07
 8.08422e-07
 6.87397e-07
 5.90718e-07
 5.12476e-07
 4.48395e-07
 3.95334e-07
 3.50959e-07
 3.13509e-07
 2.81640e-07
 2.54313e-07
 2.30718e-07
 2.10214e-07
 1.92290e-07
 1.76537e-07
 1.62621e-07
 1.50270e-07
 1.39260e-07
 1.29407e-07
 9.89068e-07
 8.41899e-07
 7.21884e-07
 6.23717e-07
 5.42948e-07
 4.76017e-07
 4.20131e-07
 3.73115e-07
 3.33268e-07
 2.99260e-07
 2.70042e-07
 2.44782e-07
 2.22816e-07
 2.03609e-07
 1.86729e-07
 1.71821e-07
 1.58597e-07
 1.46816e-07
 1.36279e-07
 1.26820e-07
 8.32353e-07
 7.26986e-07
 6.36388e-07
 5.59160e-07
 4.93499e-07
 4.37625e-07
 3.89945e-07
 3.49101e-07
 3.13956e-07
 2.83572e-07
 2.57180e-07
 2.34146e-07
 2.13950e-07
 1.96164e-07
 1.80434e-07
 1.66465e-07
 1.54011e-07
 1.42868e-07
 1.32863e-07
 1.23850e-07
 6.95083e-07
 6.22141e-07
 5.55767e-07
 4.96624e-07
 4.44525e-07
 3.98894e-07
 3.59019e-07
 3.24174e-07
 2.93685e-07
 2.66948e-07
 2.43437e-07
 2.22700e-07
 2.04349e-07
 1.88058e-07
 1.73547e-07
 1.60579e-07
 1.48954e-07
 1.38501e-07
 1.29072e-07
 1.20545e-07
 5.78503e-07
 5.29601e-07
 4.82284e-07
 4.38073e-07
 3.97626e-07
 3.61091e-07
 3.28340e-07
 2.99102e-07
 2.73052e-07
 2.49851e-07
 2.29176e-07
 2.10729e-07
 1.94239e-07
 1.79470e-07
 1.66211e-07
 1.54280e-07
 1.43519e-07
 1.33788e-07
 1.24969e-07
 1.16956e-07
 4.81406e-07
 4.49758e-07
 4.16932e-07
 3.84632e-07
 3.53856e-07
 3.25130e-07
 2.98671e-07
 2.74507e-07
 2.52559e-07
 2.32686e-07
 2.14723e-07
 1.98494e-07
 1.83830e-07
 1.70570e-07
 1.58565e-07
 1.47681e-07
 1.37798e-07
 1.28808e-07
 1.20615e-07
 1.13135e-07
