scalar
part
         1
quad4
 3.41403e-07
 3.29847e-07
 3.14638e-07
 2.97489e-07
 2.79582e-07
 2.61704e-07
 2.44351e-07
 2.27824e-07
 2.12280e-07
 1.97790e-07
 1.84361e-07
 1.71965e-07
 1.60553e-07
 1.50062e-07
 1.40425e-07
 1.31574e-07
 1.23444e-07
 1.15970e-07
 1.09095e-07
 1.02765e-07
 4.22849e-07
 3.99277e-07
 3.73382e-07
 3.47003e-07
 3.21267e-07
 2.96819e-07
 2.73989e-07
 2.52907e-07
 2.33581e-07
 2.15945e-07
 1.99897e-07
 1.85315e-07
 1.72071e-07
 1.60040e-07
 1.49105e-07
 1.39154e-07
 1.30088e-07
 1.21817e-07
 1.14258e-07
 1.07340e-07
 5.23395e-07
 4.82157e-07
 4.41501e-07
 4.03000e-07
 3.67400e-07
 3.34959e-07
 3.05658e-07
 2.79332e-07
 2.55743e-07
 2.34632e-07
 2.15736e-07
 1.98811e-07
 1.83629e-07
 1.69989e-07
 1.57708e-07
 1.46629e-07
 1.36611e-07
 1.27533e-07
 1.19288e-07
 1.11783e-07
 6.45746e-07
 5.79426e-07
 5.19043e-07
 4.65113e-07
 4.17454e-07
 3.75567e-07
 3.38836e-07
 3.06632e-07
 2.78367e-07
 2.53510e-07
 2.31594e-07
 2.12217e-07
 1.95032e-07
 1.79744e-07
 1.66101e-07
 1.53887e-07
 1.42919e-07
 1.33041e-07
 1.24119e-07
 1.16037e-07
 7.91314e-07
 6.90830e-07
 6.05103e-07
 5.32267e-07
 4.70398e-07
 4.17734e-07
 3.72753e-07
 3.34174e-07
 3.00935e-07
 2.72160e-07
 2.47131e-07
 2.25259e-07
 2.06057e-07
 1.89126e-07
 1.74135e-07
 1.60807e-07
 1.48912e-07
 1.38258e-07
 1.28683e-07
 1.20048e-07
 9.58848e-07
 8.14161e-07
 6.97428e-07
 6.02486e-07
 5.24601e-07
 4.60157e-07
 4.06386e-07
 3.61156e-07
 3.22820e-07
 2.90091e-07
 2.61962e-07
 2.37631e-07
 2.16462e-07
 1.97942e-07
 1.81655e-07
 1.67263e-07
 1.54488e-07
 1.43101e-07
 1.32910e-07
 1.23757e-07
 1.14276e-06
 9.44476e-07
 7.92082e-07
 6.72761e-07
 5.77808e-07
 5.01154e-07
 4.38476e-07
 3.86634e-07
 3.43309e-07
 3.06762e-07
 2.75670e-07
 2.49013e-07
 2.25996e-07
 2.05992e-07
 1.88504e-07
 1.73131e-07
 1.59547e-07
 1.47488e-07
 1.36736e-07
 1.27109e-07
 1.33161e-06
 1.07359e-06
 8.83335e-07
 7.39102e-07
 6.27221e-07
 5.38744e-07
 4.67605e-07
 4.09579e-07
 3.61647e-07
 3.21610e-07
 2.87832e-07
 2.59081e-07
 2.34410e-07
 2.13085e-07
 1.94531e-07
 1.78289e-07
 1.63992e-07
 1.51341e-07
 1.40096e-07
 1.30054e-07
 1.50746e-06
 1.19022e-06
 9.63993e-07
 7.96822e-07
 6.69726e-07
 5.70811e-07
 4.92308e-07
 4.28956e-07
 3.77090e-07
 3.34090e-07
 2.98045e-07
 2.67532e-07
 2.41473e-07
 2.19043e-07
 1.99597e-07
 1.82629e-07
 1.67736e-07
 1.54592e-07
 1.42934e-07
 1.32546e-07
 1.64735e-06
 1.28131e-06
 1.02630e-06
 8.41142e-07
 7.02269e-07
 5.95349e-07
 5.11228e-07
 4.43826e-07
 3.88972e-07
 3.43724e-07
 3.05957e-07
 2.74103e-07
 2.46987e-07
 2.23712e-07
 2.03584e-07
 1.86059e-07
 1.70706e-07
 1.57180e-07
 1.45203e-07
 1.34545e-07
 1.72820e-06
 1.33472e-06
 1.06344e-06
 8.68013e-07
 7.22340e-07
 6.10737e-07
 5.23285e-07
 4.53450e-07
 3.96776e-07
 3.50140e-07
 3.11296e-07
 2.78593e-07
 2.50799e-07
 2.26976e-07
 2.06400e-07
 1.88506e-07
 1.72846e-07
 1.59062e-07
 1.46866e-07
 1.36023e-07
 1.73508e-06
 1.34289e-06
 1.07125e-06
 8.74997e-07
 7.28433e-07
 6.16006e-07
 5.27834e-07
 4.57382e-07
 4.00188e-07
 3.53111e-07
 3.13894e-07
 2.80876e-07
 2.52814e-07
 2.28762e-07
 2.07989e-07
 1.89925e-07
 1.74118e-07
 1.60207e-07
 1.47900e-07
 1.36959e-07
 1.66827e-06
 1.30562e-06
 1.04946e-06
 8.61851e-07
 7.20350e-07
 6.10999e-07
 5.24749e-07
 4.55526e-07
 3.99129e-07
 3.52575e-07
 3.13703e-07
 2.80912e-07
 2.52999e-07
 2.29042e-07
 2.08328e-07
 1.90298e-07
 1.74509e-07
 1.60603e-07
 1.48293e-07
 1.37345e-07
 1.54328e-06
 1.23017e-06
 1.00176e-06
 8.30577e-07
 6.99230e-07
 5.96391e-07
 5.14445e-07
 4.48141e-07
 3.93766e-07
 3.48641e-07
 3.10794e-07
 2.78750e-07
 2.51386e-07
 2.27838e-07
 2.07432e-07
 1.89636e-07
 1.74024e-07
 1.60254e-07
 1.48049e-07
 1.37182e-07
 1.38359e-06
 1.12852e-06
 9.34668e-07
 7.84890e-07
 6.67289e-07
 5.73552e-07
 4.97796e-07
 4.35799e-07
 3.84485e-07
 3.41573e-07
 3.05352e-07
 2.74519e-07
 2.48070e-07
 2.25220e-07
 2.05353e-07
 1.87975e-07
 1.72691e-07
 1.59182e-07
 1.47184e-07
 1.36482e-07
 1.21198e-06
 1.01362e-06
 8.55725e-07
 7.29348e-07
 6.27366e-07
 5.44301e-07
 4.75997e-07
 4.19307e-07
 3.71838e-07
 3.31758e-07
 2.97652e-07
 2.68420e-07
 2.43197e-07
 2.21296e-07
 2.02170e-07
 1.85377e-07
 1.70559e-07
 1.57423e-07
 1.45726e-07
 1.35269e-07
 1.04527e-06
 8.96370e-07
 7.71936e-07
 6.68478e-07
 5.82431e-07
 5.10624e-07
 4.50401e-07
 3.99601e-07
 3.56486e-07
 3.19668e-07
 2.88037e-07
 2.60704e-07
 2.36953e-07
 2.16206e-07
 1.97992e-07
 1.81926e-07
 1.67692e-07
 1.55027e-07
 1.43715e-07
 1.33573e-07
 8.93252e-07
 7.84367e-07
 6.88797e-07
 6.06154e-07
 5.35198e-07
 4.74427e-07
 4.22358e-07
 3.77645e-07
 3.39126e-07
 3.05814e-07
 2.76885e-07
 2.51654e-07
 2.29554e-07
 2.10115e-07
 1.92945e-07
 1.77718e-07
 1.64165e-07
 1.52055e-07
 1.41199e-07
 1.31433e-07
 7.60075e-07
 6.82000e-07
 6.10041e-07
 5.45300e-07
 4.87880e-07
 4.37361e-07
 3.93092e-07
 3.54352e-07
 3.20440e-07
 2.90708e-07
 2.64583e-07
 2.41566e-07
 2.21227e-07
 2.03198e-07
 1.87165e-07
 1.72863e-07
 1.60064e-07
 1.48576e-07
 1.38233e-07
 1.28894e-07
 6.46283e-07
 5.91156e-07
 5.37807e-07
 4.87873e-07
 4.42112e-07
 4.00736e-07
 3.63632e-07
 3.30521e-07
 3.01046e-07
 2.74829e-07
 2.51505e-07
 2.30731e-07
 2.12199e-07
 1.95634e-07
 1.80796e-07
 1.67473e-07
 1.55481e-07
 1.44662e-07
 1.34875e-07
 1.26003e-07
