scalar
part
         1
quad4
 3.36746e-07
 3.26232e-07
 3.11877e-07
 2.95416e-07
 2.78057e-07
 2.60611e-07
 2.43598e-07
 2.27336e-07
 2.11999e-07
 1.97668e-07
 1.84362e-07
 1.72061e-07
 1.60721e-07
 1.50285e-07
 1.40689e-07
 1.31868e-07
 1.23759e-07
 1.16300e-07
 1.09435e-07
 1.03110e-07
 4.18266e-07
 3.95887e-07
 3.70930e-07
 3.45278e-07
 3.20099e-07
 2.96075e-07
 2.73565e-07
 2.52725e-07
 2.33579e-07
 2.16078e-07
 2.00129e-07
 1.85618e-07
 1.72426e-07
 1.60431e-07
 1.49520e-07
 1.39584e-07
 1.30527e-07
 1.22258e-07
 1.14699e-07
 1.07776e-07
 5.19137e-07
 4.79224e-07
 4.39559e-07
 4.01790e-07
 3.66724e-07
 3.34670e-07
 3.05649e-07
 2.79521e-07
 2.56074e-07
 2.35059e-07
 2.16230e-07
 1.99347e-07
 1.84191e-07
 1.70564e-07
 1.58287e-07
 1.47206e-07
 1.37181e-07
 1.28092e-07
 1.19834e-07
 1.12314e-07
 6.42201e-07
 5.77278e-07
 5.17875e-07
 4.64624e-07
 4.17429e-07
 3.75856e-07
 3.39333e-07
 3.07265e-07
 2.79084e-07
 2.54274e-07
 2.32382e-07
 2.13011e-07
 1.95820e-07
 1.80518e-07
 1.66856e-07
 1.54619e-07
 1.43627e-07
 1.33724e-07
 1.24776e-07
 1.16668e-07
 7.89060e-07
 6.89914e-07
 6.05042e-07
 5.32744e-07
 4.71202e-07
 4.18731e-07
 3.73853e-07
 3.35321e-07
 3.02090e-07
 2.73301e-07
 2.48243e-07
 2.26332e-07
 2.07088e-07
 1.90113e-07
 1.75076e-07
 1.61703e-07
 1.49765e-07
 1.39069e-07
 1.29454e-07
 1.20781e-07
 9.58694e-07
 8.15042e-07
 6.98865e-07
 6.04196e-07
 5.26421e-07
 4.61991e-07
 4.08179e-07
 3.62880e-07
 3.24460e-07
 2.91642e-07
 2.63421e-07
 2.39003e-07
 2.17750e-07
 1.99150e-07
 1.82789e-07
 1.68328e-07
 1.55490e-07
 1.44044e-07
 1.33798e-07
 1.24594e-07
 1.14574e-06
 9.47806e-07
 7.95430e-07
 6.75973e-07
 5.80818e-07
 5.03941e-07
 4.41041e-07
 3.88989e-07
 3.45470e-07
 3.08747e-07
 2.77496e-07
 2.50695e-07
 2.27549e-07
 2.07429e-07
 1.89836e-07
 1.74368e-07
 1.60700e-07
 1.48564e-07
 1.37741e-07
 1.28051e-07
 1.33887e-06
 1.08001e-06
 8.88971e-07
 7.44038e-07
 6.31556e-07
 5.42567e-07
 4.70994e-07
 4.12599e-07
 3.64352e-07
 3.24044e-07
 2.90033e-07
 2.61079e-07
 2.36231e-07
 2.14752e-07
 1.96062e-07
 1.79700e-07
 1.65295e-07
 1.52550e-07
 1.41218e-07
 1.31100e-07
 1.51995e-06
 1.20022e-06
 9.72161e-07
 8.03613e-07
 6.75455e-07
 5.75709e-07
 4.96541e-07
 4.32650e-07
 3.80341e-07
 3.36973e-07
 3.00619e-07
 2.69843e-07
 2.43560e-07
 2.20937e-07
 2.01324e-07
 1.84210e-07
 1.69188e-07
 1.55930e-07
 1.44171e-07
 1.33693e-07
 1.66543e-06
 1.29499e-06
 1.03703e-06
 8.49776e-07
 7.09373e-07
 6.01297e-07
 5.16281e-07
 4.48173e-07
 3.92752e-07
 3.47041e-07
 3.08891e-07
 2.76717e-07
 2.49331e-07
 2.25825e-07
 2.05499e-07
 1.87803e-07
 1.72301e-07
 1.58644e-07
 1.46551e-07
 1.35791e-07
 1.75125e-06
 1.35171e-06
 1.07647e-06
 8.78319e-07
 7.30695e-07
 6.17647e-07
 5.29094e-07
 4.58401e-07
 4.01046e-07
 3.53861e-07
 3.14566e-07
 2.81490e-07
 2.53384e-07
 2.29296e-07
 2.08494e-07
 1.90405e-07
 1.74576e-07
 1.60645e-07
 1.48320e-07
 1.37363e-07
 1.76160e-06
 1.36234e-06
 1.08607e-06
 8.86652e-07
 7.37825e-07
 6.23728e-07
 5.34291e-07
 4.62859e-07
 4.04889e-07
 3.57190e-07
 3.17466e-07
 2.84029e-07
 2.55617e-07
 2.31269e-07
 2.10246e-07
 1.91967e-07
 1.75974e-07
 1.61901e-07
 1.49452e-07
 1.38387e-07
 1.69632e-06
 1.32642e-06
 1.06542e-06
 8.74433e-07
 7.30498e-07
 6.19341e-07
 5.31719e-07
 4.61429e-07
 4.04188e-07
 3.56957e-07
 3.17533e-07
 2.84287e-07
 2.55993e-07
 2.31716e-07
 2.10731e-07
 1.92468e-07
 1.76478e-07
 1.62398e-07
 1.49935e-07
 1.38853e-07
 1.57106e-06
 1.25123e-06
 1.01816e-06
 8.43631e-07
 7.09828e-07
 6.05139e-07
 5.21773e-07
 4.54358e-07
 3.99099e-07
 3.53262e-07
 3.14833e-07
 2.82307e-07
 2.54541e-07
 2.30655e-07
 2.09961e-07
 1.91918e-07
 1.76093e-07
 1.62138e-07
 1.49772e-07
 1.38762e-07
 1.40982e-06
 1.14897e-06
 9.50900e-07
 7.97996e-07
 6.78038e-07
 5.82492e-07
 5.05326e-07
 4.42214e-07
 3.90004e-07
 3.46365e-07
 3.09547e-07
 2.78218e-07
 2.51353e-07
 2.28152e-07
 2.07985e-07
 1.90351e-07
 1.74845e-07
 1.61143e-07
 1.48976e-07
 1.38126e-07
 1.23596e-06
 1.03286e-06
 8.71331e-07
 7.42160e-07
 6.38008e-07
 5.53239e-07
 4.83583e-07
 4.25808e-07
 3.77457e-07
 3.36654e-07
 3.01950e-07
 2.72218e-07
 2.46574e-07
 2.24316e-07
 2.04884e-07
 1.87829e-07
 1.72783e-07
 1.59448e-07
 1.47578e-07
 1.36967e-07
 1.06672e-06
 9.14064e-07
 7.86613e-07
 6.80743e-07
 5.92763e-07
 5.19400e-07
 4.57916e-07
 4.06086e-07
 3.62125e-07
 3.24605e-07
 2.92387e-07
 2.64560e-07
 2.40391e-07
 2.19286e-07
 2.00765e-07
 1.84434e-07
 1.69969e-07
 1.57103e-07
 1.45614e-07
 1.35316e-07
 9.12207e-07
 8.00405e-07
 7.02386e-07
 6.17709e-07
 5.45073e-07
 4.82915e-07
 4.29697e-07
 3.84031e-07
 3.44715e-07
 3.10734e-07
 2.81240e-07
 2.55530e-07
 2.33020e-07
 2.13229e-07
 1.95754e-07
 1.80264e-07
 1.66480e-07
 1.54169e-07
 1.43134e-07
 1.33211e-07
 7.76719e-07
 6.96403e-07
 6.22484e-07
 5.56059e-07
 4.97206e-07
 4.45473e-07
 4.00178e-07
 3.60570e-07
 3.25921e-07
 2.95563e-07
 2.68903e-07
 2.45427e-07
 2.24692e-07
 2.06321e-07
 1.89991e-07
 1.75429e-07
 1.62403e-07
 1.50714e-07
 1.40193e-07
 1.30697e-07
 6.60865e-07
 6.04024e-07
 5.49121e-07
 4.97807e-07
 4.50840e-07
 4.08417e-07
 3.70409e-07
 3.36519e-07
 3.06373e-07
 2.79578e-07
 2.55753e-07
 2.34545e-07
 2.15637e-07
 1.98744e-07
 1.83618e-07
 1.70043e-07
 1.57828e-07
 1.46812e-07
 1.36851e-07
 1.27823e-07
