scalar
part
         1
quad4
 5.39140e-07
 4.99238e-07
 4.59292e-07
 4.20920e-07
 3.85005e-07
 3.51944e-07
 3.21833e-07
 2.94592e-07
 2.70046e-07
 2.47974e-07
 2.28143e-07
 2.10324e-07
 1.94299e-07
 1.79871e-07
 1.66859e-07
 1.55104e-07
 1.44463e-07
 1.34813e-07
 1.26043e-07
 1.18056e-07
 6.41133e-07
 5.82242e-07
 5.26572e-07
 4.75433e-07
 4.29262e-07
 3.88003e-07
 3.51345e-07
 3.18870e-07
 2.90126e-07
 2.64675e-07
 2.42110e-07
 2.22068e-07
 2.04227e-07
 1.88306e-07
 1.74061e-07
 1.61283e-07
 1.49789e-07
 1.39423e-07
 1.30049e-07
 1.21552e-07
 7.62274e-07
 6.77391e-07
 6.01369e-07
 5.34462e-07
 4.76113e-07
 4.25437e-07
 3.81471e-07
 3.43293e-07
 3.10069e-07
 2.81076e-07
 2.55692e-07
 2.33388e-07
 2.13722e-07
 1.96317e-07
 1.80859e-07
 1.67082e-07
 1.54762e-07
 1.43707e-07
 1.33757e-07
 1.24775e-07
 9.03194e-07
 7.83839e-07
 6.82358e-07
 5.96646e-07
 5.24339e-07
 4.63222e-07
 4.11373e-07
 3.67186e-07
 3.29339e-07
 2.96752e-07
 2.68549e-07
 2.44015e-07
 2.22569e-07
 2.03733e-07
 1.87114e-07
 1.72390e-07
 1.59290e-07
 1.47591e-07
 1.37106e-07
 1.27674e-07
 1.06181e-06
 8.98760e-07
 7.66878e-07
 6.59765e-07
 5.72176e-07
 4.99987e-07
 4.40000e-07
 3.89746e-07
 3.47316e-07
 3.11226e-07
 2.80314e-07
 2.53662e-07
 2.30543e-07
 2.10374e-07
 1.92685e-07
 1.77092e-07
 1.63284e-07
 1.51002e-07
 1.40034e-07
 1.30201e-07
 1.23159e-06
 1.01662e-06
 8.50682e-07
 7.20675e-07
 6.17331e-07
 5.34062e-07
 4.66127e-07
 4.10069e-07
 3.63332e-07
 3.23996e-07
 2.90605e-07
 2.62037e-07
 2.37421e-07
 2.16068e-07
 1.97434e-07
 1.81081e-07
 1.66657e-07
 1.53871e-07
 1.42488e-07
 1.32310e-07
 1.40012e-06
 1.12885e-06
 9.27971e-07
 7.75448e-07
 6.57115e-07
 5.63582e-07
 4.88444e-07
 4.27221e-07
 3.76708e-07
 3.34565e-07
 2.99054e-07
 2.68864e-07
 2.42990e-07
 2.20652e-07
 2.01237e-07
 1.84260e-07
 1.69331e-07
 1.56136e-07
 1.44416e-07
 1.33962e-07
 1.54915e-06
 1.22442e-06
 9.91931e-07
 8.19762e-07
 6.88717e-07
 5.86674e-07
 5.05675e-07
 4.40314e-07
 3.86817e-07
 3.42481e-07
 3.05331e-07
 2.73898e-07
 2.47068e-07
 2.23986e-07
 2.03986e-07
 1.86544e-07
 1.71242e-07
 1.57745e-07
 1.45779e-07
 1.35123e-07
 1.65747e-06
 1.29168e-06
 1.03582e-06
 8.49548e-07
 7.09585e-07
 6.01689e-07
 5.16723e-07
 4.48602e-07
 3.93139e-07
 3.47376e-07
 3.09170e-07
 2.76944e-07
 2.49510e-07
 2.25962e-07
 2.05598e-07
 1.87869e-07
 1.72339e-07
 1.58659e-07
 1.46546e-07
 1.35769e-07
 1.70670e-06
 1.32112e-06
 1.05439e-06
 8.61739e-07
 7.17854e-07
 6.07446e-07
 5.20820e-07
 4.51571e-07
 3.95323e-07
 3.49002e-07
 3.10395e-07
 2.77874e-07
 2.50221e-07
 2.26509e-07
 2.06020e-07
 1.88196e-07
 1.72592e-07
 1.58855e-07
 1.46696e-07
 1.35884e-07
 1.68755e-06
 1.30813e-06
 1.04514e-06
 8.54923e-07
 7.12681e-07
 6.03426e-07
 5.17633e-07
 4.49000e-07
 3.93220e-07
 3.47260e-07
 3.08935e-07
 2.76639e-07
 2.49166e-07
 2.25601e-07
 2.05233e-07
 1.87510e-07
 1.71990e-07
 1.58323e-07
 1.46225e-07
 1.35464e-07
 1.60316e-06
 1.25432e-06
 1.00901e-06
 8.29655e-07
 6.94416e-07
 5.89857e-07
 5.07317e-07
 4.41001e-07
 3.86909e-07
 3.42205e-07
 3.04833e-07
 2.73269e-07
 2.46370e-07
 2.23257e-07
 2.03252e-07
 1.85821e-07
 1.70541e-07
 1.57072e-07
 1.45137e-07
 1.34513e-07
 1.46769e-06
 1.16704e-06
 9.50074e-07
 7.88332e-07
 6.64536e-07
 5.67685e-07
 4.90497e-07
 4.27996e-07
 3.76685e-07
 3.34049e-07
 2.98240e-07
 2.67879e-07
 2.41915e-07
 2.19541e-07
 2.00126e-07
 1.83170e-07
 1.68277e-07
 1.55125e-07
 1.43453e-07
 1.33048e-07
 1.30134e-06
 1.05717e-06
 8.74549e-07
 7.34686e-07
 6.25371e-07
 5.38415e-07
 4.68176e-07
 4.10671e-07
 3.63027e-07
 3.23132e-07
 2.89406e-07
 2.60650e-07
 2.35941e-07
 2.14558e-07
 1.95935e-07
 1.79619e-07
 1.65246e-07
 1.52521e-07
 1.41204e-07
 1.31094e-07
 1.12452e-06
 9.36406e-07
 7.89436e-07
 6.73067e-07
 5.79713e-07
 5.03892e-07
 4.41602e-07
 3.89891e-07
 3.46547e-07
 3.09895e-07
 2.78653e-07
 2.51824e-07
 2.28627e-07
 2.08446e-07
 1.90786e-07
 1.75250e-07
 1.61514e-07
 1.49313e-07
 1.38430e-07
 1.28683e-07
 9.53354e-07
 8.14913e-07
 7.01246e-07
 6.07730e-07
 5.30403e-07
 4.66051e-07
 4.12122e-07
 3.66608e-07
 3.27929e-07
 2.94840e-07
 2.66351e-07
 2.41677e-07
 2.20186e-07
 2.01367e-07
 1.84805e-07
 1.70162e-07
 1.57159e-07
 1.45564e-07
 1.35184e-07
 1.25859e-07
 7.97962e-07
 7.00049e-07
 6.15165e-07
 5.42307e-07
 4.79997e-07
 4.26708e-07
 3.81038e-07
 3.41770e-07
 3.07872e-07
 2.78484e-07
 2.52893e-07
 2.30509e-07
 2.10845e-07
 1.93498e-07
 1.78132e-07
 1.64467e-07
 1.52269e-07
 1.41343e-07
 1.31522e-07
 1.22665e-07
 6.62943e-07
 5.96161e-07
 5.34736e-07
 4.79532e-07
 4.30558e-07
 3.87408e-07
 3.49510e-07
 3.16248e-07
 2.87034e-07
 2.61330e-07
 2.38662e-07
 2.18617e-07
 2.00839e-07
 1.85024e-07
 1.70911e-07
 1.58279e-07
 1.46938e-07
 1.36726e-07
 1.27505e-07
 1.19154e-07
 5.48998e-07
 5.05094e-07
 4.61960e-07
 4.21202e-07
 3.83582e-07
 3.49355e-07
 3.18486e-07
 2.90786e-07
 2.65997e-07
 2.43835e-07
 2.24020e-07
 2.06286e-07
 1.90393e-07
 1.76124e-07
 1.63288e-07
 1.51716e-07
 1.41260e-07
 1.31791e-07
 1.23197e-07
 1.15378e-07
 4.54596e-07
 4.26966e-07
 3.97625e-07
 3.68296e-07
 3.40024e-07
 3.13395e-07
 2.88685e-07
 2.65981e-07
 2.45249e-07
 2.26394e-07
 2.09284e-07
 1.93773e-07
 1.79715e-07
 1.66968e-07
 1.55401e-07
 1.44891e-07
 1.35328e-07
 1.26615e-07
 1.18661e-07
 1.11389e-07
