scalar
part
         1
quad4
 5.62367e-07
 5.19306e-07
 4.76564e-07
 4.35766e-07
 3.97771e-07
 3.62942e-07
 3.31334e-07
 3.02827e-07
 2.77211e-07
 2.54233e-07
 2.33634e-07
 2.15160e-07
 1.98576e-07
 1.83668e-07
 1.70243e-07
 1.58131e-07
 1.47182e-07
 1.37262e-07
 1.28257e-07
 1.20063e-07
 6.66993e-07
 6.04115e-07
 5.45037e-07
 4.91033e-07
 4.42474e-07
 3.99233e-07
 3.60934e-07
 3.27098e-07
 2.97222e-07
 2.70826e-07
 2.47469e-07
 2.26761e-07
 2.08356e-07
 1.91955e-07
 1.77301e-07
 1.64172e-07
 1.52375e-07
 1.41746e-07
 1.32145e-07
 1.23448e-07
 7.90872e-07
 7.00989e-07
 6.20862e-07
 5.50620e-07
 4.89576e-07
 4.36723e-07
 3.90993e-07
 3.51379e-07
 3.16983e-07
 2.87024e-07
 2.60841e-07
 2.37872e-07
 2.17648e-07
 1.99774e-07
 1.83917e-07
 1.69800e-07
 1.57188e-07
 1.45882e-07
 1.35715e-07
 1.26543e-07
 9.34420e-07
 8.08884e-07
 7.02552e-07
 6.13050e-07
 5.37776e-07
 4.74326e-07
 4.20632e-07
 3.74972e-07
 3.35939e-07
 3.02391e-07
 2.73402e-07
 2.48220e-07
 2.26235e-07
 2.06948e-07
 1.89950e-07
 1.74904e-07
 1.61529e-07
 1.49595e-07
 1.38906e-07
 1.29298e-07
 1.09516e-06
 9.24676e-07
 7.87240e-07
 6.75959e-07
 5.85218e-07
 5.10616e-07
 4.48762e-07
 3.97046e-07
 3.53458e-07
 3.16441e-07
 2.84778e-07
 2.57513e-07
 2.33890e-07
 2.13301e-07
 1.95259e-07
 1.79370e-07
 1.65309e-07
 1.52812e-07
 1.41658e-07
 1.31665e-07
 1.26596e-06
 1.04242e-06
 8.70425e-07
 7.36056e-07
 6.29519e-07
 5.43869e-07
 4.74130e-07
 4.16684e-07
 3.68861e-07
 3.28667e-07
 2.94588e-07
 2.65462e-07
 2.40389e-07
 2.18658e-07
 1.99709e-07
 1.83092e-07
 1.68443e-07
 1.55466e-07
 1.43918e-07
 1.33600e-07
 1.43353e-06
 1.15309e-06
 9.46057e-07
 7.89279e-07
 6.67923e-07
 5.72189e-07
 4.95413e-07
 4.32946e-07
 3.81473e-07
 3.38576e-07
 3.02466e-07
 2.71793e-07
 2.45525e-07
 2.22863e-07
 2.03178e-07
 1.85975e-07
 1.70855e-07
 1.57497e-07
 1.45638e-07
 1.35064e-07
 1.57870e-06
 1.24524e-06
 1.00715e-06
 8.31240e-07
 6.97600e-07
 5.93703e-07
 5.11341e-07
 4.44957e-07
 3.90675e-07
 3.45727e-07
 3.08092e-07
 2.76269e-07
 2.49122e-07
 2.25780e-07
 2.05563e-07
 1.87939e-07
 1.72484e-07
 1.58856e-07
 1.46779e-07
 1.36026e-07
 1.67969e-06
 1.30706e-06
 1.04696e-06
 8.57909e-07
 7.16048e-07
 6.06806e-07
 5.20857e-07
 4.52000e-07
 3.95973e-07
 3.49769e-07
 3.11215e-07
 2.78708e-07
 2.51045e-07
 2.27308e-07
 2.06787e-07
 1.88926e-07
 1.73285e-07
 1.59509e-07
 1.47313e-07
 1.36465e-07
 1.71846e-06
 1.32939e-06
 1.06048e-06
 8.66402e-07
 7.21527e-07
 6.10408e-07
 5.23255e-07
 4.53606e-07
 3.97048e-07
 3.50481e-07
 3.11677e-07
 2.78995e-07
 2.51210e-07
 2.27386e-07
 2.06805e-07
 1.88901e-07
 1.73229e-07
 1.59433e-07
 1.47224e-07
 1.36367e-07
 1.68728e-06
 1.30846e-06
 1.04573e-06
 8.55609e-07
 7.13387e-07
 6.04115e-07
 5.18289e-07
 4.49617e-07
 3.93795e-07
 3.47795e-07
 3.09432e-07
 2.77100e-07
 2.49595e-07
 2.25999e-07
 2.05604e-07
 1.87855e-07
 1.72313e-07
 1.58625e-07
 1.46508e-07
 1.35730e-07
 1.59153e-06
 1.24704e-06
 1.00425e-06
 8.26448e-07
 6.92202e-07
 5.88302e-07
 5.06211e-07
 4.40209e-07
 3.86341e-07
 3.41800e-07
 3.04546e-07
 2.73072e-07
 2.46238e-07
 2.23176e-07
 2.03210e-07
 1.85808e-07
 1.70550e-07
 1.57098e-07
 1.45176e-07
 1.34562e-07
 1.44721e-06
 1.15344e-06
 9.40688e-07
 7.81653e-07
 6.59661e-07
 5.64049e-07
 4.87737e-07
 4.25869e-07
 3.75025e-07
 3.32739e-07
 2.97197e-07
 2.67042e-07
 2.41239e-07
 2.18992e-07
 1.99678e-07
 1.82804e-07
 1.67977e-07
 1.54879e-07
 1.43251e-07
 1.32883e-07
 1.27533e-06
 1.03908e-06
 8.61608e-07
 7.25191e-07
 6.18250e-07
 5.32972e-07
 4.63947e-07
 4.07337e-07
 3.60365e-07
 3.20983e-07
 2.87654e-07
 2.59210e-07
 2.34747e-07
 2.13562e-07
 1.95099e-07
 1.78913e-07
 1.64647e-07
 1.52011e-07
 1.40767e-07
 1.30720e-07
 1.09598e-06
 9.15696e-07
 7.74111e-07
 6.61511e-07
 5.70847e-07
 4.96981e-07
 4.36139e-07
 3.85516e-07
 3.43004e-07
 3.06996e-07
 2.76258e-07
 2.49830e-07
 2.26954e-07
 2.07032e-07
 1.89584e-07
 1.74222e-07
 1.60631e-07
 1.48551e-07
 1.37770e-07
 1.28108e-07
 9.24516e-07
 7.93137e-07
 6.84606e-07
 5.94849e-07
 5.20303e-07
 4.58033e-07
 4.05683e-07
 3.61381e-07
 3.23643e-07
 2.91293e-07
 2.63393e-07
 2.39190e-07
 2.18080e-07
 1.99572e-07
 1.83267e-07
 1.68837e-07
 1.56011e-07
 1.44565e-07
 1.34311e-07
 1.25093e-07
 7.70227e-07
 6.78338e-07
 5.98069e-07
 5.28738e-07
 4.69132e-07
 4.17929e-07
 3.73880e-07
 3.35882e-07
 3.02988e-07
 2.74402e-07
 2.49455e-07
 2.27595e-07
 2.08359e-07
 1.91364e-07
 1.76290e-07
 1.62870e-07
 1.50877e-07
 1.40125e-07
 1.30451e-07
 1.21721e-07
 6.37052e-07
 5.75240e-07
 5.17807e-07
 4.65780e-07
 4.19326e-07
 3.78176e-07
 3.41870e-07
 3.09883e-07
 2.81695e-07
 2.56823e-07
 2.34833e-07
 2.15345e-07
 1.98027e-07
 1.82595e-07
 1.68802e-07
 1.56440e-07
 1.45326e-07
 1.35308e-07
 1.26253e-07
 1.18044e-07
 5.25253e-07
 4.85375e-07
 4.45613e-07
 4.07637e-07
 3.72295e-07
 3.39926e-07
 3.10572e-07
 2.84111e-07
 2.60337e-07
 2.39010e-07
 2.19885e-07
 2.02725e-07
 1.87312e-07
 1.73445e-07
 1.60949e-07
 1.49665e-07
 1.39454e-07
 1.30195e-07
 1.21781e-07
 1.14118e-07
 4.33038e-07
 4.08640e-07
 3.82106e-07
 3.55168e-07
 3.28913e-07
 3.03971e-07
 2.80669e-07
 2.59138e-07
 2.39385e-07
 2.21348e-07
 2.04924e-07
 1.89990e-07
 1.76419e-07
 1.64085e-07
 1.52868e-07
 1.42658e-07
 1.33353e-07
 1.24861e-07
 1.17099e-07
 1.09994e-07
