scalar
part
         1
quad4
 4.48796e-07
 4.21294e-07
 3.92291e-07
 3.63395e-07
 3.35585e-07
 3.09406e-07
 2.85115e-07
 2.62788e-07
 2.42392e-07
 2.23833e-07
 2.06981e-07
 1.91696e-07
 1.77836e-07
 1.65262e-07
 1.53845e-07
 1.43468e-07
 1.34023e-07
 1.25413e-07
 1.17551e-07
 1.10361e-07
 5.40715e-07
 4.97429e-07
 4.55060e-07
 4.15084e-07
 3.78200e-07
 3.44634e-07
 3.14343e-07
 2.87144e-07
 2.62784e-07
 2.40988e-07
 2.21486e-07
 2.04020e-07
 1.88357e-07
 1.74287e-07
 1.61622e-07
 1.50200e-07
 1.39874e-07
 1.30520e-07
 1.22026e-07
 1.14296e-07
 6.51441e-07
 5.86065e-07
 5.26022e-07
 4.72067e-07
 4.24171e-07
 3.81933e-07
 3.44794e-07
 3.12165e-07
 2.83477e-07
 2.58212e-07
 2.35911e-07
 2.16175e-07
 1.98659e-07
 1.83066e-07
 1.69144e-07
 1.56677e-07
 1.45479e-07
 1.35391e-07
 1.26278e-07
 1.18024e-07
 7.82452e-07
 6.87125e-07
 6.04462e-07
 5.33433e-07
 4.72602e-07
 4.20499e-07
 3.75782e-07
 3.37280e-07
 3.04003e-07
 2.75122e-07
 2.49948e-07
 2.27911e-07
 2.08537e-07
 1.91434e-07
 1.76276e-07
 1.62789e-07
 1.50744e-07
 1.39951e-07
 1.30246e-07
 1.21491e-07
 9.33171e-07
 7.98935e-07
 6.88527e-07
 5.97503e-07
 5.22080e-07
 4.59191e-07
 4.06396e-07
 3.61772e-07
 3.23799e-07
 2.91276e-07
 2.63247e-07
 2.38951e-07
 2.17772e-07
 1.99215e-07
 1.82875e-07
 1.68420e-07
 1.55579e-07
 1.44124e-07
 1.33866e-07
 1.24647e-07
 1.09946e-06
 9.17508e-07
 7.74925e-07
 6.61706e-07
 5.70648e-07
 4.96529e-07
 4.35524e-07
 3.84799e-07
 3.42225e-07
 3.06183e-07
 2.75431e-07
 2.49001e-07
 2.26134e-07
 2.06227e-07
 1.88798e-07
 1.73458e-07
 1.59890e-07
 1.47834e-07
 1.37077e-07
 1.27440e-07
 1.27212e-06
 1.03605e-06
 8.58800e-07
 7.22603e-07
 6.15863e-07
 5.30766e-07
 4.61903e-07
 4.05439e-07
 3.58599e-07
 3.19336e-07
 2.86116e-07
 2.57770e-07
 2.33398e-07
 2.12296e-07
 1.93908e-07
 1.77792e-07
 1.63590e-07
 1.51013e-07
 1.39824e-07
 1.29826e-07
 1.43639e-06
 1.14508e-06
 9.33985e-07
 7.76117e-07
 6.54980e-07
 5.60019e-07
 4.84216e-07
 4.22756e-07
 3.72247e-07
 3.30240e-07
 2.94934e-07
 2.64981e-07
 2.39354e-07
 2.17259e-07
 1.98079e-07
 1.81324e-07
 1.66602e-07
 1.53598e-07
 1.42055e-07
 1.31763e-07
 1.57315e-06
 1.23342e-06
 9.93712e-07
 8.18000e-07
 6.85251e-07
 5.82462e-07
 5.01223e-07
 4.35890e-07
 3.82558e-07
 3.38454e-07
 3.01564e-07
 2.70394e-07
 2.43820e-07
 2.20980e-07
 2.01205e-07
 1.83971e-07
 1.68859e-07
 1.55536e-07
 1.43730e-07
 1.33218e-07
 1.66261e-06
 1.29028e-06
 1.03174e-06
 8.44486e-07
 7.04317e-07
 5.96568e-07
 5.11905e-07
 4.44142e-07
 3.89045e-07
 3.43632e-07
 3.05752e-07
 2.73823e-07
 2.46658e-07
 2.23351e-07
 2.03204e-07
 1.85669e-07
 1.70313e-07
 1.56789e-07
 1.44816e-07
 1.34165e-07
 1.68955e-06
 1.30774e-06
 1.04368e-06
 8.52999e-07
 7.10594e-07
 6.01327e-07
 5.15597e-07
 4.47063e-07
 3.91395e-07
 3.45551e-07
 3.07339e-07
 2.75150e-07
 2.47778e-07
 2.24306e-07
 2.04024e-07
 1.86379e-07
 1.70932e-07
 1.57331e-07
 1.45293e-07
 1.34588e-07
 1.64862e-06
 1.28313e-06
 1.02808e-06
 8.42700e-07
 7.03575e-07
 5.96416e-07
 5.12086e-07
 4.44508e-07
 3.89508e-07
 3.44138e-07
 3.06271e-07
 2.74335e-07
 2.47152e-07
 2.23822e-07
 2.03649e-07
 1.86087e-07
 1.70704e-07
 1.57154e-07
 1.45156e-07
 1.34482e-07
 1.54691e-06
 1.22003e-06
 9.86886e-07
 8.14711e-07
 6.83930e-07
 5.82255e-07
 5.01643e-07
 4.36656e-07
 3.83504e-07
 3.39479e-07
 3.02608e-07
 2.71421e-07
 2.44810e-07
 2.21922e-07
 2.02094e-07
 1.84805e-07
 1.69639e-07
 1.56264e-07
 1.44408e-07
 1.33850e-07
 1.40178e-06
 1.12733e-06
 9.24991e-07
 7.71876e-07
 6.53395e-07
 5.59938e-07
 4.84982e-07
 4.23986e-07
 3.73711e-07
 3.31802e-07
 2.96513e-07
 2.66527e-07
 2.40840e-07
 2.18671e-07
 1.99410e-07
 1.82571e-07
 1.67768e-07
 1.54685e-07
 1.43069e-07
 1.32707e-07
 1.23467e-06
 1.01663e-06
 8.49025e-07
 7.18168e-07
 6.14444e-07
 5.31061e-07
 4.63160e-07
 4.07216e-07
 3.60630e-07
 3.21463e-07
 2.88242e-07
 2.59840e-07
 2.35380e-07
 2.14174e-07
 1.95676e-07
 1.79448e-07
 1.65137e-07
 1.52455e-07
 1.41167e-07
 1.31077e-07
 1.06472e-06
 8.99255e-07
 7.65891e-07
 6.57920e-07
 5.69874e-07
 4.97477e-07
 4.37435e-07
 3.87217e-07
 3.44876e-07
 3.08902e-07
 2.78119e-07
 2.51600e-07
 2.28611e-07
 2.08568e-07
 1.90997e-07
 1.75515e-07
 1.61810e-07
 1.49624e-07
 1.38744e-07
 1.28992e-07
 9.05191e-07
 7.84185e-07
 6.81573e-07
 5.95139e-07
 5.22402e-07
 4.61057e-07
 4.09114e-07
 3.64920e-07
 3.27119e-07
 2.94612e-07
 2.66506e-07
 2.42078e-07
 2.20740e-07
 2.02011e-07
 1.85496e-07
 1.70870e-07
 1.57864e-07
 1.46252e-07
 1.35847e-07
 1.26492e-07
 7.63172e-07
 6.77294e-07
 6.00510e-07
 5.33068e-07
 4.74373e-07
 4.23496e-07
 3.79432e-07
 3.41229e-07
 3.08029e-07
 2.79091e-07
 2.53782e-07
 2.31564e-07
 2.11988e-07
 1.94676e-07
 1.79308e-07
 1.65619e-07
 1.53382e-07
 1.42407e-07
 1.32532e-07
 1.23620e-07
 6.41039e-07
 5.81632e-07
 5.25509e-07
 4.74021e-07
 4.27606e-07
 3.86194e-07
 3.49457e-07
 3.16958e-07
 2.88228e-07
 2.62819e-07
 2.40315e-07
 2.20344e-07
 2.02580e-07
 1.86738e-07
 1.72574e-07
 1.59874e-07
 1.48456e-07
 1.38162e-07
 1.28858e-07
 1.20425e-07
 5.38263e-07
 4.98162e-07
 4.57994e-07
 4.19428e-07
 3.83365e-07
 3.50207e-07
 3.20045e-07
 2.92790e-07
 2.68259e-07
 2.46224e-07
 2.26445e-07
 2.08687e-07
 1.92730e-07
 1.78372e-07
 1.65431e-07
 1.53746e-07
 1.43175e-07
 1.33591e-07
 1.24884e-07
 1.16958e-07
