scalar
part
         1
quad4
 4.80068e-07
 4.48267e-07
 4.15474e-07
 3.83300e-07
 3.52689e-07
 3.24131e-07
 2.97829e-07
 2.73805e-07
 2.51975e-07
 2.32203e-07
 2.14322e-07
 1.98161e-07
 1.83552e-07
 1.70337e-07
 1.58369e-07
 1.47515e-07
 1.37656e-07
 1.28686e-07
 1.20509e-07
 1.13043e-07
 5.75475e-07
 5.26781e-07
 4.79808e-07
 4.35971e-07
 3.95877e-07
 3.59653e-07
 3.27163e-07
 2.98141e-07
 2.72266e-07
 2.49207e-07
 2.28646e-07
 2.10290e-07
 1.93874e-07
 1.79163e-07
 1.65952e-07
 1.54059e-07
 1.43329e-07
 1.33624e-07
 1.24825e-07
 1.16829e-07
 6.89806e-07
 6.17674e-07
 5.52103e-07
 4.93670e-07
 4.42162e-07
 3.97008e-07
 3.57511e-07
 3.22965e-07
 2.92709e-07
 2.66155e-07
 2.42787e-07
 2.22163e-07
 2.03902e-07
 1.87682e-07
 1.73228e-07
 1.60307e-07
 1.48719e-07
 1.38296e-07
 1.28893e-07
 1.20385e-07
 8.24248e-07
 7.20605e-07
 6.31435e-07
 5.55332e-07
 4.90536e-07
 4.35318e-07
 3.88136e-07
 3.47669e-07
 3.12811e-07
 2.82648e-07
 2.56425e-07
 2.33523e-07
 2.13431e-07
 1.95727e-07
 1.80062e-07
 1.66145e-07
 1.53734e-07
 1.42626e-07
 1.32649e-07
 1.23659e-07
 9.77706e-07
 8.33506e-07
 7.15677e-07
 6.19094e-07
 5.39466e-07
 4.73362e-07
 4.18080e-07
 3.71508e-07
 3.31992e-07
 2.98232e-07
 2.69204e-07
 2.44090e-07
 2.22238e-07
 2.03121e-07
 1.86311e-07
 1.71461e-07
 1.58283e-07
 1.46539e-07
 1.36034e-07
 1.26601e-07
 1.14523e-06
 9.51866e-07
 8.01211e-07
 6.82190e-07
 5.86883e-07
 5.09597e-07
 4.46192e-07
 3.93618e-07
 3.49600e-07
 3.12414e-07
 2.80745e-07
 2.53572e-07
 2.30095e-07
 2.09684e-07
 1.91835e-07
 1.76141e-07
 1.62274e-07
 1.49963e-07
 1.38987e-07
 1.29161e-07
 1.31653e-06
 1.06829e-06
 8.82863e-07
 7.41015e-07
 6.30258e-07
 5.42235e-07
 4.71193e-07
 4.13074e-07
 3.64955e-07
 3.24689e-07
 2.90670e-07
 2.61680e-07
 2.36783e-07
 2.15248e-07
 1.96500e-07
 1.80082e-07
 1.65625e-07
 1.52831e-07
 1.41455e-07
 1.31296e-07
 1.47565e-06
 1.17276e-06
 9.54249e-07
 7.91412e-07
 6.66826e-07
 5.69397e-07
 4.91780e-07
 4.28956e-07
 3.77400e-07
 3.34577e-07
 2.98624e-07
 2.68150e-07
 2.42099e-07
 2.19656e-07
 2.00187e-07
 1.83188e-07
 1.68261e-07
 1.55083e-07
 1.43390e-07
 1.32969e-07
 1.60280e-06
 1.25397e-06
 1.00861e-06
 8.29193e-07
 6.93907e-07
 5.89318e-07
 5.06762e-07
 4.40442e-07
 3.86355e-07
 3.41661e-07
 3.04303e-07
 2.72757e-07
 2.45875e-07
 2.22782e-07
 2.02796e-07
 1.85385e-07
 1.70123e-07
 1.56672e-07
 1.44755e-07
 1.34147e-07
 1.67866e-06
 1.30155e-06
 1.04004e-06
 8.50831e-07
 7.09308e-07
 6.00588e-07
 5.15206e-07
 4.46897e-07
 3.91377e-07
 3.45630e-07
 3.07482e-07
 2.75334e-07
 2.47988e-07
 2.24531e-07
 2.04257e-07
 1.86615e-07
 1.71167e-07
 1.57563e-07
 1.45521e-07
 1.34810e-07
 1.69002e-06
 1.30870e-06
 1.04480e-06
 8.54142e-07
 7.11696e-07
 6.02362e-07
 5.16558e-07
 4.47949e-07
 3.92211e-07
 3.46301e-07
 3.08030e-07
 2.75787e-07
 2.48367e-07
 2.24850e-07
 2.04529e-07
 1.86848e-07
 1.71369e-07
 1.57739e-07
 1.45675e-07
 1.34945e-07
 1.63438e-06
 1.27420e-06
 1.02224e-06
 8.38758e-07
 7.00853e-07
 5.94506e-07
 5.10730e-07
 4.43540e-07
 3.88816e-07
 3.43647e-07
 3.05927e-07
 2.74101e-07
 2.47000e-07
 2.23732e-07
 2.03605e-07
 1.86079e-07
 1.70724e-07
 1.57194e-07
 1.45212e-07
 1.34550e-07
 1.52119e-06
 1.20288e-06
 9.75007e-07
 8.06231e-07
 6.77723e-07
 5.77614e-07
 4.98113e-07
 4.33930e-07
 3.81372e-07
 3.37794e-07
 3.01263e-07
 2.70341e-07
 2.43936e-07
 2.21211e-07
 2.01513e-07
 1.84329e-07
 1.69249e-07
 1.55943e-07
 1.44144e-07
 1.33633e-07
 1.36879e-06
 1.10431e-06
 9.08455e-07
 7.59704e-07
 6.44241e-07
 5.52923e-07
 4.79519e-07
 4.19670e-07
 3.70258e-07
 3.29010e-07
 2.94232e-07
 2.64648e-07
 2.39280e-07
 2.17367e-07
 1.98314e-07
 1.81645e-07
 1.66981e-07
 1.54014e-07
 1.42493e-07
 1.32213e-07
 1.19826e-06
 9.90112e-07
 8.29337e-07
 7.03278e-07
 6.02990e-07
 5.22111e-07
 4.56069e-07
 4.01526e-07
 3.56014e-07
 3.17678e-07
 2.85111e-07
 2.57229e-07
 2.33186e-07
 2.12317e-07
 1.94095e-07
 1.78094e-07
 1.63972e-07
 1.51449e-07
 1.40293e-07
 1.30315e-07
 1.02774e-06
 8.71246e-07
 7.44428e-07
 6.41262e-07
 5.56781e-07
 4.87060e-07
 4.29052e-07
 3.80399e-07
 3.39276e-07
 3.04261e-07
 2.74241e-07
 2.48335e-07
 2.25843e-07
 2.06206e-07
 1.88970e-07
 1.73766e-07
 1.60293e-07
 1.48303e-07
 1.37588e-07
 1.27977e-07
 8.69458e-07
 7.56147e-07
 6.59446e-07
 5.77539e-07
 5.08281e-07
 4.49624e-07
 3.99775e-07
 3.57225e-07
 3.20726e-07
 2.89260e-07
 2.61993e-07
 2.38247e-07
 2.17467e-07
 1.99198e-07
 1.83066e-07
 1.68760e-07
 1.56023e-07
 1.44639e-07
 1.34428e-07
 1.25239e-07
 7.29675e-07
 6.50181e-07
 5.78532e-07
 5.15183e-07
 4.59739e-07
 4.11447e-07
 3.69446e-07
 3.32896e-07
 3.01030e-07
 2.73174e-07
 2.48748e-07
 2.27258e-07
 2.08283e-07
 1.91471e-07
 1.76523e-07
 1.63187e-07
 1.51249e-07
 1.40529e-07
 1.30872e-07
 1.22147e-07
 6.10202e-07
 5.55993e-07
 5.04225e-07
 4.56334e-07
 4.12867e-07
 3.73864e-07
 3.39095e-07
 3.08205e-07
 2.80797e-07
 2.56476e-07
 2.34873e-07
 2.15652e-07
 1.98516e-07
 1.83201e-07
 1.69482e-07
 1.57160e-07
 1.46064e-07
 1.36046e-07
 1.26979e-07
 1.18752e-07
 5.10172e-07
 4.74263e-07
 4.37734e-07
 4.02272e-07
 3.68827e-07
 3.37862e-07
 3.09531e-07
 2.83805e-07
 2.60550e-07
 2.39583e-07
 2.20701e-07
 2.03698e-07
 1.88378e-07
 1.74561e-07
 1.62081e-07
 1.50791e-07
 1.40558e-07
 1.31266e-07
 1.22812e-07
 1.15105e-07
