scalar
part
         1
quad4
 3.65138e-07
 3.49327e-07
 3.30558e-07
 3.10470e-07
 2.90159e-07
 2.70322e-07
 2.51381e-07
 2.33562e-07
 2.16969e-07
 2.01624e-07
 1.87498e-07
 1.74531e-07
 1.62649e-07
 1.51772e-07
 1.41815e-07
 1.32699e-07
 1.24349e-07
 1.16691e-07
 1.09663e-07
 1.03204e-07
 4.47838e-07
 4.19211e-07
 3.89238e-07
 3.59605e-07
 3.31286e-07
 3.04793e-07
 2.80343e-07
 2.57976e-07
 2.37627e-07
 2.19174e-07
 2.02470e-07
 1.87360e-07
 1.73690e-07
 1.61313e-07
 1.50096e-07
 1.39916e-07
 1.30662e-07
 1.22236e-07
 1.14550e-07
 1.07527e-07
 5.49097e-07
 5.01963e-07
 4.56749e-07
 4.14747e-07
 3.76463e-07
 3.41961e-07
 3.11073e-07
 2.83518e-07
 2.58975e-07
 2.37117e-07
 2.17636e-07
 2.00248e-07
 1.84699e-07
 1.70767e-07
 1.58254e-07
 1.46988e-07
 1.36821e-07
 1.27623e-07
 1.19281e-07
 1.11698e-07
 6.71187e-07
 5.98204e-07
 5.32920e-07
 4.75387e-07
 4.25072e-07
 3.81215e-07
 3.43013e-07
 3.09705e-07
 2.80604e-07
 2.55111e-07
 2.32709e-07
 2.12957e-07
 1.95484e-07
 1.79972e-07
 1.66155e-07
 1.53807e-07
 1.42736e-07
 1.32778e-07
 1.23794e-07
 1.15666e-07
 8.14906e-07
 7.07287e-07
 6.16606e-07
 5.40311e-07
 4.76003e-07
 4.21604e-07
 3.75377e-07
 3.35895e-07
 3.01997e-07
 2.72739e-07
 2.47355e-07
 2.25220e-07
 2.05825e-07
 1.88753e-07
 1.73658e-07
 1.60256e-07
 1.48310e-07
 1.37621e-07
 1.28023e-07
 1.19375e-07
 9.78216e-07
 8.26569e-07
 7.05332e-07
 6.07432e-07
 5.27579e-07
 4.61810e-07
 4.07138e-07
 3.61293e-07
 3.22536e-07
 2.89521e-07
 2.61198e-07
 2.36741e-07
 2.15491e-07
 1.96923e-07
 1.80613e-07
 1.66215e-07
 1.53446e-07
 1.42073e-07
 1.31902e-07
 1.22772e-07
 1.15471e-06
 9.50752e-07
 7.95023e-07
 6.73709e-07
 5.77554e-07
 5.00176e-07
 4.37069e-07
 3.84983e-07
 3.41533e-07
 3.04936e-07
 2.73841e-07
 2.47212e-07
 2.24241e-07
 2.04296e-07
 1.86872e-07
 1.71565e-07
 1.58049e-07
 1.46056e-07
 1.35369e-07
 1.25805e-07
 1.33243e-06
 1.07156e-06
 8.80006e-07
 7.35239e-07
 6.23216e-07
 5.34795e-07
 4.63811e-07
 4.05986e-07
 3.58271e-07
 3.18451e-07
 2.84883e-07
 2.56329e-07
 2.31843e-07
 2.10689e-07
 1.92292e-07
 1.76194e-07
 1.62029e-07
 1.49500e-07
 1.38366e-07
 1.28426e-07
 1.49379e-06
 1.17812e-06
 9.53412e-07
 7.87581e-07
 6.61627e-07
 5.63680e-07
 4.85994e-07
 4.23334e-07
 3.72057e-07
 3.29562e-07
 2.93951e-07
 2.63814e-07
 2.38083e-07
 2.15939e-07
 1.96746e-07
 1.80002e-07
 1.65307e-07
 1.52340e-07
 1.40840e-07
 1.30595e-07
 1.61748e-06
 1.25836e-06
 1.00810e-06
 8.26344e-07
 6.89994e-07
 5.84998e-07
 5.02379e-07
 4.36173e-07
 3.82287e-07
 3.37833e-07
 3.00726e-07
 2.69427e-07
 2.42782e-07
 2.19910e-07
 2.00129e-07
 1.82906e-07
 1.67817e-07
 1.54523e-07
 1.42751e-07
 1.32275e-07
 1.68312e-06
 1.30157e-06
 1.03805e-06
 8.47955e-07
 7.06099e-07
 5.97320e-07
 5.12017e-07
 4.43854e-07
 3.88507e-07
 3.42941e-07
 3.04972e-07
 2.72994e-07
 2.45808e-07
 2.22498e-07
 2.02361e-07
 1.84844e-07
 1.69510e-07
 1.56012e-07
 1.44066e-07
 1.33443e-07
 1.67841e-06
 1.30153e-06
 1.03986e-06
 8.50424e-07
 7.08717e-07
 5.99860e-07
 5.14385e-07
 4.46017e-07
 3.90463e-07
 3.44701e-07
 3.06552e-07
 2.74413e-07
 2.47083e-07
 2.23646e-07
 2.03396e-07
 1.85779e-07
 1.70358e-07
 1.56781e-07
 1.44766e-07
 1.34082e-07
 1.60499e-06
 1.25885e-06
 1.01374e-06
 8.33826e-07
 6.97860e-07
 5.92604e-07
 5.09457e-07
 4.42636e-07
 3.88130e-07
 3.43091e-07
 3.05448e-07
 2.73667e-07
 2.46593e-07
 2.23340e-07
 2.03223e-07
 1.85703e-07
 1.70351e-07
 1.56825e-07
 1.44846e-07
 1.34187e-07
 1.47812e-06
 1.18088e-06
 9.63555e-07
 8.00301e-07
 6.74777e-07
 5.76309e-07
 4.97711e-07
 4.34017e-07
 3.81709e-07
 3.38246e-07
 3.01751e-07
 2.70820e-07
 2.44383e-07
 2.21613e-07
 2.01866e-07
 1.84631e-07
 1.69502e-07
 1.56151e-07
 1.44311e-07
 1.33762e-07
 1.32013e-06
 1.07919e-06
 8.95648e-07
 7.53522e-07
 6.41688e-07
 5.52366e-07
 4.80043e-07
 4.20756e-07
 3.71607e-07
 3.30448e-07
 2.95662e-07
 2.66015e-07
 2.40556e-07
 2.18540e-07
 1.99380e-07
 1.82608e-07
 1.67845e-07
 1.54786e-07
 1.43181e-07
 1.32824e-07
 1.15245e-06
 9.66005e-07
 8.17234e-07
 6.97883e-07
 6.01352e-07
 5.22559e-07
 4.57639e-07
 4.03658e-07
 3.58380e-07
 3.20090e-07
 2.87461e-07
 2.59458e-07
 2.35266e-07
 2.14237e-07
 1.95854e-07
 1.79698e-07
 1.65429e-07
 1.52769e-07
 1.41489e-07
 1.31396e-07
 9.90746e-07
 8.51564e-07
 7.34923e-07
 6.37688e-07
 5.56616e-07
 4.88804e-07
 4.31810e-07
 3.83637e-07
 3.42676e-07
 3.07638e-07
 2.77490e-07
 2.51400e-07
 2.28700e-07
 2.08845e-07
 1.91395e-07
 1.75986e-07
 1.62321e-07
 1.50152e-07
 1.39273e-07
 1.29512e-07
 8.44045e-07
 7.42933e-07
 6.53856e-07
 5.76581e-07
 5.10047e-07
 4.52916e-07
 4.03849e-07
 3.61623e-07
 3.25173e-07
 2.93592e-07
 2.66119e-07
 2.42121e-07
 2.21070e-07
 2.02528e-07
 1.86130e-07
 1.71572e-07
 1.58598e-07
 1.46996e-07
 1.36585e-07
 1.27211e-07
 7.16044e-07
 6.44112e-07
 5.77479e-07
 5.17289e-07
 4.63722e-07
 4.16453e-07
 3.74920e-07
 3.38487e-07
 3.06523e-07
 2.78443e-07
 2.53724e-07
 2.31907e-07
 2.12598e-07
 1.95457e-07
 1.80194e-07
 1.66560e-07
 1.54346e-07
 1.43370e-07
 1.33477e-07
 1.24537e-07
 6.07044e-07
 5.56748e-07
 5.07729e-07
 4.61604e-07
 4.19156e-07
 3.80637e-07
 3.45989e-07
 3.14984e-07
 2.87315e-07
 2.62650e-07
 2.40661e-07
 2.21040e-07
 2.03506e-07
 1.87808e-07
 1.73726e-07
 1.61064e-07
 1.49653e-07
 1.39344e-07
 1.30010e-07
 1.21539e-07
