scalar
part
         1
quad4
 6.48374e-07
 5.93458e-07
 5.40234e-07
 4.90352e-07
 4.44589e-07
 4.03169e-07
 3.65993e-07
 3.32791e-07
 3.03215e-07
 2.76892e-07
 2.53460e-07
 2.32580e-07
 2.13946e-07
 1.97283e-07
 1.82351e-07
 1.68940e-07
 1.56865e-07
 1.45968e-07
 1.36109e-07
 1.27169e-07
 7.62808e-07
 6.84938e-07
 6.13068e-07
 5.48330e-07
 4.90850e-07
 4.40230e-07
 3.95834e-07
 3.56955e-07
 3.22897e-07
 2.93021e-07
 2.66755e-07
 2.43604e-07
 2.23137e-07
 2.04988e-07
 1.88844e-07
 1.74438e-07
 1.61544e-07
 1.49966e-07
 1.39541e-07
 1.30126e-07
 8.96866e-07
 7.88145e-07
 6.92592e-07
 6.09863e-07
 5.38760e-07
 4.77806e-07
 4.25536e-07
 3.80619e-07
 3.41900e-07
 3.08397e-07
 2.79287e-07
 2.53889e-07
 2.31634e-07
 2.12052e-07
 1.94751e-07
 1.79404e-07
 1.65741e-07
 1.53530e-07
 1.42582e-07
 1.32731e-07
 1.05012e-06
 9.01263e-07
 7.76705e-07
 6.73020e-07
 5.86694e-07
 5.14589e-07
 4.54069e-07
 4.02983e-07
 3.59602e-07
 3.22537e-07
 2.90682e-07
 2.63144e-07
 2.39208e-07
 2.18293e-07
 1.99927e-07
 1.83723e-07
 1.69364e-07
 1.56586e-07
 1.45171e-07
 1.34936e-07
 1.21855e-06
 1.02000e-06
 8.61723e-07
 7.34894e-07
 6.32444e-07
 5.48927e-07
 4.80203e-07
 4.23130e-07
 3.75316e-07
 3.34927e-07
 3.00546e-07
 2.71069e-07
 2.45627e-07
 2.23532e-07
 2.04232e-07
 1.87284e-07
 1.72326e-07
 1.59064e-07
 1.47254e-07
 1.36694e-07
 1.39257e-06
 1.13683e-06
 9.42176e-07
 7.91615e-07
 6.73291e-07
 5.78905e-07
 5.02579e-07
 4.40084e-07
 3.88336e-07
 3.45047e-07
 3.08497e-07
 2.77376e-07
 2.50675e-07
 2.27603e-07
 2.07539e-07
 1.89987e-07
 1.74549e-07
 1.60902e-07
 1.48780e-07
 1.37967e-07
 1.55556e-06
 1.24089e-06
 1.01106e-06
 8.38633e-07
 7.06236e-07
 6.02513e-07
 5.19825e-07
 4.52895e-07
 3.97991e-07
 3.52416e-07
 3.14184e-07
 2.81809e-07
 2.54158e-07
 2.30361e-07
 2.09737e-07
 1.91749e-07
 1.75968e-07
 1.62048e-07
 1.49710e-07
 1.38722e-07
 1.68477e-06
 1.31921e-06
 1.06074e-06
 8.71326e-07
 7.28392e-07
 6.17895e-07
 5.30718e-07
 4.60737e-07
 4.03713e-07
 3.56636e-07
 3.17324e-07
 2.84160e-07
 2.55927e-07
 2.31695e-07
 2.10742e-07
 1.92504e-07
 1.76532e-07
 1.62465e-07
 1.50012e-07
 1.38937e-07
 1.75638e-06
 1.35952e-06
 1.08456e-06
 8.85868e-07
 7.37471e-07
 6.23631e-07
 5.34350e-07
 4.63012e-07
 4.05099e-07
 3.57432e-07
 3.17724e-07
 2.84294e-07
 2.55882e-07
 2.31531e-07
 2.10501e-07
 1.92214e-07
 1.76212e-07
 1.62130e-07
 1.49671e-07
 1.38597e-07
 1.75409e-06
 1.35415e-06
 1.07856e-06
 8.80112e-07
 7.32243e-07
 6.18991e-07
 5.30271e-07
 4.59438e-07
 4.01967e-07
 3.54682e-07
 3.15303e-07
 2.82155e-07
 2.53986e-07
 2.29845e-07
 2.08995e-07
 1.90865e-07
 1.75000e-07
 1.61036e-07
 1.48682e-07
 1.37699e-07
 1.67653e-06
 1.30277e-06
 1.04275e-06
 8.54153e-07
 7.12820e-07
 6.04078e-07
 5.18571e-07
 4.50089e-07
 3.94378e-07
 3.48438e-07
 3.10103e-07
 2.77779e-07
 2.50268e-07
 2.26659e-07
 2.06245e-07
 1.88474e-07
 1.72909e-07
 1.59197e-07
 1.47056e-07
 1.36254e-07
 1.53788e-06
 1.21259e-06
 9.81101e-07
 8.10322e-07
 6.80644e-07
 5.79823e-07
 4.99871e-07
 4.35394e-07
 3.82636e-07
 3.38918e-07
 3.02286e-07
 2.71286e-07
 2.44820e-07
 2.22046e-07
 2.02307e-07
 1.85087e-07
 1.69974e-07
 1.56640e-07
 1.44814e-07
 1.34278e-07
 1.36112e-06
 1.09564e-06
 9.00371e-07
 7.52625e-07
 6.38200e-07
 5.47827e-07
 4.75239e-07
 4.16083e-07
 3.67253e-07
 3.26491e-07
 2.92120e-07
 2.62876e-07
 2.37794e-07
 2.16121e-07
 1.97270e-07
 1.80772e-07
 1.66253e-07
 1.53409e-07
 1.41994e-07
 1.31803e-07
 1.16977e-06
 9.65212e-07
 8.08398e-07
 6.85880e-07
 5.88555e-07
 5.10103e-07
 4.46033e-07
 3.93095e-07
 3.48893e-07
 3.11634e-07
 2.79956e-07
 2.52812e-07
 2.29386e-07
 2.09036e-07
 1.91251e-07
 1.75622e-07
 1.61817e-07
 1.49565e-07
 1.38643e-07
 1.28866e-07
 9.82505e-07
 8.32935e-07
 7.12556e-07
 6.14862e-07
 5.34872e-07
 4.68794e-07
 4.13734e-07
 3.67475e-07
 3.28306e-07
 2.94895e-07
 2.66200e-07
 2.41397e-07
 2.19829e-07
 2.00969e-07
 1.84391e-07
 1.69747e-07
 1.56754e-07
 1.45175e-07
 1.34816e-07
 1.25514e-07
 8.11441e-07
 7.07359e-07
 6.18775e-07
 5.43679e-07
 4.80017e-07
 4.25920e-07
 3.79785e-07
 3.40268e-07
 3.06257e-07
 2.76843e-07
 2.51280e-07
 2.28957e-07
 2.09373e-07
 1.92115e-07
 1.76841e-07
 1.63268e-07
 1.51160e-07
 1.40319e-07
 1.30578e-07
 1.21797e-07
 6.62571e-07
 5.93705e-07
 5.31168e-07
 4.75449e-07
 4.26314e-07
 3.83210e-07
 3.45473e-07
 3.12434e-07
 2.83472e-07
 2.58029e-07
 2.35618e-07
 2.15819e-07
 1.98273e-07
 1.82674e-07
 1.68760e-07
 1.56311e-07
 1.45137e-07
 1.35078e-07
 1.25995e-07
 1.17771e-07
 5.37337e-07
 4.94349e-07
 4.52117e-07
 4.12239e-07
 3.75455e-07
 3.42006e-07
 3.11850e-07
 2.84797e-07
 2.60591e-07
 2.38953e-07
 2.19606e-07
 2.02292e-07
 1.86774e-07
 1.72841e-07
 1.60306e-07
 1.49003e-07
 1.38789e-07
 1.29536e-07
 1.21137e-07
 1.13493e-07
 4.34373e-07
 4.09624e-07
 3.82600e-07
 3.55184e-07
 3.28521e-07
 3.03255e-07
 2.79712e-07
 2.58010e-07
 2.38146e-07
 2.20044e-07
 2.03591e-07
 1.88655e-07
 1.75103e-07
 1.62801e-07
 1.51628e-07
 1.41467e-07
 1.32215e-07
 1.23778e-07
 1.16072e-07
 1.09021e-07
 3.50945e-07
 3.38612e-07
 3.22609e-07
 3.04692e-07
 2.86070e-07
 2.67539e-07
 2.49602e-07
 2.32553e-07
 2.16549e-07
 2.01651e-07
 1.87863e-07
 1.75151e-07
 1.63459e-07
 1.52720e-07
 1.42863e-07
 1.33817e-07
 1.25512e-07
 1.17882e-07
 1.10867e-07
 1.04411e-07
