scalar
part
         1
quad4
 5.70871e-07
 5.26118e-07
 4.81883e-07
 4.39822e-07
 4.00792e-07
 3.65130e-07
 3.32863e-07
 3.03840e-07
 2.77823e-07
 2.54537e-07
 2.33701e-07
 2.15048e-07
 1.98329e-07
 1.83321e-07
 1.69822e-07
 1.57658e-07
 1.46672e-07
 1.36728e-07
 1.27708e-07
 1.19508e-07
 6.77124e-07
 6.11897e-07
 5.50861e-07
 4.95283e-07
 4.45491e-07
 4.01300e-07
 3.62277e-07
 3.27893e-07
 2.97607e-07
 2.70906e-07
 2.47324e-07
 2.26450e-07
 2.07926e-07
 1.91441e-07
 1.76729e-07
 1.63561e-07
 1.51741e-07
 1.41101e-07
 1.31496e-07
 1.22801e-07
 8.02770e-07
 7.09667e-07
 6.27025e-07
 5.54876e-07
 4.92412e-07
 4.38513e-07
 3.92020e-07
 3.51853e-07
 3.17058e-07
 2.86815e-07
 2.60430e-07
 2.37322e-07
 2.17003e-07
 1.99067e-07
 1.83173e-07
 1.69037e-07
 1.56418e-07
 1.45115e-07
 1.34957e-07
 1.25800e-07
 9.47990e-07
 8.18166e-07
 7.08722e-07
 6.17006e-07
 5.40174e-07
 4.75635e-07
 4.21183e-07
 3.75000e-07
 3.35610e-07
 3.01820e-07
 2.72671e-07
 2.47388e-07
 2.25343e-07
 2.06024e-07
 1.89015e-07
 1.73972e-07
 1.60612e-07
 1.48697e-07
 1.38033e-07
 1.28452e-07
 1.10982e-06
 9.33908e-07
 7.92846e-07
 6.79163e-07
 5.86834e-07
 5.11189e-07
 4.48651e-07
 3.96493e-07
 3.52624e-07
 3.15434e-07
 2.83673e-07
 2.56359e-07
 2.32720e-07
 2.12137e-07
 1.94117e-07
 1.78258e-07
 1.64234e-07
 1.51777e-07
 1.40664e-07
 1.30713e-07
 1.28027e-06
 1.05045e-06
 8.74617e-07
 7.37905e-07
 6.29936e-07
 5.43415e-07
 4.73155e-07
 4.15408e-07
 3.67423e-07
 3.27155e-07
 2.93058e-07
 2.63950e-07
 2.38915e-07
 2.17236e-07
 1.98346e-07
 1.81790e-07
 1.67203e-07
 1.54288e-07
 1.42800e-07
 1.32538e-07
 1.44488e-06
 1.15819e-06
 9.47733e-07
 7.89069e-07
 6.66686e-07
 5.70412e-07
 4.93378e-07
 4.30816e-07
 3.79342e-07
 3.36499e-07
 3.00471e-07
 2.69895e-07
 2.43729e-07
 2.21169e-07
 2.01584e-07
 1.84477e-07
 1.69447e-07
 1.56173e-07
 1.44393e-07
 1.33892e-07
 1.58336e-06
 1.24532e-06
 1.00511e-06
 8.28264e-07
 6.94285e-07
 5.90343e-07
 5.08085e-07
 4.41871e-07
 3.87787e-07
 3.43041e-07
 3.05604e-07
 2.73967e-07
 2.46992e-07
 2.23807e-07
 2.03734e-07
 1.86242e-07
 1.70906e-07
 1.57387e-07
 1.45408e-07
 1.34745e-07
 1.67372e-06
 1.30016e-06
 1.04018e-06
 8.51624e-07
 7.10353e-07
 6.01693e-07
 5.16281e-07
 4.47902e-07
 3.92295e-07
 3.46458e-07
 3.08224e-07
 2.75997e-07
 2.48579e-07
 2.25057e-07
 2.04726e-07
 1.87033e-07
 1.71539e-07
 1.57896e-07
 1.45818e-07
 1.35076e-07
 1.69940e-06
 1.31446e-06
 1.04850e-06
 8.56593e-07
 7.13358e-07
 6.03505e-07
 5.17350e-07
 4.48499e-07
 3.92590e-07
 3.46557e-07
 3.08197e-07
 2.75889e-07
 2.48420e-07
 2.24867e-07
 2.04519e-07
 1.86819e-07
 1.71324e-07
 1.57683e-07
 1.45611e-07
 1.34876e-07
 1.65573e-06
 1.28593e-06
 1.02886e-06
 8.42499e-07
 7.02907e-07
 5.95544e-07
 5.11147e-07
 4.43573e-07
 3.88612e-07
 3.43300e-07
 3.05496e-07
 2.73624e-07
 2.46503e-07
 2.23230e-07
 2.03110e-07
 1.85597e-07
 1.70258e-07
 1.56747e-07
 1.44785e-07
 1.34143e-07
 1.55113e-06
 1.21881e-06
 9.83555e-07
 8.10682e-07
 6.79822e-07
 5.78334e-07
 4.98018e-07
 4.33359e-07
 3.80528e-07
 3.36806e-07
 3.00209e-07
 2.69269e-07
 2.42878e-07
 2.20184e-07
 2.00528e-07
 1.83391e-07
 1.68360e-07
 1.55103e-07
 1.43353e-07
 1.32889e-07
 1.40311e-06
 1.12224e-06
 9.17713e-07
 7.64160e-07
 6.45962e-07
 5.53066e-07
 4.78753e-07
 4.18394e-07
 3.68713e-07
 3.27341e-07
 2.92530e-07
 2.62967e-07
 2.37652e-07
 2.15810e-07
 1.96835e-07
 1.80250e-07
 1.65668e-07
 1.52782e-07
 1.41339e-07
 1.31132e-07
 1.23218e-06
 1.00761e-06
 8.37979e-07
 7.06981e-07
 6.03886e-07
 5.21408e-07
 4.54468e-07
 3.99445e-07
 3.53704e-07
 3.15292e-07
 2.82741e-07
 2.54927e-07
 2.30982e-07
 2.10228e-07
 1.92125e-07
 1.76245e-07
 1.62241e-07
 1.49830e-07
 1.38780e-07
 1.28902e-07
 1.05687e-06
 8.86013e-07
 7.51189e-07
 6.43490e-07
 5.56430e-07
 4.85259e-07
 4.26465e-07
 3.77423e-07
 3.36151e-07
 3.01129e-07
 2.71186e-07
 2.45405e-07
 2.23064e-07
 2.03587e-07
 1.86513e-07
 1.71468e-07
 1.58148e-07
 1.46302e-07
 1.35722e-07
 1.26237e-07
 8.90818e-07
 7.66448e-07
 6.63325e-07
 5.77709e-07
 5.06339e-07
 4.46521e-07
 3.96082e-07
 3.53286e-07
 3.16748e-07
 2.85364e-07
 2.58249e-07
 2.34692e-07
 2.14118e-07
 1.96058e-07
 1.80132e-07
 1.66024e-07
 1.53474e-07
 1.42266e-07
 1.32219e-07
 1.23180e-07
 7.42080e-07
 6.55110e-07
 5.78932e-07
 5.12921e-07
 4.55981e-07
 4.06911e-07
 3.64574e-07
 3.27957e-07
 2.96183e-07
 2.68513e-07
 2.44321e-07
 2.23087e-07
 2.04376e-07
 1.87823e-07
 1.73125e-07
 1.60025e-07
 1.48309e-07
 1.37795e-07
 1.28329e-07
 1.19780e-07
 6.13945e-07
 5.55440e-07
 5.00977e-07
 4.51507e-07
 4.07205e-07
 3.67846e-07
 3.33022e-07
 3.02261e-07
 2.75089e-07
 2.51063e-07
 2.29780e-07
 2.10886e-07
 1.94071e-07
 1.79065e-07
 1.65638e-07
 1.53589e-07
 1.42748e-07
 1.32966e-07
 1.24116e-07
 1.16089e-07
 5.06426e-07
 4.68698e-07
 4.31024e-07
 3.94959e-07
 3.61304e-07
 3.30394e-07
 3.02289e-07
 2.76888e-07
 2.54014e-07
 2.33450e-07
 2.14972e-07
 1.98364e-07
 1.83422e-07
 1.69961e-07
 1.57814e-07
 1.46833e-07
 1.36885e-07
 1.27856e-07
 1.19644e-07
 1.12159e-07
 4.17713e-07
 3.94672e-07
 3.69569e-07
 3.44025e-07
 3.19062e-07
 2.95283e-07
 2.73009e-07
 2.52375e-07
 2.33402e-07
 2.16039e-07
 2.00197e-07
 1.85766e-07
 1.72631e-07
 1.60675e-07
 1.49788e-07
 1.39866e-07
 1.30813e-07
 1.22542e-07
 1.14976e-07
 1.08043e-07
