scalar
part
         1
quad4
 5.95917e-07
 5.47445e-07
 4.99982e-07
 4.55165e-07
 4.13806e-07
 3.76191e-07
 3.42289e-07
 3.11900e-07
 2.84741e-07
 2.60497e-07
 2.38857e-07
 2.19526e-07
 2.02234e-07
 1.86738e-07
 1.72825e-07
 1.60305e-07
 1.49014e-07
 1.38808e-07
 1.29560e-07
 1.21161e-07
 7.04441e-07
 6.34644e-07
 5.69773e-07
 5.11022e-07
 4.58622e-07
 4.12296e-07
 3.71526e-07
 3.35710e-07
 3.04246e-07
 2.76572e-07
 2.52184e-07
 2.30639e-07
 2.11553e-07
 1.94596e-07
 1.79485e-07
 1.65978e-07
 1.53869e-07
 1.42980e-07
 1.33162e-07
 1.24284e-07
 8.32230e-07
 7.33567e-07
 6.46439e-07
 5.70703e-07
 5.05380e-07
 4.49202e-07
 4.00886e-07
 3.59254e-07
 3.23275e-07
 2.92070e-07
 2.64899e-07
 2.41143e-07
 2.20288e-07
 2.01905e-07
 1.85637e-07
 1.71185e-07
 1.58299e-07
 1.46769e-07
 1.36417e-07
 1.27092e-07
 9.79163e-07
 8.42702e-07
 7.28137e-07
 6.32479e-07
 5.52608e-07
 4.85712e-07
 4.29420e-07
 3.81788e-07
 3.41247e-07
 3.06537e-07
 2.76645e-07
 2.50758e-07
 2.28217e-07
 2.08491e-07
 1.91142e-07
 1.75816e-07
 1.62216e-07
 1.50100e-07
 1.39263e-07
 1.29536e-07
 1.14179e-06
 9.58216e-07
 8.11528e-07
 6.93691e-07
 5.98268e-07
 5.20291e-07
 4.55977e-07
 4.02448e-07
 3.57511e-07
 3.19479e-07
 2.87047e-07
 2.59195e-07
 2.35118e-07
 2.14178e-07
 1.95864e-07
 1.79761e-07
 1.65533e-07
 1.52904e-07
 1.41647e-07
 1.31572e-07
 1.31142e-06
 1.07323e-06
 8.91576e-07
 7.50751e-07
 6.39823e-07
 5.51138e-07
 4.79268e-07
 4.20304e-07
 3.71387e-07
 3.30396e-07
 2.95730e-07
 2.66171e-07
 2.40774e-07
 2.18802e-07
 1.99672e-07
 1.82919e-07
 1.68169e-07
 1.55118e-07
 1.43516e-07
 1.33157e-07
 1.47271e-06
 1.17768e-06
 9.61749e-07
 7.99384e-07
 6.74432e-07
 5.76333e-07
 4.97974e-07
 4.34431e-07
 3.82219e-07
 3.38812e-07
 3.02347e-07
 2.71429e-07
 2.44992e-07
 2.22214e-07
 2.02455e-07
 1.85204e-07
 1.70058e-07
 1.56687e-07
 1.44827e-07
 1.34259e-07
 1.60453e-06
 1.25943e-06
 1.01485e-06
 8.35180e-07
 6.99310e-07
 5.94066e-07
 5.10886e-07
 4.44007e-07
 3.89433e-07
 3.44321e-07
 3.06605e-07
 2.74754e-07
 2.47612e-07
 2.24297e-07
 2.04121e-07
 1.86546e-07
 1.71144e-07
 1.57571e-07
 1.45549e-07
 1.34850e-07
 1.68455e-06
 1.30682e-06
 1.04442e-06
 8.54380e-07
 7.12171e-07
 6.02896e-07
 5.17070e-07
 4.48407e-07
 3.92602e-07
 3.46625e-07
 3.08292e-07
 2.75994e-07
 2.48524e-07
 2.24966e-07
 2.04609e-07
 1.86897e-07
 1.71392e-07
 1.57740e-07
 1.45658e-07
 1.34913e-07
 1.69700e-06
 1.31214e-06
 1.04638e-06
 8.54689e-07
 7.11658e-07
 6.01989e-07
 5.15994e-07
 4.47283e-07
 3.91495e-07
 3.45567e-07
 3.07299e-07
 2.75070e-07
 2.47672e-07
 2.24181e-07
 2.03888e-07
 1.86236e-07
 1.70784e-07
 1.57182e-07
 1.45145e-07
 1.34441e-07
 1.63919e-06
 1.27421e-06
 1.02016e-06
 8.35815e-07
 6.97622e-07
 5.91269e-07
 5.07622e-07
 4.40621e-07
 3.86106e-07
 3.41147e-07
 3.03628e-07
 2.71990e-07
 2.45060e-07
 2.21949e-07
 2.01964e-07
 1.84566e-07
 1.69326e-07
 1.55901e-07
 1.44014e-07
 1.33437e-07
 1.52210e-06
 1.19855e-06
 9.68781e-07
 7.99520e-07
 6.71144e-07
 5.71429e-07
 4.92415e-07
 4.28735e-07
 3.76658e-07
 3.33526e-07
 2.97399e-07
 2.66839e-07
 2.40757e-07
 2.18320e-07
 1.98878e-07
 1.81921e-07
 1.67044e-07
 1.53919e-07
 1.42281e-07
 1.31915e-07
 1.36510e-06
 1.09534e-06
 8.97952e-07
 7.49185e-07
 6.34318e-07
 5.43814e-07
 4.71264e-07
 4.12234e-07
 3.63577e-07
 3.23006e-07
 2.88832e-07
 2.59782e-07
 2.34885e-07
 2.13388e-07
 1.94702e-07
 1.78357e-07
 1.63981e-07
 1.51269e-07
 1.39976e-07
 1.29899e-07
 1.18928e-06
 9.76426e-07
 8.14650e-07
 6.89087e-07
 5.89858e-07
 5.10201e-07
 4.45366e-07
 3.91944e-07
 3.47443e-07
 3.10007e-07
 2.78233e-07
 2.51047e-07
 2.27616e-07
 2.07286e-07
 1.89537e-07
 1.73954e-07
 1.60200e-07
 1.48004e-07
 1.37139e-07
 1.27420e-07
 1.01259e-06
 8.52781e-07
 7.25747e-07
 6.23641e-07
 5.40672e-07
 4.72551e-07
 4.16070e-07
 3.68812e-07
 3.28935e-07
 2.95021e-07
 2.65966e-07
 2.40907e-07
 2.19157e-07
 2.00171e-07
 1.83507e-07
 1.68807e-07
 1.55780e-07
 1.44183e-07
 1.33819e-07
 1.24519e-07
 8.47633e-07
 7.32970e-07
 6.37044e-07
 5.56803e-07
 4.89490e-07
 4.32772e-07
 3.84731e-07
 3.43814e-07
 3.08765e-07
 2.78574e-07
 2.52425e-07
 2.29659e-07
 2.09737e-07
 1.92221e-07
 1.76750e-07
 1.63027e-07
 1.50805e-07
 1.39878e-07
 1.30072e-07
 1.21243e-07
 7.01465e-07
 6.22640e-07
 5.52799e-07
 4.91712e-07
 4.38608e-07
 3.92548e-07
 3.52590e-07
 3.17869e-07
 2.87621e-07
 2.61187e-07
 2.38008e-07
 2.17610e-07
 1.99594e-07
 1.83623e-07
 1.69415e-07
 1.56732e-07
 1.45371e-07
 1.35163e-07
 1.25961e-07
 1.17642e-07
 5.76598e-07
 5.24740e-07
 4.75681e-07
 4.30570e-07
 3.89774e-07
 3.53238e-07
 3.20695e-07
 2.91786e-07
 2.66128e-07
 2.43345e-07
 2.23092e-07
 2.05056e-07
 1.88960e-07
 1.74561e-07
 1.61648e-07
 1.50039e-07
 1.39575e-07
 1.30118e-07
 1.21550e-07
 1.13769e-07
 4.72543e-07
 4.40153e-07
 4.06996e-07
 3.74701e-07
 3.44169e-07
 3.15839e-07
 2.89864e-07
 2.66227e-07
 2.44816e-07
 2.25472e-07
 2.08017e-07
 1.92269e-07
 1.78055e-07
 1.65212e-07
 1.53594e-07
 1.43066e-07
 1.33511e-07
 1.24821e-07
 1.16904e-07
 1.09677e-07
 3.87200e-07
 3.68415e-07
 3.47040e-07
 3.24705e-07
 3.02474e-07
 2.81008e-07
 2.60685e-07
 2.41696e-07
 2.24110e-07
 2.07920e-07
 1.93073e-07
 1.79488e-07
 1.67076e-07
 1.55739e-07
 1.45386e-07
 1.35924e-07
 1.27271e-07
 1.19349e-07
 1.12087e-07
 1.05422e-07
