scalar
part
         1
quad4
 3.36096e-07
 3.25615e-07
 3.11303e-07
 2.94889e-07
 2.77577e-07
 2.60176e-07
 2.43205e-07
 2.26980e-07
 2.11677e-07
 1.97376e-07
 1.84098e-07
 1.71821e-07
 1.60502e-07
 1.50084e-07
 1.40505e-07
 1.31699e-07
 1.23603e-07
 1.16156e-07
 1.09302e-07
 1.02986e-07
 4.17456e-07
 3.95139e-07
 3.70251e-07
 3.44667e-07
 3.19553e-07
 2.95588e-07
 2.73131e-07
 2.52337e-07
 2.33232e-07
 2.15766e-07
 1.99848e-07
 1.85365e-07
 1.72196e-07
 1.60222e-07
 1.49329e-07
 1.39409e-07
 1.30366e-07
 1.22110e-07
 1.14562e-07
 1.07649e-07
 5.18123e-07
 4.78317e-07
 4.38759e-07
 4.01088e-07
 3.66109e-07
 3.34131e-07
 3.05174e-07
 2.79103e-07
 2.55702e-07
 2.34729e-07
 2.15935e-07
 1.99082e-07
 1.83952e-07
 1.70347e-07
 1.58090e-07
 1.47026e-07
 1.37016e-07
 1.27941e-07
 1.19695e-07
 1.12185e-07
 6.40938e-07
 5.76190e-07
 5.16942e-07
 4.63825e-07
 4.16744e-07
 3.75265e-07
 3.38821e-07
 3.06818e-07
 2.78691e-07
 2.53928e-07
 2.32074e-07
 2.12736e-07
 1.95573e-07
 1.80295e-07
 1.66654e-07
 1.54435e-07
 1.43459e-07
 1.33570e-07
 1.24634e-07
 1.16538e-07
 7.87503e-07
 6.88624e-07
 6.03972e-07
 5.31850e-07
 4.70451e-07
 4.18093e-07
 3.73307e-07
 3.34849e-07
 3.01679e-07
 2.72940e-07
 2.47924e-07
 2.26049e-07
 2.06835e-07
 1.89885e-07
 1.74870e-07
 1.61516e-07
 1.49594e-07
 1.38913e-07
 1.29310e-07
 1.20649e-07
 9.56817e-07
 8.13550e-07
 6.97665e-07
 6.03219e-07
 5.25613e-07
 4.61316e-07
 4.07607e-07
 3.62390e-07
 3.24036e-07
 2.91272e-07
 2.63097e-07
 2.38715e-07
 2.17493e-07
 1.98920e-07
 1.82581e-07
 1.68140e-07
 1.55319e-07
 1.43887e-07
 1.33654e-07
 1.24461e-07
 1.14356e-06
 9.46141e-07
 7.94128e-07
 6.74934e-07
 5.79973e-07
 5.03241e-07
 4.40454e-07
 3.88489e-07
 3.45041e-07
 3.08374e-07
 2.77168e-07
 2.50405e-07
 2.27291e-07
 2.07198e-07
 1.89628e-07
 1.74180e-07
 1.60528e-07
 1.48407e-07
 1.37598e-07
 1.27919e-07
 1.33647e-06
 1.07824e-06
 8.87617e-07
 7.42973e-07
 6.30699e-07
 5.41863e-07
 4.70406e-07
 4.12099e-07
 3.63923e-07
 3.23672e-07
 2.89707e-07
 2.60791e-07
 2.35975e-07
 2.14523e-07
 1.95856e-07
 1.79513e-07
 1.65125e-07
 1.52394e-07
 1.41075e-07
 1.30969e-07
 1.51752e-06
 1.19845e-06
 9.70824e-07
 8.02567e-07
 6.74615e-07
 5.75019e-07
 4.95965e-07
 4.32161e-07
 3.79921e-07
 3.36608e-07
 3.00299e-07
 2.69560e-07
 2.43309e-07
 2.20711e-07
 2.01120e-07
 1.84025e-07
 1.69020e-07
 1.55777e-07
 1.44030e-07
 1.33564e-07
 1.66319e-06
 1.29336e-06
 1.03578e-06
 8.48797e-07
 7.08581e-07
 6.00643e-07
 5.15732e-07
 4.47706e-07
 3.92349e-07
 3.46690e-07
 3.08582e-07
 2.76443e-07
 2.49086e-07
 2.25606e-07
 2.05301e-07
 1.87623e-07
 1.72137e-07
 1.58494e-07
 1.46413e-07
 1.35664e-07
 1.74943e-06
 1.35033e-06
 1.07539e-06
 8.77448e-07
 7.29979e-07
 6.17047e-07
 5.28585e-07
 4.57963e-07
 4.00666e-07
 3.53527e-07
 3.14271e-07
 2.81228e-07
 2.53148e-07
 2.29084e-07
 2.08302e-07
 1.90230e-07
 1.74416e-07
 1.60499e-07
 1.48185e-07
 1.37238e-07
 1.76032e-06
 1.36128e-06
 1.08520e-06
 8.85917e-07
 7.37203e-07
 6.23197e-07
 5.33832e-07
 4.62459e-07
 4.04538e-07
 3.56879e-07
 3.17189e-07
 2.83781e-07
 2.55393e-07
 2.31067e-07
 2.10062e-07
 1.91799e-07
 1.75820e-07
 1.61759e-07
 1.49321e-07
 1.38266e-07
 1.69555e-06
 1.32569e-06
 1.06475e-06
 8.73844e-07
 7.29979e-07
 6.18884e-07
 5.31315e-07
 4.61071e-07
 4.03869e-07
 3.56671e-07
 3.17276e-07
 2.84055e-07
 2.55783e-07
 2.31525e-07
 2.10556e-07
 1.92308e-07
 1.76330e-07
 1.62261e-07
 1.49809e-07
 1.38736e-07
 1.57068e-06
 1.25077e-06
 1.01769e-06
 8.43181e-07
 7.09410e-07
 6.04757e-07
 5.21426e-07
 4.54043e-07
 3.98814e-07
 3.53003e-07
 3.14598e-07
 2.82093e-07
 2.54346e-07
 2.30476e-07
 2.09796e-07
 1.91766e-07
 1.75952e-07
 1.62008e-07
 1.49651e-07
 1.38650e-07
 1.40970e-06
 1.14872e-06
 9.50586e-07
 7.97665e-07
 6.77712e-07
 5.82180e-07
 5.05033e-07
 4.41942e-07
 3.89753e-07
 3.46134e-07
 3.09334e-07
 2.78022e-07
 2.51172e-07
 2.27985e-07
 2.07831e-07
 1.90207e-07
 1.74712e-07
 1.61019e-07
 1.48861e-07
 1.38019e-07
 1.23598e-06
 1.03274e-06
 8.71134e-07
 7.41925e-07
 6.37759e-07
 5.52990e-07
 4.83341e-07
 4.25576e-07
 3.77239e-07
 3.36450e-07
 3.01759e-07
 2.72040e-07
 2.46408e-07
 2.24161e-07
 2.04740e-07
 1.87695e-07
 1.72658e-07
 1.59331e-07
 1.47468e-07
 1.36865e-07
 1.06681e-06
 9.14026e-07
 7.86497e-07
 6.80580e-07
 5.92576e-07
 5.19203e-07
 4.57718e-07
 4.05892e-07
 3.61937e-07
 3.24425e-07
 2.92217e-07
 2.64400e-07
 2.40240e-07
 2.19145e-07
 2.00632e-07
 1.84309e-07
 1.69852e-07
 1.56993e-07
 1.45511e-07
 1.35219e-07
 9.12315e-07
 8.00412e-07
 7.02322e-07
 6.17598e-07
 5.44935e-07
 4.82761e-07
 4.29536e-07
 3.83868e-07
 3.44555e-07
 3.10578e-07
 2.81090e-07
 2.55387e-07
 2.32884e-07
 2.13099e-07
 1.95632e-07
 1.80148e-07
 1.66371e-07
 1.54066e-07
 1.43037e-07
 1.33119e-07
 7.76826e-07
 6.96431e-07
 6.22453e-07
 5.55986e-07
 4.97104e-07
 4.45353e-07
 4.00047e-07
 3.60434e-07
 3.25784e-07
 2.95427e-07
 2.68771e-07
 2.45299e-07
 2.24569e-07
 2.06203e-07
 1.89879e-07
 1.75322e-07
 1.62301e-07
 1.50617e-07
 1.40102e-07
 1.30610e-07
 6.60962e-07
 6.04060e-07
 5.49109e-07
 4.97758e-07
 4.50765e-07
 4.08323e-07
 3.70303e-07
 3.36406e-07
 3.06257e-07
 2.79461e-07
 2.55637e-07
 2.34432e-07
 2.15527e-07
 1.98638e-07
 1.83516e-07
 1.69944e-07
 1.57735e-07
 1.46722e-07
 1.36765e-07
 1.27741e-07
