scalar
part
         1
quad4
 5.56788e-07
 5.14192e-07
 4.71899e-07
 4.31522e-07
 3.93915e-07
 3.59438e-07
 3.28146e-07
 2.99924e-07
 2.74561e-07
 2.51811e-07
 2.31414e-07
 2.13121e-07
 1.96699e-07
 1.81936e-07
 1.68641e-07
 1.56647e-07
 1.45803e-07
 1.35979e-07
 1.27060e-07
 1.18945e-07
 6.60364e-07
 5.98153e-07
 5.39689e-07
 4.86239e-07
 4.38173e-07
 3.95369e-07
 3.57454e-07
 3.23955e-07
 2.94375e-07
 2.68240e-07
 2.45114e-07
 2.24609e-07
 2.06384e-07
 1.90143e-07
 1.75632e-07
 1.62629e-07
 1.50946e-07
 1.40420e-07
 1.30911e-07
 1.22297e-07
 7.82986e-07
 6.94045e-07
 6.14746e-07
 5.45224e-07
 4.84801e-07
 4.32481e-07
 3.87211e-07
 3.47994e-07
 3.13939e-07
 2.84278e-07
 2.58353e-07
 2.35611e-07
 2.15585e-07
 1.97885e-07
 1.82183e-07
 1.68203e-07
 1.55713e-07
 1.44516e-07
 1.34447e-07
 1.25363e-07
 9.25051e-07
 8.00827e-07
 6.95595e-07
 6.07012e-07
 5.32506e-07
 4.69701e-07
 4.16548e-07
 3.71347e-07
 3.32704e-07
 2.99490e-07
 2.70788e-07
 2.45855e-07
 2.24087e-07
 2.04989e-07
 1.88157e-07
 1.73257e-07
 1.60012e-07
 1.48193e-07
 1.37607e-07
 1.28092e-07
 1.08409e-06
 9.15391e-07
 7.79387e-07
 6.69258e-07
 5.79450e-07
 5.05611e-07
 4.44385e-07
 3.93192e-07
 3.50043e-07
 3.13396e-07
 2.82049e-07
 2.55055e-07
 2.31664e-07
 2.11278e-07
 1.93413e-07
 1.77679e-07
 1.63755e-07
 1.51379e-07
 1.40333e-07
 1.30436e-07
 1.25300e-06
 1.03184e-06
 8.61660e-07
 7.28699e-07
 6.23271e-07
 5.38506e-07
 4.69483e-07
 4.12622e-07
 3.65284e-07
 3.25495e-07
 2.91757e-07
 2.62922e-07
 2.38097e-07
 2.16581e-07
 1.97818e-07
 1.81364e-07
 1.66857e-07
 1.54007e-07
 1.42571e-07
 1.32352e-07
 1.41861e-06
 1.14122e-06
 9.36421e-07
 7.81314e-07
 6.61241e-07
 5.66509e-07
 4.90530e-07
 4.28706e-07
 3.77759e-07
 3.35298e-07
 2.99552e-07
 2.69186e-07
 2.43180e-07
 2.20742e-07
 2.01251e-07
 1.84217e-07
 1.69245e-07
 1.56017e-07
 1.44274e-07
 1.33801e-07
 1.56192e-06
 1.23221e-06
 9.96753e-07
 8.22761e-07
 6.90559e-07
 5.87766e-07
 5.06271e-07
 4.40578e-07
 3.86856e-07
 3.42367e-07
 3.05115e-07
 2.73613e-07
 2.46738e-07
 2.23627e-07
 2.03611e-07
 1.86161e-07
 1.70857e-07
 1.57363e-07
 1.45403e-07
 1.34754e-07
 1.66140e-06
 1.29313e-06
 1.03599e-06
 8.49060e-07
 7.08756e-07
 6.00694e-07
 5.15662e-07
 4.47529e-07
 3.92086e-07
 3.46358e-07
 3.08199e-07
 2.76021e-07
 2.48637e-07
 2.25137e-07
 2.04821e-07
 1.87136e-07
 1.71648e-07
 1.58007e-07
 1.45931e-07
 1.35188e-07
 1.69929e-06
 1.31496e-06
 1.04922e-06
 8.57367e-07
 7.14115e-07
 6.04217e-07
 5.18006e-07
 4.49099e-07
 3.93135e-07
 3.47053e-07
 3.08648e-07
 2.76300e-07
 2.48796e-07
 2.25212e-07
 2.04836e-07
 1.87109e-07
 1.71592e-07
 1.57931e-07
 1.45841e-07
 1.35090e-07
 1.66807e-06
 1.29403e-06
 1.03449e-06
 8.46600e-07
 7.06002e-07
 5.97950e-07
 5.13063e-07
 4.45131e-07
 3.89902e-07
 3.44383e-07
 3.06418e-07
 2.74418e-07
 2.47192e-07
 2.23835e-07
 2.03644e-07
 1.86072e-07
 1.70683e-07
 1.57130e-07
 1.45132e-07
 1.34458e-07
 1.57315e-06
 1.23313e-06
 9.93362e-07
 8.17681e-07
 6.84993e-07
 5.82268e-07
 5.01086e-07
 4.35802e-07
 3.82510e-07
 3.38439e-07
 3.01574e-07
 2.70424e-07
 2.43865e-07
 2.21036e-07
 2.01271e-07
 1.84043e-07
 1.68936e-07
 1.55616e-07
 1.43812e-07
 1.33302e-07
 1.43042e-06
 1.14051e-06
 9.30432e-07
 7.73323e-07
 6.52762e-07
 5.58244e-07
 4.82785e-07
 4.21595e-07
 3.71298e-07
 3.29461e-07
 2.94292e-07
 2.64449e-07
 2.38911e-07
 2.16891e-07
 1.97772e-07
 1.81066e-07
 1.66386e-07
 1.53418e-07
 1.41905e-07
 1.31638e-07
 1.26056e-06
 1.02743e-06
 8.52202e-07
 7.17450e-07
 6.11773e-07
 5.27477e-07
 4.59228e-07
 4.03242e-07
 3.56779e-07
 3.17818e-07
 2.84840e-07
 2.56691e-07
 2.32480e-07
 2.11512e-07
 1.93235e-07
 1.77211e-07
 1.63088e-07
 1.50577e-07
 1.39444e-07
 1.29494e-07
 1.08339e-06
 9.05477e-07
 7.65680e-07
 6.54457e-07
 5.64868e-07
 4.91856e-07
 4.31701e-07
 3.81639e-07
 3.39589e-07
 3.03967e-07
 2.73554e-07
 2.47401e-07
 2.24762e-07
 2.05044e-07
 1.87773e-07
 1.72565e-07
 1.59110e-07
 1.47150e-07
 1.36474e-07
 1.26908e-07
 9.14032e-07
 7.84357e-07
 6.77190e-07
 5.88528e-07
 5.14866e-07
 4.53317e-07
 4.01559e-07
 3.57749e-07
 3.20423e-07
 2.88420e-07
 2.60815e-07
 2.36865e-07
 2.15974e-07
 1.97656e-07
 1.81516e-07
 1.67231e-07
 1.54534e-07
 1.43201e-07
 1.33049e-07
 1.23921e-07
 7.61615e-07
 6.70905e-07
 5.91638e-07
 5.23149e-07
 4.64249e-07
 4.13638e-07
 3.70088e-07
 3.32512e-07
 2.99977e-07
 2.71698e-07
 2.47016e-07
 2.25384e-07
 2.06348e-07
 1.89528e-07
 1.74607e-07
 1.61322e-07
 1.49450e-07
 1.38804e-07
 1.29225e-07
 1.20581e-07
 6.30034e-07
 5.69010e-07
 5.12288e-07
 4.60890e-07
 4.14983e-07
 3.74309e-07
 3.38413e-07
 3.06781e-07
 2.78901e-07
 2.54296e-07
 2.32540e-07
 2.13256e-07
 1.96118e-07
 1.80844e-07
 1.67192e-07
 1.54954e-07
 1.43952e-07
 1.34034e-07
 1.25067e-07
 1.16940e-07
 5.19552e-07
 4.80180e-07
 4.40909e-07
 4.03390e-07
 3.68463e-07
 3.36466e-07
 3.07444e-07
 2.81276e-07
 2.57762e-07
 2.36664e-07
 2.17742e-07
 2.00762e-07
 1.85508e-07
 1.71784e-07
 1.59415e-07
 1.48245e-07
 1.38136e-07
 1.28969e-07
 1.20638e-07
 1.13050e-07
 4.28404e-07
 4.04319e-07
 3.78112e-07
 3.51497e-07
 3.25550e-07
 3.00894e-07
 2.77855e-07
 2.56562e-07
 2.37025e-07
 2.19182e-07
 2.02931e-07
 1.88153e-07
 1.74723e-07
 1.62516e-07
 1.51413e-07
 1.41306e-07
 1.32095e-07
 1.23687e-07
 1.16002e-07
 1.08966e-07
