scalar
part
         1
quad4
 6.26332e-07
 5.74493e-07
 5.23985e-07
 4.76453e-07
 4.32694e-07
 3.92971e-07
 3.57226e-07
 3.25228e-07
 2.96664e-07
 2.71195e-07
 2.48485e-07
 2.28217e-07
 2.10102e-07
 1.93884e-07
 1.79333e-07
 1.66250e-07
 1.54459e-07
 1.43808e-07
 1.34164e-07
 1.25411e-07
 7.38211e-07
 6.64243e-07
 5.95695e-07
 5.33738e-07
 4.78562e-07
 4.29843e-07
 3.87014e-07
 3.49427e-07
 3.16438e-07
 2.87449e-07
 2.61924e-07
 2.39392e-07
 2.19448e-07
 2.01741e-07
 1.85974e-07
 1.71889e-07
 1.59271e-07
 1.47932e-07
 1.37713e-07
 1.28478e-07
 8.69612e-07
 7.65809e-07
 6.74270e-07
 5.94779e-07
 5.26276e-07
 4.67408e-07
 4.16818e-07
 3.73259e-07
 3.35643e-07
 3.03042e-07
 2.74677e-07
 2.49894e-07
 2.28153e-07
 2.09002e-07
 1.92064e-07
 1.77027e-07
 1.63627e-07
 1.51643e-07
 1.40890e-07
 1.31209e-07
 1.02033e-06
 8.77581e-07
 7.57772e-07
 6.57766e-07
 5.74295e-07
 5.04418e-07
 4.45648e-07
 3.95949e-07
 3.53676e-07
 3.17505e-07
 2.86376e-07
 2.59434e-07
 2.35990e-07
 2.15484e-07
 1.97462e-07
 1.81548e-07
 1.67435e-07
 1.54868e-07
 1.43634e-07
 1.33555e-07
 1.18678e-06
 9.95578e-07
 8.42733e-07
 7.19934e-07
 6.20504e-07
 5.39278e-07
 4.72311e-07
 4.16603e-07
 3.69863e-07
 3.30328e-07
 2.96634e-07
 2.67714e-07
 2.42729e-07
 2.21011e-07
 2.02026e-07
 1.85342e-07
 1.70608e-07
 1.57536e-07
 1.45889e-07
 1.35469e-07
 1.36001e-06
 1.11270e-06
 9.23941e-07
 7.77565e-07
 6.62272e-07
 5.70122e-07
 4.95474e-07
 4.34261e-07
 3.83505e-07
 3.40996e-07
 3.05067e-07
 2.74446e-07
 2.48151e-07
 2.25414e-07
 2.05628e-07
 1.88308e-07
 1.73065e-07
 1.59583e-07
 1.47603e-07
 1.36912e-07
 1.52431e-06
 1.21857e-06
 9.94638e-07
 8.26235e-07
 6.96660e-07
 5.94968e-07
 5.13776e-07
 4.47971e-07
 3.93929e-07
 3.49024e-07
 3.11321e-07
 2.79369e-07
 2.52061e-07
 2.28544e-07
 2.08152e-07
 1.90357e-07
 1.74738e-07
 1.60956e-07
 1.48735e-07
 1.37848e-07
 1.65788e-06
 1.30060e-06
 1.04736e-06
 8.61377e-07
 7.20792e-07
 6.11954e-07
 5.25981e-07
 4.56896e-07
 4.00552e-07
 3.54001e-07
 3.15102e-07
 2.82267e-07
 2.54300e-07
 2.30284e-07
 2.09511e-07
 1.91422e-07
 1.75575e-07
 1.61614e-07
 1.49252e-07
 1.38253e-07
 1.73738e-06
 1.34664e-06
 1.07540e-06
 8.79102e-07
 7.32319e-07
 6.19608e-07
 5.31140e-07
 4.60405e-07
 4.02948e-07
 3.55633e-07
 3.16202e-07
 2.82993e-07
 2.54759e-07
 2.30554e-07
 2.09644e-07
 1.91458e-07
 1.75541e-07
 1.61530e-07
 1.49133e-07
 1.38112e-07
 1.74597e-06
 1.34856e-06
 1.07451e-06
 8.77060e-07
 7.29871e-07
 6.17101e-07
 5.28733e-07
 4.58166e-07
 4.00898e-07
 3.53772e-07
 3.14520e-07
 2.81475e-07
 2.53390e-07
 2.29318e-07
 2.08527e-07
 1.90446e-07
 1.74623e-07
 1.60696e-07
 1.48373e-07
 1.37417e-07
 1.68053e-06
 1.30510e-06
 1.04416e-06
 8.55022e-07
 7.13358e-07
 6.04407e-07
 5.18763e-07
 4.50191e-07
 3.94419e-07
 3.48438e-07
 3.10075e-07
 2.77732e-07
 2.50208e-07
 2.26591e-07
 2.06172e-07
 1.88398e-07
 1.72830e-07
 1.59118e-07
 1.46978e-07
 1.36177e-07
 1.55288e-06
 1.22229e-06
 9.87682e-07
 8.14948e-07
 6.83995e-07
 5.82310e-07
 5.01755e-07
 4.36845e-07
 3.83770e-07
 3.39816e-07
 3.03004e-07
 2.71866e-07
 2.45292e-07
 2.22432e-07
 2.02625e-07
 1.85350e-07
 1.70193e-07
 1.56822e-07
 1.44967e-07
 1.34406e-07
 1.38425e-06
 1.11123e-06
 9.11291e-07
 7.60519e-07
 6.44062e-07
 5.52277e-07
 4.78685e-07
 4.18795e-07
 3.69418e-07
 3.28242e-07
 2.93552e-07
 2.64059e-07
 2.38779e-07
 2.16948e-07
 1.97969e-07
 1.81367e-07
 1.66762e-07
 1.53848e-07
 1.42373e-07
 1.32132e-07
 1.19760e-06
 9.84759e-07
 8.22520e-07
 6.96342e-07
 5.96481e-07
 5.16224e-07
 4.50841e-07
 3.96929e-07
 3.51991e-07
 3.14167e-07
 2.82049e-07
 2.54558e-07
 2.30854e-07
 2.10280e-07
 1.92314e-07
 1.76535e-07
 1.62605e-07
 1.50249e-07
 1.39240e-07
 1.29390e-07
 1.01207e-06
 8.54569e-07
 7.28692e-07
 6.27121e-07
 5.44348e-07
 4.76235e-07
 4.19661e-07
 3.72258e-07
 3.32211e-07
 2.98118e-07
 2.68885e-07
 2.43654e-07
 2.21740e-07
 2.02600e-07
 1.85791e-07
 1.70958e-07
 1.57805e-07
 1.46094e-07
 1.35622e-07
 1.26224e-07
 8.40645e-07
 7.29588e-07
 6.35882e-07
 5.57009e-07
 4.90534e-07
 4.34320e-07
 3.86572e-07
 3.45811e-07
 3.10830e-07
 2.80651e-07
 2.54477e-07
 2.31663e-07
 2.11680e-07
 1.94094e-07
 1.78550e-07
 1.64752e-07
 1.52456e-07
 1.41455e-07
 1.31579e-07
 1.22683e-07
 6.90191e-07
 6.15492e-07
 5.48439e-07
 4.89239e-07
 4.37417e-07
 3.92230e-07
 3.52866e-07
 3.18547e-07
 2.88568e-07
 2.62310e-07
 2.39242e-07
 2.18908e-07
 2.00923e-07
 1.84960e-07
 1.70745e-07
 1.58042e-07
 1.46655e-07
 1.36414e-07
 1.27177e-07
 1.18821e-07
 5.62787e-07
 5.15063e-07
 4.68986e-07
 4.26021e-07
 3.86771e-07
 3.51353e-07
 3.19621e-07
 2.91301e-07
 2.66071e-07
 2.43599e-07
 2.23571e-07
 2.05695e-07
 1.89712e-07
 1.75391e-07
 1.62530e-07
 1.50952e-07
 1.40505e-07
 1.31054e-07
 1.22483e-07
 1.14693e-07
 4.57473e-07
 4.28940e-07
 3.98712e-07
 3.68628e-07
 3.39763e-07
 3.12690e-07
 2.87665e-07
 2.64747e-07
 2.43882e-07
 2.24953e-07
 2.07814e-07
 1.92306e-07
 1.78274e-07
 1.65570e-07
 1.54055e-07
 1.43604e-07
 1.34105e-07
 1.25455e-07
 1.17566e-07
 1.10357e-07
 3.71743e-07
 3.56407e-07
 3.37768e-07
 3.17582e-07
 2.97033e-07
 2.76879e-07
 2.57579e-07
 2.39390e-07
 2.22430e-07
 2.06730e-07
 1.92268e-07
 1.78986e-07
 1.66812e-07
 1.55664e-07
 1.45458e-07
 1.36112e-07
 1.27550e-07
 1.19698e-07
 1.12491e-07
 1.05867e-07
