scalar
part
         1
quad4
 4.96012e-07
 4.61452e-07
 4.26296e-07
 3.92135e-07
 3.59874e-07
 3.29960e-07
 3.02547e-07
 2.77615e-07
 2.55047e-07
 2.34671e-07
 2.16298e-07
 1.99736e-07
 1.84798e-07
 1.71314e-07
 1.59124e-07
 1.48088e-07
 1.38079e-07
 1.28985e-07
 1.20706e-07
 1.13155e-07
 5.92381e-07
 5.40369e-07
 4.90653e-07
 4.44586e-07
 4.02697e-07
 3.65037e-07
 3.31403e-07
 3.01469e-07
 2.74867e-07
 2.51228e-07
 2.30203e-07
 2.11475e-07
 1.94760e-07
 1.79810e-07
 1.66405e-07
 1.54356e-07
 1.43500e-07
 1.33693e-07
 1.24811e-07
 1.16749e-07
 7.07381e-07
 6.31310e-07
 5.62616e-07
 5.01740e-07
 4.48334e-07
 4.01711e-07
 3.61077e-07
 3.25649e-07
 2.94709e-07
 2.67623e-07
 2.43840e-07
 2.22890e-07
 2.04374e-07
 1.87954e-07
 1.73343e-07
 1.60297e-07
 1.48613e-07
 1.38114e-07
 1.28651e-07
 1.20098e-07
 8.41922e-07
 7.33712e-07
 6.41098e-07
 5.62419e-07
 4.95703e-07
 4.39055e-07
 3.90803e-07
 3.49533e-07
 3.14072e-07
 2.83453e-07
 2.56886e-07
 2.33723e-07
 2.13433e-07
 1.95580e-07
 1.79802e-07
 1.65801e-07
 1.53327e-07
 1.42174e-07
 1.32165e-07
 1.23152e-07
 9.94479e-07
 8.45205e-07
 7.23773e-07
 6.24638e-07
 5.43199e-07
 4.75804e-07
 4.19599e-07
 3.72362e-07
 3.32368e-07
 2.98264e-07
 2.68988e-07
 2.43696e-07
 2.21718e-07
 2.02513e-07
 1.85644e-07
 1.70755e-07
 1.57555e-07
 1.45800e-07
 1.35292e-07
 1.25863e-07
 1.15948e-06
 9.60906e-07
 8.06815e-07
 6.85516e-07
 5.88692e-07
 5.10391e-07
 4.46304e-07
 3.93273e-07
 3.48951e-07
 3.11567e-07
 2.79772e-07
 2.52523e-07
 2.29007e-07
 2.08581e-07
 1.90733e-07
 1.75053e-07
 1.61207e-07
 1.48923e-07
 1.37977e-07
 1.28184e-07
 1.32589e-06
 1.07304e-06
 8.84873e-07
 7.41378e-07
 6.29635e-07
 5.41028e-07
 4.69651e-07
 4.11354e-07
 3.63155e-07
 3.22871e-07
 2.88872e-07
 2.59927e-07
 2.35088e-07
 2.13619e-07
 1.94941e-07
 1.78593e-07
 1.64206e-07
 1.51480e-07
 1.40169e-07
 1.30073e-07
 1.47705e-06
 1.17136e-06
 9.51505e-07
 7.88078e-07
 6.63296e-07
 5.65876e-07
 4.88374e-07
 4.25717e-07
 3.74348e-07
 3.31716e-07
 2.95951e-07
 2.65655e-07
 2.39771e-07
 2.17483e-07
 1.98156e-07
 1.81289e-07
 1.66483e-07
 1.53415e-07
 1.41824e-07
 1.31496e-07
 1.59298e-06
 1.24464e-06
 1.00011e-06
 8.21571e-07
 6.87111e-07
 5.83259e-07
 5.01349e-07
 4.35590e-07
 3.81989e-07
 3.37718e-07
 3.00727e-07
 2.69501e-07
 2.42901e-07
 2.20055e-07
 2.00288e-07
 1.83071e-07
 1.67982e-07
 1.54685e-07
 1.42907e-07
 1.32425e-07
 1.65526e-06
 1.28315e-06
 1.02520e-06
 8.38613e-07
 6.99078e-07
 5.91899e-07
 5.07734e-07
 4.40405e-07
 3.85684e-07
 3.40597e-07
 3.03001e-07
 2.71320e-07
 2.44371e-07
 2.21254e-07
 2.01276e-07
 1.83890e-07
 1.68667e-07
 1.55262e-07
 1.43396e-07
 1.32841e-07
 1.65281e-06
 1.28124e-06
 1.02370e-06
 8.37416e-07
 6.98113e-07
 5.91112e-07
 5.07086e-07
 4.39865e-07
 3.85230e-07
 3.40212e-07
 3.02672e-07
 2.71036e-07
 2.44125e-07
 2.21040e-07
 2.01087e-07
 1.83724e-07
 1.68520e-07
 1.55131e-07
 1.43278e-07
 1.32736e-07
 1.58576e-06
 1.23901e-06
 9.95669e-07
 8.18033e-07
 6.84256e-07
 5.80928e-07
 4.99425e-07
 4.33986e-07
 3.80639e-07
 3.36572e-07
 2.99746e-07
 2.68656e-07
 2.42168e-07
 2.19415e-07
 1.99726e-07
 1.82575e-07
 1.67542e-07
 1.54293e-07
 1.42557e-07
 1.32110e-07
 1.46542e-06
 1.16229e-06
 9.44345e-07
 7.82356e-07
 6.58666e-07
 5.62086e-07
 4.85238e-07
 4.23097e-07
 3.72139e-07
 3.29837e-07
 2.94340e-07
 2.64265e-07
 2.38564e-07
 2.16428e-07
 1.97229e-07
 1.80471e-07
 1.65756e-07
 1.52767e-07
 1.41244e-07
 1.30975e-07
 1.31048e-06
 1.06100e-06
 8.75332e-07
 7.33720e-07
 6.23412e-07
 5.35913e-07
 4.65404e-07
 4.07794e-07
 3.60144e-07
 3.20304e-07
 2.86668e-07
 2.58021e-07
 2.33429e-07
 2.12167e-07
 1.93664e-07
 1.77464e-07
 1.63203e-07
 1.50585e-07
 1.39368e-07
 1.29352e-07
 1.14116e-06
 9.46508e-07
 7.95332e-07
 6.76239e-07
 5.81109e-07
 5.04125e-07
 4.41076e-07
 3.88872e-07
 3.45215e-07
 3.08372e-07
 2.77020e-07
 2.50138e-07
 2.26927e-07
 2.06757e-07
 1.89125e-07
 1.73629e-07
 1.59941e-07
 1.47792e-07
 1.36963e-07
 1.27270e-07
 9.74270e-07
 8.29147e-07
 7.10842e-07
 6.14100e-07
 5.34520e-07
 4.68585e-07
 4.13540e-07
 3.67236e-07
 3.27997e-07
 2.94511e-07
 2.65744e-07
 2.40876e-07
 2.19252e-07
 2.00345e-07
 1.83729e-07
 1.69056e-07
 1.56041e-07
 1.44446e-07
 1.34076e-07
 1.24767e-07
 8.20805e-07
 7.16684e-07
 6.27215e-07
 5.50987e-07
 4.86202e-07
 4.31090e-07
 3.84074e-07
 3.43806e-07
 3.09163e-07
 2.79219e-07
 2.53212e-07
 2.30517e-07
 2.10621e-07
 1.93101e-07
 1.77607e-07
 1.63849e-07
 1.51585e-07
 1.40612e-07
 1.30760e-07
 1.21884e-07
 6.86173e-07
 6.13917e-07
 5.48237e-07
 4.89759e-07
 4.38276e-07
 3.93207e-07
 3.53838e-07
 3.19447e-07
 2.89363e-07
 2.62988e-07
 2.39800e-07
 2.19351e-07
 2.01260e-07
 1.85200e-07
 1.70897e-07
 1.58117e-07
 1.46661e-07
 1.36361e-07
 1.27072e-07
 1.18671e-07
 5.71681e-07
 5.23093e-07
 4.76160e-07
 4.32359e-07
 3.92323e-07
 3.56184e-07
 3.23806e-07
 2.94915e-07
 2.69183e-07
 2.46273e-07
 2.25864e-07
 2.07658e-07
 1.91387e-07
 1.76817e-07
 1.63739e-07
 1.51973e-07
 1.41362e-07
 1.31768e-07
 1.23074e-07
 1.15175e-07
 4.76213e-07
 4.44642e-07
 4.11986e-07
 3.79910e-07
 3.49389e-07
 3.20927e-07
 2.94731e-07
 2.70823e-07
 2.49118e-07
 2.29474e-07
 2.11723e-07
 1.95693e-07
 1.81211e-07
 1.68119e-07
 1.56269e-07
 1.45528e-07
 1.35777e-07
 1.26907e-07
 1.18826e-07
 1.11449e-07
