scalar
part
         1
quad4
 3.65895e-07
 3.51452e-07
 3.33587e-07
 3.14062e-07
 2.94069e-07
 2.74379e-07
 2.55466e-07
 2.37598e-07
 2.20905e-07
 2.05428e-07
 1.91151e-07
 1.78025e-07
 1.65982e-07
 1.54944e-07
 1.44831e-07
 1.35565e-07
 1.27070e-07
 1.19277e-07
 1.12119e-07
 1.05538e-07
 4.51052e-07
 4.23628e-07
 3.94329e-07
 3.65011e-07
 3.36772e-07
 3.10209e-07
 2.85598e-07
 2.63018e-07
 2.42428e-07
 2.23725e-07
 2.06771e-07
 1.91417e-07
 1.77513e-07
 1.64915e-07
 1.53489e-07
 1.43114e-07
 1.33678e-07
 1.25082e-07
 1.17239e-07
 1.10070e-07
 5.55812e-07
 5.09455e-07
 4.64475e-07
 4.22382e-07
 3.83823e-07
 3.48950e-07
 3.17651e-07
 2.89676e-07
 2.64722e-07
 2.42473e-07
 2.22625e-07
 2.04897e-07
 1.89034e-07
 1.74813e-07
 1.62035e-07
 1.50527e-07
 1.40137e-07
 1.30735e-07
 1.22207e-07
 1.14452e-07
 6.82757e-07
 6.09711e-07
 5.43923e-07
 4.85687e-07
 4.34602e-07
 3.89980e-07
 3.51053e-07
 3.17075e-07
 2.87363e-07
 2.61317e-07
 2.38418e-07
 2.18220e-07
 2.00345e-07
 1.84473e-07
 1.70332e-07
 1.57691e-07
 1.46354e-07
 1.36157e-07
 1.26955e-07
 1.18629e-07
 8.32974e-07
 7.23850e-07
 6.31545e-07
 5.53693e-07
 4.87969e-07
 4.32314e-07
 3.84986e-07
 3.44545e-07
 3.09810e-07
 2.79823e-07
 2.53800e-07
 2.31106e-07
 2.11218e-07
 1.93710e-07
 1.78229e-07
 1.64483e-07
 1.52228e-07
 1.41263e-07
 1.31417e-07
 1.22545e-07
 1.00457e-06
 8.49205e-07
 7.24785e-07
 6.24227e-07
 5.42170e-07
 4.74572e-07
 4.18377e-07
 3.71254e-07
 3.31419e-07
 2.97487e-07
 2.68380e-07
 2.43246e-07
 2.21410e-07
 2.02330e-07
 1.85571e-07
 1.70777e-07
 1.57658e-07
 1.45973e-07
 1.35523e-07
 1.26143e-07
 1.19093e-06
 9.80224e-07
 8.19355e-07
 6.94085e-07
 5.94838e-07
 5.15010e-07
 4.49932e-07
 3.96241e-07
 3.51465e-07
 3.13763e-07
 2.81737e-07
 2.54316e-07
 2.30667e-07
 2.10136e-07
 1.92203e-07
 1.76450e-07
 1.62542e-07
 1.50203e-07
 1.39208e-07
 1.29369e-07
 1.37930e-06
 1.10807e-06
 9.09213e-07
 7.59118e-07
 6.43100e-07
 5.51610e-07
 4.78219e-07
 4.18469e-07
 3.69193e-07
 3.28089e-07
 2.93451e-07
 2.63997e-07
 2.38746e-07
 2.16937e-07
 1.97974e-07
 1.81384e-07
 1.66788e-07
 1.53880e-07
 1.42410e-07
 1.32172e-07
 1.55061e-06
 1.22105e-06
 9.87001e-07
 8.14593e-07
 6.83834e-07
 5.82266e-07
 5.01784e-07
 4.36918e-07
 3.83871e-07
 3.39932e-07
 3.03128e-07
 2.71994e-07
 2.45421e-07
 2.22559e-07
 2.02749e-07
 1.85471e-07
 1.70310e-07
 1.56934e-07
 1.45074e-07
 1.34510e-07
 1.68169e-06
 1.30615e-06
 1.04509e-06
 8.55833e-07
 7.14069e-07
 6.05033e-07
 5.19316e-07
 4.50683e-07
 3.94858e-07
 3.48832e-07
 3.10431e-07
 2.78054e-07
 2.50502e-07
 2.26859e-07
 2.06417e-07
 1.88624e-07
 1.73039e-07
 1.59312e-07
 1.47157e-07
 1.36344e-07
 1.75076e-06
 1.35199e-06
 1.07708e-06
 8.79055e-07
 7.31463e-07
 6.18400e-07
 5.29812e-07
 4.59075e-07
 4.01675e-07
 3.54444e-07
 3.15106e-07
 2.81991e-07
 2.53848e-07
 2.29726e-07
 2.08894e-07
 1.90777e-07
 1.74923e-07
 1.60970e-07
 1.48624e-07
 1.37647e-07
 1.74529e-06
 1.35218e-06
 1.07946e-06
 8.82189e-07
 7.34731e-07
 6.21539e-07
 5.32716e-07
 4.61713e-07
 4.04049e-07
 3.56572e-07
 3.17010e-07
 2.83695e-07
 2.55375e-07
 2.31098e-07
 2.10128e-07
 1.91891e-07
 1.75930e-07
 1.61882e-07
 1.49453e-07
 1.38403e-07
 1.66793e-06
 1.30773e-06
 1.05261e-06
 8.65371e-07
 7.23909e-07
 6.14440e-07
 5.28002e-07
 4.58565e-07
 4.01950e-07
 3.55186e-07
 3.16118e-07
 2.83145e-07
 2.55066e-07
 2.30958e-07
 2.10107e-07
 1.91953e-07
 1.76050e-07
 1.62041e-07
 1.49638e-07
 1.38605e-07
 1.53541e-06
 1.22666e-06
 1.00070e-06
 8.30898e-07
 7.00325e-07
 5.97905e-07
 5.16169e-07
 4.49950e-07
 3.95586e-07
 3.50428e-07
 3.12523e-07
 2.80407e-07
 2.52965e-07
 2.29337e-07
 2.08852e-07
 1.90979e-07
 1.75294e-07
 1.61455e-07
 1.49185e-07
 1.38256e-07
 1.37126e-06
 1.12117e-06
 9.30439e-07
 7.82648e-07
 6.66316e-07
 5.73392e-07
 4.98156e-07
 4.36489e-07
 3.85378e-07
 3.42586e-07
 3.06430e-07
 2.75625e-07
 2.49178e-07
 2.26315e-07
 2.06423e-07
 1.89014e-07
 1.73695e-07
 1.60149e-07
 1.48113e-07
 1.37373e-07
 1.19756e-06
 1.00397e-06
 8.49346e-07
 7.25210e-07
 6.24767e-07
 5.42765e-07
 4.75197e-07
 4.19018e-07
 3.71904e-07
 3.32069e-07
 2.98131e-07
 2.69011e-07
 2.43861e-07
 2.22006e-07
 2.02905e-07
 1.86123e-07
 1.71306e-07
 1.58162e-07
 1.46453e-07
 1.35980e-07
 1.03033e-06
 8.85614e-07
 7.64262e-07
 6.63051e-07
 5.78637e-07
 5.08017e-07
 4.48659e-07
 3.98490e-07
 3.55838e-07
 3.19359e-07
 2.87978e-07
 2.60827e-07
 2.37210e-07
 2.16559e-07
 1.98413e-07
 1.82395e-07
 1.68192e-07
 1.55548e-07
 1.44248e-07
 1.34110e-07
 8.78687e-07
 7.73311e-07
 6.80479e-07
 5.99938e-07
 5.30585e-07
 4.71030e-07
 4.19883e-07
 3.75870e-07
 3.37883e-07
 3.04976e-07
 2.76356e-07
 2.51362e-07
 2.29442e-07
 2.10141e-07
 1.93076e-07
 1.77929e-07
 1.64435e-07
 1.52371e-07
 1.41547e-07
 1.31804e-07
 7.46351e-07
 6.71143e-07
 6.01533e-07
 5.38680e-07
 4.82758e-07
 4.33419e-07
 3.90075e-07
 3.52060e-07
 3.18716e-07
 2.89429e-07
 2.63654e-07
 2.40912e-07
 2.20790e-07
 2.02931e-07
 1.87033e-07
 1.72837e-07
 1.60122e-07
 1.48699e-07
 1.38407e-07
 1.29108e-07
 6.33592e-07
 5.80780e-07
 5.29409e-07
 4.81125e-07
 4.36721e-07
 3.96448e-07
 3.60237e-07
 3.27844e-07
 2.98947e-07
 2.73195e-07
 2.50243e-07
 2.29770e-07
 2.11480e-07
 1.95110e-07
 1.80430e-07
 1.67234e-07
 1.55345e-07
 1.44608e-07
 1.34889e-07
 1.26071e-07
