scalar
part
         1
quad4
 3.64432e-07
 3.50186e-07
 3.32496e-07
 3.13124e-07
 2.93261e-07
 2.73683e-07
 2.54864e-07
 2.37076e-07
 2.20450e-07
 2.05030e-07
 1.90802e-07
 1.77717e-07
 1.65709e-07
 1.54701e-07
 1.44615e-07
 1.35371e-07
 1.26896e-07
 1.19119e-07
 1.11977e-07
 1.05409e-07
 4.49404e-07
 4.22233e-07
 3.93151e-07
 3.64015e-07
 3.35928e-07
 3.09492e-07
 2.84985e-07
 2.62491e-07
 2.41973e-07
 2.23330e-07
 2.06427e-07
 1.91115e-07
 1.77247e-07
 1.64679e-07
 1.53280e-07
 1.42927e-07
 1.33510e-07
 1.24931e-07
 1.17103e-07
 1.09946e-07
 5.53965e-07
 5.07931e-07
 4.63217e-07
 4.21339e-07
 3.82953e-07
 3.48221e-07
 3.17035e-07
 2.89153e-07
 2.64274e-07
 2.42087e-07
 2.22291e-07
 2.04605e-07
 1.88779e-07
 1.74588e-07
 1.61835e-07
 1.50349e-07
 1.39978e-07
 1.30592e-07
 1.22078e-07
 1.14335e-07
 6.80711e-07
 6.08071e-07
 5.42602e-07
 4.84615e-07
 4.33724e-07
 3.89254e-07
 3.50447e-07
 3.16564e-07
 2.86930e-07
 2.60947e-07
 2.38098e-07
 2.17943e-07
 2.00103e-07
 1.84260e-07
 1.70143e-07
 1.57523e-07
 1.46205e-07
 1.36023e-07
 1.26835e-07
 1.18520e-07
 8.30752e-07
 7.22126e-07
 6.30192e-07
 5.52618e-07
 4.87103e-07
 4.31608e-07
 3.84403e-07
 3.44058e-07
 3.09401e-07
 2.79474e-07
 2.53502e-07
 2.30848e-07
 2.10993e-07
 1.93513e-07
 1.78055e-07
 1.64328e-07
 1.52091e-07
 1.41140e-07
 1.31306e-07
 1.22445e-07
 1.00224e-06
 8.47456e-07
 7.23449e-07
 6.23186e-07
 5.41345e-07
 4.73908e-07
 4.17834e-07
 3.70805e-07
 3.31042e-07
 2.97168e-07
 2.68107e-07
 2.43011e-07
 2.21205e-07
 2.02152e-07
 1.85414e-07
 1.70638e-07
 1.57533e-07
 1.45861e-07
 1.35423e-07
 1.26052e-07
 1.18861e-06
 9.78540e-07
 8.18101e-07
 6.93125e-07
 5.94087e-07
 5.14411e-07
 4.49446e-07
 3.95840e-07
 3.51131e-07
 3.13480e-07
 2.81496e-07
 2.54109e-07
 2.30487e-07
 2.09978e-07
 1.92064e-07
 1.76327e-07
 1.62433e-07
 1.50105e-07
 1.39119e-07
 1.29289e-07
 1.37717e-06
 1.10658e-06
 9.08117e-07
 7.58290e-07
 6.42458e-07
 5.51100e-07
 4.77806e-07
 4.18130e-07
 3.68910e-07
 3.27850e-07
 2.93247e-07
 2.63821e-07
 2.38593e-07
 2.16803e-07
 1.97855e-07
 1.81278e-07
 1.66694e-07
 1.53795e-07
 1.42334e-07
 1.32104e-07
 1.54891e-06
 1.21987e-06
 9.86143e-07
 8.13947e-07
 6.83332e-07
 5.81867e-07
 5.01460e-07
 4.36651e-07
 3.83647e-07
 3.39742e-07
 3.02965e-07
 2.71853e-07
 2.45297e-07
 2.22451e-07
 2.02653e-07
 1.85385e-07
 1.70233e-07
 1.56865e-07
 1.45012e-07
 1.34452e-07
 1.68062e-06
 1.30540e-06
 1.04453e-06
 8.55406e-07
 7.13732e-07
 6.04760e-07
 5.19092e-07
 4.50495e-07
 3.94699e-07
 3.48695e-07
 3.10312e-07
 2.77950e-07
 2.50410e-07
 2.26777e-07
 2.06344e-07
 1.88558e-07
 1.72980e-07
 1.59258e-07
 1.47108e-07
 1.36299e-07
 1.75043e-06
 1.35172e-06
 1.07685e-06
 8.78867e-07
 7.31303e-07
 6.18262e-07
 5.29692e-07
 4.58971e-07
 4.01583e-07
 3.54362e-07
 3.15033e-07
 2.81925e-07
 2.53788e-07
 2.29672e-07
 2.08845e-07
 1.90732e-07
 1.74882e-07
 1.60931e-07
 1.48588e-07
 1.37615e-07
 1.74567e-06
 1.35238e-06
 1.07956e-06
 8.82237e-07
 7.34747e-07
 6.21535e-07
 5.32702e-07
 4.61692e-07
 4.04024e-07
 3.56545e-07
 3.16983e-07
 2.83668e-07
 2.55348e-07
 2.31072e-07
 2.10103e-07
 1.91867e-07
 1.75907e-07
 1.61860e-07
 1.49432e-07
 1.38383e-07
 1.66886e-06
 1.30832e-06
 1.05300e-06
 8.65630e-07
 7.24086e-07
 6.14562e-07
 5.28087e-07
 4.58623e-07
 4.01990e-07
 3.55213e-07
 3.16135e-07
 2.83156e-07
 2.55071e-07
 2.30959e-07
 2.10105e-07
 1.91949e-07
 1.76045e-07
 1.62035e-07
 1.49631e-07
 1.38597e-07
 1.53670e-06
 1.22753e-06
 1.00131e-06
 8.31330e-07
 7.00639e-07
 5.98136e-07
 5.16342e-07
 4.50081e-07
 3.95686e-07
 3.50505e-07
 3.12582e-07
 2.80453e-07
 2.53000e-07
 2.29365e-07
 2.08874e-07
 1.90995e-07
 1.75306e-07
 1.61464e-07
 1.49191e-07
 1.38261e-07
 1.37271e-06
 1.12221e-06
 9.31195e-07
 7.83207e-07
 6.66737e-07
 5.73713e-07
 4.98404e-07
 4.36682e-07
 3.85530e-07
 3.42708e-07
 3.06527e-07
 2.75703e-07
 2.49242e-07
 2.26367e-07
 2.06465e-07
 1.89049e-07
 1.73724e-07
 1.60172e-07
 1.48132e-07
 1.37389e-07
 1.19905e-06
 1.00509e-06
 8.50188e-07
 7.25853e-07
 6.25265e-07
 5.43154e-07
 4.75505e-07
 4.19264e-07
 3.72102e-07
 3.32229e-07
 2.98262e-07
 2.69119e-07
 2.43951e-07
 2.22081e-07
 2.02968e-07
 1.86176e-07
 1.71350e-07
 1.58200e-07
 1.46485e-07
 1.36007e-07
 1.03177e-06
 8.86736e-07
 7.65139e-07
 6.63741e-07
 5.79184e-07
 5.08454e-07
 4.49011e-07
 3.98776e-07
 3.56072e-07
 3.19552e-07
 2.88138e-07
 2.60961e-07
 2.37322e-07
 2.16653e-07
 1.98493e-07
 1.82463e-07
 1.68251e-07
 1.55599e-07
 1.44291e-07
 1.34148e-07
 8.80037e-07
 7.74399e-07
 6.81355e-07
 6.00645e-07
 5.31158e-07
 4.71497e-07
 4.20266e-07
 3.76186e-07
 3.38145e-07
 3.05195e-07
 2.76540e-07
 2.51517e-07
 2.29574e-07
 2.10253e-07
 1.93172e-07
 1.78012e-07
 1.64507e-07
 1.52433e-07
 1.41601e-07
 1.31852e-07
 7.47592e-07
 6.72171e-07
 6.02383e-07
 5.39382e-07
 4.83339e-07
 4.33901e-07
 3.90477e-07
 3.52397e-07
 3.18999e-07
 2.89668e-07
 2.63857e-07
 2.41086e-07
 2.20938e-07
 2.03059e-07
 1.87144e-07
 1.72933e-07
 1.60206e-07
 1.48772e-07
 1.38471e-07
 1.29164e-07
 6.34720e-07
 5.81738e-07
 5.30218e-07
 4.81807e-07
 4.37296e-07
 3.96934e-07
 3.60648e-07
 3.28193e-07
 2.99243e-07
 2.73448e-07
 2.50461e-07
 2.29957e-07
 2.11642e-07
 1.95251e-07
 1.80552e-07
 1.67341e-07
 1.55439e-07
 1.44691e-07
 1.34962e-07
 1.26135e-07
