scalar
part
         1
quad4
 4.15629e-07
 3.91699e-07
 3.65886e-07
 3.39810e-07
 3.14478e-07
 2.90470e-07
 2.68079e-07
 2.47417e-07
 2.28482e-07
 2.11206e-07
 1.95485e-07
 1.81200e-07
 1.68224e-07
 1.56436e-07
 1.45720e-07
 1.35969e-07
 1.27084e-07
 1.18978e-07
 1.11570e-07
 1.04790e-07
 5.02805e-07
 4.64153e-07
 4.25789e-07
 3.89259e-07
 3.55332e-07
 3.24306e-07
 2.96202e-07
 2.70890e-07
 2.48164e-07
 2.27789e-07
 2.09526e-07
 1.93145e-07
 1.78436e-07
 1.65207e-07
 1.53288e-07
 1.42528e-07
 1.32793e-07
 1.23966e-07
 1.15946e-07
 1.08643e-07
 6.08182e-07
 5.48769e-07
 4.93709e-07
 4.43920e-07
 3.99518e-07
 3.60222e-07
 3.25574e-07
 2.95064e-07
 2.68187e-07
 2.44480e-07
 2.23525e-07
 2.04958e-07
 1.88462e-07
 1.73764e-07
 1.60629e-07
 1.48857e-07
 1.38276e-07
 1.28739e-07
 1.20118e-07
 1.12305e-07
 7.33294e-07
 6.45547e-07
 5.69003e-07
 5.02948e-07
 4.46192e-07
 3.97456e-07
 3.55542e-07
 3.19392e-07
 2.88103e-07
 2.60913e-07
 2.37188e-07
 2.16398e-07
 1.98106e-07
 1.81945e-07
 1.67611e-07
 1.54850e-07
 1.43447e-07
 1.33223e-07
 1.24025e-07
 1.15724e-07
 8.77705e-07
 7.52942e-07
 6.49925e-07
 5.64746e-07
 4.94006e-07
 4.34914e-07
 3.85234e-07
 3.43188e-07
 3.07369e-07
 2.76662e-07
 2.50175e-07
 2.27198e-07
 2.07155e-07
 1.89581e-07
 1.74098e-07
 1.60395e-07
 1.48215e-07
 1.37344e-07
 1.27606e-07
 1.18850e-07
 1.03751e-06
 8.67156e-07
 7.33323e-07
 6.26847e-07
 5.41078e-07
 4.71175e-07
 4.13578e-07
 3.65639e-07
 3.25370e-07
 2.91254e-07
 2.62125e-07
 2.37074e-07
 2.15387e-07
 1.96498e-07
 1.79952e-07
 1.65382e-07
 1.52490e-07
 1.41031e-07
 1.30802e-07
 1.21635e-07
 1.20386e-06
 9.81636e-07
 8.14511e-07
 6.85931e-07
 5.85052e-07
 5.04551e-07
 4.39353e-07
 3.85855e-07
 3.41446e-07
 3.04197e-07
 2.72663e-07
 2.45742e-07
 2.22584e-07
 2.02524e-07
 1.85037e-07
 1.69704e-07
 1.56188e-07
 1.44214e-07
 1.33558e-07
 1.24034e-07
 1.36241e-06
 1.08718e-06
 8.87514e-07
 7.38051e-07
 6.23267e-07
 5.33218e-07
 4.61287e-07
 4.02929e-07
 3.54942e-07
 3.15011e-07
 2.81434e-07
 2.52935e-07
 2.28541e-07
 2.07502e-07
 1.89231e-07
 1.73265e-07
 1.59232e-07
 1.46834e-07
 1.35825e-07
 1.26007e-07
 1.49457e-06
 1.17295e-06
 9.45771e-07
 7.79091e-07
 6.53064e-07
 5.55407e-07
 4.78173e-07
 4.16024e-07
 3.65264e-07
 3.23267e-07
 2.88123e-07
 2.58416e-07
 2.33080e-07
 2.11296e-07
 1.92430e-07
 1.75983e-07
 1.61558e-07
 1.48837e-07
 1.37561e-07
 1.27520e-07
 1.58124e-06
 1.22852e-06
 9.83256e-07
 8.05411e-07
 6.72154e-07
 5.69633e-07
 4.89020e-07
 4.24459e-07
 3.71936e-07
 3.28624e-07
 2.92481e-07
 2.62004e-07
 2.36064e-07
 2.13802e-07
 1.94553e-07
 1.77795e-07
 1.63116e-07
 1.50185e-07
 1.38735e-07
 1.28547e-07
 1.60796e-06
 1.24635e-06
 9.95765e-07
 8.14528e-07
 6.79007e-07
 5.74916e-07
 4.93179e-07
 4.27792e-07
 3.74649e-07
 3.30861e-07
 2.94348e-07
 2.63578e-07
 2.37404e-07
 2.14952e-07
 1.95547e-07
 1.78660e-07
 1.63874e-07
 1.50852e-07
 1.39326e-07
 1.29073e-07
 1.57002e-06
 1.22404e-06
 9.81953e-07
 8.05648e-07
 6.73128e-07
 5.70935e-07
 4.90435e-07
 4.25875e-07
 3.73297e-07
 3.29903e-07
 2.93668e-07
 2.63098e-07
 2.37068e-07
 2.14721e-07
 1.95393e-07
 1.78563e-07
 1.63819e-07
 1.50829e-07
 1.39325e-07
 1.29090e-07
 1.47457e-06
 1.16513e-06
 9.43729e-07
 7.79852e-07
 6.55158e-07
 5.58082e-07
 4.81035e-07
 4.18869e-07
 3.67989e-07
 3.25823e-07
 2.90492e-07
 2.60597e-07
 2.35080e-07
 2.13126e-07
 1.94104e-07
 1.77514e-07
 1.62959e-07
 1.50120e-07
 1.38738e-07
 1.28601e-07
 1.33826e-06
 1.07814e-06
 8.85772e-07
 7.39857e-07
 6.26745e-07
 5.37396e-07
 4.65656e-07
 4.07225e-07
 3.59032e-07
 3.18835e-07
 2.84972e-07
 2.56188e-07
 2.31522e-07
 2.10229e-07
 1.91725e-07
 1.75546e-07
 1.61320e-07
 1.48746e-07
 1.37579e-07
 1.27619e-07
 1.18124e-06
 9.74049e-07
 8.14369e-07
 6.89435e-07
 5.90239e-07
 5.10390e-07
 4.45298e-07
 3.91623e-07
 3.46897e-07
 3.09273e-07
 2.77348e-07
 2.50044e-07
 2.26523e-07
 2.06126e-07
 1.88330e-07
 1.72717e-07
 1.58946e-07
 1.46741e-07
 1.35877e-07
 1.26166e-07
 1.02131e-06
 8.63478e-07
 7.36032e-07
 6.32684e-07
 5.48292e-07
 4.78822e-07
 4.21155e-07
 3.72888e-07
 3.32168e-07
 2.97555e-07
 2.67925e-07
 2.42392e-07
 2.20253e-07
 2.00946e-07
 1.84019e-07
 1.69102e-07
 1.55897e-07
 1.44154e-07
 1.33669e-07
 1.24271e-07
 8.70860e-07
 7.54850e-07
 6.56399e-07
 5.73393e-07
 5.03480e-07
 4.44469e-07
 3.94470e-07
 3.51905e-07
 3.15482e-07
 2.84147e-07
 2.57048e-07
 2.33490e-07
 2.12908e-07
 1.94840e-07
 1.78906e-07
 1.64794e-07
 1.52244e-07
 1.41040e-07
 1.31000e-07
 1.21972e-07
 7.36546e-07
 6.53697e-07
 5.79663e-07
 5.14635e-07
 4.58027e-07
 4.08942e-07
 3.66416e-07
 3.29535e-07
 2.97476e-07
 2.69527e-07
 2.45078e-07
 2.23613e-07
 2.04699e-07
 1.87971e-07
 1.73121e-07
 1.59893e-07
 1.48069e-07
 1.37464e-07
 1.27922e-07
 1.19311e-07
 6.20679e-07
 5.62930e-07
 5.08495e-07
 4.58610e-07
 4.13665e-07
 3.73575e-07
 3.38014e-07
 3.06555e-07
 2.78746e-07
 2.54150e-07
 2.32366e-07
 2.13034e-07
 1.95840e-07
 1.80506e-07
 1.66797e-07
 1.54505e-07
 1.43456e-07
 1.33495e-07
 1.24492e-07
 1.16333e-07
 5.22863e-07
 4.83512e-07
 4.44271e-07
 4.06692e-07
 3.71606e-07
 3.39378e-07
 3.10080e-07
 2.83618e-07
 2.59808e-07
 2.38426e-07
 2.19237e-07
 2.02012e-07
 1.86535e-07
 1.72612e-07
 1.60065e-07
 1.48738e-07
 1.38491e-07
 1.29203e-07
 1.20766e-07
 1.13086e-07
