scalar
part
         1
quad4
 6.55873e-07
 5.99825e-07
 5.45612e-07
 4.94884e-07
 4.48407e-07
 4.06390e-07
 3.68717e-07
 3.35102e-07
 3.05183e-07
 2.78575e-07
 2.54904e-07
 2.33824e-07
 2.15022e-07
 1.98218e-07
 1.83167e-07
 1.69654e-07
 1.57492e-07
 1.46521e-07
 1.36598e-07
 1.27602e-07
 7.71137e-07
 6.91836e-07
 6.18762e-07
 5.53030e-07
 4.94737e-07
 4.43454e-07
 3.98521e-07
 3.59204e-07
 3.24790e-07
 2.94621e-07
 2.68116e-07
 2.44766e-07
 2.24135e-07
 2.05848e-07
 1.89589e-07
 1.75086e-07
 1.62109e-07
 1.50462e-07
 1.39977e-07
 1.30510e-07
 9.06028e-07
 7.95512e-07
 6.98514e-07
 6.14639e-07
 5.42628e-07
 4.80958e-07
 4.28121e-07
 3.82753e-07
 3.43673e-07
 3.09880e-07
 2.80535e-07
 2.54945e-07
 2.32533e-07
 2.12821e-07
 1.95412e-07
 1.79975e-07
 1.66236e-07
 1.53962e-07
 1.42958e-07
 1.33061e-07
 1.06002e-06
 9.08953e-07
 7.82704e-07
 6.77733e-07
 5.90428e-07
 5.17573e-07
 4.56475e-07
 4.04940e-07
 3.61206e-07
 3.23864e-07
 2.91785e-07
 2.64069e-07
 2.39988e-07
 2.18954e-07
 2.00490e-07
 1.84206e-07
 1.69779e-07
 1.56945e-07
 1.45483e-07
 1.35207e-07
 1.22892e-06
 1.02774e-06
 8.67560e-07
 7.39352e-07
 6.35892e-07
 5.51626e-07
 4.82340e-07
 4.24841e-07
 3.76699e-07
 3.36055e-07
 3.01474e-07
 2.71837e-07
 2.46268e-07
 2.24069e-07
 2.04686e-07
 1.87668e-07
 1.72654e-07
 1.59344e-07
 1.47494e-07
 1.36901e-07
 1.40287e-06
 1.14417e-06
 9.47516e-07
 7.95570e-07
 6.76271e-07
 5.81186e-07
 5.04349e-07
 4.41476e-07
 3.89442e-07
 3.45935e-07
 3.09216e-07
 2.77963e-07
 2.51157e-07
 2.28002e-07
 2.07870e-07
 1.90264e-07
 1.74781e-07
 1.61097e-07
 1.48944e-07
 1.38106e-07
 1.56489e-06
 1.24722e-06
 1.01548e-06
 8.41796e-07
 7.08550e-07
 6.04237e-07
 5.21130e-07
 4.53897e-07
 3.98769e-07
 3.53026e-07
 3.14667e-07
 2.82192e-07
 2.54465e-07
 2.30608e-07
 2.09936e-07
 1.91909e-07
 1.76097e-07
 1.62152e-07
 1.49793e-07
 1.38790e-07
 1.69188e-06
 1.32376e-06
 1.06377e-06
 8.73398e-07
 7.29844e-07
 6.18932e-07
 5.31469e-07
 4.61286e-07
 4.04118e-07
 3.56936e-07
 3.17546e-07
 2.84323e-07
 2.56045e-07
 2.31779e-07
 2.10800e-07
 1.92542e-07
 1.76554e-07
 1.62475e-07
 1.50013e-07
 1.38929e-07
 1.75990e-06
 1.36156e-06
 1.08576e-06
 8.86592e-07
 7.37901e-07
 6.23877e-07
 5.34477e-07
 4.63062e-07
 4.05098e-07
 3.57397e-07
 3.17668e-07
 2.84223e-07
 2.55802e-07
 2.31446e-07
 2.10413e-07
 1.92125e-07
 1.76123e-07
 1.62042e-07
 1.49586e-07
 1.38513e-07
 1.75299e-06
 1.35314e-06
 1.07766e-06
 8.79328e-07
 7.31555e-07
 6.18386e-07
 5.29736e-07
 4.58963e-07
 4.01543e-07
 3.54302e-07
 3.14960e-07
 2.81845e-07
 2.53704e-07
 2.29586e-07
 2.08759e-07
 1.90647e-07
 1.74799e-07
 1.60851e-07
 1.48510e-07
 1.37539e-07
 1.67060e-06
 1.29863e-06
 1.03972e-06
 8.51841e-07
 7.11005e-07
 6.02618e-07
 5.17372e-07
 4.49089e-07
 3.93531e-07
 3.47712e-07
 3.09474e-07
 2.77229e-07
 2.49784e-07
 2.26229e-07
 2.05861e-07
 1.88129e-07
 1.72596e-07
 1.58913e-07
 1.46797e-07
 1.36017e-07
 1.52788e-06
 1.20571e-06
 9.76143e-07
 8.06612e-07
 6.77784e-07
 5.77562e-07
 4.98046e-07
 4.33894e-07
 3.81385e-07
 3.37861e-07
 3.01382e-07
 2.70505e-07
 2.44140e-07
 2.21449e-07
 2.01778e-07
 1.84616e-07
 1.69553e-07
 1.56260e-07
 1.44471e-07
 1.33967e-07
 1.34843e-06
 1.08676e-06
 8.93907e-07
 7.47769e-07
 6.34453e-07
 5.44868e-07
 4.72857e-07
 4.14132e-07
 3.65632e-07
 3.25127e-07
 2.90959e-07
 2.61879e-07
 2.36929e-07
 2.15365e-07
 1.96604e-07
 1.80182e-07
 1.65727e-07
 1.52938e-07
 1.41570e-07
 1.31419e-07
 1.15586e-06
 9.55170e-07
 8.00938e-07
 6.80196e-07
 5.84126e-07
 5.06584e-07
 4.43188e-07
 3.90760e-07
 3.46951e-07
 3.10000e-07
 2.78566e-07
 2.51618e-07
 2.28352e-07
 2.08133e-07
 1.90458e-07
 1.74921e-07
 1.61193e-07
 1.49006e-07
 1.38141e-07
 1.28413e-07
 9.68558e-07
 8.22495e-07
 7.04593e-07
 6.08676e-07
 5.29982e-07
 4.64866e-07
 4.10534e-07
 3.64833e-07
 3.26099e-07
 2.93032e-07
 2.64612e-07
 2.40031e-07
 2.18645e-07
 1.99935e-07
 1.83482e-07
 1.68943e-07
 1.56039e-07
 1.44536e-07
 1.34242e-07
 1.24996e-07
 7.98204e-07
 6.97086e-07
 6.10716e-07
 5.37280e-07
 4.74872e-07
 4.21734e-07
 3.76338e-07
 3.37399e-07
 3.03845e-07
 2.74796e-07
 2.49528e-07
 2.27446e-07
 2.08060e-07
 1.90966e-07
 1.75830e-07
 1.62373e-07
 1.50363e-07
 1.39606e-07
 1.29938e-07
 1.21219e-07
 6.50425e-07
 5.83955e-07
 5.23308e-07
 4.69067e-07
 4.21091e-07
 3.78897e-07
 3.41880e-07
 3.09415e-07
 2.80914e-07
 2.55844e-07
 2.33738e-07
 2.14190e-07
 1.96853e-07
 1.81428e-07
 1.67661e-07
 1.55336e-07
 1.44268e-07
 1.34300e-07
 1.25295e-07
 1.17139e-07
 5.26410e-07
 4.85311e-07
 4.44643e-07
 4.06040e-07
 3.70290e-07
 3.37677e-07
 3.08199e-07
 2.81697e-07
 2.57942e-07
 2.36674e-07
 2.17633e-07
 2.00574e-07
 1.85269e-07
 1.71516e-07
 1.59133e-07
 1.47961e-07
 1.37857e-07
 1.28701e-07
 1.20384e-07
 1.12813e-07
 4.24648e-07
 4.01369e-07
 3.75615e-07
 3.49275e-07
 3.23511e-07
 2.98995e-07
 2.76074e-07
 2.54888e-07
 2.35454e-07
 2.17710e-07
 2.01557e-07
 1.86874e-07
 1.73535e-07
 1.61415e-07
 1.50397e-07
 1.40369e-07
 1.31232e-07
 1.22894e-07
 1.15274e-07
 1.08299e-07
 3.42330e-07
 3.31135e-07
 3.16153e-07
 2.99132e-07
 2.81281e-07
 2.63409e-07
 2.46032e-07
 2.29457e-07
 2.13854e-07
 1.99296e-07
 1.85797e-07
 1.73331e-07
 1.61848e-07
 1.51289e-07
 1.41588e-07
 1.32675e-07
 1.24486e-07
 1.16958e-07
 1.10032e-07
 1.03653e-07
