scalar
part
         1
quad4
 3.64452e-07
 3.49517e-07
 3.31333e-07
 3.11620e-07
 2.91536e-07
 2.71823e-07
 2.52936e-07
 2.35126e-07
 2.18511e-07
 2.03125e-07
 1.88947e-07
 1.75921e-07
 1.63978e-07
 1.53039e-07
 1.43021e-07
 1.33847e-07
 1.25439e-07
 1.17728e-07
 1.10648e-07
 1.04141e-07
 4.48372e-07
 4.20549e-07
 3.91044e-07
 3.61656e-07
 3.33439e-07
 3.06957e-07
 2.82464e-07
 2.60021e-07
 2.39580e-07
 2.21027e-07
 2.04223e-07
 1.89013e-07
 1.75247e-07
 1.62779e-07
 1.51476e-07
 1.41216e-07
 1.31887e-07
 1.23392e-07
 1.15642e-07
 1.08559e-07
 5.51418e-07
 5.04865e-07
 4.59883e-07
 4.17909e-07
 3.79538e-07
 3.44890e-07
 3.13829e-07
 2.86095e-07
 2.61375e-07
 2.39348e-07
 2.19709e-07
 2.02175e-07
 1.86493e-07
 1.72438e-07
 1.59812e-07
 1.48445e-07
 1.38184e-07
 1.28901e-07
 1.20481e-07
 1.12827e-07
 6.76027e-07
 6.03163e-07
 5.37707e-07
 4.79872e-07
 4.29208e-07
 3.85000e-07
 3.46466e-07
 3.12853e-07
 2.83477e-07
 2.57737e-07
 2.35114e-07
 2.15167e-07
 1.97518e-07
 1.81851e-07
 1.67894e-07
 1.55421e-07
 1.44237e-07
 1.34177e-07
 1.25102e-07
 1.16890e-07
 8.23130e-07
 7.14826e-07
 6.23361e-07
 5.46306e-07
 4.81312e-07
 4.26312e-07
 3.79566e-07
 3.39637e-07
 3.05355e-07
 2.75766e-07
 2.50096e-07
 2.27712e-07
 2.08101e-07
 1.90838e-07
 1.75575e-07
 1.62025e-07
 1.49946e-07
 1.39139e-07
 1.29436e-07
 1.20693e-07
 9.90716e-07
 8.37157e-07
 7.14297e-07
 6.15062e-07
 5.34123e-07
 4.67470e-07
 4.12074e-07
 3.65631e-07
 3.26377e-07
 2.92945e-07
 2.64269e-07
 2.39510e-07
 2.18001e-07
 1.99209e-07
 1.82704e-07
 1.68134e-07
 1.55214e-07
 1.43707e-07
 1.33417e-07
 1.24181e-07
 1.17215e-06
 9.64654e-07
 8.06289e-07
 6.82991e-07
 5.85320e-07
 5.06764e-07
 4.42726e-07
 3.89894e-07
 3.45836e-07
 3.08738e-07
 2.77226e-07
 2.50245e-07
 2.26975e-07
 2.06773e-07
 1.89127e-07
 1.73628e-07
 1.59942e-07
 1.47801e-07
 1.36982e-07
 1.27300e-07
 1.35488e-06
 1.08866e-06
 8.93429e-07
 7.46043e-07
 6.32098e-07
 5.42228e-07
 4.70126e-07
 4.11418e-07
 3.62996e-07
 3.22599e-07
 2.88556e-07
 2.59605e-07
 2.34783e-07
 2.13343e-07
 1.94701e-07
 1.78390e-07
 1.64039e-07
 1.51348e-07
 1.40070e-07
 1.30003e-07
 1.52038e-06
 1.19781e-06
 9.68575e-07
 7.99623e-07
 6.71428e-07
 5.71817e-07
 4.92862e-07
 4.29211e-07
 3.77145e-07
 3.34012e-07
 2.97877e-07
 2.67304e-07
 2.41207e-07
 2.18753e-07
 1.99293e-07
 1.82319e-07
 1.67424e-07
 1.54282e-07
 1.42628e-07
 1.32246e-07
 1.64630e-06
 1.27955e-06
 1.02435e-06
 8.39209e-07
 7.00439e-07
 5.93651e-07
 5.09667e-07
 4.42398e-07
 3.87667e-07
 3.42531e-07
 3.04863e-07
 2.73099e-07
 2.46064e-07
 2.22860e-07
 2.02796e-07
 1.85329e-07
 1.70028e-07
 1.56550e-07
 1.44614e-07
 1.33995e-07
 1.71178e-06
 1.32297e-06
 1.05463e-06
 8.61170e-07
 7.16877e-07
 6.06278e-07
 5.19577e-07
 4.50319e-07
 3.94099e-07
 3.47824e-07
 3.09272e-07
 2.76811e-07
 2.49217e-07
 2.25563e-07
 2.05130e-07
 1.87358e-07
 1.71803e-07
 1.58111e-07
 1.45995e-07
 1.35222e-07
 1.70491e-06
 1.32199e-06
 1.05606e-06
 8.63538e-07
 7.19527e-07
 6.08912e-07
 5.22066e-07
 4.52612e-07
 3.96183e-07
 3.49706e-07
 3.10967e-07
 2.78335e-07
 2.50589e-07
 2.26799e-07
 2.06245e-07
 1.88367e-07
 1.72718e-07
 1.58942e-07
 1.46751e-07
 1.35912e-07
 1.62832e-06
 1.27765e-06
 1.02907e-06
 8.46488e-07
 7.08450e-07
 6.01565e-07
 5.17122e-07
 4.49256e-07
 3.93898e-07
 3.48156e-07
 3.09928e-07
 2.77655e-07
 2.50164e-07
 2.26555e-07
 2.06132e-07
 1.88346e-07
 1.72763e-07
 1.59034e-07
 1.46876e-07
 1.36059e-07
 1.49826e-06
 1.19779e-06
 9.77754e-07
 8.12283e-07
 6.84961e-07
 5.85033e-07
 5.05245e-07
 4.40572e-07
 3.87454e-07
 3.43314e-07
 3.06251e-07
 2.74838e-07
 2.47989e-07
 2.24866e-07
 2.04813e-07
 1.87313e-07
 1.71952e-07
 1.58397e-07
 1.46376e-07
 1.35668e-07
 1.33755e-06
 1.09428e-06
 9.08645e-07
 7.64713e-07
 6.51353e-07
 5.60751e-07
 4.87358e-07
 4.27173e-07
 3.77268e-07
 3.35469e-07
 3.00139e-07
 2.70028e-07
 2.44169e-07
 2.21807e-07
 2.02347e-07
 1.85311e-07
 1.70318e-07
 1.57056e-07
 1.45271e-07
 1.34754e-07
 1.16769e-06
 9.79486e-07
 8.29076e-07
 7.08256e-07
 6.10442e-07
 5.30542e-07
 4.64673e-07
 4.09880e-07
 3.63908e-07
 3.25022e-07
 2.91881e-07
 2.63435e-07
 2.38859e-07
 2.17495e-07
 1.98820e-07
 1.82407e-07
 1.67912e-07
 1.55052e-07
 1.43593e-07
 1.33341e-07
 1.00423e-06
 8.63658e-07
 7.45703e-07
 6.47265e-07
 5.65116e-07
 4.96352e-07
 4.38525e-07
 3.89626e-07
 3.48034e-07
 3.12448e-07
 2.81822e-07
 2.55315e-07
 2.32250e-07
 2.12076e-07
 1.94344e-07
 1.78687e-07
 1.64801e-07
 1.52436e-07
 1.41382e-07
 1.31464e-07
 8.56074e-07
 7.53828e-07
 6.63678e-07
 5.85408e-07
 5.17966e-07
 4.60019e-07
 4.10224e-07
 3.67354e-07
 3.30335e-07
 2.98253e-07
 2.70340e-07
 2.45953e-07
 2.24559e-07
 2.05714e-07
 1.89047e-07
 1.74250e-07
 1.61063e-07
 1.49271e-07
 1.38689e-07
 1.29162e-07
 7.26826e-07
 6.53957e-07
 5.86437e-07
 5.25416e-07
 4.71083e-07
 4.23113e-07
 3.80947e-07
 3.43945e-07
 3.11473e-07
 2.82939e-07
 2.57816e-07
 2.35640e-07
 2.16011e-07
 1.98584e-07
 1.83066e-07
 1.69205e-07
 1.56786e-07
 1.45626e-07
 1.35569e-07
 1.26480e-07
 6.16734e-07
 5.65663e-07
 5.15907e-07
 4.69086e-07
 4.25988e-07
 3.86868e-07
 3.51669e-07
 3.20163e-07
 2.92042e-07
 2.66968e-07
 2.44611e-07
 2.24659e-07
 2.06828e-07
 1.90864e-07
 1.76542e-07
 1.63664e-07
 1.52058e-07
 1.41575e-07
 1.32082e-07
 1.23466e-07
