scalar
part
         1
quad4
 3.84076e-07
 3.65890e-07
 3.45021e-07
 3.23105e-07
 3.01218e-07
 2.80030e-07
 2.59931e-07
 2.41122e-07
 2.23680e-07
 2.07605e-07
 1.92850e-07
 1.79339e-07
 1.66985e-07
 1.55696e-07
 1.45379e-07
 1.35947e-07
 1.27317e-07
 1.19414e-07
 1.12166e-07
 1.05512e-07
 4.69325e-07
 4.37642e-07
 4.05059e-07
 3.73222e-07
 3.43053e-07
 3.15009e-07
 2.89258e-07
 2.65795e-07
 2.44519e-07
 2.25281e-07
 2.07908e-07
 1.92224e-07
 1.78059e-07
 1.65255e-07
 1.53666e-07
 1.43161e-07
 1.33622e-07
 1.24945e-07
 1.17037e-07
 1.09817e-07
 5.73387e-07
 5.22344e-07
 4.73921e-07
 4.29297e-07
 3.88871e-07
 3.52615e-07
 3.20283e-07
 2.91534e-07
 2.65995e-07
 2.43303e-07
 2.23117e-07
 2.05131e-07
 1.89072e-07
 1.74700e-07
 1.61807e-07
 1.50211e-07
 1.39756e-07
 1.30305e-07
 1.21740e-07
 1.13959e-07
 6.98431e-07
 6.20517e-07
 5.51350e-07
 4.90752e-07
 4.38004e-07
 3.92200e-07
 3.52427e-07
 3.17838e-07
 2.87685e-07
 2.61319e-07
 2.38187e-07
 2.17821e-07
 1.99826e-07
 1.83868e-07
 1.69668e-07
 1.56988e-07
 1.45628e-07
 1.35417e-07
 1.26211e-07
 1.17887e-07
 8.45048e-07
 7.31347e-07
 6.36082e-07
 5.56292e-07
 4.89286e-07
 4.32775e-07
 3.84874e-07
 3.44048e-07
 3.09058e-07
 2.78904e-07
 2.52776e-07
 2.30020e-07
 2.10100e-07
 1.92582e-07
 1.77105e-07
 1.63373e-07
 1.51141e-07
 1.40202e-07
 1.30385e-07
 1.21545e-07
 1.01086e-06
 8.51961e-07
 7.25493e-07
 6.23737e-07
 5.40981e-07
 4.72986e-07
 4.16576e-07
 3.69353e-07
 3.29488e-07
 2.95571e-07
 2.66506e-07
 2.41430e-07
 2.19661e-07
 2.00654e-07
 1.83968e-07
 1.69247e-07
 1.56198e-07
 1.44581e-07
 1.34197e-07
 1.24879e-07
 1.18899e-06
 9.76792e-07
 8.15356e-07
 6.89956e-07
 5.90792e-07
 5.11144e-07
 4.46287e-07
 3.92828e-07
 3.48281e-07
 3.10797e-07
 2.78975e-07
 2.51743e-07
 2.28268e-07
 2.07896e-07
 1.90109e-07
 1.74490e-07
 1.60704e-07
 1.48477e-07
 1.37584e-07
 1.27839e-07
 1.36694e-06
 1.09731e-06
 8.99871e-07
 7.50985e-07
 6.35977e-07
 5.45328e-07
 4.72643e-07
 4.13489e-07
 3.64720e-07
 3.24049e-07
 2.89786e-07
 2.60657e-07
 2.35689e-07
 2.14130e-07
 1.95387e-07
 1.78992e-07
 1.64570e-07
 1.51818e-07
 1.40488e-07
 1.30377e-07
 1.52677e-06
 1.20249e-06
 9.72116e-07
 8.02366e-07
 6.73595e-07
 5.73557e-07
 4.94277e-07
 4.30376e-07
 3.78115e-07
 3.34827e-07
 2.98568e-07
 2.67894e-07
 2.41715e-07
 2.19192e-07
 1.99676e-07
 1.82654e-07
 1.67719e-07
 1.54542e-07
 1.42859e-07
 1.32452e-07
 1.64713e-06
 1.28032e-06
 1.02500e-06
 8.39751e-07
 7.00884e-07
 5.94017e-07
 5.09969e-07
 4.42648e-07
 3.87875e-07
 3.42705e-07
 3.05010e-07
 2.73223e-07
 2.46169e-07
 2.22950e-07
 2.02873e-07
 1.85395e-07
 1.70085e-07
 1.56599e-07
 1.44657e-07
 1.34032e-07
 1.70811e-06
 1.32033e-06
 1.05266e-06
 8.59662e-07
 7.15692e-07
 6.05327e-07
 5.18802e-07
 4.49678e-07
 3.93561e-07
 3.47368e-07
 3.08882e-07
 2.76474e-07
 2.48924e-07
 2.25306e-07
 2.04903e-07
 1.87156e-07
 1.71624e-07
 1.57950e-07
 1.45850e-07
 1.35091e-07
 1.69813e-06
 1.31670e-06
 1.05191e-06
 8.60242e-07
 7.16878e-07
 6.06755e-07
 5.20289e-07
 4.51132e-07
 3.94938e-07
 3.48649e-07
 3.10062e-07
 2.77554e-07
 2.49910e-07
 2.26205e-07
 2.05723e-07
 1.87905e-07
 1.72307e-07
 1.58575e-07
 1.46422e-07
 1.35616e-07
 1.61951e-06
 1.27040e-06
 1.02319e-06
 8.41708e-07
 7.04544e-07
 5.98347e-07
 5.14447e-07
 4.47013e-07
 3.92001e-07
 3.46539e-07
 3.08539e-07
 2.76454e-07
 2.49119e-07
 2.25640e-07
 2.05326e-07
 1.87633e-07
 1.72129e-07
 1.58468e-07
 1.46368e-07
 1.35602e-07
 1.48797e-06
 1.18910e-06
 9.70540e-07
 8.06319e-07
 6.80020e-07
 5.80917e-07
 5.01792e-07
 4.37656e-07
 3.84974e-07
 3.41190e-07
 3.04420e-07
 2.73249e-07
 2.46602e-07
 2.23649e-07
 2.03740e-07
 1.86362e-07
 1.71106e-07
 1.57640e-07
 1.45697e-07
 1.35056e-07
 1.32610e-06
 1.08452e-06
 9.00440e-07
 7.57839e-07
 6.45589e-07
 5.55900e-07
 4.83255e-07
 4.23682e-07
 3.74281e-07
 3.32897e-07
 2.97912e-07
 2.68088e-07
 2.42471e-07
 2.20313e-07
 2.01026e-07
 1.84138e-07
 1.69272e-07
 1.56120e-07
 1.44430e-07
 1.33995e-07
 1.15537e-06
 9.68978e-07
 8.20165e-07
 7.00715e-07
 6.04055e-07
 5.25116e-07
 4.60045e-07
 4.05915e-07
 3.60492e-07
 3.22065e-07
 2.89308e-07
 2.61186e-07
 2.36882e-07
 2.15751e-07
 1.97274e-07
 1.81031e-07
 1.66682e-07
 1.53948e-07
 1.42600e-07
 1.32444e-07
 9.91405e-07
 8.52690e-07
 7.36339e-07
 6.39272e-07
 5.58284e-07
 4.90499e-07
 4.33492e-07
 3.85282e-07
 3.44269e-07
 3.09170e-07
 2.78956e-07
 2.52798e-07
 2.30030e-07
 2.10110e-07
 1.92596e-07
 1.77126e-07
 1.63403e-07
 1.51179e-07
 1.40249e-07
 1.30439e-07
 8.43096e-07
 7.42673e-07
 6.54085e-07
 5.77152e-07
 5.10849e-07
 4.53870e-07
 4.04897e-07
 3.62724e-07
 3.26296e-07
 2.94717e-07
 2.67232e-07
 2.43211e-07
 2.22130e-07
 2.03555e-07
 1.87121e-07
 1.72526e-07
 1.59515e-07
 1.47876e-07
 1.37428e-07
 1.28019e-07
 7.14006e-07
 6.42853e-07
 5.76809e-07
 5.17059e-07
 4.63819e-07
 4.16787e-07
 3.75425e-07
 3.39112e-07
 3.07230e-07
 2.79202e-07
 2.54514e-07
 2.32713e-07
 2.13408e-07
 1.96262e-07
 1.80987e-07
 1.67338e-07
 1.55105e-07
 1.44108e-07
 1.34194e-07
 1.25231e-07
 6.04308e-07
 5.54798e-07
 5.06401e-07
 4.60763e-07
 4.18693e-07
 3.80465e-07
 3.46039e-07
 3.15201e-07
 2.87658e-07
 2.63085e-07
 2.41163e-07
 2.21588e-07
 2.04085e-07
 1.88407e-07
 1.74335e-07
 1.61676e-07
 1.50263e-07
 1.39948e-07
 1.30605e-07
 1.22122e-07
