scalar
part
         1
quad4
 6.48350e-07
 5.93156e-07
 5.39722e-07
 4.89689e-07
 4.43823e-07
 4.02339e-07
 3.65128e-07
 3.31914e-07
 3.02341e-07
 2.76032e-07
 2.52622e-07
 2.31769e-07
 2.13164e-07
 1.96533e-07
 1.81633e-07
 1.68254e-07
 1.56210e-07
 1.45343e-07
 1.35514e-07
 1.26602e-07
 7.62516e-07
 6.84338e-07
 6.12253e-07
 5.47375e-07
 4.89812e-07
 4.39152e-07
 3.94747e-07
 3.55880e-07
 3.21848e-07
 2.92007e-07
 2.65782e-07
 2.42673e-07
 2.22250e-07
 2.04146e-07
 1.88044e-07
 1.73680e-07
 1.60825e-07
 1.49285e-07
 1.38895e-07
 1.29513e-07
 8.96164e-07
 7.87120e-07
 6.91366e-07
 6.08529e-07
 5.37382e-07
 4.76427e-07
 4.24186e-07
 3.79316e-07
 3.40653e-07
 3.07211e-07
 2.78166e-07
 2.52830e-07
 2.30636e-07
 2.11112e-07
 1.93865e-07
 1.78571e-07
 1.64955e-07
 1.52790e-07
 1.41883e-07
 1.32072e-07
 1.04879e-06
 8.99635e-07
 7.74930e-07
 6.71202e-07
 5.84897e-07
 5.12853e-07
 4.52415e-07
 4.01422e-07
 3.58135e-07
 3.21165e-07
 2.89400e-07
 2.61948e-07
 2.38091e-07
 2.17250e-07
 1.98953e-07
 1.82812e-07
 1.68511e-07
 1.55786e-07
 1.44420e-07
 1.34230e-07
 1.21628e-06
 1.01753e-06
 8.59224e-07
 7.32468e-07
 6.30143e-07
 5.46774e-07
 4.78204e-07
 4.21282e-07
 3.73611e-07
 3.33354e-07
 2.99096e-07
 2.69730e-07
 2.44389e-07
 2.22385e-07
 2.03168e-07
 1.86294e-07
 1.71405e-07
 1.58204e-07
 1.46450e-07
 1.35942e-07
 1.38890e-06
 1.13320e-06
 9.38752e-07
 7.88451e-07
 6.70400e-07
 5.76279e-07
 5.00198e-07
 4.37926e-07
 3.86377e-07
 3.43264e-07
 3.06871e-07
 2.75890e-07
 2.49312e-07
 2.26350e-07
 2.06384e-07
 1.88920e-07
 1.73560e-07
 1.59983e-07
 1.47925e-07
 1.37169e-07
 1.54990e-06
 1.23576e-06
 1.00650e-06
 8.34606e-07
 7.02682e-07
 5.99371e-07
 5.17037e-07
 4.50412e-07
 3.95769e-07
 3.50419e-07
 3.12382e-07
 2.80175e-07
 2.52672e-07
 2.29004e-07
 2.08493e-07
 1.90605e-07
 1.74912e-07
 1.61072e-07
 1.48804e-07
 1.37881e-07
 1.67646e-06
 1.31223e-06
 1.05487e-06
 8.66344e-07
 7.24128e-07
 6.14213e-07
 5.27513e-07
 4.57925e-07
 4.01229e-07
 3.54428e-07
 3.15349e-07
 2.82383e-07
 2.54321e-07
 2.30236e-07
 2.09412e-07
 1.91287e-07
 1.75413e-07
 1.61434e-07
 1.49059e-07
 1.38053e-07
 1.74492e-06
 1.35050e-06
 1.07729e-06
 8.79905e-07
 7.32494e-07
 6.19418e-07
 5.30739e-07
 4.59885e-07
 4.02365e-07
 3.55022e-07
 3.15585e-07
 2.82382e-07
 2.54163e-07
 2.29978e-07
 2.09091e-07
 1.90927e-07
 1.75034e-07
 1.61047e-07
 1.48673e-07
 1.37673e-07
 1.73943e-06
 1.34313e-06
 1.06997e-06
 8.73234e-07
 7.26608e-07
 6.14291e-07
 5.26290e-07
 4.56024e-07
 3.99006e-07
 3.52090e-07
 3.13015e-07
 2.80121e-07
 2.52166e-07
 2.28206e-07
 2.07512e-07
 1.89516e-07
 1.73768e-07
 1.59907e-07
 1.47644e-07
 1.36740e-07
 1.65933e-06
 1.29015e-06
 1.03309e-06
 8.46524e-07
 7.06641e-07
 5.98972e-07
 5.14280e-07
 4.46433e-07
 3.91225e-07
 3.45690e-07
 3.07688e-07
 2.75639e-07
 2.48359e-07
 2.24945e-07
 2.04698e-07
 1.87071e-07
 1.71630e-07
 1.58026e-07
 1.45980e-07
 1.35263e-07
 1.51933e-06
 1.19901e-06
 9.70757e-07
 8.02187e-07
 6.74084e-07
 5.74423e-07
 4.95350e-07
 4.31553e-07
 3.79334e-07
 3.36048e-07
 2.99769e-07
 2.69061e-07
 2.42839e-07
 2.20271e-07
 2.00707e-07
 1.83637e-07
 1.68655e-07
 1.55434e-07
 1.43708e-07
 1.33260e-07
 1.34258e-06
 1.08188e-06
 8.89798e-07
 7.44273e-07
 6.31449e-07
 5.42263e-07
 4.70579e-07
 4.12124e-07
 3.63851e-07
 3.23536e-07
 2.89530e-07
 2.60589e-07
 2.35758e-07
 2.14298e-07
 1.95628e-07
 1.79286e-07
 1.64902e-07
 1.52175e-07
 1.40862e-07
 1.30762e-07
 1.15233e-06
 9.51937e-07
 7.98027e-07
 6.77594e-07
 5.81804e-07
 5.04509e-07
 4.41329e-07
 3.89089e-07
 3.45443e-07
 3.08634e-07
 2.77325e-07
 2.50486e-07
 2.27315e-07
 2.07181e-07
 1.89581e-07
 1.74110e-07
 1.60442e-07
 1.48309e-07
 1.37492e-07
 1.27807e-07
 9.66837e-07
 8.20628e-07
 7.02725e-07
 6.06878e-07
 5.28290e-07
 4.63291e-07
 4.09076e-07
 3.63488e-07
 3.24859e-07
 2.91889e-07
 2.63557e-07
 2.39056e-07
 2.17743e-07
 1.99098e-07
 1.82705e-07
 1.68220e-07
 1.55364e-07
 1.43906e-07
 1.33652e-07
 1.24442e-07
 7.97786e-07
 6.96279e-07
 6.09701e-07
 5.36170e-07
 4.73735e-07
 4.20610e-07
 3.75250e-07
 3.36359e-07
 3.02860e-07
 2.73867e-07
 2.48654e-07
 2.26625e-07
 2.07290e-07
 1.90243e-07
 1.75151e-07
 1.61736e-07
 1.49764e-07
 1.39042e-07
 1.29407e-07
 1.20718e-07
 6.50892e-07
 5.83927e-07
 5.22958e-07
 4.68518e-07
 4.20423e-07
 3.78166e-07
 3.41122e-07
 3.08654e-07
 2.80164e-07
 2.55115e-07
 2.33035e-07
 2.13517e-07
 1.96210e-07
 1.80815e-07
 1.67079e-07
 1.54783e-07
 1.43744e-07
 1.33802e-07
 1.24823e-07
 1.16690e-07
 5.27446e-07
 4.85828e-07
 4.44791e-07
 4.05931e-07
 3.70007e-07
 3.37279e-07
 3.07727e-07
 2.81182e-07
 2.57404e-07
 2.36127e-07
 2.17088e-07
 2.00038e-07
 1.84747e-07
 1.71009e-07
 1.58644e-07
 1.47490e-07
 1.37405e-07
 1.28268e-07
 1.19969e-07
 1.12416e-07
 4.26025e-07
 4.02250e-07
 3.76120e-07
 3.49501e-07
 3.23533e-07
 2.98869e-07
 2.75843e-07
 2.54586e-07
 2.35102e-07
 2.17328e-07
 2.01157e-07
 1.86465e-07
 1.73124e-07
 1.61007e-07
 1.49995e-07
 1.39976e-07
 1.30849e-07
 1.22523e-07
 1.14915e-07
 1.07952e-07
 3.43894e-07
 3.32247e-07
 3.16906e-07
 2.99604e-07
 2.81537e-07
 2.63502e-07
 2.46001e-07
 2.29335e-07
 2.13664e-07
 1.99059e-07
 1.85526e-07
 1.73036e-07
 1.61540e-07
 1.50973e-07
 1.41267e-07
 1.32355e-07
 1.24169e-07
 1.16645e-07
 1.09725e-07
 1.03353e-07
