scalar
part
         1
quad4
 5.23376e-07
 4.85625e-07
 4.47581e-07
 4.10858e-07
 3.76356e-07
 3.44496e-07
 3.15401e-07
 2.89018e-07
 2.65198e-07
 2.43740e-07
 2.24431e-07
 2.07055e-07
 1.91410e-07
 1.77306e-07
 1.64573e-07
 1.53060e-07
 1.42629e-07
 1.33161e-07
 1.24550e-07
 1.16703e-07
 6.23596e-07
 5.67416e-07
 5.14061e-07
 4.64868e-07
 4.20318e-07
 3.80402e-07
 3.44858e-07
 3.13306e-07
 2.85329e-07
 2.60518e-07
 2.38489e-07
 2.18899e-07
 2.01439e-07
 1.85843e-07
 1.71875e-07
 1.59334e-07
 1.48046e-07
 1.37857e-07
 1.28638e-07
 1.20275e-07
 7.42897e-07
 6.61409e-07
 5.88174e-07
 5.23528e-07
 4.67006e-07
 4.17806e-07
 3.75035e-07
 3.37829e-07
 3.05400e-07
 2.77060e-07
 2.52216e-07
 2.30363e-07
 2.11074e-07
 1.93987e-07
 1.78799e-07
 1.65252e-07
 1.53128e-07
 1.42243e-07
 1.32440e-07
 1.23586e-07
 8.82057e-07
 7.66894e-07
 6.68700e-07
 5.85557e-07
 5.15258e-07
 4.55720e-07
 4.05122e-07
 3.61932e-07
 3.24886e-07
 2.92949e-07
 2.65278e-07
 2.41182e-07
 2.20100e-07
 2.01568e-07
 1.85206e-07
 1.70699e-07
 1.57785e-07
 1.46245e-07
 1.35896e-07
 1.26584e-07
 1.03925e-06
 8.81244e-07
 7.53122e-07
 6.48828e-07
 5.63373e-07
 4.92816e-07
 4.34091e-07
 3.84825e-07
 3.43178e-07
 3.07714e-07
 2.77309e-07
 2.51071e-07
 2.28293e-07
 2.08408e-07
 1.90955e-07
 1.75563e-07
 1.61925e-07
 1.49788e-07
 1.38945e-07
 1.29220e-07
 1.20838e-06
 9.99202e-07
 8.37362e-07
 7.10303e-07
 6.09117e-07
 5.27455e-07
 4.60739e-07
 4.05618e-07
 3.59612e-07
 3.20856e-07
 2.87930e-07
 2.59738e-07
 2.35429e-07
 2.14331e-07
 1.95909e-07
 1.79735e-07
 1.65461e-07
 1.52804e-07
 1.41531e-07
 1.31449e-07
 1.37760e-06
 1.11252e-06
 9.15790e-07
 7.66138e-07
 6.49845e-07
 5.57797e-07
 4.83763e-07
 4.23378e-07
 3.73512e-07
 3.31876e-07
 2.96769e-07
 2.66904e-07
 2.41294e-07
 2.19174e-07
 1.99940e-07
 1.83115e-07
 1.68314e-07
 1.55228e-07
 1.43602e-07
 1.33229e-07
 1.52928e-06
 1.21043e-06
 9.81709e-07
 8.12059e-07
 6.82760e-07
 5.81965e-07
 5.01882e-07
 4.37209e-07
 3.84239e-07
 3.40314e-07
 3.03490e-07
 2.72318e-07
 2.45700e-07
 2.22792e-07
 2.02937e-07
 1.85617e-07
 1.70417e-07
 1.57007e-07
 1.45117e-07
 1.34525e-07
 1.64258e-06
 1.28139e-06
 1.02837e-06
 8.43965e-07
 7.05276e-07
 5.98282e-07
 5.13974e-07
 4.46346e-07
 3.91260e-07
 3.45790e-07
 3.07817e-07
 2.75778e-07
 2.48496e-07
 2.25073e-07
 2.04814e-07
 1.87173e-07
 1.71718e-07
 1.58101e-07
 1.46042e-07
 1.35312e-07
 1.69890e-06
 1.31565e-06
 1.05036e-06
 8.58670e-07
 7.15442e-07
 6.05505e-07
 5.19226e-07
 4.50241e-07
 3.94198e-07
 3.48038e-07
 3.09561e-07
 2.77146e-07
 2.49580e-07
 2.25940e-07
 2.05512e-07
 1.87740e-07
 1.72181e-07
 1.58481e-07
 1.46356e-07
 1.35573e-07
 1.68790e-06
 1.30803e-06
 1.04485e-06
 8.54553e-07
 7.12283e-07
 6.03028e-07
 5.17248e-07
 4.48635e-07
 3.92876e-07
 3.46938e-07
 3.08635e-07
 2.76359e-07
 2.48906e-07
 2.25358e-07
 2.05007e-07
 1.87298e-07
 1.71792e-07
 1.58137e-07
 1.46050e-07
 1.35300e-07
 1.61120e-06
 1.25939e-06
 1.01235e-06
 8.31925e-07
 6.96000e-07
 5.90983e-07
 5.08129e-07
 4.41592e-07
 3.87342e-07
 3.42523e-07
 3.05065e-07
 2.73438e-07
 2.46490e-07
 2.23340e-07
 2.03307e-07
 1.85854e-07
 1.70557e-07
 1.57074e-07
 1.45129e-07
 1.34497e-07
 1.48171e-06
 1.17639e-06
 9.56546e-07
 7.92955e-07
 6.67924e-07
 5.70221e-07
 4.92431e-07
 4.29494e-07
 3.77860e-07
 3.34981e-07
 2.98987e-07
 2.68482e-07
 2.42406e-07
 2.19943e-07
 2.00456e-07
 1.83443e-07
 1.68503e-07
 1.55312e-07
 1.43609e-07
 1.33178e-07
 1.31912e-06
 1.06956e-06
 8.83429e-07
 7.41217e-07
 6.30281e-07
 5.42177e-07
 4.71107e-07
 4.12987e-07
 3.64882e-07
 3.24633e-07
 2.90634e-07
 2.61663e-07
 2.36783e-07
 2.15264e-07
 1.96529e-07
 1.80123e-07
 1.65675e-07
 1.52888e-07
 1.41519e-07
 1.31366e-07
 1.14400e-06
 9.50564e-07
 7.99930e-07
 6.80994e-07
 5.85805e-07
 5.08649e-07
 4.45370e-07
 3.92913e-07
 3.48999e-07
 3.11906e-07
 2.80317e-07
 2.53213e-07
 2.29795e-07
 2.09435e-07
 1.91629e-07
 1.75972e-07
 1.62136e-07
 1.49852e-07
 1.38899e-07
 1.29092e-07
 9.73033e-07
 8.29789e-07
 7.12629e-07
 6.16553e-07
 5.37330e-07
 4.71558e-07
 4.16551e-07
 3.70209e-07
 3.30886e-07
 2.97289e-07
 2.68399e-07
 2.43401e-07
 2.21647e-07
 2.02614e-07
 1.85876e-07
 1.71087e-07
 1.57961e-07
 1.46263e-07
 1.35797e-07
 1.26397e-07
 8.16888e-07
 7.14878e-07
 6.26853e-07
 5.51593e-07
 4.87440e-07
 4.32729e-07
 3.85953e-07
 3.45818e-07
 3.11233e-07
 2.81297e-07
 2.55264e-07
 2.32522e-07
 2.12565e-07
 1.94976e-07
 1.79409e-07
 1.65576e-07
 1.53237e-07
 1.42191e-07
 1.32268e-07
 1.23325e-07
 6.80613e-07
 6.10449e-07
 5.46306e-07
 4.88938e-07
 4.38247e-07
 3.93735e-07
 3.54749e-07
 3.20617e-07
 2.90702e-07
 2.64430e-07
 2.41299e-07
 2.20872e-07
 2.02779e-07
 1.86702e-07
 1.72370e-07
 1.59553e-07
 1.48055e-07
 1.37710e-07
 1.28375e-07
 1.19926e-07
 5.65206e-07
 5.18560e-07
 4.73132e-07
 4.30479e-07
 3.91306e-07
 3.55812e-07
 3.23909e-07
 2.95365e-07
 2.69883e-07
 2.47151e-07
 2.26863e-07
 2.08736e-07
 1.92515e-07
 1.77971e-07
 1.64903e-07
 1.53133e-07
 1.42509e-07
 1.32896e-07
 1.24178e-07
 1.16252e-07
 4.69314e-07
 4.39482e-07
 4.08230e-07
 3.77271e-07
 3.47626e-07
 3.19847e-07
 2.94177e-07
 2.70671e-07
 2.49272e-07
 2.29858e-07
 2.12279e-07
 1.96374e-07
 1.81983e-07
 1.68954e-07
 1.57146e-07
 1.46431e-07
 1.36692e-07
 1.27826e-07
 1.19741e-07
 1.12354e-07
