scalar
part
         1
quad4
 5.40639e-07
 5.00061e-07
 4.59498e-07
 4.20608e-07
 3.84283e-07
 3.50914e-07
 3.20583e-07
 2.93193e-07
 2.68555e-07
 2.46434e-07
 2.26587e-07
 2.08775e-07
 1.92775e-07
 1.78383e-07
 1.65415e-07
 1.53709e-07
 1.43121e-07
 1.33524e-07
 1.24807e-07
 1.16873e-07
 6.43425e-07
 5.83470e-07
 5.26910e-07
 4.75076e-07
 4.28390e-07
 3.86767e-07
 3.49866e-07
 3.17238e-07
 2.88411e-07
 2.62925e-07
 2.40362e-07
 2.20345e-07
 2.02546e-07
 1.86678e-07
 1.72493e-07
 1.59778e-07
 1.48349e-07
 1.38047e-07
 1.28737e-07
 1.20301e-07
 7.65470e-07
 6.78979e-07
 6.01726e-07
 5.33929e-07
 4.74966e-07
 4.23888e-07
 3.79674e-07
 3.41358e-07
 3.08074e-07
 2.79074e-07
 2.53718e-07
 2.31467e-07
 2.11867e-07
 1.94537e-07
 1.79157e-07
 1.65460e-07
 1.53218e-07
 1.42241e-07
 1.32365e-07
 1.23454e-07
 9.07244e-07
 7.85582e-07
 6.82495e-07
 5.95719e-07
 5.22736e-07
 4.61215e-07
 4.09148e-07
 3.64866e-07
 3.27003e-07
 2.94453e-07
 2.66318e-07
 2.41871e-07
 2.20522e-07
 2.01786e-07
 1.85269e-07
 1.70643e-07
 1.57639e-07
 1.46031e-07
 1.35632e-07
 1.26281e-07
 1.06630e-06
 9.00184e-07
 7.66381e-07
 6.58115e-07
 5.69872e-07
 4.97346e-07
 4.37219e-07
 3.86948e-07
 3.44574e-07
 3.08583e-07
 2.77792e-07
 2.51272e-07
 2.28287e-07
 2.08251e-07
 1.90688e-07
 1.75216e-07
 1.61522e-07
 1.49347e-07
 1.38477e-07
 1.28737e-07
 1.23545e-06
 1.01686e-06
 8.48918e-07
 7.17863e-07
 6.14025e-07
 5.30581e-07
 4.62653e-07
 4.06701e-07
 3.60121e-07
 3.20967e-07
 2.87765e-07
 2.59383e-07
 2.34944e-07
 2.13759e-07
 1.95282e-07
 1.79074e-07
 1.64782e-07
 1.52119e-07
 1.40848e-07
 1.30775e-07
 1.40133e-06
 1.12659e-06
 9.24109e-07
 7.70952e-07
 6.52480e-07
 5.59056e-07
 4.84146e-07
 4.23200e-07
 3.72977e-07
 3.31117e-07
 2.95875e-07
 2.65933e-07
 2.40286e-07
 2.18154e-07
 1.98927e-07
 1.82120e-07
 1.67346e-07
 1.54289e-07
 1.42697e-07
 1.32357e-07
 1.54477e-06
 1.21803e-06
 9.85058e-07
 8.13063e-07
 6.82452e-07
 5.80928e-07
 5.00450e-07
 4.35581e-07
 3.82531e-07
 3.38596e-07
 3.01803e-07
 2.70686e-07
 2.44136e-07
 2.21302e-07
 2.01522e-07
 1.84276e-07
 1.69149e-07
 1.55808e-07
 1.43983e-07
 1.33453e-07
 1.64435e-06
 1.27964e-06
 1.02518e-06
 8.40259e-07
 7.01492e-07
 5.94620e-07
 5.10522e-07
 4.43134e-07
 3.88292e-07
 3.43055e-07
 3.05299e-07
 2.73459e-07
 2.46358e-07
 2.23099e-07
 2.02988e-07
 1.85481e-07
 1.70146e-07
 1.56638e-07
 1.44678e-07
 1.34038e-07
 1.68292e-06
 1.30267e-06
 1.03967e-06
 8.49747e-07
 7.07903e-07
 5.99062e-07
 5.13664e-07
 4.45394e-07
 3.89939e-07
 3.44269e-07
 3.06203e-07
 2.74135e-07
 2.46867e-07
 2.23482e-07
 2.03276e-07
 1.85697e-07
 1.70307e-07
 1.56757e-07
 1.44764e-07
 1.34098e-07
 1.65376e-06
 1.28372e-06
 1.02669e-06
 8.40475e-07
 7.01054e-07
 5.93863e-07
 5.09625e-07
 4.42195e-07
 3.87362e-07
 3.42164e-07
 3.04460e-07
 2.72677e-07
 2.45634e-07
 2.22431e-07
 2.02373e-07
 1.84915e-07
 1.69625e-07
 1.56159e-07
 1.44237e-07
 1.33631e-07
 1.56261e-06
 1.22568e-06
 9.87800e-07
 8.13345e-07
 6.81496e-07
 5.79371e-07
 4.98635e-07
 4.33693e-07
 3.80671e-07
 3.36816e-07
 3.00129e-07
 2.69127e-07
 2.42693e-07
 2.19971e-07
 2.00297e-07
 1.83149e-07
 1.68112e-07
 1.54854e-07
 1.43104e-07
 1.32643e-07
 1.42492e-06
 1.13658e-06
 9.27475e-07
 7.70985e-07
 6.50841e-07
 5.56617e-07
 4.81374e-07
 4.20349e-07
 3.70184e-07
 3.28454e-07
 2.93373e-07
 2.63606e-07
 2.38133e-07
 2.16170e-07
 1.97100e-07
 1.80440e-07
 1.65800e-07
 1.52867e-07
 1.41386e-07
 1.31149e-07
 1.26050e-06
 1.02727e-06
 8.51977e-07
 7.17182e-07
 6.11469e-07
 5.27143e-07
 4.58870e-07
 4.02868e-07
 3.56395e-07
 3.17428e-07
 2.84449e-07
 2.56303e-07
 2.32097e-07
 2.11135e-07
 1.92867e-07
 1.76852e-07
 1.62739e-07
 1.50238e-07
 1.39115e-07
 1.29176e-07
 1.08825e-06
 9.08823e-07
 7.68058e-07
 6.56179e-07
 5.66126e-07
 4.92775e-07
 4.32368e-07
 3.82114e-07
 3.39917e-07
 3.04182e-07
 2.73681e-07
 2.47460e-07
 2.24767e-07
 2.05007e-07
 1.87703e-07
 1.72471e-07
 1.58995e-07
 1.47021e-07
 1.36334e-07
 1.26759e-07
 9.22766e-07
 7.90639e-07
 6.81830e-07
 5.92027e-07
 5.17546e-07
 4.55392e-07
 4.03180e-07
 3.59022e-07
 3.21426e-07
 2.89211e-07
 2.61437e-07
 2.37353e-07
 2.16353e-07
 1.97947e-07
 1.81737e-07
 1.67394e-07
 1.54648e-07
 1.43277e-07
 1.33092e-07
 1.23937e-07
 7.73016e-07
 6.79395e-07
 5.98085e-07
 5.28129e-07
 4.68151e-07
 4.16731e-07
 3.72563e-07
 3.34509e-07
 3.01599e-07
 2.73021e-07
 2.48100e-07
 2.26275e-07
 2.07081e-07
 1.90131e-07
 1.75104e-07
 1.61730e-07
 1.49784e-07
 1.39077e-07
 1.29447e-07
 1.20758e-07
 6.43010e-07
 5.78982e-07
 5.20056e-07
 4.67018e-07
 4.19875e-07
 3.78253e-07
 3.41623e-07
 3.09413e-07
 2.81074e-07
 2.56101e-07
 2.34046e-07
 2.14519e-07
 1.97180e-07
 1.81740e-07
 1.67949e-07
 1.55595e-07
 1.44496e-07
 1.34495e-07
 1.25459e-07
 1.17272e-07
 5.33245e-07
 4.91010e-07
 4.49547e-07
 4.10342e-07
 3.74108e-07
 3.41088e-07
 3.11257e-07
 2.84444e-07
 2.60410e-07
 2.38890e-07
 2.19623e-07
 2.02358e-07
 1.86868e-07
 1.72947e-07
 1.60413e-07
 1.49103e-07
 1.38876e-07
 1.29608e-07
 1.21191e-07
 1.13529e-07
 4.42202e-07
 4.15516e-07
 3.87240e-07
 3.58983e-07
 3.31727e-07
 3.06024e-07
 2.82141e-07
 2.60164e-07
 2.40069e-07
 2.21767e-07
 2.05137e-07
 1.90044e-07
 1.76350e-07
 1.63920e-07
 1.52630e-07
 1.42363e-07
 1.33015e-07
 1.24490e-07
 1.16705e-07
 1.09582e-07
