scalar
part
         1
quad4
 5.93531e-07
 5.46161e-07
 4.99612e-07
 4.55516e-07
 4.14701e-07
 3.77480e-07
 3.43851e-07
 3.13641e-07
 2.86587e-07
 2.62396e-07
 2.40770e-07
 2.21424e-07
 2.04097e-07
 1.88553e-07
 1.74583e-07
 1.62001e-07
 1.50644e-07
 1.40371e-07
 1.31058e-07
 1.22594e-07
 7.01609e-07
 6.33304e-07
 5.69597e-07
 5.11708e-07
 4.59921e-07
 4.14009e-07
 3.73504e-07
 3.37842e-07
 3.06453e-07
 2.78797e-07
 2.54389e-07
 2.32797e-07
 2.13646e-07
 1.96615e-07
 1.81423e-07
 1.67833e-07
 1.55640e-07
 1.44669e-07
 1.34771e-07
 1.25816e-07
 8.29039e-07
 7.32367e-07
 6.46679e-07
 5.71934e-07
 5.07260e-07
 4.51483e-07
 4.03393e-07
 3.61866e-07
 3.25909e-07
 2.94672e-07
 2.67433e-07
 2.43589e-07
 2.22633e-07
 2.04143e-07
 1.87767e-07
 1.73208e-07
 1.60218e-07
 1.48588e-07
 1.38140e-07
 1.28725e-07
 9.75928e-07
 8.42027e-07
 7.29149e-07
 6.34550e-07
 5.55301e-07
 4.88738e-07
 4.32587e-07
 3.84975e-07
 3.44378e-07
 3.09566e-07
 2.79546e-07
 2.53519e-07
 2.30833e-07
 2.10963e-07
 1.93474e-07
 1.78013e-07
 1.64287e-07
 1.52051e-07
 1.41103e-07
 1.31272e-07
 1.13925e-06
 9.58738e-07
 8.13847e-07
 6.96998e-07
 6.02061e-07
 5.24263e-07
 4.59946e-07
 4.06310e-07
 3.61208e-07
 3.22984e-07
 2.90348e-07
 2.62293e-07
 2.38020e-07
 2.16894e-07
 1.98404e-07
 1.82137e-07
 1.67758e-07
 1.54989e-07
 1.43603e-07
 1.33409e-07
 1.31099e-06
 1.07600e-06
 8.95924e-07
 7.55779e-07
 6.45035e-07
 5.56268e-07
 4.84179e-07
 4.24932e-07
 3.75711e-07
 3.34415e-07
 2.99457e-07
 2.69623e-07
 2.43972e-07
 2.21766e-07
 2.02423e-07
 1.85476e-07
 1.70549e-07
 1.57336e-07
 1.45587e-07
 1.35094e-07
 1.47667e-06
 1.18411e-06
 9.68990e-07
 8.06657e-07
 6.81383e-07
 5.82815e-07
 5.03944e-07
 4.39898e-07
 3.87212e-07
 3.43370e-07
 3.06513e-07
 2.75241e-07
 2.48488e-07
 2.25428e-07
 2.05415e-07
 1.87938e-07
 1.72588e-07
 1.59035e-07
 1.47010e-07
 1.36292e-07
 1.61586e-06
 1.27109e-06
 1.02583e-06
 8.45161e-07
 7.08253e-07
 6.02040e-07
 5.17992e-07
 4.50351e-07
 3.95113e-07
 3.49425e-07
 3.11209e-07
 2.78922e-07
 2.51401e-07
 2.27752e-07
 2.07283e-07
 1.89450e-07
 1.73818e-07
 1.60041e-07
 1.47836e-07
 1.36974e-07
 1.70603e-06
 1.32497e-06
 1.05971e-06
 8.67333e-07
 7.23223e-07
 6.12405e-07
 5.25318e-07
 4.55618e-07
 3.98953e-07
 3.52257e-07
 3.13316e-07
 2.80500e-07
 2.52588e-07
 2.28648e-07
 2.07960e-07
 1.89959e-07
 1.74199e-07
 1.60324e-07
 1.48043e-07
 1.37122e-07
 1.72973e-06
 1.33710e-06
 1.06603e-06
 8.70559e-07
 7.24737e-07
 6.12951e-07
 5.25313e-07
 4.55300e-07
 3.98464e-07
 3.51681e-07
 3.12704e-07
 2.79884e-07
 2.51986e-07
 2.28069e-07
 2.07409e-07
 1.89440e-07
 1.73712e-07
 1.59868e-07
 1.47618e-07
 1.36725e-07
 1.68153e-06
 1.30497e-06
 1.04352e-06
 8.54167e-07
 7.12426e-07
 6.03468e-07
 5.17851e-07
 4.49323e-07
 3.93602e-07
 3.47673e-07
 3.09361e-07
 2.77066e-07
 2.49588e-07
 2.26012e-07
 2.05632e-07
 1.87893e-07
 1.72358e-07
 1.58676e-07
 1.46562e-07
 1.35786e-07
 1.56998e-06
 1.23295e-06
 9.94607e-07
 8.19591e-07
 6.87181e-07
 5.84533e-07
 5.03323e-07
 4.37957e-07
 3.84559e-07
 3.40370e-07
 3.03387e-07
 2.72123e-07
 2.45455e-07
 2.22524e-07
 2.02663e-07
 1.85347e-07
 1.70159e-07
 1.56765e-07
 1.44892e-07
 1.34318e-07
 1.41370e-06
 1.13074e-06
 9.24710e-07
 7.70035e-07
 6.50983e-07
 5.57419e-07
 4.82572e-07
 4.21778e-07
 3.71737e-07
 3.30063e-07
 2.94994e-07
 2.65210e-07
 2.39703e-07
 2.17694e-07
 1.98572e-07
 1.81856e-07
 1.67159e-07
 1.54170e-07
 1.42634e-07
 1.32343e-07
 1.23463e-06
 1.01047e-06
 8.40878e-07
 7.09783e-07
 6.06536e-07
 5.23890e-07
 4.56782e-07
 4.01600e-07
 3.55710e-07
 3.17160e-07
 2.84482e-07
 2.56552e-07
 2.32501e-07
 2.11650e-07
 1.93459e-07
 1.77498e-07
 1.63419e-07
 1.50940e-07
 1.39828e-07
 1.29892e-07
 1.05241e-06
 8.83822e-07
 7.50318e-07
 6.43406e-07
 5.56822e-07
 4.85940e-07
 4.27320e-07
 3.78378e-07
 3.37158e-07
 3.02157e-07
 2.72214e-07
 2.46420e-07
 2.24056e-07
 2.04551e-07
 1.87446e-07
 1.72369e-07
 1.59015e-07
 1.47135e-07
 1.36523e-07
 1.27005e-07
 8.81175e-07
 7.60198e-07
 6.59265e-07
 5.75095e-07
 5.04701e-07
 4.45553e-07
 3.95581e-07
 3.53113e-07
 3.16808e-07
 2.85589e-07
 2.58591e-07
 2.35116e-07
 2.14598e-07
 1.96576e-07
 1.80674e-07
 1.66579e-07
 1.54035e-07
 1.42827e-07
 1.32775e-07
 1.23730e-07
 7.28999e-07
 6.45890e-07
 5.72377e-07
 5.08232e-07
 4.52616e-07
 4.04501e-07
 3.62862e-07
 3.26761e-07
 2.95372e-07
 2.67991e-07
 2.44019e-07
 2.22953e-07
 2.04369e-07
 1.87914e-07
 1.73290e-07
 1.60246e-07
 1.48573e-07
 1.38091e-07
 1.28648e-07
 1.20116e-07
 5.98887e-07
 5.44258e-07
 4.92618e-07
 4.45219e-07
 4.02448e-07
 3.64233e-07
 3.30271e-07
 3.00168e-07
 2.73501e-07
 2.49866e-07
 2.28889e-07
 2.10235e-07
 1.93609e-07
 1.78754e-07
 1.65446e-07
 1.53493e-07
 1.42728e-07
 1.33007e-07
 1.24206e-07
 1.16218e-07
 4.90485e-07
 4.56382e-07
 4.21475e-07
 3.87522e-07
 3.55484e-07
 3.25821e-07
 2.98681e-07
 2.74034e-07
 2.51752e-07
 2.31657e-07
 2.13553e-07
 1.97244e-07
 1.82544e-07
 1.69279e-07
 1.57291e-07
 1.46439e-07
 1.36598e-07
 1.27656e-07
 1.19516e-07
 1.12090e-07
 4.01644e-07
 3.81852e-07
 3.59332e-07
 3.35831e-07
 3.12482e-07
 2.89981e-07
 2.68721e-07
 2.48898e-07
 2.30574e-07
 2.13734e-07
 1.98316e-07
 1.84231e-07
 1.71378e-07
 1.59655e-07
 1.48960e-07
 1.39197e-07
 1.30277e-07
 1.22117e-07
 1.14643e-07
 1.07788e-07
