scalar
part
         1
quad4
 4.61499e-07
 4.32841e-07
 4.02608e-07
 3.72516e-07
 3.43602e-07
 3.16434e-07
 2.91274e-07
 2.68194e-07
 2.47149e-07
 2.28031e-07
 2.10701e-07
 1.95004e-07
 1.80790e-07
 1.67910e-07
 1.56229e-07
 1.45622e-07
 1.35977e-07
 1.27191e-07
 1.19175e-07
 1.11849e-07
 5.56605e-07
 5.11420e-07
 4.67213e-07
 4.25568e-07
 3.87221e-07
 3.52400e-07
 3.21046e-07
 2.92950e-07
 2.67835e-07
 2.45405e-07
 2.25367e-07
 2.07448e-07
 1.91400e-07
 1.77002e-07
 1.64056e-07
 1.52391e-07
 1.41856e-07
 1.32319e-07
 1.23665e-07
 1.15796e-07
 6.71244e-07
 6.02880e-07
 5.40183e-07
 4.83965e-07
 4.34186e-07
 3.90396e-07
 3.51987e-07
 3.18316e-07
 2.88772e-07
 2.62801e-07
 2.39914e-07
 2.19689e-07
 2.01763e-07
 1.85824e-07
 1.71607e-07
 1.58888e-07
 1.47473e-07
 1.37198e-07
 1.27922e-07
 1.19525e-07
 8.06863e-07
 7.07033e-07
 6.20677e-07
 5.46691e-07
 4.83515e-07
 4.29558e-07
 3.83368e-07
 3.43691e-07
 3.09469e-07
 2.79822e-07
 2.54022e-07
 2.31469e-07
 2.11667e-07
 1.94205e-07
 1.78744e-07
 1.64999e-07
 1.52735e-07
 1.41751e-07
 1.31882e-07
 1.22984e-07
 9.62626e-07
 8.21932e-07
 7.06625e-07
 6.11906e-07
 5.33687e-07
 4.68665e-07
 4.14228e-07
 3.68323e-07
 3.29339e-07
 2.96010e-07
 2.67331e-07
 2.42504e-07
 2.20888e-07
 2.01967e-07
 1.85321e-07
 1.70609e-07
 1.57547e-07
 1.45903e-07
 1.35482e-07
 1.26121e-07
 1.13372e-06
 9.43106e-07
 7.94411e-07
 6.76832e-07
 5.82612e-07
 5.06160e-07
 4.43402e-07
 3.91338e-07
 3.47723e-07
 3.10862e-07
 2.79455e-07
 2.52494e-07
 2.29193e-07
 2.08926e-07
 1.91196e-07
 1.75602e-07
 1.61818e-07
 1.49578e-07
 1.38661e-07
 1.28885e-07
 1.30978e-06
 1.06306e-06
 8.78781e-07
 7.37807e-07
 6.27723e-07
 5.40222e-07
 4.69588e-07
 4.11790e-07
 3.63926e-07
 3.23862e-07
 2.90005e-07
 2.61146e-07
 2.36355e-07
 2.14906e-07
 1.96230e-07
 1.79869e-07
 1.65460e-07
 1.52706e-07
 1.41363e-07
 1.31232e-07
 1.47439e-06
 1.17153e-06
 9.53191e-07
 7.90568e-07
 6.66182e-07
 5.68923e-07
 4.91446e-07
 4.28734e-07
 3.77267e-07
 3.34514e-07
 2.98615e-07
 2.68184e-07
 2.42165e-07
 2.19748e-07
 2.00297e-07
 1.83313e-07
 1.68397e-07
 1.55225e-07
 1.43538e-07
 1.33120e-07
 1.60709e-06
 1.25682e-06
 1.01067e-06
 8.30796e-07
 6.95222e-07
 5.90438e-07
 5.07743e-07
 4.41317e-07
 3.87146e-07
 3.42384e-07
 3.04968e-07
 2.73372e-07
 2.46447e-07
 2.23315e-07
 2.03295e-07
 1.85853e-07
 1.70563e-07
 1.57086e-07
 1.45146e-07
 1.34517e-07
 1.68789e-06
 1.30822e-06
 1.04511e-06
 8.54833e-07
 7.12562e-07
 6.03295e-07
 5.17500e-07
 4.48870e-07
 3.93094e-07
 3.47140e-07
 3.08822e-07
 2.76532e-07
 2.49066e-07
 2.25507e-07
 2.05145e-07
 1.87426e-07
 1.71912e-07
 1.58249e-07
 1.46156e-07
 1.35399e-07
 1.70323e-06
 1.31870e-06
 1.05261e-06
 8.60386e-07
 7.16793e-07
 6.06594e-07
 5.20122e-07
 4.50989e-07
 3.94832e-07
 3.48582e-07
 3.10032e-07
 2.77558e-07
 2.49943e-07
 2.26262e-07
 2.05801e-07
 1.87999e-07
 1.72415e-07
 1.58694e-07
 1.46550e-07
 1.35750e-07
 1.65067e-06
 1.28699e-06
 1.03244e-06
 8.47016e-07
 7.07635e-07
 6.00150e-07
 5.15484e-07
 4.47587e-07
 3.92295e-07
 3.46664e-07
 3.08564e-07
 2.76423e-07
 2.49057e-07
 2.25566e-07
 2.05249e-07
 1.87560e-07
 1.72063e-07
 1.58411e-07
 1.46323e-07
 1.35567e-07
 1.53999e-06
 1.21799e-06
 9.87239e-07
 8.16233e-07
 6.85992e-07
 5.84524e-07
 5.03946e-07
 4.38901e-07
 3.85645e-07
 3.41497e-07
 3.04497e-07
 2.73183e-07
 2.46450e-07
 2.23447e-07
 2.03513e-07
 1.86126e-07
 1.70871e-07
 1.57413e-07
 1.45482e-07
 1.34855e-07
 1.38970e-06
 1.12130e-06
 9.22352e-07
 7.71160e-07
 6.53772e-07
 5.60925e-07
 4.86297e-07
 4.25461e-07
 3.75245e-07
 3.33336e-07
 2.98011e-07
 2.67971e-07
 2.42218e-07
 2.19979e-07
 2.00647e-07
 1.83740e-07
 1.68870e-07
 1.55724e-07
 1.44048e-07
 1.33630e-07
 1.22082e-06
 1.00855e-06
 8.44520e-07
 7.15883e-07
 6.13541e-07
 5.31017e-07
 4.63646e-07
 4.08022e-07
 3.61623e-07
 3.22555e-07
 2.89378e-07
 2.60984e-07
 2.36509e-07
 2.15274e-07
 1.96738e-07
 1.80467e-07
 1.66111e-07
 1.53385e-07
 1.42052e-07
 1.31919e-07
 1.05133e-06
 8.90632e-07
 7.60502e-07
 6.54701e-07
 5.68105e-07
 4.96674e-07
 4.37272e-07
 3.87477e-07
 3.45410e-07
 3.09610e-07
 2.78932e-07
 2.52472e-07
 2.29510e-07
 2.09472e-07
 1.91892e-07
 1.76392e-07
 1.62662e-07
 1.50447e-07
 1.39537e-07
 1.29754e-07
 8.93363e-07
 7.75966e-07
 6.76019e-07
 5.91504e-07
 5.20133e-07
 4.59750e-07
 4.08483e-07
 3.64759e-07
 3.27283e-07
 2.94998e-07
 2.67041e-07
 2.42711e-07
 2.21433e-07
 2.02737e-07
 1.86237e-07
 1.71613e-07
 1.58599e-07
 1.46974e-07
 1.36552e-07
 1.27175e-07
 7.53256e-07
 6.69960e-07
 5.95239e-07
 5.29387e-07
 4.71889e-07
 4.21901e-07
 3.78491e-07
 3.40765e-07
 3.07910e-07
 2.79221e-07
 2.54087e-07
 2.31993e-07
 2.12501e-07
 1.95244e-07
 1.79911e-07
 1.66240e-07
 1.54011e-07
 1.43035e-07
 1.33153e-07
 1.24229e-07
 6.32967e-07
 5.75344e-07
 5.20755e-07
 4.70525e-07
 4.25110e-07
 3.84477e-07
 3.48338e-07
 3.16293e-07
 2.87906e-07
 2.62752e-07
 2.40436e-07
 2.20604e-07
 2.02940e-07
 1.87169e-07
 1.73053e-07
 1.60385e-07
 1.48986e-07
 1.38702e-07
 1.29400e-07
 1.20965e-07
 5.31796e-07
 4.92901e-07
 4.53844e-07
 4.16243e-07
 3.80987e-07
 3.48486e-07
 3.18849e-07
 2.92008e-07
 2.67799e-07
 2.46014e-07
 2.26425e-07
 2.08812e-07
 1.92964e-07
 1.78686e-07
 1.65804e-07
 1.54161e-07
 1.43618e-07
 1.34052e-07
 1.25355e-07
 1.17433e-07
