scalar
part
         1
quad4
 4.47729e-07
 4.21136e-07
 3.92695e-07
 3.64131e-07
 3.36504e-07
 3.10413e-07
 2.86152e-07
 2.63821e-07
 2.43401e-07
 2.24806e-07
 2.07914e-07
 1.92586e-07
 1.78682e-07
 1.66066e-07
 1.54610e-07
 1.44194e-07
 1.34713e-07
 1.26069e-07
 1.18176e-07
 1.10956e-07
 5.41447e-07
 4.98832e-07
 4.56777e-07
 4.16907e-07
 3.80014e-07
 3.46378e-07
 3.15991e-07
 2.88686e-07
 2.64219e-07
 2.42322e-07
 2.22725e-07
 2.05173e-07
 1.89431e-07
 1.75290e-07
 1.62561e-07
 1.51079e-07
 1.40701e-07
 1.31298e-07
 1.22760e-07
 1.14990e-07
 6.54726e-07
 5.89533e-07
 5.29381e-07
 4.75190e-07
 4.27017e-07
 3.84503e-07
 3.47110e-07
 3.14252e-07
 2.85363e-07
 2.59922e-07
 2.37468e-07
 2.17599e-07
 1.99966e-07
 1.84271e-07
 1.70259e-07
 1.57712e-07
 1.46442e-07
 1.36291e-07
 1.27121e-07
 1.18815e-07
 7.89182e-07
 6.93190e-07
 6.09775e-07
 5.38037e-07
 4.76585e-07
 4.23957e-07
 3.78800e-07
 3.39933e-07
 3.06352e-07
 2.77216e-07
 2.51828e-07
 2.29608e-07
 2.10079e-07
 1.92842e-07
 1.77567e-07
 1.63978e-07
 1.51845e-07
 1.40973e-07
 1.31197e-07
 1.22380e-07
 9.44259e-07
 8.08060e-07
 6.96023e-07
 6.03697e-07
 5.27249e-07
 4.63553e-07
 4.10121e-07
 3.64989e-07
 3.26605e-07
 2.93747e-07
 2.65443e-07
 2.40916e-07
 2.19543e-07
 2.00821e-07
 1.84339e-07
 1.69762e-07
 1.56814e-07
 1.45265e-07
 1.34924e-07
 1.25631e-07
 1.11556e-06
 9.29927e-07
 7.84656e-07
 6.69475e-07
 5.76966e-07
 5.01758e-07
 4.39922e-07
 3.88550e-07
 3.45465e-07
 3.09014e-07
 2.77928e-07
 2.51223e-07
 2.28126e-07
 2.08024e-07
 1.90429e-07
 1.74947e-07
 1.61255e-07
 1.49091e-07
 1.38239e-07
 1.28518e-07
 1.29325e-06
 1.05157e-06
 8.70557e-07
 7.31771e-07
 6.23196e-07
 5.36761e-07
 4.66898e-07
 4.09669e-07
 3.62232e-07
 3.22494e-07
 2.88890e-07
 2.60229e-07
 2.35595e-07
 2.14272e-07
 1.95697e-07
 1.79420e-07
 1.65079e-07
 1.52381e-07
 1.41085e-07
 1.30993e-07
 1.46142e-06
 1.16291e-06
 9.47244e-07
 7.86334e-07
 6.63091e-07
 5.66618e-07
 4.89696e-07
 4.27386e-07
 3.76215e-07
 3.33683e-07
 2.97954e-07
 2.67653e-07
 2.41737e-07
 2.19400e-07
 2.00014e-07
 1.83081e-07
 1.68207e-07
 1.55070e-07
 1.43410e-07
 1.33015e-07
 1.59977e-06
 1.25224e-06
 1.00768e-06
 8.28782e-07
 6.93833e-07
 5.89464e-07
 5.07051e-07
 4.40823e-07
 3.86792e-07
 3.42132e-07
 3.04791e-07
 2.73250e-07
 2.46367e-07
 2.23267e-07
 2.03271e-07
 1.85846e-07
 1.70571e-07
 1.57104e-07
 1.45172e-07
 1.34550e-07
 1.68783e-06
 1.30850e-06
 1.04554e-06
 8.55306e-07
 7.13040e-07
 6.03756e-07
 5.17935e-07
 4.49276e-07
 3.93472e-07
 3.47490e-07
 3.09146e-07
 2.76832e-07
 2.49344e-07
 2.25765e-07
 2.05385e-07
 1.87650e-07
 1.72121e-07
 1.58445e-07
 1.46338e-07
 1.35570e-07
 1.71084e-06
 1.32405e-06
 1.05655e-06
 8.63400e-07
 7.19166e-07
 6.08507e-07
 5.21694e-07
 4.52303e-07
 3.95944e-07
 3.49536e-07
 3.10859e-07
 2.78280e-07
 2.50580e-07
 2.26827e-07
 2.06306e-07
 1.88453e-07
 1.72824e-07
 1.59065e-07
 1.46889e-07
 1.36060e-07
 1.66494e-06
 1.29687e-06
 1.03960e-06
 8.52392e-07
 7.11791e-07
 6.03440e-07
 5.18142e-07
 4.49771e-07
 3.94117e-07
 3.48203e-07
 3.09879e-07
 2.77556e-07
 2.50044e-07
 2.26431e-07
 2.06013e-07
 1.88239e-07
 1.72670e-07
 1.58957e-07
 1.46815e-07
 1.36014e-07
 1.55894e-06
 1.23134e-06
 9.97003e-07
 8.23599e-07
 6.91694e-07
 5.89036e-07
 5.07583e-07
 4.41881e-07
 3.88122e-07
 3.43581e-07
 3.06269e-07
 2.74705e-07
 2.47768e-07
 2.24598e-07
 2.04525e-07
 1.87022e-07
 1.71668e-07
 1.58127e-07
 1.46123e-07
 1.35434e-07
 1.41111e-06
 1.13684e-06
 9.33947e-07
 7.80029e-07
 6.60703e-07
 5.66445e-07
 4.90767e-07
 4.29133e-07
 3.78302e-07
 3.35910e-07
 3.00200e-07
 2.69850e-07
 2.43844e-07
 2.21398e-07
 2.01893e-07
 1.84840e-07
 1.69848e-07
 1.56598e-07
 1.44832e-07
 1.34337e-07
 1.24284e-06
 1.02508e-06
 8.57172e-07
 7.25741e-07
 6.21353e-07
 5.37304e-07
 4.68778e-07
 4.12264e-07
 3.65169e-07
 3.25551e-07
 2.91933e-07
 2.63181e-07
 2.38413e-07
 2.16935e-07
 1.98197e-07
 1.81757e-07
 1.67257e-07
 1.54408e-07
 1.42970e-07
 1.32746e-07
 1.07270e-06
 9.07236e-07
 7.73549e-07
 6.65079e-07
 5.76463e-07
 5.03487e-07
 4.42889e-07
 3.92157e-07
 3.49347e-07
 3.12953e-07
 2.81794e-07
 2.54941e-07
 2.31656e-07
 2.11349e-07
 1.93543e-07
 1.77852e-07
 1.63961e-07
 1.51608e-07
 1.40578e-07
 1.30692e-07
 9.13371e-07
 7.92014e-07
 6.88959e-07
 6.02016e-07
 5.28744e-07
 4.66867e-07
 4.14417e-07
 3.69749e-07
 3.31514e-07
 2.98613e-07
 2.70152e-07
 2.45406e-07
 2.23783e-07
 2.04799e-07
 1.88056e-07
 1.73225e-07
 1.60035e-07
 1.48259e-07
 1.37706e-07
 1.28216e-07
 7.71583e-07
 6.85082e-07
 6.07730e-07
 5.39741e-07
 4.80517e-07
 4.29134e-07
 3.84594e-07
 3.45948e-07
 3.12342e-07
 2.83034e-07
 2.57388e-07
 2.34867e-07
 2.15018e-07
 1.97460e-07
 1.81871e-07
 1.67983e-07
 1.55566e-07
 1.44429e-07
 1.34408e-07
 1.25363e-07
 6.49543e-07
 5.89363e-07
 5.32590e-07
 4.80523e-07
 4.33577e-07
 3.91675e-07
 3.54484e-07
 3.21566e-07
 2.92454e-07
 2.66694e-07
 2.43872e-07
 2.23612e-07
 2.05587e-07
 1.89509e-07
 1.75130e-07
 1.62237e-07
 1.50644e-07
 1.40192e-07
 1.30743e-07
 1.22180e-07
 5.46688e-07
 5.05766e-07
 4.64915e-07
 4.25759e-07
 3.89170e-07
 3.55535e-07
 3.24938e-07
 2.97286e-07
 2.72392e-07
 2.50026e-07
 2.29945e-07
 2.11912e-07
 1.95705e-07
 1.81120e-07
 1.67973e-07
 1.56101e-07
 1.45360e-07
 1.35622e-07
 1.26774e-07
 1.18720e-07
