scalar
part
         1
quad4
 5.66479e-07
 5.21463e-07
 4.77174e-07
 4.35185e-07
 3.96298e-07
 3.60818e-07
 3.28751e-07
 2.99934e-07
 2.74121e-07
 2.51033e-07
 2.30387e-07
 2.11913e-07
 1.95364e-07
 1.80515e-07
 1.67166e-07
 1.55142e-07
 1.44287e-07
 1.34465e-07
 1.25560e-07
 1.17466e-07
 6.69687e-07
 6.04697e-07
 5.44034e-07
 4.88881e-07
 4.39520e-07
 3.95745e-07
 3.57112e-07
 3.23089e-07
 2.93135e-07
 2.66737e-07
 2.43432e-07
 2.22812e-07
 2.04519e-07
 1.88247e-07
 1.73729e-07
 1.60740e-07
 1.49084e-07
 1.38594e-07
 1.29129e-07
 1.20563e-07
 7.91320e-07
 6.99269e-07
 6.17636e-07
 5.46404e-07
 4.84750e-07
 4.31562e-07
 3.85692e-07
 3.46070e-07
 3.11755e-07
 2.81936e-07
 2.55927e-07
 2.33155e-07
 2.13136e-07
 1.95469e-07
 1.79818e-07
 1.65901e-07
 1.53482e-07
 1.42360e-07
 1.32368e-07
 1.23362e-07
 9.31417e-07
 8.03876e-07
 6.96328e-07
 6.06171e-07
 5.30625e-07
 4.67153e-07
 4.13596e-07
 3.68171e-07
 3.29427e-07
 2.96195e-07
 2.67531e-07
 2.42672e-07
 2.21000e-07
 2.02013e-07
 1.85298e-07
 1.70518e-07
 1.57393e-07
 1.45692e-07
 1.35219e-07
 1.25814e-07
 1.08700e-06
 9.15081e-07
 7.77061e-07
 6.65726e-07
 5.75243e-07
 5.01074e-07
 4.39736e-07
 3.88569e-07
 3.45530e-07
 3.09042e-07
 2.77881e-07
 2.51085e-07
 2.27895e-07
 2.07707e-07
 1.90034e-07
 1.74483e-07
 1.60733e-07
 1.48520e-07
 1.37628e-07
 1.27874e-07
 1.25028e-06
 1.02662e-06
 8.55184e-07
 7.21717e-07
 6.16212e-07
 5.31611e-07
 4.62878e-07
 4.06369e-07
 3.59404e-07
 3.19988e-07
 2.86610e-07
 2.58116e-07
 2.33610e-07
 2.12389e-07
 1.93900e-07
 1.77697e-07
 1.63421e-07
 1.50783e-07
 1.39542e-07
 1.29503e-07
 1.40735e-06
 1.12920e-06
 9.24588e-07
 7.70103e-07
 6.50821e-07
 5.56919e-07
 4.81744e-07
 4.20671e-07
 3.70408e-07
 3.28567e-07
 2.93377e-07
 2.63510e-07
 2.37951e-07
 2.15914e-07
 1.96783e-07
 1.80072e-07
 1.65391e-07
 1.52426e-07
 1.40921e-07
 1.30665e-07
 1.53867e-06
 1.21142e-06
 9.78412e-07
 8.06635e-07
 6.76363e-07
 5.75227e-07
 4.95146e-07
 4.30660e-07
 3.77973e-07
 3.34373e-07
 2.97889e-07
 2.67054e-07
 2.40760e-07
 2.18159e-07
 1.98591e-07
 1.81538e-07
 1.66587e-07
 1.53407e-07
 1.41728e-07
 1.31333e-07
 1.62298e-06
 1.26197e-06
 1.01032e-06
 8.27580e-07
 6.90549e-07
 5.85080e-07
 5.02133e-07
 4.35700e-07
 3.81660e-07
 3.37102e-07
 2.99927e-07
 2.68587e-07
 2.41920e-07
 2.19040e-07
 1.99261e-07
 1.82046e-07
 1.66971e-07
 1.53695e-07
 1.41943e-07
 1.31489e-07
 1.64412e-06
 1.27285e-06
 1.01601e-06
 8.30496e-07
 6.91923e-07
 5.85579e-07
 5.02131e-07
 4.35413e-07
 3.81216e-07
 3.36578e-07
 2.99370e-07
 2.68025e-07
 2.41369e-07
 2.18509e-07
 1.98757e-07
 1.81571e-07
 1.66525e-07
 1.53277e-07
 1.41552e-07
 1.31124e-07
 1.59746e-06
 1.24187e-06
 9.94381e-07
 8.14793e-07
 6.80159e-07
 5.76536e-07
 4.95029e-07
 4.29734e-07
 3.76602e-07
 3.32779e-07
 2.96205e-07
 2.65359e-07
 2.39103e-07
 2.16567e-07
 1.97079e-07
 1.80112e-07
 1.65249e-07
 1.52154e-07
 1.40559e-07
 1.30241e-07
 1.49144e-06
 1.17334e-06
 9.47812e-07
 7.81870e-07
 6.56123e-07
 5.58511e-07
 4.81203e-07
 4.18921e-07
 3.68002e-07
 3.25838e-07
 2.90529e-07
 2.60664e-07
 2.35179e-07
 2.13257e-07
 1.94263e-07
 1.77698e-07
 1.63164e-07
 1.50343e-07
 1.38976e-07
 1.28851e-07
 1.34362e-06
 1.07646e-06
 8.81455e-07
 7.34778e-07
 6.21702e-07
 5.32719e-07
 4.61459e-07
 4.03525e-07
 3.55800e-07
 3.16029e-07
 2.82543e-07
 2.54088e-07
 2.29708e-07
 2.08663e-07
 1.90373e-07
 1.74379e-07
 1.60313e-07
 1.47878e-07
 1.36831e-07
 1.26974e-07
 1.17451e-06
 9.62595e-07
 8.01957e-07
 6.77567e-07
 5.79460e-07
 5.00832e-07
 4.36920e-07
 3.84319e-07
 3.40543e-07
 3.03744e-07
 2.72533e-07
 2.45843e-07
 2.22851e-07
 2.02909e-07
 1.85506e-07
 1.70230e-07
 1.56753e-07
 1.44803e-07
 1.34161e-07
 1.24643e-07
 1.00237e-06
 8.42714e-07
 7.16091e-07
 6.14551e-07
 5.32217e-07
 4.64741e-07
 4.08885e-07
 3.62213e-07
 3.22876e-07
 2.89454e-07
 2.60846e-07
 2.36190e-07
 2.14804e-07
 1.96145e-07
 1.79776e-07
 1.65343e-07
 1.52557e-07
 1.41179e-07
 1.31013e-07
 1.21894e-07
 8.40432e-07
 7.25609e-07
 6.29722e-07
 5.49681e-07
 4.82675e-07
 4.26324e-07
 3.78677e-07
 3.38155e-07
 3.03492e-07
 2.73668e-07
 2.47863e-07
 2.25415e-07
 2.05788e-07
 1.88542e-07
 1.73319e-07
 1.59823e-07
 1.47809e-07
 1.37071e-07
 1.27440e-07
 1.18771e-07
 6.96285e-07
 6.17210e-07
 5.47239e-07
 4.86148e-07
 4.33145e-07
 3.87260e-07
 3.47524e-07
 3.13053e-07
 2.83065e-07
 2.56894e-07
 2.33970e-07
 2.13817e-07
 1.96032e-07
 1.80280e-07
 1.66276e-07
 1.53782e-07
 1.42598e-07
 1.32553e-07
 1.23503e-07
 1.15324e-07
 5.72826e-07
 5.20706e-07
 4.71448e-07
 4.26227e-07
 3.85407e-07
 3.48920e-07
 3.16479e-07
 2.87710e-07
 2.62215e-07
 2.39610e-07
 2.19539e-07
 2.01684e-07
 1.85766e-07
 1.71539e-07
 1.58791e-07
 1.47337e-07
 1.37020e-07
 1.27701e-07
 1.19263e-07
 1.11603e-07
 4.69795e-07
 4.37150e-07
 4.03770e-07
 3.71312e-07
 3.40686e-07
 3.12325e-07
 2.86371e-07
 2.62794e-07
 2.41473e-07
 2.22239e-07
 2.04905e-07
 1.89287e-07
 1.75204e-07
 1.62494e-07
 1.51004e-07
 1.40602e-07
 1.31167e-07
 1.22592e-07
 1.14785e-07
 1.07662e-07
 3.85221e-07
 3.66189e-07
 3.44586e-07
 3.22067e-07
 2.99704e-07
 2.78158e-07
 2.57801e-07
 2.38816e-07
 2.21266e-07
 2.05134e-07
 1.90361e-07
 1.76862e-07
 1.64543e-07
 1.53304e-07
 1.43048e-07
 1.33685e-07
 1.25129e-07
 1.17301e-07
 1.10130e-07
 1.03552e-07
