scalar
part
         1
quad4
 3.39360e-07
 3.28133e-07
 3.13229e-07
 2.96350e-07
 2.78675e-07
 2.60992e-07
 2.43803e-07
 2.27408e-07
 2.11973e-07
 1.97570e-07
 1.84212e-07
 1.71873e-07
 1.60506e-07
 1.50052e-07
 1.40444e-07
 1.31616e-07
 1.23503e-07
 1.16043e-07
 1.09179e-07
 1.02857e-07
 4.20658e-07
 3.97499e-07
 3.71971e-07
 3.45905e-07
 3.20429e-07
 2.96193e-07
 2.73532e-07
 2.52586e-07
 2.33366e-07
 2.15814e-07
 1.99832e-07
 1.85300e-07
 1.72096e-07
 1.60095e-07
 1.49183e-07
 1.39250e-07
 1.30197e-07
 1.21936e-07
 1.14384e-07
 1.07470e-07
 5.21084e-07
 4.80362e-07
 4.40144e-07
 4.02000e-07
 3.66682e-07
 3.34461e-07
 3.05331e-07
 2.79135e-07
 2.55646e-07
 2.34609e-07
 2.15770e-07
 1.98887e-07
 1.83736e-07
 1.70118e-07
 1.57854e-07
 1.46785e-07
 1.36775e-07
 1.27701e-07
 1.19458e-07
 1.11953e-07
 6.43385e-07
 5.77704e-07
 5.17829e-07
 4.64289e-07
 4.16924e-07
 3.75255e-07
 3.38684e-07
 3.06597e-07
 2.78416e-07
 2.53619e-07
 2.31745e-07
 2.12398e-07
 1.95232e-07
 1.79957e-07
 1.66320e-07
 1.54109e-07
 1.43142e-07
 1.33262e-07
 1.24337e-07
 1.16251e-07
 7.89055e-07
 6.89335e-07
 6.04167e-07
 5.31732e-07
 4.70144e-07
 4.17675e-07
 3.72829e-07
 3.34340e-07
 3.01161e-07
 2.72424e-07
 2.47418e-07
 2.25558e-07
 2.06362e-07
 1.89431e-07
 1.74435e-07
 1.61101e-07
 1.49199e-07
 1.38536e-07
 1.28951e-07
 1.20306e-07
 9.56984e-07
 8.13138e-07
 6.96963e-07
 6.02383e-07
 5.24730e-07
 4.60430e-07
 4.06746e-07
 3.61565e-07
 3.23254e-07
 2.90534e-07
 2.62402e-07
 2.38063e-07
 2.16881e-07
 1.98346e-07
 1.82042e-07
 1.67634e-07
 1.54842e-07
 1.43438e-07
 1.33232e-07
 1.24062e-07
 1.14179e-06
 9.44286e-07
 7.92339e-07
 6.73265e-07
 5.78439e-07
 5.01842e-07
 4.39179e-07
 3.87328e-07
 3.43981e-07
 3.07404e-07
 2.76279e-07
 2.49588e-07
 2.26538e-07
 2.06502e-07
 1.88984e-07
 1.73581e-07
 1.59971e-07
 1.47887e-07
 1.37111e-07
 1.27463e-07
 1.33227e-06
 1.07470e-06
 8.84606e-07
 7.40397e-07
 6.28474e-07
 5.39925e-07
 4.68704e-07
 4.10593e-07
 3.62581e-07
 3.22469e-07
 2.88622e-07
 2.59808e-07
 2.35081e-07
 2.13706e-07
 1.95106e-07
 1.78822e-07
 1.64487e-07
 1.51803e-07
 1.40526e-07
 1.30457e-07
 1.51066e-06
 1.19313e-06
 9.66563e-07
 7.99077e-07
 6.71702e-07
 5.72549e-07
 4.93842e-07
 4.30317e-07
 3.78303e-07
 3.35177e-07
 2.99024e-07
 2.68417e-07
 2.42277e-07
 2.19776e-07
 2.00268e-07
 1.83246e-07
 1.68304e-07
 1.55117e-07
 1.43420e-07
 1.32998e-07
 1.65389e-06
 1.28640e-06
 1.03037e-06
 8.44462e-07
 7.05028e-07
 5.97676e-07
 5.13216e-07
 4.45544e-07
 3.90471e-07
 3.45043e-07
 3.07125e-07
 2.75146e-07
 2.47923e-07
 2.24557e-07
 2.04350e-07
 1.86757e-07
 1.71345e-07
 1.57768e-07
 1.45744e-07
 1.35045e-07
 1.73835e-06
 1.34210e-06
 1.06904e-06
 8.72409e-07
 7.25880e-07
 6.13648e-07
 5.25721e-07
 4.55518e-07
 3.98554e-07
 3.51684e-07
 3.12649e-07
 2.79790e-07
 2.51864e-07
 2.27930e-07
 2.07260e-07
 1.89285e-07
 1.73554e-07
 1.59710e-07
 1.47460e-07
 1.36570e-07
 1.74834e-06
 1.35229e-06
 1.07822e-06
 8.80363e-07
 7.32684e-07
 6.19452e-07
 5.30682e-07
 4.59775e-07
 4.02224e-07
 3.54866e-07
 3.15421e-07
 2.82217e-07
 2.54000e-07
 2.29819e-07
 2.08937e-07
 1.90780e-07
 1.74893e-07
 1.60913e-07
 1.48545e-07
 1.37551e-07
 1.68349e-06
 1.31642e-06
 1.05746e-06
 8.67980e-07
 7.25179e-07
 6.14892e-07
 5.27949e-07
 4.58200e-07
 4.01393e-07
 3.54517e-07
 3.15385e-07
 2.82383e-07
 2.54295e-07
 2.30193e-07
 2.09357e-07
 1.91224e-07
 1.75345e-07
 1.61362e-07
 1.48986e-07
 1.37979e-07
 1.55910e-06
 1.24162e-06
 1.01035e-06
 8.37198e-07
 7.04464e-07
 6.00616e-07
 5.17917e-07
 4.51039e-07
 3.96218e-07
 3.50740e-07
 3.12609e-07
 2.80334e-07
 2.52780e-07
 2.29073e-07
 2.08534e-07
 1.90624e-07
 1.74915e-07
 1.61062e-07
 1.48785e-07
 1.37854e-07
 1.39889e-06
 1.13995e-06
 9.43405e-07
 7.91722e-07
 6.72742e-07
 5.77981e-07
 5.01451e-07
 4.38859e-07
 3.87077e-07
 3.43793e-07
 3.07273e-07
 2.76195e-07
 2.49544e-07
 2.26526e-07
 2.06516e-07
 1.89018e-07
 1.73632e-07
 1.60033e-07
 1.47959e-07
 1.37190e-07
 1.22607e-06
 1.02451e-06
 8.64257e-07
 7.36143e-07
 6.32862e-07
 5.48810e-07
 4.79746e-07
 4.22462e-07
 3.74522e-07
 3.34063e-07
 2.99651e-07
 2.70167e-07
 2.44734e-07
 2.22658e-07
 2.03385e-07
 1.86467e-07
 1.71541e-07
 1.58312e-07
 1.46534e-07
 1.36007e-07
 1.05783e-06
 9.06403e-07
 7.80012e-07
 6.75043e-07
 5.87826e-07
 5.15105e-07
 4.54162e-07
 4.02789e-07
 3.59214e-07
 3.22022e-07
 2.90085e-07
 2.62499e-07
 2.38536e-07
 2.17611e-07
 1.99246e-07
 1.83052e-07
 1.68707e-07
 1.55947e-07
 1.44551e-07
 1.34337e-07
 9.04234e-07
 7.93420e-07
 6.96274e-07
 6.12359e-07
 5.40383e-07
 4.78792e-07
 4.26061e-07
 3.80812e-07
 3.41855e-07
 3.08183e-07
 2.78955e-07
 2.53475e-07
 2.31166e-07
 2.11548e-07
 1.94227e-07
 1.78871e-07
 1.65206e-07
 1.52999e-07
 1.42058e-07
 1.32218e-07
 7.69583e-07
 6.90058e-07
 6.16855e-07
 5.51070e-07
 4.92782e-07
 4.41546e-07
 3.96684e-07
 3.57454e-07
 3.23133e-07
 2.93061e-07
 2.66651e-07
 2.43393e-07
 2.22850e-07
 2.04646e-07
 1.88464e-07
 1.74033e-07
 1.61123e-07
 1.49537e-07
 1.39109e-07
 1.29695e-07
 6.54481e-07
 5.98272e-07
 5.43955e-07
 4.93177e-07
 4.46692e-07
 4.04699e-07
 3.67073e-07
 3.33521e-07
 3.03674e-07
 2.77142e-07
 2.53549e-07
 2.32546e-07
 2.13818e-07
 1.97085e-07
 1.82101e-07
 1.68652e-07
 1.56550e-07
 1.45634e-07
 1.35763e-07
 1.26816e-07
