scalar
part
         1
quad4
 4.68181e-07
 4.38024e-07
 4.06679e-07
 3.75757e-07
 3.46215e-07
 3.18564e-07
 2.93029e-07
 2.69651e-07
 2.48367e-07
 2.29056e-07
 2.11566e-07
 1.95737e-07
 1.81412e-07
 1.68440e-07
 1.56680e-07
 1.46007e-07
 1.36304e-07
 1.27469e-07
 1.19411e-07
 1.12049e-07
 5.62279e-07
 5.15649e-07
 4.70433e-07
 4.28069e-07
 3.89198e-07
 3.53987e-07
 3.22334e-07
 2.94005e-07
 2.68705e-07
 2.46126e-07
 2.25966e-07
 2.07947e-07
 1.91815e-07
 1.77346e-07
 1.64342e-07
 1.52626e-07
 1.42048e-07
 1.32475e-07
 1.23791e-07
 1.15895e-07
 6.75262e-07
 6.05706e-07
 5.42242e-07
 4.85514e-07
 4.35381e-07
 3.91335e-07
 3.52734e-07
 3.18915e-07
 2.89253e-07
 2.63187e-07
 2.40223e-07
 2.19934e-07
 2.01954e-07
 1.85970e-07
 1.71716e-07
 1.58965e-07
 1.47524e-07
 1.37226e-07
 1.27932e-07
 1.19519e-07
 8.08432e-07
 7.07955e-07
 6.21261e-07
 5.47087e-07
 4.83796e-07
 4.29761e-07
 3.83512e-07
 3.43789e-07
 3.09528e-07
 2.79849e-07
 2.54021e-07
 2.31445e-07
 2.11622e-07
 1.94144e-07
 1.78668e-07
 1.64912e-07
 1.52638e-07
 1.41647e-07
 1.31771e-07
 1.22869e-07
 9.60895e-07
 8.20481e-07
 7.05470e-07
 6.10995e-07
 5.32960e-07
 4.68071e-07
 4.13729e-07
 3.67891e-07
 3.28955e-07
 2.95660e-07
 2.67007e-07
 2.42199e-07
 2.20599e-07
 2.01690e-07
 1.85056e-07
 1.70352e-07
 1.57299e-07
 1.45663e-07
 1.35249e-07
 1.25895e-07
 1.12801e-06
 9.38975e-07
 7.91376e-07
 6.74547e-07
 5.80843e-07
 5.04750e-07
 4.42247e-07
 3.90366e-07
 3.46888e-07
 3.10130e-07
 2.78802e-07
 2.51905e-07
 2.28655e-07
 2.08431e-07
 1.90737e-07
 1.75173e-07
 1.61416e-07
 1.49199e-07
 1.38303e-07
 1.28546e-07
 1.29992e-06
 1.05627e-06
 8.73927e-07
 7.34203e-07
 6.24952e-07
 5.38023e-07
 4.67793e-07
 4.10290e-07
 3.62646e-07
 3.22751e-07
 2.89026e-07
 2.60273e-07
 2.35569e-07
 2.14192e-07
 1.95576e-07
 1.79268e-07
 1.64904e-07
 1.52188e-07
 1.40880e-07
 1.30780e-07
 1.46111e-06
 1.16257e-06
 9.46822e-07
 7.85834e-07
 6.62527e-07
 5.66009e-07
 4.89060e-07
 4.26736e-07
 3.75563e-07
 3.33037e-07
 2.97319e-07
 2.67034e-07
 2.41135e-07
 2.18818e-07
 1.99452e-07
 1.82541e-07
 1.67687e-07
 1.54570e-07
 1.42931e-07
 1.32555e-07
 1.59207e-06
 1.24659e-06
 1.00330e-06
 8.25227e-07
 6.90860e-07
 5.86920e-07
 5.04836e-07
 4.38868e-07
 3.85048e-07
 3.40563e-07
 3.03370e-07
 2.71956e-07
 2.45181e-07
 2.22176e-07
 2.02264e-07
 1.84913e-07
 1.69703e-07
 1.56296e-07
 1.44416e-07
 1.33842e-07
 1.67327e-06
 1.29780e-06
 1.03731e-06
 8.48763e-07
 7.07694e-07
 5.99297e-07
 5.14153e-07
 4.46024e-07
 3.90642e-07
 3.45003e-07
 3.06942e-07
 2.74865e-07
 2.47577e-07
 2.24167e-07
 2.03934e-07
 1.86326e-07
 1.70907e-07
 1.57328e-07
 1.45307e-07
 1.34615e-07
 1.69071e-06
 1.30898e-06
 1.04487e-06
 8.54101e-07
 7.11597e-07
 6.02234e-07
 5.16416e-07
 4.47803e-07
 3.92066e-07
 3.46160e-07
 3.07894e-07
 2.75658e-07
 2.48244e-07
 2.24734e-07
 2.04419e-07
 1.86744e-07
 1.71270e-07
 1.57646e-07
 1.45587e-07
 1.34862e-07
 1.64079e-06
 1.27832e-06
 1.02501e-06
 8.40691e-07
 7.02238e-07
 5.95520e-07
 5.11487e-07
 4.44113e-07
 3.89255e-07
 3.43987e-07
 3.06192e-07
 2.74309e-07
 2.47164e-07
 2.23861e-07
 2.03708e-07
 1.86160e-07
 1.70787e-07
 1.57243e-07
 1.45250e-07
 1.34579e-07
 1.53202e-06
 1.21017e-06
 9.80110e-07
 8.09916e-07
 6.80454e-07
 5.79684e-07
 4.99710e-07
 4.35183e-07
 3.82368e-07
 3.38595e-07
 3.01915e-07
 2.70876e-07
 2.44379e-07
 2.21580e-07
 2.01823e-07
 1.84591e-07
 1.69471e-07
 1.56132e-07
 1.44306e-07
 1.33772e-07
 1.38237e-06
 1.11384e-06
 9.15340e-07
 7.64804e-07
 6.48104e-07
 5.55905e-07
 4.81860e-07
 4.21534e-07
 3.71763e-07
 3.30238e-07
 2.95245e-07
 2.65491e-07
 2.39987e-07
 2.17965e-07
 1.98822e-07
 1.82080e-07
 1.67356e-07
 1.54338e-07
 1.42775e-07
 1.32459e-07
 1.21308e-06
 1.00094e-06
 8.37409e-07
 7.09409e-07
 6.07728e-07
 5.25832e-07
 4.59033e-07
 4.03917e-07
 3.57965e-07
 3.19287e-07
 2.86451e-07
 2.58353e-07
 2.34137e-07
 2.13128e-07
 1.94790e-07
 1.78694e-07
 1.64492e-07
 1.51902e-07
 1.40690e-07
 1.30665e-07
 1.04268e-06
 8.82591e-07
 7.53147e-07
 6.48050e-07
 5.62135e-07
 4.91335e-07
 4.32505e-07
 3.83219e-07
 3.41602e-07
 3.06197e-07
 2.75866e-07
 2.49709e-07
 2.27014e-07
 2.07210e-07
 1.89836e-07
 1.74518e-07
 1.60949e-07
 1.48877e-07
 1.38093e-07
 1.28423e-07
 8.83820e-07
 7.67439e-07
 6.68378e-07
 5.84661e-07
 5.14010e-07
 4.54275e-07
 4.03586e-07
 3.60375e-07
 3.23352e-07
 2.91465e-07
 2.63859e-07
 2.39837e-07
 2.18831e-07
 2.00375e-07
 1.84086e-07
 1.69650e-07
 1.56802e-07
 1.45325e-07
 1.35034e-07
 1.25776e-07
 7.43084e-07
 6.61054e-07
 5.87363e-07
 5.22384e-07
 4.65644e-07
 4.16320e-07
 3.73495e-07
 3.36283e-07
 3.03882e-07
 2.75592e-07
 2.50811e-07
 2.29027e-07
 2.09810e-07
 1.92796e-07
 1.77679e-07
 1.64199e-07
 1.52140e-07
 1.41316e-07
 1.31570e-07
 1.22769e-07
 6.22506e-07
 5.66240e-07
 5.12746e-07
 4.63427e-07
 4.18789e-07
 3.78828e-07
 3.43275e-07
 3.11743e-07
 2.83808e-07
 2.59052e-07
 2.37088e-07
 2.17567e-07
 2.00178e-07
 1.84652e-07
 1.70753e-07
 1.58279e-07
 1.47053e-07
 1.36924e-07
 1.27761e-07
 1.19450e-07
 5.21350e-07
 4.83788e-07
 4.45821e-07
 4.09130e-07
 3.74648e-07
 3.42814e-07
 3.13756e-07
 2.87422e-07
 2.63659e-07
 2.42267e-07
 2.23027e-07
 2.05722e-07
 1.90148e-07
 1.76114e-07
 1.63450e-07
 1.52001e-07
 1.41632e-07
 1.32223e-07
 1.23667e-07
 1.15871e-07
