scalar
part
         1
quad4
 6.49942e-07
 5.94796e-07
 5.41371e-07
 4.91316e-07
 4.45406e-07
 4.03862e-07
 3.66583e-07
 3.33296e-07
 3.03647e-07
 2.77264e-07
 2.53782e-07
 2.32859e-07
 2.14189e-07
 1.97496e-07
 1.82538e-07
 1.69105e-07
 1.57011e-07
 1.46098e-07
 1.36225e-07
 1.27272e-07
 7.64553e-07
 6.86391e-07
 6.14276e-07
 5.49334e-07
 4.91687e-07
 4.40929e-07
 3.96422e-07
 3.57450e-07
 3.23317e-07
 2.93379e-07
 2.67062e-07
 2.43868e-07
 2.23366e-07
 2.05187e-07
 1.89018e-07
 1.74591e-07
 1.61678e-07
 1.50085e-07
 1.39646e-07
 1.30220e-07
 8.98790e-07
 7.89703e-07
 6.93855e-07
 6.10891e-07
 5.39599e-07
 4.78496e-07
 4.26107e-07
 3.81095e-07
 3.42299e-07
 3.08734e-07
 2.79574e-07
 2.54134e-07
 2.31845e-07
 2.12234e-07
 1.94909e-07
 1.79542e-07
 1.65862e-07
 1.53637e-07
 1.42676e-07
 1.32815e-07
 1.05220e-06
 9.02900e-07
 7.77995e-07
 6.74044e-07
 5.87514e-07
 5.15251e-07
 4.54609e-07
 4.03427e-07
 3.59970e-07
 3.22846e-07
 2.90941e-07
 2.63364e-07
 2.39396e-07
 2.18454e-07
 2.00066e-07
 1.83844e-07
 1.69469e-07
 1.56679e-07
 1.45253e-07
 1.35008e-07
 1.22075e-06
 1.02166e-06
 8.62993e-07
 7.35877e-07
 6.33214e-07
 5.49538e-07
 4.80694e-07
 4.23529e-07
 3.75643e-07
 3.35198e-07
 3.00772e-07
 2.71259e-07
 2.45789e-07
 2.23670e-07
 2.04350e-07
 1.87386e-07
 1.72415e-07
 1.59141e-07
 1.47321e-07
 1.36753e-07
 1.39478e-06
 1.13843e-06
 9.43362e-07
 7.92509e-07
 6.73976e-07
 5.79439e-07
 5.03001e-07
 4.40423e-07
 3.88610e-07
 3.45272e-07
 3.08683e-07
 2.77532e-07
 2.50805e-07
 2.27714e-07
 2.07633e-07
 1.90068e-07
 1.74619e-07
 1.60962e-07
 1.48833e-07
 1.38013e-07
 1.55761e-06
 1.24231e-06
 1.01208e-06
 8.39380e-07
 7.06796e-07
 6.02941e-07
 5.20158e-07
 4.53158e-07
 3.98202e-07
 3.52587e-07
 3.14324e-07
 2.81924e-07
 2.54254e-07
 2.30442e-07
 2.09806e-07
 1.91807e-07
 1.76017e-07
 1.62091e-07
 1.49746e-07
 1.38754e-07
 1.68642e-06
 1.32030e-06
 1.06150e-06
 8.71866e-07
 7.28787e-07
 6.18191e-07
 5.30944e-07
 4.60912e-07
 4.03851e-07
 3.56746e-07
 3.17413e-07
 2.84232e-07
 2.55986e-07
 2.31743e-07
 2.10783e-07
 1.92538e-07
 1.76560e-07
 1.62489e-07
 1.50032e-07
 1.38954e-07
 1.75736e-06
 1.36014e-06
 1.08496e-06
 8.86147e-07
 7.37667e-07
 6.23773e-07
 5.34453e-07
 4.63089e-07
 4.05157e-07
 3.57476e-07
 3.17758e-07
 2.84319e-07
 2.55902e-07
 2.31546e-07
 2.10512e-07
 1.92222e-07
 1.76218e-07
 1.62134e-07
 1.49674e-07
 1.38598e-07
 1.75417e-06
 1.35417e-06
 1.07855e-06
 8.80095e-07
 7.32219e-07
 6.18964e-07
 5.30243e-07
 4.59411e-07
 4.01940e-07
 3.54657e-07
 3.15279e-07
 2.82133e-07
 2.53965e-07
 2.29825e-07
 2.08977e-07
 1.90847e-07
 1.74983e-07
 1.61021e-07
 1.48668e-07
 1.37686e-07
 1.67566e-06
 1.30218e-06
 1.04232e-06
 8.53831e-07
 7.12571e-07
 6.03880e-07
 5.18410e-07
 4.49956e-07
 3.94267e-07
 3.48343e-07
 3.10022e-07
 2.77708e-07
 2.50206e-07
 2.26604e-07
 2.06197e-07
 1.88431e-07
 1.72869e-07
 1.59161e-07
 1.47023e-07
 1.36224e-07
 1.53618e-06
 1.21143e-06
 9.80282e-07
 8.09716e-07
 6.80183e-07
 5.79462e-07
 4.99583e-07
 4.35160e-07
 3.82442e-07
 3.38756e-07
 3.02148e-07
 2.71168e-07
 2.44719e-07
 2.21957e-07
 2.02229e-07
 1.85018e-07
 1.69913e-07
 1.56585e-07
 1.44765e-07
 1.34234e-07
 1.35885e-06
 1.09407e-06
 8.99237e-07
 7.51781e-07
 6.37555e-07
 5.47322e-07
 4.74836e-07
 4.15755e-07
 3.66983e-07
 3.26265e-07
 2.91929e-07
 2.62714e-07
 2.37654e-07
 2.16000e-07
 1.97163e-07
 1.80678e-07
 1.66170e-07
 1.53336e-07
 1.41928e-07
 1.31744e-07
 1.16720e-06
 9.63378e-07
 8.07046e-07
 6.84858e-07
 5.87765e-07
 5.09479e-07
 4.45533e-07
 3.92687e-07
 3.48556e-07
 3.11352e-07
 2.79718e-07
 2.52609e-07
 2.29211e-07
 2.08884e-07
 1.91119e-07
 1.75506e-07
 1.61714e-07
 1.49473e-07
 1.38561e-07
 1.28793e-07
 9.79888e-07
 8.30990e-07
 7.11083e-07
 6.13725e-07
 5.33979e-07
 4.68081e-07
 4.13157e-07
 3.67001e-07
 3.27912e-07
 2.94565e-07
 2.65920e-07
 2.41158e-07
 2.19623e-07
 2.00790e-07
 1.84234e-07
 1.69609e-07
 1.56632e-07
 1.45067e-07
 1.34719e-07
 1.25426e-07
 8.08922e-07
 7.05418e-07
 6.17261e-07
 5.42484e-07
 4.79061e-07
 4.25147e-07
 3.79152e-07
 3.39744e-07
 3.05819e-07
 2.76473e-07
 2.50965e-07
 2.28687e-07
 2.09139e-07
 1.91911e-07
 1.76662e-07
 1.63111e-07
 1.51020e-07
 1.40195e-07
 1.30467e-07
 1.21697e-07
 6.60235e-07
 5.91842e-07
 5.29675e-07
 4.74243e-07
 4.25332e-07
 3.82403e-07
 3.44804e-07
 3.11875e-07
 2.83000e-07
 2.57628e-07
 2.35274e-07
 2.15523e-07
 1.98016e-07
 1.82449e-07
 1.68563e-07
 1.56137e-07
 1.44982e-07
 1.34940e-07
 1.25871e-07
 1.17659e-07
 5.35218e-07
 4.92606e-07
 4.50684e-07
 4.11056e-07
 3.74475e-07
 3.41188e-07
 3.11163e-07
 2.84217e-07
 2.60097e-07
 2.38530e-07
 2.19241e-07
 2.01975e-07
 1.86498e-07
 1.72599e-07
 1.60092e-07
 1.48814e-07
 1.38620e-07
 1.29386e-07
 1.21002e-07
 1.13372e-07
 4.32474e-07
 4.08021e-07
 3.81251e-07
 3.54048e-07
 3.27562e-07
 3.02443e-07
 2.79021e-07
 2.57420e-07
 2.37639e-07
 2.19607e-07
 2.03211e-07
 1.88324e-07
 1.74812e-07
 1.62545e-07
 1.51401e-07
 1.41266e-07
 1.32035e-07
 1.23617e-07
 1.15927e-07
 1.08890e-07
 3.49253e-07
 3.37151e-07
 3.21354e-07
 3.03616e-07
 2.85147e-07
 2.66746e-07
 2.48919e-07
 2.31964e-07
 2.16038e-07
 2.01206e-07
 1.87474e-07
 1.74809e-07
 1.63157e-07
 1.52453e-07
 1.42626e-07
 1.33605e-07
 1.25322e-07
 1.17712e-07
 1.10714e-07
 1.04272e-07
