scalar
part
         1
quad4
 6.10135e-07
 5.59539e-07
 5.10234e-07
 4.63847e-07
 4.21163e-07
 3.82435e-07
 3.47602e-07
 3.16436e-07
 2.88625e-07
 2.63836e-07
 2.41739e-07
 2.22021e-07
 2.04403e-07
 1.88631e-07
 1.74482e-07
 1.61761e-07
 1.50297e-07
 1.39942e-07
 1.30565e-07
 1.22055e-07
 7.19782e-07
 6.47410e-07
 5.80380e-07
 5.19841e-07
 4.65972e-07
 4.18442e-07
 3.76686e-07
 3.40061e-07
 3.07932e-07
 2.79709e-07
 2.54867e-07
 2.32943e-07
 2.13541e-07
 1.96318e-07
 1.80982e-07
 1.67285e-07
 1.55014e-07
 1.43987e-07
 1.34050e-07
 1.25069e-07
 8.48564e-07
 7.46816e-07
 6.57197e-07
 5.79466e-07
 5.12551e-07
 4.55101e-07
 4.05768e-07
 3.63317e-07
 3.26678e-07
 2.94935e-07
 2.67325e-07
 2.43208e-07
 2.22055e-07
 2.03424e-07
 1.86948e-07
 1.72321e-07
 1.59288e-07
 1.47632e-07
 1.37172e-07
 1.27756e-07
 9.96181e-07
 8.56103e-07
 7.38737e-07
 6.40919e-07
 5.59377e-07
 4.91183e-07
 4.33877e-07
 3.85446e-07
 3.44271e-07
 3.09054e-07
 2.78754e-07
 2.52535e-07
 2.29723e-07
 2.09773e-07
 1.92240e-07
 1.76758e-07
 1.63029e-07
 1.50804e-07
 1.39875e-07
 1.30069e-07
 1.15891e-06
 9.71242e-07
 8.21532e-07
 7.01456e-07
 6.04360e-07
 5.25121e-07
 4.59843e-07
 4.05572e-07
 3.60057e-07
 3.21570e-07
 2.88776e-07
 2.60634e-07
 2.36323e-07
 2.15193e-07
 1.96722e-07
 1.80489e-07
 1.66154e-07
 1.53435e-07
 1.42102e-07
 1.31964e-07
 1.32768e-06
 1.08512e-06
 9.00407e-07
 7.57411e-07
 6.44919e-07
 5.55089e-07
 4.82367e-07
 4.22761e-07
 3.73354e-07
 3.31982e-07
 2.97020e-07
 2.67226e-07
 2.41642e-07
 2.19519e-07
 2.00267e-07
 1.83415e-07
 1.68583e-07
 1.55463e-07
 1.43805e-07
 1.33400e-07
 1.48668e-06
 1.18743e-06
 9.68708e-07
 8.04452e-07
 6.78190e-07
 5.79161e-07
 5.00129e-07
 4.36092e-07
 3.83510e-07
 3.39822e-07
 3.03142e-07
 2.72057e-07
 2.45489e-07
 2.22609e-07
 2.02767e-07
 1.85450e-07
 1.70250e-07
 1.56837e-07
 1.44941e-07
 1.34344e-07
 1.61434e-06
 1.26585e-06
 1.01918e-06
 8.38161e-07
 7.01396e-07
 5.95543e-07
 5.11938e-07
 4.44757e-07
 3.89965e-07
 3.44694e-07
 3.06860e-07
 2.74921e-07
 2.47713e-07
 2.24347e-07
 2.04133e-07
 1.86529e-07
 1.71105e-07
 1.57515e-07
 1.45481e-07
 1.34772e-07
 1.68817e-06
 1.30876e-06
 1.04542e-06
 8.54841e-07
 7.12308e-07
 6.02838e-07
 5.16893e-07
 4.48159e-07
 3.92314e-07
 3.46316e-07
 3.07974e-07
 2.75674e-07
 2.48209e-07
 2.24658e-07
 2.04310e-07
 1.86609e-07
 1.71115e-07
 1.57474e-07
 1.45403e-07
 1.34669e-07
 1.69280e-06
 1.30875e-06
 1.04358e-06
 8.52349e-07
 7.09673e-07
 6.00285e-07
 5.14516e-07
 4.45989e-07
 3.90352e-07
 3.44551e-07
 3.06389e-07
 2.74252e-07
 2.46931e-07
 2.23508e-07
 2.03273e-07
 1.85672e-07
 1.70266e-07
 1.56704e-07
 1.44702e-07
 1.34030e-07
 1.62667e-06
 1.26524e-06
 1.01344e-06
 8.30612e-07
 6.93481e-07
 5.87900e-07
 5.04832e-07
 4.38274e-07
 3.84106e-07
 3.39424e-07
 3.02128e-07
 2.70672e-07
 2.43895e-07
 2.20911e-07
 2.01034e-07
 1.83728e-07
 1.68568e-07
 1.55211e-07
 1.43383e-07
 1.32859e-07
 1.50219e-06
 1.18451e-06
 9.58441e-07
 7.91638e-07
 6.64969e-07
 5.66478e-07
 4.88370e-07
 4.25377e-07
 3.73831e-07
 3.31117e-07
 2.95325e-07
 2.65037e-07
 2.39178e-07
 2.16926e-07
 1.97640e-07
 1.80815e-07
 1.66049e-07
 1.53020e-07
 1.41466e-07
 1.31173e-07
 1.33987e-06
 1.07735e-06
 8.84640e-07
 7.39025e-07
 6.26365e-07
 5.37453e-07
 4.66084e-07
 4.07950e-07
 3.59985e-07
 3.19959e-07
 2.86220e-07
 2.57522e-07
 2.32913e-07
 2.11655e-07
 1.93168e-07
 1.76992e-07
 1.62759e-07
 1.50170e-07
 1.38983e-07
 1.28997e-07
 1.16117e-06
 9.55900e-07
 7.99218e-07
 6.77187e-07
 5.80480e-07
 5.02670e-07
 4.39217e-07
 3.86852e-07
 3.43173e-07
 3.06385e-07
 2.75131e-07
 2.48366e-07
 2.25281e-07
 2.05237e-07
 1.87727e-07
 1.72346e-07
 1.58764e-07
 1.46714e-07
 1.35976e-07
 1.26366e-07
 9.83730e-07
 8.31076e-07
 7.09076e-07
 6.10585e-07
 5.30267e-07
 4.64124e-07
 4.09149e-07
 3.63055e-07
 3.24092e-07
 2.90904e-07
 2.62434e-07
 2.37852e-07
 2.16495e-07
 1.97834e-07
 1.81443e-07
 1.66975e-07
 1.54143e-07
 1.42715e-07
 1.32496e-07
 1.23322e-07
 8.19565e-07
 7.11189e-07
 6.19912e-07
 5.43140e-07
 4.78447e-07
 4.23732e-07
 3.77244e-07
 3.37544e-07
 3.03462e-07
 2.74049e-07
 2.48532e-07
 2.26283e-07
 2.06789e-07
 1.89630e-07
 1.74460e-07
 1.60992e-07
 1.48987e-07
 1.38246e-07
 1.28601e-07
 1.19912e-07
 6.75097e-07
 6.01557e-07
 5.35815e-07
 4.77905e-07
 4.27276e-07
 3.83156e-07
 3.44733e-07
 3.11237e-07
 2.81976e-07
 2.56344e-07
 2.33823e-07
 2.13968e-07
 1.96404e-07
 1.80814e-07
 1.66927e-07
 1.54517e-07
 1.43391e-07
 1.33384e-07
 1.24356e-07
 1.16189e-07
 5.52366e-07
 5.04829e-07
 4.59271e-07
 4.16975e-07
 3.78439e-07
 3.43721e-07
 3.12648e-07
 2.84933e-07
 2.60251e-07
 2.38272e-07
 2.18685e-07
 2.01205e-07
 1.85575e-07
 1.71570e-07
 1.58993e-07
 1.47670e-07
 1.37452e-07
 1.28209e-07
 1.19826e-07
 1.12206e-07
 4.50569e-07
 4.21656e-07
 3.91427e-07
 3.61567e-07
 3.33050e-07
 3.06382e-07
 2.81779e-07
 2.59276e-07
 2.38808e-07
 2.20251e-07
 2.03455e-07
 1.88262e-07
 1.74519e-07
 1.62077e-07
 1.50802e-07
 1.40569e-07
 1.31268e-07
 1.22800e-07
 1.15076e-07
 1.08018e-07
 3.67423e-07
 3.51411e-07
 3.32454e-07
 3.12194e-07
 2.91727e-07
 2.71751e-07
 2.52684e-07
 2.34753e-07
 2.18059e-07
 2.02624e-07
 1.88417e-07
 1.75378e-07
 1.63431e-07
 1.52495e-07
 1.42486e-07
 1.33323e-07
 1.24929e-07
 1.17233e-07
 1.10169e-07
 1.03678e-07
