scalar
part
         1
quad4
 3.46584e-07
 3.33970e-07
 3.17907e-07
 3.00075e-07
 2.81625e-07
 2.63315e-07
 2.45622e-07
 2.28823e-07
 2.13064e-07
 1.98401e-07
 1.84835e-07
 1.72329e-07
 1.60827e-07
 1.50265e-07
 1.40570e-07
 1.31672e-07
 1.23503e-07
 1.15998e-07
 1.09098e-07
 1.02747e-07
 4.28117e-07
 4.03327e-07
 3.76486e-07
 3.49378e-07
 3.23082e-07
 2.98203e-07
 2.75041e-07
 2.53702e-07
 2.34177e-07
 2.16386e-07
 2.00216e-07
 1.85538e-07
 1.72218e-07
 1.60128e-07
 1.49146e-07
 1.39158e-07
 1.30063e-07
 1.21768e-07
 1.14192e-07
 1.07259e-07
 5.28548e-07
 4.85946e-07
 4.44283e-07
 4.05037e-07
 3.68886e-07
 3.36035e-07
 3.06429e-07
 2.79873e-07
 2.56112e-07
 2.34870e-07
 2.15875e-07
 1.98874e-07
 1.83635e-07
 1.69950e-07
 1.57636e-07
 1.46531e-07
 1.36495e-07
 1.27403e-07
 1.19147e-07
 1.11635e-07
 6.50463e-07
 5.82693e-07
 5.21296e-07
 4.66654e-07
 4.18492e-07
 3.76247e-07
 3.39258e-07
 3.06870e-07
 2.78471e-07
 2.53516e-07
 2.31530e-07
 2.12102e-07
 1.94881e-07
 1.79567e-07
 1.65906e-07
 1.53681e-07
 1.42706e-07
 1.32824e-07
 1.23900e-07
 1.15820e-07
 7.95130e-07
 6.93230e-07
 6.06579e-07
 5.33134e-07
 4.70860e-07
 4.17924e-07
 3.72761e-07
 3.34059e-07
 3.00737e-07
 2.71908e-07
 2.46844e-07
 2.24950e-07
 2.05738e-07
 1.88802e-07
 1.73811e-07
 1.60486e-07
 1.48597e-07
 1.37951e-07
 1.28383e-07
 1.19757e-07
 9.61141e-07
 8.15278e-07
 6.97851e-07
 6.02494e-07
 5.24361e-07
 4.59772e-07
 4.05917e-07
 3.60644e-07
 3.22289e-07
 2.89557e-07
 2.61435e-07
 2.37117e-07
 2.15965e-07
 1.97463e-07
 1.81196e-07
 1.66824e-07
 1.54069e-07
 1.42701e-07
 1.32529e-07
 1.23392e-07
 1.14280e-06
 9.43870e-07
 7.91180e-07
 6.71740e-07
 5.76758e-07
 5.00121e-07
 4.37483e-07
 3.85692e-07
 3.42422e-07
 3.05930e-07
 2.74891e-07
 2.48284e-07
 2.25314e-07
 2.05355e-07
 1.87907e-07
 1.72570e-07
 1.59021e-07
 1.46993e-07
 1.36270e-07
 1.26670e-07
 1.32869e-06
 1.07088e-06
 8.80900e-07
 7.36929e-07
 6.25286e-07
 5.37017e-07
 4.66059e-07
 4.08188e-07
 3.60392e-07
 3.20471e-07
 2.86796e-07
 2.58134e-07
 2.33542e-07
 2.12287e-07
 1.93794e-07
 1.77607e-07
 1.63359e-07
 1.50752e-07
 1.39546e-07
 1.29541e-07
 1.50117e-06
 1.18523e-06
 9.59933e-07
 7.93454e-07
 6.66884e-07
 5.68380e-07
 4.90204e-07
 4.27116e-07
 3.75466e-07
 3.32647e-07
 2.96753e-07
 2.66369e-07
 2.40420e-07
 2.18085e-07
 1.98722e-07
 1.81827e-07
 1.66997e-07
 1.53910e-07
 1.42302e-07
 1.31958e-07
 1.63778e-06
 1.27412e-06
 1.02069e-06
 8.36629e-07
 6.98559e-07
 5.92243e-07
 5.08587e-07
 4.41553e-07
 3.86995e-07
 3.41987e-07
 3.04419e-07
 2.72731e-07
 2.45756e-07
 2.22601e-07
 2.02576e-07
 1.85140e-07
 1.69865e-07
 1.56408e-07
 1.44491e-07
 1.33886e-07
 1.71605e-06
 1.32572e-06
 1.05650e-06
 8.62504e-07
 7.17861e-07
 6.07025e-07
 5.20159e-07
 4.50781e-07
 3.94472e-07
 3.48130e-07
 3.09527e-07
 2.77025e-07
 2.49400e-07
 2.25719e-07
 2.05266e-07
 1.87476e-07
 1.71907e-07
 1.58203e-07
 1.46077e-07
 1.35296e-07
 1.72140e-06
 1.33266e-06
 1.06333e-06
 8.68710e-07
 7.23329e-07
 6.11786e-07
 5.24291e-07
 4.54368e-07
 3.97594e-07
 3.50857e-07
 3.11918e-07
 2.79130e-07
 2.51260e-07
 2.27371e-07
 2.06737e-07
 1.88792e-07
 1.73088e-07
 1.59267e-07
 1.47039e-07
 1.36167e-07
 1.65408e-06
 1.29477e-06
 1.04095e-06
 8.55037e-07
 7.14791e-07
 6.06390e-07
 5.20875e-07
 4.52229e-07
 3.96292e-07
 3.50112e-07
 3.11546e-07
 2.79009e-07
 2.51308e-07
 2.27530e-07
 2.06970e-07
 1.89071e-07
 1.73395e-07
 1.59588e-07
 1.47365e-07
 1.36492e-07
 1.52932e-06
 1.21921e-06
 9.93013e-07
 8.23480e-07
 6.93389e-07
 5.91517e-07
 5.10330e-07
 4.44628e-07
 3.90738e-07
 3.46009e-07
 3.08487e-07
 2.76714e-07
 2.49577e-07
 2.26222e-07
 2.05980e-07
 1.88325e-07
 1.72835e-07
 1.59171e-07
 1.47060e-07
 1.36274e-07
 1.37033e-06
 1.11784e-06
 9.25964e-07
 7.77724e-07
 6.61323e-07
 5.68531e-07
 4.93529e-07
 4.32139e-07
 3.81318e-07
 3.38812e-07
 3.02927e-07
 2.72376e-07
 2.46164e-07
 2.23516e-07
 2.03820e-07
 1.86591e-07
 1.71437e-07
 1.58039e-07
 1.46140e-07
 1.35525e-07
 1.19966e-06
 1.00345e-06
 8.47277e-07
 7.22282e-07
 6.21409e-07
 5.39238e-07
 4.71660e-07
 4.15563e-07
 3.68583e-07
 3.28908e-07
 2.95142e-07
 2.66195e-07
 2.41214e-07
 2.19520e-07
 2.00572e-07
 1.83933e-07
 1.69249e-07
 1.56229e-07
 1.44634e-07
 1.34267e-07
 1.03398e-06
 8.86844e-07
 7.63879e-07
 6.61635e-07
 5.76589e-07
 5.05606e-07
 4.46065e-07
 3.95831e-07
 3.53188e-07
 3.16767e-07
 2.85471e-07
 2.58423e-07
 2.34915e-07
 2.14377e-07
 1.96342e-07
 1.80433e-07
 1.66335e-07
 1.53790e-07
 1.42583e-07
 1.32534e-07
 8.83000e-07
 7.75551e-07
 6.81214e-07
 5.99618e-07
 5.29547e-07
 4.69522e-07
 4.18080e-07
 3.73898e-07
 3.35828e-07
 3.02897e-07
 2.74293e-07
 2.49340e-07
 2.27480e-07
 2.08248e-07
 1.91257e-07
 1.76188e-07
 1.62772e-07
 1.50783e-07
 1.40034e-07
 1.30363e-07
 7.50821e-07
 6.73905e-07
 6.02969e-07
 5.39121e-07
 4.82473e-07
 4.32618e-07
 3.88919e-07
 3.50668e-07
 3.17175e-07
 2.87803e-07
 2.61990e-07
 2.39241e-07
 2.19135e-07
 2.01309e-07
 1.85454e-07
 1.71307e-07
 1.58645e-07
 1.47278e-07
 1.37042e-07
 1.27798e-07
 6.37955e-07
 5.83759e-07
 5.31255e-07
 4.82075e-07
 4.36981e-07
 3.96189e-07
 3.59596e-07
 3.26930e-07
 2.97842e-07
 2.71962e-07
 2.48931e-07
 2.28413e-07
 2.10106e-07
 1.93738e-07
 1.79072e-07
 1.65902e-07
 1.54045e-07
 1.43345e-07
 1.33665e-07
 1.24888e-07
