scalar
part
         1
quad4
 5.93154e-07
 5.45892e-07
 4.99431e-07
 4.55406e-07
 4.14647e-07
 3.77468e-07
 3.43872e-07
 3.13686e-07
 2.86650e-07
 2.62472e-07
 2.40854e-07
 2.21514e-07
 2.04191e-07
 1.88649e-07
 1.74679e-07
 1.62097e-07
 1.50740e-07
 1.40465e-07
 1.31149e-07
 1.22684e-07
 7.01270e-07
 6.33087e-07
 5.69476e-07
 5.11659e-07
 4.59926e-07
 4.14054e-07
 3.73577e-07
 3.37935e-07
 3.06559e-07
 2.78912e-07
 2.54508e-07
 2.32918e-07
 2.13769e-07
 1.96736e-07
 1.81542e-07
 1.67949e-07
 1.55753e-07
 1.44779e-07
 1.34878e-07
 1.25919e-07
 8.28776e-07
 7.32235e-07
 6.46644e-07
 5.71969e-07
 5.07343e-07
 4.51599e-07
 4.03530e-07
 3.62015e-07
 3.26065e-07
 2.94831e-07
 2.67592e-07
 2.43745e-07
 2.22786e-07
 2.04292e-07
 1.87910e-07
 1.73346e-07
 1.60350e-07
 1.48715e-07
 1.38262e-07
 1.28841e-07
 9.75793e-07
 8.42026e-07
 7.29238e-07
 6.34697e-07
 5.55485e-07
 4.88941e-07
 4.32800e-07
 3.85191e-07
 3.44592e-07
 3.09775e-07
 2.79748e-07
 2.53713e-07
 2.31019e-07
 2.11140e-07
 1.93643e-07
 1.78174e-07
 1.64439e-07
 1.52196e-07
 1.41241e-07
 1.31402e-07
 1.13932e-06
 9.58928e-07
 8.14105e-07
 6.97292e-07
 6.02369e-07
 5.24572e-07
 4.60249e-07
 4.06602e-07
 3.61487e-07
 3.23248e-07
 2.90598e-07
 2.62528e-07
 2.38241e-07
 2.17102e-07
 1.98599e-07
 1.82321e-07
 1.67931e-07
 1.55152e-07
 1.43757e-07
 1.33554e-07
 1.31138e-06
 1.07646e-06
 8.96407e-07
 7.56257e-07
 6.45494e-07
 5.56701e-07
 4.84583e-07
 4.25309e-07
 3.76060e-07
 3.34738e-07
 2.99757e-07
 2.69901e-07
 2.44230e-07
 2.22006e-07
 2.02646e-07
 1.85684e-07
 1.70743e-07
 1.57518e-07
 1.45757e-07
 1.35254e-07
 1.47753e-06
 1.18493e-06
 9.69755e-07
 8.07357e-07
 6.82017e-07
 5.83388e-07
 5.04462e-07
 4.40366e-07
 3.87637e-07
 3.43757e-07
 3.06865e-07
 2.75564e-07
 2.48784e-07
 2.25700e-07
 2.05666e-07
 1.88170e-07
 1.72803e-07
 1.59235e-07
 1.47196e-07
 1.36467e-07
 1.61735e-06
 1.27237e-06
 1.02693e-06
 8.46114e-07
 7.09082e-07
 6.02764e-07
 5.18629e-07
 4.50915e-07
 3.95616e-07
 3.49876e-07
 3.11615e-07
 2.79290e-07
 2.51734e-07
 2.28057e-07
 2.07562e-07
 1.89706e-07
 1.74055e-07
 1.60260e-07
 1.48039e-07
 1.37163e-07
 1.70831e-06
 1.32679e-06
 1.06119e-06
 8.68561e-07
 7.24256e-07
 6.13286e-07
 5.26078e-07
 4.56280e-07
 3.99534e-07
 3.52771e-07
 3.13774e-07
 2.80912e-07
 2.52959e-07
 2.28985e-07
 2.08266e-07
 1.90239e-07
 1.74457e-07
 1.60561e-07
 1.48262e-07
 1.37324e-07
 1.73287e-06
 1.33948e-06
 1.06790e-06
 8.72060e-07
 7.25972e-07
 6.13984e-07
 5.26190e-07
 4.56055e-07
 3.99120e-07
 3.52257e-07
 3.13214e-07
 2.80338e-07
 2.52392e-07
 2.28435e-07
 2.07741e-07
 1.89742e-07
 1.73989e-07
 1.60122e-07
 1.47852e-07
 1.36941e-07
 1.68544e-06
 1.30785e-06
 1.04573e-06
 8.55913e-07
 7.13842e-07
 6.04639e-07
 5.18837e-07
 4.50164e-07
 3.94327e-07
 3.48305e-07
 3.09917e-07
 2.77559e-07
 2.50028e-07
 2.26407e-07
 2.05988e-07
 1.88217e-07
 1.72653e-07
 1.58946e-07
 1.46810e-07
 1.36015e-07
 1.57443e-06
 1.23620e-06
 9.97080e-07
 8.21534e-07
 6.88746e-07
 5.85819e-07
 5.04399e-07
 4.38870e-07
 3.85343e-07
 3.41052e-07
 3.03984e-07
 2.72650e-07
 2.45924e-07
 2.22944e-07
 2.03041e-07
 1.85690e-07
 1.70471e-07
 1.57049e-07
 1.45153e-07
 1.34558e-07
 1.41837e-06
 1.13419e-06
 9.27343e-07
 7.72107e-07
 6.52652e-07
 5.58791e-07
 4.83718e-07
 4.22749e-07
 3.72569e-07
 3.30784e-07
 2.95625e-07
 2.65767e-07
 2.40197e-07
 2.18136e-07
 1.98970e-07
 1.82216e-07
 1.67486e-07
 1.54468e-07
 1.42906e-07
 1.32593e-07
 1.23922e-06
 1.01393e-06
 8.43559e-07
 7.11911e-07
 6.08261e-07
 5.25312e-07
 4.57974e-07
 4.02610e-07
 3.56577e-07
 3.17912e-07
 2.85139e-07
 2.57132e-07
 2.33016e-07
 2.12110e-07
 1.93873e-07
 1.77872e-07
 1.63758e-07
 1.51249e-07
 1.40111e-07
 1.30152e-07
 1.05670e-06
 8.87151e-07
 7.52949e-07
 6.45524e-07
 5.58556e-07
 4.87380e-07
 4.28532e-07
 3.79411e-07
 3.38046e-07
 3.02929e-07
 2.72890e-07
 2.47016e-07
 2.24586e-07
 2.05025e-07
 1.87873e-07
 1.72754e-07
 1.59364e-07
 1.47454e-07
 1.36814e-07
 1.27273e-07
 8.85059e-07
 7.63299e-07
 6.61772e-07
 5.77148e-07
 5.06402e-07
 4.46980e-07
 3.96792e-07
 3.54151e-07
 3.17705e-07
 2.86371e-07
 2.59278e-07
 2.35723e-07
 2.15138e-07
 1.97060e-07
 1.81109e-07
 1.66972e-07
 1.54392e-07
 1.43152e-07
 1.33074e-07
 1.24004e-07
 7.32434e-07
 6.48714e-07
 5.74713e-07
 5.10179e-07
 4.54254e-07
 4.05891e-07
 3.64052e-07
 3.27787e-07
 2.96265e-07
 2.68773e-07
 2.44709e-07
 2.23564e-07
 2.04915e-07
 1.88403e-07
 1.73731e-07
 1.60646e-07
 1.48936e-07
 1.38422e-07
 1.28952e-07
 1.20395e-07
 6.01884e-07
 5.46790e-07
 4.94760e-07
 4.47038e-07
 4.04001e-07
 3.65566e-07
 3.31424e-07
 3.01170e-07
 2.74379e-07
 2.50639e-07
 2.29574e-07
 2.10845e-07
 1.94155e-07
 1.79245e-07
 1.65890e-07
 1.53896e-07
 1.43094e-07
 1.33342e-07
 1.24513e-07
 1.16500e-07
 4.93084e-07
 4.58631e-07
 4.23418e-07
 3.89201e-07
 3.56939e-07
 3.27085e-07
 2.99785e-07
 2.75003e-07
 2.52607e-07
 2.32414e-07
 2.14227e-07
 1.97848e-07
 1.83086e-07
 1.69768e-07
 1.57734e-07
 1.46842e-07
 1.36965e-07
 1.27993e-07
 1.19825e-07
 1.12375e-07
 4.03895e-07
 3.83840e-07
 3.61081e-07
 3.37367e-07
 3.13832e-07
 2.91169e-07
 2.69770e-07
 2.49826e-07
 2.31399e-07
 2.14470e-07
 1.98975e-07
 1.84823e-07
 1.71913e-07
 1.60139e-07
 1.49400e-07
 1.39598e-07
 1.30643e-07
 1.22453e-07
 1.14952e-07
 1.08073e-07
