scalar
part
         1
quad4
 4.84319e-07
 4.51908e-07
 4.18580e-07
 3.85945e-07
 3.54942e-07
 3.26054e-07
 2.99474e-07
 2.75216e-07
 2.53191e-07
 2.33254e-07
 2.15234e-07
 1.98957e-07
 1.84249e-07
 1.70949e-07
 1.58908e-07
 1.47992e-07
 1.38080e-07
 1.29064e-07
 1.20847e-07
 1.13346e-07
 5.80156e-07
 5.30702e-07
 4.83085e-07
 4.38712e-07
 3.98174e-07
 3.61584e-07
 3.28794e-07
 2.99526e-07
 2.73447e-07
 2.50219e-07
 2.29518e-07
 2.11044e-07
 1.94529e-07
 1.79736e-07
 1.66454e-07
 1.54502e-07
 1.43721e-07
 1.33971e-07
 1.25135e-07
 1.17106e-07
 6.94915e-07
 6.21843e-07
 5.55508e-07
 4.96460e-07
 4.44459e-07
 3.98911e-07
 3.59096e-07
 3.24293e-07
 2.93830e-07
 2.67107e-07
 2.43601e-07
 2.22862e-07
 2.04506e-07
 1.88207e-07
 1.73686e-07
 1.60708e-07
 1.49072e-07
 1.38608e-07
 1.29170e-07
 1.20632e-07
 8.29734e-07
 7.24950e-07
 6.34893e-07
 5.58103e-07
 4.92774e-07
 4.37141e-07
 3.89634e-07
 3.48910e-07
 3.13847e-07
 2.83520e-07
 2.57164e-07
 2.34154e-07
 2.13972e-07
 1.96194e-07
 1.80467e-07
 1.66499e-07
 1.54044e-07
 1.42899e-07
 1.32891e-07
 1.23874e-07
 9.83441e-07
 8.37895e-07
 7.19072e-07
 6.21749e-07
 5.41569e-07
 4.75046e-07
 4.19444e-07
 3.72624e-07
 3.32914e-07
 2.99001e-07
 2.69850e-07
 2.44637e-07
 2.22704e-07
 2.03521e-07
 1.86657e-07
 1.71761e-07
 1.58545e-07
 1.46769e-07
 1.36236e-07
 1.26779e-07
 1.15096e-06
 9.56089e-07
 8.04378e-07
 6.84606e-07
 5.88757e-07
 5.11073e-07
 4.47370e-07
 3.94571e-07
 3.50378e-07
 3.13057e-07
 2.81281e-07
 2.54022e-07
 2.30476e-07
 2.10009e-07
 1.92114e-07
 1.76382e-07
 1.62483e-07
 1.50146e-07
 1.39147e-07
 1.29301e-07
 1.32185e-06
 1.07205e-06
 8.85595e-07
 7.43047e-07
 6.31802e-07
 5.43430e-07
 4.72132e-07
 4.13824e-07
 3.65561e-07
 3.25184e-07
 2.91078e-07
 2.62020e-07
 2.37068e-07
 2.15489e-07
 1.96706e-07
 1.80258e-07
 1.65777e-07
 1.52962e-07
 1.41569e-07
 1.31396e-07
 1.47998e-06
 1.17570e-06
 9.56311e-07
 7.92906e-07
 6.67936e-07
 5.70239e-07
 4.92431e-07
 4.29468e-07
 3.77808e-07
 3.34905e-07
 2.98891e-07
 2.68370e-07
 2.42281e-07
 2.19808e-07
 2.00314e-07
 1.83297e-07
 1.68353e-07
 1.55161e-07
 1.43457e-07
 1.33027e-07
 1.60547e-06
 1.25570e-06
 1.00978e-06
 8.30008e-07
 6.94493e-07
 5.89749e-07
 5.07085e-07
 4.40688e-07
 3.86544e-07
 3.41808e-07
 3.04418e-07
 2.72848e-07
 2.45948e-07
 2.22840e-07
 2.02842e-07
 1.85421e-07
 1.70152e-07
 1.56695e-07
 1.44773e-07
 1.34162e-07
 1.67911e-06
 1.30177e-06
 1.04015e-06
 8.50868e-07
 7.09308e-07
 6.00567e-07
 5.15173e-07
 4.46858e-07
 3.91335e-07
 3.45586e-07
 3.07438e-07
 2.75291e-07
 2.47947e-07
 2.24491e-07
 2.04219e-07
 1.86579e-07
 1.71132e-07
 1.57530e-07
 1.45490e-07
 1.34780e-07
 1.68802e-06
 1.30730e-06
 1.04378e-06
 8.53367e-07
 7.11090e-07
 6.01877e-07
 5.16161e-07
 4.47620e-07
 3.91933e-07
 3.46064e-07
 3.07826e-07
 2.75609e-07
 2.48211e-07
 2.24712e-07
 2.04406e-07
 1.86738e-07
 1.71269e-07
 1.57649e-07
 1.45593e-07
 1.34871e-07
 1.63015e-06
 1.27130e-06
 1.02016e-06
 8.37211e-07
 6.99666e-07
 5.93573e-07
 5.09982e-07
 4.42928e-07
 3.88309e-07
 3.43221e-07
 3.05565e-07
 2.73790e-07
 2.46731e-07
 2.23497e-07
 2.03399e-07
 1.85897e-07
 1.70561e-07
 1.57049e-07
 1.45081e-07
 1.34432e-07
 1.51532e-06
 1.19879e-06
 9.72047e-07
 8.04016e-07
 6.76022e-07
 5.76277e-07
 4.97042e-07
 4.33057e-07
 3.80650e-07
 3.37190e-07
 3.00752e-07
 2.69904e-07
 2.43559e-07
 2.20883e-07
 2.01226e-07
 1.84076e-07
 1.69025e-07
 1.55743e-07
 1.43965e-07
 1.33472e-07
 1.36199e-06
 1.09943e-06
 9.04852e-07
 7.56971e-07
 6.42121e-07
 5.51246e-07
 4.78168e-07
 4.18566e-07
 3.69345e-07
 3.28244e-07
 2.93584e-07
 2.64094e-07
 2.38802e-07
 2.16952e-07
 1.97950e-07
 1.81325e-07
 1.66697e-07
 1.53762e-07
 1.42268e-07
 1.32010e-07
 1.19115e-06
 9.84839e-07
 8.25341e-07
 7.00191e-07
 6.00560e-07
 5.20169e-07
 4.54493e-07
 4.00230e-07
 3.54935e-07
 3.16771e-07
 2.84341e-07
 2.56569e-07
 2.32616e-07
 2.11822e-07
 1.93661e-07
 1.77713e-07
 1.63634e-07
 1.51148e-07
 1.40024e-07
 1.30074e-07
 1.02077e-06
 8.65893e-07
 7.40261e-07
 6.37974e-07
 5.54152e-07
 4.84931e-07
 4.27306e-07
 3.78952e-07
 3.38064e-07
 3.03236e-07
 2.73367e-07
 2.47583e-07
 2.25193e-07
 2.05639e-07
 1.88472e-07
 1.73327e-07
 1.59904e-07
 1.47956e-07
 1.37278e-07
 1.27698e-07
 8.62896e-07
 7.50936e-07
 6.55280e-07
 5.74181e-07
 5.05548e-07
 4.47379e-07
 3.97913e-07
 3.55667e-07
 3.19411e-07
 2.88141e-07
 2.61033e-07
 2.37419e-07
 2.16747e-07
 1.98569e-07
 1.82513e-07
 1.68271e-07
 1.55589e-07
 1.44252e-07
 1.34081e-07
 1.24926e-07
 7.23642e-07
 6.45246e-07
 5.74488e-07
 5.11854e-07
 4.56984e-07
 4.09150e-07
 3.67518e-07
 3.31266e-07
 2.99643e-07
 2.71985e-07
 2.47723e-07
 2.26368e-07
 2.07506e-07
 1.90789e-07
 1.75922e-07
 1.62654e-07
 1.50775e-07
 1.40105e-07
 1.30491e-07
 1.21804e-07
 6.04734e-07
 5.51404e-07
 5.00379e-07
 4.53106e-07
 4.10150e-07
 3.71567e-07
 3.37143e-07
 3.06537e-07
 2.79365e-07
 2.55240e-07
 2.33800e-07
 2.14715e-07
 1.97694e-07
 1.82477e-07
 1.68841e-07
 1.56589e-07
 1.45555e-07
 1.35590e-07
 1.26569e-07
 1.18381e-07
 5.05254e-07
 4.70044e-07
 4.34126e-07
 3.99189e-07
 3.66191e-07
 3.35602e-07
 3.07588e-07
 2.82128e-07
 2.59097e-07
 2.38319e-07
 2.19595e-07
 2.02727e-07
 1.87522e-07
 1.73803e-07
 1.61408e-07
 1.50190e-07
 1.40020e-07
 1.30782e-07
 1.22376e-07
 1.14710e-07
