scalar
part
         1
quad4
 4.96167e-07
 4.62026e-07
 4.27185e-07
 3.93250e-07
 3.61144e-07
 3.31327e-07
 3.03969e-07
 2.79059e-07
 2.56489e-07
 2.36094e-07
 2.17690e-07
 2.01088e-07
 1.86105e-07
 1.72573e-07
 1.60334e-07
 1.49248e-07
 1.39190e-07
 1.30048e-07
 1.21723e-07
 1.14128e-07
 5.93170e-07
 5.41568e-07
 4.92136e-07
 4.46252e-07
 4.04469e-07
 3.66856e-07
 3.33228e-07
 3.03271e-07
 2.76626e-07
 2.52930e-07
 2.31841e-07
 2.13045e-07
 1.96260e-07
 1.81240e-07
 1.67767e-07
 1.55652e-07
 1.44732e-07
 1.34864e-07
 1.25925e-07
 1.17809e-07
 7.09070e-07
 6.33355e-07
 5.64872e-07
 5.04098e-07
 4.50718e-07
 4.04068e-07
 3.63371e-07
 3.27859e-07
 2.96823e-07
 2.69634e-07
 2.45747e-07
 2.24696e-07
 2.06081e-07
 1.89566e-07
 1.74864e-07
 1.61734e-07
 1.49970e-07
 1.39396e-07
 1.29865e-07
 1.21247e-07
 8.44874e-07
 7.36887e-07
 6.44345e-07
 5.65636e-07
 4.98824e-07
 4.42040e-07
 3.93634e-07
 3.52202e-07
 3.16578e-07
 2.85802e-07
 2.59084e-07
 2.35779e-07
 2.15357e-07
 1.97381e-07
 1.81489e-07
 1.67383e-07
 1.54813e-07
 1.43570e-07
 1.33479e-07
 1.24391e-07
 9.99178e-07
 8.49869e-07
 7.28271e-07
 6.28898e-07
 5.47188e-07
 4.79513e-07
 4.23033e-07
 3.75537e-07
 3.35300e-07
 3.00973e-07
 2.71492e-07
 2.46015e-07
 2.23868e-07
 2.04510e-07
 1.87502e-07
 1.72486e-07
 1.59171e-07
 1.47312e-07
 1.36708e-07
 1.27192e-07
 1.16656e-06
 9.67488e-07
 8.12853e-07
 6.91014e-07
 5.93679e-07
 5.14909e-07
 4.50400e-07
 3.96993e-07
 3.52335e-07
 3.14654e-07
 2.82595e-07
 2.55112e-07
 2.31387e-07
 2.10775e-07
 1.92762e-07
 1.76933e-07
 1.62954e-07
 1.50549e-07
 1.39494e-07
 1.29602e-07
 1.33611e-06
 1.08202e-06
 8.92746e-07
 7.48296e-07
 6.35734e-07
 5.46427e-07
 4.74453e-07
 4.15645e-07
 3.67008e-07
 3.26345e-07
 2.92019e-07
 2.62788e-07
 2.37699e-07
 2.16011e-07
 1.97140e-07
 1.80621e-07
 1.66081e-07
 1.53218e-07
 1.41785e-07
 1.31579e-07
 1.49124e-06
 1.18319e-06
 9.61464e-07
 7.96555e-07
 6.70583e-07
 5.72197e-07
 4.93903e-07
 4.30589e-07
 3.78672e-07
 3.35577e-07
 2.99417e-07
 2.68784e-07
 2.42609e-07
 2.20068e-07
 2.00520e-07
 1.83459e-07
 1.68481e-07
 1.55261e-07
 1.43535e-07
 1.33086e-07
 1.61182e-06
 1.25962e-06
 1.01229e-06
 8.31663e-07
 6.95603e-07
 5.90500e-07
 5.07594e-07
 4.41030e-07
 3.86770e-07
 3.41951e-07
 3.04501e-07
 2.72887e-07
 2.45955e-07
 2.22824e-07
 2.02810e-07
 1.85376e-07
 1.70099e-07
 1.56635e-07
 1.44708e-07
 1.34094e-07
 1.67895e-06
 1.30129e-06
 1.03956e-06
 8.50256e-07
 7.08712e-07
 6.00004e-07
 5.14649e-07
 4.46374e-07
 3.90888e-07
 3.45175e-07
 3.07060e-07
 2.74943e-07
 2.47625e-07
 2.24193e-07
 2.03943e-07
 1.86322e-07
 1.70893e-07
 1.57307e-07
 1.45281e-07
 1.34585e-07
 1.68074e-06
 1.30213e-06
 1.03993e-06
 8.50401e-07
 7.08739e-07
 5.99970e-07
 5.14585e-07
 4.46297e-07
 3.90808e-07
 3.45095e-07
 3.06983e-07
 2.74870e-07
 2.47557e-07
 2.24131e-07
 2.03886e-07
 1.86269e-07
 1.70845e-07
 1.57263e-07
 1.45241e-07
 1.34548e-07
 1.61646e-06
 1.26181e-06
 1.01327e-06
 8.32023e-07
 6.95644e-07
 5.90378e-07
 5.07392e-07
 4.40794e-07
 3.86524e-07
 3.41709e-07
 3.04270e-07
 2.72670e-07
 2.45753e-07
 2.22637e-07
 2.02638e-07
 1.85219e-07
 1.69954e-07
 1.56502e-07
 1.44587e-07
 1.33982e-07
 1.49698e-06
 1.18591e-06
 9.62644e-07
 7.96927e-07
 6.70531e-07
 5.71929e-07
 4.93531e-07
 4.30176e-07
 3.78252e-07
 3.35168e-07
 2.99029e-07
 2.68421e-07
 2.42272e-07
 2.19758e-07
 2.00235e-07
 1.83197e-07
 1.68241e-07
 1.55041e-07
 1.43332e-07
 1.32900e-07
 1.34109e-06
 1.08436e-06
 8.93649e-07
 7.48423e-07
 6.35450e-07
 5.45936e-07
 4.73868e-07
 4.15031e-07
 3.66401e-07
 3.25763e-07
 2.91471e-07
 2.62279e-07
 2.37229e-07
 2.15578e-07
 1.96742e-07
 1.80256e-07
 1.65746e-07
 1.52911e-07
 1.41503e-07
 1.31320e-07
 1.16954e-06
 9.68726e-07
 8.13076e-07
 6.90668e-07
 5.93033e-07
 5.14120e-07
 4.49561e-07
 3.96155e-07
 3.51528e-07
 3.13893e-07
 2.81886e-07
 2.54456e-07
 2.30784e-07
 2.10221e-07
 1.92254e-07
 1.76468e-07
 1.62527e-07
 1.50158e-07
 1.39135e-07
 1.29272e-07
 9.99732e-07
 8.49664e-07
 7.27580e-07
 6.27930e-07
 5.46087e-07
 4.78371e-07
 4.21907e-07
 3.74458e-07
 3.34285e-07
 3.00029e-07
 2.70620e-07
 2.45214e-07
 2.23133e-07
 2.03837e-07
 1.86886e-07
 1.71923e-07
 1.58655e-07
 1.46839e-07
 1.36274e-07
 1.26793e-07
 8.43175e-07
 7.35227e-07
 6.42683e-07
 5.63992e-07
 4.97230e-07
 4.40522e-07
 3.92207e-07
 3.50875e-07
 3.15353e-07
 2.84675e-07
 2.58052e-07
 2.34836e-07
 2.14495e-07
 1.96594e-07
 1.80770e-07
 1.66725e-07
 1.54211e-07
 1.43018e-07
 1.32972e-07
 1.23925e-07
 7.05584e-07
 6.30438e-07
 5.62319e-07
 5.01809e-07
 4.48642e-07
 4.02177e-07
 3.61648e-07
 3.26289e-07
 2.95392e-07
 2.68332e-07
 2.44562e-07
 2.23616e-07
 2.05097e-07
 1.88669e-07
 1.74046e-07
 1.60986e-07
 1.49285e-07
 1.38769e-07
 1.29289e-07
 1.20717e-07
 5.88423e-07
 5.37683e-07
 4.88849e-07
 4.43405e-07
 4.01961e-07
 3.64625e-07
 3.31229e-07
 3.01472e-07
 2.75002e-07
 2.51462e-07
 2.30511e-07
 2.11838e-07
 1.95163e-07
 1.80240e-07
 1.66855e-07
 1.54819e-07
 1.43970e-07
 1.34166e-07
 1.25284e-07
 1.17219e-07
 4.90629e-07
 4.57467e-07
 4.23346e-07
 3.89957e-07
 3.58277e-07
 3.28803e-07
 3.01728e-07
 2.77058e-07
 2.54692e-07
 2.34475e-07
 2.16227e-07
 1.99763e-07
 1.84902e-07
 1.71478e-07
 1.59336e-07
 1.48337e-07
 1.38356e-07
 1.29283e-07
 1.21021e-07
 1.13481e-07
