scalar
part
         1
quad4
 3.70179e-07
 3.53592e-07
 3.34156e-07
 3.13503e-07
 2.92719e-07
 2.72488e-07
 2.53218e-07
 2.35127e-07
 2.18307e-07
 2.02773e-07
 1.88487e-07
 1.75387e-07
 1.63394e-07
 1.52421e-07
 1.42384e-07
 1.33199e-07
 1.24789e-07
 1.17081e-07
 1.10009e-07
 1.03512e-07
 4.53340e-07
 4.23760e-07
 3.92995e-07
 3.62712e-07
 3.33865e-07
 3.06941e-07
 2.82142e-07
 2.59489e-07
 2.38906e-07
 2.20262e-07
 2.03400e-07
 1.88159e-07
 1.74379e-07
 1.61910e-07
 1.50615e-07
 1.40369e-07
 1.31060e-07
 1.22586e-07
 1.14859e-07
 1.07801e-07
 5.55031e-07
 5.06738e-07
 4.60600e-07
 4.17866e-07
 3.79003e-07
 3.44043e-07
 3.12791e-07
 2.84946e-07
 2.60169e-07
 2.38122e-07
 2.18487e-07
 2.00972e-07
 1.85320e-07
 1.71301e-07
 1.58715e-07
 1.47389e-07
 1.37170e-07
 1.27929e-07
 1.19550e-07
 1.11935e-07
 6.77462e-07
 6.03099e-07
 5.36762e-07
 4.78428e-07
 4.27500e-07
 3.83172e-07
 3.44604e-07
 3.11009e-07
 2.81682e-07
 2.56008e-07
 2.33461e-07
 2.13592e-07
 1.96023e-07
 1.80432e-07
 1.66550e-07
 1.54148e-07
 1.43031e-07
 1.33034e-07
 1.24018e-07
 1.15862e-07
 8.21332e-07
 7.12125e-07
 6.20294e-07
 5.43157e-07
 4.78228e-07
 4.23364e-07
 3.76785e-07
 3.37033e-07
 3.02925e-07
 2.73503e-07
 2.47988e-07
 2.25749e-07
 2.06271e-07
 1.89130e-07
 1.73978e-07
 1.60530e-07
 1.48545e-07
 1.37823e-07
 1.28198e-07
 1.19527e-07
 9.84463e-07
 8.31089e-07
 7.08667e-07
 6.09938e-07
 5.29494e-07
 4.63295e-07
 4.08305e-07
 3.62221e-07
 3.23282e-07
 2.90127e-07
 2.61694e-07
 2.37150e-07
 2.15831e-07
 1.97207e-07
 1.80851e-07
 1.66416e-07
 1.53616e-07
 1.42217e-07
 1.32025e-07
 1.22877e-07
 1.16028e-06
 9.54607e-07
 7.97768e-07
 6.75711e-07
 5.79044e-07
 5.01305e-07
 4.37937e-07
 3.85660e-07
 3.42067e-07
 3.05360e-07
 2.74181e-07
 2.47487e-07
 2.24465e-07
 2.04478e-07
 1.87021e-07
 1.71688e-07
 1.58150e-07
 1.46140e-07
 1.35437e-07
 1.25861e-07
 1.33666e-06
 1.07435e-06
 8.81906e-07
 7.36572e-07
 6.24173e-07
 5.35494e-07
 4.64330e-07
 4.06375e-07
 3.58565e-07
 3.18675e-07
 2.85054e-07
 2.56460e-07
 2.31942e-07
 2.10764e-07
 1.92348e-07
 1.76235e-07
 1.62058e-07
 1.49519e-07
 1.38377e-07
 1.28432e-07
 1.49600e-06
 1.17945e-06
 9.54241e-07
 7.88107e-07
 6.61963e-07
 5.63893e-07
 4.86124e-07
 4.23408e-07
 3.72093e-07
 3.29571e-07
 2.93942e-07
 2.63791e-07
 2.38052e-07
 2.15902e-07
 1.96705e-07
 1.79958e-07
 1.65261e-07
 1.52294e-07
 1.40794e-07
 1.30549e-07
 1.61714e-06
 1.25797e-06
 1.00771e-06
 8.25978e-07
 6.89656e-07
 5.84689e-07
 5.02098e-07
 4.35917e-07
 3.82054e-07
 3.37621e-07
 3.00532e-07
 2.69249e-07
 2.42618e-07
 2.19758e-07
 1.99989e-07
 1.82776e-07
 1.67696e-07
 1.54411e-07
 1.42646e-07
 1.32177e-07
 1.68013e-06
 1.29941e-06
 1.03642e-06
 8.46686e-07
 7.05082e-07
 5.96488e-07
 5.11324e-07
 4.43268e-07
 3.88006e-07
 3.42507e-07
 3.04592e-07
 2.72660e-07
 2.45511e-07
 2.22233e-07
 2.02122e-07
 1.84628e-07
 1.69315e-07
 1.55833e-07
 1.43902e-07
 1.33293e-07
 1.67313e-06
 1.29779e-06
 1.03710e-06
 8.48318e-07
 7.07064e-07
 5.98534e-07
 5.13300e-07
 4.45116e-07
 3.89704e-07
 3.44053e-07
 3.05994e-07
 2.73928e-07
 2.46657e-07
 2.23270e-07
 2.03062e-07
 1.85480e-07
 1.70089e-07
 1.56538e-07
 1.44545e-07
 1.33881e-07
 1.59809e-06
 1.25390e-06
 1.01007e-06
 8.31017e-07
 6.95657e-07
 5.90840e-07
 5.08020e-07
 4.41446e-07
 3.87132e-07
 3.42244e-07
 3.04722e-07
 2.73039e-07
 2.46044e-07
 2.22858e-07
 2.02797e-07
 1.85323e-07
 1.70011e-07
 1.56519e-07
 1.44569e-07
 1.33936e-07
 1.47035e-06
 1.17517e-06
 9.59236e-07
 7.96958e-07
 6.72137e-07
 5.74184e-07
 4.95974e-07
 4.32577e-07
 3.80502e-07
 3.37221e-07
 3.00874e-07
 2.70061e-07
 2.43722e-07
 2.21033e-07
 2.01353e-07
 1.84176e-07
 1.69096e-07
 1.55786e-07
 1.43982e-07
 1.33464e-07
 1.31213e-06
 1.07311e-06
 8.90951e-07
 7.49826e-07
 6.38732e-07
 5.49966e-07
 4.78069e-07
 4.19112e-07
 3.70222e-07
 3.29270e-07
 2.94651e-07
 2.65141e-07
 2.39794e-07
 2.17871e-07
 1.98789e-07
 1.82083e-07
 1.67376e-07
 1.54366e-07
 1.42803e-07
 1.32481e-07
 1.14464e-06
 9.59890e-07
 8.12390e-07
 6.93998e-07
 5.98200e-07
 5.19970e-07
 4.55490e-07
 4.01855e-07
 3.56853e-07
 3.18786e-07
 2.86338e-07
 2.58484e-07
 2.34415e-07
 2.13489e-07
 1.95192e-07
 1.79110e-07
 1.64904e-07
 1.52298e-07
 1.41064e-07
 1.31012e-07
 9.83392e-07
 8.45631e-07
 7.30108e-07
 6.33752e-07
 5.53371e-07
 4.86106e-07
 4.29546e-07
 3.81722e-07
 3.41043e-07
 3.06236e-07
 2.76277e-07
 2.50344e-07
 2.27774e-07
 2.08030e-07
 1.90672e-07
 1.75343e-07
 1.61746e-07
 1.49635e-07
 1.38807e-07
 1.29090e-07
 8.37265e-07
 7.37316e-07
 6.49194e-07
 5.72698e-07
 5.06795e-07
 4.50175e-07
 4.01525e-07
 3.59639e-07
 3.23468e-07
 2.92118e-07
 2.64837e-07
 2.40999e-07
 2.20083e-07
 2.01656e-07
 1.85355e-07
 1.70880e-07
 1.57979e-07
 1.46439e-07
 1.36081e-07
 1.26754e-07
 7.09874e-07
 6.38880e-07
 5.73047e-07
 5.13530e-07
 4.60526e-07
 4.13724e-07
 3.72580e-07
 3.36470e-07
 3.04776e-07
 2.76922e-07
 2.52393e-07
 2.30738e-07
 2.11565e-07
 1.94540e-07
 1.79377e-07
 1.65829e-07
 1.53689e-07
 1.42777e-07
 1.32942e-07
 1.24051e-07
 6.01471e-07
 5.51925e-07
 5.03568e-07
 4.58018e-07
 4.16062e-07
 3.77962e-07
 3.43669e-07
 3.12966e-07
 2.85552e-07
 2.61105e-07
 2.39301e-07
 2.19837e-07
 2.02438e-07
 1.86857e-07
 1.72875e-07
 1.60300e-07
 1.48965e-07
 1.38723e-07
 1.29447e-07
 1.21026e-07
