scalar
part
         1
quad4
 5.47246e-07
 5.04966e-07
 4.63082e-07
 4.23166e-07
 3.86044e-07
 3.52055e-07
 3.21241e-07
 2.93476e-07
 2.68547e-07
 2.46202e-07
 2.26183e-07
 2.08240e-07
 1.92141e-07
 1.77675e-07
 1.64654e-07
 1.52912e-07
 1.42299e-07
 1.32688e-07
 1.23965e-07
 1.16031e-07
 6.48394e-07
 5.86838e-07
 5.29089e-07
 4.76368e-07
 4.29018e-07
 3.86898e-07
 3.49626e-07
 3.16724e-07
 2.87694e-07
 2.62062e-07
 2.39395e-07
 2.19307e-07
 2.01463e-07
 1.85568e-07
 1.71371e-07
 1.58655e-07
 1.47233e-07
 1.36945e-07
 1.27653e-07
 1.19239e-07
 7.67948e-07
 6.80176e-07
 6.02027e-07
 5.33599e-07
 4.74192e-07
 4.22803e-07
 3.78377e-07
 3.39921e-07
 3.06551e-07
 2.77503e-07
 2.52128e-07
 2.29878e-07
 2.10294e-07
 1.92992e-07
 1.77647e-07
 1.63990e-07
 1.51791e-07
 1.40859e-07
 1.31029e-07
 1.22163e-07
 9.06164e-07
 7.83866e-07
 6.80391e-07
 5.93384e-07
 5.20277e-07
 4.58704e-07
 4.06635e-07
 3.62385e-07
 3.24579e-07
 2.92100e-07
 2.64046e-07
 2.39686e-07
 2.18425e-07
 1.99778e-07
 1.83348e-07
 1.68808e-07
 1.55886e-07
 1.44357e-07
 1.34032e-07
 1.24754e-07
 1.06044e-06
 8.94751e-07
 7.61323e-07
 6.53391e-07
 5.65451e-07
 4.93205e-07
 4.33339e-07
 3.83311e-07
 3.41165e-07
 3.05385e-07
 2.74790e-07
 2.48453e-07
 2.25637e-07
 2.05757e-07
 1.88339e-07
 1.73001e-07
 1.59431e-07
 1.47371e-07
 1.36608e-07
 1.26966e-07
 1.22357e-06
 1.00693e-06
 8.40394e-07
 7.10397e-07
 6.07396e-07
 5.24635e-07
 4.57279e-07
 4.01816e-07
 3.55658e-07
 3.16872e-07
 2.83994e-07
 2.55900e-07
 2.31718e-07
 2.10762e-07
 1.92491e-07
 1.76469e-07
 1.62346e-07
 1.49836e-07
 1.38705e-07
 1.28758e-07
 1.38242e-06
 1.11154e-06
 9.11703e-07
 7.60465e-07
 6.43450e-07
 5.51171e-07
 4.77184e-07
 4.16998e-07
 3.67410e-07
 3.26090e-07
 2.91310e-07
 2.61768e-07
 2.36470e-07
 2.14645e-07
 1.95688e-07
 1.79121e-07
 1.64561e-07
 1.51697e-07
 1.40277e-07
 1.30093e-07
 1.51824e-06
 1.19747e-06
 9.68516e-07
 7.99385e-07
 6.70907e-07
 5.71026e-07
 4.91848e-07
 4.28028e-07
 3.75839e-07
 3.32622e-07
 2.96435e-07
 2.65835e-07
 2.39728e-07
 2.17279e-07
 1.97835e-07
 1.80883e-07
 1.66017e-07
 1.52907e-07
 1.41289e-07
 1.30943e-07
 1.61014e-06
 1.25349e-06
 1.00444e-06
 8.23355e-07
 6.87416e-07
 5.82698e-07
 5.00283e-07
 4.34237e-07
 3.80483e-07
 3.36144e-07
 2.99137e-07
 2.67929e-07
 2.41366e-07
 2.18570e-07
 1.98859e-07
 1.81701e-07
 1.66672e-07
 1.53434e-07
 1.41714e-07
 1.31288e-07
 1.64141e-06
 1.27116e-06
 1.01490e-06
 8.29740e-07
 6.91391e-07
 5.85195e-07
 5.01847e-07
 4.35201e-07
 3.81054e-07
 3.36455e-07
 2.99275e-07
 2.67950e-07
 2.41311e-07
 2.18464e-07
 1.98721e-07
 1.81543e-07
 1.66503e-07
 1.53260e-07
 1.41539e-07
 1.31115e-07
 1.60581e-06
 1.24745e-06
 9.98295e-07
 8.17652e-07
 6.82316e-07
 5.78206e-07
 4.96350e-07
 4.30798e-07
 3.77474e-07
 3.33503e-07
 2.96813e-07
 2.65875e-07
 2.39546e-07
 2.16950e-07
 1.97412e-07
 1.80404e-07
 1.65506e-07
 1.52383e-07
 1.40763e-07
 1.30424e-07
 1.50968e-06
 1.18559e-06
 9.56421e-07
 7.88154e-07
 6.60851e-07
 5.62159e-07
 4.84078e-07
 4.21227e-07
 3.69882e-07
 3.27391e-07
 2.91827e-07
 2.61761e-07
 2.36114e-07
 2.14061e-07
 1.94960e-07
 1.78306e-07
 1.63698e-07
 1.50815e-07
 1.39395e-07
 1.29224e-07
 1.36903e-06
 1.09393e-06
 8.93949e-07
 7.44003e-07
 6.28699e-07
 5.38148e-07
 4.65755e-07
 4.06982e-07
 3.58624e-07
 3.18364e-07
 2.84497e-07
 2.55739e-07
 2.31117e-07
 2.09874e-07
 1.91423e-07
 1.75294e-07
 1.61116e-07
 1.48586e-07
 1.37460e-07
 1.27535e-07
 1.20387e-06
 9.83479e-07
 8.17253e-07
 6.89063e-07
 5.88296e-07
 5.07757e-07
 4.42443e-07
 3.88790e-07
 3.44211e-07
 3.06790e-07
 2.75089e-07
 2.48009e-07
 2.24702e-07
 2.04503e-07
 1.86888e-07
 1.71437e-07
 1.57813e-07
 1.45739e-07
 1.34992e-07
 1.25383e-07
 1.03291e-06
 8.65265e-07
 7.33076e-07
 6.27590e-07
 5.42404e-07
 4.72828e-07
 4.15400e-07
 3.67531e-07
 3.27268e-07
 2.93121e-07
 2.63937e-07
 2.38818e-07
 2.17057e-07
 1.98090e-07
 1.81467e-07
 1.66822e-07
 1.53858e-07
 1.42329e-07
 1.32034e-07
 1.22805e-07
 8.70244e-07
 7.48446e-07
 6.47424e-07
 5.63582e-07
 4.93733e-07
 4.35231e-07
 3.85936e-07
 3.44138e-07
 3.08472e-07
 2.77853e-07
 2.51410e-07
 2.28446e-07
 2.08396e-07
 1.90802e-07
 1.75289e-07
 1.61550e-07
 1.49331e-07
 1.38420e-07
 1.28640e-07
 1.19844e-07
 7.24262e-07
 6.39382e-07
 5.64911e-07
 5.00343e-07
 4.44649e-07
 3.96669e-07
 3.55291e-07
 3.19521e-07
 2.88498e-07
 2.61493e-07
 2.37893e-07
 2.17186e-07
 1.98945e-07
 1.82814e-07
 1.68492e-07
 1.55732e-07
 1.44321e-07
 1.34083e-07
 1.24867e-07
 1.16545e-07
 5.98463e-07
 5.41647e-07
 4.88574e-07
 4.40286e-07
 3.97011e-07
 3.58558e-07
 3.24539e-07
 2.94497e-07
 2.67969e-07
 2.44519e-07
 2.23755e-07
 2.05327e-07
 1.88932e-07
 1.74305e-07
 1.61220e-07
 1.49481e-07
 1.38920e-07
 1.29393e-07
 1.20775e-07
 1.12960e-07
 4.92966e-07
 4.56581e-07
 4.20033e-07
 3.84935e-07
 3.52127e-07
 3.21972e-07
 2.94542e-07
 2.69751e-07
 2.47427e-07
 2.27362e-07
 2.09337e-07
 1.93140e-07
 1.78571e-07
 1.65449e-07
 1.53611e-07
 1.42911e-07
 1.33220e-07
 1.24426e-07
 1.16428e-07
 1.09139e-07
 4.06012e-07
 3.84020e-07
 3.59819e-07
 3.35062e-07
 3.10797e-07
 2.87644e-07
 2.65937e-07
 2.45820e-07
 2.27317e-07
 2.10385e-07
 1.94936e-07
 1.80866e-07
 1.68061e-07
 1.56408e-07
 1.45798e-07
 1.36131e-07
 1.27311e-07
 1.19256e-07
 1.11887e-07
 1.05136e-07
