scalar
part
         1
quad4
 6.38459e-07
 5.84396e-07
 5.31991e-07
 4.82876e-07
 4.37816e-07
 3.97034e-07
 3.60433e-07
 3.27745e-07
 2.98628e-07
 2.72713e-07
 2.49645e-07
 2.29088e-07
 2.10742e-07
 1.94337e-07
 1.79636e-07
 1.66431e-07
 1.54543e-07
 1.43813e-07
 1.34105e-07
 1.25301e-07
 7.51198e-07
 6.74504e-07
 6.03723e-07
 5.39970e-07
 4.83370e-07
 4.33528e-07
 3.89818e-07
 3.51541e-07
 3.18011e-07
 2.88598e-07
 2.62741e-07
 2.39948e-07
 2.19799e-07
 2.01931e-07
 1.86036e-07
 1.71852e-07
 1.59156e-07
 1.47756e-07
 1.37490e-07
 1.28219e-07
 8.83234e-07
 7.76131e-07
 6.82015e-07
 6.00544e-07
 5.30530e-07
 4.70516e-07
 4.19056e-07
 3.74838e-07
 3.36721e-07
 3.03740e-07
 2.75084e-07
 2.50081e-07
 2.28171e-07
 2.08892e-07
 1.91858e-07
 1.76748e-07
 1.63295e-07
 1.51272e-07
 1.40490e-07
 1.30790e-07
 1.03410e-06
 8.87460e-07
 7.64782e-07
 6.62684e-07
 5.77691e-07
 5.06708e-07
 4.47133e-07
 3.96848e-07
 3.54146e-07
 3.17662e-07
 2.86304e-07
 2.59197e-07
 2.35633e-07
 2.15042e-07
 1.96960e-07
 1.81007e-07
 1.66868e-07
 1.54287e-07
 1.43046e-07
 1.32966e-07
 1.19978e-06
 1.00422e-06
 8.48372e-07
 7.23515e-07
 6.22673e-07
 5.40474e-07
 4.72837e-07
 4.16667e-07
 3.69609e-07
 3.29857e-07
 2.96017e-07
 2.67002e-07
 2.41958e-07
 2.20206e-07
 2.01206e-07
 1.84519e-07
 1.69791e-07
 1.56732e-07
 1.45103e-07
 1.34703e-07
 1.37073e-06
 1.11895e-06
 9.27378e-07
 7.79221e-07
 6.62796e-07
 5.69928e-07
 4.94828e-07
 4.33336e-07
 3.82415e-07
 3.39814e-07
 3.03843e-07
 2.73213e-07
 2.46931e-07
 2.24219e-07
 2.04467e-07
 1.87187e-07
 1.71986e-07
 1.58548e-07
 1.46611e-07
 1.35963e-07
 1.53048e-06
 1.22094e-06
 9.94895e-07
 8.25321e-07
 6.95111e-07
 5.93095e-07
 5.11761e-07
 4.45921e-07
 3.91905e-07
 3.47063e-07
 3.09441e-07
 2.77579e-07
 2.50364e-07
 2.26940e-07
 2.06637e-07
 1.88927e-07
 1.73389e-07
 1.59683e-07
 1.47532e-07
 1.36712e-07
 1.65660e-06
 1.29741e-06
 1.04343e-06
 8.57281e-07
 7.16787e-07
 6.08156e-07
 5.22436e-07
 4.53613e-07
 3.97523e-07
 3.51210e-07
 3.12531e-07
 2.79895e-07
 2.52109e-07
 2.28257e-07
 2.07632e-07
 1.89677e-07
 1.73951e-07
 1.60099e-07
 1.47837e-07
 1.36929e-07
 1.72578e-06
 1.33639e-06
 1.06648e-06
 8.71369e-07
 7.25591e-07
 6.13725e-07
 5.25967e-07
 4.55828e-07
 3.98875e-07
 3.51989e-07
 3.12924e-07
 2.80030e-07
 2.52070e-07
 2.28102e-07
 2.07401e-07
 1.89397e-07
 1.73642e-07
 1.59775e-07
 1.47507e-07
 1.36600e-07
 1.72232e-06
 1.33048e-06
 1.06024e-06
 8.65517e-07
 7.20340e-07
 6.09098e-07
 5.21918e-07
 4.52293e-07
 3.95784e-07
 3.49281e-07
 3.10543e-07
 2.77929e-07
 2.50209e-07
 2.26448e-07
 2.05925e-07
 1.88076e-07
 1.72455e-07
 1.58705e-07
 1.46539e-07
 1.35722e-07
 1.64533e-06
 1.27957e-06
 1.02481e-06
 8.39862e-07
 7.01164e-07
 5.94388e-07
 5.10387e-07
 4.43085e-07
 3.88315e-07
 3.43137e-07
 3.05430e-07
 2.73628e-07
 2.46556e-07
 2.23320e-07
 2.03225e-07
 1.85730e-07
 1.70403e-07
 1.56901e-07
 1.44944e-07
 1.34304e-07
 1.50897e-06
 1.19083e-06
 9.64136e-07
 7.96722e-07
 6.69498e-07
 5.70521e-07
 4.91989e-07
 4.28629e-07
 3.76766e-07
 3.33777e-07
 2.97745e-07
 2.67246e-07
 2.41202e-07
 2.18787e-07
 1.99356e-07
 1.82402e-07
 1.67522e-07
 1.54390e-07
 1.42743e-07
 1.32365e-07
 1.33576e-06
 1.07609e-06
 8.84868e-07
 7.40041e-07
 6.27788e-07
 5.39071e-07
 4.67775e-07
 4.09645e-07
 3.61643e-07
 3.21559e-07
 2.87751e-07
 2.58979e-07
 2.34296e-07
 2.12964e-07
 1.94406e-07
 1.78162e-07
 1.63865e-07
 1.51216e-07
 1.39973e-07
 1.29934e-07
 1.14851e-06
 9.48294e-07
 7.94665e-07
 6.74536e-07
 5.79041e-07
 5.02016e-07
 4.39080e-07
 3.87055e-07
 3.43599e-07
 3.06957e-07
 2.75795e-07
 2.49086e-07
 2.26031e-07
 2.05999e-07
 1.88490e-07
 1.73101e-07
 1.59505e-07
 1.47438e-07
 1.36679e-07
 1.27048e-07
 9.65310e-07
 8.18739e-07
 7.00711e-07
 6.04868e-07
 5.26349e-07
 4.61453e-07
 4.07354e-07
 3.61883e-07
 3.23368e-07
 2.90506e-07
 2.62275e-07
 2.37866e-07
 2.16637e-07
 1.98069e-07
 1.81746e-07
 1.67326e-07
 1.54528e-07
 1.43123e-07
 1.32918e-07
 1.23753e-07
 7.97883e-07
 6.95731e-07
 6.08778e-07
 5.35044e-07
 4.72513e-07
 4.19359e-07
 3.74011e-07
 3.35155e-07
 3.01703e-07
 2.72765e-07
 2.47610e-07
 2.25638e-07
 2.06358e-07
 1.89365e-07
 1.74323e-07
 1.60955e-07
 1.49028e-07
 1.38348e-07
 1.28751e-07
 1.20099e-07
 6.52063e-07
 5.84345e-07
 5.22874e-07
 4.68106e-07
 4.19805e-07
 3.77423e-07
 3.40310e-07
 3.07811e-07
 2.79314e-07
 2.54274e-07
 2.32215e-07
 2.12722e-07
 1.95445e-07
 1.80082e-07
 1.66378e-07
 1.54115e-07
 1.43106e-07
 1.33195e-07
 1.24245e-07
 1.16140e-07
 5.29283e-07
 4.86907e-07
 4.45322e-07
 4.06073e-07
 3.69876e-07
 3.36960e-07
 3.07283e-07
 2.80657e-07
 2.56829e-07
 2.35525e-07
 2.16474e-07
 1.99423e-07
 1.84139e-07
 1.70414e-07
 1.58065e-07
 1.46928e-07
 1.36863e-07
 1.27745e-07
 1.19467e-07
 1.11933e-07
 4.28240e-07
 4.03758e-07
 3.77085e-07
 3.50056e-07
 3.23783e-07
 2.98896e-07
 2.75707e-07
 2.54333e-07
 2.34768e-07
 2.16938e-07
 2.00729e-07
 1.86015e-07
 1.72662e-07
 1.60541e-07
 1.49530e-07
 1.39516e-07
 1.30398e-07
 1.22082e-07
 1.14485e-07
 1.07534e-07
 3.46294e-07
 3.34012e-07
 3.18162e-07
 3.00457e-07
 2.82078e-07
 2.63801e-07
 2.46116e-07
 2.29311e-07
 2.13537e-07
 1.98854e-07
 1.85265e-07
 1.72735e-07
 1.61211e-07
 1.50625e-07
 1.40909e-07
 1.31991e-07
 1.23804e-07
 1.16282e-07
 1.09365e-07
 1.02999e-07
