scalar
part
         1
quad4
 6.48916e-07
 5.93408e-07
 5.39715e-07
 4.89483e-07
 4.43472e-07
 4.01888e-07
 3.64613e-07
 3.31361e-07
 3.01770e-07
 2.75459e-07
 2.52056e-07
 2.31217e-07
 2.12630e-07
 1.96020e-07
 1.81142e-07
 1.67786e-07
 1.55766e-07
 1.44921e-07
 1.35113e-07
 1.26222e-07
 7.63454e-07
 6.84794e-07
 6.12340e-07
 5.47193e-07
 4.89445e-07
 4.38665e-07
 3.94186e-07
 3.55280e-07
 3.21232e-07
 2.91392e-07
 2.65178e-07
 2.42088e-07
 2.21688e-07
 2.03608e-07
 1.87533e-07
 1.73195e-07
 1.60365e-07
 1.48850e-07
 1.38484e-07
 1.29125e-07
 8.97527e-07
 7.87774e-07
 6.91515e-07
 6.08336e-07
 5.36967e-07
 4.75877e-07
 4.23559e-07
 3.78653e-07
 3.39981e-07
 3.06547e-07
 2.77520e-07
 2.52209e-07
 2.30043e-07
 2.10549e-07
 1.93333e-07
 1.78068e-07
 1.64481e-07
 1.52344e-07
 1.41463e-07
 1.31676e-07
 1.05057e-06
 9.00427e-07
 7.75072e-07
 6.70936e-07
 5.84386e-07
 5.12204e-07
 4.51697e-07
 4.00679e-07
 3.57394e-07
 3.20443e-07
 2.88706e-07
 2.61288e-07
 2.37467e-07
 2.16662e-07
 1.98399e-07
 1.82292e-07
 1.68023e-07
 1.55329e-07
 1.43991e-07
 1.33826e-07
 1.21835e-06
 1.01830e-06
 8.59235e-07
 7.32038e-07
 6.29472e-07
 5.45983e-07
 4.77366e-07
 4.20440e-07
 3.72790e-07
 3.32568e-07
 2.98351e-07
 2.69028e-07
 2.43731e-07
 2.21770e-07
 2.02594e-07
 1.85758e-07
 1.70904e-07
 1.57737e-07
 1.46013e-07
 1.35532e-07
 1.39089e-06
 1.13369e-06
 9.38447e-07
 7.87737e-07
 6.69494e-07
 5.75300e-07
 4.99213e-07
 4.36969e-07
 3.85467e-07
 3.42409e-07
 3.06073e-07
 2.75147e-07
 2.48622e-07
 2.25710e-07
 2.05791e-07
 1.88369e-07
 1.73048e-07
 1.59507e-07
 1.47481e-07
 1.36755e-07
 1.55114e-06
 1.23557e-06
 1.00565e-06
 8.33477e-07
 7.01466e-07
 5.98162e-07
 5.15881e-07
 4.49329e-07
 3.94765e-07
 3.49493e-07
 3.11530e-07
 2.79392e-07
 2.51952e-07
 2.28342e-07
 2.07883e-07
 1.90042e-07
 1.74391e-07
 1.60589e-07
 1.48356e-07
 1.37463e-07
 1.67606e-06
 1.31091e-06
 1.05325e-06
 8.64688e-07
 7.22548e-07
 6.12750e-07
 5.26177e-07
 4.56713e-07
 4.00132e-07
 3.53434e-07
 3.14448e-07
 2.81565e-07
 2.53575e-07
 2.29555e-07
 2.08789e-07
 1.90714e-07
 1.74886e-07
 1.60947e-07
 1.48608e-07
 1.37634e-07
 1.74208e-06
 1.34772e-06
 1.07477e-06
 8.77670e-07
 7.30533e-07
 6.17700e-07
 5.29229e-07
 4.58553e-07
 4.01184e-07
 3.53970e-07
 3.14643e-07
 2.81535e-07
 2.53398e-07
 2.29283e-07
 2.08458e-07
 1.90349e-07
 1.74504e-07
 1.60559e-07
 1.48222e-07
 1.37256e-07
 1.73392e-06
 1.33886e-06
 1.06657e-06
 8.70461e-07
 7.24307e-07
 6.12352e-07
 5.24635e-07
 4.54595e-07
 3.97760e-07
 3.50995e-07
 3.12044e-07
 2.79255e-07
 2.51388e-07
 2.27504e-07
 2.06876e-07
 1.88937e-07
 1.73238e-07
 1.59421e-07
 1.47195e-07
 1.36326e-07
 1.65181e-06
 1.28476e-06
 1.02904e-06
 8.43358e-07
 7.04096e-07
 5.96879e-07
 5.12526e-07
 4.44941e-07
 3.89939e-07
 3.44570e-07
 3.06703e-07
 2.74766e-07
 2.47579e-07
 2.24244e-07
 2.04065e-07
 1.86496e-07
 1.71104e-07
 1.57545e-07
 1.45538e-07
 1.34854e-07
 1.51106e-06
 1.19316e-06
 9.66420e-07
 7.98848e-07
 6.71434e-07
 5.72267e-07
 4.93561e-07
 4.30043e-07
 3.78040e-07
 3.34928e-07
 2.98788e-07
 2.68194e-07
 2.42068e-07
 2.19579e-07
 2.00083e-07
 1.83071e-07
 1.68140e-07
 1.54962e-07
 1.43274e-07
 1.32860e-07
 1.33486e-06
 1.07627e-06
 8.85580e-07
 7.41003e-07
 6.28846e-07
 5.40145e-07
 4.68822e-07
 4.10643e-07
 3.62584e-07
 3.22439e-07
 2.88571e-07
 2.59743e-07
 2.35006e-07
 2.13624e-07
 1.95021e-07
 1.78735e-07
 1.64400e-07
 1.51716e-07
 1.40441e-07
 1.30373e-07
 1.14602e-06
 9.47097e-07
 7.94258e-07
 6.74603e-07
 5.79387e-07
 5.02521e-07
 4.39669e-07
 3.87682e-07
 3.44236e-07
 3.07586e-07
 2.76407e-07
 2.49675e-07
 2.26593e-07
 2.06534e-07
 1.88997e-07
 1.73580e-07
 1.59959e-07
 1.47867e-07
 1.37085e-07
 1.27432e-07
 9.62231e-07
 8.16825e-07
 6.99608e-07
 6.04314e-07
 5.26163e-07
 4.61508e-07
 4.07565e-07
 3.62194e-07
 3.23740e-07
 2.90912e-07
 2.62697e-07
 2.38293e-07
 2.17060e-07
 1.98485e-07
 1.82150e-07
 1.67716e-07
 1.54904e-07
 1.43483e-07
 1.33263e-07
 1.24083e-07
 7.94792e-07
 6.93549e-07
 6.07307e-07
 5.34103e-07
 4.71958e-07
 4.19080e-07
 3.73927e-07
 3.35208e-07
 3.01851e-07
 2.72978e-07
 2.47865e-07
 2.25920e-07
 2.06656e-07
 1.89671e-07
 1.74632e-07
 1.61262e-07
 1.49330e-07
 1.38643e-07
 1.29038e-07
 1.20377e-07
 6.49221e-07
 5.82159e-07
 5.21259e-07
 4.66955e-07
 4.19015e-07
 3.76911e-07
 3.40007e-07
 3.07663e-07
 2.79281e-07
 2.54326e-07
 2.32327e-07
 2.12878e-07
 1.95632e-07
 1.80290e-07
 1.66599e-07
 1.54343e-07
 1.43339e-07
 1.33428e-07
 1.24477e-07
 1.16369e-07
 5.26767e-07
 4.84849e-07
 4.43700e-07
 4.04833e-07
 3.68955e-07
 3.36297e-07
 3.06824e-07
 2.80358e-07
 2.56654e-07
 2.35445e-07
 2.16467e-07
 1.99471e-07
 1.84228e-07
 1.70534e-07
 1.58207e-07
 1.47087e-07
 1.37033e-07
 1.27922e-07
 1.19648e-07
 1.12116e-07
 4.26045e-07
 4.01875e-07
 3.75529e-07
 3.48806e-07
 3.22803e-07
 2.98144e-07
 2.75146e-07
 2.53926e-07
 2.34486e-07
 2.16754e-07
 2.00625e-07
 1.85973e-07
 1.72668e-07
 1.60585e-07
 1.49603e-07
 1.39612e-07
 1.30510e-07
 1.22207e-07
 1.14619e-07
 1.07675e-07
 3.44379e-07
 3.32314e-07
 3.16705e-07
 2.99241e-07
 2.81085e-07
 2.63006e-07
 2.45492e-07
 2.28831e-07
 2.13176e-07
 1.98592e-07
 1.85083e-07
 1.72619e-07
 1.61147e-07
 1.50604e-07
 1.40922e-07
 1.32031e-07
 1.23865e-07
 1.16360e-07
 1.09456e-07
 1.03100e-07
