scalar
part
         1
quad4
 3.44923e-07
 3.32762e-07
 3.17074e-07
 2.99544e-07
 2.81334e-07
 2.63211e-07
 2.45660e-07
 2.28970e-07
 2.13292e-07
 1.98688e-07
 1.85163e-07
 1.72686e-07
 1.61203e-07
 1.50651e-07
 1.40962e-07
 1.32064e-07
 1.23893e-07
 1.16383e-07
 1.09476e-07
 1.03117e-07
 4.26626e-07
 4.02341e-07
 3.75902e-07
 3.49105e-07
 3.23043e-07
 2.98338e-07
 2.75302e-07
 2.54053e-07
 2.34589e-07
 2.16839e-07
 2.00695e-07
 1.86030e-07
 1.72715e-07
 1.60624e-07
 1.49635e-07
 1.39638e-07
 1.30532e-07
 1.22224e-07
 1.14634e-07
 1.07687e-07
 5.27375e-07
 4.85320e-07
 4.44066e-07
 4.05119e-07
 3.69179e-07
 3.36474e-07
 3.06964e-07
 2.80469e-07
 2.56742e-07
 2.35516e-07
 2.16524e-07
 1.99517e-07
 1.84265e-07
 1.70564e-07
 1.58230e-07
 1.47105e-07
 1.37047e-07
 1.27933e-07
 1.19657e-07
 1.12123e-07
 6.49835e-07
 5.82618e-07
 5.21603e-07
 4.67214e-07
 4.19213e-07
 3.77062e-07
 3.40123e-07
 3.07752e-07
 2.79350e-07
 2.54379e-07
 2.32368e-07
 2.12910e-07
 1.95656e-07
 1.80308e-07
 1.66613e-07
 1.54354e-07
 1.43346e-07
 1.33433e-07
 1.24479e-07
 1.16370e-07
 7.95380e-07
 6.93968e-07
 6.07607e-07
 5.34321e-07
 4.72117e-07
 4.19197e-07
 3.74014e-07
 3.35272e-07
 3.01898e-07
 2.73012e-07
 2.47889e-07
 2.25937e-07
 2.06667e-07
 1.89678e-07
 1.74635e-07
 1.61262e-07
 1.49329e-07
 1.38640e-07
 1.29034e-07
 1.20372e-07
 9.62744e-07
 8.17167e-07
 6.99839e-07
 6.04473e-07
 5.26271e-07
 4.61582e-07
 4.07615e-07
 3.62227e-07
 3.23760e-07
 2.90923e-07
 2.62702e-07
 2.38293e-07
 2.17057e-07
 1.98479e-07
 1.82142e-07
 1.67707e-07
 1.54894e-07
 1.43473e-07
 1.33252e-07
 1.24072e-07
 1.14639e-06
 9.47320e-07
 7.94392e-07
 6.74683e-07
 5.79432e-07
 5.02543e-07
 4.39676e-07
 3.87679e-07
 3.44227e-07
 3.07573e-07
 2.76391e-07
 2.49657e-07
 2.26574e-07
 2.06515e-07
 1.88978e-07
 1.73561e-07
 1.59940e-07
 1.47848e-07
 1.37067e-07
 1.27415e-07
 1.33501e-06
 1.07632e-06
 8.85589e-07
 7.40986e-07
 6.28817e-07
 5.40108e-07
 4.68782e-07
 4.10602e-07
 3.62543e-07
 3.22400e-07
 2.88533e-07
 2.59706e-07
 2.34971e-07
 2.13592e-07
 1.94990e-07
 1.78706e-07
 1.64372e-07
 1.51690e-07
 1.40416e-07
 1.30349e-07
 1.51092e-06
 1.19301e-06
 9.66284e-07
 7.98724e-07
 6.71323e-07
 5.72167e-07
 4.93471e-07
 4.29962e-07
 3.77967e-07
 3.34861e-07
 2.98727e-07
 2.68139e-07
 2.42017e-07
 2.19532e-07
 2.00040e-07
 1.83031e-07
 1.68102e-07
 1.54927e-07
 1.43242e-07
 1.32830e-07
 1.65134e-06
 1.28440e-06
 1.02875e-06
 8.43124e-07
 7.03903e-07
 5.96716e-07
 5.12386e-07
 4.44820e-07
 3.89833e-07
 3.44477e-07
 3.06620e-07
 2.74691e-07
 2.47512e-07
 2.24184e-07
 2.04010e-07
 1.86445e-07
 1.71058e-07
 1.57503e-07
 1.45498e-07
 1.34818e-07
 1.73315e-06
 1.33830e-06
 1.06614e-06
 8.70123e-07
 7.24035e-07
 6.12128e-07
 5.24447e-07
 4.54435e-07
 3.97623e-07
 3.50875e-07
 3.11940e-07
 2.79162e-07
 2.51306e-07
 2.27430e-07
 2.06809e-07
 1.88876e-07
 1.73183e-07
 1.59370e-07
 1.47149e-07
 1.36283e-07
 1.74108e-06
 1.34700e-06
 1.07422e-06
 8.77243e-07
 7.30192e-07
 6.17422e-07
 5.28998e-07
 4.58358e-07
 4.01018e-07
 3.53827e-07
 3.14518e-07
 2.81425e-07
 2.53301e-07
 2.29197e-07
 2.08380e-07
 1.90279e-07
 1.74440e-07
 1.60501e-07
 1.48169e-07
 1.37207e-07
 1.67494e-06
 1.31009e-06
 1.05262e-06
 8.64194e-07
 7.22152e-07
 6.12427e-07
 5.25909e-07
 4.56488e-07
 3.99940e-07
 3.53269e-07
 3.14305e-07
 2.81439e-07
 2.53464e-07
 2.29457e-07
 2.08701e-07
 1.90635e-07
 1.74814e-07
 1.60882e-07
 1.48549e-07
 1.37580e-07
 1.54999e-06
 1.23469e-06
 1.00497e-06
 8.32938e-07
 7.01031e-07
 5.97806e-07
 5.15585e-07
 4.49079e-07
 3.94552e-07
 3.49310e-07
 3.11371e-07
 2.79253e-07
 2.51829e-07
 2.28232e-07
 2.07785e-07
 1.89954e-07
 1.74312e-07
 1.60517e-07
 1.48291e-07
 1.37404e-07
 1.38976e-06
 1.13282e-06
 9.37750e-07
 7.87176e-07
 6.69035e-07
 5.74921e-07
 4.98895e-07
 4.36701e-07
 3.85237e-07
 3.42211e-07
 3.05900e-07
 2.74996e-07
 2.48489e-07
 2.25592e-07
 2.05685e-07
 1.88274e-07
 1.72963e-07
 1.59429e-07
 1.47411e-07
 1.36691e-07
 1.21729e-06
 1.01745e-06
 8.58546e-07
 7.31473e-07
 6.29004e-07
 5.45592e-07
 4.77036e-07
 4.20159e-07
 3.72548e-07
 3.32359e-07
 2.98168e-07
 2.68868e-07
 2.43590e-07
 2.21644e-07
 2.02481e-07
 1.85657e-07
 1.70813e-07
 1.57654e-07
 1.45938e-07
 1.35464e-07
 1.04960e-06
 8.99625e-07
 7.74407e-07
 6.70381e-07
 5.83920e-07
 5.11810e-07
 4.51361e-07
 4.00390e-07
 3.57145e-07
 3.20226e-07
 2.88516e-07
 2.61120e-07
 2.37318e-07
 2.16529e-07
 1.98281e-07
 1.82186e-07
 1.67927e-07
 1.55241e-07
 1.43911e-07
 1.33754e-07
 8.96648e-07
 7.87030e-07
 6.90885e-07
 6.07801e-07
 5.36511e-07
 4.75487e-07
 4.23224e-07
 3.78363e-07
 3.39728e-07
 3.06325e-07
 2.77324e-07
 2.52036e-07
 2.29890e-07
 2.10412e-07
 1.93210e-07
 1.77957e-07
 1.64381e-07
 1.52253e-07
 1.41380e-07
 1.31600e-07
 7.62664e-07
 6.84112e-07
 6.11751e-07
 5.46685e-07
 4.89007e-07
 4.38285e-07
 3.93856e-07
 3.54991e-07
 3.20979e-07
 2.91168e-07
 2.64981e-07
 2.41912e-07
 2.21531e-07
 2.03468e-07
 1.87407e-07
 1.73081e-07
 1.60262e-07
 1.48756e-07
 1.38398e-07
 1.29046e-07
 6.48209e-07
 5.92786e-07
 5.39170e-07
 4.89006e-07
 4.43054e-07
 4.01521e-07
 3.64291e-07
 3.31077e-07
 3.01520e-07
 2.75237e-07
 2.51858e-07
 2.31040e-07
 2.12471e-07
 1.95877e-07
 1.81013e-07
 1.67669e-07
 1.55660e-07
 1.44824e-07
 1.35025e-07
 1.26141e-07
