scalar
part
         1
quad4
 4.70128e-07
 4.39694e-07
 4.08107e-07
 3.76976e-07
 3.47256e-07
 3.19455e-07
 2.93793e-07
 2.70309e-07
 2.48935e-07
 2.29549e-07
 2.11995e-07
 1.96113e-07
 1.81742e-07
 1.68730e-07
 1.56937e-07
 1.46235e-07
 1.36507e-07
 1.27651e-07
 1.19575e-07
 1.12196e-07
 5.64428e-07
 5.17454e-07
 4.71945e-07
 4.29337e-07
 3.90264e-07
 3.54885e-07
 3.23095e-07
 2.94653e-07
 2.69260e-07
 2.46603e-07
 2.26378e-07
 2.08305e-07
 1.92128e-07
 1.77621e-07
 1.64583e-07
 1.52840e-07
 1.42238e-07
 1.32644e-07
 1.23942e-07
 1.16031e-07
 6.77616e-07
 6.07631e-07
 5.43819e-07
 4.86810e-07
 4.36452e-07
 3.92226e-07
 3.53479e-07
 3.19542e-07
 2.89785e-07
 2.63640e-07
 2.40612e-07
 2.20270e-07
 2.02245e-07
 1.86224e-07
 1.71939e-07
 1.59161e-07
 1.47697e-07
 1.37380e-07
 1.28069e-07
 1.19642e-07
 8.10970e-07
 7.09972e-07
 6.22871e-07
 5.48383e-07
 4.84847e-07
 4.30621e-07
 3.84222e-07
 3.44380e-07
 3.10024e-07
 2.80268e-07
 2.54379e-07
 2.31751e-07
 2.11887e-07
 1.94373e-07
 1.78869e-07
 1.65088e-07
 1.52793e-07
 1.41784e-07
 1.31894e-07
 1.22978e-07
 9.63563e-07
 8.22531e-07
 7.07063e-07
 6.12248e-07
 5.33957e-07
 4.68875e-07
 4.14383e-07
 3.68430e-07
 3.29403e-07
 2.96036e-07
 2.67325e-07
 2.42470e-07
 2.20831e-07
 2.01891e-07
 1.85230e-07
 1.70505e-07
 1.57433e-07
 1.45781e-07
 1.35354e-07
 1.25988e-07
 1.13070e-06
 9.40967e-07
 7.92880e-07
 6.75703e-07
 5.81746e-07
 5.05466e-07
 4.42823e-07
 3.90836e-07
 3.47275e-07
 3.10452e-07
 2.79073e-07
 2.52135e-07
 2.28851e-07
 2.08599e-07
 1.90883e-07
 1.75300e-07
 1.61527e-07
 1.49297e-07
 1.38390e-07
 1.28623e-07
 1.30245e-06
 1.05808e-06
 8.75250e-07
 7.35197e-07
 6.25715e-07
 5.38619e-07
 4.68267e-07
 4.10672e-07
 3.62958e-07
 3.23009e-07
 2.89242e-07
 2.60455e-07
 2.35723e-07
 2.14325e-07
 1.95691e-07
 1.79367e-07
 1.64990e-07
 1.52264e-07
 1.40947e-07
 1.30839e-07
 1.46323e-06
 1.16402e-06
 9.47860e-07
 7.86597e-07
 6.63103e-07
 5.66454e-07
 4.89409e-07
 4.27016e-07
 3.75790e-07
 3.33223e-07
 2.97474e-07
 2.67163e-07
 2.41245e-07
 2.18912e-07
 1.99533e-07
 1.82610e-07
 1.67747e-07
 1.54623e-07
 1.42977e-07
 1.32596e-07
 1.59348e-06
 1.24753e-06
 1.00395e-06
 8.25698e-07
 6.91210e-07
 5.87186e-07
 5.05043e-07
 4.39031e-07
 3.85180e-07
 3.40671e-07
 3.03458e-07
 2.72029e-07
 2.45243e-07
 2.22228e-07
 2.02308e-07
 1.84951e-07
 1.69736e-07
 1.56324e-07
 1.44441e-07
 1.33864e-07
 1.67371e-06
 1.29809e-06
 1.03750e-06
 8.48895e-07
 7.07789e-07
 5.99367e-07
 5.14205e-07
 4.46063e-07
 3.90672e-07
 3.45027e-07
 3.06961e-07
 2.74880e-07
 2.47588e-07
 2.24177e-07
 2.03941e-07
 1.86332e-07
 1.70911e-07
 1.57332e-07
 1.45310e-07
 1.34618e-07
 1.69009e-06
 1.30856e-06
 1.04457e-06
 8.53877e-07
 7.11426e-07
 6.02100e-07
 5.16308e-07
 4.47715e-07
 3.91993e-07
 3.46098e-07
 3.07842e-07
 2.75613e-07
 2.48205e-07
 2.24700e-07
 2.04389e-07
 1.86718e-07
 1.71247e-07
 1.57625e-07
 1.45568e-07
 1.34845e-07
 1.63918e-06
 1.27723e-06
 1.02424e-06
 8.40126e-07
 7.01810e-07
 5.95188e-07
 5.11224e-07
 4.43901e-07
 3.89081e-07
 3.43842e-07
 3.06071e-07
 2.74206e-07
 2.47075e-07
 2.23784e-07
 2.03641e-07
 1.86101e-07
 1.70735e-07
 1.57198e-07
 1.45209e-07
 1.34542e-07
 1.52968e-06
 1.20855e-06
 9.78948e-07
 8.09054e-07
 6.79797e-07
 5.79172e-07
 4.99303e-07
 4.34854e-07
 3.82098e-07
 3.38371e-07
 3.01727e-07
 2.70716e-07
 2.44242e-07
 2.21462e-07
 2.01721e-07
 1.84501e-07
 1.69392e-07
 1.56062e-07
 1.44244e-07
 1.33717e-07
 1.37959e-06
 1.11186e-06
 9.13886e-07
 7.63708e-07
 6.47259e-07
 5.55241e-07
 4.81328e-07
 4.21102e-07
 3.71408e-07
 3.29942e-07
 2.94996e-07
 2.65280e-07
 2.39806e-07
 2.17808e-07
 1.98686e-07
 1.81961e-07
 1.67250e-07
 1.54245e-07
 1.42692e-07
 1.32385e-07
 1.21014e-06
 9.98772e-07
 8.35772e-07
 7.08149e-07
 6.06741e-07
 5.25047e-07
 4.58398e-07
 4.03398e-07
 3.57535e-07
 3.18927e-07
 2.86147e-07
 2.58094e-07
 2.33914e-07
 2.12935e-07
 1.94622e-07
 1.78547e-07
 1.64363e-07
 1.51787e-07
 1.40588e-07
 1.30573e-07
 1.03978e-06
 8.80368e-07
 7.51421e-07
 6.46693e-07
 5.61053e-07
 4.90462e-07
 4.31792e-07
 3.82630e-07
 3.41111e-07
 3.05784e-07
 2.75514e-07
 2.49408e-07
 2.26755e-07
 2.06985e-07
 1.89639e-07
 1.74345e-07
 1.60796e-07
 1.48741e-07
 1.37973e-07
 1.28315e-07
 8.81068e-07
 7.65260e-07
 6.66640e-07
 5.83264e-07
 5.12877e-07
 4.53347e-07
 4.02819e-07
 3.59734e-07
 3.22813e-07
 2.91008e-07
 2.63469e-07
 2.39501e-07
 2.18540e-07
 2.00121e-07
 1.83864e-07
 1.69454e-07
 1.56629e-07
 1.45171e-07
 1.34897e-07
 1.25653e-07
 7.40542e-07
 6.58978e-07
 5.85666e-07
 5.20990e-07
 4.64493e-07
 4.15363e-07
 3.72694e-07
 3.35608e-07
 3.03309e-07
 2.75102e-07
 2.50390e-07
 2.28663e-07
 2.09493e-07
 1.92519e-07
 1.77435e-07
 1.63984e-07
 1.51949e-07
 1.41145e-07
 1.31417e-07
 1.22632e-07
 6.20192e-07
 5.64301e-07
 5.11124e-07
 4.62069e-07
 4.17648e-07
 3.77866e-07
 3.42459e-07
 3.11048e-07
 2.83212e-07
 2.58539e-07
 2.36644e-07
 2.17180e-07
 1.99840e-07
 1.84355e-07
 1.70491e-07
 1.58046e-07
 1.46846e-07
 1.36738e-07
 1.27594e-07
 1.19300e-07
 5.19261e-07
 4.81999e-07
 4.44294e-07
 4.07828e-07
 3.73537e-07
 3.41863e-07
 3.12940e-07
 2.86719e-07
 2.63052e-07
 2.41739e-07
 2.22567e-07
 2.05319e-07
 1.89793e-07
 1.75801e-07
 1.63172e-07
 1.51754e-07
 1.41411e-07
 1.32025e-07
 1.23489e-07
 1.15710e-07
