scalar
part
         1
quad4
 4.19529e-07
 3.96018e-07
 3.70422e-07
 3.44415e-07
 3.19050e-07
 2.94938e-07
 2.72399e-07
 2.51562e-07
 2.32437e-07
 2.14966e-07
 1.99051e-07
 1.84575e-07
 1.71417e-07
 1.59454e-07
 1.48573e-07
 1.38666e-07
 1.29635e-07
 1.21392e-07
 1.13856e-07
 1.06955e-07
 5.08633e-07
 4.70203e-07
 4.31852e-07
 3.95195e-07
 3.61055e-07
 3.29768e-07
 3.01378e-07
 2.75773e-07
 2.52756e-07
 2.32100e-07
 2.13569e-07
 1.96936e-07
 1.81991e-07
 1.68543e-07
 1.56420e-07
 1.45471e-07
 1.35561e-07
 1.26573e-07
 1.18404e-07
 1.10963e-07
 6.16596e-07
 5.57043e-07
 5.01662e-07
 4.51454e-07
 4.06589e-07
 3.66820e-07
 3.31710e-07
 3.00759e-07
 2.73470e-07
 2.49381e-07
 2.28075e-07
 2.09186e-07
 1.92395e-07
 1.77428e-07
 1.64048e-07
 1.52052e-07
 1.41266e-07
 1.31541e-07
 1.22749e-07
 1.14779e-07
 7.45125e-07
 6.56631e-07
 5.79256e-07
 5.12364e-07
 4.54808e-07
 4.05328e-07
 3.62733e-07
 3.25967e-07
 2.94124e-07
 2.66437e-07
 2.42266e-07
 2.21077e-07
 2.02427e-07
 1.85944e-07
 1.71321e-07
 1.58298e-07
 1.46659e-07
 1.36221e-07
 1.26829e-07
 1.18351e-07
 8.93955e-07
 7.67492e-07
 6.62908e-07
 5.76327e-07
 5.04352e-07
 4.44181e-07
 3.93560e-07
 3.50695e-07
 3.14162e-07
 2.82830e-07
 2.55795e-07
 2.32336e-07
 2.11867e-07
 1.93916e-07
 1.78098e-07
 1.64096e-07
 1.51647e-07
 1.40536e-07
 1.30580e-07
 1.21628e-07
 1.05930e-06
 8.85844e-07
 7.49441e-07
 6.40838e-07
 5.53305e-07
 4.81928e-07
 4.23093e-07
 3.74109e-07
 3.32950e-07
 2.98073e-07
 2.68288e-07
 2.42669e-07
 2.20487e-07
 2.01164e-07
 1.84236e-07
 1.69329e-07
 1.56137e-07
 1.44410e-07
 1.33942e-07
 1.24560e-07
 1.23228e-06
 1.00504e-06
 8.34078e-07
 7.02499e-07
 5.99242e-07
 5.16828e-07
 4.50071e-07
 3.95288e-07
 3.49807e-07
 3.11657e-07
 2.79358e-07
 2.51782e-07
 2.28060e-07
 2.07510e-07
 1.89596e-07
 1.73888e-07
 1.60041e-07
 1.47774e-07
 1.36856e-07
 1.27098e-07
 1.39823e-06
 1.11564e-06
 9.10659e-07
 7.57230e-07
 6.39412e-07
 5.46992e-07
 4.73173e-07
 4.13289e-07
 3.64050e-07
 3.23081e-07
 2.88633e-07
 2.59396e-07
 2.34372e-07
 2.12790e-07
 1.94049e-07
 1.77672e-07
 1.63279e-07
 1.50562e-07
 1.39272e-07
 1.29202e-07
 1.53791e-06
 1.20638e-06
 9.72352e-07
 8.00738e-07
 6.71036e-07
 5.70570e-07
 4.91138e-07
 4.27237e-07
 3.75059e-07
 3.31896e-07
 2.95784e-07
 2.65263e-07
 2.39236e-07
 2.16861e-07
 1.97485e-07
 1.80595e-07
 1.65783e-07
 1.52721e-07
 1.41144e-07
 1.30836e-07
 1.63118e-06
 1.26626e-06
 1.01280e-06
 8.29181e-07
 6.91700e-07
 5.85994e-07
 5.02918e-07
 4.36412e-07
 3.82327e-07
 3.37741e-07
 3.00546e-07
 2.69189e-07
 2.42506e-07
 2.19611e-07
 1.99818e-07
 1.82589e-07
 1.67499e-07
 1.54208e-07
 1.42441e-07
 1.31972e-07
 1.66246e-06
 1.28716e-06
 1.02748e-06
 8.39889e-07
 6.99756e-07
 5.92208e-07
 5.07813e-07
 4.40338e-07
 3.85524e-07
 3.40379e-07
 3.02748e-07
 2.71046e-07
 2.44087e-07
 2.20968e-07
 2.00991e-07
 1.83610e-07
 1.68394e-07
 1.54997e-07
 1.43139e-07
 1.32593e-07
 1.62624e-06
 1.26627e-06
 1.01482e-06
 8.31936e-07
 6.94626e-07
 5.88837e-07
 5.05572e-07
 4.38839e-07
 3.84524e-07
 3.39719e-07
 3.02322e-07
 2.70784e-07
 2.43940e-07
 2.20902e-07
 2.00982e-07
 1.83641e-07
 1.68452e-07
 1.55074e-07
 1.43228e-07
 1.32691e-07
 1.52965e-06
 1.20708e-06
 9.76665e-07
 8.06352e-07
 6.76915e-07
 5.76249e-07
 4.96424e-07
 4.32065e-07
 3.79425e-07
 3.35826e-07
 2.99314e-07
 2.68434e-07
 2.42087e-07
 2.19428e-07
 1.99800e-07
 1.82688e-07
 1.67679e-07
 1.54443e-07
 1.42712e-07
 1.32266e-07
 1.38991e-06
 1.11834e-06
 9.17799e-07
 7.65900e-07
 6.48290e-07
 5.55488e-07
 4.81045e-07
 4.20464e-07
 3.70533e-07
 3.28914e-07
 2.93874e-07
 2.64104e-07
 2.38606e-07
 2.16604e-07
 1.97491e-07
 1.80785e-07
 1.66101e-07
 1.53126e-07
 1.41606e-07
 1.31333e-07
 1.22807e-06
 1.01144e-06
 8.44725e-07
 7.14462e-07
 6.11162e-07
 5.28101e-07
 4.60458e-07
 4.04727e-07
 3.58326e-07
 3.19320e-07
 2.86243e-07
 2.57971e-07
 2.33628e-07
 2.12529e-07
 1.94128e-07
 1.77989e-07
 1.63761e-07
 1.51155e-07
 1.39937e-07
 1.29912e-07
 1.06279e-06
 8.97491e-07
 7.64217e-07
 6.56291e-07
 5.68274e-07
 4.95901e-07
 4.35887e-07
 3.85703e-07
 3.43401e-07
 3.07471e-07
 2.76734e-07
 2.50264e-07
 2.27326e-07
 2.07332e-07
 1.89811e-07
 1.74377e-07
 1.60720e-07
 1.48579e-07
 1.37743e-07
 1.28033e-07
 9.07034e-07
 7.85296e-07
 6.82158e-07
 5.95331e-07
 5.22297e-07
 4.60728e-07
 4.08619e-07
 3.64302e-07
 3.26413e-07
 2.93845e-07
 2.65699e-07
 2.41248e-07
 2.19899e-07
 2.01167e-07
 1.84658e-07
 1.70042e-07
 1.57050e-07
 1.45455e-07
 1.35070e-07
 1.25734e-07
 7.67824e-07
 6.80664e-07
 6.02939e-07
 5.34788e-07
 4.75552e-07
 4.24257e-07
 3.79870e-07
 3.41415e-07
 3.08022e-07
 2.78934e-07
 2.53510e-07
 2.31205e-07
 2.11563e-07
 1.94202e-07
 1.78800e-07
 1.65086e-07
 1.52833e-07
 1.41849e-07
 1.31970e-07
 1.23057e-07
 6.47622e-07
 5.86665e-07
 5.29365e-07
 4.76969e-07
 4.29845e-07
 3.87876e-07
 3.50699e-07
 3.17849e-07
 2.88842e-07
 2.63210e-07
 2.40529e-07
 2.20417e-07
 2.02540e-07
 1.86610e-07
 1.72375e-07
 1.59619e-07
 1.48158e-07
 1.37831e-07
 1.28501e-07
 1.20050e-07
 5.46064e-07
 5.04341e-07
 4.62896e-07
 4.23319e-07
 3.86450e-07
 3.52645e-07
 3.21961e-07
 2.94285e-07
 2.69412e-07
 2.47098e-07
 2.27093e-07
 2.09150e-07
 1.93041e-07
 1.78559e-07
 1.65518e-07
 1.53751e-07
 1.43112e-07
 1.33474e-07
 1.24722e-07
 1.16760e-07
