scalar
part
         1
quad4
 3.87137e-07
 3.69563e-07
 3.48965e-07
 3.27099e-07
 3.05125e-07
 2.83772e-07
 2.63468e-07
 2.44438e-07
 2.26774e-07
 2.10484e-07
 1.95525e-07
 1.81825e-07
 1.69296e-07
 1.57847e-07
 1.47383e-07
 1.37817e-07
 1.29065e-07
 1.21049e-07
 1.13700e-07
 1.06952e-07
 4.74556e-07
 4.43207e-07
 4.10603e-07
 3.78546e-07
 3.48056e-07
 3.19652e-07
 2.93535e-07
 2.69722e-07
 2.48121e-07
 2.28583e-07
 2.10939e-07
 1.95011e-07
 1.80627e-07
 1.67625e-07
 1.55859e-07
 1.45195e-07
 1.35512e-07
 1.26706e-07
 1.18681e-07
 1.11355e-07
 5.81585e-07
 5.30346e-07
 4.81424e-07
 4.36181e-07
 3.95115e-07
 3.58248e-07
 3.25357e-07
 2.96106e-07
 2.70122e-07
 2.47038e-07
 2.26509e-07
 2.08220e-07
 1.91894e-07
 1.77288e-07
 1.64186e-07
 1.52406e-07
 1.41786e-07
 1.32188e-07
 1.23492e-07
 1.15593e-07
 7.10560e-07
 6.31545e-07
 5.61161e-07
 4.99399e-07
 4.45602e-07
 3.98884e-07
 3.58326e-07
 3.23066e-07
 2.92340e-07
 2.65484e-07
 2.41932e-07
 2.21204e-07
 2.02896e-07
 1.86666e-07
 1.72227e-07
 1.59338e-07
 1.47793e-07
 1.37418e-07
 1.28066e-07
 1.19611e-07
 8.62143e-07
 7.45945e-07
 6.48474e-07
 5.66826e-07
 4.98288e-07
 4.40521e-07
 3.91590e-07
 3.49915e-07
 3.14222e-07
 2.83480e-07
 2.56858e-07
 2.33682e-07
 2.13404e-07
 1.95577e-07
 1.79833e-07
 1.65868e-07
 1.53432e-07
 1.42314e-07
 1.32337e-07
 1.23355e-07
 1.03379e-06
 8.70470e-07
 7.40564e-07
 6.36154e-07
 5.51342e-07
 4.81738e-07
 4.24054e-07
 3.75812e-07
 3.35119e-07
 3.00524e-07
 2.70895e-07
 2.45346e-07
 2.23178e-07
 2.03829e-07
 1.86850e-07
 1.71875e-07
 1.58605e-07
 1.46794e-07
 1.36238e-07
 1.26768e-07
 1.21802e-06
 9.99119e-07
 8.32917e-07
 7.04066e-07
 6.02348e-07
 5.20769e-07
 4.54423e-07
 3.99795e-07
 3.54314e-07
 3.16073e-07
 2.83629e-07
 2.55880e-07
 2.31971e-07
 2.11230e-07
 1.93127e-07
 1.77236e-07
 1.63214e-07
 1.50780e-07
 1.39705e-07
 1.29799e-07
 1.40122e-06
 1.12272e-06
 9.19366e-07
 7.66382e-07
 6.48435e-07
 5.55615e-07
 4.81281e-07
 4.20848e-07
 3.71067e-07
 3.29582e-07
 2.94653e-07
 2.64974e-07
 2.39545e-07
 2.17595e-07
 1.98520e-07
 1.81838e-07
 1.67168e-07
 1.54199e-07
 1.42679e-07
 1.32399e-07
 1.56397e-06
 1.22953e-06
 9.92626e-07
 8.18456e-07
 6.86559e-07
 5.84231e-07
 5.03224e-07
 4.37989e-07
 3.84674e-07
 3.40539e-07
 3.03589e-07
 2.72344e-07
 2.45687e-07
 2.22760e-07
 2.02900e-07
 1.85581e-07
 1.70389e-07
 1.56988e-07
 1.45108e-07
 1.34528e-07
 1.68374e-06
 1.30705e-06
 1.04540e-06
 8.55832e-07
 7.13901e-07
 6.04776e-07
 5.19015e-07
 4.50363e-07
 3.94535e-07
 3.48513e-07
 3.10122e-07
 2.77757e-07
 2.50219e-07
 2.26590e-07
 2.06162e-07
 1.88382e-07
 1.72811e-07
 1.59095e-07
 1.46952e-07
 1.36150e-07
 1.74058e-06
 1.34487e-06
 1.07185e-06
 8.75065e-07
 7.28328e-07
 6.15877e-07
 5.27742e-07
 4.57348e-07
 4.00213e-07
 3.53191e-07
 3.14022e-07
 2.81043e-07
 2.53013e-07
 2.28986e-07
 2.08233e-07
 1.90183e-07
 1.74387e-07
 1.60483e-07
 1.48180e-07
 1.37241e-07
 1.72431e-06
 1.33778e-06
 1.06910e-06
 8.74456e-07
 7.28786e-07
 6.16853e-07
 5.28947e-07
 4.58627e-07
 4.01484e-07
 3.54411e-07
 3.15170e-07
 2.82112e-07
 2.54001e-07
 2.29895e-07
 2.09068e-07
 1.90950e-07
 1.75091e-07
 1.61129e-07
 1.48774e-07
 1.37788e-07
 1.63924e-06
 1.28769e-06
 1.03806e-06
 8.54461e-07
 7.15509e-07
 6.07826e-07
 5.22692e-07
 4.54231e-07
 3.98360e-07
 3.52176e-07
 3.13565e-07
 2.80959e-07
 2.53177e-07
 2.29312e-07
 2.08663e-07
 1.90678e-07
 1.74917e-07
 1.61030e-07
 1.48730e-07
 1.37786e-07
 1.50259e-06
 1.20301e-06
 9.83175e-07
 8.17570e-07
 6.89962e-07
 5.89689e-07
 5.09544e-07
 4.44527e-07
 3.91087e-07
 3.46652e-07
 3.09321e-07
 2.77665e-07
 2.50598e-07
 2.27278e-07
 2.07048e-07
 1.89388e-07
 1.73883e-07
 1.60197e-07
 1.48058e-07
 1.37242e-07
 1.33731e-06
 1.09584e-06
 9.11172e-07
 7.67713e-07
 6.54537e-07
 5.63952e-07
 4.90481e-07
 4.30167e-07
 3.80109e-07
 3.38149e-07
 3.02657e-07
 2.72388e-07
 2.46380e-07
 2.23878e-07
 2.04287e-07
 1.87130e-07
 1.72025e-07
 1.58660e-07
 1.46780e-07
 1.36174e-07
 1.16457e-06
 9.78469e-07
 8.29403e-07
 7.09417e-07
 6.12101e-07
 5.32480e-07
 4.66748e-07
 4.12001e-07
 3.66017e-07
 3.27084e-07
 2.93874e-07
 2.65348e-07
 2.40685e-07
 2.19235e-07
 2.00472e-07
 1.83975e-07
 1.69398e-07
 1.56461e-07
 1.44929e-07
 1.34609e-07
 9.99450e-07
 8.60946e-07
 7.44450e-07
 6.47019e-07
 5.65550e-07
 4.97237e-07
 4.39699e-07
 3.90977e-07
 3.49486e-07
 3.13946e-07
 2.83330e-07
 2.56809e-07
 2.33714e-07
 2.13498e-07
 1.95719e-07
 1.80011e-07
 1.66073e-07
 1.53655e-07
 1.42549e-07
 1.32580e-07
 8.50446e-07
 7.50079e-07
 6.61349e-07
 5.84130e-07
 5.17453e-07
 4.60054e-07
 4.10647e-07
 3.68046e-07
 3.31210e-07
 2.99248e-07
 2.71408e-07
 2.47062e-07
 2.25685e-07
 2.06839e-07
 1.90160e-07
 1.75342e-07
 1.62129e-07
 1.50307e-07
 1.39692e-07
 1.30131e-07
 7.20861e-07
 6.49631e-07
 5.83417e-07
 5.23415e-07
 4.69862e-07
 4.22483e-07
 3.80760e-07
 3.44086e-07
 3.11854e-07
 2.83493e-07
 2.58493e-07
 2.36401e-07
 2.16828e-07
 1.99435e-07
 1.83935e-07
 1.70079e-07
 1.57657e-07
 1.46487e-07
 1.36415e-07
 1.27308e-07
 6.10743e-07
 5.61070e-07
 5.12477e-07
 4.66601e-07
 4.24258e-07
 3.85734e-07
 3.51000e-07
 3.19854e-07
 2.92008e-07
 2.67145e-07
 2.44947e-07
 2.25113e-07
 2.07368e-07
 1.91466e-07
 1.77186e-07
 1.64336e-07
 1.52747e-07
 1.42271e-07
 1.32780e-07
 1.24160e-07
