scalar
part
         1
quad4
 3.83962e-07
 3.64486e-07
 3.42593e-07
 3.19898e-07
 2.97448e-07
 2.75875e-07
 2.55536e-07
 2.36598e-07
 2.19114e-07
 2.03061e-07
 1.88373e-07
 1.74963e-07
 1.62732e-07
 1.51580e-07
 1.41409e-07
 1.32127e-07
 1.23649e-07
 1.15894e-07
 1.08793e-07
 1.02281e-07
 4.67443e-07
 4.34434e-07
 4.00861e-07
 3.68332e-07
 3.37716e-07
 3.09420e-07
 2.83564e-07
 2.60106e-07
 2.38913e-07
 2.19810e-07
 2.02608e-07
 1.87116e-07
 1.73156e-07
 1.60561e-07
 1.49181e-07
 1.38882e-07
 1.29542e-07
 1.21058e-07
 1.13334e-07
 1.06289e-07
 5.68963e-07
 5.16655e-07
 4.67382e-07
 4.22253e-07
 3.81589e-07
 3.45292e-07
 3.13057e-07
 2.84497e-07
 2.59206e-07
 2.36795e-07
 2.16909e-07
 1.99226e-07
 1.83468e-07
 1.69389e-07
 1.56777e-07
 1.45449e-07
 1.35248e-07
 1.26036e-07
 1.17696e-07
 1.10126e-07
 6.90366e-07
 6.11432e-07
 5.41734e-07
 4.80980e-07
 4.28337e-07
 3.82809e-07
 3.43416e-07
 3.09263e-07
 2.79570e-07
 2.53668e-07
 2.30989e-07
 2.11058e-07
 1.93475e-07
 1.77905e-07
 1.64067e-07
 1.51724e-07
 1.40676e-07
 1.30755e-07
 1.21818e-07
 1.13742e-07
 8.31780e-07
 7.17647e-07
 6.22474e-07
 5.43116e-07
 4.76740e-07
 4.20958e-07
 3.73819e-07
 3.33748e-07
 2.99483e-07
 2.70012e-07
 2.44519e-07
 2.22349e-07
 2.02967e-07
 1.85941e-07
 1.70914e-07
 1.57593e-07
 1.45737e-07
 1.35142e-07
 1.25639e-07
 1.17087e-07
 9.90202e-07
 8.32083e-07
 7.06798e-07
 6.06401e-07
 5.25038e-07
 4.58387e-07
 4.03233e-07
 3.57160e-07
 3.18337e-07
 2.85359e-07
 2.57135e-07
 2.32813e-07
 2.11719e-07
 1.93318e-07
 1.77176e-07
 1.62945e-07
 1.50338e-07
 1.39120e-07
 1.29098e-07
 1.20108e-07
 1.15802e-06
 9.48849e-07
 7.90368e-07
 6.67691e-07
 5.70959e-07
 4.93447e-07
 4.30452e-07
 3.78611e-07
 3.35471e-07
 2.99211e-07
 2.68457e-07
 2.42161e-07
 2.19508e-07
 1.99861e-07
 1.82716e-07
 1.67668e-07
 1.54391e-07
 1.42620e-07
 1.32136e-07
 1.22760e-07
 1.32215e-06
 1.05929e-06
 8.67433e-07
 7.23119e-07
 6.11862e-07
 5.24305e-07
 4.54185e-07
 3.97176e-07
 3.50211e-07
 3.11072e-07
 2.78117e-07
 2.50112e-07
 2.26118e-07
 2.05405e-07
 1.87403e-07
 1.71661e-07
 1.57815e-07
 1.45575e-07
 1.34702e-07
 1.25000e-07
 1.46477e-06
 1.15273e-06
 9.31400e-07
 7.68491e-07
 6.45005e-07
 5.49125e-07
 4.73173e-07
 4.11972e-07
 3.61930e-07
 3.20487e-07
 2.85777e-07
 2.56416e-07
 2.31359e-07
 2.09803e-07
 1.91125e-07
 1.74834e-07
 1.60541e-07
 1.47931e-07
 1.36750e-07
 1.26790e-07
 1.56608e-06
 1.21819e-06
 9.75853e-07
 7.99895e-07
 6.67915e-07
 5.66292e-07
 4.86330e-07
 4.22254e-07
 3.70102e-07
 3.27077e-07
 2.91162e-07
 2.60867e-07
 2.35077e-07
 2.12937e-07
 1.93789e-07
 1.77117e-07
 1.62510e-07
 1.49641e-07
 1.38244e-07
 1.28102e-07
 1.60934e-06
 1.24688e-06
 9.95866e-07
 8.14415e-07
 6.78787e-07
 5.74644e-07
 4.92887e-07
 4.27496e-07
 3.74358e-07
 3.30581e-07
 2.94080e-07
 2.63325e-07
 2.37165e-07
 2.14727e-07
 1.95335e-07
 1.78460e-07
 1.63686e-07
 1.50675e-07
 1.39159e-07
 1.28915e-07
 1.58669e-06
 1.23480e-06
 9.89234e-07
 8.10754e-07
 6.76817e-07
 5.73664e-07
 4.92495e-07
 4.27457e-07
 3.74529e-07
 3.30875e-07
 2.94442e-07
 2.63719e-07
 2.37571e-07
 2.15131e-07
 1.95729e-07
 1.78839e-07
 1.64047e-07
 1.51017e-07
 1.39481e-07
 1.29219e-07
 1.50284e-06
 1.18421e-06
 9.57114e-07
 7.89543e-07
 6.62362e-07
 5.63559e-07
 4.85281e-07
 4.22215e-07
 3.70664e-07
 3.27988e-07
 2.92265e-07
 2.62063e-07
 2.36302e-07
 2.14154e-07
 1.94973e-07
 1.78254e-07
 1.63593e-07
 1.50667e-07
 1.39211e-07
 1.29012e-07
 1.37356e-06
 1.10298e-06
 9.03748e-07
 7.53201e-07
 6.36871e-07
 5.45230e-07
 4.71820e-07
 4.12149e-07
 3.63017e-07
 3.22098e-07
 2.87672e-07
 2.58443e-07
 2.33422e-07
 2.11842e-07
 1.93104e-07
 1.76732e-07
 1.62346e-07
 1.49638e-07
 1.38360e-07
 1.28304e-07
 1.21950e-06
 1.00210e-06
 8.35331e-07
 7.05390e-07
 6.02593e-07
 5.20108e-07
 4.53052e-07
 3.97890e-07
 3.52022e-07
 3.13509e-07
 2.80882e-07
 2.53019e-07
 2.29046e-07
 2.08282e-07
 1.90185e-07
 1.74321e-07
 1.60342e-07
 1.47963e-07
 1.36950e-07
 1.27113e-07
 1.05964e-06
 8.92693e-07
 7.58551e-07
 6.50257e-07
 5.62179e-07
 4.89931e-07
 4.30144e-07
 3.80241e-07
 3.38242e-07
 3.02620e-07
 2.72184e-07
 2.46002e-07
 2.23335e-07
 2.03594e-07
 1.86308e-07
 1.71093e-07
 1.57637e-07
 1.45682e-07
 1.35017e-07
 1.25466e-07
 9.07474e-07
 7.83764e-07
 6.79348e-07
 5.91742e-07
 5.18274e-07
 4.56503e-07
 4.04347e-07
 3.60082e-07
 3.22308e-07
 2.89890e-07
 2.61915e-07
 2.37644e-07
 2.16476e-07
 1.97923e-07
 1.81585e-07
 1.67134e-07
 1.54298e-07
 1.42851e-07
 1.32603e-07
 1.23398e-07
 7.70550e-07
 6.81397e-07
 6.02242e-07
 5.33102e-07
 4.73207e-07
 4.21495e-07
 3.76866e-07
 3.38291e-07
 3.04862e-07
 2.75797e-07
 2.50434e-07
 2.28216e-07
 2.08677e-07
 1.91427e-07
 1.76140e-07
 1.62542e-07
 1.50403e-07
 1.39530e-07
 1.29758e-07
 1.20948e-07
 6.51739e-07
 5.88918e-07
 5.30188e-07
 4.76726e-07
 4.28829e-07
 3.86314e-07
 3.48763e-07
 3.15669e-07
 2.86514e-07
 2.60805e-07
 2.38097e-07
 2.17995e-07
 2.00153e-07
 1.84276e-07
 1.70105e-07
 1.57421e-07
 1.46036e-07
 1.35787e-07
 1.26535e-07
 1.18162e-07
 5.50976e-07
 5.07575e-07
 4.64781e-07
 4.24144e-07
 3.86461e-07
 3.52043e-07
 3.20907e-07
 2.92905e-07
 2.67804e-07
 2.45338e-07
 2.25237e-07
 2.07241e-07
 1.91112e-07
 1.76634e-07
 1.63613e-07
 1.51879e-07
 1.41283e-07
 1.31693e-07
 1.22994e-07
 1.15085e-07
