scalar
part
         1
quad4
 4.40753e-07
 4.15205e-07
 3.87671e-07
 3.59881e-07
 3.32906e-07
 3.07361e-07
 2.83555e-07
 2.61604e-07
 2.41501e-07
 2.23171e-07
 2.06500e-07
 1.91359e-07
 1.77613e-07
 1.65130e-07
 1.53787e-07
 1.43470e-07
 1.34072e-07
 1.25500e-07
 1.17669e-07
 1.10503e-07
 5.33761e-07
 4.92449e-07
 4.51484e-07
 4.12514e-07
 3.76357e-07
 3.43323e-07
 3.13427e-07
 2.86522e-07
 2.62384e-07
 2.40757e-07
 2.21383e-07
 2.04017e-07
 1.88431e-07
 1.74420e-07
 1.61801e-07
 1.50413e-07
 1.40113e-07
 1.30778e-07
 1.22299e-07
 1.14579e-07
 6.46342e-07
 5.82757e-07
 5.23898e-07
 4.70734e-07
 4.23377e-07
 3.81511e-07
 3.44633e-07
 3.12188e-07
 2.83631e-07
 2.58459e-07
 2.36225e-07
 2.16536e-07
 1.99053e-07
 1.83482e-07
 1.69573e-07
 1.57113e-07
 1.45918e-07
 1.35829e-07
 1.26713e-07
 1.18453e-07
 7.80198e-07
 6.86156e-07
 6.04234e-07
 5.33639e-07
 4.73062e-07
 4.21109e-07
 3.76477e-07
 3.38022e-07
 3.04766e-07
 2.75890e-07
 2.50710e-07
 2.28661e-07
 2.09270e-07
 1.92147e-07
 1.76967e-07
 1.63458e-07
 1.51391e-07
 1.40575e-07
 1.30848e-07
 1.22071e-07
 9.34912e-07
 8.01001e-07
 6.90626e-07
 5.99518e-07
 5.23971e-07
 4.60950e-07
 4.08030e-07
 3.63290e-07
 3.25212e-07
 2.92594e-07
 2.64480e-07
 2.40106e-07
 2.18857e-07
 2.00236e-07
 1.83837e-07
 1.69329e-07
 1.56439e-07
 1.44938e-07
 1.34638e-07
 1.25380e-07
 1.10631e-06
 9.23207e-07
 7.79682e-07
 6.65722e-07
 5.74085e-07
 4.99511e-07
 4.38144e-07
 3.87126e-07
 3.44311e-07
 3.08069e-07
 2.77147e-07
 2.50572e-07
 2.27579e-07
 2.07562e-07
 1.90036e-07
 1.74610e-07
 1.60965e-07
 1.48841e-07
 1.38022e-07
 1.28329e-07
 1.28480e-06
 1.04569e-06
 8.66349e-07
 7.28681e-07
 6.20877e-07
 5.34987e-07
 4.65518e-07
 4.08580e-07
 3.61362e-07
 3.21791e-07
 2.88316e-07
 2.59756e-07
 2.35203e-07
 2.13944e-07
 1.95421e-07
 1.79187e-07
 1.64881e-07
 1.52212e-07
 1.40940e-07
 1.30869e-07
 1.45476e-06
 1.15847e-06
 9.44181e-07
 7.84152e-07
 6.61496e-07
 5.65426e-07
 4.88790e-07
 4.26686e-07
 3.75668e-07
 3.33250e-07
 2.97608e-07
 2.67375e-07
 2.41511e-07
 2.19216e-07
 1.99863e-07
 1.82958e-07
 1.68105e-07
 1.54986e-07
 1.43341e-07
 1.32958e-07
 1.59596e-06
 1.24984e-06
 1.00611e-06
 8.27719e-07
 6.93096e-07
 5.88942e-07
 5.06678e-07
 4.40553e-07
 3.86597e-07
 3.41991e-07
 3.04689e-07
 2.73178e-07
 2.46318e-07
 2.23234e-07
 2.03251e-07
 1.85837e-07
 1.70569e-07
 1.57108e-07
 1.45181e-07
 1.34562e-07
 1.68768e-06
 1.30856e-06
 1.04569e-06
 8.55499e-07
 7.13244e-07
 6.03959e-07
 5.18130e-07
 4.49461e-07
 3.93646e-07
 3.47652e-07
 3.09297e-07
 2.76973e-07
 2.49475e-07
 2.25887e-07
 2.05499e-07
 1.87756e-07
 1.72220e-07
 1.58538e-07
 1.46426e-07
 1.35652e-07
 1.71457e-06
 1.32667e-06
 1.05848e-06
 8.64876e-07
 7.20328e-07
 6.09443e-07
 5.22464e-07
 4.52945e-07
 3.96489e-07
 3.50003e-07
 3.11263e-07
 2.78634e-07
 2.50891e-07
 2.27104e-07
 2.06553e-07
 1.88675e-07
 1.73025e-07
 1.59247e-07
 1.47055e-07
 1.36212e-07
 1.67205e-06
 1.30179e-06
 1.04315e-06
 8.55062e-07
 7.13853e-07
 6.05072e-07
 5.19460e-07
 4.50854e-07
 3.95019e-07
 3.48965e-07
 3.10529e-07
 2.78117e-07
 2.50532e-07
 2.26859e-07
 2.06391e-07
 1.88575e-07
 1.72970e-07
 1.59227e-07
 1.47059e-07
 1.36234e-07
 1.56842e-06
 1.23801e-06
 1.00188e-06
 8.27275e-07
 6.94538e-07
 5.91285e-07
 5.09396e-07
 4.43366e-07
 3.89355e-07
 3.44618e-07
 3.07151e-07
 2.75462e-07
 2.48424e-07
 2.25171e-07
 2.05028e-07
 1.87467e-07
 1.72064e-07
 1.58481e-07
 1.46442e-07
 1.35722e-07
 1.42183e-06
 1.14462e-06
 9.39752e-07
 7.84466e-07
 6.64169e-07
 5.69205e-07
 4.93001e-07
 4.30968e-07
 3.79828e-07
 3.37194e-07
 3.01292e-07
 2.70787e-07
 2.44655e-07
 2.22105e-07
 2.02514e-07
 1.85389e-07
 1.70335e-07
 1.57033e-07
 1.45222e-07
 1.34689e-07
 1.25388e-06
 1.03338e-06
 8.63514e-07
 7.30680e-07
 6.25266e-07
 5.40452e-07
 4.71346e-07
 4.14386e-07
 3.66943e-07
 3.27048e-07
 2.93209e-07
 2.64278e-07
 2.39364e-07
 2.17765e-07
 1.98925e-07
 1.82400e-07
 1.67829e-07
 1.54918e-07
 1.43427e-07
 1.33158e-07
 1.08342e-06
 9.15566e-07
 7.80093e-07
 6.70283e-07
 5.80653e-07
 5.06901e-07
 4.45703e-07
 3.94500e-07
 3.51319e-07
 3.14626e-07
 2.83226e-07
 2.56176e-07
 2.32729e-07
 2.12287e-07
 1.94368e-07
 1.78582e-07
 1.64610e-07
 1.52188e-07
 1.41098e-07
 1.31161e-07
 9.23413e-07
 8.00067e-07
 6.95451e-07
 6.07289e-07
 5.33063e-07
 4.70435e-07
 4.17391e-07
 3.72250e-07
 3.33634e-07
 3.00423e-07
 2.71710e-07
 2.46756e-07
 2.24960e-07
 2.05831e-07
 1.88965e-07
 1.74031e-07
 1.60753e-07
 1.48901e-07
 1.38283e-07
 1.28737e-07
 7.80782e-07
 6.92672e-07
 6.13999e-07
 5.44937e-07
 4.84846e-07
 4.32762e-07
 3.87654e-07
 3.48546e-07
 3.14563e-07
 2.84944e-07
 2.59042e-07
 2.36307e-07
 2.16279e-07
 1.98569e-07
 1.82853e-07
 1.68855e-07
 1.56345e-07
 1.45127e-07
 1.35035e-07
 1.25930e-07
 6.57863e-07
 5.96399e-07
 5.38530e-07
 4.85540e-07
 4.37826e-07
 3.95286e-07
 3.57567e-07
 3.24211e-07
 2.94734e-07
 2.68671e-07
 2.45594e-07
 2.25120e-07
 2.06913e-07
 1.90681e-07
 1.76171e-07
 1.63165e-07
 1.51474e-07
 1.40937e-07
 1.31416e-07
 1.22789e-07
 5.54162e-07
 5.12223e-07
 4.70472e-07
 4.30534e-07
 3.93276e-07
 3.59073e-07
 3.27994e-07
 2.99934e-07
 2.74696e-07
 2.52038e-07
 2.31709e-07
 2.13466e-07
 1.97079e-07
 1.82340e-07
 1.69060e-07
 1.57074e-07
 1.46233e-07
 1.36408e-07
 1.27485e-07
 1.19364e-07
