scalar
part
         1
quad4
 4.65934e-07
 4.36088e-07
 4.05018e-07
 3.74333e-07
 3.44993e-07
 3.17515e-07
 2.92124e-07
 2.68868e-07
 2.47688e-07
 2.28463e-07
 2.11047e-07
 1.95282e-07
 1.81010e-07
 1.68083e-07
 1.56363e-07
 1.45724e-07
 1.36050e-07
 1.27241e-07
 1.19206e-07
 1.11863e-07
 5.59785e-07
 5.13547e-07
 4.68663e-07
 4.26579e-07
 3.87939e-07
 3.52919e-07
 3.21425e-07
 2.93227e-07
 2.68036e-07
 2.45547e-07
 2.25462e-07
 2.07507e-07
 1.91429e-07
 1.77006e-07
 1.64040e-07
 1.52358e-07
 1.41808e-07
 1.32260e-07
 1.23597e-07
 1.15720e-07
 6.72517e-07
 6.03448e-07
 5.40382e-07
 4.83977e-07
 4.34104e-07
 3.90268e-07
 3.51836e-07
 3.18154e-07
 2.88604e-07
 2.62630e-07
 2.39742e-07
 2.19516e-07
 2.01589e-07
 1.85650e-07
 1.71433e-07
 1.58714e-07
 1.47300e-07
 1.37026e-07
 1.27752e-07
 1.19357e-07
 8.05449e-07
 7.05571e-07
 6.19345e-07
 5.45535e-07
 4.82529e-07
 4.28716e-07
 3.82644e-07
 3.43061e-07
 3.08913e-07
 2.79324e-07
 2.53571e-07
 2.31056e-07
 2.11284e-07
 1.93848e-07
 1.78408e-07
 1.64682e-07
 1.52434e-07
 1.41465e-07
 1.31608e-07
 1.22722e-07
 9.57728e-07
 8.18030e-07
 7.03551e-07
 6.09473e-07
 5.31739e-07
 4.67079e-07
 4.12914e-07
 3.67214e-07
 3.28387e-07
 2.95180e-07
 2.66597e-07
 2.41846e-07
 2.20293e-07
 2.01424e-07
 1.84822e-07
 1.70146e-07
 1.57116e-07
 1.45500e-07
 1.35103e-07
 1.25763e-07
 1.12477e-06
 9.36553e-07
 7.89530e-07
 6.73115e-07
 5.79713e-07
 5.03843e-07
 4.41510e-07
 3.89759e-07
 3.46382e-07
 3.09704e-07
 2.78441e-07
 2.51596e-07
 2.28387e-07
 2.08198e-07
 1.90533e-07
 1.74994e-07
 1.61257e-07
 1.49058e-07
 1.38177e-07
 1.28433e-07
 1.29680e-06
 1.05402e-06
 8.72256e-07
 7.32931e-07
 6.23963e-07
 5.37238e-07
 4.67161e-07
 4.09773e-07
 3.62217e-07
 3.22391e-07
 2.88722e-07
 2.60013e-07
 2.35344e-07
 2.13997e-07
 1.95406e-07
 1.79118e-07
 1.64771e-07
 1.52070e-07
 1.40774e-07
 1.30685e-07
 1.45840e-06
 1.16067e-06
 9.45441e-07
 7.84798e-07
 6.61730e-07
 5.65382e-07
 4.88557e-07
 4.26327e-07
 3.75225e-07
 3.32754e-07
 2.97079e-07
 2.66829e-07
 2.40959e-07
 2.18665e-07
 1.99318e-07
 1.82423e-07
 1.67582e-07
 1.54477e-07
 1.42847e-07
 1.32480e-07
 1.59008e-06
 1.24523e-06
 1.00232e-06
 8.24500e-07
 6.90303e-07
 5.86482e-07
 5.04485e-07
 4.38581e-07
 3.84811e-07
 3.40365e-07
 3.03201e-07
 2.71811e-07
 2.45056e-07
 2.22067e-07
 2.02168e-07
 1.84828e-07
 1.69628e-07
 1.56228e-07
 1.44356e-07
 1.33787e-07
 1.67230e-06
 1.29714e-06
 1.03683e-06
 8.48397e-07
 7.07410e-07
 5.99071e-07
 5.13969e-07
 4.45871e-07
 3.90514e-07
 3.44894e-07
 3.06848e-07
 2.74783e-07
 2.47505e-07
 2.24104e-07
 2.03878e-07
 1.86276e-07
 1.70862e-07
 1.57287e-07
 1.45270e-07
 1.34582e-07
 1.69091e-06
 1.30908e-06
 1.04492e-06
 8.54121e-07
 7.11601e-07
 6.02229e-07
 5.16405e-07
 4.47789e-07
 3.92050e-07
 3.46143e-07
 3.07877e-07
 2.75641e-07
 2.48227e-07
 2.24718e-07
 2.04403e-07
 1.86729e-07
 1.71256e-07
 1.57632e-07
 1.45574e-07
 1.34850e-07
 1.64206e-06
 1.27915e-06
 1.02557e-06
 8.41086e-07
 7.02524e-07
 5.95732e-07
 5.11647e-07
 4.44236e-07
 3.89351e-07
 3.44062e-07
 3.06252e-07
 2.74356e-07
 2.47202e-07
 2.23892e-07
 2.03732e-07
 1.86180e-07
 1.70803e-07
 1.57257e-07
 1.45261e-07
 1.34588e-07
 1.53413e-06
 1.21160e-06
 9.81114e-07
 8.10643e-07
 6.80996e-07
 5.80095e-07
 5.00029e-07
 4.35434e-07
 3.82569e-07
 3.38758e-07
 3.02048e-07
 2.70985e-07
 2.44470e-07
 2.21657e-07
 2.01888e-07
 1.84645e-07
 1.69517e-07
 1.56172e-07
 1.44340e-07
 1.33802e-07
 1.38500e-06
 1.11569e-06
 9.16679e-07
 7.65799e-07
 6.48859e-07
 5.56490e-07
 4.82320e-07
 4.21902e-07
 3.72060e-07
 3.30481e-07
 2.95446e-07
 2.65659e-07
 2.40129e-07
 2.18085e-07
 1.98924e-07
 1.82168e-07
 1.67431e-07
 1.54404e-07
 1.42833e-07
 1.32509e-07
 1.21594e-06
 1.00303e-06
 8.38971e-07
 7.10598e-07
 6.08648e-07
 5.26556e-07
 4.59610e-07
 4.04384e-07
 3.58346e-07
 3.19602e-07
 2.86714e-07
 2.58574e-07
 2.34325e-07
 2.13288e-07
 1.94928e-07
 1.78813e-07
 1.64596e-07
 1.51992e-07
 1.40769e-07
 1.30734e-07
 1.04556e-06
 8.84778e-07
 7.54829e-07
 6.49362e-07
 5.63170e-07
 4.92163e-07
 4.33175e-07
 3.83766e-07
 3.42054e-07
 3.06574e-07
 2.76182e-07
 2.49977e-07
 2.27243e-07
 2.07407e-07
 1.90006e-07
 1.74665e-07
 1.61077e-07
 1.48990e-07
 1.38193e-07
 1.28512e-07
 8.86579e-07
 7.69611e-07
 6.70098e-07
 5.86034e-07
 5.15116e-07
 4.55174e-07
 4.04323e-07
 3.60984e-07
 3.23860e-07
 2.91893e-07
 2.64221e-07
 2.40146e-07
 2.19096e-07
 2.00604e-07
 1.84285e-07
 1.69823e-07
 1.56954e-07
 1.45459e-07
 1.35153e-07
 1.25882e-07
 7.45658e-07
 6.63142e-07
 5.89060e-07
 5.23769e-07
 4.66781e-07
 4.17259e-07
 3.74275e-07
 3.36936e-07
 3.04433e-07
 2.76060e-07
 2.51210e-07
 2.29370e-07
 2.10107e-07
 1.93053e-07
 1.77903e-07
 1.64396e-07
 1.52313e-07
 1.41469e-07
 1.31706e-07
 1.22890e-07
 6.24866e-07
 5.68206e-07
 5.14382e-07
 4.64790e-07
 4.19928e-07
 3.79783e-07
 3.44080e-07
 3.12425e-07
 2.84388e-07
 2.59549e-07
 2.37516e-07
 2.17937e-07
 2.00500e-07
 1.84933e-07
 1.71000e-07
 1.58496e-07
 1.47245e-07
 1.37094e-07
 1.27912e-07
 1.19586e-07
 5.23493e-07
 4.85614e-07
 4.47372e-07
 4.10447e-07
 3.75767e-07
 3.43765e-07
 3.14568e-07
 2.88118e-07
 2.64258e-07
 2.42784e-07
 2.23475e-07
 2.06113e-07
 1.90490e-07
 1.76414e-07
 1.63714e-07
 1.52235e-07
 1.41840e-07
 1.32408e-07
 1.23833e-07
 1.16020e-07
