scalar
part
         1
quad4
 4.50308e-07
 4.22644e-07
 3.93492e-07
 3.64463e-07
 3.36535e-07
 3.10253e-07
 2.85871e-07
 2.63465e-07
 2.43001e-07
 2.24382e-07
 2.07478e-07
 1.92147e-07
 1.78246e-07
 1.65636e-07
 1.54188e-07
 1.43783e-07
 1.34313e-07
 1.25681e-07
 1.17799e-07
 1.10591e-07
 5.42466e-07
 4.98963e-07
 4.56402e-07
 4.16260e-07
 3.79233e-07
 3.45544e-07
 3.15149e-07
 2.87860e-07
 2.63423e-07
 2.41561e-07
 2.22001e-07
 2.04485e-07
 1.88779e-07
 1.74671e-07
 1.61973e-07
 1.50521e-07
 1.40169e-07
 1.30792e-07
 1.22277e-07
 1.14529e-07
 6.53467e-07
 5.87802e-07
 5.27514e-07
 4.73353e-07
 4.25287e-07
 3.82905e-07
 3.45647e-07
 3.12917e-07
 2.84143e-07
 2.58805e-07
 2.36443e-07
 2.16653e-07
 1.99091e-07
 1.83458e-07
 1.69501e-07
 1.57003e-07
 1.45777e-07
 1.35666e-07
 1.26532e-07
 1.18259e-07
 7.84785e-07
 6.89078e-07
 6.06107e-07
 5.34830e-07
 4.73797e-07
 4.21530e-07
 3.76677e-07
 3.38063e-07
 3.04693e-07
 2.75733e-07
 2.50493e-07
 2.28399e-07
 2.08977e-07
 1.91832e-07
 1.76637e-07
 1.63118e-07
 1.51046e-07
 1.40227e-07
 1.30500e-07
 1.21727e-07
 9.35834e-07
 8.01108e-07
 6.90322e-07
 5.99002e-07
 5.23346e-07
 4.60271e-07
 4.07327e-07
 3.62580e-07
 3.24507e-07
 2.91900e-07
 2.63801e-07
 2.39445e-07
 2.18216e-07
 1.99615e-07
 1.83238e-07
 1.68751e-07
 1.55881e-07
 1.44400e-07
 1.34120e-07
 1.24882e-07
 1.10245e-06
 9.19888e-07
 7.76851e-07
 6.63291e-07
 5.71971e-07
 4.97647e-07
 4.36480e-07
 3.85624e-07
 3.42944e-07
 3.06815e-07
 2.75990e-07
 2.49499e-07
 2.26580e-07
 2.06628e-07
 1.89161e-07
 1.73788e-07
 1.60191e-07
 1.48110e-07
 1.37331e-07
 1.27674e-07
 1.27541e-06
 1.03860e-06
 8.60827e-07
 7.24249e-07
 6.17223e-07
 5.31906e-07
 4.62872e-07
 4.06271e-07
 3.59322e-07
 3.19969e-07
 2.86674e-07
 2.58267e-07
 2.33842e-07
 2.12695e-07
 1.94269e-07
 1.78119e-07
 1.63889e-07
 1.51287e-07
 1.40075e-07
 1.30058e-07
 1.43988e-06
 1.14773e-06
 9.36068e-07
 7.77790e-07
 6.56352e-07
 5.61163e-07
 4.85184e-07
 4.23586e-07
 3.72965e-07
 3.30868e-07
 2.95488e-07
 2.65472e-07
 2.39792e-07
 2.17654e-07
 1.98435e-07
 1.81647e-07
 1.66897e-07
 1.53868e-07
 1.42303e-07
 1.31992e-07
 1.57672e-06
 1.23610e-06
 9.95791e-07
 8.19660e-07
 6.86608e-07
 5.83590e-07
 5.02175e-07
 4.36704e-07
 3.83263e-07
 3.39070e-07
 3.02107e-07
 2.70876e-07
 2.44250e-07
 2.21366e-07
 2.01554e-07
 1.84288e-07
 1.69148e-07
 1.55801e-07
 1.43973e-07
 1.33442e-07
 1.66609e-06
 1.29287e-06
 1.03375e-06
 8.46092e-07
 7.05628e-07
 5.97659e-07
 5.12826e-07
 4.44931e-07
 3.89728e-07
 3.44229e-07
 3.06279e-07
 2.74291e-07
 2.47076e-07
 2.23727e-07
 2.03544e-07
 1.85978e-07
 1.70595e-07
 1.57047e-07
 1.45053e-07
 1.34384e-07
 1.69277e-06
 1.31016e-06
 1.04556e-06
 8.54510e-07
 7.11833e-07
 6.02362e-07
 5.16474e-07
 4.47816e-07
 3.92049e-07
 3.46123e-07
 3.07845e-07
 2.75600e-07
 2.48181e-07
 2.24669e-07
 2.04353e-07
 1.86678e-07
 1.71205e-07
 1.57582e-07
 1.45524e-07
 1.34801e-07
 1.65146e-06
 1.28530e-06
 1.02979e-06
 8.44085e-07
 7.04719e-07
 5.97378e-07
 5.12906e-07
 4.45216e-07
 3.90124e-07
 3.44681e-07
 3.06752e-07
 2.74764e-07
 2.47537e-07
 2.24170e-07
 2.03964e-07
 1.86375e-07
 1.70967e-07
 1.57396e-07
 1.45379e-07
 1.34688e-07
 1.54929e-06
 1.22190e-06
 9.88389e-07
 8.15945e-07
 6.84964e-07
 5.83132e-07
 5.02397e-07
 4.37311e-07
 3.84078e-07
 3.39986e-07
 3.03059e-07
 2.71826e-07
 2.45175e-07
 2.22252e-07
 2.02395e-07
 1.85080e-07
 1.69892e-07
 1.56496e-07
 1.44622e-07
 1.34049e-07
 1.40370e-06
 1.12889e-06
 9.26275e-07
 7.72951e-07
 6.54309e-07
 5.60724e-07
 4.85664e-07
 4.24584e-07
 3.74239e-07
 3.32272e-07
 2.96934e-07
 2.66906e-07
 2.41183e-07
 2.18983e-07
 1.99694e-07
 1.82832e-07
 1.68008e-07
 1.54907e-07
 1.43274e-07
 1.32897e-07
 1.23618e-06
 1.01789e-06
 8.50094e-07
 7.19084e-07
 6.15236e-07
 5.31752e-07
 4.63768e-07
 4.07754e-07
 3.61110e-07
 3.21893e-07
 2.88630e-07
 2.60192e-07
 2.35700e-07
 2.14466e-07
 1.95943e-07
 1.79694e-07
 1.65364e-07
 1.52666e-07
 1.41362e-07
 1.31259e-07
 1.06586e-06
 9.00250e-07
 7.66761e-07
 6.58684e-07
 5.70549e-07
 4.98076e-07
 4.37969e-07
 3.87696e-07
 3.45307e-07
 3.09292e-07
 2.78473e-07
 2.51922e-07
 2.28907e-07
 2.08839e-07
 1.91246e-07
 1.75746e-07
 1.62024e-07
 1.49823e-07
 1.38929e-07
 1.29165e-07
 9.06037e-07
 7.84953e-07
 6.82267e-07
 5.95765e-07
 5.22967e-07
 4.61568e-07
 4.09577e-07
 3.65340e-07
 3.27502e-07
 2.94961e-07
 2.66826e-07
 2.42372e-07
 2.21011e-07
 2.02261e-07
 1.85728e-07
 1.71085e-07
 1.58064e-07
 1.46438e-07
 1.36022e-07
 1.26655e-07
 7.63785e-07
 6.77875e-07
 6.01054e-07
 5.33573e-07
 4.74840e-07
 4.23926e-07
 3.79829e-07
 3.41594e-07
 3.08366e-07
 2.79402e-07
 2.54069e-07
 2.31830e-07
 2.12235e-07
 1.94905e-07
 1.79522e-07
 1.65818e-07
 1.53568e-07
 1.42581e-07
 1.32696e-07
 1.23773e-07
 6.41473e-07
 5.82063e-07
 5.25928e-07
 4.74422e-07
 4.27986e-07
 3.86552e-07
 3.49793e-07
 3.17271e-07
 2.88522e-07
 2.63093e-07
 2.40570e-07
 2.20582e-07
 2.02803e-07
 1.86947e-07
 1.72769e-07
 1.60057e-07
 1.48628e-07
 1.38324e-07
 1.29010e-07
 1.20569e-07
 5.38562e-07
 4.98475e-07
 4.58311e-07
 4.19742e-07
 3.83671e-07
 3.50501e-07
 3.20326e-07
 2.93057e-07
 2.68512e-07
 2.46463e-07
 2.26671e-07
 2.08900e-07
 1.92930e-07
 1.78561e-07
 1.65609e-07
 1.53914e-07
 1.43334e-07
 1.33741e-07
 1.25026e-07
 1.17092e-07
