scalar
part
         1
quad4
 5.68637e-07
 5.23307e-07
 4.78741e-07
 4.36515e-07
 3.97427e-07
 3.61778e-07
 3.29569e-07
 3.00634e-07
 2.74722e-07
 2.51551e-07
 2.30835e-07
 2.12303e-07
 1.95704e-07
 1.80813e-07
 1.67428e-07
 1.55373e-07
 1.44492e-07
 1.34648e-07
 1.25722e-07
 1.17611e-07
 6.72070e-07
 6.06685e-07
 5.45689e-07
 4.90258e-07
 4.40669e-07
 3.96707e-07
 3.57921e-07
 3.23773e-07
 2.93716e-07
 2.67233e-07
 2.43858e-07
 2.23179e-07
 2.04838e-07
 1.88524e-07
 1.73972e-07
 1.60953e-07
 1.49272e-07
 1.38761e-07
 1.29276e-07
 1.20695e-07
 7.93924e-07
 7.01383e-07
 6.19354e-07
 5.47803e-07
 4.85896e-07
 4.32506e-07
 3.86474e-07
 3.46723e-07
 3.12303e-07
 2.82400e-07
 2.56322e-07
 2.33493e-07
 2.13427e-07
 1.95721e-07
 1.80037e-07
 1.66093e-07
 1.53650e-07
 1.42509e-07
 1.32499e-07
 1.23478e-07
 9.34215e-07
 8.06075e-07
 6.98065e-07
 6.07554e-07
 5.31734e-07
 4.68052e-07
 4.14330e-07
 3.68776e-07
 3.29930e-07
 2.96616e-07
 2.67886e-07
 2.42974e-07
 2.21258e-07
 2.02234e-07
 1.85490e-07
 1.70685e-07
 1.57539e-07
 1.45820e-07
 1.35332e-07
 1.25913e-07
 1.08991e-06
 9.17289e-07
 7.78754e-07
 6.67040e-07
 5.76275e-07
 5.01894e-07
 4.40397e-07
 3.89106e-07
 3.45971e-07
 3.09408e-07
 2.78187e-07
 2.51343e-07
 2.28114e-07
 2.07894e-07
 1.90195e-07
 1.74622e-07
 1.60853e-07
 1.48626e-07
 1.37720e-07
 1.27956e-07
 1.25317e-06
 1.02872e-06
 8.56741e-07
 7.22894e-07
 6.17116e-07
 5.32317e-07
 4.63438e-07
 4.06818e-07
 3.59769e-07
 3.20287e-07
 2.86858e-07
 2.58323e-07
 2.33784e-07
 2.12537e-07
 1.94026e-07
 1.77805e-07
 1.63515e-07
 1.50864e-07
 1.39613e-07
 1.29565e-07
 1.40997e-06
 1.13103e-06
 9.25895e-07
 7.71064e-07
 6.51543e-07
 5.57472e-07
 4.82175e-07
 4.21012e-07
 3.70681e-07
 3.28788e-07
 2.93558e-07
 2.63660e-07
 2.38076e-07
 2.16018e-07
 1.96871e-07
 1.80147e-07
 1.65455e-07
 1.52481e-07
 1.40968e-07
 1.30706e-07
 1.54070e-06
 1.21276e-06
 9.79343e-07
 8.07298e-07
 6.76849e-07
 5.75590e-07
 4.95423e-07
 4.30875e-07
 3.78141e-07
 3.34507e-07
 2.97996e-07
 2.67141e-07
 2.40831e-07
 2.18217e-07
 1.98640e-07
 1.81578e-07
 1.66621e-07
 1.53435e-07
 1.41752e-07
 1.31352e-07
 1.62405e-06
 1.26264e-06
 1.01075e-06
 8.27874e-07
 6.90752e-07
 5.85223e-07
 5.02235e-07
 4.35774e-07
 3.81713e-07
 3.37141e-07
 2.99956e-07
 2.68608e-07
 2.41934e-07
 2.19049e-07
 1.99267e-07
 1.82050e-07
 1.66973e-07
 1.53695e-07
 1.41941e-07
 1.31486e-07
 1.64395e-06
 1.27269e-06
 1.01587e-06
 8.30372e-07
 6.91815e-07
 5.85484e-07
 5.02046e-07
 4.35339e-07
 3.81149e-07
 3.36519e-07
 2.99317e-07
 2.67977e-07
 2.41325e-07
 2.18469e-07
 1.98720e-07
 1.81537e-07
 1.66494e-07
 1.53249e-07
 1.41526e-07
 1.31100e-07
 1.59597e-06
 1.24085e-06
 9.93646e-07
 8.14242e-07
 6.79733e-07
 5.76199e-07
 4.94756e-07
 4.29509e-07
 3.76414e-07
 3.32620e-07
 2.96069e-07
 2.65242e-07
 2.39001e-07
 2.16477e-07
 1.96999e-07
 1.80041e-07
 1.65185e-07
 1.52097e-07
 1.40507e-07
 1.30194e-07
 1.48880e-06
 1.17155e-06
 9.46531e-07
 7.80921e-07
 6.55398e-07
 5.57944e-07
 4.80749e-07
 4.18552e-07
 3.67697e-07
 3.25583e-07
 2.90312e-07
 2.60479e-07
 2.35019e-07
 2.13118e-07
 1.94141e-07
 1.77590e-07
 1.63068e-07
 1.50258e-07
 1.38899e-07
 1.28781e-07
 1.34020e-06
 1.07408e-06
 8.79735e-07
 7.33495e-07
 6.20719e-07
 5.31948e-07
 4.60842e-07
 4.03024e-07
 3.55387e-07
 3.15684e-07
 2.82251e-07
 2.53839e-07
 2.29494e-07
 2.08477e-07
 1.90211e-07
 1.74236e-07
 1.60186e-07
 1.47765e-07
 1.36730e-07
 1.26884e-07
 1.17069e-06
 9.59855e-07
 7.99933e-07
 6.76034e-07
 5.78272e-07
 4.99893e-07
 4.36166e-07
 3.83704e-07
 3.40034e-07
 3.03319e-07
 2.72173e-07
 2.45536e-07
 2.22586e-07
 2.02679e-07
 1.85305e-07
 1.70054e-07
 1.56597e-07
 1.44665e-07
 1.34037e-07
 1.24531e-07
 9.98483e-07
 8.39821e-07
 7.13898e-07
 6.12857e-07
 5.30885e-07
 4.63677e-07
 4.08022e-07
 3.61504e-07
 3.22287e-07
 2.88959e-07
 2.60426e-07
 2.35830e-07
 2.14494e-07
 1.95876e-07
 1.79541e-07
 1.65136e-07
 1.52374e-07
 1.41016e-07
 1.30867e-07
 1.21763e-07
 8.36692e-07
 7.22727e-07
 6.27475e-07
 5.47907e-07
 4.81256e-07
 4.25174e-07
 3.77734e-07
 3.37375e-07
 3.02838e-07
 2.73116e-07
 2.47392e-07
 2.25011e-07
 2.05438e-07
 1.88238e-07
 1.73052e-07
 1.59588e-07
 1.47600e-07
 1.36886e-07
 1.27274e-07
 1.18622e-07
 6.92815e-07
 6.14446e-07
 5.45024e-07
 4.84360e-07
 4.31688e-07
 3.86063e-07
 3.46532e-07
 3.12222e-07
 2.82364e-07
 2.56297e-07
 2.33459e-07
 2.13376e-07
 1.95649e-07
 1.79945e-07
 1.65982e-07
 1.53523e-07
 1.42368e-07
 1.32348e-07
 1.23319e-07
 1.15158e-07
 5.69675e-07
 5.18119e-07
 4.69322e-07
 4.24474e-07
 3.83954e-07
 3.47707e-07
 3.15461e-07
 2.86849e-07
 2.61483e-07
 2.38982e-07
 2.18997e-07
 2.01214e-07
 1.85356e-07
 1.71179e-07
 1.58474e-07
 1.47056e-07
 1.36770e-07
 1.27478e-07
 1.19063e-07
 1.11423e-07
 4.66967e-07
 4.34767e-07
 4.01767e-07
 3.69627e-07
 3.39265e-07
 3.11123e-07
 2.85348e-07
 2.61920e-07
 2.40722e-07
 2.21590e-07
 2.04342e-07
 1.88795e-07
 1.74774e-07
 1.62114e-07
 1.50668e-07
 1.40303e-07
 1.30900e-07
 1.22353e-07
 1.14570e-07
 1.07468e-07
 3.82699e-07
 3.64016e-07
 3.42723e-07
 3.20470e-07
 2.98337e-07
 2.76984e-07
 2.56790e-07
 2.37943e-07
 2.20509e-07
 2.04475e-07
 1.89784e-07
 1.76356e-07
 1.64097e-07
 1.52909e-07
 1.42697e-07
 1.33372e-07
 1.24848e-07
 1.17049e-07
 1.09903e-07
 1.03346e-07
