scalar
part
         1
quad4
 4.08291e-07
 3.87599e-07
 3.64284e-07
 3.40092e-07
 3.16152e-07
 2.93149e-07
 2.71465e-07
 2.51281e-07
 2.32654e-07
 2.15557e-07
 1.99920e-07
 1.85648e-07
 1.72636e-07
 1.60776e-07
 1.49963e-07
 1.40098e-07
 1.31089e-07
 1.22851e-07
 1.15309e-07
 1.08394e-07
 4.97968e-07
 4.62713e-07
 4.26824e-07
 3.92046e-07
 3.59322e-07
 3.29090e-07
 3.01479e-07
 2.76442e-07
 2.53835e-07
 2.33469e-07
 2.15138e-07
 1.98638e-07
 1.83775e-07
 1.70371e-07
 1.58264e-07
 1.47311e-07
 1.37382e-07
 1.28364e-07
 1.20157e-07
 1.12673e-07
 6.07266e-07
 5.51170e-07
 4.98331e-07
 4.49960e-07
 4.06405e-07
 3.67558e-07
 3.33085e-07
 3.02565e-07
 2.75559e-07
 2.51644e-07
 2.30434e-07
 2.11587e-07
 1.94798e-07
 1.79806e-07
 1.66381e-07
 1.54328e-07
 1.43477e-07
 1.33681e-07
 1.24816e-07
 1.16771e-07
 7.38274e-07
 6.53324e-07
 5.78375e-07
 5.13111e-07
 4.56622e-07
 4.07822e-07
 3.65641e-07
 3.29107e-07
 2.97370e-07
 2.69706e-07
 2.45502e-07
 2.24244e-07
 2.05501e-07
 1.88912e-07
 1.74175e-07
 1.61035e-07
 1.49279e-07
 1.38726e-07
 1.29222e-07
 1.20636e-07
 8.91238e-07
 7.68011e-07
 6.65409e-07
 5.79993e-07
 5.08658e-07
 4.48791e-07
 3.98263e-07
 3.55359e-07
 3.18708e-07
 2.87211e-07
 2.59987e-07
 2.36328e-07
 2.15657e-07
 1.97508e-07
 1.81498e-07
 1.67313e-07
 1.54691e-07
 1.43417e-07
 1.33308e-07
 1.24213e-07
 1.06297e-06
 8.91754e-07
 7.56399e-07
 6.48161e-07
 5.60608e-07
 4.89003e-07
 4.29834e-07
 3.80470e-07
 3.38918e-07
 3.03654e-07
 2.73499e-07
 2.47532e-07
 2.25027e-07
 2.05404e-07
 1.88201e-07
 1.73040e-07
 1.59615e-07
 1.47674e-07
 1.37010e-07
 1.27447e-07
 1.24515e-06
 1.01812e-06
 8.46614e-07
 7.14195e-07
 6.10007e-07
 5.26675e-07
 4.59055e-07
 4.03482e-07
 3.57289e-07
 3.18500e-07
 2.85631e-07
 2.57546e-07
 2.33369e-07
 2.12412e-07
 1.94134e-07
 1.78098e-07
 1.63956e-07
 1.51423e-07
 1.40265e-07
 1.30288e-07
 1.42336e-06
 1.13760e-06
 9.29766e-07
 7.73884e-07
 6.53992e-07
 5.59823e-07
 4.84530e-07
 4.23398e-07
 3.73096e-07
 3.31217e-07
 2.95986e-07
 2.66069e-07
 2.40454e-07
 2.18355e-07
 1.99158e-07
 1.82379e-07
 1.67628e-07
 1.54593e-07
 1.43017e-07
 1.32691e-07
 1.57782e-06
 1.23845e-06
 9.98647e-07
 8.22666e-07
 6.89589e-07
 5.86464e-07
 5.04902e-07
 4.39270e-07
 3.85666e-07
 3.41315e-07
 3.04203e-07
 2.72833e-07
 2.46078e-07
 2.23075e-07
 2.03154e-07
 1.85787e-07
 1.70556e-07
 1.57123e-07
 1.45218e-07
 1.34616e-07
 1.68667e-06
 1.30865e-06
 1.04628e-06
 8.56306e-07
 7.14131e-07
 6.04857e-07
 5.19005e-07
 4.50296e-07
 3.94433e-07
 3.48390e-07
 3.09987e-07
 2.77616e-07
 2.50076e-07
 2.26447e-07
 2.06022e-07
 1.88246e-07
 1.72678e-07
 1.58967e-07
 1.46829e-07
 1.36031e-07
 1.73175e-06
 1.33874e-06
 1.06738e-06
 8.71681e-07
 7.25686e-07
 6.13764e-07
 5.26016e-07
 4.55914e-07
 3.99005e-07
 3.52161e-07
 3.13133e-07
 2.80269e-07
 2.52333e-07
 2.28384e-07
 2.07697e-07
 1.89703e-07
 1.73954e-07
 1.60091e-07
 1.47824e-07
 1.36916e-07
 1.70508e-06
 1.32463e-06
 1.05967e-06
 8.67452e-07
 7.23422e-07
 6.12642e-07
 5.25571e-07
 4.55873e-07
 3.99203e-07
 3.52498e-07
 3.13546e-07
 2.80719e-07
 2.52795e-07
 2.28843e-07
 2.08143e-07
 1.90132e-07
 1.74362e-07
 1.60477e-07
 1.48188e-07
 1.37258e-07
 1.61259e-06
 1.26909e-06
 1.02458e-06
 8.44376e-07
 7.07762e-07
 6.01739e-07
 5.17818e-07
 4.50263e-07
 3.95083e-07
 3.49435e-07
 3.11246e-07
 2.78978e-07
 2.51468e-07
 2.27828e-07
 2.07364e-07
 1.89533e-07
 1.73903e-07
 1.60126e-07
 1.47921e-07
 1.37057e-07
 1.47190e-06
 1.18091e-06
 9.66798e-07
 8.05129e-07
 6.80302e-07
 5.82042e-07
 5.03388e-07
 4.39496e-07
 3.86922e-07
 3.43163e-07
 3.06367e-07
 2.75141e-07
 2.48423e-07
 2.25389e-07
 2.05396e-07
 1.87935e-07
 1.72597e-07
 1.59052e-07
 1.47034e-07
 1.36322e-07
 1.30544e-06
 1.07205e-06
 8.93075e-07
 7.53692e-07
 6.43486e-07
 5.55104e-07
 4.83295e-07
 4.24256e-07
 3.75190e-07
 3.34011e-07
 2.99144e-07
 2.69379e-07
 2.43782e-07
 2.21620e-07
 2.02310e-07
 1.85390e-07
 1.70484e-07
 1.57289e-07
 1.45554e-07
 1.35073e-07
 1.13347e-06
 9.54425e-07
 8.10601e-07
 6.94532e-07
 6.00168e-07
 5.22796e-07
 4.58799e-07
 4.05405e-07
 3.60489e-07
 3.22409e-07
 2.89886e-07
 2.61920e-07
 2.37717e-07
 2.16647e-07
 1.98203e-07
 1.81974e-07
 1.67625e-07
 1.54881e-07
 1.43515e-07
 1.33338e-07
 9.70263e-07
 8.37624e-07
 7.25717e-07
 6.31860e-07
 5.53179e-07
 4.87052e-07
 4.31238e-07
 3.83888e-07
 3.43496e-07
 3.08846e-07
 2.78956e-07
 2.53031e-07
 2.30429e-07
 2.10627e-07
 1.93194e-07
 1.77779e-07
 1.64090e-07
 1.51886e-07
 1.40964e-07
 1.31154e-07
 8.23677e-07
 7.28055e-07
 6.43213e-07
 5.69144e-07
 5.05006e-07
 4.49654e-07
 4.01900e-07
 3.60641e-07
 3.24899e-07
 2.93834e-07
 2.66735e-07
 2.43004e-07
 2.22141e-07
 2.03728e-07
 1.87415e-07
 1.72909e-07
 1.59963e-07
 1.48369e-07
 1.37953e-07
 1.28564e-07
 6.96638e-07
 6.29189e-07
 5.66203e-07
 5.08911e-07
 4.57612e-07
 4.12099e-07
 3.71918e-07
 3.36520e-07
 3.05346e-07
 2.77867e-07
 2.53604e-07
 2.32131e-07
 2.13080e-07
 1.96131e-07
 1.81008e-07
 1.67476e-07
 1.55332e-07
 1.44404e-07
 1.34541e-07
 1.25616e-07
 5.88977e-07
 5.42299e-07
 4.96354e-07
 4.52774e-07
 4.12396e-07
 3.75539e-07
 3.42214e-07
 3.12257e-07
 2.85414e-07
 2.61398e-07
 2.39918e-07
 2.20694e-07
 2.03469e-07
 1.88012e-07
 1.74114e-07
 1.61594e-07
 1.50291e-07
 1.40063e-07
 1.30788e-07
 1.22358e-07
