scalar
part
         1
quad4
 5.61486e-07
 5.18250e-07
 4.75390e-07
 4.34521e-07
 3.96492e-07
 3.61656e-07
 3.30061e-07
 3.01583e-07
 2.76004e-07
 2.53070e-07
 2.32517e-07
 2.14092e-07
 1.97557e-07
 1.82697e-07
 1.69320e-07
 1.57253e-07
 1.46347e-07
 1.36469e-07
 1.27503e-07
 1.19346e-07
 6.65594e-07
 6.02574e-07
 5.43419e-07
 4.89387e-07
 4.40838e-07
 3.97632e-07
 3.59385e-07
 3.25611e-07
 2.95802e-07
 2.69476e-07
 2.46190e-07
 2.25550e-07
 2.07212e-07
 1.90874e-07
 1.76280e-07
 1.63207e-07
 1.51463e-07
 1.40885e-07
 1.31329e-07
 1.22676e-07
 7.88768e-07
 6.98813e-07
 6.18681e-07
 5.48483e-07
 4.87513e-07
 4.34753e-07
 3.89126e-07
 3.49619e-07
 3.15328e-07
 2.85472e-07
 2.59386e-07
 2.36509e-07
 2.16371e-07
 1.98577e-07
 1.82794e-07
 1.68746e-07
 1.56197e-07
 1.44950e-07
 1.34837e-07
 1.25715e-07
 9.31361e-07
 8.05883e-07
 6.99667e-07
 6.10316e-07
 5.35211e-07
 4.71933e-07
 4.18407e-07
 3.72909e-07
 3.34027e-07
 3.00620e-07
 2.71759e-07
 2.46696e-07
 2.24819e-07
 2.05631e-07
 1.88722e-07
 1.73758e-07
 1.60458e-07
 1.48592e-07
 1.37965e-07
 1.28414e-07
 1.09082e-06
 9.20617e-07
 7.83487e-07
 6.72515e-07
 5.82070e-07
 5.07744e-07
 4.46141e-07
 3.94654e-07
 3.51271e-07
 3.14438e-07
 2.82940e-07
 2.55823e-07
 2.32331e-07
 2.11860e-07
 1.93925e-07
 1.78131e-07
 1.64157e-07
 1.51738e-07
 1.40655e-07
 1.30726e-07
 1.25993e-06
 1.03704e-06
 8.65626e-07
 7.31785e-07
 6.25712e-07
 5.40468e-07
 4.71082e-07
 4.13942e-07
 3.66386e-07
 3.26425e-07
 2.92549e-07
 2.63602e-07
 2.38686e-07
 2.17094e-07
 1.98269e-07
 1.81761e-07
 1.67210e-07
 1.54321e-07
 1.42853e-07
 1.32606e-07
 1.42532e-06
 1.14608e-06
 9.40041e-07
 7.84078e-07
 6.63396e-07
 5.68223e-07
 4.91915e-07
 4.29843e-07
 3.78703e-07
 3.36092e-07
 3.00226e-07
 2.69765e-07
 2.43680e-07
 2.21177e-07
 2.01634e-07
 1.84554e-07
 1.69545e-07
 1.56284e-07
 1.44513e-07
 1.34017e-07
 1.56783e-06
 1.23635e-06
 9.99779e-07
 8.25038e-07
 6.92318e-07
 5.89156e-07
 5.07389e-07
 4.41492e-07
 3.87614e-07
 3.43004e-07
 3.05656e-07
 2.74077e-07
 2.47139e-07
 2.23977e-07
 2.03918e-07
 1.86433e-07
 1.71099e-07
 1.57579e-07
 1.45597e-07
 1.34929e-07
 1.66579e-06
 1.29615e-06
 1.03818e-06
 8.50696e-07
 7.10018e-07
 6.01691e-07
 5.16465e-07
 4.48189e-07
 3.92635e-07
 3.46821e-07
 3.08593e-07
 2.76361e-07
 2.48932e-07
 2.25396e-07
 2.05049e-07
 1.87339e-07
 1.71829e-07
 1.58170e-07
 1.46077e-07
 1.35320e-07
 1.70152e-06
 1.31652e-06
 1.05037e-06
 8.58245e-07
 7.14805e-07
 6.04773e-07
 5.18462e-07
 4.49479e-07
 3.93458e-07
 3.47329e-07
 3.08887e-07
 2.76509e-07
 2.48980e-07
 2.25375e-07
 2.04981e-07
 1.87240e-07
 1.71711e-07
 1.58039e-07
 1.45939e-07
 1.35179e-07
 1.66783e-06
 1.29397e-06
 1.03452e-06
 8.46665e-07
 7.06086e-07
 5.98042e-07
 5.13156e-07
 4.45222e-07
 3.89990e-07
 3.44467e-07
 3.06497e-07
 2.74492e-07
 2.47262e-07
 2.23900e-07
 2.03706e-07
 1.86130e-07
 1.70738e-07
 1.57181e-07
 1.45180e-07
 1.34504e-07
 1.57060e-06
 1.23152e-06
 9.92295e-07
 8.16953e-07
 6.84482e-07
 5.81902e-07
 5.00820e-07
 4.35606e-07
 3.82365e-07
 3.38331e-07
 3.01493e-07
 2.70364e-07
 2.43821e-07
 2.21004e-07
 2.01248e-07
 1.84027e-07
 1.68927e-07
 1.55611e-07
 1.43810e-07
 1.33303e-07
 1.42608e-06
 1.13761e-06
 9.28426e-07
 7.71889e-07
 6.51711e-07
 5.57455e-07
 4.82183e-07
 4.21128e-07
 3.70931e-07
 3.29169e-07
 2.94058e-07
 2.64259e-07
 2.38756e-07
 2.16764e-07
 1.97667e-07
 1.80979e-07
 1.66314e-07
 1.53357e-07
 1.41854e-07
 1.31595e-07
 1.25511e-06
 1.02364e-06
 8.49479e-07
 7.15447e-07
 6.10267e-07
 5.26323e-07
 4.58328e-07
 4.02530e-07
 3.56209e-07
 3.17355e-07
 2.84462e-07
 2.56379e-07
 2.32220e-07
 2.11294e-07
 1.93051e-07
 1.77055e-07
 1.62955e-07
 1.50463e-07
 1.39346e-07
 1.29410e-07
 1.07746e-06
 9.01161e-07
 7.62481e-07
 6.52041e-07
 5.63011e-07
 4.90405e-07
 4.30552e-07
 3.80717e-07
 3.38841e-07
 3.03353e-07
 2.73046e-07
 2.46977e-07
 2.24405e-07
 2.04741e-07
 1.87515e-07
 1.72344e-07
 1.58919e-07
 1.46985e-07
 1.36331e-07
 1.26782e-07
 9.08057e-07
 7.79839e-07
 6.73733e-07
 5.85848e-07
 5.12762e-07
 4.51644e-07
 4.00213e-07
 3.56655e-07
 3.19524e-07
 2.87676e-07
 2.60193e-07
 2.36341e-07
 2.15529e-07
 1.97276e-07
 1.81190e-07
 1.66950e-07
 1.54289e-07
 1.42988e-07
 1.32862e-07
 1.23756e-07
 7.55886e-07
 6.66415e-07
 5.88099e-07
 5.20337e-07
 4.61995e-07
 4.11814e-07
 3.68599e-07
 3.31285e-07
 2.98959e-07
 2.70845e-07
 2.46297e-07
 2.24774e-07
 2.05826e-07
 1.89079e-07
 1.74219e-07
 1.60985e-07
 1.49156e-07
 1.38546e-07
 1.28999e-07
 1.20380e-07
 6.24698e-07
 5.64694e-07
 5.08793e-07
 4.58047e-07
 4.12659e-07
 3.72396e-07
 3.36829e-07
 3.05460e-07
 2.77792e-07
 2.53359e-07
 2.31743e-07
 2.12574e-07
 1.95531e-07
 1.80336e-07
 1.66750e-07
 1.54568e-07
 1.43614e-07
 1.33736e-07
 1.24804e-07
 1.16706e-07
 5.14667e-07
 4.76120e-07
 4.37540e-07
 4.00591e-07
 3.66132e-07
 3.34518e-07
 3.05807e-07
 2.79894e-07
 2.56589e-07
 2.35663e-07
 2.16884e-07
 2.00022e-07
 1.84867e-07
 1.71226e-07
 1.58927e-07
 1.47816e-07
 1.37759e-07
 1.28635e-07
 1.20342e-07
 1.12786e-07
 4.23976e-07
 4.00551e-07
 3.74918e-07
 3.48794e-07
 3.23260e-07
 2.98950e-07
 2.76200e-07
 2.55148e-07
 2.35812e-07
 2.18137e-07
 2.02028e-07
 1.87369e-07
 1.74039e-07
 1.61917e-07
 1.50887e-07
 1.40842e-07
 1.31683e-07
 1.23322e-07
 1.15676e-07
 1.08675e-07
