scalar
part
         1
quad4
 4.01193e-07
 3.80965e-07
 3.58141e-07
 3.34439e-07
 3.10967e-07
 2.88401e-07
 2.67119e-07
 2.47302e-07
 2.29005e-07
 2.12207e-07
 1.96839e-07
 1.82809e-07
 1.70014e-07
 1.58350e-07
 1.47713e-07
 1.38007e-07
 1.29142e-07
 1.21035e-07
 1.13612e-07
 1.06805e-07
 4.89225e-07
 4.54729e-07
 4.19581e-07
 3.85498e-07
 3.53409e-07
 3.23747e-07
 2.96646e-07
 2.72060e-07
 2.49853e-07
 2.29841e-07
 2.11823e-07
 1.95601e-07
 1.80985e-07
 1.67801e-07
 1.55892e-07
 1.45114e-07
 1.35344e-07
 1.26468e-07
 1.18390e-07
 1.11022e-07
 5.96489e-07
 5.41581e-07
 4.89823e-07
 4.42413e-07
 3.99699e-07
 3.61581e-07
 3.27741e-07
 2.97769e-07
 2.71237e-07
 2.47735e-07
 2.26887e-07
 2.08355e-07
 1.91844e-07
 1.77097e-07
 1.63890e-07
 1.52030e-07
 1.41351e-07
 1.31710e-07
 1.22983e-07
 1.15063e-07
 7.25028e-07
 6.41870e-07
 5.68450e-07
 5.04477e-07
 4.49073e-07
 4.01186e-07
 3.59774e-07
 3.23892e-07
 2.92711e-07
 2.65523e-07
 2.41728e-07
 2.20824e-07
 2.02390e-07
 1.86071e-07
 1.71571e-07
 1.58641e-07
 1.47070e-07
 1.36683e-07
 1.27326e-07
 1.18874e-07
 8.75080e-07
 7.54457e-07
 6.53949e-07
 5.70218e-07
 5.00246e-07
 4.41493e-07
 3.91880e-07
 3.49737e-07
 3.13723e-07
 2.82764e-07
 2.55998e-07
 2.32731e-07
 2.12398e-07
 1.94543e-07
 1.78790e-07
 1.64829e-07
 1.52406e-07
 1.41308e-07
 1.31356e-07
 1.22401e-07
 1.04354e-06
 8.75952e-07
 7.43354e-07
 6.37241e-07
 5.51351e-07
 4.81068e-07
 4.22963e-07
 3.74467e-07
 3.33632e-07
 2.98965e-07
 2.69314e-07
 2.43774e-07
 2.21635e-07
 2.02328e-07
 1.85398e-07
 1.70477e-07
 1.57262e-07
 1.45507e-07
 1.35007e-07
 1.25591e-07
 1.22230e-06
 1.00008e-06
 8.32043e-07
 7.02201e-07
 5.99973e-07
 5.18162e-07
 4.51747e-07
 3.97141e-07
 3.51737e-07
 3.13600e-07
 2.81275e-07
 2.53649e-07
 2.29862e-07
 2.09240e-07
 1.91251e-07
 1.75467e-07
 1.61545e-07
 1.49205e-07
 1.38218e-07
 1.28394e-07
 1.39732e-06
 1.11755e-06
 9.13863e-07
 7.60971e-07
 6.43301e-07
 5.50829e-07
 4.76859e-07
 4.16779e-07
 3.67327e-07
 3.26144e-07
 2.91490e-07
 2.62058e-07
 2.36853e-07
 2.15104e-07
 1.96209e-07
 1.79692e-07
 1.65169e-07
 1.52334e-07
 1.40935e-07
 1.30766e-07
 1.54929e-06
 1.21687e-06
 9.81751e-07
 8.09074e-07
 6.78417e-07
 5.77116e-07
 4.96965e-07
 4.32446e-07
 3.79736e-07
 3.36114e-07
 2.99603e-07
 2.68737e-07
 2.42407e-07
 2.19766e-07
 2.00155e-07
 1.83057e-07
 1.68060e-07
 1.54833e-07
 1.43109e-07
 1.32667e-07
 1.65683e-06
 1.28627e-06
 1.02885e-06
 8.42343e-07
 7.02690e-07
 5.95310e-07
 5.10915e-07
 4.43352e-07
 3.88407e-07
 3.43112e-07
 3.05324e-07
 2.73468e-07
 2.46361e-07
 2.23101e-07
 2.02992e-07
 1.85489e-07
 1.70159e-07
 1.56657e-07
 1.44702e-07
 1.34067e-07
 1.70202e-06
 1.31637e-06
 1.04993e-06
 8.57689e-07
 7.14212e-07
 6.04183e-07
 5.17894e-07
 4.48942e-07
 3.92954e-07
 3.46859e-07
 3.08450e-07
 2.76102e-07
 2.48601e-07
 2.25023e-07
 2.04653e-07
 1.86934e-07
 1.71425e-07
 1.57771e-07
 1.45688e-07
 1.34944e-07
 1.67681e-06
 1.30308e-06
 1.04272e-06
 8.53766e-07
 7.12146e-07
 6.03193e-07
 5.17539e-07
 4.48963e-07
 3.93196e-07
 3.47227e-07
 3.08885e-07
 2.76567e-07
 2.49074e-07
 2.25489e-07
 2.05105e-07
 1.87367e-07
 1.71835e-07
 1.58159e-07
 1.46053e-07
 1.35286e-07
 1.58675e-06
 1.24899e-06
 1.00853e-06
 8.31287e-07
 6.96891e-07
 5.92573e-07
 5.09988e-07
 4.43499e-07
 3.89184e-07
 3.44246e-07
 3.06647e-07
 2.74875e-07
 2.47785e-07
 2.24504e-07
 2.04349e-07
 1.86787e-07
 1.71391e-07
 1.57819e-07
 1.45795e-07
 1.35093e-07
 1.44900e-06
 1.16266e-06
 9.51963e-07
 7.92858e-07
 6.70001e-07
 5.73283e-07
 4.95855e-07
 4.32954e-07
 3.81191e-07
 3.38103e-07
 3.01869e-07
 2.71117e-07
 2.44802e-07
 2.22116e-07
 2.02423e-07
 1.85222e-07
 1.70112e-07
 1.56768e-07
 1.44928e-07
 1.34374e-07
 1.28562e-06
 1.05583e-06
 8.79616e-07
 7.42381e-07
 6.33871e-07
 5.46845e-07
 4.76135e-07
 4.17996e-07
 3.69676e-07
 3.29120e-07
 2.94778e-07
 2.65461e-07
 2.40247e-07
 2.18415e-07
 1.99393e-07
 1.82724e-07
 1.68038e-07
 1.55037e-07
 1.43474e-07
 1.33147e-07
 1.11659e-06
 9.40229e-07
 7.98569e-07
 6.84248e-07
 5.91306e-07
 5.15100e-07
 4.52065e-07
 3.99473e-07
 3.55230e-07
 3.17718e-07
 2.85681e-07
 2.58130e-07
 2.34287e-07
 2.13529e-07
 1.95357e-07
 1.79366e-07
 1.65228e-07
 1.52670e-07
 1.41471e-07
 1.31442e-07
 9.56010e-07
 8.25331e-07
 7.15079e-07
 6.22611e-07
 5.45096e-07
 4.79949e-07
 4.24962e-07
 3.78313e-07
 3.38519e-07
 3.04381e-07
 2.74931e-07
 2.49389e-07
 2.27120e-07
 2.07607e-07
 1.90430e-07
 1.75240e-07
 1.61751e-07
 1.49725e-07
 1.38961e-07
 1.29294e-07
 8.11700e-07
 7.17479e-07
 6.33878e-07
 5.60892e-07
 4.97692e-07
 4.43150e-07
 3.96095e-07
 3.55440e-07
 3.20221e-07
 2.89610e-07
 2.62907e-07
 2.39523e-07
 2.18965e-07
 2.00820e-07
 1.84744e-07
 1.70448e-07
 1.57690e-07
 1.46265e-07
 1.35999e-07
 1.26746e-07
 6.86583e-07
 6.20121e-07
 5.58050e-07
 5.01589e-07
 4.51033e-07
 4.06180e-07
 3.66581e-07
 3.31697e-07
 3.00975e-07
 2.73894e-07
 2.49982e-07
 2.28821e-07
 2.10046e-07
 1.93342e-07
 1.78438e-07
 1.65101e-07
 1.53132e-07
 1.42361e-07
 1.32640e-07
 1.23843e-07
 5.80521e-07
 5.34529e-07
 4.89250e-07
 4.46300e-07
 4.06503e-07
 3.70177e-07
 3.37332e-07
 3.07805e-07
 2.81349e-07
 2.57678e-07
 2.36507e-07
 2.17560e-07
 2.00583e-07
 1.85348e-07
 1.71650e-07
 1.59310e-07
 1.48168e-07
 1.38087e-07
 1.28945e-07
 1.20635e-07
