scalar
part
         1
quad4
 4.05749e-07
 3.84850e-07
 3.61442e-07
 3.37240e-07
 3.13345e-07
 2.90424e-07
 2.68844e-07
 2.48779e-07
 2.30275e-07
 2.13302e-07
 1.97788e-07
 1.83635e-07
 1.70736e-07
 1.58983e-07
 1.48271e-07
 1.38501e-07
 1.29580e-07
 1.21425e-07
 1.13960e-07
 1.07118e-07
 4.94268e-07
 4.58931e-07
 4.23077e-07
 3.88408e-07
 3.55838e-07
 3.25784e-07
 2.98360e-07
 2.73511e-07
 2.51087e-07
 2.30896e-07
 2.12730e-07
 1.96385e-07
 1.81666e-07
 1.68395e-07
 1.56412e-07
 1.45573e-07
 1.35749e-07
 1.26827e-07
 1.18710e-07
 1.11308e-07
 6.02019e-07
 5.46067e-07
 4.93467e-07
 4.45384e-07
 4.02134e-07
 3.63590e-07
 3.29409e-07
 2.99164e-07
 2.72412e-07
 2.48731e-07
 2.27736e-07
 2.09083e-07
 1.92473e-07
 1.77642e-07
 1.64365e-07
 1.52446e-07
 1.41717e-07
 1.32033e-07
 1.23270e-07
 1.15319e-07
 7.30997e-07
 6.46563e-07
 5.72161e-07
 5.07435e-07
 4.51452e-07
 4.03116e-07
 3.61355e-07
 3.25198e-07
 2.93799e-07
 2.66436e-07
 2.42501e-07
 2.21483e-07
 2.02954e-07
 1.86558e-07
 1.71993e-07
 1.59009e-07
 1.47393e-07
 1.36967e-07
 1.27577e-07
 1.19097e-07
 8.81348e-07
 7.59215e-07
 6.57603e-07
 5.73060e-07
 5.02487e-07
 4.43280e-07
 3.93324e-07
 3.50916e-07
 3.14695e-07
 2.83573e-07
 2.56677e-07
 2.33305e-07
 2.12887e-07
 1.94962e-07
 1.79152e-07
 1.65143e-07
 1.52680e-07
 1.41548e-07
 1.31567e-07
 1.22588e-07
 1.04983e-06
 8.80546e-07
 7.46775e-07
 6.39837e-07
 5.53356e-07
 4.82641e-07
 4.24216e-07
 3.75477e-07
 3.34456e-07
 2.99645e-07
 2.69880e-07
 2.44250e-07
 2.22037e-07
 2.02671e-07
 1.85693e-07
 1.70731e-07
 1.57483e-07
 1.45699e-07
 1.35175e-07
 1.25739e-07
 1.22816e-06
 1.00418e-06
 8.35007e-07
 7.04396e-07
 6.01635e-07
 5.19445e-07
 4.52753e-07
 3.97943e-07
 3.52385e-07
 3.14129e-07
 2.81711e-07
 2.54012e-07
 2.30167e-07
 2.09499e-07
 1.91471e-07
 1.75656e-07
 1.61708e-07
 1.49347e-07
 1.38341e-07
 1.28502e-07
 1.40212e-06
 1.12078e-06
 9.16124e-07
 7.62605e-07
 6.44513e-07
 5.51748e-07
 4.77570e-07
 4.17337e-07
 3.67772e-07
 3.26503e-07
 2.91783e-07
 2.62299e-07
 2.37053e-07
 2.15272e-07
 1.96351e-07
 1.79811e-07
 1.65271e-07
 1.52421e-07
 1.41010e-07
 1.30831e-07
 1.55232e-06
 1.21883e-06
 9.83076e-07
 8.10003e-07
 6.79087e-07
 5.77612e-07
 4.97339e-07
 4.32732e-07
 3.79958e-07
 3.36289e-07
 2.99742e-07
 2.68847e-07
 2.42496e-07
 2.19838e-07
 2.00214e-07
 1.83105e-07
 1.68099e-07
 1.54865e-07
 1.43135e-07
 1.32688e-07
 1.65753e-06
 1.28666e-06
 1.02908e-06
 8.42471e-07
 7.02760e-07
 5.95344e-07
 5.10926e-07
 4.43349e-07
 3.88395e-07
 3.43093e-07
 3.05302e-07
 2.73444e-07
 2.46335e-07
 2.23075e-07
 2.02966e-07
 1.85463e-07
 1.70134e-07
 1.56632e-07
 1.44678e-07
 1.34044e-07
 1.70020e-06
 1.31511e-06
 1.04901e-06
 8.56990e-07
 7.13666e-07
 6.03745e-07
 5.17537e-07
 4.48645e-07
 3.92703e-07
 3.46646e-07
 3.08265e-07
 2.75942e-07
 2.48460e-07
 2.24898e-07
 2.04542e-07
 1.86835e-07
 1.71335e-07
 1.57690e-07
 1.45614e-07
 1.34876e-07
 1.67275e-06
 1.30030e-06
 1.04073e-06
 8.52288e-07
 7.11014e-07
 6.02304e-07
 5.16827e-07
 4.48382e-07
 3.92714e-07
 3.46823e-07
 3.08542e-07
 2.76273e-07
 2.48820e-07
 2.25267e-07
 2.04910e-07
 1.87194e-07
 1.71682e-07
 1.58021e-07
 1.45929e-07
 1.35175e-07
 1.58109e-06
 1.24504e-06
 1.00567e-06
 8.29145e-07
 6.95246e-07
 5.91280e-07
 5.08953e-07
 4.42657e-07
 3.88488e-07
 3.43664e-07
 3.06155e-07
 2.74454e-07
 2.47423e-07
 2.24189e-07
 2.04074e-07
 1.86544e-07
 1.71175e-07
 1.57627e-07
 1.45624e-07
 1.34938e-07
 1.44246e-06
 1.15795e-06
 9.48472e-07
 7.90207e-07
 6.67942e-07
 5.71653e-07
 4.94543e-07
 4.31883e-07
 3.80304e-07
 3.37360e-07
 3.01240e-07
 2.70580e-07
 2.44339e-07
 2.21713e-07
 2.02071e-07
 1.84912e-07
 1.69838e-07
 1.56525e-07
 1.44710e-07
 1.34178e-07
 1.27881e-06
 1.05075e-06
 8.75750e-07
 7.39387e-07
 6.31511e-07
 5.44956e-07
 4.74601e-07
 4.16734e-07
 3.68625e-07
 3.28237e-07
 2.94028e-07
 2.64819e-07
 2.39693e-07
 2.17934e-07
 1.98971e-07
 1.82352e-07
 1.67710e-07
 1.54745e-07
 1.43213e-07
 1.32913e-07
 1.10993e-06
 9.35083e-07
 7.94546e-07
 6.81064e-07
 5.88754e-07
 5.13029e-07
 4.50365e-07
 3.98062e-07
 3.54048e-07
 3.16719e-07
 2.84828e-07
 2.57397e-07
 2.33652e-07
 2.12976e-07
 1.94872e-07
 1.78939e-07
 1.64849e-07
 1.52333e-07
 1.41169e-07
 1.31171e-07
 9.49752e-07
 8.20332e-07
 7.11065e-07
 6.19364e-07
 5.42447e-07
 4.77768e-07
 4.23151e-07
 3.76796e-07
 3.37237e-07
 3.03289e-07
 2.73995e-07
 2.48581e-07
 2.26417e-07
 2.06993e-07
 1.89890e-07
 1.74763e-07
 1.61327e-07
 1.49347e-07
 1.38623e-07
 1.28990e-07
 8.05954e-07
 7.12754e-07
 6.29988e-07
 5.57678e-07
 4.95024e-07
 4.40921e-07
 3.94221e-07
 3.53853e-07
 3.18869e-07
 2.88451e-07
 2.61906e-07
 2.38654e-07
 2.18206e-07
 2.00154e-07
 1.84156e-07
 1.69928e-07
 1.57226e-07
 1.45850e-07
 1.35627e-07
 1.26411e-07
 6.81378e-07
 6.15731e-07
 5.54355e-07
 4.98476e-07
 4.48405e-07
 4.03952e-07
 3.64685e-07
 3.30074e-07
 2.99580e-07
 2.72688e-07
 2.48934e-07
 2.27906e-07
 2.09243e-07
 1.92634e-07
 1.77811e-07
 1.64543e-07
 1.52634e-07
 1.41915e-07
 1.32238e-07
 1.23481e-07
 5.75842e-07
 5.30495e-07
 4.85787e-07
 4.43331e-07
 4.03956e-07
 3.67989e-07
 3.35446e-07
 3.06175e-07
 2.79934e-07
 2.56446e-07
 2.35429e-07
 2.16612e-07
 1.99747e-07
 1.84607e-07
 1.70992e-07
 1.58722e-07
 1.47642e-07
 1.37614e-07
 1.28518e-07
 1.20249e-07
