scalar
part
         1
quad4
 4.41274e-07
 4.14834e-07
 3.86761e-07
 3.58667e-07
 3.31540e-07
 3.05937e-07
 2.82132e-07
 2.60214e-07
 2.40163e-07
 2.21894e-07
 2.05288e-07
 1.90212e-07
 1.76528e-07
 1.64106e-07
 1.52819e-07
 1.42554e-07
 1.33206e-07
 1.24680e-07
 1.16891e-07
 1.09765e-07
 5.32390e-07
 4.90432e-07
 4.49187e-07
 4.10150e-07
 3.74043e-07
 3.41119e-07
 3.11357e-07
 2.84595e-07
 2.60596e-07
 2.39101e-07
 2.19849e-07
 2.02593e-07
 1.87108e-07
 1.73188e-07
 1.60651e-07
 1.49338e-07
 1.39106e-07
 1.29833e-07
 1.21409e-07
 1.13741e-07
 6.42300e-07
 5.78572e-07
 5.19872e-07
 4.66999e-07
 4.19973e-07
 3.78433e-07
 3.41858e-07
 3.09685e-07
 2.81368e-07
 2.56407e-07
 2.34357e-07
 2.14828e-07
 1.97486e-07
 1.82039e-07
 1.68240e-07
 1.55877e-07
 1.44768e-07
 1.34757e-07
 1.25711e-07
 1.17514e-07
 7.72559e-07
 6.79247e-07
 5.98152e-07
 5.28341e-07
 4.68457e-07
 4.17095e-07
 3.72961e-07
 3.34922e-07
 3.02016e-07
 2.73435e-07
 2.48505e-07
 2.26667e-07
 2.07459e-07
 1.90494e-07
 1.75451e-07
 1.62062e-07
 1.50101e-07
 1.39378e-07
 1.29734e-07
 1.21032e-07
 9.22720e-07
 7.90878e-07
 6.82245e-07
 5.92543e-07
 5.18114e-07
 4.55980e-07
 4.03768e-07
 3.59598e-07
 3.21982e-07
 2.89743e-07
 2.61944e-07
 2.37834e-07
 2.16808e-07
 1.98377e-07
 1.82143e-07
 1.67777e-07
 1.55010e-07
 1.43619e-07
 1.33415e-07
 1.24244e-07
 1.08884e-06
 9.09610e-07
 7.68934e-07
 6.57078e-07
 5.67011e-07
 4.93626e-07
 4.33174e-07
 3.82872e-07
 3.40627e-07
 3.04844e-07
 2.74299e-07
 2.48035e-07
 2.25303e-07
 2.05507e-07
 1.88170e-07
 1.72907e-07
 1.59404e-07
 1.47404e-07
 1.36694e-07
 1.27098e-07
 1.26202e-06
 1.02880e-06
 8.53441e-07
 7.18547e-07
 6.12726e-07
 5.28292e-07
 4.59919e-07
 4.03825e-07
 3.57269e-07
 3.18227e-07
 2.85182e-07
 2.56976e-07
 2.32717e-07
 2.11707e-07
 1.93396e-07
 1.77343e-07
 1.63195e-07
 1.50663e-07
 1.39512e-07
 1.29548e-07
 1.42773e-06
 1.13906e-06
 9.29648e-07
 7.72889e-07
 6.52514e-07
 5.58093e-07
 4.82683e-07
 4.21516e-07
 3.71229e-07
 3.29394e-07
 2.94224e-07
 2.64378e-07
 2.38837e-07
 2.16813e-07
 1.97691e-07
 1.80984e-07
 1.66303e-07
 1.53333e-07
 1.41819e-07
 1.31552e-07
 1.56704e-06
 1.22928e-06
 9.90773e-07
 8.15836e-07
 6.83610e-07
 5.81187e-07
 5.00211e-07
 4.35072e-07
 3.81888e-07
 3.37898e-07
 3.01096e-07
 2.69997e-07
 2.43479e-07
 2.20685e-07
 2.00949e-07
 1.83746e-07
 1.68661e-07
 1.55360e-07
 1.43573e-07
 1.33077e-07
 1.66000e-06
 1.28851e-06
 1.03049e-06
 8.43559e-07
 7.03609e-07
 5.96014e-07
 5.11462e-07
 4.43781e-07
 3.88746e-07
 3.43381e-07
 3.05540e-07
 2.73641e-07
 2.46500e-07
 2.23214e-07
 2.03083e-07
 1.85562e-07
 1.70218e-07
 1.56704e-07
 1.44740e-07
 1.34096e-07
 1.69087e-06
 1.30857e-06
 1.04423e-06
 8.53379e-07
 7.10864e-07
 6.01523e-07
 5.15742e-07
 4.47172e-07
 3.91478e-07
 3.45614e-07
 3.07388e-07
 2.75188e-07
 2.47808e-07
 2.24328e-07
 2.04042e-07
 1.86392e-07
 1.70942e-07
 1.57338e-07
 1.45299e-07
 1.34592e-07
 1.65355e-06
 1.28640e-06
 1.03035e-06
 8.44341e-07
 7.04793e-07
 5.97344e-07
 5.12807e-07
 4.45078e-07
 3.89966e-07
 3.44511e-07
 3.06578e-07
 2.74590e-07
 2.47366e-07
 2.24003e-07
 2.03803e-07
 1.86219e-07
 1.70818e-07
 1.57253e-07
 1.45242e-07
 1.34557e-07
 1.55459e-06
 1.22529e-06
 9.90628e-07
 8.17457e-07
 6.86002e-07
 5.83851e-07
 5.02898e-07
 4.37659e-07
 3.84316e-07
 3.40146e-07
 3.03161e-07
 2.71885e-07
 2.45203e-07
 2.22256e-07
 2.02381e-07
 1.85053e-07
 1.69856e-07
 1.56453e-07
 1.44574e-07
 1.33996e-07
 1.41112e-06
 1.13397e-06
 9.29836e-07
 7.75505e-07
 6.56175e-07
 5.62109e-07
 4.86706e-07
 4.25375e-07
 3.74846e-07
 3.32740e-07
 2.97296e-07
 2.67187e-07
 2.41400e-07
 2.19151e-07
 1.99824e-07
 1.82931e-07
 1.68082e-07
 1.54961e-07
 1.43312e-07
 1.32922e-07
 1.24472e-06
 1.02403e-06
 8.54587e-07
 7.22428e-07
 6.17765e-07
 5.33690e-07
 4.65272e-07
 4.08935e-07
 3.62045e-07
 3.22640e-07
 2.89231e-07
 2.60678e-07
 2.36096e-07
 2.14789e-07
 1.96208e-07
 1.79911e-07
 1.65543e-07
 1.52813e-07
 1.41483e-07
 1.31358e-07
 1.07475e-06
 9.06922e-07
 7.71823e-07
 6.62569e-07
 5.73565e-07
 5.00444e-07
 4.39848e-07
 3.89201e-07
 3.46524e-07
 3.10283e-07
 2.79286e-07
 2.52594e-07
 2.29465e-07
 2.09305e-07
 1.91637e-07
 1.76075e-07
 1.62302e-07
 1.50058e-07
 1.39129e-07
 1.29335e-07
 9.14774e-07
 7.91761e-07
 6.87599e-07
 5.99971e-07
 5.26311e-07
 4.64248e-07
 4.11744e-07
 3.67105e-07
 3.28951e-07
 2.96159e-07
 2.67823e-07
 2.43207e-07
 2.21714e-07
 2.02856e-07
 1.86233e-07
 1.71517e-07
 1.58433e-07
 1.46757e-07
 1.36296e-07
 1.26892e-07
 7.72083e-07
 6.84552e-07
 6.06433e-07
 5.37921e-07
 4.78371e-07
 4.26811e-07
 3.82200e-07
 3.43555e-07
 3.09998e-07
 2.80768e-07
 2.55219e-07
 2.32804e-07
 2.13063e-07
 1.95613e-07
 1.80130e-07
 1.66342e-07
 1.54022e-07
 1.42975e-07
 1.33039e-07
 1.24073e-07
 6.49191e-07
 5.88447e-07
 5.31199e-07
 4.78777e-07
 4.31593e-07
 3.89550e-07
 3.52295e-07
 3.19370e-07
 2.90290e-07
 2.64590e-07
 2.41844e-07
 2.21671e-07
 2.03737e-07
 1.87753e-07
 1.73467e-07
 1.60663e-07
 1.49156e-07
 1.38787e-07
 1.29416e-07
 1.20926e-07
 5.45653e-07
 5.04479e-07
 4.63376e-07
 4.24009e-07
 3.87268e-07
 3.53539e-07
 3.22898e-07
 2.95242e-07
 2.70374e-07
 2.48056e-07
 2.28039e-07
 2.10080e-07
 1.93952e-07
 1.79448e-07
 1.66383e-07
 1.54592e-07
 1.43928e-07
 1.34265e-07
 1.25489e-07
 1.17501e-07
