scalar
part
         1
quad4
 5.00389e-07
 4.65916e-07
 4.30636e-07
 3.96242e-07
 3.63699e-07
 3.33493e-07
 3.05797e-07
 2.80601e-07
 2.57791e-07
 2.37196e-07
 2.18627e-07
 2.01889e-07
 1.86793e-07
 1.73167e-07
 1.60850e-07
 1.49699e-07
 1.39587e-07
 1.30399e-07
 1.22035e-07
 1.14406e-07
 5.99400e-07
 5.46983e-07
 4.96719e-07
 4.50074e-07
 4.07631e-07
 3.69466e-07
 3.35383e-07
 3.05056e-07
 2.78111e-07
 2.54173e-07
 2.32888e-07
 2.13932e-07
 1.97017e-07
 1.81890e-07
 1.68329e-07
 1.56142e-07
 1.45162e-07
 1.35244e-07
 1.26263e-07
 1.18110e-07
 7.17857e-07
 6.40581e-07
 5.70720e-07
 5.08799e-07
 4.54492e-07
 4.07107e-07
 3.65831e-07
 3.29863e-07
 2.98469e-07
 2.70997e-07
 2.46885e-07
 2.25654e-07
 2.06894e-07
 1.90262e-07
 1.75465e-07
 1.62257e-07
 1.50428e-07
 1.39801e-07
 1.30224e-07
 1.21568e-07
 8.56741e-07
 7.46127e-07
 6.51501e-07
 5.71188e-07
 5.03157e-07
 4.45451e-07
 3.96345e-07
 3.54381e-07
 3.18348e-07
 2.87254e-07
 2.60290e-07
 2.36790e-07
 2.16213e-07
 1.98112e-07
 1.82120e-07
 1.67932e-07
 1.55294e-07
 1.43995e-07
 1.33857e-07
 1.24729e-07
 1.01443e-06
 8.61112e-07
 7.36616e-07
 6.35160e-07
 5.51952e-07
 4.83189e-07
 4.25912e-07
 3.77824e-07
 3.37143e-07
 3.02478e-07
 2.72736e-07
 2.47056e-07
 2.24749e-07
 2.05262e-07
 1.88151e-07
 1.73052e-07
 1.59667e-07
 1.47751e-07
 1.37100e-07
 1.27543e-07
 1.18494e-06
 9.80346e-07
 8.22028e-07
 6.97702e-07
 5.98659e-07
 5.18693e-07
 4.53332e-07
 3.99306e-07
 3.54191e-07
 3.16166e-07
 2.83844e-07
 2.56158e-07
 2.32274e-07
 2.11535e-07
 1.93420e-07
 1.77508e-07
 1.63460e-07
 1.50999e-07
 1.39896e-07
 1.29963e-07
 1.35642e-06
 1.09558e-06
 9.02114e-07
 7.54974e-07
 6.40634e-07
 5.50118e-07
 4.77299e-07
 4.17887e-07
 3.68807e-07
 3.27815e-07
 2.93238e-07
 2.63813e-07
 2.38572e-07
 2.16763e-07
 1.97794e-07
 1.81195e-07
 1.66590e-07
 1.53672e-07
 1.42193e-07
 1.31947e-07
 1.51109e-06
 1.19601e-06
 9.70147e-07
 8.02681e-07
 6.75061e-07
 5.75572e-07
 4.96516e-07
 4.32660e-07
 3.80347e-07
 3.36957e-07
 3.00572e-07
 2.69764e-07
 2.43450e-07
 2.20799e-07
 2.01161e-07
 1.84026e-07
 1.68987e-07
 1.55715e-07
 1.43945e-07
 1.33458e-07
 1.62798e-06
 1.26999e-06
 1.01933e-06
 8.36683e-07
 6.99324e-07
 5.93351e-07
 5.09840e-07
 4.42842e-07
 3.88260e-07
 3.43199e-07
 3.05561e-07
 2.73799e-07
 2.46749e-07
 2.23521e-07
 2.03428e-07
 1.85929e-07
 1.70595e-07
 1.57084e-07
 1.45117e-07
 1.34468e-07
 1.68846e-06
 1.30774e-06
 1.04419e-06
 8.53737e-07
 7.11423e-07
 6.02175e-07
 5.16428e-07
 4.47860e-07
 3.92149e-07
 3.46260e-07
 3.08003e-07
 2.75771e-07
 2.48359e-07
 2.24848e-07
 2.04531e-07
 1.86854e-07
 1.71376e-07
 1.57748e-07
 1.45686e-07
 1.34957e-07
 1.68229e-06
 1.30402e-06
 1.04182e-06
 8.52151e-07
 7.10322e-07
 6.01387e-07
 5.15849e-07
 4.47425e-07
 3.91816e-07
 3.46000e-07
 3.07798e-07
 2.75606e-07
 2.48225e-07
 2.24738e-07
 2.04440e-07
 1.86777e-07
 1.71312e-07
 1.57694e-07
 1.45639e-07
 1.34917e-07
 1.61101e-06
 1.25956e-06
 1.01259e-06
 8.32134e-07
 6.96145e-07
 5.91063e-07
 5.08151e-07
 4.41568e-07
 3.87280e-07
 3.42433e-07
 3.04953e-07
 2.73311e-07
 2.46352e-07
 2.23195e-07
 2.03157e-07
 1.85702e-07
 1.70404e-07
 1.56921e-07
 1.44978e-07
 1.34348e-07
 1.48716e-06
 1.18079e-06
 9.60050e-07
 7.95739e-07
 6.70139e-07
 5.71990e-07
 4.93848e-07
 4.30633e-07
 3.78779e-07
 3.35725e-07
 2.99591e-07
 2.68973e-07
 2.42805e-07
 2.20267e-07
 2.00719e-07
 1.83655e-07
 1.68673e-07
 1.55448e-07
 1.43716e-07
 1.33261e-07
 1.32987e-06
 1.07790e-06
 8.89977e-07
 7.46411e-07
 6.34441e-07
 5.45538e-07
 4.73845e-07
 4.15236e-07
 3.66740e-07
 3.26180e-07
 2.91928e-07
 2.62751e-07
 2.37703e-07
 2.16044e-07
 1.97194e-07
 1.80690e-07
 1.66162e-07
 1.53307e-07
 1.41879e-07
 1.31676e-07
 1.15917e-06
 9.62272e-07
 8.09124e-07
 6.88315e-07
 5.91705e-07
 5.13452e-07
 4.49318e-07
 3.96185e-07
 3.51731e-07
 3.14203e-07
 2.82260e-07
 2.54866e-07
 2.31210e-07
 2.10651e-07
 1.92679e-07
 1.76882e-07
 1.62928e-07
 1.50544e-07
 1.39505e-07
 1.29625e-07
 9.91386e-07
 8.44082e-07
 7.23944e-07
 6.25634e-07
 5.44705e-07
 4.77609e-07
 4.21562e-07
 3.74392e-07
 3.34405e-07
 3.00270e-07
 2.70939e-07
 2.45579e-07
 2.23524e-07
 2.04239e-07
 1.87290e-07
 1.72322e-07
 1.59045e-07
 1.47217e-07
 1.36638e-07
 1.27143e-07
 8.37160e-07
 7.30916e-07
 6.39712e-07
 5.62025e-07
 4.95993e-07
 4.39807e-07
 3.91862e-07
 3.50787e-07
 3.15442e-07
 2.84885e-07
 2.58341e-07
 2.35175e-07
 2.14865e-07
 1.96979e-07
 1.81160e-07
 1.67114e-07
 1.54594e-07
 1.43391e-07
 1.33334e-07
 1.24274e-07
 7.01711e-07
 6.27457e-07
 5.60152e-07
 5.00315e-07
 4.47676e-07
 4.01612e-07
 3.61379e-07
 3.26236e-07
 2.95494e-07
 2.68541e-07
 2.44845e-07
 2.23947e-07
 2.05458e-07
 1.89046e-07
 1.74429e-07
 1.61370e-07
 1.49664e-07
 1.39140e-07
 1.29649e-07
 1.21065e-07
 5.86299e-07
 5.35902e-07
 4.87479e-07
 4.42428e-07
 4.01325e-07
 3.64267e-07
 3.31088e-07
 3.01497e-07
 2.75149e-07
 2.51697e-07
 2.30808e-07
 2.12175e-07
 1.95526e-07
 1.80618e-07
 1.67239e-07
 1.55202e-07
 1.44348e-07
 1.34536e-07
 1.25645e-07
 1.17568e-07
 4.89835e-07
 4.56676e-07
 4.22686e-07
 3.89478e-07
 3.57983e-07
 3.28677e-07
 3.01743e-07
 2.77185e-07
 2.54907e-07
 2.34755e-07
 2.16553e-07
 2.00119e-07
 1.85278e-07
 1.71864e-07
 1.59725e-07
 1.48724e-07
 1.38738e-07
 1.29657e-07
 1.21384e-07
 1.13833e-07
