scalar
part
         1
quad4
 6.60278e-07
 6.03418e-07
 5.48510e-07
 4.97202e-07
 4.50250e-07
 4.07849e-07
 3.69867e-07
 3.36005e-07
 3.05888e-07
 2.79122e-07
 2.55325e-07
 2.34145e-07
 2.15262e-07
 1.98393e-07
 1.83289e-07
 1.69735e-07
 1.57540e-07
 1.46541e-07
 1.36597e-07
 1.27584e-07
 7.76062e-07
 6.95717e-07
 6.21791e-07
 5.55376e-07
 4.96545e-07
 4.44842e-07
 3.99580e-07
 3.60008e-07
 3.25395e-07
 2.95071e-07
 2.68445e-07
 2.45001e-07
 2.24295e-07
 2.05951e-07
 1.89646e-07
 1.75107e-07
 1.62102e-07
 1.50433e-07
 1.39931e-07
 1.30451e-07
 9.11456e-07
 7.99615e-07
 7.01590e-07
 6.16930e-07
 5.44327e-07
 4.82210e-07
 4.29037e-07
 3.83416e-07
 3.44145e-07
 3.10206e-07
 2.80752e-07
 2.55078e-07
 2.32602e-07
 2.12840e-07
 1.95394e-07
 1.79929e-07
 1.66169e-07
 1.53879e-07
 1.42863e-07
 1.32958e-07
 1.06584e-06
 9.13131e-07
 7.85683e-07
 6.79846e-07
 5.91916e-07
 5.18611e-07
 4.57187e-07
 4.05415e-07
 3.61508e-07
 3.24038e-07
 2.91867e-07
 2.64082e-07
 2.39950e-07
 2.18880e-07
 2.00390e-07
 1.84087e-07
 1.69647e-07
 1.56804e-07
 1.45336e-07
 1.35057e-07
 1.23486e-06
 1.03173e-06
 8.70227e-07
 7.41118e-07
 6.37044e-07
 5.52356e-07
 4.82778e-07
 4.25076e-07
 3.76792e-07
 3.36049e-07
 3.01398e-07
 2.71714e-07
 2.46112e-07
 2.23892e-07
 2.04495e-07
 1.87470e-07
 1.72451e-07
 1.59141e-07
 1.47292e-07
 1.36702e-07
 1.40840e-06
 1.14756e-06
 9.49573e-07
 7.96782e-07
 6.76941e-07
 5.81506e-07
 5.04441e-07
 4.41420e-07
 3.89290e-07
 3.45721e-07
 3.08965e-07
 2.77690e-07
 2.50873e-07
 2.27713e-07
 2.07583e-07
 1.89981e-07
 1.74505e-07
 1.60829e-07
 1.48685e-07
 1.37856e-07
 1.56914e-06
 1.24945e-06
 1.01656e-06
 8.42219e-07
 7.08585e-07
 6.04046e-07
 5.20808e-07
 4.53503e-07
 3.98339e-07
 3.52583e-07
 3.14223e-07
 2.81757e-07
 2.54044e-07
 2.30202e-07
 2.09548e-07
 1.91539e-07
 1.75745e-07
 1.61818e-07
 1.49476e-07
 1.38488e-07
 1.69371e-06
 1.32418e-06
 1.06351e-06
 8.72809e-07
 7.29108e-07
 6.18143e-07
 5.30678e-07
 4.60519e-07
 4.03386e-07
 3.56246e-07
 3.16899e-07
 2.83718e-07
 2.55481e-07
 2.31252e-07
 2.10309e-07
 1.92083e-07
 1.76125e-07
 1.62073e-07
 1.49636e-07
 1.38576e-07
 1.75817e-06
 1.35960e-06
 1.08386e-06
 8.84827e-07
 7.36300e-07
 6.22437e-07
 5.33185e-07
 4.61902e-07
 4.04053e-07
 3.56454e-07
 3.16813e-07
 2.83446e-07
 2.55094e-07
 2.30797e-07
 2.09818e-07
 1.91577e-07
 1.75617e-07
 1.61573e-07
 1.49151e-07
 1.38108e-07
 1.74704e-06
 1.34853e-06
 1.07399e-06
 8.76330e-07
 7.29064e-07
 6.16285e-07
 5.27939e-07
 4.57410e-07
 4.00187e-07
 3.53108e-07
 3.13901e-07
 2.80899e-07
 2.52854e-07
 2.28819e-07
 2.08062e-07
 1.90012e-07
 1.74218e-07
 1.60316e-07
 1.48018e-07
 1.37084e-07
 1.66073e-06
 1.29155e-06
 1.03439e-06
 8.47690e-07
 7.07680e-07
 5.99895e-07
 5.15101e-07
 4.47166e-07
 3.91881e-07
 3.46281e-07
 3.08221e-07
 2.76123e-07
 2.48800e-07
 2.25348e-07
 2.05068e-07
 1.87411e-07
 1.71943e-07
 1.58316e-07
 1.46250e-07
 1.35513e-07
 1.51521e-06
 1.19674e-06
 9.69500e-07
 8.01513e-07
 6.73756e-07
 5.74305e-07
 4.95361e-07
 4.31644e-07
 3.79473e-07
 3.36216e-07
 2.99953e-07
 2.69252e-07
 2.43033e-07
 2.20463e-07
 2.00895e-07
 1.83821e-07
 1.68833e-07
 1.55605e-07
 1.43872e-07
 1.33417e-07
 1.33448e-06
 1.07672e-06
 8.86422e-07
 7.42010e-07
 6.29906e-07
 5.41199e-07
 4.69841e-07
 4.11614e-07
 3.63501e-07
 3.23301e-07
 2.89378e-07
 2.60498e-07
 2.35712e-07
 2.14286e-07
 1.95640e-07
 1.79316e-07
 1.64945e-07
 1.52229e-07
 1.40923e-07
 1.30828e-07
 1.14198e-06
 9.44878e-07
 7.93104e-07
 6.74090e-07
 5.79266e-07
 5.02642e-07
 4.39939e-07
 3.88043e-07
 3.44650e-07
 3.08028e-07
 2.76861e-07
 2.50130e-07
 2.27043e-07
 2.06974e-07
 1.89424e-07
 1.73993e-07
 1.60357e-07
 1.48249e-07
 1.37452e-07
 1.27784e-07
 9.55647e-07
 8.12560e-07
 6.96828e-07
 6.02507e-07
 5.25004e-07
 4.60789e-07
 4.07149e-07
 3.61988e-07
 3.23681e-07
 2.90956e-07
 2.62813e-07
 2.38460e-07
 2.17262e-07
 1.98709e-07
 1.82389e-07
 1.67964e-07
 1.55156e-07
 1.43737e-07
 1.33516e-07
 1.24332e-07
 7.86692e-07
 6.87888e-07
 6.03317e-07
 5.31272e-07
 4.69941e-07
 4.17643e-07
 3.72908e-07
 3.34494e-07
 3.01362e-07
 2.72655e-07
 2.47666e-07
 2.25815e-07
 2.06622e-07
 1.89690e-07
 1.74691e-07
 1.61351e-07
 1.49442e-07
 1.38772e-07
 1.29179e-07
 1.20527e-07
 6.40414e-07
 5.75671e-07
 5.16453e-07
 4.63373e-07
 4.16331e-07
 3.74891e-07
 3.38482e-07
 3.06511e-07
 2.78412e-07
 2.53674e-07
 2.31842e-07
 2.12524e-07
 1.95379e-07
 1.80117e-07
 1.66489e-07
 1.54283e-07
 1.43317e-07
 1.33438e-07
 1.24511e-07
 1.16423e-07
 5.17816e-07
 4.77975e-07
 4.38410e-07
 4.00747e-07
 3.65785e-07
 3.33828e-07
 3.04893e-07
 2.78842e-07
 2.55462e-07
 2.34507e-07
 2.15730e-07
 1.98893e-07
 1.83777e-07
 1.70184e-07
 1.57939e-07
 1.46885e-07
 1.36885e-07
 1.27818e-07
 1.19580e-07
 1.12078e-07
 4.17305e-07
 3.94932e-07
 3.70016e-07
 3.44422e-07
 3.19308e-07
 2.95350e-07
 2.72903e-07
 2.52121e-07
 2.33028e-07
 2.15575e-07
 1.99669e-07
 1.85198e-07
 1.72040e-07
 1.60076e-07
 1.49192e-07
 1.39281e-07
 1.30246e-07
 1.21997e-07
 1.14456e-07
 1.07549e-07
 3.36055e-07
 3.25511e-07
 3.11159e-07
 2.94722e-07
 2.77399e-07
 2.59994e-07
 2.43024e-07
 2.26804e-07
 2.11508e-07
 1.97215e-07
 1.83944e-07
 1.71675e-07
 1.60364e-07
 1.49954e-07
 1.40382e-07
 1.31583e-07
 1.23494e-07
 1.16053e-07
 1.09204e-07
 1.02894e-07
