scalar
part
         1
quad4
 6.03755e-07
 5.54026e-07
 5.05486e-07
 4.59762e-07
 4.17644e-07
 3.79398e-07
 3.44974e-07
 3.14152e-07
 2.86634e-07
 2.62094e-07
 2.40207e-07
 2.20669e-07
 2.03205e-07
 1.87565e-07
 1.73530e-07
 1.60908e-07
 1.49530e-07
 1.39249e-07
 1.29938e-07
 1.21486e-07
 7.12721e-07
 6.41433e-07
 5.75327e-07
 5.15564e-07
 4.62342e-07
 4.15349e-07
 3.74038e-07
 3.37783e-07
 3.05963e-07
 2.77998e-07
 2.53372e-07
 2.31632e-07
 2.12384e-07
 1.95293e-07
 1.80070e-07
 1.66470e-07
 1.54283e-07
 1.43329e-07
 1.33455e-07
 1.24530e-07
 8.40808e-07
 7.40405e-07
 6.51889e-07
 5.75054e-07
 5.08863e-07
 4.52001e-07
 4.03144e-07
 3.61082e-07
 3.24761e-07
 2.93281e-07
 2.65889e-07
 2.41954e-07
 2.20954e-07
 2.02452e-07
 1.86086e-07
 1.71554e-07
 1.58601e-07
 1.47015e-07
 1.36616e-07
 1.27253e-07
 9.87776e-07
 8.49340e-07
 7.33264e-07
 6.36456e-07
 5.55707e-07
 4.88139e-07
 4.31329e-07
 3.83296e-07
 3.42442e-07
 3.07486e-07
 2.77400e-07
 2.51358e-07
 2.28695e-07
 2.08868e-07
 1.91440e-07
 1.76047e-07
 1.62395e-07
 1.50235e-07
 1.39362e-07
 1.29606e-07
 1.15001e-06
 9.64286e-07
 8.16039e-07
 6.97065e-07
 6.00807e-07
 5.22211e-07
 4.57434e-07
 4.03556e-07
 3.58354e-07
 3.20119e-07
 2.87530e-07
 2.59555e-07
 2.35383e-07
 2.14368e-07
 1.95994e-07
 1.79843e-07
 1.65578e-07
 1.52919e-07
 1.41638e-07
 1.31545e-07
 1.31857e-06
 1.07823e-06
 8.95102e-07
 7.53251e-07
 6.41603e-07
 5.52405e-07
 4.80166e-07
 4.20933e-07
 3.71818e-07
 3.30680e-07
 2.95905e-07
 2.66264e-07
 2.40805e-07
 2.18786e-07
 1.99622e-07
 1.82843e-07
 1.68073e-07
 1.55007e-07
 1.43394e-07
 1.33029e-07
 1.47789e-06
 1.18099e-06
 9.63859e-07
 8.00716e-07
 6.75248e-07
 5.76803e-07
 4.98209e-07
 4.34505e-07
 3.82182e-07
 3.38699e-07
 3.02183e-07
 2.71230e-07
 2.44771e-07
 2.21980e-07
 2.02213e-07
 1.84959e-07
 1.69813e-07
 1.56445e-07
 1.44588e-07
 1.34025e-07
 1.60659e-06
 1.26033e-06
 1.01509e-06
 8.35054e-07
 6.98972e-07
 5.93610e-07
 5.10369e-07
 4.43464e-07
 3.88884e-07
 3.43779e-07
 3.06078e-07
 2.74246e-07
 2.47126e-07
 2.23833e-07
 2.03679e-07
 1.86126e-07
 1.70745e-07
 1.57192e-07
 1.45189e-07
 1.34508e-07
 1.68234e-06
 1.30466e-06
 1.04242e-06
 8.52561e-07
 7.10528e-07
 6.01416e-07
 5.15736e-07
 4.47201e-07
 3.91510e-07
 3.45633e-07
 3.07387e-07
 2.75165e-07
 2.47764e-07
 2.24266e-07
 2.03963e-07
 1.86299e-07
 1.70837e-07
 1.57223e-07
 1.45176e-07
 1.34463e-07
 1.68967e-06
 1.30650e-06
 1.04190e-06
 8.51045e-07
 7.08634e-07
 5.99439e-07
 5.13814e-07
 4.45398e-07
 3.89848e-07
 3.44116e-07
 3.06010e-07
 2.73919e-07
 2.46636e-07
 2.23245e-07
 2.03037e-07
 1.85459e-07
 1.70073e-07
 1.56528e-07
 1.44541e-07
 1.33882e-07
 1.62663e-06
 1.26506e-06
 1.01321e-06
 8.30358e-07
 6.93230e-07
 5.87661e-07
 5.04608e-07
 4.38065e-07
 3.83912e-07
 3.39245e-07
 3.01963e-07
 2.70519e-07
 2.43753e-07
 2.20779e-07
 2.00912e-07
 1.83614e-07
 1.68461e-07
 1.55111e-07
 1.43290e-07
 1.32771e-07
 1.50508e-06
 1.18631e-06
 9.59607e-07
 7.92414e-07
 6.65495e-07
 5.66840e-07
 4.88620e-07
 4.25548e-07
 3.73948e-07
 3.31194e-07
 2.95373e-07
 2.65064e-07
 2.39189e-07
 2.16926e-07
 1.97631e-07
 1.80799e-07
 1.66029e-07
 1.52997e-07
 1.41441e-07
 1.31145e-07
 1.34508e-06
 1.08082e-06
 8.87033e-07
 7.40727e-07
 6.27604e-07
 5.38374e-07
 4.66780e-07
 4.08483e-07
 3.60398e-07
 3.20282e-07
 2.86474e-07
 2.57724e-07
 2.33074e-07
 2.11784e-07
 1.93271e-07
 1.77075e-07
 1.62825e-07
 1.50223e-07
 1.39024e-07
 1.29029e-07
 1.16787e-06
 9.60575e-07
 8.02569e-07
 6.79649e-07
 5.82328e-07
 5.04081e-07
 4.40313e-07
 3.87715e-07
 3.43860e-07
 3.06938e-07
 2.75580e-07
 2.48734e-07
 2.25585e-07
 2.05489e-07
 1.87937e-07
 1.72522e-07
 1.58912e-07
 1.46839e-07
 1.36082e-07
 1.26456e-07
 9.91173e-07
 8.36487e-07
 7.13087e-07
 6.13615e-07
 5.32593e-07
 4.65939e-07
 4.10584e-07
 3.64204e-07
 3.25021e-07
 2.91663e-07
 2.63061e-07
 2.38373e-07
 2.16931e-07
 1.98202e-07
 1.81755e-07
 1.67240e-07
 1.54371e-07
 1.42911e-07
 1.32664e-07
 1.23468e-07
 8.27167e-07
 7.16935e-07
 6.24308e-07
 5.46546e-07
 4.81120e-07
 4.25855e-07
 3.78950e-07
 3.38929e-07
 3.04598e-07
 2.74988e-07
 2.49315e-07
 2.26940e-07
 2.07345e-07
 1.90104e-07
 1.74865e-07
 1.61341e-07
 1.49288e-07
 1.38507e-07
 1.28829e-07
 1.20112e-07
 6.82482e-07
 6.07337e-07
 5.40368e-07
 4.81520e-07
 4.30172e-07
 3.85498e-07
 3.46643e-07
 3.12808e-07
 2.83279e-07
 2.57434e-07
 2.34740e-07
 2.14745e-07
 1.97067e-07
 1.81382e-07
 1.67417e-07
 1.54942e-07
 1.43760e-07
 1.33707e-07
 1.24640e-07
 1.16438e-07
 5.59324e-07
 5.10445e-07
 4.63813e-07
 4.20664e-07
 3.81452e-07
 3.46198e-07
 3.14698e-07
 2.86641e-07
 2.61684e-07
 2.39482e-07
 2.19713e-07
 2.02082e-07
 1.86329e-07
 1.72221e-07
 1.59558e-07
 1.48163e-07
 1.37883e-07
 1.28588e-07
 1.20160e-07
 1.12502e-07
 4.57002e-07
 4.26988e-07
 3.95842e-07
 3.65229e-07
 3.36095e-07
 3.08926e-07
 2.83914e-07
 2.61077e-07
 2.40335e-07
 2.21552e-07
 2.04570e-07
 1.89223e-07
 1.75350e-07
 1.62799e-07
 1.51432e-07
 1.41121e-07
 1.31754e-07
 1.23229e-07
 1.15456e-07
 1.08356e-07
 3.73305e-07
 3.56399e-07
 3.36671e-07
 3.15758e-07
 2.94742e-07
 2.74306e-07
 2.54857e-07
 2.36607e-07
 2.19648e-07
 2.03991e-07
 1.89598e-07
 1.76403e-07
 1.64324e-07
 1.53276e-07
 1.43172e-07
 1.33927e-07
 1.25463e-07
 1.17707e-07
 1.10591e-07
 1.04054e-07
