scalar
part
         1
quad4
 6.48360e-07
 5.93436e-07
 5.40206e-07
 4.90321e-07
 4.44556e-07
 4.03134e-07
 3.65958e-07
 3.32757e-07
 3.03181e-07
 2.76859e-07
 2.53428e-07
 2.32550e-07
 2.13916e-07
 1.97255e-07
 1.82324e-07
 1.68914e-07
 1.56841e-07
 1.45945e-07
 1.36088e-07
 1.27148e-07
 7.62783e-07
 6.84904e-07
 6.13030e-07
 5.48288e-07
 4.90807e-07
 4.40187e-07
 3.95792e-07
 3.56914e-07
 3.22857e-07
 2.92983e-07
 2.66719e-07
 2.43569e-07
 2.23104e-07
 2.04957e-07
 1.88815e-07
 1.74411e-07
 1.61517e-07
 1.49941e-07
 1.39517e-07
 1.30104e-07
 8.96823e-07
 7.88095e-07
 6.92538e-07
 6.09808e-07
 5.38705e-07
 4.77752e-07
 4.25484e-07
 3.80570e-07
 3.41853e-07
 3.08353e-07
 2.79246e-07
 2.53850e-07
 2.31598e-07
 2.12018e-07
 1.94718e-07
 1.79374e-07
 1.65712e-07
 1.53504e-07
 1.42556e-07
 1.32707e-07
 1.05005e-06
 9.01191e-07
 7.76631e-07
 6.72948e-07
 5.86625e-07
 5.14523e-07
 4.54007e-07
 4.02925e-07
 3.59548e-07
 3.22487e-07
 2.90635e-07
 2.63101e-07
 2.39168e-07
 2.18255e-07
 1.99891e-07
 1.83690e-07
 1.69333e-07
 1.56557e-07
 1.45144e-07
 1.34910e-07
 1.21845e-06
 1.01989e-06
 8.61624e-07
 7.34801e-07
 6.32357e-07
 5.48847e-07
 4.80130e-07
 4.23063e-07
 3.75254e-07
 3.34870e-07
 3.00494e-07
 2.71021e-07
 2.45583e-07
 2.23491e-07
 2.04194e-07
 1.87248e-07
 1.72293e-07
 1.59033e-07
 1.47225e-07
 1.36667e-07
 1.39242e-06
 1.13668e-06
 9.42046e-07
 7.91497e-07
 6.73184e-07
 5.78809e-07
 5.02493e-07
 4.40007e-07
 3.88266e-07
 3.44983e-07
 3.08439e-07
 2.77324e-07
 2.50626e-07
 2.27558e-07
 2.07498e-07
 1.89949e-07
 1.74514e-07
 1.60869e-07
 1.48750e-07
 1.37939e-07
 1.55534e-06
 1.24070e-06
 1.01089e-06
 8.38487e-07
 7.06108e-07
 6.02401e-07
 5.19726e-07
 4.52807e-07
 3.97913e-07
 3.52346e-07
 3.14121e-07
 2.81751e-07
 2.54106e-07
 2.30313e-07
 2.09693e-07
 1.91709e-07
 1.75930e-07
 1.62013e-07
 1.49677e-07
 1.38693e-07
 1.68447e-06
 1.31895e-06
 1.06053e-06
 8.71150e-07
 7.28242e-07
 6.17765e-07
 5.30605e-07
 4.60638e-07
 4.03626e-07
 3.56559e-07
 3.17255e-07
 2.84098e-07
 2.55871e-07
 2.31643e-07
 2.10696e-07
 1.92461e-07
 1.76492e-07
 1.62429e-07
 1.49979e-07
 1.38906e-07
 1.75598e-06
 1.35921e-06
 1.08430e-06
 8.85661e-07
 7.37298e-07
 6.23485e-07
 5.34224e-07
 4.62904e-07
 4.05004e-07
 3.57348e-07
 3.17650e-07
 2.84227e-07
 2.55822e-07
 2.31477e-07
 2.10452e-07
 1.92169e-07
 1.76171e-07
 1.62092e-07
 1.49636e-07
 1.38564e-07
 1.75359e-06
 1.35377e-06
 1.07826e-06
 8.79877e-07
 7.32050e-07
 6.18830e-07
 5.30134e-07
 4.59321e-07
 4.01865e-07
 3.54593e-07
 3.15224e-07
 2.82085e-07
 2.53923e-07
 2.29788e-07
 2.08944e-07
 1.90818e-07
 1.74957e-07
 1.60997e-07
 1.48646e-07
 1.37666e-07
 1.67596e-06
 1.30235e-06
 1.04242e-06
 8.53895e-07
 7.12610e-07
 6.03905e-07
 5.18424e-07
 4.49964e-07
 3.94270e-07
 3.48343e-07
 3.10020e-07
 2.77705e-07
 2.50202e-07
 2.26600e-07
 2.06192e-07
 1.88426e-07
 1.72864e-07
 1.59156e-07
 1.47018e-07
 1.36219e-07
 1.53727e-06
 1.21213e-06
 9.80756e-07
 8.10049e-07
 6.80424e-07
 5.79641e-07
 4.99719e-07
 4.35264e-07
 3.82524e-07
 3.38820e-07
 3.02200e-07
 2.71210e-07
 2.44752e-07
 2.21985e-07
 2.02252e-07
 1.85037e-07
 1.69929e-07
 1.56598e-07
 1.44776e-07
 1.34243e-07
 1.36051e-06
 1.09519e-06
 9.00020e-07
 7.52347e-07
 6.37975e-07
 5.47640e-07
 4.75082e-07
 4.15949e-07
 3.67138e-07
 3.26390e-07
 2.92032e-07
 2.62798e-07
 2.37724e-07
 2.16059e-07
 1.97213e-07
 1.80721e-07
 1.66206e-07
 1.53367e-07
 1.41955e-07
 1.31767e-07
 1.16920e-06
 9.64776e-07
 8.08056e-07
 6.85605e-07
 5.88331e-07
 5.09916e-07
 4.45876e-07
 3.92960e-07
 3.48777e-07
 3.11533e-07
 2.79867e-07
 2.52733e-07
 2.29315e-07
 2.08972e-07
 1.91194e-07
 1.75570e-07
 1.61770e-07
 1.49521e-07
 1.38603e-07
 1.28830e-07
 9.81994e-07
 8.32532e-07
 7.12233e-07
 6.14598e-07
 5.34654e-07
 4.68611e-07
 4.13578e-07
 3.67342e-07
 3.28190e-07
 2.94794e-07
 2.66111e-07
 2.41318e-07
 2.19758e-07
 2.00905e-07
 1.84333e-07
 1.69695e-07
 1.56706e-07
 1.45132e-07
 1.34776e-07
 1.25477e-07
 8.10996e-07
 7.06997e-07
 6.18477e-07
 5.43432e-07
 4.79809e-07
 4.25744e-07
 3.79634e-07
 3.40137e-07
 3.06143e-07
 2.76743e-07
 2.51192e-07
 2.28879e-07
 2.09303e-07
 1.92051e-07
 1.76783e-07
 1.63216e-07
 1.51112e-07
 1.40275e-07
 1.30538e-07
 1.21759e-07
 6.62190e-07
 5.93385e-07
 5.30899e-07
 4.75221e-07
 4.26119e-07
 3.83043e-07
 3.45328e-07
 3.12308e-07
 2.83362e-07
 2.57931e-07
 2.35531e-07
 2.15741e-07
 1.98203e-07
 1.82611e-07
 1.68703e-07
 1.56259e-07
 1.45090e-07
 1.35034e-07
 1.25955e-07
 1.17734e-07
 5.37014e-07
 4.94070e-07
 4.51877e-07
 4.12031e-07
 3.75276e-07
 3.41850e-07
 3.11713e-07
 2.84677e-07
 2.60485e-07
 2.38858e-07
 2.19521e-07
 2.02216e-07
 1.86706e-07
 1.72779e-07
 1.60250e-07
 1.48952e-07
 1.38741e-07
 1.29493e-07
 1.21097e-07
 1.13456e-07
 4.34100e-07
 4.09383e-07
 3.82387e-07
 3.54997e-07
 3.28356e-07
 3.03110e-07
 2.79584e-07
 2.57896e-07
 2.38045e-07
 2.19953e-07
 2.03509e-07
 1.88582e-07
 1.75036e-07
 1.62741e-07
 1.51572e-07
 1.41416e-07
 1.32169e-07
 1.23735e-07
 1.16032e-07
 1.08985e-07
 3.50714e-07
 3.38403e-07
 3.22421e-07
 3.04524e-07
 2.85920e-07
 2.67405e-07
 2.49482e-07
 2.32446e-07
 2.16453e-07
 2.01565e-07
 1.87785e-07
 1.75080e-07
 1.63394e-07
 1.52661e-07
 1.42809e-07
 1.33767e-07
 1.25466e-07
 1.17840e-07
 1.10828e-07
 1.04375e-07
