scalar
part
         1
quad4
 6.22585e-07
 5.70516e-07
 5.19875e-07
 4.72304e-07
 4.28585e-07
 3.88961e-07
 3.53357e-07
 3.21527e-07
 2.93146e-07
 2.67866e-07
 2.45344e-07
 2.25260e-07
 2.07323e-07
 1.91274e-07
 1.76882e-07
 1.63948e-07
 1.52296e-07
 1.41775e-07
 1.32251e-07
 1.23610e-07
 7.34122e-07
 6.59794e-07
 5.91057e-07
 5.29056e-07
 4.73947e-07
 4.25371e-07
 3.82733e-07
 3.45364e-07
 3.12606e-07
 2.83849e-07
 2.58550e-07
 2.36237e-07
 2.16498e-07
 1.98984e-07
 1.83396e-07
 1.69479e-07
 1.57015e-07
 1.45818e-07
 1.35730e-07
 1.26616e-07
 8.65044e-07
 7.60713e-07
 6.68936e-07
 5.89423e-07
 5.21043e-07
 4.62390e-07
 4.12064e-07
 3.68792e-07
 3.31467e-07
 2.99152e-07
 2.71058e-07
 2.46531e-07
 2.25028e-07
 2.06096e-07
 1.89361e-07
 1.74509e-07
 1.61279e-07
 1.49451e-07
 1.38840e-07
 1.29290e-07
 1.01499e-06
 8.71546e-07
 7.51497e-07
 6.51548e-07
 5.68310e-07
 4.98759e-07
 4.40356e-07
 3.91035e-07
 3.49129e-07
 3.13307e-07
 2.82502e-07
 2.55859e-07
 2.32688e-07
 2.12431e-07
 1.94635e-07
 1.78926e-07
 1.64999e-07
 1.52601e-07
 1.41521e-07
 1.31581e-07
 1.18010e-06
 9.88138e-07
 8.35177e-07
 7.12620e-07
 6.13611e-07
 5.32878e-07
 4.66420e-07
 4.11204e-07
 3.64925e-07
 3.25812e-07
 2.92502e-07
 2.63928e-07
 2.39254e-07
 2.17815e-07
 1.99080e-07
 1.82621e-07
 1.68089e-07
 1.55200e-07
 1.43717e-07
 1.33446e-07
 1.35100e-06
 1.10318e-06
 9.14669e-07
 7.68888e-07
 6.54310e-07
 5.62889e-07
 4.88932e-07
 4.28352e-07
 3.78165e-07
 3.36161e-07
 3.00680e-07
 2.70455e-07
 2.44510e-07
 2.22083e-07
 2.02571e-07
 1.85496e-07
 1.70471e-07
 1.57184e-07
 1.45379e-07
 1.34845e-07
 1.51147e-06
 1.20611e-06
 9.83178e-07
 8.15940e-07
 6.87500e-07
 5.86840e-07
 5.06559e-07
 4.41548e-07
 3.88192e-07
 3.43881e-07
 3.06692e-07
 2.75186e-07
 2.48267e-07
 2.25091e-07
 2.04997e-07
 1.87465e-07
 1.72078e-07
 1.58503e-07
 1.46466e-07
 1.35744e-07
 1.63939e-06
 1.28434e-06
 1.03332e-06
 8.49293e-07
 7.10369e-07
 6.02918e-07
 5.18102e-07
 4.49980e-07
 3.94445e-07
 3.48577e-07
 3.10256e-07
 2.77916e-07
 2.50373e-07
 2.26725e-07
 2.06272e-07
 1.88462e-07
 1.72861e-07
 1.59116e-07
 1.46947e-07
 1.36120e-07
 1.71186e-06
 1.32609e-06
 1.05863e-06
 8.65229e-07
 7.20683e-07
 6.09729e-07
 5.22660e-07
 4.53055e-07
 3.96521e-07
 3.49969e-07
 3.11176e-07
 2.78503e-07
 2.50726e-07
 2.26912e-07
 2.06340e-07
 1.88447e-07
 1.72786e-07
 1.59001e-07
 1.46803e-07
 1.35958e-07
 1.71346e-06
 1.32400e-06
 1.05531e-06
 8.61639e-07
 7.17216e-07
 6.06531e-07
 5.19773e-07
 4.50475e-07
 3.94225e-07
 3.47929e-07
 3.09360e-07
 2.76886e-07
 2.49282e-07
 2.25620e-07
 2.05180e-07
 1.87403e-07
 1.71843e-07
 1.58147e-07
 1.46028e-07
 1.35253e-07
 1.64311e-06
 1.27774e-06
 1.02327e-06
 8.38544e-07
 7.00017e-07
 5.93380e-07
 5.09492e-07
 4.42285e-07
 3.87596e-07
 3.42487e-07
 3.04839e-07
 2.73088e-07
 2.46062e-07
 2.22865e-07
 2.02805e-07
 1.85341e-07
 1.70042e-07
 1.56565e-07
 1.44630e-07
 1.34011e-07
 1.51404e-06
 1.19400e-06
 9.66194e-07
 7.98081e-07
 6.70403e-07
 5.71120e-07
 4.92379e-07
 4.28873e-07
 3.76906e-07
 3.33841e-07
 2.97756e-07
 2.67218e-07
 2.41147e-07
 2.18711e-07
 1.99266e-07
 1.82302e-07
 1.67415e-07
 1.54278e-07
 1.42629e-07
 1.32251e-07
 1.34753e-06
 1.08398e-06
 8.90359e-07
 7.43982e-07
 6.30684e-07
 5.41239e-07
 4.69423e-07
 4.10913e-07
 3.62628e-07
 3.22330e-07
 2.88358e-07
 2.59459e-07
 2.34675e-07
 2.13264e-07
 1.94643e-07
 1.78349e-07
 1.64011e-07
 1.51328e-07
 1.40058e-07
 1.29997e-07
 1.16545e-06
 9.60065e-07
 8.03116e-07
 6.80770e-07
 5.83743e-07
 5.05631e-07
 4.41902e-07
 3.89288e-07
 3.45387e-07
 3.08403e-07
 2.76974e-07
 2.50055e-07
 2.26832e-07
 2.06666e-07
 1.89047e-07
 1.73568e-07
 1.59898e-07
 1.47770e-07
 1.36960e-07
 1.27286e-07
 9.85542e-07
 8.33298e-07
 7.11454e-07
 6.12972e-07
 5.32582e-07
 4.66327e-07
 4.11220e-07
 3.64990e-07
 3.25893e-07
 2.92577e-07
 2.63989e-07
 2.39296e-07
 2.17838e-07
 1.99084e-07
 1.82609e-07
 1.68062e-07
 1.55160e-07
 1.43667e-07
 1.33388e-07
 1.24161e-07
 8.19675e-07
 7.11966e-07
 6.21089e-07
 5.44538e-07
 4.79948e-07
 4.25264e-07
 3.78760e-07
 3.39017e-07
 3.04877e-07
 2.75397e-07
 2.49810e-07
 2.27491e-07
 2.07929e-07
 1.90705e-07
 1.75473e-07
 1.61947e-07
 1.49887e-07
 1.39095e-07
 1.29403e-07
 1.20670e-07
 6.74098e-07
 6.01310e-07
 5.36085e-07
 4.78517e-07
 4.28106e-07
 3.84117e-07
 3.45765e-07
 3.12298e-07
 2.83039e-07
 2.57392e-07
 2.34843e-07
 2.14953e-07
 1.97351e-07
 1.81720e-07
 1.67793e-07
 1.55342e-07
 1.44177e-07
 1.34132e-07
 1.25068e-07
 1.16867e-07
 5.50682e-07
 5.03887e-07
 4.58881e-07
 4.16985e-07
 3.78731e-07
 3.44209e-07
 3.13266e-07
 2.85634e-07
 2.61001e-07
 2.39048e-07
 2.19468e-07
 2.01983e-07
 1.86341e-07
 1.72318e-07
 1.59718e-07
 1.48372e-07
 1.38128e-07
 1.28859e-07
 1.20450e-07
 1.12805e-07
 4.48489e-07
 4.20263e-07
 3.90573e-07
 3.61129e-07
 3.32924e-07
 3.06487e-07
 2.82053e-07
 2.59671e-07
 2.39286e-07
 2.20785e-07
 2.04025e-07
 1.88853e-07
 1.75118e-07
 1.62677e-07
 1.51396e-07
 1.41153e-07
 1.31839e-07
 1.23356e-07
 1.15616e-07
 1.08541e-07
 3.65139e-07
 3.49741e-07
 3.31288e-07
 3.11432e-07
 2.91284e-07
 2.71555e-07
 2.52678e-07
 2.34891e-07
 2.18305e-07
 2.02949e-07
 1.88798e-07
 1.75799e-07
 1.63879e-07
 1.52959e-07
 1.42958e-07
 1.33798e-07
 1.25402e-07
 1.17701e-07
 1.10629e-07
 1.04129e-07
