scalar
part
         1
quad4
 4.69514e-07
 4.39174e-07
 4.07668e-07
 3.76606e-07
 3.46945e-07
 3.19193e-07
 2.93572e-07
 2.70122e-07
 2.48777e-07
 2.29413e-07
 2.11880e-07
 1.96014e-07
 1.81657e-07
 1.68657e-07
 1.56874e-07
 1.46180e-07
 1.36459e-07
 1.27609e-07
 1.19538e-07
 1.12164e-07
 5.63762e-07
 5.16902e-07
 4.71489e-07
 4.28961e-07
 3.89954e-07
 3.54628e-07
 3.22882e-07
 2.94475e-07
 2.69111e-07
 2.46477e-07
 2.26272e-07
 2.08215e-07
 1.92051e-07
 1.77555e-07
 1.64527e-07
 1.52792e-07
 1.42196e-07
 1.32608e-07
 1.23911e-07
 1.16003e-07
 6.76900e-07
 6.07056e-07
 5.43356e-07
 4.86437e-07
 4.36150e-07
 3.91980e-07
 3.53278e-07
 3.19377e-07
 2.89649e-07
 2.63527e-07
 2.40518e-07
 2.20191e-07
 2.02179e-07
 1.86168e-07
 1.71891e-07
 1.59121e-07
 1.47663e-07
 1.37351e-07
 1.28044e-07
 1.19620e-07
 8.10218e-07
 7.09386e-07
 6.22414e-07
 5.48024e-07
 4.84564e-07
 4.30395e-07
 3.84042e-07
 3.44234e-07
 3.09906e-07
 2.80172e-07
 2.54299e-07
 2.31685e-07
 2.11832e-07
 1.94328e-07
 1.78831e-07
 1.65056e-07
 1.52766e-07
 1.41762e-07
 1.31875e-07
 1.22962e-07
 9.62800e-07
 8.21961e-07
 7.06633e-07
 6.11920e-07
 5.33705e-07
 4.68679e-07
 4.14230e-07
 3.68309e-07
 3.29307e-07
 2.95959e-07
 2.67263e-07
 2.42420e-07
 2.20791e-07
 2.01858e-07
 1.85203e-07
 1.70483e-07
 1.57415e-07
 1.45767e-07
 1.35342e-07
 1.25979e-07
 1.12997e-06
 9.40448e-07
 7.92504e-07
 6.75427e-07
 5.81541e-07
 5.05311e-07
 4.42705e-07
 3.90746e-07
 3.47205e-07
 3.10398e-07
 2.79031e-07
 2.52102e-07
 2.28826e-07
 2.08580e-07
 1.90868e-07
 1.75289e-07
 1.61519e-07
 1.49291e-07
 1.38386e-07
 1.28621e-07
 1.30183e-06
 1.05766e-06
 8.74963e-07
 7.34996e-07
 6.25573e-07
 5.38517e-07
 4.68194e-07
 4.10619e-07
 3.62920e-07
 3.22982e-07
 2.89223e-07
 2.60442e-07
 2.35715e-07
 2.14320e-07
 1.95688e-07
 1.79367e-07
 1.64992e-07
 1.52267e-07
 1.40951e-07
 1.30843e-07
 1.46281e-06
 1.16376e-06
 9.47698e-07
 7.86496e-07
 6.63040e-07
 5.66415e-07
 4.89388e-07
 4.27005e-07
 3.75787e-07
 3.33225e-07
 2.97479e-07
 2.67171e-07
 2.41255e-07
 2.18922e-07
 1.99544e-07
 1.82622e-07
 1.67759e-07
 1.54635e-07
 1.42989e-07
 1.32608e-07
 1.59336e-06
 1.24749e-06
 1.00395e-06
 8.25716e-07
 6.91239e-07
 5.87220e-07
 5.05078e-07
 4.39067e-07
 3.85215e-07
 3.40704e-07
 3.03490e-07
 2.72059e-07
 2.45272e-07
 2.22255e-07
 2.02333e-07
 1.84975e-07
 1.69759e-07
 1.56345e-07
 1.44461e-07
 1.33882e-07
 1.67398e-06
 1.29831e-06
 1.03768e-06
 8.49046e-07
 7.07917e-07
 5.99477e-07
 5.14301e-07
 4.46147e-07
 3.90746e-07
 3.45093e-07
 3.07020e-07
 2.74932e-07
 2.47636e-07
 2.24220e-07
 2.03981e-07
 1.86368e-07
 1.70945e-07
 1.57362e-07
 1.45339e-07
 1.34644e-07
 1.69077e-06
 1.30904e-06
 1.04494e-06
 8.54164e-07
 7.11656e-07
 6.02288e-07
 5.16465e-07
 4.47847e-07
 3.92106e-07
 3.46196e-07
 3.07927e-07
 2.75688e-07
 2.48272e-07
 2.24760e-07
 2.04443e-07
 1.86766e-07
 1.71290e-07
 1.57665e-07
 1.45604e-07
 1.34879e-07
 1.64022e-06
 1.27796e-06
 1.02478e-06
 8.40539e-07
 7.02134e-07
 5.95449e-07
 5.11438e-07
 4.44079e-07
 3.89232e-07
 3.43971e-07
 3.06182e-07
 2.74303e-07
 2.47160e-07
 2.23860e-07
 2.03708e-07
 1.86162e-07
 1.70790e-07
 1.57247e-07
 1.45254e-07
 1.34583e-07
 1.53096e-06
 1.20947e-06
 9.79625e-07
 8.09570e-07
 6.80203e-07
 5.79496e-07
 4.99568e-07
 4.35074e-07
 3.82283e-07
 3.38528e-07
 3.01862e-07
 2.70834e-07
 2.44345e-07
 2.21553e-07
 2.01801e-07
 1.84573e-07
 1.69456e-07
 1.56120e-07
 1.44296e-07
 1.33764e-07
 1.38100e-06
 1.11288e-06
 9.14655e-07
 7.64301e-07
 6.47726e-07
 5.55617e-07
 4.81635e-07
 4.21357e-07
 3.71622e-07
 3.30124e-07
 2.95152e-07
 2.65415e-07
 2.39924e-07
 2.17913e-07
 1.98778e-07
 1.82043e-07
 1.67324e-07
 1.54311e-07
 1.42752e-07
 1.32439e-07
 1.21156e-06
 9.99837e-07
 8.36589e-07
 7.08790e-07
 6.07252e-07
 5.25461e-07
 4.58739e-07
 4.03681e-07
 3.57774e-07
 3.19131e-07
 2.86322e-07
 2.58246e-07
 2.34047e-07
 2.13052e-07
 1.94725e-07
 1.78639e-07
 1.64445e-07
 1.51861e-07
 1.40655e-07
 1.30633e-07
 1.04113e-06
 8.81420e-07
 7.52250e-07
 6.47355e-07
 5.61589e-07
 4.90901e-07
 4.32156e-07
 3.82935e-07
 3.41369e-07
 3.06004e-07
 2.75705e-07
 2.49574e-07
 2.26900e-07
 2.07112e-07
 1.89752e-07
 1.74445e-07
 1.60886e-07
 1.48822e-07
 1.38046e-07
 1.28382e-07
 8.82322e-07
 7.66265e-07
 6.67451e-07
 5.83925e-07
 5.13420e-07
 4.53798e-07
 4.03196e-07
 3.60053e-07
 3.23085e-07
 2.91242e-07
 2.63671e-07
 2.39677e-07
 2.18694e-07
 2.00258e-07
 1.83985e-07
 1.69562e-07
 1.56726e-07
 1.45258e-07
 1.34976e-07
 1.25724e-07
 7.41678e-07
 6.59916e-07
 5.86441e-07
 5.21634e-07
 4.65031e-07
 4.15815e-07
 3.73077e-07
 3.35934e-07
 3.03589e-07
 2.75345e-07
 2.50601e-07
 2.28848e-07
 2.09656e-07
 1.92662e-07
 1.77562e-07
 1.64098e-07
 1.52051e-07
 1.41238e-07
 1.31501e-07
 1.22707e-07
 6.21211e-07
 5.65163e-07
 5.11852e-07
 4.62685e-07
 4.18171e-07
 3.78311e-07
 3.42841e-07
 3.11376e-07
 2.83496e-07
 2.58786e-07
 2.36860e-07
 2.17370e-07
 2.00008e-07
 1.84504e-07
 1.70624e-07
 1.58165e-07
 1.46953e-07
 1.36835e-07
 1.27682e-07
 1.19380e-07
 5.20169e-07
 4.82783e-07
 4.44969e-07
 4.08409e-07
 3.74038e-07
 3.42295e-07
 3.13314e-07
 2.87045e-07
 2.63336e-07
 2.41988e-07
 2.22786e-07
 2.05513e-07
 1.89966e-07
 1.75955e-07
 1.63309e-07
 1.51877e-07
 1.41523e-07
 1.32126e-07
 1.23580e-07
 1.15794e-07
