scalar
part
         1
quad4
 6.55172e-07
 5.99194e-07
 5.45046e-07
 4.94378e-07
 4.47954e-07
 4.05984e-07
 3.68353e-07
 3.34775e-07
 3.04888e-07
 2.78308e-07
 2.54662e-07
 2.33605e-07
 2.14822e-07
 1.98035e-07
 1.82999e-07
 1.69499e-07
 1.57350e-07
 1.46389e-07
 1.36476e-07
 1.27489e-07
 7.70325e-07
 6.91117e-07
 6.18128e-07
 5.52470e-07
 4.94242e-07
 4.43016e-07
 3.98132e-07
 3.58857e-07
 3.24479e-07
 2.94342e-07
 2.67864e-07
 2.44538e-07
 2.23928e-07
 2.05660e-07
 1.89417e-07
 1.74929e-07
 1.61965e-07
 1.50329e-07
 1.39854e-07
 1.30396e-07
 9.05086e-07
 7.94695e-07
 6.97806e-07
 6.14023e-07
 5.42092e-07
 4.80488e-07
 4.27707e-07
 3.82388e-07
 3.43348e-07
 3.09590e-07
 2.80275e-07
 2.54711e-07
 2.32322e-07
 2.12629e-07
 1.95237e-07
 1.79816e-07
 1.66089e-07
 1.53827e-07
 1.42834e-07
 1.32946e-07
 1.05893e-06
 9.08029e-07
 7.81918e-07
 6.77061e-07
 5.89850e-07
 5.17073e-07
 4.56039e-07
 4.04558e-07
 3.60869e-07
 3.23564e-07
 2.91518e-07
 2.63830e-07
 2.39772e-07
 2.18759e-07
 2.00313e-07
 1.84044e-07
 1.69632e-07
 1.56810e-07
 1.45358e-07
 1.35091e-07
 1.22766e-06
 1.02670e-06
 8.66696e-07
 7.38626e-07
 6.35275e-07
 5.51099e-07
 4.81885e-07
 4.24445e-07
 3.76351e-07
 3.35748e-07
 3.01201e-07
 2.71594e-07
 2.46050e-07
 2.23873e-07
 2.04507e-07
 1.87506e-07
 1.72505e-07
 1.59208e-07
 1.47369e-07
 1.36786e-07
 1.40144e-06
 1.14302e-06
 9.46579e-07
 7.94796e-07
 6.75622e-07
 5.80637e-07
 5.03879e-07
 4.41070e-07
 3.89088e-07
 3.45624e-07
 3.08941e-07
 2.77718e-07
 2.50938e-07
 2.27804e-07
 2.07692e-07
 1.90102e-07
 1.74633e-07
 1.60961e-07
 1.48820e-07
 1.37991e-07
 1.56329e-06
 1.24597e-06
 1.01448e-06
 8.40984e-07
 7.07878e-07
 6.03673e-07
 5.20651e-07
 4.53485e-07
 3.98412e-07
 3.52714e-07
 3.14391e-07
 2.81948e-07
 2.54247e-07
 2.30411e-07
 2.09758e-07
 1.91748e-07
 1.75950e-07
 1.62018e-07
 1.49670e-07
 1.38676e-07
 1.69015e-06
 1.32244e-06
 1.06273e-06
 8.72565e-07
 7.29161e-07
 6.18362e-07
 5.30988e-07
 4.60875e-07
 4.03762e-07
 3.56625e-07
 3.17272e-07
 2.84080e-07
 2.55829e-07
 2.31585e-07
 2.10625e-07
 1.92383e-07
 1.76409e-07
 1.62342e-07
 1.49891e-07
 1.38817e-07
 1.75809e-06
 1.36020e-06
 1.08472e-06
 8.85757e-07
 7.37221e-07
 6.23313e-07
 5.34002e-07
 4.62657e-07
 4.04748e-07
 3.57092e-07
 3.17399e-07
 2.83985e-07
 2.55590e-07
 2.31255e-07
 2.10241e-07
 1.91969e-07
 1.75981e-07
 1.61912e-07
 1.49466e-07
 1.38403e-07
 1.75119e-06
 1.35181e-06
 1.07664e-06
 8.78515e-07
 7.30894e-07
 6.17839e-07
 5.29275e-07
 4.58569e-07
 4.01203e-07
 3.54005e-07
 3.14699e-07
 2.81613e-07
 2.53497e-07
 2.29401e-07
 2.08591e-07
 1.90495e-07
 1.74660e-07
 1.60724e-07
 1.48394e-07
 1.37432e-07
 1.66893e-06
 1.29739e-06
 1.03875e-06
 8.51075e-07
 7.10379e-07
 6.02098e-07
 5.16933e-07
 4.48713e-07
 3.93206e-07
 3.47427e-07
 3.09224e-07
 2.77007e-07
 2.49585e-07
 2.26050e-07
 2.05699e-07
 1.87982e-07
 1.72462e-07
 1.58790e-07
 1.46684e-07
 1.35912e-07
 1.52641e-06
 1.20460e-06
 9.75273e-07
 8.05911e-07
 6.77207e-07
 5.77079e-07
 4.97636e-07
 4.33541e-07
 3.81078e-07
 3.37592e-07
 3.01144e-07
 2.70293e-07
 2.43950e-07
 2.21277e-07
 2.01623e-07
 1.84475e-07
 1.69424e-07
 1.56142e-07
 1.44362e-07
 1.33866e-07
 1.34722e-06
 1.08581e-06
 8.93148e-07
 7.47147e-07
 6.33934e-07
 5.44429e-07
 4.72481e-07
 4.13806e-07
 3.65347e-07
 3.24876e-07
 2.90736e-07
 2.61679e-07
 2.36749e-07
 2.15202e-07
 1.96456e-07
 1.80047e-07
 1.65603e-07
 1.52824e-07
 1.41465e-07
 1.31322e-07
 1.15491e-06
 9.54397e-07
 8.00299e-07
 6.79660e-07
 5.83672e-07
 5.06194e-07
 4.42850e-07
 3.90464e-07
 3.46690e-07
 3.09768e-07
 2.78359e-07
 2.51432e-07
 2.28184e-07
 2.07980e-07
 1.90319e-07
 1.74793e-07
 1.61075e-07
 1.48898e-07
 1.38041e-07
 1.28320e-07
 9.67842e-07
 8.21885e-07
 7.04072e-07
 6.08227e-07
 5.29593e-07
 4.64527e-07
 4.10235e-07
 3.64569e-07
 3.25863e-07
 2.92821e-07
 2.64422e-07
 2.39859e-07
 2.18488e-07
 1.99792e-07
 1.83351e-07
 1.68823e-07
 1.55928e-07
 1.44434e-07
 1.34147e-07
 1.24908e-07
 7.97684e-07
 6.96621e-07
 6.10302e-07
 5.36913e-07
 4.74546e-07
 4.21443e-07
 3.76079e-07
 3.37166e-07
 3.03635e-07
 2.74606e-07
 2.49356e-07
 2.27289e-07
 2.07916e-07
 1.90834e-07
 1.75708e-07
 1.62261e-07
 1.50259e-07
 1.39510e-07
 1.29848e-07
 1.21135e-07
 6.50060e-07
 5.83610e-07
 5.22988e-07
 4.68774e-07
 4.20823e-07
 3.78653e-07
 3.41658e-07
 3.09213e-07
 2.80729e-07
 2.55675e-07
 2.33583e-07
 2.14048e-07
 1.96722e-07
 1.81307e-07
 1.67549e-07
 1.55232e-07
 1.44171e-07
 1.34209e-07
 1.25211e-07
 1.17060e-07
 5.26162e-07
 4.85062e-07
 4.44401e-07
 4.05810e-07
 3.70074e-07
 3.37476e-07
 3.08012e-07
 2.81524e-07
 2.57781e-07
 2.36525e-07
 2.17495e-07
 2.00446e-07
 1.85151e-07
 1.71406e-07
 1.59031e-07
 1.47865e-07
 1.37768e-07
 1.28617e-07
 1.20306e-07
 1.12739e-07
 4.24487e-07
 4.01195e-07
 3.75437e-07
 3.49098e-07
 3.23340e-07
 2.98831e-07
 2.75918e-07
 2.54742e-07
 2.35316e-07
 2.17581e-07
 2.01436e-07
 1.86760e-07
 1.73429e-07
 1.61316e-07
 1.50303e-07
 1.40281e-07
 1.31149e-07
 1.22817e-07
 1.15201e-07
 1.08230e-07
 3.42232e-07
 3.31019e-07
 3.16027e-07
 2.99000e-07
 2.81148e-07
 2.63278e-07
 2.45904e-07
 2.29335e-07
 2.13737e-07
 1.99185e-07
 1.85691e-07
 1.73230e-07
 1.61754e-07
 1.51200e-07
 1.41503e-07
 1.32595e-07
 1.24411e-07
 1.16887e-07
 1.09964e-07
 1.03589e-07
