scalar
part
         1
quad4
 3.36525e-07
 3.25880e-07
 3.11446e-07
 2.94941e-07
 2.77564e-07
 2.60117e-07
 2.43114e-07
 2.26867e-07
 2.11550e-07
 1.97241e-07
 1.83957e-07
 1.71679e-07
 1.60360e-07
 1.49944e-07
 1.40368e-07
 1.31565e-07
 1.23473e-07
 1.16030e-07
 1.09180e-07
 1.02869e-07
 4.17775e-07
 3.95286e-07
 3.70277e-07
 3.44612e-07
 3.19443e-07
 2.95442e-07
 2.72963e-07
 2.52156e-07
 2.33045e-07
 2.15578e-07
 1.99662e-07
 1.85182e-07
 1.72019e-07
 1.60051e-07
 1.49163e-07
 1.39251e-07
 1.30214e-07
 1.21964e-07
 1.14422e-07
 1.07516e-07
 5.18262e-07
 4.78291e-07
 4.38628e-07
 4.00892e-07
 3.65876e-07
 3.33879e-07
 3.04916e-07
 2.78844e-07
 2.55449e-07
 2.34484e-07
 2.15699e-07
 1.98856e-07
 1.83737e-07
 1.70142e-07
 1.57896e-07
 1.46841e-07
 1.36841e-07
 1.27775e-07
 1.19537e-07
 1.12036e-07
 6.40801e-07
 5.75919e-07
 5.16602e-07
 4.63453e-07
 4.16364e-07
 3.74890e-07
 3.38459e-07
 3.06473e-07
 2.78364e-07
 2.53620e-07
 2.31784e-07
 2.12464e-07
 1.95318e-07
 1.80056e-07
 1.66429e-07
 1.54224e-07
 1.43261e-07
 1.33383e-07
 1.24458e-07
 1.16372e-07
 7.86966e-07
 6.88026e-07
 6.03367e-07
 5.31265e-07
 4.69898e-07
 4.17578e-07
 3.72831e-07
 3.34409e-07
 3.01274e-07
 2.72566e-07
 2.47579e-07
 2.25730e-07
 2.06539e-07
 1.89610e-07
 1.74615e-07
 1.61278e-07
 1.49372e-07
 1.38706e-07
 1.29116e-07
 1.20466e-07
 9.55732e-07
 8.12534e-07
 6.96741e-07
 6.02387e-07
 5.24868e-07
 4.60648e-07
 4.07008e-07
 3.61850e-07
 3.23548e-07
 2.90830e-07
 2.62694e-07
 2.38347e-07
 2.17156e-07
 1.98609e-07
 1.82295e-07
 1.67875e-07
 1.55073e-07
 1.43659e-07
 1.33442e-07
 1.24262e-07
 1.14178e-06
 9.44628e-07
 7.92841e-07
 6.73832e-07
 5.79021e-07
 5.02413e-07
 4.39727e-07
 3.87847e-07
 3.44469e-07
 3.07862e-07
 2.76708e-07
 2.49989e-07
 2.26912e-07
 2.06853e-07
 1.89312e-07
 1.73889e-07
 1.60259e-07
 1.48158e-07
 1.37367e-07
 1.27704e-07
 1.33388e-06
 1.07619e-06
 8.85948e-07
 7.41593e-07
 6.29539e-07
 5.40874e-07
 4.69553e-07
 4.11357e-07
 3.63270e-07
 3.23093e-07
 2.89191e-07
 2.60327e-07
 2.35557e-07
 2.14143e-07
 1.95509e-07
 1.79196e-07
 1.64834e-07
 1.52126e-07
 1.40827e-07
 1.30738e-07
 1.51412e-06
 1.19587e-06
 9.68790e-07
 8.00924e-07
 6.73259e-07
 5.73881e-07
 4.94995e-07
 4.31325e-07
 3.79192e-07
 3.35967e-07
 2.99731e-07
 2.69053e-07
 2.42853e-07
 2.20300e-07
 2.00747e-07
 1.83684e-07
 1.68708e-07
 1.55490e-07
 1.43766e-07
 1.33319e-07
 1.65912e-06
 1.29033e-06
 1.03344e-06
 8.46930e-07
 7.07056e-07
 5.99374e-07
 5.14659e-07
 4.46786e-07
 3.91551e-07
 3.45992e-07
 3.07966e-07
 2.75896e-07
 2.48596e-07
 2.25164e-07
 2.04901e-07
 1.87259e-07
 1.71805e-07
 1.58190e-07
 1.46133e-07
 1.35405e-07
 1.74497e-06
 1.34701e-06
 1.07283e-06
 8.75415e-07
 7.28324e-07
 6.15674e-07
 5.27427e-07
 4.56974e-07
 3.99811e-07
 3.52781e-07
 3.13614e-07
 2.80645e-07
 2.52628e-07
 2.28616e-07
 2.07879e-07
 1.89847e-07
 1.74067e-07
 1.60179e-07
 1.47891e-07
 1.36967e-07
 1.75578e-06
 1.35786e-06
 1.08253e-06
 8.83786e-07
 7.35463e-07
 6.21751e-07
 5.32612e-07
 4.61417e-07
 4.03638e-07
 3.56094e-07
 3.16498e-07
 2.83169e-07
 2.54847e-07
 2.30577e-07
 2.09620e-07
 1.91398e-07
 1.75455e-07
 1.61425e-07
 1.49015e-07
 1.37983e-07
 1.69118e-06
 1.32231e-06
 1.06208e-06
 8.71682e-07
 7.28201e-07
 6.17399e-07
 5.30057e-07
 4.59994e-07
 4.02937e-07
 3.55858e-07
 3.16560e-07
 2.83420e-07
 2.55217e-07
 2.31017e-07
 2.10097e-07
 1.91892e-07
 1.75952e-07
 1.61915e-07
 1.49492e-07
 1.38444e-07
 1.56663e-06
 1.24755e-06
 1.01509e-06
 8.41047e-07
 7.07635e-07
 6.03263e-07
 5.20154e-07
 4.52949e-07
 3.97864e-07
 3.52172e-07
 3.13864e-07
 2.81442e-07
 2.53764e-07
 2.29953e-07
 2.09325e-07
 1.91338e-07
 1.75563e-07
 1.61652e-07
 1.49324e-07
 1.38349e-07
 1.40604e-06
 1.14572e-06
 9.48113e-07
 7.95604e-07
 6.75976e-07
 5.80705e-07
 5.03767e-07
 4.40847e-07
 3.88797e-07
 3.45294e-07
 3.08591e-07
 2.77361e-07
 2.50581e-07
 2.27453e-07
 2.07350e-07
 1.89771e-07
 1.74315e-07
 1.60655e-07
 1.48527e-07
 1.37711e-07
 1.23270e-06
 1.02999e-06
 8.68822e-07
 7.39966e-07
 6.36088e-07
 5.51554e-07
 4.82098e-07
 4.24494e-07
 3.76289e-07
 3.35611e-07
 3.01015e-07
 2.71376e-07
 2.45812e-07
 2.23624e-07
 2.04254e-07
 1.87252e-07
 1.72254e-07
 1.58961e-07
 1.47128e-07
 1.36552e-07
 1.06391e-06
 9.11538e-07
 7.84362e-07
 6.78743e-07
 5.90987e-07
 5.17823e-07
 4.56512e-07
 4.04833e-07
 3.61002e-07
 3.23596e-07
 2.91478e-07
 2.63737e-07
 2.39644e-07
 2.18606e-07
 2.00143e-07
 1.83863e-07
 1.69444e-07
 1.56620e-07
 1.45167e-07
 1.34902e-07
 9.09750e-07
 7.98171e-07
 7.00366e-07
 6.15890e-07
 5.43439e-07
 4.81447e-07
 4.28378e-07
 3.82843e-07
 3.43644e-07
 3.09765e-07
 2.80362e-07
 2.54731e-07
 2.32292e-07
 2.12562e-07
 1.95144e-07
 1.79703e-07
 1.65962e-07
 1.53690e-07
 1.42691e-07
 1.32800e-07
 7.74562e-07
 6.94420e-07
 6.20670e-07
 5.54407e-07
 4.95705e-07
 4.44112e-07
 3.98943e-07
 3.59449e-07
 3.24903e-07
 2.94636e-07
 2.68058e-07
 2.44655e-07
 2.23985e-07
 2.05672e-07
 1.89394e-07
 1.74878e-07
 1.61894e-07
 1.50243e-07
 1.39756e-07
 1.30290e-07
 6.58963e-07
 6.02258e-07
 5.47490e-07
 4.96307e-07
 4.49464e-07
 4.07157e-07
 3.69257e-07
 3.35466e-07
 3.05409e-07
 2.78695e-07
 2.54944e-07
 2.33803e-07
 2.14954e-07
 1.98114e-07
 1.83037e-07
 1.69505e-07
 1.57330e-07
 1.46349e-07
 1.36421e-07
 1.27422e-07
