scalar
part
         1
quad4
 4.87296e-07
 4.54562e-07
 4.20823e-07
 3.87768e-07
 3.56375e-07
 3.27146e-07
 3.00281e-07
 2.75789e-07
 2.53575e-07
 2.33488e-07
 2.15350e-07
 1.98981e-07
 1.84203e-07
 1.70849e-07
 1.58769e-07
 1.47823e-07
 1.37889e-07
 1.28858e-07
 1.20632e-07
 1.13124e-07
 5.84642e-07
 5.34456e-07
 4.86099e-07
 4.41057e-07
 3.99951e-07
 3.62896e-07
 3.29734e-07
 3.00173e-07
 2.73868e-07
 2.50466e-07
 2.29631e-07
 2.11057e-07
 1.94467e-07
 1.79617e-07
 1.66294e-07
 1.54313e-07
 1.43511e-07
 1.33748e-07
 1.24903e-07
 1.16870e-07
 7.01315e-07
 6.26883e-07
 5.59352e-07
 4.99321e-07
 4.46543e-07
 4.00394e-07
 3.60123e-07
 3.24975e-07
 2.94253e-07
 2.67337e-07
 2.43688e-07
 2.22844e-07
 2.04412e-07
 1.88057e-07
 1.73497e-07
 1.60491e-07
 1.48838e-07
 1.38362e-07
 1.28918e-07
 1.20378e-07
 8.38402e-07
 7.31360e-07
 6.39528e-07
 5.61395e-07
 4.95072e-07
 4.38711e-07
 3.90673e-07
 3.49565e-07
 3.14224e-07
 2.83696e-07
 2.57196e-07
 2.34082e-07
 2.13828e-07
 1.95999e-07
 1.80237e-07
 1.66246e-07
 1.53778e-07
 1.42625e-07
 1.32614e-07
 1.23598e-07
 9.94491e-07
 8.45542e-07
 7.24295e-07
 6.25275e-07
 5.43913e-07
 4.76568e-07
 4.20393e-07
 3.73173e-07
 3.33185e-07
 2.99078e-07
 2.69792e-07
 2.44486e-07
 2.22490e-07
 2.03265e-07
 1.86375e-07
 1.71464e-07
 1.58240e-07
 1.46462e-07
 1.35931e-07
 1.26480e-07
 1.16395e-06
 9.64462e-07
 8.09754e-07
 6.88028e-07
 5.90898e-07
 5.12366e-07
 4.48098e-07
 3.94921e-07
 3.50475e-07
 3.12985e-07
 2.81097e-07
 2.53765e-07
 2.30173e-07
 2.09679e-07
 1.91769e-07
 1.76032e-07
 1.62134e-07
 1.49801e-07
 1.38810e-07
 1.28975e-07
 1.33539e-06
 1.08013e-06
 8.90418e-07
 7.45890e-07
 6.33420e-07
 5.44278e-07
 4.72493e-07
 4.13874e-07
 3.65415e-07
 3.24915e-07
 2.90734e-07
 2.61633e-07
 2.36658e-07
 2.15071e-07
 1.96289e-07
 1.79848e-07
 1.65378e-07
 1.52577e-07
 1.41198e-07
 1.31041e-07
 1.49154e-06
 1.18196e-06
 9.59659e-07
 7.94603e-07
 6.68676e-07
 5.70417e-07
 4.92278e-07
 4.29121e-07
 3.77353e-07
 3.34393e-07
 2.98355e-07
 2.67830e-07
 2.41749e-07
 2.19292e-07
 1.99817e-07
 1.82821e-07
 1.67901e-07
 1.54731e-07
 1.43050e-07
 1.32640e-07
 1.61174e-06
 1.25839e-06
 1.01069e-06
 8.30009e-07
 6.94031e-07
 5.89058e-07
 5.06293e-07
 4.39865e-07
 3.85728e-07
 3.41020e-07
 3.03668e-07
 2.72140e-07
 2.45283e-07
 2.22217e-07
 2.02260e-07
 1.84877e-07
 1.69644e-07
 1.56219e-07
 1.44328e-07
 1.33744e-07
 1.67714e-06
 1.29947e-06
 1.03789e-06
 8.48780e-07
 7.07421e-07
 5.98878e-07
 5.13665e-07
 4.45511e-07
 3.90129e-07
 3.44503e-07
 3.06462e-07
 2.74408e-07
 2.47144e-07
 2.23760e-07
 2.03550e-07
 1.85965e-07
 1.70567e-07
 1.57009e-07
 1.45007e-07
 1.34332e-07
 1.67670e-06
 1.29952e-06
 1.03812e-06
 8.49074e-07
 7.07721e-07
 5.99161e-07
 5.13924e-07
 4.45743e-07
 3.90335e-07
 3.44686e-07
 3.06624e-07
 2.74552e-07
 2.47272e-07
 2.23874e-07
 2.03652e-07
 1.86056e-07
 1.70649e-07
 1.57083e-07
 1.45074e-07
 1.34393e-07
 1.61089e-06
 1.25873e-06
 1.01147e-06
 8.30929e-07
 6.94946e-07
 5.89913e-07
 5.07070e-07
 4.40559e-07
 3.86345e-07
 3.41568e-07
 3.04153e-07
 2.72570e-07
 2.45666e-07
 2.22558e-07
 2.02565e-07
 1.85151e-07
 1.69890e-07
 1.56441e-07
 1.44528e-07
 1.33926e-07
 1.49139e-06
 1.18306e-06
 9.61204e-07
 7.96236e-07
 6.70243e-07
 5.71857e-07
 4.93573e-07
 4.30275e-07
 3.78376e-07
 3.35299e-07
 2.99157e-07
 2.68541e-07
 2.42382e-07
 2.19856e-07
 2.00322e-07
 1.83274e-07
 1.68308e-07
 1.55098e-07
 1.43382e-07
 1.32942e-07
 1.33702e-06
 1.08248e-06
 8.92944e-07
 7.48333e-07
 6.35675e-07
 5.46311e-07
 4.74304e-07
 4.15478e-07
 3.66833e-07
 3.26168e-07
 2.91844e-07
 2.62617e-07
 2.37534e-07
 2.15852e-07
 1.96988e-07
 1.80475e-07
 1.65942e-07
 1.53086e-07
 1.41659e-07
 1.31459e-07
 1.16793e-06
 9.68362e-07
 8.13396e-07
 6.91337e-07
 5.93855e-07
 5.14986e-07
 4.50411e-07
 3.96959e-07
 3.52272e-07
 3.14571e-07
 2.82500e-07
 2.55010e-07
 2.31281e-07
 2.10668e-07
 1.92654e-07
 1.76827e-07
 1.62849e-07
 1.50447e-07
 1.39395e-07
 1.29506e-07
 1.00079e-06
 8.50996e-07
 7.29053e-07
 6.29433e-07
 5.47549e-07
 4.79749e-07
 4.23179e-07
 3.75619e-07
 3.35336e-07
 3.00975e-07
 2.71470e-07
 2.45976e-07
 2.23817e-07
 2.04450e-07
 1.87436e-07
 1.72417e-07
 1.59099e-07
 1.47239e-07
 1.36635e-07
 1.27120e-07
 8.46570e-07
 7.38148e-07
 6.45275e-07
 5.66319e-07
 4.99322e-07
 4.42401e-07
 3.93891e-07
 3.52382e-07
 3.16699e-07
 2.85879e-07
 2.59128e-07
 2.35798e-07
 2.15357e-07
 1.97366e-07
 1.81463e-07
 1.67349e-07
 1.54773e-07
 1.43526e-07
 1.33431e-07
 1.24341e-07
 7.10756e-07
 6.34665e-07
 5.65883e-07
 5.04875e-07
 4.51313e-07
 4.04521e-07
 3.63715e-07
 3.28118e-07
 2.97016e-07
 2.69775e-07
 2.45849e-07
 2.24765e-07
 2.06126e-07
 1.89591e-07
 1.74874e-07
 1.61733e-07
 1.49959e-07
 1.39378e-07
 1.29840e-07
 1.21218e-07
 5.94790e-07
 5.42873e-07
 4.93179e-07
 4.47082e-07
 4.05126e-07
 3.67375e-07
 3.33636e-07
 3.03591e-07
 2.76876e-07
 2.53125e-07
 2.31991e-07
 2.13159e-07
 1.96345e-07
 1.81302e-07
 1.67810e-07
 1.55680e-07
 1.44748e-07
 1.34870e-07
 1.25923e-07
 1.17800e-07
 4.97696e-07
 4.63292e-07
 4.28225e-07
 3.94100e-07
 3.61836e-07
 3.31889e-07
 3.04423e-07
 2.79427e-07
 2.56785e-07
 2.36332e-07
 2.17880e-07
 2.01239e-07
 1.86225e-07
 1.72666e-07
 1.60406e-07
 1.49303e-07
 1.39231e-07
 1.30077e-07
 1.21742e-07
 1.14138e-07
