scalar
part
         1
quad4
 6.36998e-07
 5.83704e-07
 5.31907e-07
 4.83256e-07
 4.38540e-07
 3.98004e-07
 3.61570e-07
 3.28992e-07
 2.99938e-07
 2.74054e-07
 2.50991e-07
 2.30424e-07
 2.12054e-07
 1.95617e-07
 1.80878e-07
 1.67632e-07
 1.55700e-07
 1.44926e-07
 1.35175e-07
 1.26328e-07
 7.50141e-07
 6.74323e-07
 6.04195e-07
 5.40910e-07
 4.84630e-07
 4.34996e-07
 3.91410e-07
 3.53196e-07
 3.19687e-07
 2.90264e-07
 2.64376e-07
 2.41540e-07
 2.21337e-07
 2.03411e-07
 1.87456e-07
 1.73212e-07
 1.60455e-07
 1.48996e-07
 1.38673e-07
 1.29347e-07
 8.82871e-07
 7.76730e-07
 6.83274e-07
 6.02232e-07
 5.32477e-07
 4.72600e-07
 4.21194e-07
 3.76973e-07
 3.38817e-07
 3.05772e-07
 2.77039e-07
 2.51951e-07
 2.29954e-07
 2.10588e-07
 1.93468e-07
 1.78275e-07
 1.64741e-07
 1.52643e-07
 1.41790e-07
 1.32022e-07
 1.03488e-06
 8.89220e-07
 7.67134e-07
 6.65356e-07
 5.80503e-07
 5.09541e-07
 4.49915e-07
 3.99535e-07
 3.56714e-07
 3.20101e-07
 2.88609e-07
 2.61369e-07
 2.37677e-07
 2.16965e-07
 1.98768e-07
 1.82707e-07
 1.68468e-07
 1.55793e-07
 1.44465e-07
 1.34305e-07
 1.20239e-06
 1.00767e-06
 8.52206e-07
 7.27452e-07
 6.26548e-07
 5.44197e-07
 4.76362e-07
 4.19977e-07
 3.72701e-07
 3.32737e-07
 2.98696e-07
 2.69494e-07
 2.44276e-07
 2.22365e-07
 2.03218e-07
 1.86397e-07
 1.71547e-07
 1.58375e-07
 1.46643e-07
 1.36149e-07
 1.37617e-06
 1.12478e-06
 9.33155e-07
 7.84728e-07
 6.67938e-07
 5.74676e-07
 4.99188e-07
 4.37330e-07
 3.86071e-07
 3.43164e-07
 3.06916e-07
 2.76037e-07
 2.49531e-07
 2.26619e-07
 2.06687e-07
 1.89244e-07
 1.73898e-07
 1.60328e-07
 1.48272e-07
 1.37515e-07
 1.54006e-06
 1.22995e-06
 1.00311e-06
 8.32699e-07
 7.01705e-07
 5.98983e-07
 5.17027e-07
 4.50642e-07
 3.96153e-07
 3.50897e-07
 3.12916e-07
 2.80739e-07
 2.53248e-07
 2.29581e-07
 2.09063e-07
 1.91163e-07
 1.75455e-07
 1.61597e-07
 1.49311e-07
 1.38369e-07
 1.67184e-06
 1.31040e-06
 1.05451e-06
 8.66768e-07
 7.24964e-07
 6.15256e-07
 5.28645e-07
 4.59081e-07
 4.02369e-07
 3.55533e-07
 3.16407e-07
 2.83389e-07
 2.55273e-07
 2.31136e-07
 2.10261e-07
 1.92086e-07
 1.76167e-07
 1.62145e-07
 1.49730e-07
 1.38686e-07
 1.74790e-06
 1.35392e-06
 1.08067e-06
 8.83067e-07
 7.35388e-07
 6.22043e-07
 5.33112e-07
 4.62029e-07
 4.04305e-07
 3.56783e-07
 3.17186e-07
 2.83843e-07
 2.55501e-07
 2.31206e-07
 2.10222e-07
 1.91972e-07
 1.76001e-07
 1.61945e-07
 1.49509e-07
 1.38453e-07
 1.75160e-06
 1.35254e-06
 1.07746e-06
 8.79334e-07
 7.31672e-07
 6.18560e-07
 5.29938e-07
 4.59176e-07
 4.01757e-07
 3.54512e-07
 3.15163e-07
 2.82039e-07
 2.53889e-07
 2.29762e-07
 2.08925e-07
 1.90804e-07
 1.74947e-07
 1.60991e-07
 1.48642e-07
 1.37664e-07
 1.68060e-06
 1.30544e-06
 1.04460e-06
 8.55486e-07
 7.13813e-07
 6.04838e-07
 5.19166e-07
 4.50564e-07
 3.94763e-07
 3.48755e-07
 3.10367e-07
 2.78001e-07
 2.50457e-07
 2.26821e-07
 2.06385e-07
 1.88596e-07
 1.73015e-07
 1.59291e-07
 1.47139e-07
 1.36328e-07
 1.54778e-06
 1.21917e-06
 9.85695e-07
 8.13650e-07
 6.83131e-07
 5.81730e-07
 5.01365e-07
 4.36586e-07
 3.83602e-07
 3.39712e-07
 3.02946e-07
 2.71841e-07
 2.45292e-07
 2.22449e-07
 2.02655e-07
 1.85389e-07
 1.70239e-07
 1.56872e-07
 1.45020e-07
 1.34461e-07
 1.37520e-06
 1.10528e-06
 9.07226e-07
 7.57661e-07
 6.42003e-07
 5.50764e-07
 4.77553e-07
 4.17937e-07
 3.68761e-07
 3.27734e-07
 2.93156e-07
 2.63749e-07
 2.38536e-07
 2.16757e-07
 1.97819e-07
 1.81249e-07
 1.66670e-07
 1.53777e-07
 1.42319e-07
 1.32092e-07
 1.18613e-06
 9.76823e-07
 8.16876e-07
 6.92230e-07
 5.93420e-07
 5.13904e-07
 4.49054e-07
 3.95533e-07
 3.50887e-07
 3.13285e-07
 2.81338e-07
 2.53979e-07
 2.30381e-07
 2.09890e-07
 1.91991e-07
 1.76266e-07
 1.62381e-07
 1.50062e-07
 1.39083e-07
 1.29258e-07
 9.99544e-07
 8.45503e-07
 7.22006e-07
 6.22101e-07
 5.40515e-07
 4.73263e-07
 4.17325e-07
 3.70399e-07
 3.30715e-07
 2.96902e-07
 2.67888e-07
 2.42829e-07
 2.21054e-07
 2.02024e-07
 1.85306e-07
 1.70546e-07
 1.57455e-07
 1.45794e-07
 1.35365e-07
 1.26002e-07
 8.28052e-07
 7.20085e-07
 6.28633e-07
 5.51412e-07
 4.86159e-07
 4.30860e-07
 3.83804e-07
 3.43574e-07
 3.09004e-07
 2.79147e-07
 2.53230e-07
 2.30620e-07
 2.10801e-07
 1.93350e-07
 1.77916e-07
 1.64209e-07
 1.51988e-07
 1.41051e-07
 1.31228e-07
 1.22377e-07
 6.78132e-07
 6.06048e-07
 5.41007e-07
 4.83349e-07
 4.32711e-07
 3.88437e-07
 3.49782e-07
 3.16018e-07
 2.86478e-07
 2.60570e-07
 2.37782e-07
 2.17675e-07
 1.99875e-07
 1.84065e-07
 1.69976e-07
 1.57378e-07
 1.46079e-07
 1.35913e-07
 1.26738e-07
 1.18435e-07
 5.51570e-07
 5.05990e-07
 4.61644e-07
 4.20061e-07
 3.81909e-07
 3.47364e-07
 3.16326e-07
 2.88563e-07
 2.63780e-07
 2.41671e-07
 2.21937e-07
 2.04304e-07
 1.88520e-07
 1.74365e-07
 1.61642e-07
 1.50181e-07
 1.39831e-07
 1.30464e-07
 1.21964e-07
 1.14235e-07
 4.47216e-07
 4.20411e-07
 3.91638e-07
 3.62758e-07
 3.34882e-07
 3.08618e-07
 2.84252e-07
 2.61873e-07
 2.41450e-07
 2.22885e-07
 2.06045e-07
 1.90787e-07
 1.76963e-07
 1.64433e-07
 1.53065e-07
 1.42739e-07
 1.33345e-07
 1.24786e-07
 1.16974e-07
 1.09832e-07
 3.62452e-07
 3.48498e-07
 3.31064e-07
 3.11911e-07
 2.92234e-07
 2.72811e-07
 2.54123e-07
 2.36443e-07
 2.19908e-07
 2.04564e-07
 1.90400e-07
 1.77369e-07
 1.65406e-07
 1.54436e-07
 1.44382e-07
 1.35166e-07
 1.26715e-07
 1.18959e-07
 1.11834e-07
 1.05282e-07
