scalar
part
         1
quad4
 6.38038e-07
 5.84044e-07
 5.31699e-07
 4.82635e-07
 4.37618e-07
 3.96871e-07
 3.60298e-07
 3.27634e-07
 2.98535e-07
 2.72636e-07
 2.49581e-07
 2.29035e-07
 2.10698e-07
 1.94300e-07
 1.79605e-07
 1.66405e-07
 1.54521e-07
 1.43794e-07
 1.34089e-07
 1.25288e-07
 7.50729e-07
 6.74124e-07
 6.03416e-07
 5.39723e-07
 4.83171e-07
 4.33368e-07
 3.89688e-07
 3.51436e-07
 3.17926e-07
 2.88529e-07
 2.62684e-07
 2.39901e-07
 2.19760e-07
 2.01899e-07
 1.86010e-07
 1.71831e-07
 1.59138e-07
 1.47741e-07
 1.37478e-07
 1.28209e-07
 8.82720e-07
 7.75728e-07
 6.81700e-07
 6.00298e-07
 5.30337e-07
 4.70364e-07
 4.18936e-07
 3.74743e-07
 3.36646e-07
 3.03679e-07
 2.75035e-07
 2.50042e-07
 2.28140e-07
 2.08867e-07
 1.91838e-07
 1.76732e-07
 1.63282e-07
 1.51261e-07
 1.40482e-07
 1.30783e-07
 1.03355e-06
 8.87045e-07
 7.64470e-07
 6.62448e-07
 5.77512e-07
 5.06571e-07
 4.47028e-07
 3.96766e-07
 3.54083e-07
 3.17613e-07
 2.86266e-07
 2.59167e-07
 2.35610e-07
 2.15025e-07
 1.96947e-07
 1.80996e-07
 1.66861e-07
 1.54281e-07
 1.43042e-07
 1.32964e-07
 1.19922e-06
 1.00381e-06
 8.48079e-07
 7.23303e-07
 6.22518e-07
 5.40360e-07
 4.72752e-07
 4.16604e-07
 3.69562e-07
 3.29822e-07
 2.95991e-07
 2.66983e-07
 2.41944e-07
 2.20197e-07
 2.01199e-07
 1.84515e-07
 1.69790e-07
 1.56732e-07
 1.45103e-07
 1.34705e-07
 1.37019e-06
 1.11859e-06
 9.27129e-07
 7.79049e-07
 6.62677e-07
 5.69845e-07
 4.94771e-07
 4.33296e-07
 3.82388e-07
 3.39796e-07
 3.03832e-07
 2.73207e-07
 2.46928e-07
 2.24219e-07
 2.04469e-07
 1.87190e-07
 1.71991e-07
 1.58553e-07
 1.46617e-07
 1.35969e-07
 1.53003e-06
 1.22066e-06
 9.94719e-07
 8.25210e-07
 6.95041e-07
 5.93053e-07
 5.11737e-07
 4.45908e-07
 3.91901e-07
 3.47063e-07
 3.09446e-07
 2.77586e-07
 2.50373e-07
 2.26950e-07
 2.06648e-07
 1.88938e-07
 1.73400e-07
 1.59694e-07
 1.47543e-07
 1.36723e-07
 1.65632e-06
 1.29726e-06
 1.04336e-06
 8.57249e-07
 7.16779e-07
 6.08162e-07
 5.22450e-07
 4.53631e-07
 3.97543e-07
 3.51232e-07
 3.12553e-07
 2.79917e-07
 2.52130e-07
 2.28278e-07
 2.07652e-07
 1.89696e-07
 1.73969e-07
 1.60116e-07
 1.47853e-07
 1.36944e-07
 1.72577e-06
 1.33643e-06
 1.06654e-06
 8.71432e-07
 7.25653e-07
 6.13785e-07
 5.26022e-07
 4.55879e-07
 3.98922e-07
 3.52032e-07
 3.12964e-07
 2.80067e-07
 2.52103e-07
 2.28133e-07
 2.07429e-07
 1.89424e-07
 1.73667e-07
 1.59799e-07
 1.47528e-07
 1.36620e-07
 1.72265e-06
 1.33074e-06
 1.06044e-06
 8.65682e-07
 7.20476e-07
 6.09213e-07
 5.22017e-07
 4.52378e-07
 3.95859e-07
 3.49346e-07
 3.10601e-07
 2.77981e-07
 2.50256e-07
 2.26490e-07
 2.05963e-07
 1.88111e-07
 1.72487e-07
 1.58735e-07
 1.46566e-07
 1.35747e-07
 1.64599e-06
 1.28003e-06
 1.02515e-06
 8.40126e-07
 7.01373e-07
 5.94558e-07
 5.10527e-07
 4.43203e-07
 3.88416e-07
 3.43224e-07
 3.05506e-07
 2.73694e-07
 2.46615e-07
 2.23372e-07
 2.03272e-07
 1.85772e-07
 1.70442e-07
 1.56936e-07
 1.44976e-07
 1.34334e-07
 1.50988e-06
 1.19146e-06
 9.64598e-07
 7.97072e-07
 6.69772e-07
 5.70739e-07
 4.92168e-07
 4.28778e-07
 3.76892e-07
 3.33883e-07
 2.97837e-07
 2.67326e-07
 2.41273e-07
 2.18849e-07
 1.99411e-07
 1.82452e-07
 1.67566e-07
 1.54430e-07
 1.42780e-07
 1.32399e-07
 1.33680e-06
 1.07683e-06
 8.85414e-07
 7.40457e-07
 6.28113e-07
 5.39330e-07
 4.67986e-07
 4.09819e-07
 3.61790e-07
 3.21684e-07
 2.87858e-07
 2.59072e-07
 2.34377e-07
 2.13035e-07
 1.94469e-07
 1.78219e-07
 1.63916e-07
 1.51262e-07
 1.40014e-07
 1.29972e-07
 1.14959e-06
 9.49083e-07
 7.95258e-07
 6.74993e-07
 5.79401e-07
 5.02305e-07
 4.39316e-07
 3.87250e-07
 3.43763e-07
 3.07097e-07
 2.75915e-07
 2.49190e-07
 2.26122e-07
 2.06079e-07
 1.88561e-07
 1.73164e-07
 1.59562e-07
 1.47489e-07
 1.36725e-07
 1.27090e-07
 9.66346e-07
 8.19525e-07
 7.01317e-07
 6.05344e-07
 5.26729e-07
 4.61761e-07
 4.07607e-07
 3.62095e-07
 3.23546e-07
 2.90658e-07
 2.62405e-07
 2.37979e-07
 2.16735e-07
 1.98156e-07
 1.81823e-07
 1.67394e-07
 1.54590e-07
 1.43178e-07
 1.32968e-07
 1.23798e-07
 7.98833e-07
 6.96478e-07
 6.09371e-07
 5.35520e-07
 4.72899e-07
 4.19676e-07
 3.74274e-07
 3.35376e-07
 3.01891e-07
 2.72925e-07
 2.47748e-07
 2.25758e-07
 2.06463e-07
 1.89458e-07
 1.74406e-07
 1.61029e-07
 1.49094e-07
 1.38407e-07
 1.28805e-07
 1.20147e-07
 6.52910e-07
 5.85033e-07
 5.23435e-07
 4.68567e-07
 4.20185e-07
 3.77740e-07
 3.40577e-07
 3.08036e-07
 2.79507e-07
 2.54440e-07
 2.32358e-07
 2.12848e-07
 1.95555e-07
 1.80180e-07
 1.66465e-07
 1.54192e-07
 1.43176e-07
 1.33257e-07
 1.24301e-07
 1.16191e-07
 5.30026e-07
 4.87530e-07
 4.45843e-07
 4.06510e-07
 3.70243e-07
 3.37271e-07
 3.07547e-07
 2.80883e-07
 2.57024e-07
 2.35694e-07
 2.16622e-07
 1.99552e-07
 1.84253e-07
 1.70515e-07
 1.58155e-07
 1.47009e-07
 1.36935e-07
 1.27810e-07
 1.19526e-07
 1.11987e-07
 4.28888e-07
 4.04315e-07
 3.77562e-07
 3.50464e-07
 3.24133e-07
 2.99195e-07
 2.75965e-07
 2.54556e-07
 2.34962e-07
 2.17107e-07
 2.00878e-07
 1.86146e-07
 1.72778e-07
 1.60644e-07
 1.49622e-07
 1.39599e-07
 1.30472e-07
 1.22149e-07
 1.14546e-07
 1.07590e-07
 3.46857e-07
 3.34508e-07
 3.18594e-07
 3.00834e-07
 2.82406e-07
 2.64086e-07
 2.46365e-07
 2.29528e-07
 2.13727e-07
 1.99022e-07
 1.85413e-07
 1.72866e-07
 1.61328e-07
 1.50730e-07
 1.41003e-07
 1.32076e-07
 1.23880e-07
 1.16351e-07
 1.09428e-07
 1.03057e-07
