scalar
part
         1
quad4
 5.80406e-07
 5.33290e-07
 4.87165e-07
 4.43606e-07
 4.03394e-07
 3.66805e-07
 3.33815e-07
 3.04230e-07
 2.77779e-07
 2.54159e-07
 2.33069e-07
 2.14224e-07
 1.97363e-07
 1.82250e-07
 1.68679e-07
 1.56464e-07
 1.45448e-07
 1.35488e-07
 1.26462e-07
 1.18266e-07
 6.85011e-07
 6.17391e-07
 5.54516e-07
 4.97535e-07
 4.46677e-07
 4.01684e-07
 3.62060e-07
 3.27231e-07
 2.96619e-07
 2.69682e-07
 2.45934e-07
 2.24948e-07
 2.06352e-07
 1.89825e-07
 1.75095e-07
 1.61926e-07
 1.50118e-07
 1.39500e-07
 1.29924e-07
 1.21263e-07
 8.07987e-07
 7.12676e-07
 6.28419e-07
 5.55099e-07
 4.91795e-07
 4.37302e-07
 3.90397e-07
 3.49952e-07
 3.14979e-07
 2.84629e-07
 2.58192e-07
 2.35069e-07
 2.14763e-07
 1.96859e-07
 1.81011e-07
 1.66930e-07
 1.54372e-07
 1.43134e-07
 1.33042e-07
 1.23952e-07
 9.49176e-07
 8.17674e-07
 7.07094e-07
 6.14629e-07
 5.37323e-07
 4.72503e-07
 4.17906e-07
 3.71672e-07
 3.32294e-07
 2.98560e-07
 2.69496e-07
 2.44315e-07
 2.22382e-07
 2.03182e-07
 1.86292e-07
 1.71367e-07
 1.58121e-07
 1.46319e-07
 1.35761e-07
 1.26283e-07
 1.10526e-06
 9.28706e-07
 7.87335e-07
 6.73566e-07
 5.81298e-07
 5.05805e-07
 4.43475e-07
 3.91554e-07
 3.47935e-07
 3.10998e-07
 2.79483e-07
 2.52407e-07
 2.28993e-07
 2.08624e-07
 1.90803e-07
 1.75132e-07
 1.61282e-07
 1.48987e-07
 1.38026e-07
 1.28214e-07
 1.26794e-06
 1.03920e-06
 8.64309e-07
 7.28457e-07
 6.21272e-07
 5.35468e-07
 4.65857e-07
 4.08697e-07
 3.61244e-07
 3.21454e-07
 2.87789e-07
 2.59070e-07
 2.34386e-07
 2.13025e-07
 1.94422e-07
 1.78127e-07
 1.63777e-07
 1.51078e-07
 1.39787e-07
 1.29705e-07
 1.42266e-06
 1.13953e-06
 9.31749e-07
 7.75188e-07
 6.54506e-07
 5.59635e-07
 4.83775e-07
 4.22208e-07
 3.71583e-07
 3.29471e-07
 2.94077e-07
 2.64054e-07
 2.38374e-07
 2.16243e-07
 1.97038e-07
 1.80268e-07
 1.65541e-07
 1.52538e-07
 1.41003e-07
 1.30722e-07
 1.54926e-06
 1.21806e-06
 9.82724e-07
 8.09502e-07
 6.78304e-07
 5.76555e-07
 4.96059e-07
 4.31287e-07
 3.78397e-07
 3.34653e-07
 2.98065e-07
 2.67153e-07
 2.40804e-07
 2.18162e-07
 1.98564e-07
 1.81489e-07
 1.66521e-07
 1.53329e-07
 1.41642e-07
 1.31241e-07
 1.62632e-06
 1.26356e-06
 1.01099e-06
 8.27752e-07
 6.90447e-07
 5.84828e-07
 5.01801e-07
 4.35329e-07
 3.81273e-07
 3.36714e-07
 2.99547e-07
 2.68220e-07
 2.41567e-07
 2.18703e-07
 1.98941e-07
 1.81743e-07
 1.66684e-07
 1.53423e-07
 1.41684e-07
 1.31244e-07
 1.63837e-06
 1.26844e-06
 1.01253e-06
 8.27687e-07
 6.89609e-07
 5.83641e-07
 5.00485e-07
 4.33999e-07
 3.79987e-07
 3.35502e-07
 2.98419e-07
 2.67179e-07
 2.40612e-07
 2.17828e-07
 1.98140e-07
 1.81010e-07
 1.66013e-07
 1.52808e-07
 1.41120e-07
 1.30726e-07
 1.58235e-06
 1.23138e-06
 9.86722e-07
 8.08990e-07
 6.75630e-07
 5.72914e-07
 4.92073e-07
 4.27280e-07
 3.74536e-07
 3.31018e-07
 2.94687e-07
 2.64038e-07
 2.37944e-07
 2.15543e-07
 1.96167e-07
 1.79296e-07
 1.64514e-07
 1.51489e-07
 1.39954e-07
 1.29690e-07
 1.46854e-06
 1.15757e-06
 9.36427e-07
 7.73348e-07
 6.49552e-07
 5.53319e-07
 4.77015e-07
 4.15483e-07
 3.65138e-07
 3.23421e-07
 2.88465e-07
 2.58885e-07
 2.33631e-07
 2.11900e-07
 1.93064e-07
 1.76633e-07
 1.62212e-07
 1.49488e-07
 1.38203e-07
 1.28150e-07
 1.31569e-06
 1.05687e-06
 8.67185e-07
 7.24044e-07
 6.13411e-07
 5.26168e-07
 4.56182e-07
 3.99204e-07
 3.52211e-07
 3.13009e-07
 2.79974e-07
 2.51881e-07
 2.27795e-07
 2.06992e-07
 1.88903e-07
 1.73077e-07
 1.59153e-07
 1.46839e-07
 1.35896e-07
 1.26129e-07
 1.14446e-06
 9.40885e-07
 7.85814e-07
 6.65256e-07
 5.69860e-07
 4.93198e-07
 4.30746e-07
 3.79250e-07
 3.36324e-07
 3.00193e-07
 2.69512e-07
 2.43249e-07
 2.20604e-07
 2.00948e-07
 1.83782e-07
 1.68707e-07
 1.55398e-07
 1.43592e-07
 1.33072e-07
 1.23660e-07
 9.72522e-07
 8.20380e-07
 6.99056e-07
 6.01312e-07
 5.21747e-07
 4.56328e-07
 4.02026e-07
 3.56549e-07
 3.18142e-07
 2.85456e-07
 2.57437e-07
 2.33257e-07
 2.12261e-07
 1.93925e-07
 1.77825e-07
 1.63617e-07
 1.51022e-07
 1.39807e-07
 1.29780e-07
 1.20782e-07
 8.12254e-07
 7.03768e-07
 6.12600e-07
 5.36089e-07
 4.71747e-07
 4.17428e-07
 3.71351e-07
 3.32056e-07
 2.98362e-07
 2.69313e-07
 2.44135e-07
 2.22198e-07
 2.02992e-07
 1.86096e-07
 1.71166e-07
 1.57916e-07
 1.46112e-07
 1.35554e-07
 1.26077e-07
 1.17541e-07
 6.70516e-07
 5.96563e-07
 5.30612e-07
 4.72658e-07
 4.22107e-07
 3.78146e-07
 3.39932e-07
 3.06672e-07
 2.77658e-07
 2.52274e-07
 2.29995e-07
 2.10372e-07
 1.93028e-07
 1.77643e-07
 1.63950e-07
 1.51719e-07
 1.40759e-07
 1.30906e-07
 1.22022e-07
 1.13987e-07
 5.49698e-07
 5.01617e-07
 4.55684e-07
 4.13166e-07
 3.74531e-07
 3.39808e-07
 3.08795e-07
 2.81187e-07
 2.56640e-07
 2.34813e-07
 2.15386e-07
 1.98067e-07
 1.82598e-07
 1.68749e-07
 1.56322e-07
 1.45141e-07
 1.35058e-07
 1.25942e-07
 1.17679e-07
 1.10171e-07
 4.49245e-07
 4.19747e-07
 3.89069e-07
 3.58890e-07
 3.30166e-07
 3.03384e-07
 2.78738e-07
 2.56245e-07
 2.35825e-07
 2.17343e-07
 2.00639e-07
 1.85551e-07
 1.71916e-07
 1.59586e-07
 1.48422e-07
 1.38298e-07
 1.29103e-07
 1.20737e-07
 1.13111e-07
 1.06146e-07
 3.67045e-07
 3.50452e-07
 3.31024e-07
 3.10400e-07
 2.89667e-07
 2.69508e-07
 2.50327e-07
 2.32338e-07
 2.15628e-07
 2.00208e-07
 1.86039e-07
 1.73055e-07
 1.61175e-07
 1.50312e-07
 1.40381e-07
 1.31298e-07
 1.22984e-07
 1.15367e-07
 1.08381e-07
 1.01965e-07
