scalar
part
         1
quad4
 6.50847e-07
 5.95155e-07
 5.41298e-07
 4.90915e-07
 4.44766e-07
 4.03055e-07
 3.65665e-07
 3.32308e-07
 3.02624e-07
 2.76228e-07
 2.52749e-07
 2.31843e-07
 2.13196e-07
 1.96533e-07
 1.81608e-07
 1.68209e-07
 1.56151e-07
 1.45273e-07
 1.35435e-07
 1.26517e-07
 7.65287e-07
 6.86472e-07
 6.13871e-07
 5.48584e-07
 4.90704e-07
 4.39799e-07
 3.95206e-07
 3.56195e-07
 3.22054e-07
 2.92129e-07
 2.65841e-07
 2.42684e-07
 2.22226e-07
 2.04094e-07
 1.87972e-07
 1.73593e-07
 1.60727e-07
 1.49180e-07
 1.38785e-07
 1.29400e-07
 8.99183e-07
 7.89335e-07
 6.92965e-07
 6.09664e-07
 5.38171e-07
 4.76962e-07
 4.24533e-07
 3.79524e-07
 3.40760e-07
 3.07243e-07
 2.78143e-07
 2.52768e-07
 2.30545e-07
 2.11001e-07
 1.93741e-07
 1.78437e-07
 1.64816e-07
 1.52648e-07
 1.41740e-07
 1.31929e-07
 1.05197e-06
 9.01827e-07
 7.76411e-07
 6.72178e-07
 5.85518e-07
 5.13223e-07
 4.52609e-07
 4.01492e-07
 3.58119e-07
 3.21089e-07
 2.89282e-07
 2.61802e-07
 2.37927e-07
 2.17075e-07
 1.98771e-07
 1.82628e-07
 1.68327e-07
 1.55604e-07
 1.44241e-07
 1.34055e-07
 1.21943e-06
 1.01951e-06
 8.60443e-07
 7.33176e-07
 6.30513e-07
 5.46919e-07
 4.78201e-07
 4.21182e-07
 3.73447e-07
 3.33151e-07
 2.98869e-07
 2.69490e-07
 2.44143e-07
 2.22139e-07
 2.02924e-07
 1.86056e-07
 1.71173e-07
 1.57980e-07
 1.46234e-07
 1.35734e-07
 1.39165e-06
 1.13471e-06
 9.39511e-07
 7.88753e-07
 6.70424e-07
 5.76134e-07
 4.99953e-07
 4.37623e-07
 3.86044e-07
 3.42918e-07
 3.06524e-07
 2.75547e-07
 2.48978e-07
 2.26028e-07
 2.06076e-07
 1.88625e-07
 1.73279e-07
 1.59715e-07
 1.47670e-07
 1.36927e-07
 1.55167e-06
 1.23642e-06
 1.00656e-06
 8.34353e-07
 7.02264e-07
 5.98872e-07
 5.16507e-07
 4.49878e-07
 3.95248e-07
 3.49918e-07
 3.11905e-07
 2.79724e-07
 2.52246e-07
 2.28604e-07
 2.08117e-07
 1.90252e-07
 1.74581e-07
 1.60760e-07
 1.48511e-07
 1.37604e-07
 1.67651e-06
 1.31163e-06
 1.05401e-06
 8.65397e-07
 7.23184e-07
 6.13310e-07
 5.26667e-07
 4.57141e-07
 4.00505e-07
 3.53762e-07
 3.14736e-07
 2.81819e-07
 2.53801e-07
 2.29756e-07
 2.08968e-07
 1.90875e-07
 1.75031e-07
 1.61078e-07
 1.48727e-07
 1.37743e-07
 1.74253e-06
 1.34829e-06
 1.07532e-06
 8.78168e-07
 7.30970e-07
 6.18080e-07
 5.29559e-07
 4.58840e-07
 4.01434e-07
 3.54189e-07
 3.14835e-07
 2.81705e-07
 2.53549e-07
 2.29418e-07
 2.08579e-07
 1.90458e-07
 1.74602e-07
 1.60648e-07
 1.48303e-07
 1.37330e-07
 1.73424e-06
 1.33915e-06
 1.06683e-06
 8.70683e-07
 7.24499e-07
 6.12519e-07
 5.24780e-07
 4.54722e-07
 3.97873e-07
 3.51094e-07
 3.12133e-07
 2.79335e-07
 2.51460e-07
 2.27569e-07
 2.06935e-07
 1.88991e-07
 1.73287e-07
 1.59466e-07
 1.47237e-07
 1.36364e-07
 1.65159e-06
 1.28456e-06
 1.02887e-06
 8.43227e-07
 7.03995e-07
 5.96800e-07
 5.12465e-07
 4.44894e-07
 3.89903e-07
 3.44543e-07
 3.06682e-07
 2.74750e-07
 2.47568e-07
 2.24236e-07
 2.04059e-07
 1.86492e-07
 1.71103e-07
 1.57545e-07
 1.45539e-07
 1.34856e-07
 1.50984e-06
 1.19224e-06
 9.65715e-07
 7.98296e-07
 6.70996e-07
 5.71916e-07
 4.93275e-07
 4.29809e-07
 3.77847e-07
 3.34767e-07
 2.98653e-07
 2.68080e-07
 2.41971e-07
 2.19496e-07
 2.00012e-07
 1.83010e-07
 1.68087e-07
 1.54916e-07
 1.43234e-07
 1.32825e-07
 1.33239e-06
 1.07450e-06
 8.84263e-07
 7.39990e-07
 6.28050e-07
 5.39507e-07
 4.68304e-07
 4.10217e-07
 3.62230e-07
 3.22143e-07
 2.88321e-07
 2.59529e-07
 2.34823e-07
 2.13466e-07
 1.94884e-07
 1.78616e-07
 1.64295e-07
 1.51624e-07
 1.40359e-07
 1.30301e-07
 1.14236e-06
 9.44499e-07
 7.92334e-07
 6.73132e-07
 5.78235e-07
 5.01600e-07
 4.38921e-07
 3.87067e-07
 3.43724e-07
 3.07156e-07
 2.76042e-07
 2.49363e-07
 2.26325e-07
 2.06301e-07
 1.88794e-07
 1.73403e-07
 1.59803e-07
 1.47729e-07
 1.36963e-07
 1.27323e-07
 9.57663e-07
 8.13534e-07
 6.97152e-07
 6.02430e-07
 5.24682e-07
 4.60323e-07
 4.06601e-07
 3.61399e-07
 3.23077e-07
 2.90353e-07
 2.62222e-07
 2.37886e-07
 2.16710e-07
 1.98180e-07
 1.81884e-07
 1.67482e-07
 1.54698e-07
 1.43301e-07
 1.33101e-07
 1.23938e-07
 7.89679e-07
 6.89773e-07
 6.04444e-07
 5.31882e-07
 4.70199e-07
 4.17664e-07
 3.72770e-07
 3.34250e-07
 3.01050e-07
 2.72301e-07
 2.47288e-07
 2.25425e-07
 2.06228e-07
 1.89298e-07
 1.74305e-07
 1.60975e-07
 1.49076e-07
 1.38418e-07
 1.28838e-07
 1.20198e-07
 6.43894e-07
 5.78112e-07
 5.18126e-07
 4.64487e-07
 4.17040e-07
 3.75307e-07
 3.38687e-07
 3.06564e-07
 2.78358e-07
 2.53542e-07
 2.31657e-07
 2.12301e-07
 1.95131e-07
 1.79853e-07
 1.66216e-07
 1.54006e-07
 1.43040e-07
 1.33162e-07
 1.24240e-07
 1.16157e-07
 5.21478e-07
 4.80713e-07
 4.40427e-07
 4.02211e-07
 3.66828e-07
 3.34552e-07
 3.05376e-07
 2.79144e-07
 2.55628e-07
 2.34570e-07
 2.15716e-07
 1.98822e-07
 1.83663e-07
 1.70040e-07
 1.57772e-07
 1.46703e-07
 1.36692e-07
 1.27618e-07
 1.19376e-07
 1.11872e-07
 4.20956e-07
 3.97789e-07
 3.72224e-07
 3.46111e-07
 3.20585e-07
 2.96303e-07
 2.73604e-07
 2.52624e-07
 2.33377e-07
 2.15804e-07
 1.99805e-07
 1.85261e-07
 1.72047e-07
 1.60039e-07
 1.49122e-07
 1.39185e-07
 1.30131e-07
 1.21867e-07
 1.14315e-07
 1.07401e-07
 3.39586e-07
 3.28370e-07
 3.13450e-07
 2.96540e-07
 2.78830e-07
 2.61111e-07
 2.43889e-07
 2.27465e-07
 2.12006e-07
 1.97582e-07
 1.84207e-07
 1.71855e-07
 1.60477e-07
 1.50014e-07
 1.40400e-07
 1.31567e-07
 1.23451e-07
 1.15989e-07
 1.09123e-07
 1.02800e-07
