scalar
part
         1
quad4
 3.44237e-07
 3.32186e-07
 3.16590e-07
 2.99137e-07
 2.80990e-07
 2.62920e-07
 2.45413e-07
 2.28759e-07
 2.13111e-07
 1.98532e-07
 1.85028e-07
 1.72569e-07
 1.61101e-07
 1.50561e-07
 1.40882e-07
 1.31994e-07
 1.23831e-07
 1.16328e-07
 1.09427e-07
 1.03072e-07
 4.25879e-07
 4.01728e-07
 3.75398e-07
 3.48688e-07
 3.22698e-07
 2.98050e-07
 2.75060e-07
 2.53849e-07
 2.34416e-07
 2.16691e-07
 2.00567e-07
 1.85920e-07
 1.72619e-07
 1.60540e-07
 1.49562e-07
 1.39573e-07
 1.30474e-07
 1.22173e-07
 1.14588e-07
 1.07646e-07
 5.26574e-07
 4.84680e-07
 4.43551e-07
 4.04702e-07
 3.68839e-07
 3.36194e-07
 3.06732e-07
 2.80275e-07
 2.56579e-07
 2.35377e-07
 2.16406e-07
 1.99415e-07
 1.84177e-07
 1.70487e-07
 1.58164e-07
 1.47047e-07
 1.36996e-07
 1.27888e-07
 1.19616e-07
 1.12087e-07
 6.48994e-07
 5.81965e-07
 5.21091e-07
 4.66808e-07
 4.18887e-07
 3.76798e-07
 3.39907e-07
 3.07574e-07
 2.79201e-07
 2.54254e-07
 2.32262e-07
 2.12819e-07
 1.95578e-07
 1.80241e-07
 1.66554e-07
 1.54302e-07
 1.43301e-07
 1.33393e-07
 1.24444e-07
 1.16339e-07
 7.94526e-07
 6.93326e-07
 6.07117e-07
 5.33941e-07
 4.71818e-07
 4.18957e-07
 3.73820e-07
 3.35113e-07
 3.01767e-07
 2.72902e-07
 2.47797e-07
 2.25859e-07
 2.06601e-07
 1.89620e-07
 1.74585e-07
 1.61219e-07
 1.49291e-07
 1.38607e-07
 1.29005e-07
 1.20346e-07
 9.61922e-07
 8.16570e-07
 6.99395e-07
 6.04135e-07
 5.26010e-07
 4.61376e-07
 4.07450e-07
 3.62093e-07
 3.23651e-07
 2.90833e-07
 2.62626e-07
 2.38229e-07
 2.17003e-07
 1.98433e-07
 1.82102e-07
 1.67672e-07
 1.54864e-07
 1.43447e-07
 1.33229e-07
 1.24052e-07
 1.14566e-06
 9.46808e-07
 7.94022e-07
 6.74407e-07
 5.79221e-07
 5.02379e-07
 4.39546e-07
 3.87575e-07
 3.44142e-07
 3.07504e-07
 2.76333e-07
 2.49609e-07
 2.26534e-07
 2.06480e-07
 1.88948e-07
 1.73536e-07
 1.59918e-07
 1.47829e-07
 1.37050e-07
 1.27400e-07
 1.33445e-06
 1.07594e-06
 8.85319e-07
 7.40789e-07
 6.28668e-07
 5.39994e-07
 4.68693e-07
 4.10532e-07
 3.62487e-07
 3.22354e-07
 2.88496e-07
 2.59675e-07
 2.34945e-07
 2.13570e-07
 1.94971e-07
 1.78690e-07
 1.64359e-07
 1.51678e-07
 1.40406e-07
 1.30341e-07
 1.51059e-06
 1.19280e-06
 9.66136e-07
 7.98619e-07
 6.71246e-07
 5.72110e-07
 4.93427e-07
 4.29928e-07
 3.77940e-07
 3.34840e-07
 2.98710e-07
 2.68125e-07
 2.42006e-07
 2.19523e-07
 2.00033e-07
 1.83026e-07
 1.68098e-07
 1.54924e-07
 1.43239e-07
 1.32827e-07
 1.65129e-06
 1.28437e-06
 1.02873e-06
 8.43117e-07
 7.03900e-07
 5.96716e-07
 5.12389e-07
 4.44823e-07
 3.89837e-07
 3.44481e-07
 3.06625e-07
 2.74696e-07
 2.47517e-07
 2.24188e-07
 2.04014e-07
 1.86450e-07
 1.71062e-07
 1.57507e-07
 1.45502e-07
 1.34821e-07
 1.73337e-06
 1.33845e-06
 1.06626e-06
 8.70213e-07
 7.24106e-07
 6.12186e-07
 5.24495e-07
 4.54476e-07
 3.97657e-07
 3.50905e-07
 3.11966e-07
 2.79185e-07
 2.51326e-07
 2.27448e-07
 2.06825e-07
 1.88891e-07
 1.73196e-07
 1.59382e-07
 1.47160e-07
 1.36293e-07
 1.74151e-06
 1.34731e-06
 1.07445e-06
 8.77421e-07
 7.30332e-07
 6.17533e-07
 5.29090e-07
 4.58434e-07
 4.01082e-07
 3.53881e-07
 3.14564e-07
 2.81465e-07
 2.53336e-07
 2.29227e-07
 2.08407e-07
 1.90303e-07
 1.74462e-07
 1.60521e-07
 1.48187e-07
 1.37223e-07
 1.67552e-06
 1.31051e-06
 1.05294e-06
 8.64445e-07
 7.22350e-07
 6.12586e-07
 5.26039e-07
 4.56596e-07
 4.00030e-07
 3.53346e-07
 3.14370e-07
 2.81496e-07
 2.53514e-07
 2.29500e-07
 2.08739e-07
 1.90669e-07
 1.74844e-07
 1.60909e-07
 1.48573e-07
 1.37602e-07
 1.55065e-06
 1.23520e-06
 1.00536e-06
 8.33245e-07
 7.01277e-07
 5.98005e-07
 5.15748e-07
 4.49215e-07
 3.94666e-07
 3.49407e-07
 3.11454e-07
 2.79325e-07
 2.51892e-07
 2.28287e-07
 2.07834e-07
 1.89997e-07
 1.74350e-07
 1.60552e-07
 1.48321e-07
 1.37431e-07
 1.39046e-06
 1.13336e-06
 9.38181e-07
 7.87521e-07
 6.69316e-07
 5.75151e-07
 4.99086e-07
 4.36860e-07
 3.85372e-07
 3.42325e-07
 3.05999e-07
 2.75081e-07
 2.48563e-07
 2.25657e-07
 2.05743e-07
 1.88325e-07
 1.73008e-07
 1.59470e-07
 1.47447e-07
 1.36724e-07
 1.21799e-06
 1.01801e-06
 8.58999e-07
 7.31842e-07
 6.29308e-07
 5.45844e-07
 4.77247e-07
 4.20337e-07
 3.72699e-07
 3.32488e-07
 2.98280e-07
 2.68965e-07
 2.43674e-07
 2.21719e-07
 2.02547e-07
 1.85716e-07
 1.70865e-07
 1.57701e-07
 1.45980e-07
 1.35502e-07
 1.05028e-06
 9.00180e-07
 7.74865e-07
 6.70761e-07
 5.84237e-07
 5.12076e-07
 4.51586e-07
 4.00582e-07
 3.57309e-07
 3.20368e-07
 2.88639e-07
 2.61227e-07
 2.37412e-07
 2.16612e-07
 1.98354e-07
 1.82251e-07
 1.67985e-07
 1.55294e-07
 1.43959e-07
 1.33796e-07
 8.97287e-07
 7.87567e-07
 6.91337e-07
 6.08182e-07
 5.36834e-07
 4.75761e-07
 4.23458e-07
 3.78563e-07
 3.39901e-07
 3.06476e-07
 2.77456e-07
 2.52151e-07
 2.29991e-07
 2.10502e-07
 1.93290e-07
 1.78028e-07
 1.64445e-07
 1.52310e-07
 1.41431e-07
 1.31647e-07
 7.63261e-07
 6.84623e-07
 6.12188e-07
 5.47059e-07
 4.89328e-07
 4.38560e-07
 3.94094e-07
 3.55197e-07
 3.21158e-07
 2.91325e-07
 2.65118e-07
 2.42034e-07
 2.21639e-07
 2.03563e-07
 1.87492e-07
 1.73157e-07
 1.60330e-07
 1.48818e-07
 1.38454e-07
 1.29096e-07
 6.48761e-07
 5.93267e-07
 5.39587e-07
 4.89368e-07
 4.43369e-07
 4.01795e-07
 3.64529e-07
 3.31286e-07
 3.01702e-07
 2.75397e-07
 2.52000e-07
 2.31165e-07
 2.12583e-07
 1.95977e-07
 1.81103e-07
 1.67749e-07
 1.55732e-07
 1.44890e-07
 1.35084e-07
 1.26195e-07
