scalar
part
         1
quad4
 3.70070e-07
 3.54879e-07
 3.36381e-07
 3.16330e-07
 2.95903e-07
 2.75860e-07
 2.56660e-07
 2.38558e-07
 2.21676e-07
 2.06046e-07
 1.91644e-07
 1.78417e-07
 1.66291e-07
 1.55185e-07
 1.45017e-07
 1.35705e-07
 1.27173e-07
 1.19349e-07
 1.12166e-07
 1.05564e-07
 4.55460e-07
 4.27141e-07
 3.97111e-07
 3.67205e-07
 3.38499e-07
 3.11565e-07
 2.86660e-07
 2.63847e-07
 2.43073e-07
 2.24224e-07
 2.07154e-07
 1.91707e-07
 1.77728e-07
 1.65070e-07
 1.53597e-07
 1.43183e-07
 1.33716e-07
 1.25095e-07
 1.17232e-07
 1.10046e-07
 5.60363e-07
 5.12949e-07
 4.67144e-07
 4.24414e-07
 3.85365e-07
 3.50118e-07
 3.18530e-07
 2.90333e-07
 2.65208e-07
 2.42827e-07
 2.22875e-07
 2.05067e-07
 1.89142e-07
 1.74872e-07
 1.62055e-07
 1.50517e-07
 1.40104e-07
 1.30684e-07
 1.22141e-07
 1.14375e-07
 6.87279e-07
 6.13021e-07
 5.46336e-07
 4.87439e-07
 4.35867e-07
 3.90885e-07
 3.51691e-07
 3.17514e-07
 2.87654e-07
 2.61497e-07
 2.38514e-07
 2.18254e-07
 2.00331e-07
 1.84424e-07
 1.70256e-07
 1.57595e-07
 1.46244e-07
 1.36036e-07
 1.26828e-07
 1.18497e-07
 8.37175e-07
 7.26732e-07
 6.33508e-07
 5.55015e-07
 4.88842e-07
 4.32871e-07
 3.85319e-07
 3.44718e-07
 3.09870e-07
 2.79802e-07
 2.53722e-07
 2.30986e-07
 2.11070e-07
 1.93543e-07
 1.78049e-07
 1.64295e-07
 1.52036e-07
 1.41070e-07
 1.31224e-07
 1.22354e-07
 1.00800e-06
 8.51319e-07
 7.26054e-07
 6.24946e-07
 5.42528e-07
 4.74693e-07
 4.18340e-07
 3.71115e-07
 3.31213e-07
 2.97239e-07
 2.68106e-07
 2.42958e-07
 2.21116e-07
 2.02036e-07
 1.85280e-07
 1.70492e-07
 1.57380e-07
 1.45703e-07
 1.35262e-07
 1.25891e-07
 1.19294e-06
 9.81146e-07
 8.19649e-07
 6.94012e-07
 5.94555e-07
 5.14608e-07
 4.49467e-07
 3.95747e-07
 3.50964e-07
 3.13266e-07
 2.81253e-07
 2.53849e-07
 2.30219e-07
 2.09709e-07
 1.91796e-07
 1.76064e-07
 1.62175e-07
 1.49855e-07
 1.38877e-07
 1.29055e-07
 1.37911e-06
 1.10734e-06
 9.08248e-07
 7.58079e-07
 6.42063e-07
 5.50612e-07
 4.77276e-07
 4.17587e-07
 3.68373e-07
 3.27327e-07
 2.92745e-07
 2.63342e-07
 2.38138e-07
 2.16372e-07
 1.97448e-07
 1.80893e-07
 1.66330e-07
 1.53451e-07
 1.42008e-07
 1.31796e-07
 1.54745e-06
 1.21825e-06
 9.84552e-07
 8.12457e-07
 6.81965e-07
 5.80624e-07
 5.00333e-07
 4.35629e-07
 3.82719e-07
 3.38897e-07
 3.02195e-07
 2.71147e-07
 2.44650e-07
 2.21855e-07
 2.02103e-07
 1.84876e-07
 1.69761e-07
 1.56426e-07
 1.44602e-07
 1.34070e-07
 1.67509e-06
 1.30107e-06
 1.04105e-06
 8.52546e-07
 7.11342e-07
 6.02733e-07
 5.17351e-07
 4.48984e-07
 3.93375e-07
 3.47525e-07
 3.09271e-07
 2.77018e-07
 2.49570e-07
 2.26017e-07
 2.05653e-07
 1.87926e-07
 1.72400e-07
 1.58724e-07
 1.46615e-07
 1.35842e-07
 1.74083e-06
 1.34470e-06
 1.07151e-06
 8.74666e-07
 7.27914e-07
 6.15471e-07
 5.27354e-07
 4.56983e-07
 3.99873e-07
 3.52876e-07
 3.13729e-07
 2.80772e-07
 2.52761e-07
 2.28752e-07
 2.08015e-07
 1.89980e-07
 1.74197e-07
 1.60306e-07
 1.48014e-07
 1.37086e-07
 1.73275e-06
 1.34310e-06
 1.07261e-06
 8.76847e-07
 7.30459e-07
 6.18048e-07
 5.29813e-07
 4.59263e-07
 4.01954e-07
 3.54761e-07
 3.15431e-07
 2.82305e-07
 2.54143e-07
 2.29998e-07
 2.09141e-07
 1.90999e-07
 1.75122e-07
 1.61146e-07
 1.48779e-07
 1.37784e-07
 1.65388e-06
 1.29746e-06
 1.04483e-06
 8.59302e-07
 7.19060e-07
 6.10487e-07
 5.24724e-07
 4.55807e-07
 3.99600e-07
 3.53162e-07
 3.14357e-07
 2.81601e-07
 2.53701e-07
 2.29743e-07
 2.09020e-07
 1.90974e-07
 1.75164e-07
 1.61237e-07
 1.48904e-07
 1.37932e-07
 1.52096e-06
 1.21585e-06
 9.92400e-07
 8.24363e-07
 6.95074e-07
 5.93610e-07
 5.12601e-07
 4.46946e-07
 3.93026e-07
 3.48224e-07
 3.10608e-07
 2.78729e-07
 2.51484e-07
 2.28021e-07
 2.07676e-07
 1.89921e-07
 1.74338e-07
 1.60588e-07
 1.48395e-07
 1.37533e-07
 1.35726e-06
 1.11039e-06
 9.21992e-07
 7.75903e-07
 6.60841e-07
 5.68880e-07
 4.94388e-07
 4.33305e-07
 3.82658e-07
 3.40240e-07
 3.04389e-07
 2.73835e-07
 2.47598e-07
 2.24911e-07
 2.05168e-07
 1.87886e-07
 1.72678e-07
 1.59226e-07
 1.47272e-07
 1.36605e-07
 1.18453e-06
 9.93643e-07
 8.41057e-07
 7.18475e-07
 6.19228e-07
 5.38155e-07
 4.71318e-07
 4.15721e-07
 3.69074e-07
 3.29620e-07
 2.95995e-07
 2.67135e-07
 2.42202e-07
 2.20530e-07
 2.01585e-07
 1.84937e-07
 1.70234e-07
 1.57190e-07
 1.45568e-07
 1.35171e-07
 1.01851e-06
 8.75969e-07
 7.56342e-07
 6.56497e-07
 5.73167e-07
 5.03411e-07
 4.44747e-07
 3.95140e-07
 3.52946e-07
 3.16845e-07
 2.85777e-07
 2.58888e-07
 2.35491e-07
 2.15027e-07
 1.97041e-07
 1.81160e-07
 1.67076e-07
 1.54535e-07
 1.43324e-07
 1.33266e-07
 8.68138e-07
 7.64469e-07
 6.73056e-07
 5.93683e-07
 5.25285e-07
 4.66512e-07
 4.16006e-07
 3.72522e-07
 3.34973e-07
 3.02432e-07
 2.74118e-07
 2.49383e-07
 2.27683e-07
 2.08568e-07
 1.91664e-07
 1.76656e-07
 1.63283e-07
 1.51324e-07
 1.40592e-07
 1.30930e-07
 7.37014e-07
 6.63130e-07
 5.94668e-07
 5.32793e-07
 4.77696e-07
 4.29049e-07
 3.86286e-07
 3.48760e-07
 3.15826e-07
 2.86887e-07
 2.61406e-07
 2.38915e-07
 2.19007e-07
 2.01333e-07
 1.85595e-07
 1.71537e-07
 1.58943e-07
 1.47626e-07
 1.37427e-07
 1.28210e-07
 6.25356e-07
 5.73568e-07
 5.23115e-07
 4.75640e-07
 4.31939e-07
 3.92270e-07
 3.56576e-07
 3.24626e-07
 2.96108e-07
 2.70680e-07
 2.48007e-07
 2.27773e-07
 2.09690e-07
 1.93500e-07
 1.78976e-07
 1.65916e-07
 1.54147e-07
 1.43516e-07
 1.33890e-07
 1.25154e-07
