scalar
part
         1
quad4
 4.18038e-07
 3.95865e-07
 3.71266e-07
 3.45981e-07
 3.21122e-07
 2.97350e-07
 2.75026e-07
 2.54311e-07
 2.35240e-07
 2.17774e-07
 2.01828e-07
 1.87298e-07
 1.74068e-07
 1.62023e-07
 1.51053e-07
 1.41054e-07
 1.31931e-07
 1.23595e-07
 1.15969e-07
 1.08981e-07
 5.08681e-07
 4.71584e-07
 4.34156e-07
 3.98110e-07
 3.64350e-07
 3.33274e-07
 3.04977e-07
 2.79380e-07
 2.56316e-07
 2.35574e-07
 2.16933e-07
 2.00176e-07
 1.85100e-07
 1.71517e-07
 1.59260e-07
 1.48179e-07
 1.38142e-07
 1.29032e-07
 1.20746e-07
 1.13194e-07
 6.18914e-07
 5.60551e-07
 5.05893e-07
 4.56078e-07
 4.11381e-07
 3.71629e-07
 3.36438e-07
 3.05345e-07
 2.77878e-07
 2.53591e-07
 2.32079e-07
 2.12984e-07
 1.95992e-07
 1.80831e-07
 1.67265e-07
 1.55094e-07
 1.44144e-07
 1.34264e-07
 1.25327e-07
 1.17221e-07
 7.50707e-07
 6.63016e-07
 5.85971e-07
 5.19109e-07
 4.61399e-07
 4.11661e-07
 3.68752e-07
 3.31650e-07
 2.99466e-07
 2.71446e-07
 2.46958e-07
 2.25469e-07
 2.06538e-07
 1.89795e-07
 1.74931e-07
 1.61685e-07
 1.49841e-07
 1.39213e-07
 1.29646e-07
 1.21007e-07
 9.04097e-07
 7.77668e-07
 6.72745e-07
 5.85635e-07
 5.13051e-07
 4.52253e-07
 4.01022e-07
 3.57581e-07
 3.20514e-07
 2.88692e-07
 2.61212e-07
 2.37347e-07
 2.16512e-07
 1.98229e-07
 1.82109e-07
 1.67833e-07
 1.55137e-07
 1.43800e-07
 1.33638e-07
 1.24499e-07
 1.07559e-06
 9.00844e-07
 7.63071e-07
 6.53147e-07
 5.64397e-07
 4.91927e-07
 4.32122e-07
 3.82281e-07
 3.40367e-07
 3.04825e-07
 2.74454e-07
 2.48316e-07
 2.25675e-07
 2.05944e-07
 1.88652e-07
 1.73419e-07
 1.59935e-07
 1.47945e-07
 1.37239e-07
 1.27642e-07
 1.25649e-06
 1.02591e-06
 8.52123e-07
 7.18184e-07
 6.12956e-07
 5.28894e-07
 4.60751e-07
 4.04796e-07
 3.58318e-07
 3.19314e-07
 2.86280e-07
 2.58068e-07
 2.33790e-07
 2.12754e-07
 1.94412e-07
 1.78325e-07
 1.64142e-07
 1.51574e-07
 1.40388e-07
 1.30389e-07
 1.43201e-06
 1.14323e-06
 9.33569e-07
 7.76526e-07
 6.55869e-07
 5.61183e-07
 4.85528e-07
 4.24139e-07
 3.73651e-07
 3.31634e-07
 2.96300e-07
 2.66306e-07
 2.40631e-07
 2.18486e-07
 1.99253e-07
 1.82446e-07
 1.67673e-07
 1.54620e-07
 1.43030e-07
 1.32693e-07
 1.58225e-06
 1.24108e-06
 1.00025e-06
 8.23661e-07
 6.90206e-07
 5.86839e-07
 5.05119e-07
 4.39381e-07
 3.85705e-07
 3.41306e-07
 3.04160e-07
 2.72768e-07
 2.45998e-07
 2.22986e-07
 2.03058e-07
 1.85688e-07
 1.70455e-07
 1.57023e-07
 1.45118e-07
 1.34517e-07
 1.68572e-06
 1.30768e-06
 1.04536e-06
 8.55465e-07
 7.13373e-07
 6.04176e-07
 5.18393e-07
 4.49745e-07
 3.93935e-07
 3.47939e-07
 3.09577e-07
 2.77243e-07
 2.49734e-07
 2.26133e-07
 2.05733e-07
 1.87979e-07
 1.72431e-07
 1.58738e-07
 1.46615e-07
 1.35832e-07
 1.72514e-06
 1.33404e-06
 1.06387e-06
 8.68976e-07
 7.23538e-07
 6.12019e-07
 5.24571e-07
 4.54700e-07
 3.97970e-07
 3.51269e-07
 3.12357e-07
 2.79587e-07
 2.51730e-07
 2.27847e-07
 2.07215e-07
 1.89268e-07
 1.73560e-07
 1.59733e-07
 1.47496e-07
 1.36616e-07
 1.69360e-06
 1.31661e-06
 1.05382e-06
 8.63024e-07
 7.19974e-07
 6.09894e-07
 5.23336e-07
 4.54025e-07
 3.97653e-07
 3.51181e-07
 3.12415e-07
 2.79738e-07
 2.51937e-07
 2.28087e-07
 2.07473e-07
 1.89534e-07
 1.73825e-07
 1.59993e-07
 1.47749e-07
 1.36859e-07
 1.59774e-06
 1.25857e-06
 1.01684e-06
 8.38510e-07
 7.03197e-07
 5.98108e-07
 5.14875e-07
 4.47839e-07
 3.93058e-07
 3.47723e-07
 3.09783e-07
 2.77716e-07
 2.50370e-07
 2.26865e-07
 2.06514e-07
 1.88778e-07
 1.73228e-07
 1.59520e-07
 1.47374e-07
 1.36561e-07
 1.45535e-06
 1.16885e-06
 9.57765e-07
 7.98192e-07
 6.74858e-07
 5.77689e-07
 4.99847e-07
 4.36575e-07
 3.84481e-07
 3.41100e-07
 3.04605e-07
 2.73623e-07
 2.47103e-07
 2.24234e-07
 2.04379e-07
 1.87032e-07
 1.71792e-07
 1.58331e-07
 1.46385e-07
 1.35735e-07
 1.28856e-06
 1.05934e-06
 8.83321e-07
 7.46068e-07
 6.37424e-07
 5.50209e-07
 4.79286e-07
 4.20931e-07
 3.72400e-07
 3.31647e-07
 2.97121e-07
 2.67634e-07
 2.42265e-07
 2.20291e-07
 2.01139e-07
 1.84352e-07
 1.69559e-07
 1.56460e-07
 1.44808e-07
 1.34399e-07
 1.11720e-06
 9.41750e-07
 8.00617e-07
 6.86569e-07
 5.93737e-07
 5.17539e-07
 4.54452e-07
 4.01773e-07
 3.57424e-07
 3.19799e-07
 2.87645e-07
 2.59980e-07
 2.36027e-07
 2.15165e-07
 1.96896e-07
 1.80814e-07
 1.66590e-07
 1.53954e-07
 1.42681e-07
 1.32584e-07
 9.55105e-07
 8.25440e-07
 7.15870e-07
 6.23843e-07
 5.46596e-07
 4.81597e-07
 4.26679e-07
 3.80044e-07
 3.40229e-07
 3.06047e-07
 2.76541e-07
 2.50933e-07
 2.28596e-07
 2.09014e-07
 1.91768e-07
 1.76511e-07
 1.62958e-07
 1.50871e-07
 1.40050e-07
 1.30328e-07
 8.09853e-07
 7.16624e-07
 6.33752e-07
 5.61284e-07
 4.98443e-07
 4.44140e-07
 3.97238e-07
 3.56672e-07
 3.21498e-07
 2.90901e-07
 2.64190e-07
 2.40783e-07
 2.20191e-07
 2.02008e-07
 1.85890e-07
 1.71550e-07
 1.58747e-07
 1.47277e-07
 1.36967e-07
 1.27672e-07
 6.84180e-07
 6.18632e-07
 5.57273e-07
 5.01352e-07
 4.51198e-07
 4.06636e-07
 3.67243e-07
 3.32501e-07
 3.01873e-07
 2.74850e-07
 2.50969e-07
 2.29820e-07
 2.11042e-07
 1.94325e-07
 1.79402e-07
 1.66041e-07
 1.54045e-07
 1.43244e-07
 1.33493e-07
 1.24666e-07
 5.77821e-07
 5.32642e-07
 4.88027e-07
 4.45604e-07
 4.06219e-07
 3.70208e-07
 3.37600e-07
 3.08250e-07
 2.81921e-07
 2.58341e-07
 2.37231e-07
 2.18323e-07
 2.01368e-07
 1.86143e-07
 1.72445e-07
 1.60098e-07
 1.48945e-07
 1.38848e-07
 1.29688e-07
 1.21358e-07
