scalar
part
         1
quad4
 6.47879e-07
 5.92498e-07
 5.38919e-07
 4.88788e-07
 4.42865e-07
 4.01356e-07
 3.64146e-07
 3.30950e-07
 3.01407e-07
 2.75136e-07
 2.51768e-07
 2.30959e-07
 2.12399e-07
 1.95812e-07
 1.80954e-07
 1.67615e-07
 1.55610e-07
 1.44779e-07
 1.34983e-07
 1.26102e-07
 7.62275e-07
 6.83780e-07
 6.11469e-07
 5.46444e-07
 4.88800e-07
 4.38107e-07
 3.93701e-07
 3.54856e-07
 3.20861e-07
 2.91064e-07
 2.64888e-07
 2.41830e-07
 2.21457e-07
 2.03401e-07
 1.87346e-07
 1.73026e-07
 1.60212e-07
 1.48710e-07
 1.38356e-07
 1.29007e-07
 8.96191e-07
 7.86651e-07
 6.90570e-07
 6.07537e-07
 5.36289e-07
 4.75297e-07
 4.23061e-07
 3.78222e-07
 3.39605e-07
 3.06218e-07
 2.77229e-07
 2.51952e-07
 2.29814e-07
 2.10344e-07
 1.93149e-07
 1.77902e-07
 1.64331e-07
 1.52206e-07
 1.41337e-07
 1.31561e-07
 1.04907e-06
 8.99197e-07
 7.74060e-07
 6.70095e-07
 5.83683e-07
 5.11610e-07
 4.51191e-07
 4.00245e-07
 3.57019e-07
 3.20116e-07
 2.88419e-07
 2.61034e-07
 2.37242e-07
 2.16461e-07
 1.98219e-07
 1.82130e-07
 1.67876e-07
 1.55195e-07
 1.43869e-07
 1.33715e-07
 1.21668e-06
 1.01698e-06
 8.58170e-07
 7.31169e-07
 6.28755e-07
 5.45385e-07
 4.76861e-07
 4.20010e-07
 3.72420e-07
 3.32247e-07
 2.98070e-07
 2.68782e-07
 2.43513e-07
 2.21575e-07
 2.02419e-07
 1.85601e-07
 1.70762e-07
 1.57608e-07
 1.45895e-07
 1.35425e-07
 1.38909e-06
 1.13230e-06
 9.37352e-07
 7.86860e-07
 6.68780e-07
 5.74710e-07
 4.98718e-07
 4.36551e-07
 3.85108e-07
 3.42099e-07
 3.05802e-07
 2.74910e-07
 2.48412e-07
 2.25524e-07
 2.05624e-07
 1.88219e-07
 1.72912e-07
 1.59383e-07
 1.47369e-07
 1.36652e-07
 1.54926e-06
 1.23416e-06
 1.00456e-06
 8.32618e-07
 7.00774e-07
 5.97594e-07
 5.15409e-07
 4.48929e-07
 3.94424e-07
 3.49199e-07
 3.11274e-07
 2.79168e-07
 2.51754e-07
 2.28165e-07
 2.07725e-07
 1.89899e-07
 1.74263e-07
 1.60472e-07
 1.48249e-07
 1.37366e-07
 1.67421e-06
 1.30955e-06
 1.05222e-06
 8.63879e-07
 7.21899e-07
 6.12220e-07
 5.25736e-07
 4.56342e-07
 3.99815e-07
 3.53161e-07
 3.14210e-07
 2.81356e-07
 2.53390e-07
 2.29390e-07
 2.08641e-07
 1.90581e-07
 1.74765e-07
 1.60837e-07
 1.48508e-07
 1.37542e-07
 1.74038e-06
 1.34649e-06
 1.07384e-06
 8.76943e-07
 7.29950e-07
 6.17223e-07
 5.28832e-07
 4.58217e-07
 4.00897e-07
 3.53722e-07
 3.14426e-07
 2.81344e-07
 2.53228e-07
 2.29132e-07
 2.08322e-07
 1.90226e-07
 1.74392e-07
 1.60457e-07
 1.48129e-07
 1.37170e-07
 1.73253e-06
 1.33784e-06
 1.06579e-06
 8.69844e-07
 7.23808e-07
 6.11940e-07
 5.24290e-07
 4.54301e-07
 3.97507e-07
 3.50774e-07
 3.11851e-07
 2.79084e-07
 2.51236e-07
 2.27367e-07
 2.06753e-07
 1.88825e-07
 1.73136e-07
 1.59328e-07
 1.47110e-07
 1.36247e-07
 1.65080e-06
 1.28399e-06
 1.02843e-06
 8.42871e-07
 7.03695e-07
 5.96542e-07
 5.12240e-07
 4.44694e-07
 3.89724e-07
 3.44381e-07
 3.06536e-07
 2.74617e-07
 2.47446e-07
 2.24124e-07
 2.03955e-07
 1.86396e-07
 1.71013e-07
 1.57461e-07
 1.45461e-07
 1.34783e-07
 1.51048e-06
 1.19267e-06
 9.66010e-07
 7.98500e-07
 6.71136e-07
 5.72010e-07
 4.93336e-07
 4.29845e-07
 3.77865e-07
 3.34772e-07
 2.98648e-07
 2.68068e-07
 2.41953e-07
 2.19475e-07
 1.99988e-07
 1.82984e-07
 1.68059e-07
 1.54888e-07
 1.43205e-07
 1.32796e-07
 1.33465e-06
 1.07603e-06
 8.85352e-07
 7.40790e-07
 6.28650e-07
 5.39966e-07
 4.68659e-07
 4.10495e-07
 3.62449e-07
 3.22317e-07
 2.88459e-07
 2.59640e-07
 2.34911e-07
 2.13537e-07
 1.94940e-07
 1.78661e-07
 1.64331e-07
 1.51652e-07
 1.40380e-07
 1.30317e-07
 1.14608e-06
 9.47075e-07
 7.94189e-07
 6.74511e-07
 5.79285e-07
 5.02416e-07
 4.39565e-07
 3.87582e-07
 3.44140e-07
 3.07496e-07
 2.76322e-07
 2.49595e-07
 2.26518e-07
 2.06463e-07
 1.88931e-07
 1.73518e-07
 1.59901e-07
 1.47812e-07
 1.37033e-07
 1.27383e-07
 9.62492e-07
 8.16961e-07
 6.99665e-07
 6.04324e-07
 5.26142e-07
 4.61469e-07
 4.07516e-07
 3.62139e-07
 3.23681e-07
 2.90852e-07
 2.62638e-07
 2.38235e-07
 2.17004e-07
 1.98431e-07
 1.82098e-07
 1.67666e-07
 1.54856e-07
 1.43438e-07
 1.33220e-07
 1.24042e-07
 7.95170e-07
 6.93793e-07
 6.07458e-07
 5.34192e-07
 4.72005e-07
 4.19097e-07
 3.73925e-07
 3.35192e-07
 3.01826e-07
 2.72947e-07
 2.47830e-07
 2.25883e-07
 2.06618e-07
 1.89633e-07
 1.74594e-07
 1.61224e-07
 1.49293e-07
 1.38608e-07
 1.29004e-07
 1.20344e-07
 6.49660e-07
 5.82470e-07
 5.21475e-07
 4.67103e-07
 4.19114e-07
 3.76974e-07
 3.40044e-07
 3.07681e-07
 2.79286e-07
 2.54320e-07
 2.32314e-07
 2.12861e-07
 1.95611e-07
 1.80266e-07
 1.66574e-07
 1.54318e-07
 1.43313e-07
 1.33402e-07
 1.24451e-07
 1.16343e-07
 5.27229e-07
 4.85195e-07
 4.43957e-07
 4.05022e-07
 3.69093e-07
 3.36396e-07
 3.06894e-07
 2.80405e-07
 2.56684e-07
 2.35462e-07
 2.16475e-07
 1.99471e-07
 1.84223e-07
 1.70525e-07
 1.58194e-07
 1.47072e-07
 1.37016e-07
 1.27904e-07
 1.19629e-07
 1.12097e-07
 4.26505e-07
 4.02236e-07
 3.75809e-07
 3.49022e-07
 3.22968e-07
 2.98270e-07
 2.75240e-07
 2.53996e-07
 2.34537e-07
 2.16791e-07
 2.00650e-07
 1.85988e-07
 1.72677e-07
 1.60588e-07
 1.49602e-07
 1.39607e-07
 1.30502e-07
 1.22197e-07
 1.14608e-07
 1.07663e-07
 3.44824e-07
 3.32674e-07
 3.16995e-07
 2.99473e-07
 2.81269e-07
 2.63151e-07
 2.45605e-07
 2.28919e-07
 2.13245e-07
 1.98644e-07
 1.85123e-07
 1.72648e-07
 1.61168e-07
 1.50618e-07
 1.40931e-07
 1.32035e-07
 1.23866e-07
 1.16358e-07
 1.09452e-07
 1.03094e-07
