scalar
part
         1
quad4
 3.67859e-07
 3.52111e-07
 3.33349e-07
 3.13226e-07
 2.92848e-07
 2.72924e-07
 2.53880e-07
 2.35950e-07
 2.19243e-07
 2.03783e-07
 1.89543e-07
 1.76466e-07
 1.64479e-07
 1.53501e-07
 1.43450e-07
 1.34245e-07
 1.25810e-07
 1.18074e-07
 1.10972e-07
 1.04445e-07
 4.51565e-07
 4.22889e-07
 3.92819e-07
 3.63054e-07
 3.34581e-07
 3.07921e-07
 2.83300e-07
 2.60762e-07
 2.40246e-07
 2.21633e-07
 2.04777e-07
 1.89524e-07
 1.75720e-07
 1.63219e-07
 1.51886e-07
 1.41598e-07
 1.32245e-07
 1.23726e-07
 1.15955e-07
 1.08853e-07
 5.54144e-07
 5.06779e-07
 4.61306e-07
 4.19031e-07
 3.80470e-07
 3.45697e-07
 3.14548e-07
 2.86747e-07
 2.61973e-07
 2.39902e-07
 2.20223e-07
 2.02654e-07
 1.86940e-07
 1.72856e-07
 1.60204e-07
 1.48812e-07
 1.38528e-07
 1.29224e-07
 1.20785e-07
 1.13112e-07
 6.77962e-07
 6.04459e-07
 5.38673e-07
 4.80666e-07
 4.29908e-07
 3.85642e-07
 3.47067e-07
 3.13420e-07
 2.84013e-07
 2.58244e-07
 2.35593e-07
 2.15618e-07
 1.97943e-07
 1.82251e-07
 1.68270e-07
 1.55774e-07
 1.44569e-07
 1.34489e-07
 1.25395e-07
 1.17166e-07
 8.23922e-07
 7.15338e-07
 6.23805e-07
 5.46757e-07
 4.81786e-07
 4.26804e-07
 3.80065e-07
 3.40135e-07
 3.05842e-07
 2.76237e-07
 2.50547e-07
 2.28143e-07
 2.08509e-07
 1.91223e-07
 1.75939e-07
 1.62367e-07
 1.50268e-07
 1.39442e-07
 1.29721e-07
 1.20961e-07
 9.90103e-07
 8.36826e-07
 7.14241e-07
 6.15217e-07
 5.34420e-07
 4.67854e-07
 4.12507e-07
 3.66086e-07
 3.26836e-07
 2.93396e-07
 2.64706e-07
 2.39928e-07
 2.18399e-07
 1.99586e-07
 1.83059e-07
 1.68468e-07
 1.55528e-07
 1.44003e-07
 1.33695e-07
 1.24442e-07
 1.17019e-06
 9.63644e-07
 8.05898e-07
 6.82984e-07
 5.85541e-07
 5.07116e-07
 4.43147e-07
 3.90345e-07
 3.46294e-07
 3.09189e-07
 2.77662e-07
 2.50661e-07
 2.27370e-07
 2.07146e-07
 1.89478e-07
 1.73957e-07
 1.60251e-07
 1.48091e-07
 1.37254e-07
 1.27556e-07
 1.35223e-06
 1.08747e-06
 8.93042e-07
 7.46101e-07
 6.32396e-07
 5.42649e-07
 4.70603e-07
 4.11913e-07
 3.63486e-07
 3.23074e-07
 2.89008e-07
 2.60032e-07
 2.35184e-07
 2.13719e-07
 1.95052e-07
 1.78718e-07
 1.64346e-07
 1.51634e-07
 1.40337e-07
 1.30254e-07
 1.51845e-06
 1.19725e-06
 9.68679e-07
 8.00041e-07
 6.71986e-07
 5.72424e-07
 4.93471e-07
 4.29800e-07
 3.77702e-07
 3.34533e-07
 2.98361e-07
 2.67753e-07
 2.41622e-07
 2.19137e-07
 1.99649e-07
 1.82648e-07
 1.67730e-07
 1.54566e-07
 1.42893e-07
 1.32493e-07
 1.64698e-06
 1.28061e-06
 1.02547e-06
 8.40288e-07
 7.01433e-07
 5.94551e-07
 5.10477e-07
 4.43125e-07
 3.88320e-07
 3.43118e-07
 3.05394e-07
 2.73580e-07
 2.46500e-07
 2.23258e-07
 2.03160e-07
 1.85663e-07
 1.70336e-07
 1.56833e-07
 1.44877e-07
 1.34238e-07
 1.71663e-06
 1.32638e-06
 1.05716e-06
 8.63127e-07
 7.18436e-07
 6.07550e-07
 5.20637e-07
 4.51217e-07
 3.94869e-07
 3.48493e-07
 3.09859e-07
 2.77330e-07
 2.49680e-07
 2.25978e-07
 2.05505e-07
 1.87698e-07
 1.72113e-07
 1.58395e-07
 1.46257e-07
 1.35463e-07
 1.71427e-06
 1.32795e-06
 1.06011e-06
 8.66440e-07
 7.21693e-07
 6.10584e-07
 5.23394e-07
 4.53692e-07
 3.97079e-07
 3.50463e-07
 3.11615e-07
 2.78897e-07
 2.51081e-07
 2.27234e-07
 2.06633e-07
 1.88714e-07
 1.73032e-07
 1.59227e-07
 1.47012e-07
 1.36151e-07
 1.64108e-06
 1.28569e-06
 1.03443e-06
 8.50228e-07
 7.11167e-07
 6.03607e-07
 5.18703e-07
 4.50510e-07
 3.94915e-07
 3.48997e-07
 3.10635e-07
 2.78258e-07
 2.50684e-07
 2.27009e-07
 2.06532e-07
 1.88701e-07
 1.73081e-07
 1.59320e-07
 1.47136e-07
 1.36296e-07
 1.51252e-06
 1.20700e-06
 9.83949e-07
 8.16614e-07
 6.88094e-07
 5.87368e-07
 5.07031e-07
 4.41972e-07
 3.88575e-07
 3.44229e-07
 3.07010e-07
 2.75476e-07
 2.48534e-07
 2.25336e-07
 2.05223e-07
 1.87674e-07
 1.72273e-07
 1.58684e-07
 1.46635e-07
 1.35903e-07
 1.35155e-06
 1.10368e-06
 9.15143e-07
 7.69329e-07
 6.54719e-07
 5.63268e-07
 4.89283e-07
 4.28676e-07
 3.78464e-07
 3.36439e-07
 3.00937e-07
 2.70694e-07
 2.44733e-07
 2.22290e-07
 2.02765e-07
 1.85677e-07
 1.70641e-07
 1.57343e-07
 1.45528e-07
 1.34985e-07
 1.18025e-06
 9.88335e-07
 8.35403e-07
 7.12860e-07
 6.13856e-07
 5.33122e-07
 4.66659e-07
 4.11435e-07
 3.65146e-07
 3.26023e-07
 2.92702e-07
 2.64118e-07
 2.39434e-07
 2.17986e-07
 1.99242e-07
 1.82774e-07
 1.68234e-07
 1.55336e-07
 1.43847e-07
 1.33569e-07
 1.01486e-06
 8.71507e-07
 7.51526e-07
 6.51624e-07
 5.68418e-07
 4.98887e-07
 4.40497e-07
 3.91182e-07
 3.49279e-07
 3.13457e-07
 2.82650e-07
 2.56003e-07
 2.32828e-07
 2.12567e-07
 1.94765e-07
 1.79051e-07
 1.65120e-07
 1.52717e-07
 1.41631e-07
 1.31687e-07
 8.64711e-07
 7.60501e-07
 6.68814e-07
 5.89368e-07
 5.21037e-07
 4.62420e-07
 4.12119e-07
 3.68865e-07
 3.31553e-07
 2.99245e-07
 2.71157e-07
 2.46633e-07
 2.25130e-07
 2.06198e-07
 1.89462e-07
 1.74608e-07
 1.61376e-07
 1.49546e-07
 1.38932e-07
 1.29379e-07
 7.33662e-07
 6.59461e-07
 5.90824e-07
 5.28900e-07
 4.73851e-07
 4.25320e-07
 3.82717e-07
 3.45374e-07
 3.12635e-07
 2.83893e-07
 2.58605e-07
 2.36299e-07
 2.16566e-07
 1.99056e-07
 1.83470e-07
 1.69554e-07
 1.57090e-07
 1.45893e-07
 1.35804e-07
 1.26689e-07
 6.22049e-07
 5.70104e-07
 5.19563e-07
 4.72073e-07
 4.28418e-07
 3.88845e-07
 3.53282e-07
 3.21483e-07
 2.93128e-07
 2.67867e-07
 2.45360e-07
 2.25288e-07
 2.07360e-07
 1.91317e-07
 1.76930e-07
 1.64000e-07
 1.52350e-07
 1.41831e-07
 1.32308e-07
 1.23667e-07
