scalar
part
         1
quad4
 3.55298e-07
 3.42330e-07
 3.25770e-07
 3.07375e-07
 2.88346e-07
 2.69473e-07
 2.51249e-07
 2.33961e-07
 2.17756e-07
 2.02690e-07
 1.88761e-07
 1.75930e-07
 1.64137e-07
 1.53313e-07
 1.43384e-07
 1.34276e-07
 1.25918e-07
 1.18242e-07
 1.11188e-07
 1.04697e-07
 4.39197e-07
 4.13650e-07
 3.85951e-07
 3.57973e-07
 3.30846e-07
 3.05201e-07
 2.81346e-07
 2.59390e-07
 2.39316e-07
 2.21042e-07
 2.04446e-07
 1.89391e-07
 1.75739e-07
 1.63355e-07
 1.52111e-07
 1.41890e-07
 1.32588e-07
 1.24107e-07
 1.16363e-07
 1.09281e-07
 5.42636e-07
 4.98652e-07
 4.55612e-07
 4.15085e-07
 3.77784e-07
 3.43923e-07
 3.13437e-07
 2.86120e-07
 2.61701e-07
 2.39889e-07
 2.20401e-07
 2.02971e-07
 1.87357e-07
 1.73345e-07
 1.60743e-07
 1.49384e-07
 1.39122e-07
 1.29829e-07
 1.21395e-07
 1.13722e-07
 6.68301e-07
 5.98211e-07
 5.34728e-07
 4.78280e-07
 4.28583e-07
 3.85045e-07
 3.46969e-07
 3.13665e-07
 2.84493e-07
 2.58881e-07
 2.36335e-07
 2.16427e-07
 1.98791e-07
 1.83118e-07
 1.69143e-07
 1.56643e-07
 1.45426e-07
 1.35330e-07
 1.26217e-07
 1.17966e-07
 8.17470e-07
 7.11930e-07
 6.22276e-07
 5.46393e-07
 4.82145e-07
 4.27610e-07
 3.81142e-07
 3.41368e-07
 3.07159e-07
 2.77589e-07
 2.51901e-07
 2.29479e-07
 2.09814e-07
 1.92490e-07
 1.77162e-07
 1.63545e-07
 1.51399e-07
 1.40527e-07
 1.30759e-07
 1.21956e-07
 9.88563e-07
 8.37342e-07
 7.15822e-07
 6.17325e-07
 5.36762e-07
 4.70265e-07
 4.14896e-07
 3.68404e-07
 3.29058e-07
 2.95510e-07
 2.66707e-07
 2.41819e-07
 2.20182e-07
 2.01267e-07
 1.84644e-07
 1.69963e-07
 1.56939e-07
 1.45335e-07
 1.34955e-07
 1.25634e-07
 1.17540e-06
 9.69132e-07
 8.11202e-07
 6.87935e-07
 5.90095e-07
 5.11278e-07
 4.46945e-07
 3.93812e-07
 3.49465e-07
 3.12095e-07
 2.80331e-07
 2.53120e-07
 2.29641e-07
 2.09248e-07
 1.91429e-07
 1.75772e-07
 1.61944e-07
 1.49673e-07
 1.38735e-07
 1.28945e-07
 1.36568e-06
 1.09867e-06
 9.02456e-07
 7.54106e-07
 6.39280e-07
 5.48630e-07
 4.75848e-07
 4.16551e-07
 3.67618e-07
 3.26778e-07
 2.92349e-07
 2.63060e-07
 2.37942e-07
 2.16241e-07
 1.97368e-07
 1.80852e-07
 1.66319e-07
 1.53463e-07
 1.42038e-07
 1.31839e-07
 1.54062e-06
 1.21430e-06
 9.82222e-07
 8.11078e-07
 6.81168e-07
 5.80192e-07
 5.00135e-07
 4.35584e-07
 3.82774e-07
 3.39018e-07
 3.02358e-07
 2.71337e-07
 2.44856e-07
 2.22070e-07
 2.02321e-07
 1.85094e-07
 1.69976e-07
 1.56637e-07
 1.44809e-07
 1.34271e-07
 1.67684e-06
 1.30286e-06
 1.04273e-06
 8.54081e-07
 7.12724e-07
 6.03973e-07
 5.18463e-07
 4.49983e-07
 3.94276e-07
 3.48341e-07
 3.10011e-07
 2.77693e-07
 2.50187e-07
 2.26583e-07
 2.06174e-07
 1.88407e-07
 1.72846e-07
 1.59138e-07
 1.47000e-07
 1.36201e-07
 1.75173e-06
 1.35249e-06
 1.07734e-06
 8.79181e-07
 7.31510e-07
 6.18400e-07
 5.29785e-07
 4.59032e-07
 4.01622e-07
 3.54386e-07
 3.15047e-07
 2.81931e-07
 2.53788e-07
 2.29669e-07
 2.08838e-07
 1.90723e-07
 1.74872e-07
 1.60920e-07
 1.48576e-07
 1.37602e-07
 1.75165e-06
 1.35628e-06
 1.08222e-06
 8.84127e-07
 7.36132e-07
 6.22575e-07
 5.33499e-07
 4.62315e-07
 4.04519e-07
 3.56943e-07
 3.17307e-07
 2.83934e-07
 2.55570e-07
 2.31257e-07
 2.10259e-07
 1.91999e-07
 1.76020e-07
 1.61957e-07
 1.49516e-07
 1.38455e-07
 1.67834e-06
 1.31473e-06
 1.05750e-06
 8.68898e-07
 7.26524e-07
 6.16424e-07
 5.29537e-07
 4.59773e-07
 4.02914e-07
 3.55966e-07
 3.16756e-07
 2.83673e-07
 2.55505e-07
 2.31327e-07
 2.10419e-07
 1.92219e-07
 1.76278e-07
 1.62238e-07
 1.49808e-07
 1.38752e-07
 1.54822e-06
 1.23563e-06
 1.00717e-06
 8.35682e-07
 7.03945e-07
 6.00698e-07
 5.18363e-07
 4.51699e-07
 3.96999e-07
 3.51583e-07
 3.13478e-07
 2.81203e-07
 2.53635e-07
 2.29906e-07
 2.09338e-07
 1.91397e-07
 1.75655e-07
 1.61769e-07
 1.49459e-07
 1.38497e-07
 1.38501e-06
 1.13120e-06
 9.37914e-07
 7.88319e-07
 6.70696e-07
 5.76829e-07
 5.00892e-07
 4.38696e-07
 3.87180e-07
 3.44073e-07
 3.07669e-07
 2.76666e-07
 2.50060e-07
 2.27068e-07
 2.07070e-07
 1.89573e-07
 1.74182e-07
 1.60574e-07
 1.48486e-07
 1.37703e-07
 1.21122e-06
 1.01435e-06
 8.57324e-07
 7.31419e-07
 6.29662e-07
 5.46672e-07
 4.78352e-07
 4.21594e-07
 3.74029e-07
 3.33837e-07
 2.99616e-07
 2.70269e-07
 2.44933e-07
 2.22926e-07
 2.03700e-07
 1.86814e-07
 1.71909e-07
 1.58691e-07
 1.46920e-07
 1.36393e-07
 1.04329e-06
 8.95824e-07
 7.72348e-07
 6.69502e-07
 5.83827e-07
 5.12231e-07
 4.52111e-07
 4.01343e-07
 3.58216e-07
 3.21357e-07
 2.89669e-07
 2.62269e-07
 2.38446e-07
 2.17626e-07
 1.99340e-07
 1.83203e-07
 1.68902e-07
 1.56173e-07
 1.44801e-07
 1.34602e-07
 8.90647e-07
 7.83040e-07
 6.88397e-07
 6.06403e-07
 5.35890e-07
 4.75410e-07
 4.23523e-07
 3.78916e-07
 3.40448e-07
 3.07151e-07
 2.78212e-07
 2.52955e-07
 2.30818e-07
 2.11335e-07
 1.94117e-07
 1.78842e-07
 1.65239e-07
 1.53082e-07
 1.42178e-07
 1.32367e-07
 7.57217e-07
 6.80227e-07
 6.09107e-07
 5.44997e-07
 4.88039e-07
 4.37849e-07
 3.93808e-07
 3.55222e-07
 3.21407e-07
 2.91732e-07
 2.65635e-07
 2.42625e-07
 2.22278e-07
 2.04230e-07
 1.88172e-07
 1.73841e-07
 1.61009e-07
 1.49487e-07
 1.39109e-07
 1.29735e-07
 6.43380e-07
 5.89155e-07
 5.36542e-07
 4.87189e-07
 4.41878e-07
 4.00840e-07
 3.63987e-07
 3.31058e-07
 3.01711e-07
 2.75581e-07
 2.52313e-07
 2.31572e-07
 2.13056e-07
 1.96494e-07
 1.81649e-07
 1.68313e-07
 1.56303e-07
 1.45462e-07
 1.35653e-07
 1.26755e-07
