scalar
part
         1
quad4
 5.66613e-07
 5.22914e-07
 4.79614e-07
 4.38339e-07
 3.99941e-07
 3.64772e-07
 3.32881e-07
 3.04139e-07
 2.78326e-07
 2.55185e-07
 2.34449e-07
 2.15860e-07
 1.99179e-07
 1.84190e-07
 1.70696e-07
 1.58526e-07
 1.47527e-07
 1.37564e-07
 1.28522e-07
 1.20297e-07
 6.71628e-07
 6.07962e-07
 5.48219e-07
 4.93663e-07
 4.44651e-07
 4.01040e-07
 3.62439e-07
 3.28356e-07
 2.98278e-07
 2.71717e-07
 2.48224e-07
 2.27403e-07
 2.08904e-07
 1.92426e-07
 1.77706e-07
 1.64521e-07
 1.52678e-07
 1.42010e-07
 1.32374e-07
 1.23648e-07
 7.95876e-07
 7.05026e-07
 6.24117e-07
 5.53250e-07
 4.91708e-07
 4.38460e-07
 3.92416e-07
 3.52551e-07
 3.17953e-07
 2.87833e-07
 2.61518e-07
 2.38442e-07
 2.18130e-07
 2.00182e-07
 1.84265e-07
 1.70098e-07
 1.57443e-07
 1.46102e-07
 1.35905e-07
 1.26707e-07
 9.39715e-07
 8.13017e-07
 7.05787e-07
 6.15597e-07
 5.39794e-07
 4.75937e-07
 4.21927e-07
 3.76020e-07
 3.36794e-07
 3.03093e-07
 2.73981e-07
 2.48701e-07
 2.26636e-07
 2.07284e-07
 1.90233e-07
 1.75142e-07
 1.61732e-07
 1.49767e-07
 1.39052e-07
 1.29423e-07
 1.10058e-06
 9.28741e-07
 7.90316e-07
 6.78311e-07
 5.87033e-07
 5.12032e-07
 4.49876e-07
 3.97930e-07
 3.54166e-07
 3.17011e-07
 2.85241e-07
 2.57891e-07
 2.34199e-07
 2.13555e-07
 1.95469e-07
 1.79543e-07
 1.65453e-07
 1.52931e-07
 1.41757e-07
 1.31747e-07
 1.27119e-06
 1.04617e-06
 8.73152e-07
 7.38070e-07
 6.31026e-07
 5.45012e-07
 4.75006e-07
 4.17361e-07
 3.69390e-07
 3.29082e-07
 2.94915e-07
 2.65721e-07
 2.40594e-07
 2.18821e-07
 1.99839e-07
 1.83194e-07
 1.68523e-07
 1.55529e-07
 1.43967e-07
 1.33636e-07
 1.43809e-06
 1.15618e-06
 9.48199e-07
 7.90791e-07
 6.69008e-07
 5.72978e-07
 4.95992e-07
 4.33374e-07
 3.81790e-07
 3.38812e-07
 3.02640e-07
 2.71921e-07
 2.45617e-07
 2.22927e-07
 2.03221e-07
 1.86002e-07
 1.70869e-07
 1.57500e-07
 1.45634e-07
 1.35053e-07
 1.58193e-06
 1.24725e-06
 1.00844e-06
 8.32081e-07
 6.98151e-07
 5.94062e-07
 5.11572e-07
 4.45099e-07
 3.90755e-07
 3.45764e-07
 3.08099e-07
 2.76255e-07
 2.49092e-07
 2.25739e-07
 2.05515e-07
 1.87886e-07
 1.72428e-07
 1.58798e-07
 1.46720e-07
 1.35967e-07
 1.68083e-06
 1.30759e-06
 1.04716e-06
 8.57931e-07
 7.15971e-07
 6.06675e-07
 5.20698e-07
 4.51827e-07
 3.95796e-07
 3.49594e-07
 3.11044e-07
 2.78543e-07
 2.50887e-07
 2.27157e-07
 2.06644e-07
 1.88791e-07
 1.73156e-07
 1.59387e-07
 1.47197e-07
 1.36355e-07
 1.71693e-06
 1.32812e-06
 1.05942e-06
 8.65507e-07
 7.20763e-07
 6.09750e-07
 5.22683e-07
 4.53104e-07
 3.96604e-07
 3.50087e-07
 3.11323e-07
 2.78677e-07
 2.50922e-07
 2.27125e-07
 2.06566e-07
 1.88682e-07
 1.73028e-07
 1.59247e-07
 1.47052e-07
 1.36207e-07
 1.68289e-06
 1.30531e-06
 1.04337e-06
 8.53779e-07
 7.11928e-07
 6.02926e-07
 5.17301e-07
 4.48785e-07
 3.93084e-07
 3.47180e-07
 3.08896e-07
 2.76629e-07
 2.49177e-07
 2.25626e-07
 2.05270e-07
 1.87553e-07
 1.72039e-07
 1.58376e-07
 1.46280e-07
 1.35520e-07
 1.58464e-06
 1.24221e-06
 1.00071e-06
 8.23752e-07
 6.90092e-07
 5.86611e-07
 5.04829e-07
 4.39061e-07
 3.85374e-07
 3.40974e-07
 3.03835e-07
 2.72452e-07
 2.45695e-07
 2.22696e-07
 2.02782e-07
 1.85425e-07
 1.70206e-07
 1.56786e-07
 1.44893e-07
 1.34304e-07
 1.43860e-06
 1.14733e-06
 9.36192e-07
 7.78234e-07
 6.56990e-07
 5.61917e-07
 4.86003e-07
 4.24435e-07
 3.73822e-07
 3.31718e-07
 2.96321e-07
 2.66283e-07
 2.40577e-07
 2.18410e-07
 1.99162e-07
 1.82344e-07
 1.67564e-07
 1.54507e-07
 1.42915e-07
 1.32577e-07
 1.26586e-06
 1.03221e-06
 8.56462e-07
 7.21238e-07
 6.15143e-07
 5.30482e-07
 4.61917e-07
 4.05657e-07
 3.58957e-07
 3.19789e-07
 2.86631e-07
 2.58325e-07
 2.33976e-07
 2.12885e-07
 1.94500e-07
 1.78380e-07
 1.64171e-07
 1.51583e-07
 1.40381e-07
 1.30369e-07
 1.08641e-06
 9.08526e-07
 7.68621e-07
 6.57225e-07
 5.67438e-07
 4.94226e-07
 4.33879e-07
 3.83639e-07
 3.41425e-07
 3.05655e-07
 2.75108e-07
 2.48834e-07
 2.26086e-07
 2.06270e-07
 1.88911e-07
 1.73624e-07
 1.60096e-07
 1.48071e-07
 1.37336e-07
 1.27716e-07
 9.15360e-07
 7.86040e-07
 6.79033e-07
 5.90413e-07
 5.16723e-07
 4.55107e-07
 4.03262e-07
 3.59355e-07
 3.21932e-07
 2.89833e-07
 2.62136e-07
 2.38100e-07
 2.17128e-07
 1.98736e-07
 1.82527e-07
 1.68179e-07
 1.55423e-07
 1.44036e-07
 1.33834e-07
 1.24661e-07
 7.61755e-07
 6.71559e-07
 5.92609e-07
 5.24303e-07
 4.65495e-07
 4.14917e-07
 3.71362e-07
 3.33758e-07
 3.01181e-07
 2.72852e-07
 2.48116e-07
 2.26429e-07
 2.07338e-07
 1.90465e-07
 1.75494e-07
 1.62160e-07
 1.50243e-07
 1.39554e-07
 1.29936e-07
 1.21254e-07
 6.29376e-07
 5.68919e-07
 5.12592e-07
 4.61457e-07
 4.15722e-07
 3.75151e-07
 3.39313e-07
 3.07706e-07
 2.79828e-07
 2.55212e-07
 2.33434e-07
 2.14122e-07
 1.96952e-07
 1.81645e-07
 1.67958e-07
 1.55686e-07
 1.44651e-07
 1.34701e-07
 1.25703e-07
 1.17546e-07
 5.18381e-07
 4.79570e-07
 4.40717e-07
 4.03501e-07
 3.68791e-07
 3.36944e-07
 3.08022e-07
 2.81919e-07
 2.58442e-07
 2.37363e-07
 2.18446e-07
 2.01461e-07
 1.86196e-07
 1.72456e-07
 1.60067e-07
 1.48876e-07
 1.38745e-07
 1.29555e-07
 1.21202e-07
 1.13592e-07
 4.26922e-07
 4.03360e-07
 3.77563e-07
 3.51264e-07
 3.25554e-07
 3.01075e-07
 2.78164e-07
 2.56963e-07
 2.37490e-07
 2.19689e-07
 2.03464e-07
 1.88701e-07
 1.75275e-07
 1.63066e-07
 1.51958e-07
 1.41841e-07
 1.32617e-07
 1.24196e-07
 1.16496e-07
 1.09445e-07
