scalar
part
         1
quad4
 6.29651e-07
 5.76660e-07
 5.25200e-07
 4.76915e-07
 4.32581e-07
 3.92431e-07
 3.56379e-07
 3.24168e-07
 2.95464e-07
 2.69907e-07
 2.47150e-07
 2.26864e-07
 2.08753e-07
 1.92553e-07
 1.78031e-07
 1.64984e-07
 1.53234e-07
 1.42626e-07
 1.33026e-07
 1.24317e-07
 7.42032e-07
 6.66534e-07
 5.96794e-07
 5.33944e-07
 4.78123e-07
 4.28953e-07
 3.85820e-07
 3.48037e-07
 3.14932e-07
 2.85884e-07
 2.60340e-07
 2.37818e-07
 2.17901e-07
 2.00236e-07
 1.84517e-07
 1.70486e-07
 1.57924e-07
 1.46641e-07
 1.36479e-07
 1.27299e-07
 8.73852e-07
 7.68045e-07
 6.75050e-07
 5.94542e-07
 5.25352e-07
 4.66039e-07
 4.15174e-07
 3.71461e-07
 3.33773e-07
 3.01155e-07
 2.72810e-07
 2.48072e-07
 2.26390e-07
 2.07306e-07
 1.90442e-07
 1.75478e-07
 1.62152e-07
 1.50241e-07
 1.39557e-07
 1.29942e-07
 1.02470e-06
 8.79413e-07
 7.57912e-07
 6.56820e-07
 5.72680e-07
 5.02413e-07
 4.43439e-07
 3.93657e-07
 3.51378e-07
 3.15250e-07
 2.84193e-07
 2.57339e-07
 2.33993e-07
 2.13587e-07
 1.95664e-07
 1.79848e-07
 1.65828e-07
 1.53350e-07
 1.42199e-07
 1.32199e-07
 1.19060e-06
 9.96402e-07
 8.41758e-07
 7.17928e-07
 6.17945e-07
 5.36459e-07
 4.69412e-07
 4.13730e-07
 3.67077e-07
 3.27663e-07
 2.94105e-07
 2.65327e-07
 2.40484e-07
 2.18903e-07
 2.00048e-07
 1.83486e-07
 1.68866e-07
 1.55901e-07
 1.44352e-07
 1.34024e-07
 1.36202e-06
 1.11159e-06
 9.21214e-07
 7.74072e-07
 6.58486e-07
 5.66303e-07
 4.91761e-07
 4.30725e-07
 3.80177e-07
 3.37885e-07
 3.02169e-07
 2.71753e-07
 2.45649e-07
 2.23088e-07
 2.03465e-07
 1.86294e-07
 1.71188e-07
 1.57831e-07
 1.45965e-07
 1.35378e-07
 1.52251e-06
 1.21429e-06
 9.89409e-07
 8.20802e-07
 6.91372e-07
 5.89981e-07
 5.09148e-07
 4.43710e-07
 3.90021e-07
 3.45445e-07
 3.08042e-07
 2.76361e-07
 2.49298e-07
 2.26001e-07
 2.05806e-07
 1.88188e-07
 1.72729e-07
 1.59090e-07
 1.46999e-07
 1.36229e-07
 1.64968e-06
 1.29179e-06
 1.03890e-06
 8.53608e-07
 7.13785e-07
 6.05679e-07
 5.20372e-07
 4.51876e-07
 3.96048e-07
 3.49948e-07
 3.11442e-07
 2.78949e-07
 2.51282e-07
 2.27529e-07
 2.06988e-07
 1.89104e-07
 1.73438e-07
 1.59639e-07
 1.47422e-07
 1.36553e-07
 1.72046e-06
 1.33225e-06
 1.06323e-06
 8.68779e-07
 7.23498e-07
 6.12011e-07
 5.24544e-07
 4.54634e-07
 3.97862e-07
 3.51122e-07
 3.12176e-07
 2.79379e-07
 2.51499e-07
 2.27599e-07
 2.06954e-07
 1.88999e-07
 1.73285e-07
 1.59454e-07
 1.47217e-07
 1.36336e-07
 1.71948e-06
 1.32838e-06
 1.05863e-06
 8.64246e-07
 7.19315e-07
 6.08256e-07
 5.21216e-07
 4.51699e-07
 3.95276e-07
 3.48841e-07
 3.10160e-07
 2.77592e-07
 2.49911e-07
 2.26182e-07
 2.05687e-07
 1.87861e-07
 1.72260e-07
 1.58528e-07
 1.46378e-07
 1.35574e-07
 1.64601e-06
 1.28006e-06
 1.02516e-06
 8.40105e-07
 7.01333e-07
 5.94503e-07
 5.10462e-07
 4.43131e-07
 3.88339e-07
 3.43146e-07
 3.05428e-07
 2.73617e-07
 2.46539e-07
 2.23298e-07
 2.03200e-07
 1.85702e-07
 1.70374e-07
 1.56871e-07
 1.44913e-07
 1.34274e-07
 1.51387e-06
 1.19425e-06
 9.66627e-07
 7.98586e-07
 6.70924e-07
 5.71631e-07
 4.92868e-07
 4.29333e-07
 3.77337e-07
 3.34243e-07
 2.98130e-07
 2.67566e-07
 2.41470e-07
 2.19012e-07
 1.99547e-07
 1.82564e-07
 1.67660e-07
 1.54508e-07
 1.42845e-07
 1.32453e-07
 1.34483e-06
 1.08243e-06
 8.89484e-07
 7.43509e-07
 6.30457e-07
 5.41167e-07
 4.69448e-07
 4.10999e-07
 3.62754e-07
 3.22479e-07
 2.88520e-07
 2.59628e-07
 2.34846e-07
 2.13435e-07
 1.94811e-07
 1.78513e-07
 1.64170e-07
 1.51482e-07
 1.40206e-07
 1.30140e-07
 1.16098e-06
 9.57145e-07
 8.01176e-07
 6.79464e-07
 5.82860e-07
 5.05033e-07
 4.41502e-07
 3.89028e-07
 3.45225e-07
 3.08312e-07
 2.76934e-07
 2.50052e-07
 2.26856e-07
 2.06709e-07
 1.89104e-07
 1.73635e-07
 1.59973e-07
 1.47849e-07
 1.37042e-07
 1.27370e-07
 9.80047e-07
 8.29457e-07
 7.08730e-07
 6.11015e-07
 5.31159e-07
 4.65283e-07
 4.10450e-07
 3.64420e-07
 3.25470e-07
 2.92265e-07
 2.63761e-07
 2.39131e-07
 2.17722e-07
 1.99007e-07
 1.82560e-07
 1.68037e-07
 1.55153e-07
 1.43674e-07
 1.33406e-07
 1.24187e-07
 8.13746e-07
 7.07605e-07
 6.17853e-07
 5.42112e-07
 4.78113e-07
 4.23862e-07
 3.77682e-07
 3.38182e-07
 3.04227e-07
 2.74889e-07
 2.49412e-07
 2.27179e-07
 2.07685e-07
 1.90515e-07
 1.75326e-07
 1.61834e-07
 1.49802e-07
 1.39032e-07
 1.29359e-07
 1.20641e-07
 6.68136e-07
 5.96738e-07
 5.32564e-07
 4.75789e-07
 4.25978e-07
 3.82446e-07
 3.44443e-07
 3.11246e-07
 2.82197e-07
 2.56714e-07
 2.34295e-07
 2.14510e-07
 1.96991e-07
 1.81427e-07
 1.67554e-07
 1.55148e-07
 1.44019e-07
 1.34004e-07
 1.24965e-07
 1.16784e-07
 5.44928e-07
 4.99318e-07
 4.55251e-07
 4.14092e-07
 3.76417e-07
 3.42348e-07
 3.11762e-07
 2.84412e-07
 2.60004e-07
 2.38229e-07
 2.18794e-07
 2.01425e-07
 1.85877e-07
 1.71932e-07
 1.59397e-07
 1.48103e-07
 1.37903e-07
 1.28670e-07
 1.20293e-07
 1.12673e-07
 4.43074e-07
 4.15834e-07
 3.86959e-07
 3.58178e-07
 3.30510e-07
 3.04508e-07
 2.80423e-07
 2.58323e-07
 2.38168e-07
 2.19853e-07
 2.03245e-07
 1.88198e-07
 1.74566e-07
 1.62210e-07
 1.51000e-07
 1.40817e-07
 1.31553e-07
 1.23112e-07
 1.15408e-07
 1.08363e-07
 3.60119e-07
 3.45532e-07
 3.27773e-07
 3.08501e-07
 2.88840e-07
 2.69514e-07
 2.50969e-07
 2.33457e-07
 2.17098e-07
 2.01929e-07
 1.87934e-07
 1.75064e-07
 1.63252e-07
 1.52423e-07
 1.42499e-07
 1.33402e-07
 1.25061e-07
 1.17407e-07
 1.10375e-07
 1.03908e-07
