scalar
part
         1
quad4
 3.91834e-07
 3.73300e-07
 3.51906e-07
 3.29390e-07
 3.06892e-07
 2.85120e-07
 2.64482e-07
 2.45186e-07
 2.27312e-07
 2.10856e-07
 1.95765e-07
 1.81961e-07
 1.69351e-07
 1.57836e-07
 1.47322e-07
 1.37717e-07
 1.28934e-07
 1.20895e-07
 1.13528e-07
 1.06767e-07
 4.79339e-07
 4.46871e-07
 4.13374e-07
 3.80613e-07
 3.49575e-07
 3.20746e-07
 2.94302e-07
 2.70237e-07
 2.48441e-07
 2.28755e-07
 2.10997e-07
 1.94981e-07
 1.80531e-07
 1.67479e-07
 1.55676e-07
 1.44983e-07
 1.35281e-07
 1.26461e-07
 1.18426e-07
 1.11094e-07
 5.86276e-07
 5.33760e-07
 4.83864e-07
 4.37888e-07
 3.96274e-07
 3.58999e-07
 3.25805e-07
 2.96329e-07
 2.70180e-07
 2.46974e-07
 2.26355e-07
 2.08002e-07
 1.91630e-07
 1.76991e-07
 1.63868e-07
 1.52074e-07
 1.41447e-07
 1.31845e-07
 1.23149e-07
 1.15253e-07
 7.14866e-07
 6.34448e-07
 5.63055e-07
 5.00574e-07
 4.46267e-07
 3.99188e-07
 3.58375e-07
 3.22937e-07
 2.92088e-07
 2.65147e-07
 2.41539e-07
 2.20775e-07
 2.02446e-07
 1.86205e-07
 1.71763e-07
 1.58876e-07
 1.47338e-07
 1.36972e-07
 1.27631e-07
 1.19188e-07
 8.65606e-07
 7.47974e-07
 6.49545e-07
 5.67262e-07
 4.98304e-07
 4.40263e-07
 3.91156e-07
 3.49371e-07
 3.13613e-07
 2.82835e-07
 2.56199e-07
 2.33022e-07
 2.12753e-07
 1.94940e-07
 1.79214e-07
 1.65270e-07
 1.52856e-07
 1.41760e-07
 1.31806e-07
 1.22846e-07
 1.03574e-06
 8.71147e-07
 7.40476e-07
 6.35615e-07
 5.50545e-07
 4.80803e-07
 4.23055e-07
 3.74793e-07
 3.34110e-07
 2.99539e-07
 2.69946e-07
 2.44438e-07
 2.22312e-07
 2.03006e-07
 1.86069e-07
 1.71135e-07
 1.57903e-07
 1.46129e-07
 1.35608e-07
 1.26171e-07
 1.21758e-06
 9.97876e-07
 8.31302e-07
 7.02313e-07
 6.00580e-07
 5.19050e-07
 4.52785e-07
 3.98251e-07
 3.52869e-07
 3.14725e-07
 2.82373e-07
 2.54710e-07
 2.30881e-07
 2.10214e-07
 1.92178e-07
 1.76349e-07
 1.62384e-07
 1.50002e-07
 1.38975e-07
 1.29113e-07
 1.39738e-06
 1.11896e-06
 9.15876e-07
 7.63203e-07
 6.45563e-07
 5.53028e-07
 4.78951e-07
 4.18745e-07
 3.69163e-07
 3.27853e-07
 2.93079e-07
 2.63535e-07
 2.38226e-07
 2.16383e-07
 1.97401e-07
 1.80804e-07
 1.66209e-07
 1.53308e-07
 1.41848e-07
 1.31624e-07
 1.55581e-06
 1.22280e-06
 9.87009e-07
 8.13711e-07
 6.82505e-07
 5.80731e-07
 5.00175e-07
 4.35310e-07
 3.82303e-07
 3.38426e-07
 3.01695e-07
 2.70637e-07
 2.44140e-07
 2.21352e-07
 2.01613e-07
 1.84401e-07
 1.69302e-07
 1.55985e-07
 1.44179e-07
 1.33664e-07
 1.67081e-06
 1.29716e-06
 1.03758e-06
 8.49497e-07
 7.08661e-07
 6.00368e-07
 5.15255e-07
 4.47118e-07
 3.91705e-07
 3.46024e-07
 3.07915e-07
 2.75787e-07
 2.48449e-07
 2.24992e-07
 2.04712e-07
 1.87060e-07
 1.71600e-07
 1.57983e-07
 1.45926e-07
 1.35201e-07
 1.72325e-06
 1.33206e-06
 1.06200e-06
 8.67255e-07
 7.21985e-07
 6.10623e-07
 5.23318e-07
 4.53572e-07
 3.96952e-07
 3.50348e-07
 3.11520e-07
 2.78825e-07
 2.51033e-07
 2.27207e-07
 2.06626e-07
 1.88725e-07
 1.73058e-07
 1.59266e-07
 1.47062e-07
 1.36211e-07
 1.70373e-06
 1.32269e-06
 1.05760e-06
 8.65420e-07
 7.21505e-07
 6.10866e-07
 5.23940e-07
 4.54380e-07
 3.97838e-07
 3.51248e-07
 3.12400e-07
 2.79667e-07
 2.51826e-07
 2.27949e-07
 2.07317e-07
 1.89366e-07
 1.73651e-07
 1.59815e-07
 1.47569e-07
 1.36680e-07
 1.61700e-06
 1.27123e-06
 1.02546e-06
 8.44539e-07
 7.07516e-07
 6.01261e-07
 5.17213e-07
 4.49593e-07
 3.94388e-07
 3.48738e-07
 3.10561e-07
 2.78314e-07
 2.50830e-07
 2.27217e-07
 2.06781e-07
 1.88979e-07
 1.73376e-07
 1.59625e-07
 1.47446e-07
 1.36606e-07
 1.48023e-06
 1.18611e-06
 9.70047e-07
 8.07141e-07
 6.81512e-07
 5.82725e-07
 5.03718e-07
 4.39590e-07
 3.86857e-07
 3.42991e-07
 3.06123e-07
 2.74851e-07
 2.48103e-07
 2.25053e-07
 2.05052e-07
 1.87588e-07
 1.72251e-07
 1.58712e-07
 1.46701e-07
 1.35997e-07
 1.31596e-06
 1.07925e-06
 8.98041e-07
 7.57137e-07
 6.45882e-07
 5.56767e-07
 4.84440e-07
 4.25029e-07
 3.75695e-07
 3.34320e-07
 2.99309e-07
 2.69440e-07
 2.43765e-07
 2.21545e-07
 2.02194e-07
 1.85243e-07
 1.70315e-07
 1.57104e-07
 1.45359e-07
 1.34871e-07
 1.14490e-06
 9.62739e-07
 8.16677e-07
 6.98997e-07
 6.03466e-07
 5.25242e-07
 4.60617e-07
 4.06757e-07
 3.61491e-07
 3.23146e-07
 2.90422e-07
 2.62301e-07
 2.37979e-07
 2.16817e-07
 1.98301e-07
 1.82016e-07
 1.67623e-07
 1.54845e-07
 1.43453e-07
 1.33256e-07
 9.81745e-07
 8.46386e-07
 7.32406e-07
 6.36980e-07
 5.57113e-07
 4.90086e-07
 4.33588e-07
 3.85713e-07
 3.44916e-07
 3.09952e-07
 2.79815e-07
 2.53698e-07
 2.30943e-07
 2.11019e-07
 1.93489e-07
 1.77997e-07
 1.64245e-07
 1.51991e-07
 1.41028e-07
 1.31185e-07
 8.34728e-07
 7.36817e-07
 6.50142e-07
 5.74623e-07
 5.09347e-07
 4.53101e-07
 4.04647e-07
 3.62836e-07
 3.26658e-07
 2.95247e-07
 2.67872e-07
 2.43920e-07
 2.22878e-07
 2.04321e-07
 1.87890e-07
 1.73288e-07
 1.60263e-07
 1.48605e-07
 1.38135e-07
 1.28702e-07
 7.07009e-07
 6.37675e-07
 5.73113e-07
 5.14525e-07
 4.62174e-07
 4.15810e-07
 3.74942e-07
 3.38991e-07
 3.07370e-07
 2.79528e-07
 2.54970e-07
 2.33258e-07
 2.14010e-07
 1.96899e-07
 1.81643e-07
 1.68000e-07
 1.55764e-07
 1.44759e-07
 1.34831e-07
 1.25852e-07
 5.98571e-07
 5.50354e-07
 5.03076e-07
 4.58364e-07
 4.17037e-07
 3.79392e-07
 3.45415e-07
 3.14920e-07
 2.87634e-07
 2.63252e-07
 2.41469e-07
 2.21994e-07
 2.04562e-07
 1.88931e-07
 1.74888e-07
 1.62247e-07
 1.50841e-07
 1.40526e-07
 1.31178e-07
 1.22686e-07
