scalar
part
         1
quad4
 3.36133e-07
 3.25652e-07
 3.11339e-07
 2.94923e-07
 2.77609e-07
 2.60205e-07
 2.43231e-07
 2.27004e-07
 2.11699e-07
 1.97396e-07
 1.84116e-07
 1.71838e-07
 1.60517e-07
 1.50098e-07
 1.40518e-07
 1.31711e-07
 1.23614e-07
 1.16167e-07
 1.09311e-07
 1.02995e-07
 4.17505e-07
 3.95186e-07
 3.70295e-07
 3.44708e-07
 3.19590e-07
 2.95621e-07
 2.73161e-07
 2.52364e-07
 2.33256e-07
 2.15788e-07
 1.99868e-07
 1.85383e-07
 1.72212e-07
 1.60237e-07
 1.49342e-07
 1.39422e-07
 1.30377e-07
 1.22121e-07
 1.14571e-07
 1.07658e-07
 5.18188e-07
 4.78378e-07
 4.38814e-07
 4.01136e-07
 3.66152e-07
 3.34169e-07
 3.05208e-07
 2.79132e-07
 2.55729e-07
 2.34753e-07
 2.15956e-07
 1.99101e-07
 1.83969e-07
 1.70362e-07
 1.58104e-07
 1.47039e-07
 1.37028e-07
 1.27952e-07
 1.19705e-07
 1.12194e-07
 6.41023e-07
 5.76265e-07
 5.17008e-07
 4.63882e-07
 4.16793e-07
 3.75307e-07
 3.38858e-07
 3.06850e-07
 2.78719e-07
 2.53953e-07
 2.32096e-07
 2.12756e-07
 1.95591e-07
 1.80312e-07
 1.66668e-07
 1.54449e-07
 1.43471e-07
 1.33581e-07
 1.24644e-07
 1.16547e-07
 7.87613e-07
 6.88717e-07
 6.04049e-07
 5.31915e-07
 4.70506e-07
 4.18139e-07
 3.73347e-07
 3.34884e-07
 3.01710e-07
 2.72967e-07
 2.47948e-07
 2.26070e-07
 2.06854e-07
 1.89902e-07
 1.74885e-07
 1.61530e-07
 1.49607e-07
 1.38925e-07
 1.29321e-07
 1.20659e-07
 9.56955e-07
 8.13660e-07
 6.97754e-07
 6.03291e-07
 5.25674e-07
 4.61366e-07
 4.07650e-07
 3.62427e-07
 3.24068e-07
 2.91300e-07
 2.63121e-07
 2.38737e-07
 2.17512e-07
 1.98937e-07
 1.82597e-07
 1.68154e-07
 1.55331e-07
 1.43899e-07
 1.33665e-07
 1.24471e-07
 1.14373e-06
 9.46266e-07
 7.94227e-07
 6.75013e-07
 5.80036e-07
 5.03294e-07
 4.40498e-07
 3.88527e-07
 3.45073e-07
 3.08402e-07
 2.77193e-07
 2.50427e-07
 2.27310e-07
 2.07216e-07
 1.89644e-07
 1.74194e-07
 1.60541e-07
 1.48419e-07
 1.37608e-07
 1.27929e-07
 1.33665e-06
 1.07838e-06
 8.87720e-07
 7.43054e-07
 6.30764e-07
 5.41917e-07
 4.70451e-07
 4.12138e-07
 3.63956e-07
 3.23700e-07
 2.89732e-07
 2.60813e-07
 2.35995e-07
 2.14541e-07
 1.95871e-07
 1.79527e-07
 1.65138e-07
 1.52406e-07
 1.41086e-07
 1.30978e-07
 1.51770e-06
 1.19859e-06
 9.70927e-07
 8.02647e-07
 6.74680e-07
 5.75072e-07
 4.96009e-07
 4.32199e-07
 3.79953e-07
 3.36637e-07
 3.00324e-07
 2.69582e-07
 2.43328e-07
 2.20729e-07
 2.01136e-07
 1.84040e-07
 1.69033e-07
 1.55788e-07
 1.44041e-07
 1.33573e-07
 1.66336e-06
 1.29348e-06
 1.03588e-06
 8.48873e-07
 7.08642e-07
 6.00694e-07
 5.15775e-07
 4.47742e-07
 3.92380e-07
 3.46717e-07
 3.08606e-07
 2.76464e-07
 2.49105e-07
 2.25623e-07
 2.05316e-07
 1.87637e-07
 1.72149e-07
 1.58506e-07
 1.46424e-07
 1.35674e-07
 1.74957e-06
 1.35043e-06
 1.07547e-06
 8.77515e-07
 7.30035e-07
 6.17094e-07
 5.28625e-07
 4.57998e-07
 4.00696e-07
 3.53554e-07
 3.14294e-07
 2.81248e-07
 2.53167e-07
 2.29100e-07
 2.08317e-07
 1.90244e-07
 1.74429e-07
 1.60510e-07
 1.48196e-07
 1.37248e-07
 1.76041e-06
 1.36136e-06
 1.08526e-06
 8.85973e-07
 7.37251e-07
 6.23238e-07
 5.33868e-07
 4.62490e-07
 4.04566e-07
 3.56904e-07
 3.17211e-07
 2.83800e-07
 2.55411e-07
 2.31083e-07
 2.10076e-07
 1.91812e-07
 1.75832e-07
 1.61770e-07
 1.49332e-07
 1.38275e-07
 1.69560e-06
 1.32574e-06
 1.06480e-06
 8.73888e-07
 7.30019e-07
 6.18920e-07
 5.31347e-07
 4.61099e-07
 4.03894e-07
 3.56694e-07
 3.17297e-07
 2.84073e-07
 2.55800e-07
 2.31540e-07
 2.10570e-07
 1.92321e-07
 1.76342e-07
 1.62272e-07
 1.49819e-07
 1.38745e-07
 1.57070e-06
 1.25080e-06
 1.01772e-06
 8.43215e-07
 7.09442e-07
 6.04787e-07
 5.21453e-07
 4.54068e-07
 3.98837e-07
 3.53024e-07
 3.14617e-07
 2.82110e-07
 2.54361e-07
 2.30490e-07
 2.09809e-07
 1.91778e-07
 1.75963e-07
 1.62018e-07
 1.49661e-07
 1.38659e-07
 1.40970e-06
 1.14873e-06
 9.50608e-07
 7.97690e-07
 6.77737e-07
 5.82205e-07
 5.05057e-07
 4.41964e-07
 3.89773e-07
 3.46153e-07
 3.09351e-07
 2.78038e-07
 2.51187e-07
 2.27999e-07
 2.07843e-07
 1.90219e-07
 1.74723e-07
 1.61029e-07
 1.48870e-07
 1.38027e-07
 1.23597e-06
 1.03274e-06
 8.71147e-07
 7.41942e-07
 6.37778e-07
 5.53010e-07
 4.83361e-07
 4.25595e-07
 3.77257e-07
 3.36467e-07
 3.01775e-07
 2.72055e-07
 2.46422e-07
 2.24174e-07
 2.04752e-07
 1.87706e-07
 1.72668e-07
 1.59341e-07
 1.47477e-07
 1.36873e-07
 1.06680e-06
 9.14026e-07
 7.86504e-07
 6.80593e-07
 5.92591e-07
 5.19219e-07
 4.57734e-07
 4.05908e-07
 3.61953e-07
 3.24440e-07
 2.92232e-07
 2.64413e-07
 2.40253e-07
 2.19156e-07
 2.00643e-07
 1.84319e-07
 1.69861e-07
 1.57002e-07
 1.45519e-07
 1.35227e-07
 9.12304e-07
 8.00410e-07
 7.02326e-07
 6.17607e-07
 5.44946e-07
 4.82774e-07
 4.29550e-07
 3.83882e-07
 3.44568e-07
 3.10592e-07
 2.81103e-07
 2.55399e-07
 2.32896e-07
 2.13110e-07
 1.95642e-07
 1.80158e-07
 1.66380e-07
 1.54074e-07
 1.43045e-07
 1.33127e-07
 7.76817e-07
 6.96429e-07
 6.22456e-07
 5.55992e-07
 4.97113e-07
 4.45364e-07
 4.00059e-07
 3.60446e-07
 3.25796e-07
 2.95439e-07
 2.68782e-07
 2.45310e-07
 2.24580e-07
 2.06213e-07
 1.89888e-07
 1.75331e-07
 1.62310e-07
 1.50626e-07
 1.40110e-07
 1.30618e-07
 6.60956e-07
 6.04058e-07
 5.49111e-07
 4.97764e-07
 4.50772e-07
 4.08332e-07
 3.70313e-07
 3.36417e-07
 3.06267e-07
 2.79471e-07
 2.55648e-07
 2.34442e-07
 2.15536e-07
 1.98647e-07
 1.83525e-07
 1.69953e-07
 1.57743e-07
 1.46730e-07
 1.36773e-07
 1.27748e-07
