scalar
part
         1
quad4
 3.95464e-07
 3.76678e-07
 3.55021e-07
 3.32246e-07
 3.09503e-07
 2.87503e-07
 2.66656e-07
 2.47173e-07
 2.29129e-07
 2.12521e-07
 1.97294e-07
 1.83367e-07
 1.70647e-07
 1.59034e-07
 1.48431e-07
 1.38746e-07
 1.29891e-07
 1.21787e-07
 1.14360e-07
 1.07546e-07
 4.83798e-07
 4.50925e-07
 4.17036e-07
 3.83912e-07
 3.52545e-07
 3.23422e-07
 2.96716e-07
 2.72420e-07
 2.50420e-07
 2.30555e-07
 2.12638e-07
 1.96482e-07
 1.81907e-07
 1.68745e-07
 1.56843e-07
 1.46063e-07
 1.36281e-07
 1.27390e-07
 1.19292e-07
 1.11902e-07
 5.91757e-07
 5.38615e-07
 4.88156e-07
 4.41682e-07
 3.99635e-07
 3.61986e-07
 3.28468e-07
 2.98714e-07
 2.72324e-07
 2.48909e-07
 2.28108e-07
 2.09596e-07
 1.93085e-07
 1.78323e-07
 1.65092e-07
 1.53202e-07
 1.42489e-07
 1.32811e-07
 1.24046e-07
 1.16088e-07
 7.21584e-07
 6.40234e-07
 5.68050e-07
 5.04903e-07
 4.50040e-07
 4.02496e-07
 3.61291e-07
 3.25523e-07
 2.94394e-07
 2.67214e-07
 2.43400e-07
 2.22459e-07
 2.03975e-07
 1.87600e-07
 1.73040e-07
 1.60049e-07
 1.48418e-07
 1.37971e-07
 1.28557e-07
 1.20048e-07
 8.73781e-07
 7.54803e-07
 6.55297e-07
 5.72152e-07
 5.02498e-07
 4.43892e-07
 3.94321e-07
 3.52153e-07
 3.16074e-07
 2.85027e-07
 2.58162e-07
 2.34789e-07
 2.14351e-07
 1.96393e-07
 1.80540e-07
 1.66485e-07
 1.53972e-07
 1.42789e-07
 1.32758e-07
 1.23729e-07
 1.04555e-06
 8.79089e-07
 7.47006e-07
 6.41063e-07
 5.55149e-07
 4.84738e-07
 4.26454e-07
 3.77756e-07
 3.36714e-07
 3.01845e-07
 2.72001e-07
 2.46280e-07
 2.23973e-07
 2.04511e-07
 1.87438e-07
 1.72386e-07
 1.59050e-07
 1.47185e-07
 1.36583e-07
 1.27074e-07
 1.22909e-06
 1.00692e-06
 8.38577e-07
 7.08279e-07
 6.05556e-07
 5.23260e-07
 4.56391e-07
 4.01373e-07
 3.55598e-07
 3.17129e-07
 2.84507e-07
 2.56617e-07
 2.32595e-07
 2.11762e-07
 1.93585e-07
 1.77632e-07
 1.63558e-07
 1.51081e-07
 1.39969e-07
 1.30033e-07
 1.41046e-06
 1.12898e-06
 9.23789e-07
 7.69607e-07
 6.50849e-07
 5.57464e-07
 4.82725e-07
 4.21996e-07
 3.71992e-07
 3.30337e-07
 2.95277e-07
 2.65494e-07
 2.39983e-07
 2.17967e-07
 1.98837e-07
 1.82111e-07
 1.67404e-07
 1.54405e-07
 1.42859e-07
 1.32558e-07
 1.57008e-06
 1.23354e-06
 9.95386e-07
 8.20427e-07
 6.88010e-07
 5.85326e-07
 5.04069e-07
 4.38652e-07
 3.85202e-07
 3.40966e-07
 3.03938e-07
 2.72632e-07
 2.45926e-07
 2.22962e-07
 2.03070e-07
 1.85726e-07
 1.70513e-07
 1.57095e-07
 1.45201e-07
 1.34608e-07
 1.68566e-06
 1.30825e-06
 1.04618e-06
 8.56369e-07
 7.14277e-07
 6.05045e-07
 5.19212e-07
 4.50508e-07
 3.94643e-07
 3.48595e-07
 3.10183e-07
 2.77804e-07
 2.50253e-07
 2.26615e-07
 2.06181e-07
 1.88396e-07
 1.72820e-07
 1.59101e-07
 1.46955e-07
 1.36151e-07
 1.73795e-06
 1.34307e-06
 1.07056e-06
 8.74112e-07
 7.27596e-07
 6.15300e-07
 5.27276e-07
 4.56966e-07
 3.99895e-07
 3.52923e-07
 3.13793e-07
 2.80846e-07
 2.52841e-07
 2.28835e-07
 2.08099e-07
 1.90064e-07
 1.74280e-07
 1.60387e-07
 1.48093e-07
 1.37163e-07
 1.71761e-06
 1.33324e-06
 1.06589e-06
 8.72095e-07
 7.26996e-07
 6.15462e-07
 5.27842e-07
 4.57734e-07
 4.00751e-07
 3.53801e-07
 3.14657e-07
 2.81675e-07
 2.53625e-07
 2.29570e-07
 2.08784e-07
 1.90701e-07
 1.74870e-07
 1.60933e-07
 1.48599e-07
 1.37631e-07
 1.62959e-06
 1.28101e-06
 1.03325e-06
 8.50892e-07
 7.12787e-07
 6.05702e-07
 5.21003e-07
 4.52865e-07
 3.97239e-07
 3.51245e-07
 3.12782e-07
 2.80294e-07
 2.52606e-07
 2.28820e-07
 2.08234e-07
 1.90302e-07
 1.74586e-07
 1.60736e-07
 1.48469e-07
 1.37552e-07
 1.49130e-06
 1.19493e-06
 9.77217e-07
 8.13069e-07
 6.86486e-07
 5.86952e-07
 5.07352e-07
 4.42745e-07
 3.89620e-07
 3.45429e-07
 3.08290e-07
 2.76789e-07
 2.49846e-07
 2.26628e-07
 2.06482e-07
 1.88893e-07
 1.73446e-07
 1.59810e-07
 1.47714e-07
 1.36934e-07
 1.32548e-06
 1.08705e-06
 9.04513e-07
 7.62576e-07
 6.50506e-07
 5.60738e-07
 4.87882e-07
 4.28038e-07
 3.78345e-07
 3.36671e-07
 3.01407e-07
 2.71322e-07
 2.45463e-07
 2.23084e-07
 2.03594e-07
 1.86523e-07
 1.71489e-07
 1.58185e-07
 1.46356e-07
 1.35795e-07
 1.15296e-06
 9.69527e-07
 8.22435e-07
 7.03920e-07
 6.07710e-07
 5.28929e-07
 4.63844e-07
 4.09600e-07
 3.64011e-07
 3.25394e-07
 2.92437e-07
 2.64117e-07
 2.39623e-07
 2.18311e-07
 1.99665e-07
 1.83265e-07
 1.68772e-07
 1.55904e-07
 1.44432e-07
 1.34164e-07
 9.88521e-07
 8.52237e-07
 7.37475e-07
 6.41390e-07
 5.60971e-07
 4.93478e-07
 4.36586e-07
 3.88376e-07
 3.47295e-07
 3.12086e-07
 2.81739e-07
 2.55439e-07
 2.32526e-07
 2.12463e-07
 1.94811e-07
 1.79211e-07
 1.65364e-07
 1.53024e-07
 1.41985e-07
 1.32075e-07
 8.40398e-07
 7.41830e-07
 6.54573e-07
 5.78544e-07
 5.12825e-07
 4.56197e-07
 4.07412e-07
 3.65314e-07
 3.28888e-07
 2.97261e-07
 2.69697e-07
 2.45580e-07
 2.24394e-07
 2.05709e-07
 1.89165e-07
 1.74462e-07
 1.61348e-07
 1.49610e-07
 1.39068e-07
 1.29570e-07
 7.11752e-07
 6.41959e-07
 5.76969e-07
 5.17993e-07
 4.65293e-07
 4.18619e-07
 3.77477e-07
 3.41283e-07
 3.09448e-07
 2.81418e-07
 2.56694e-07
 2.34834e-07
 2.15455e-07
 1.98228e-07
 1.82868e-07
 1.69132e-07
 1.56813e-07
 1.45732e-07
 1.35738e-07
 1.26698e-07
 6.02546e-07
 5.54013e-07
 5.06425e-07
 4.61421e-07
 4.19822e-07
 3.81929e-07
 3.47728e-07
 3.17030e-07
 2.89562e-07
 2.65017e-07
 2.43088e-07
 2.23483e-07
 2.05933e-07
 1.90197e-07
 1.76060e-07
 1.63333e-07
 1.51851e-07
 1.41467e-07
 1.32055e-07
 1.23506e-07
