scalar
part
         1
quad4
 5.05532e-07
 4.69657e-07
 4.33342e-07
 3.98178e-07
 3.65060e-07
 3.34418e-07
 3.06390e-07
 2.80941e-07
 2.57934e-07
 2.37189e-07
 2.18503e-07
 2.01674e-07
 1.86509e-07
 1.72829e-07
 1.60472e-07
 1.49292e-07
 1.39158e-07
 1.29955e-07
 1.21582e-07
 1.13948e-07
 6.02952e-07
 5.49288e-07
 4.98165e-07
 4.50918e-07
 4.08047e-07
 3.69575e-07
 3.35269e-07
 3.04779e-07
 2.77716e-07
 2.53692e-07
 2.32346e-07
 2.13347e-07
 1.96404e-07
 1.81260e-07
 1.67690e-07
 1.55500e-07
 1.44521e-07
 1.34608e-07
 1.25636e-07
 1.17493e-07
 7.19037e-07
 6.40902e-07
 5.70519e-07
 5.08274e-07
 4.53766e-07
 4.06253e-07
 3.64900e-07
 3.28889e-07
 2.97472e-07
 2.69995e-07
 2.45888e-07
 2.24670e-07
 2.05929e-07
 1.89320e-07
 1.74548e-07
 1.61366e-07
 1.49565e-07
 1.38965e-07
 1.29416e-07
 1.20788e-07
 8.54602e-07
 7.43853e-07
 6.49251e-07
 5.69025e-07
 5.01100e-07
 4.43502e-07
 3.94501e-07
 3.52635e-07
 3.16695e-07
 2.85688e-07
 2.58805e-07
 2.35381e-07
 2.14875e-07
 1.96841e-07
 1.80912e-07
 1.66782e-07
 1.54200e-07
 1.42952e-07
 1.32862e-07
 1.23780e-07
 1.00796e-06
 8.55647e-07
 7.31952e-07
 6.31123e-07
 5.48406e-07
 4.80035e-07
 4.23076e-07
 3.75251e-07
 3.34791e-07
 3.00315e-07
 2.70738e-07
 2.45202e-07
 2.23023e-07
 2.03651e-07
 1.86642e-07
 1.71636e-07
 1.58335e-07
 1.46496e-07
 1.35915e-07
 1.26423e-07
 1.17329e-06
 9.71238e-07
 8.14691e-07
 6.91631e-07
 5.93520e-07
 5.14262e-07
 4.49452e-07
 3.95866e-07
 3.51111e-07
 3.13385e-07
 2.81317e-07
 2.53847e-07
 2.30150e-07
 2.09575e-07
 1.91604e-07
 1.75820e-07
 1.61887e-07
 1.49528e-07
 1.38518e-07
 1.28669e-07
 1.33921e-06
 1.08266e-06
 8.92018e-07
 7.46819e-07
 6.33868e-07
 5.44384e-07
 4.72356e-07
 4.13567e-07
 3.64990e-07
 3.24409e-07
 2.90175e-07
 2.61041e-07
 2.36048e-07
 2.14453e-07
 1.95671e-07
 1.79236e-07
 1.64775e-07
 1.51986e-07
 1.40622e-07
 1.30480e-07
 1.48868e-06
 1.17950e-06
 9.57424e-07
 7.92517e-07
 6.66712e-07
 5.68564e-07
 4.90529e-07
 4.27473e-07
 3.75800e-07
 3.32932e-07
 2.96979e-07
 2.66534e-07
 2.40529e-07
 2.18142e-07
 1.98733e-07
 1.81797e-07
 1.66933e-07
 1.53816e-07
 1.42183e-07
 1.31819e-07
 1.60150e-06
 1.25049e-06
 1.00431e-06
 8.24699e-07
 6.89510e-07
 5.85144e-07
 5.02861e-07
 4.36824e-07
 3.83011e-07
 3.38576e-07
 3.01455e-07
 2.70126e-07
 2.43441e-07
 2.20526e-07
 2.00702e-07
 1.83437e-07
 1.68308e-07
 1.54976e-07
 1.43169e-07
 1.32661e-07
 1.65943e-06
 1.28603e-06
 1.02730e-06
 8.40201e-07
 7.00314e-07
 5.92885e-07
 5.08538e-07
 4.41071e-07
 3.86243e-07
 3.41073e-07
 3.03411e-07
 2.71675e-07
 2.44682e-07
 2.21530e-07
 2.01520e-07
 1.84109e-07
 1.68864e-07
 1.55440e-07
 1.43557e-07
 1.32988e-07
 1.65202e-06
 1.28085e-06
 1.02352e-06
 8.37358e-07
 6.98120e-07
 5.91156e-07
 5.07151e-07
 4.39942e-07
 3.85312e-07
 3.40295e-07
 3.02755e-07
 2.71117e-07
 2.44203e-07
 2.21115e-07
 2.01160e-07
 1.83793e-07
 1.68586e-07
 1.55194e-07
 1.43338e-07
 1.32793e-07
 1.58032e-06
 1.23550e-06
 9.93298e-07
 8.16373e-07
 6.83060e-07
 5.80047e-07
 4.98763e-07
 4.33481e-07
 3.80248e-07
 3.36266e-07
 2.99505e-07
 2.68464e-07
 2.42015e-07
 2.19292e-07
 1.99627e-07
 1.82495e-07
 1.67478e-07
 1.54242e-07
 1.42515e-07
 1.32077e-07
 1.45641e-06
 1.15621e-06
 9.40086e-07
 7.79276e-07
 6.56380e-07
 5.60351e-07
 4.83897e-07
 4.22042e-07
 3.71298e-07
 3.29159e-07
 2.93787e-07
 2.63810e-07
 2.38185e-07
 2.16111e-07
 1.96963e-07
 1.80245e-07
 1.65564e-07
 1.52603e-07
 1.41103e-07
 1.30853e-07
 1.29924e-06
 1.05312e-06
 8.69634e-07
 7.29496e-07
 6.20211e-07
 5.33441e-07
 4.63461e-07
 4.06244e-07
 3.58893e-07
 3.19281e-07
 2.85823e-07
 2.57317e-07
 2.32838e-07
 2.11667e-07
 1.93237e-07
 1.77098e-07
 1.62887e-07
 1.50311e-07
 1.39129e-07
 1.29144e-07
 1.12895e-06
 9.37585e-07
 7.88681e-07
 6.71187e-07
 5.77203e-07
 5.01057e-07
 4.38632e-07
 3.86899e-07
 3.43604e-07
 3.07042e-07
 2.75912e-07
 2.49207e-07
 2.26138e-07
 2.06084e-07
 1.88548e-07
 1.73131e-07
 1.59508e-07
 1.47414e-07
 1.36632e-07
 1.26979e-07
 9.61992e-07
 8.19826e-07
 7.03679e-07
 6.08524e-07
 5.30121e-07
 4.65073e-07
 4.10702e-07
 3.64918e-07
 3.26084e-07
 2.92918e-07
 2.64406e-07
 2.39743e-07
 2.18287e-07
 1.99517e-07
 1.83014e-07
 1.68436e-07
 1.55499e-07
 1.43971e-07
 1.33657e-07
 1.24397e-07
 8.09030e-07
 7.07427e-07
 6.19893e-07
 5.45150e-07
 4.81506e-07
 4.27277e-07
 3.80949e-07
 3.41223e-07
 3.07010e-07
 2.77410e-07
 2.51681e-07
 2.29212e-07
 2.09501e-07
 1.92134e-07
 1.76768e-07
 1.63117e-07
 1.50943e-07
 1.40047e-07
 1.30260e-07
 1.21441e-07
 6.75202e-07
 6.05021e-07
 5.41012e-07
 4.83867e-07
 4.33445e-07
 3.89220e-07
 3.50525e-07
 3.16676e-07
 2.87029e-07
 2.61009e-07
 2.38111e-07
 2.17902e-07
 2.00008e-07
 1.84114e-07
 1.69949e-07
 1.57287e-07
 1.45930e-07
 1.35715e-07
 1.26499e-07
 1.18160e-07
 5.61632e-07
 5.14723e-07
 4.69199e-07
 4.26565e-07
 3.87485e-07
 3.52129e-07
 3.20391e-07
 2.92023e-07
 2.66722e-07
 2.44168e-07
 2.24053e-07
 2.06092e-07
 1.90027e-07
 1.75630e-07
 1.62699e-07
 1.51057e-07
 1.40552e-07
 1.31050e-07
 1.22434e-07
 1.14603e-07
 4.67096e-07
 4.36874e-07
 4.05390e-07
 3.74315e-07
 3.44639e-07
 3.16887e-07
 2.91284e-07
 2.67871e-07
 2.46580e-07
 2.27283e-07
 2.09824e-07
 1.94039e-07
 1.79766e-07
 1.66851e-07
 1.55151e-07
 1.44540e-07
 1.34899e-07
 1.26125e-07
 1.18127e-07
 1.10822e-07
