scalar
part
         1
quad4
 4.22639e-07
 3.98879e-07
 3.73150e-07
 3.47069e-07
 3.21651e-07
 2.97490e-07
 2.74895e-07
 2.53993e-07
 2.34795e-07
 2.17244e-07
 2.01242e-07
 1.86678e-07
 1.73429e-07
 1.61376e-07
 1.50407e-07
 1.40413e-07
 1.31299e-07
 1.22976e-07
 1.15364e-07
 1.08392e-07
 5.11847e-07
 4.73226e-07
 4.34800e-07
 3.98110e-07
 3.63941e-07
 3.32610e-07
 3.04159e-07
 2.78475e-07
 2.55366e-07
 2.34608e-07
 2.15970e-07
 1.99228e-07
 1.84174e-07
 1.70618e-07
 1.58390e-07
 1.47340e-07
 1.37335e-07
 1.28255e-07
 1.20000e-07
 1.12477e-07
 6.19854e-07
 5.60249e-07
 5.04895e-07
 4.54712e-07
 4.09840e-07
 3.70026e-07
 3.34838e-07
 3.03783e-07
 2.76374e-07
 2.52154e-07
 2.30713e-07
 2.11688e-07
 1.94764e-07
 1.79667e-07
 1.66164e-07
 1.54050e-07
 1.43154e-07
 1.33325e-07
 1.24435e-07
 1.16374e-07
 7.48414e-07
 6.60112e-07
 5.82904e-07
 5.16100e-07
 4.58546e-07
 4.08999e-07
 3.66290e-07
 3.29378e-07
 2.97371e-07
 2.69512e-07
 2.45168e-07
 2.23811e-07
 2.04997e-07
 1.88360e-07
 1.73591e-07
 1.60432e-07
 1.48666e-07
 1.38110e-07
 1.28608e-07
 1.20028e-07
 8.97424e-07
 7.71490e-07
 6.67217e-07
 5.80751e-07
 5.08746e-07
 4.48449e-07
 3.97644e-07
 3.54565e-07
 3.17806e-07
 2.86246e-07
 2.58991e-07
 2.35321e-07
 2.14655e-07
 1.96520e-07
 1.80531e-07
 1.66371e-07
 1.53777e-07
 1.42532e-07
 1.32453e-07
 1.23388e-07
 1.06346e-06
 8.90854e-07
 7.54815e-07
 6.46257e-07
 5.58577e-07
 4.86950e-07
 4.27816e-07
 3.78516e-07
 3.37045e-07
 3.01869e-07
 2.71803e-07
 2.45925e-07
 2.23504e-07
 2.03963e-07
 1.86837e-07
 1.71748e-07
 1.58391e-07
 1.46514e-07
 1.35909e-07
 1.26402e-07
 1.23828e-06
 1.01192e-06
 8.41105e-07
 7.09308e-07
 6.05656e-07
 5.22779e-07
 4.55549e-07
 4.00309e-07
 3.54404e-07
 3.15866e-07
 2.83215e-07
 2.55322e-07
 2.31315e-07
 2.10510e-07
 1.92367e-07
 1.76452e-07
 1.62420e-07
 1.49985e-07
 1.38916e-07
 1.29021e-07
 1.40806e-06
 1.12560e-06
 9.20079e-07
 7.65878e-07
 6.47243e-07
 5.54041e-07
 4.79509e-07
 4.18990e-07
 3.69189e-07
 3.27727e-07
 2.92845e-07
 2.63228e-07
 2.37868e-07
 2.15991e-07
 1.96989e-07
 1.80380e-07
 1.65780e-07
 1.52878e-07
 1.41422e-07
 1.31203e-07
 1.55421e-06
 1.22081e-06
 9.84915e-07
 8.11639e-07
 6.80514e-07
 5.78847e-07
 4.98406e-07
 4.33656e-07
 3.80760e-07
 3.36987e-07
 3.00354e-07
 2.69385e-07
 2.42971e-07
 2.20259e-07
 2.00589e-07
 1.83441e-07
 1.68401e-07
 1.55137e-07
 1.43380e-07
 1.32911e-07
 1.65634e-06
 1.28626e-06
 1.02903e-06
 8.42590e-07
 7.02947e-07
 5.95554e-07
 5.11138e-07
 4.43552e-07
 3.88585e-07
 3.43268e-07
 3.05462e-07
 2.73590e-07
 2.46468e-07
 2.23196e-07
 2.03077e-07
 1.85565e-07
 1.70227e-07
 1.56717e-07
 1.44756e-07
 1.34116e-07
 1.69732e-06
 1.31301e-06
 1.04744e-06
 8.55784e-07
 7.12725e-07
 6.02999e-07
 5.16936e-07
 4.48156e-07
 3.92300e-07
 3.46310e-07
 3.07984e-07
 2.75703e-07
 2.48257e-07
 2.24724e-07
 2.04391e-07
 1.86704e-07
 1.71221e-07
 1.57590e-07
 1.45526e-07
 1.34798e-07
 1.66921e-06
 1.29707e-06
 1.03796e-06
 8.49965e-07
 7.09079e-07
 6.00691e-07
 5.15476e-07
 4.47244e-07
 3.91750e-07
 3.46000e-07
 3.07836e-07
 2.75664e-07
 2.48290e-07
 2.24805e-07
 2.04504e-07
 1.86837e-07
 1.71365e-07
 1.57740e-07
 1.45678e-07
 1.34949e-07
 1.57709e-06
 1.24093e-06
 1.00192e-06
 8.25873e-07
 6.92444e-07
 5.88895e-07
 5.06923e-07
 4.40924e-07
 3.87003e-07
 3.42385e-07
 3.05049e-07
 2.73492e-07
 2.46582e-07
 2.23451e-07
 2.03423e-07
 1.85967e-07
 1.70663e-07
 1.57170e-07
 1.45213e-07
 1.34570e-07
 1.43760e-06
 1.15295e-06
 9.43843e-07
 7.86110e-07
 6.64385e-07
 5.68588e-07
 4.91908e-07
 4.29614e-07
 3.78345e-07
 3.35663e-07
 2.99763e-07
 2.69289e-07
 2.43207e-07
 2.20715e-07
 2.01187e-07
 1.84127e-07
 1.69138e-07
 1.55898e-07
 1.44147e-07
 1.33671e-07
 1.27265e-06
 1.04477e-06
 8.70297e-07
 7.34557e-07
 6.27294e-07
 5.41299e-07
 4.71435e-07
 4.13992e-07
 3.66244e-07
 3.26162e-07
 2.92215e-07
 2.63227e-07
 2.38291e-07
 2.16693e-07
 1.97870e-07
 1.81371e-07
 1.66832e-07
 1.53958e-07
 1.42505e-07
 1.32273e-07
 1.10234e-06
 9.28133e-07
 7.88334e-07
 6.75592e-07
 5.83972e-07
 5.08865e-07
 4.46743e-07
 3.94908e-07
 3.51296e-07
 3.14310e-07
 2.82713e-07
 2.55534e-07
 2.32005e-07
 2.11514e-07
 1.93570e-07
 1.77776e-07
 1.63807e-07
 1.51396e-07
 1.40323e-07
 1.30406e-07
 9.40922e-07
 8.12533e-07
 7.04205e-07
 6.13354e-07
 5.37195e-07
 4.73183e-07
 4.19147e-07
 3.73294e-07
 3.34167e-07
 3.00591e-07
 2.71617e-07
 2.46477e-07
 2.24551e-07
 2.05332e-07
 1.88406e-07
 1.73434e-07
 1.60133e-07
 1.48270e-07
 1.37650e-07
 1.28108e-07
 7.96252e-07
 7.04321e-07
 6.22632e-07
 5.51252e-07
 4.89404e-07
 4.36002e-07
 3.89909e-07
 3.50066e-07
 3.15534e-07
 2.85508e-07
 2.59302e-07
 2.36342e-07
 2.16147e-07
 1.98316e-07
 1.82510e-07
 1.68449e-07
 1.55894e-07
 1.44647e-07
 1.34537e-07
 1.25421e-07
 6.71199e-07
 6.06913e-07
 5.46674e-07
 4.91762e-07
 4.42521e-07
 3.98784e-07
 3.60136e-07
 3.26063e-07
 2.96033e-07
 2.69545e-07
 2.46141e-07
 2.25417e-07
 2.07019e-07
 1.90642e-07
 1.76021e-07
 1.62931e-07
 1.51178e-07
 1.40596e-07
 1.31042e-07
 1.22392e-07
 5.65527e-07
 5.21525e-07
 4.77948e-07
 4.36454e-07
 3.97907e-07
 3.62653e-07
 3.30730e-07
 3.01998e-07
 2.76225e-07
 2.53144e-07
 2.32483e-07
 2.13977e-07
 1.97385e-07
 1.82484e-07
 1.69078e-07
 1.56994e-07
 1.46077e-07
 1.36193e-07
 1.27226e-07
 1.19071e-07
