scalar
part
         1
quad4
 5.93230e-07
 5.45268e-07
 4.98229e-07
 4.53762e-07
 4.12689e-07
 3.75306e-07
 3.41591e-07
 3.11354e-07
 2.84317e-07
 2.60172e-07
 2.38611e-07
 2.19344e-07
 2.02104e-07
 1.86650e-07
 1.72771e-07
 1.60279e-07
 1.49010e-07
 1.38821e-07
 1.29588e-07
 1.21201e-07
 7.01747e-07
 6.32530e-07
 5.68126e-07
 5.09747e-07
 4.57643e-07
 4.11549e-07
 3.70962e-07
 3.35290e-07
 3.03940e-07
 2.76355e-07
 2.52038e-07
 2.30548e-07
 2.11506e-07
 1.94583e-07
 1.79499e-07
 1.66013e-07
 1.53921e-07
 1.43045e-07
 1.33237e-07
 1.24366e-07
 8.29638e-07
 7.31617e-07
 6.44985e-07
 5.69631e-07
 5.04599e-07
 4.48643e-07
 4.00496e-07
 3.58993e-07
 3.23112e-07
 2.91982e-07
 2.64868e-07
 2.41156e-07
 2.20334e-07
 2.01976e-07
 1.85726e-07
 1.71288e-07
 1.58412e-07
 1.46889e-07
 1.36541e-07
 1.27219e-07
 9.76841e-07
 8.41058e-07
 7.26991e-07
 6.31700e-07
 5.52097e-07
 4.85396e-07
 4.29247e-07
 3.81719e-07
 3.41254e-07
 3.06599e-07
 2.76746e-07
 2.50887e-07
 2.28367e-07
 2.08653e-07
 1.91313e-07
 1.75991e-07
 1.62394e-07
 1.50278e-07
 1.39440e-07
 1.29711e-07
 1.13999e-06
 9.57069e-07
 8.10837e-07
 6.93315e-07
 5.98109e-07
 5.20281e-07
 4.56067e-07
 4.02606e-07
 3.57714e-07
 3.19711e-07
 2.87296e-07
 2.59453e-07
 2.35380e-07
 2.14439e-07
 1.96122e-07
 1.80014e-07
 1.65779e-07
 1.53143e-07
 1.41878e-07
 1.31796e-07
 1.31047e-06
 1.07282e-06
 8.91511e-07
 7.50900e-07
 6.40102e-07
 5.51494e-07
 4.79666e-07
 4.20722e-07
 3.71811e-07
 3.30816e-07
 2.96141e-07
 2.66568e-07
 2.41156e-07
 2.19168e-07
 2.00022e-07
 1.83253e-07
 1.68487e-07
 1.55421e-07
 1.43804e-07
 1.33432e-07
 1.47304e-06
 1.17830e-06
 9.62498e-07
 8.00183e-07
 6.75235e-07
 5.77115e-07
 4.98721e-07
 4.35138e-07
 3.82884e-07
 3.39434e-07
 3.02930e-07
 2.71973e-07
 2.45500e-07
 2.22690e-07
 2.02900e-07
 1.85622e-07
 1.70449e-07
 1.57055e-07
 1.45173e-07
 1.34585e-07
 1.60663e-06
 1.26135e-06
 1.01659e-06
 8.36741e-07
 7.00709e-07
 5.95321e-07
 5.12014e-07
 4.45024e-07
 3.90353e-07
 3.45157e-07
 3.07367e-07
 2.75450e-07
 2.48251e-07
 2.24885e-07
 2.04664e-07
 1.87049e-07
 1.71610e-07
 1.58005e-07
 1.45953e-07
 1.35228e-07
 1.68886e-06
 1.31030e-06
 1.04728e-06
 8.56782e-07
 7.14212e-07
 6.04652e-07
 5.18596e-07
 4.49745e-07
 3.93785e-07
 3.47679e-07
 3.09236e-07
 2.76844e-07
 2.49295e-07
 2.25667e-07
 2.05249e-07
 1.87485e-07
 1.71932e-07
 1.58239e-07
 1.46120e-07
 1.35343e-07
 1.70377e-06
 1.31729e-06
 1.05043e-06
 8.57956e-07
 7.14353e-07
 6.04250e-07
 5.17919e-07
 4.48942e-07
 3.92939e-07
 3.46836e-07
 3.08422e-07
 2.76073e-07
 2.48571e-07
 2.24993e-07
 2.04624e-07
 1.86906e-07
 1.71398e-07
 1.57746e-07
 1.45664e-07
 1.34921e-07
 1.64831e-06
 1.28094e-06
 1.02533e-06
 8.39903e-07
 7.00937e-07
 5.94010e-07
 5.09927e-07
 4.42584e-07
 3.87799e-07
 3.42622e-07
 3.04924e-07
 2.73137e-07
 2.46084e-07
 2.22867e-07
 2.02793e-07
 1.85318e-07
 1.70011e-07
 1.56527e-07
 1.44588e-07
 1.33966e-07
 1.53306e-06
 1.20658e-06
 9.74891e-07
 8.04316e-07
 6.75004e-07
 5.74597e-07
 4.95060e-07
 4.30975e-07
 3.78579e-07
 3.35190e-07
 2.98854e-07
 2.68122e-07
 2.41896e-07
 2.19338e-07
 1.99793e-07
 1.82748e-07
 1.67795e-07
 1.54603e-07
 1.42908e-07
 1.32491e-07
 1.37715e-06
 1.10423e-06
 9.04744e-07
 7.54522e-07
 6.38610e-07
 5.47332e-07
 4.74196e-07
 4.14712e-07
 3.65696e-07
 3.24837e-07
 2.90429e-07
 2.61187e-07
 2.36129e-07
 2.14498e-07
 1.95697e-07
 1.79254e-07
 1.64794e-07
 1.52009e-07
 1.40652e-07
 1.30519e-07
 1.20161e-06
 9.85704e-07
 8.21826e-07
 6.94771e-07
 5.94453e-07
 5.13979e-07
 4.48520e-07
 3.94611e-07
 3.49725e-07
 3.11978e-07
 2.79951e-07
 2.52557e-07
 2.28953e-07
 2.08476e-07
 1.90603e-07
 1.74914e-07
 1.61070e-07
 1.48794e-07
 1.37860e-07
 1.28080e-07
 1.02456e-06
 8.62022e-07
 7.33024e-07
 6.29479e-07
 5.45434e-07
 4.76492e-07
 4.19376e-07
 3.71618e-07
 3.31340e-07
 2.97102e-07
 2.67782e-07
 2.42504e-07
 2.20571e-07
 2.01430e-07
 1.84635e-07
 1.69823e-07
 1.56698e-07
 1.45018e-07
 1.34580e-07
 1.25217e-07
 8.58838e-07
 7.41858e-07
 6.44189e-07
 5.62624e-07
 4.94294e-07
 4.36785e-07
 3.88120e-07
 3.46705e-07
 3.11254e-07
 2.80735e-07
 2.54316e-07
 2.31324e-07
 2.11213e-07
 1.93537e-07
 1.77930e-07
 1.64090e-07
 1.51767e-07
 1.40751e-07
 1.30869e-07
 1.21973e-07
 7.11690e-07
 6.30973e-07
 5.59644e-07
 4.97383e-07
 4.43352e-07
 3.96552e-07
 3.56000e-07
 3.20797e-07
 2.90155e-07
 2.63397e-07
 2.39948e-07
 2.19324e-07
 2.01116e-07
 1.84983e-07
 1.70636e-07
 1.57833e-07
 1.46368e-07
 1.36070e-07
 1.26789e-07
 1.18400e-07
 5.85783e-07
 5.32416e-07
 4.82119e-07
 4.35996e-07
 3.94375e-07
 3.57166e-07
 3.24072e-07
 2.94708e-07
 2.68673e-07
 2.45576e-07
 2.25059e-07
 2.06800e-07
 1.90513e-07
 1.75952e-07
 1.62900e-07
 1.51170e-07
 1.40600e-07
 1.31051e-07
 1.22403e-07
 1.14550e-07
 4.80719e-07
 4.47143e-07
 4.12972e-07
 3.79821e-07
 3.48572e-07
 3.19642e-07
 2.93165e-07
 2.69107e-07
 2.47342e-07
 2.27699e-07
 2.09990e-07
 1.94025e-07
 1.79625e-07
 1.66623e-07
 1.54866e-07
 1.44218e-07
 1.34557e-07
 1.25775e-07
 1.17777e-07
 1.10478e-07
 3.94446e-07
 3.74733e-07
 3.52538e-07
 3.29489e-07
 3.06643e-07
 2.84651e-07
 2.63878e-07
 2.44506e-07
 2.26592e-07
 2.10122e-07
 1.95033e-07
 1.81242e-07
 1.68650e-07
 1.57158e-07
 1.46668e-07
 1.37088e-07
 1.28331e-07
 1.20317e-07
 1.12974e-07
 1.06237e-07
