scalar
part
         1
quad4
 3.79499e-07
 3.61506e-07
 3.40855e-07
 3.19171e-07
 2.97519e-07
 2.76562e-07
 2.56686e-07
 2.38090e-07
 2.20849e-07
 2.04963e-07
 1.90382e-07
 1.77033e-07
 1.64829e-07
 1.53678e-07
 1.43488e-07
 1.34174e-07
 1.25652e-07
 1.17848e-07
 1.10692e-07
 1.04123e-07
 4.63546e-07
 4.32232e-07
 4.00020e-07
 3.68546e-07
 3.38724e-07
 3.11006e-07
 2.85557e-07
 2.62374e-07
 2.41356e-07
 2.22353e-07
 2.05194e-07
 1.89705e-07
 1.75719e-07
 1.63077e-07
 1.51635e-07
 1.41264e-07
 1.31848e-07
 1.23284e-07
 1.15479e-07
 1.08352e-07
 5.66090e-07
 5.15678e-07
 4.67842e-07
 4.23757e-07
 3.83823e-07
 3.48012e-07
 3.16081e-07
 2.87692e-07
 2.62476e-07
 2.40073e-07
 2.20146e-07
 2.02392e-07
 1.86542e-07
 1.72358e-07
 1.59634e-07
 1.48191e-07
 1.37874e-07
 1.28548e-07
 1.20097e-07
 1.12421e-07
 6.89229e-07
 6.12325e-07
 5.44043e-07
 4.84220e-07
 4.32149e-07
 3.86936e-07
 3.47681e-07
 3.13545e-07
 2.83790e-07
 2.57773e-07
 2.34950e-07
 2.14856e-07
 1.97103e-07
 1.81361e-07
 1.67352e-07
 1.54844e-07
 1.43638e-07
 1.33566e-07
 1.24486e-07
 1.16275e-07
 8.33483e-07
 7.21329e-07
 6.27351e-07
 5.48638e-07
 4.82539e-07
 4.26796e-07
 3.79549e-07
 3.39282e-07
 3.04774e-07
 2.75036e-07
 2.49269e-07
 2.26828e-07
 2.07185e-07
 1.89910e-07
 1.74648e-07
 1.61108e-07
 1.49046e-07
 1.38260e-07
 1.28580e-07
 1.19862e-07
 9.96418e-07
 8.39805e-07
 7.15146e-07
 6.14845e-07
 5.33273e-07
 4.66251e-07
 4.10649e-07
 3.64104e-07
 3.24811e-07
 2.91380e-07
 2.62731e-07
 2.38015e-07
 2.16558e-07
 1.97822e-07
 1.81375e-07
 1.66864e-07
 1.54002e-07
 1.42550e-07
 1.32314e-07
 1.23129e-07
 1.17113e-06
 9.62204e-07
 8.03235e-07
 6.79743e-07
 5.82082e-07
 5.03636e-07
 4.39755e-07
 3.87098e-07
 3.43217e-07
 3.06291e-07
 2.74942e-07
 2.48113e-07
 2.24985e-07
 2.04913e-07
 1.87387e-07
 1.71997e-07
 1.58412e-07
 1.46363e-07
 1.35629e-07
 1.26025e-07
 1.34522e-06
 1.08008e-06
 8.85890e-07
 7.39424e-07
 6.26265e-07
 5.37062e-07
 4.65525e-07
 4.07299e-07
 3.59288e-07
 3.19247e-07
 2.85510e-07
 2.56827e-07
 2.32239e-07
 2.11005e-07
 1.92545e-07
 1.76396e-07
 1.62190e-07
 1.49628e-07
 1.38466e-07
 1.28505e-07
 1.50097e-06
 1.18259e-06
 9.56311e-07
 7.89514e-07
 6.62941e-07
 5.64585e-07
 4.86619e-07
 4.23765e-07
 3.72351e-07
 3.29757e-07
 2.94074e-07
 2.63884e-07
 2.38114e-07
 2.15942e-07
 1.96727e-07
 1.79967e-07
 1.65260e-07
 1.52284e-07
 1.40778e-07
 1.30528e-07
 1.61752e-06
 1.25800e-06
 1.00758e-06
 8.25768e-07
 6.89414e-07
 5.84438e-07
 5.01849e-07
 4.35677e-07
 3.81825e-07
 3.37405e-07
 3.00328e-07
 2.69058e-07
 2.42439e-07
 2.19591e-07
 1.99832e-07
 1.82629e-07
 1.67558e-07
 1.54281e-07
 1.42524e-07
 1.32062e-07
 1.67563e-06
 1.29619e-06
 1.03402e-06
 8.44822e-07
 7.03598e-07
 5.95281e-07
 5.10324e-07
 4.42426e-07
 3.87287e-07
 3.41887e-07
 3.04052e-07
 2.72186e-07
 2.45091e-07
 2.21859e-07
 2.01787e-07
 1.84326e-07
 1.69041e-07
 1.55584e-07
 1.43674e-07
 1.33084e-07
 1.66434e-06
 1.29164e-06
 1.03260e-06
 8.44908e-07
 7.04408e-07
 5.96417e-07
 5.11580e-07
 4.43694e-07
 3.88512e-07
 3.43043e-07
 3.05127e-07
 2.73177e-07
 2.46002e-07
 2.22694e-07
 2.02551e-07
 1.85025e-07
 1.69681e-07
 1.56171e-07
 1.44213e-07
 1.33579e-07
 1.58622e-06
 1.24547e-06
 1.00385e-06
 8.26292e-07
 6.91977e-07
 5.87912e-07
 5.05647e-07
 4.39493e-07
 3.85502e-07
 3.40867e-07
 3.03547e-07
 2.72026e-07
 2.45165e-07
 2.22088e-07
 2.02118e-07
 1.84721e-07
 1.69474e-07
 1.56037e-07
 1.44135e-07
 1.33543e-07
 1.45677e-06
 1.16524e-06
 9.51782e-07
 7.91224e-07
 6.67631e-07
 5.70579e-07
 4.93043e-07
 4.30159e-07
 3.78481e-07
 3.35515e-07
 2.99418e-07
 2.68808e-07
 2.42634e-07
 2.20082e-07
 2.00516e-07
 1.83435e-07
 1.68436e-07
 1.55196e-07
 1.43451e-07
 1.32985e-07
 1.29800e-06
 1.06245e-06
 8.82752e-07
 7.43408e-07
 6.33624e-07
 5.45839e-07
 4.74688e-07
 4.16307e-07
 3.67870e-07
 3.27278e-07
 2.92947e-07
 2.63672e-07
 2.38518e-07
 2.16755e-07
 1.97807e-07
 1.81213e-07
 1.66602e-07
 1.53674e-07
 1.42181e-07
 1.31920e-07
 1.13078e-06
 9.49084e-07
 8.03871e-07
 6.87199e-07
 5.92705e-07
 5.15477e-07
 4.51774e-07
 3.98750e-07
 3.54234e-07
 3.16556e-07
 2.84424e-07
 2.56829e-07
 2.32974e-07
 2.12226e-07
 1.94080e-07
 1.78124e-07
 1.64026e-07
 1.51512e-07
 1.40357e-07
 1.30374e-07
 9.70286e-07
 8.35102e-07
 7.21600e-07
 6.26823e-07
 5.47681e-07
 4.81391e-07
 4.25605e-07
 3.78400e-07
 3.38220e-07
 3.03818e-07
 2.74192e-07
 2.48534e-07
 2.26193e-07
 2.06640e-07
 1.89445e-07
 1.74253e-07
 1.60774e-07
 1.48764e-07
 1.38023e-07
 1.28382e-07
 8.25156e-07
 7.27319e-07
 6.40928e-07
 5.65834e-07
 5.01065e-07
 4.45363e-07
 3.97457e-07
 3.56177e-07
 3.20502e-07
 2.89561e-07
 2.62620e-07
 2.39065e-07
 2.18387e-07
 2.00160e-07
 1.84030e-07
 1.69701e-07
 1.56924e-07
 1.45492e-07
 1.35228e-07
 1.25983e-07
 6.98839e-07
 6.29550e-07
 5.65168e-07
 5.06868e-07
 4.54877e-07
 4.08916e-07
 3.68468e-07
 3.32937e-07
 3.01724e-07
 2.74272e-07
 2.50081e-07
 2.28709e-07
 2.09778e-07
 1.92958e-07
 1.77970e-07
 1.64574e-07
 1.52564e-07
 1.41765e-07
 1.32028e-07
 1.23223e-07
 5.91492e-07
 5.43312e-07
 4.96157e-07
 4.51646e-07
 4.10579e-07
 3.73235e-07
 3.39581e-07
 3.09418e-07
 2.82462e-07
 2.58401e-07
 2.36926e-07
 2.17743e-07
 2.00584e-07
 1.85209e-07
 1.71404e-07
 1.58983e-07
 1.47781e-07
 1.37655e-07
 1.28480e-07
 1.20149e-07
