scalar
part
         1
quad4
 3.61126e-07
 3.45881e-07
 3.27556e-07
 3.07822e-07
 2.87797e-07
 2.68197e-07
 2.49454e-07
 2.31805e-07
 2.15360e-07
 2.00144e-07
 1.86132e-07
 1.73267e-07
 1.61477e-07
 1.50682e-07
 1.40801e-07
 1.31753e-07
 1.23464e-07
 1.15863e-07
 1.08886e-07
 1.02474e-07
 4.43441e-07
 4.15482e-07
 3.86016e-07
 3.56776e-07
 3.28772e-07
 3.02536e-07
 2.78302e-07
 2.56120e-07
 2.35930e-07
 2.17618e-07
 2.01038e-07
 1.86039e-07
 1.72467e-07
 1.60180e-07
 1.49043e-07
 1.38935e-07
 1.29747e-07
 1.21381e-07
 1.13750e-07
 1.06776e-07
 5.44329e-07
 4.97958e-07
 4.53306e-07
 4.11733e-07
 3.73788e-07
 3.39564e-07
 3.08910e-07
 2.81555e-07
 2.57186e-07
 2.35480e-07
 2.16134e-07
 1.98866e-07
 1.83425e-07
 1.69588e-07
 1.57161e-07
 1.45973e-07
 1.35877e-07
 1.26742e-07
 1.18459e-07
 1.10928e-07
 6.66081e-07
 5.93934e-07
 5.29251e-07
 4.72175e-07
 4.22223e-07
 3.78666e-07
 3.40718e-07
 3.07628e-07
 2.78716e-07
 2.53389e-07
 2.31134e-07
 2.11513e-07
 1.94155e-07
 1.78747e-07
 1.65023e-07
 1.52758e-07
 1.41762e-07
 1.31871e-07
 1.22949e-07
 1.14877e-07
 8.09492e-07
 7.02742e-07
 6.12687e-07
 5.36873e-07
 4.72955e-07
 4.18882e-07
 3.72932e-07
 3.33691e-07
 3.00002e-07
 2.70927e-07
 2.45703e-07
 2.23711e-07
 2.04442e-07
 1.87481e-07
 1.72486e-07
 1.59173e-07
 1.47307e-07
 1.36690e-07
 1.27156e-07
 1.18567e-07
 9.72470e-07
 8.21690e-07
 7.01099e-07
 6.03715e-07
 5.24291e-07
 4.58885e-07
 4.04525e-07
 3.58948e-07
 3.20424e-07
 2.87612e-07
 2.59467e-07
 2.35165e-07
 2.14052e-07
 1.95605e-07
 1.79402e-07
 1.65099e-07
 1.52415e-07
 1.41118e-07
 1.31015e-07
 1.21947e-07
 1.14846e-06
 9.45381e-07
 7.90357e-07
 6.69630e-07
 5.73970e-07
 4.97012e-07
 4.34263e-07
 3.82484e-07
 3.39297e-07
 3.02926e-07
 2.72027e-07
 2.45568e-07
 2.22747e-07
 2.02932e-07
 1.85623e-07
 1.70417e-07
 1.56991e-07
 1.45079e-07
 1.34463e-07
 1.24963e-07
 1.32523e-06
 1.06541e-06
 8.74726e-07
 7.30686e-07
 6.19268e-07
 5.31352e-07
 4.60790e-07
 4.03319e-07
 3.55903e-07
 3.16337e-07
 2.82986e-07
 2.54619e-07
 2.30294e-07
 2.09281e-07
 1.91007e-07
 1.75017e-07
 1.60947e-07
 1.48502e-07
 1.37442e-07
 1.27570e-07
 1.48491e-06
 1.17079e-06
 9.47304e-07
 7.82439e-07
 6.57255e-07
 5.59925e-07
 4.82740e-07
 4.20492e-07
 3.69555e-07
 3.27344e-07
 2.91973e-07
 2.62040e-07
 2.36483e-07
 2.14490e-07
 1.95428e-07
 1.78798e-07
 1.64202e-07
 1.51324e-07
 1.39902e-07
 1.29726e-07
 1.60609e-06
 1.24947e-06
 1.00099e-06
 8.20527e-07
 6.85156e-07
 5.80914e-07
 4.98888e-07
 4.33156e-07
 3.79655e-07
 3.35517e-07
 2.98673e-07
 2.67594e-07
 2.41136e-07
 2.18424e-07
 1.98781e-07
 1.81678e-07
 1.66694e-07
 1.53492e-07
 1.41800e-07
 1.31397e-07
 1.66878e-06
 1.29096e-06
 1.02987e-06
 8.41454e-07
 7.00803e-07
 5.92922e-07
 5.08304e-07
 4.40677e-07
 3.85757e-07
 3.40537e-07
 3.02852e-07
 2.71111e-07
 2.44123e-07
 2.20982e-07
 2.00989e-07
 1.83597e-07
 1.68372e-07
 1.54968e-07
 1.43106e-07
 1.32557e-07
 1.66148e-06
 1.28941e-06
 1.03075e-06
 8.43332e-07
 7.03030e-07
 5.95196e-07
 5.10486e-07
 4.42708e-07
 3.87617e-07
 3.42226e-07
 3.04380e-07
 2.72490e-07
 2.45368e-07
 2.22107e-07
 2.02007e-07
 1.84519e-07
 1.69209e-07
 1.55729e-07
 1.43800e-07
 1.33191e-07
 1.58662e-06
 1.24581e-06
 1.00404e-06
 8.26340e-07
 6.91907e-07
 5.87755e-07
 5.05430e-07
 4.39234e-07
 3.85218e-07
 3.40568e-07
 3.03240e-07
 2.71718e-07
 2.44859e-07
 2.21787e-07
 2.01823e-07
 1.84435e-07
 1.69196e-07
 1.55769e-07
 1.43876e-07
 1.33293e-07
 1.45981e-06
 1.16771e-06
 9.53700e-07
 7.92680e-07
 6.68720e-07
 5.71382e-07
 4.93626e-07
 4.30574e-07
 3.78768e-07
 3.35703e-07
 2.99529e-07
 2.68861e-07
 2.42642e-07
 2.20055e-07
 2.00464e-07
 1.83362e-07
 1.68348e-07
 1.55096e-07
 1.43343e-07
 1.32870e-07
 1.30312e-06
 1.06661e-06
 8.86072e-07
 7.46037e-07
 6.35700e-07
 5.47477e-07
 4.75981e-07
 4.17328e-07
 3.68677e-07
 3.27914e-07
 2.93448e-07
 2.64064e-07
 2.38823e-07
 2.16990e-07
 1.97985e-07
 1.81345e-07
 1.66696e-07
 1.53737e-07
 1.42218e-07
 1.31937e-07
 1.13746e-06
 9.54527e-07
 8.08282e-07
 6.90766e-07
 5.95591e-07
 5.17816e-07
 4.53675e-07
 4.00299e-07
 3.55500e-07
 3.17594e-07
 2.85278e-07
 2.57531e-07
 2.33553e-07
 2.12704e-07
 1.94473e-07
 1.78448e-07
 1.64292e-07
 1.51730e-07
 1.40535e-07
 1.30518e-07
 9.78011e-07
 8.41447e-07
 7.26810e-07
 6.31104e-07
 5.51204e-07
 4.84298e-07
 4.28010e-07
 3.80397e-07
 3.39884e-07
 3.05209e-07
 2.75358e-07
 2.49515e-07
 2.27020e-07
 2.07340e-07
 1.90038e-07
 1.74757e-07
 1.61201e-07
 1.49128e-07
 1.38333e-07
 1.28645e-07
 8.33474e-07
 7.34232e-07
 6.46679e-07
 5.70626e-07
 5.05065e-07
 4.48711e-07
 4.00266e-07
 3.58542e-07
 3.22500e-07
 2.91254e-07
 2.64059e-07
 2.40293e-07
 2.19437e-07
 2.01061e-07
 1.84804e-07
 1.70369e-07
 1.57501e-07
 1.45992e-07
 1.35661e-07
 1.26359e-07
 7.07387e-07
 6.36750e-07
 5.71238e-07
 5.11993e-07
 4.59211e-07
 4.12588e-07
 3.71587e-07
 3.35593e-07
 3.03993e-07
 2.76216e-07
 2.51751e-07
 2.30149e-07
 2.11022e-07
 1.94037e-07
 1.78907e-07
 1.65390e-07
 1.53277e-07
 1.42389e-07
 1.32575e-07
 1.23703e-07
 6.00003e-07
 5.50581e-07
 5.02368e-07
 4.56956e-07
 4.15123e-07
 3.77129e-07
 3.42925e-07
 3.12296e-07
 2.84945e-07
 2.60549e-07
 2.38788e-07
 2.19362e-07
 2.01995e-07
 1.86442e-07
 1.72484e-07
 1.59931e-07
 1.48616e-07
 1.38391e-07
 1.29132e-07
 1.20726e-07
