scalar
part
         1
quad4
 5.55629e-07
 5.12666e-07
 4.70056e-07
 4.29438e-07
 3.91668e-07
 3.57098e-07
 3.25773e-07
 2.97560e-07
 2.72241e-07
 2.49555e-07
 2.29239e-07
 2.11035e-07
 1.94707e-07
 1.80040e-07
 1.66840e-07
 1.54938e-07
 1.44183e-07
 1.34445e-07
 1.25606e-07
 1.17568e-07
 6.59567e-07
 5.96719e-07
 5.37760e-07
 4.83963e-07
 4.35682e-07
 3.92768e-07
 3.54822e-07
 3.21348e-07
 2.91832e-07
 2.65784e-07
 2.42761e-07
 2.22366e-07
 2.04255e-07
 1.88127e-07
 1.73726e-07
 1.60829e-07
 1.49247e-07
 1.38816e-07
 1.29397e-07
 1.20868e-07
 7.82593e-07
 6.92635e-07
 6.12620e-07
 5.42642e-07
 4.81964e-07
 4.29534e-07
 3.84253e-07
 3.45091e-07
 3.11134e-07
 2.81593e-07
 2.55802e-07
 2.33197e-07
 2.13308e-07
 1.95742e-07
 1.80168e-07
 1.66309e-07
 1.53932e-07
 1.42842e-07
 1.32872e-07
 1.23880e-07
 9.24964e-07
 7.99240e-07
 6.93062e-07
 6.03942e-07
 5.29179e-07
 4.66297e-07
 4.13184e-07
 3.68091e-07
 3.29596e-07
 2.96548e-07
 2.68018e-07
 2.43256e-07
 2.21653e-07
 2.02713e-07
 1.86029e-07
 1.71266e-07
 1.58150e-07
 1.46449e-07
 1.35972e-07
 1.26558e-07
 1.08390e-06
 9.13206e-07
 7.76100e-07
 6.65438e-07
 5.75443e-07
 5.01620e-07
 4.40525e-07
 3.89522e-07
 3.46590e-07
 3.10169e-07
 2.79042e-07
 2.52260e-07
 2.29068e-07
 2.08866e-07
 1.91171e-07
 1.75592e-07
 1.61812e-07
 1.49566e-07
 1.38640e-07
 1.28852e-07
 1.25175e-06
 1.02833e-06
 8.57111e-07
 7.23789e-07
 6.18361e-07
 5.33783e-07
 4.65034e-07
 4.08479e-07
 3.61451e-07
 3.21960e-07
 2.88502e-07
 2.59924e-07
 2.35335e-07
 2.14032e-07
 1.95463e-07
 1.79184e-07
 1.64836e-07
 1.52128e-07
 1.40823e-07
 1.30721e-07
 1.41460e-06
 1.13532e-06
 9.29966e-07
 7.74929e-07
 6.55200e-07
 5.60918e-07
 4.85411e-07
 4.24044e-07
 3.73520e-07
 3.31443e-07
 2.96043e-07
 2.65986e-07
 2.40254e-07
 2.18060e-07
 1.98788e-07
 1.81948e-07
 1.67150e-07
 1.54078e-07
 1.42474e-07
 1.32128e-07
 1.55278e-06
 1.22267e-06
 9.87731e-07
 8.14546e-07
 6.83198e-07
 5.81208e-07
 5.00434e-07
 4.35374e-07
 3.82204e-07
 3.38194e-07
 3.01357e-07
 2.70216e-07
 2.43656e-07
 2.20821e-07
 2.01047e-07
 1.83810e-07
 1.68696e-07
 1.55368e-07
 1.43558e-07
 1.33043e-07
 1.64480e-06
 1.27891e-06
 1.02393e-06
 8.38798e-07
 6.99982e-07
 5.93137e-07
 5.09103e-07
 4.41795e-07
 3.87037e-07
 3.41885e-07
 3.04210e-07
 2.72445e-07
 2.45414e-07
 2.22220e-07
 2.02168e-07
 1.84714e-07
 1.69429e-07
 1.55966e-07
 1.44048e-07
 1.33446e-07
 1.67416e-06
 1.29572e-06
 1.03404e-06
 8.45087e-07
 7.03985e-07
 5.95722e-07
 5.10783e-07
 4.42884e-07
 3.87733e-07
 3.42315e-07
 3.04459e-07
 2.72570e-07
 2.45454e-07
 2.22201e-07
 2.02109e-07
 1.84629e-07
 1.69326e-07
 1.55853e-07
 1.43928e-07
 1.33323e-07
 1.63557e-06
 1.27051e-06
 1.01667e-06
 8.32627e-07
 6.94745e-07
 5.88683e-07
 5.05298e-07
 4.38528e-07
 3.84216e-07
 3.39434e-07
 3.02071e-07
 2.70568e-07
 2.43759e-07
 2.20753e-07
 2.00863e-07
 1.83549e-07
 1.68383e-07
 1.55025e-07
 1.43198e-07
 1.32676e-07
 1.53646e-06
 1.20700e-06
 9.73865e-07
 8.02601e-07
 6.72987e-07
 5.72482e-07
 4.92955e-07
 4.28936e-07
 3.76633e-07
 3.33349e-07
 2.97122e-07
 2.66496e-07
 2.40373e-07
 2.17911e-07
 1.98456e-07
 1.81494e-07
 1.66617e-07
 1.53497e-07
 1.41868e-07
 1.31511e-07
 1.39345e-06
 1.11386e-06
 9.10467e-07
 7.57869e-07
 6.40472e-07
 5.48247e-07
 4.74498e-07
 4.14615e-07
 3.65338e-07
 3.24311e-07
 2.89797e-07
 2.60490e-07
 2.35397e-07
 2.13750e-07
 1.94947e-07
 1.78512e-07
 1.64064e-07
 1.51297e-07
 1.39961e-07
 1.29849e-07
 1.22656e-06
 1.00219e-06
 8.32926e-07
 7.02348e-07
 5.99672e-07
 5.17587e-07
 4.51006e-07
 3.96305e-07
 3.50850e-07
 3.12692e-07
 2.80365e-07
 2.52750e-07
 2.28983e-07
 2.08386e-07
 1.90424e-07
 1.74670e-07
 1.60778e-07
 1.48469e-07
 1.37511e-07
 1.27716e-07
 1.05422e-06
 8.82937e-07
 7.47974e-07
 6.40306e-07
 5.53366e-07
 4.82359e-07
 4.23748e-07
 3.74892e-07
 3.33799e-07
 2.98947e-07
 2.69162e-07
 2.43526e-07
 2.21318e-07
 2.01963e-07
 1.85000e-07
 1.70057e-07
 1.56829e-07
 1.45067e-07
 1.34564e-07
 1.25150e-07
 8.90240e-07
 7.65128e-07
 6.61571e-07
 5.75728e-07
 5.04265e-07
 4.44437e-07
 3.94041e-07
 3.51317e-07
 3.14867e-07
 2.83579e-07
 2.56561e-07
 2.33101e-07
 2.12619e-07
 1.94648e-07
 1.78805e-07
 1.64774e-07
 1.52297e-07
 1.41156e-07
 1.31172e-07
 1.22192e-07
 7.42873e-07
 6.55049e-07
 5.78292e-07
 5.11903e-07
 4.54730e-07
 4.05527e-07
 3.63127e-07
 3.26492e-07
 2.94733e-07
 2.67096e-07
 2.42950e-07
 2.21769e-07
 2.03114e-07
 1.86619e-07
 1.71978e-07
 1.58934e-07
 1.47271e-07
 1.36809e-07
 1.27392e-07
 1.18890e-07
 6.15607e-07
 5.56249e-07
 5.01156e-07
 4.51234e-07
 4.06617e-07
 3.67045e-07
 3.32084e-07
 3.01239e-07
 2.74023e-07
 2.49980e-07
 2.28700e-07
 2.09821e-07
 1.93031e-07
 1.78056e-07
 1.64662e-07
 1.52650e-07
 1.41845e-07
 1.32100e-07
 1.23286e-07
 1.15294e-07
 5.08610e-07
 4.70085e-07
 4.31788e-07
 3.95247e-07
 3.61237e-07
 3.30068e-07
 3.01776e-07
 2.76246e-07
 2.53284e-07
 2.32664e-07
 2.14154e-07
 1.97531e-07
 1.82588e-07
 1.69134e-07
 1.57000e-07
 1.46037e-07
 1.36111e-07
 1.27105e-07
 1.18917e-07
 1.11457e-07
 4.20185e-07
 3.96425e-07
 3.70736e-07
 3.44724e-07
 3.19395e-07
 2.95334e-07
 2.72846e-07
 2.52052e-07
 2.32961e-07
 2.15513e-07
 1.99612e-07
 1.85143e-07
 1.71984e-07
 1.60016e-07
 1.49125e-07
 1.39206e-07
 1.30160e-07
 1.21901e-07
 1.14348e-07
 1.07431e-07
