scalar
part
         1
quad4
 6.29495e-07
 5.77235e-07
 5.26353e-07
 4.78495e-07
 4.34457e-07
 3.94495e-07
 3.58547e-07
 3.26378e-07
 2.97669e-07
 2.72076e-07
 2.49261e-07
 2.28902e-07
 2.10711e-07
 1.94427e-07
 1.79819e-07
 1.66686e-07
 1.54853e-07
 1.44164e-07
 1.34487e-07
 1.25705e-07
 7.41761e-07
 6.67256e-07
 5.98248e-07
 5.35902e-07
 4.80402e-07
 4.31413e-07
 3.88360e-07
 3.50587e-07
 3.17442e-07
 2.88323e-07
 2.62689e-07
 2.40065e-07
 2.20043e-07
 2.02270e-07
 1.86445e-07
 1.72311e-07
 1.59650e-07
 1.48274e-07
 1.38023e-07
 1.28759e-07
 8.73575e-07
 7.69090e-07
 6.76990e-07
 5.97043e-07
 5.28169e-07
 4.69002e-07
 4.18169e-07
 3.74412e-07
 3.36634e-07
 3.03899e-07
 2.75422e-07
 2.50546e-07
 2.28727e-07
 2.09509e-07
 1.92515e-07
 1.77430e-07
 1.63988e-07
 1.51969e-07
 1.41184e-07
 1.31476e-07
 1.02470e-06
 8.81101e-07
 7.60621e-07
 6.60091e-07
 5.76208e-07
 5.06007e-07
 4.46980e-07
 3.97075e-07
 3.54635e-07
 3.18329e-07
 2.87089e-07
 2.60055e-07
 2.36535e-07
 2.15965e-07
 1.97888e-07
 1.81928e-07
 1.67775e-07
 1.55174e-07
 1.43910e-07
 1.33805e-07
 1.19151e-06
 9.99267e-07
 8.45645e-07
 7.22262e-07
 6.22390e-07
 5.40823e-07
 4.73593e-07
 4.17678e-07
 3.70773e-07
 3.31106e-07
 2.97304e-07
 2.68296e-07
 2.43237e-07
 2.21459e-07
 2.02422e-07
 1.85695e-07
 1.70923e-07
 1.57819e-07
 1.46144e-07
 1.35701e-07
 1.36496e-06
 1.11643e-06
 9.26814e-07
 7.79819e-07
 6.64070e-07
 5.71579e-07
 4.96672e-07
 4.35258e-07
 3.84345e-07
 3.41711e-07
 3.05681e-07
 2.74978e-07
 2.48615e-07
 2.25822e-07
 2.05988e-07
 1.88628e-07
 1.73352e-07
 1.59841e-07
 1.47836e-07
 1.37123e-07
 1.52922e-06
 1.22216e-06
 9.97338e-07
 8.28317e-07
 6.98301e-07
 5.96287e-07
 5.14853e-07
 4.48864e-07
 3.94678e-07
 3.49660e-07
 3.11867e-07
 2.79841e-07
 2.52473e-07
 2.28907e-07
 2.08473e-07
 1.90642e-07
 1.74993e-07
 1.61185e-07
 1.48942e-07
 1.38036e-07
 1.66236e-06
 1.30380e-06
 1.04972e-06
 8.63180e-07
 7.22204e-07
 6.13083e-07
 5.26902e-07
 4.57658e-07
 4.01192e-07
 3.54545e-07
 3.15569e-07
 2.82672e-07
 2.54654e-07
 2.30596e-07
 2.09787e-07
 1.91668e-07
 1.75796e-07
 1.61813e-07
 1.49432e-07
 1.38417e-07
 1.74097e-06
 1.34917e-06
 1.07726e-06
 8.80522e-07
 7.33433e-07
 6.20502e-07
 5.31872e-07
 4.61014e-07
 4.03462e-07
 3.56072e-07
 3.16581e-07
 2.83323e-07
 2.55049e-07
 2.30810e-07
 2.09873e-07
 1.91663e-07
 1.75725e-07
 1.61697e-07
 1.49285e-07
 1.38250e-07
 1.74824e-06
 1.35019e-06
 1.07574e-06
 8.78016e-07
 7.30636e-07
 6.17727e-07
 5.29254e-07
 4.58605e-07
 4.01274e-07
 3.54098e-07
 3.14805e-07
 2.81726e-07
 2.53613e-07
 2.29517e-07
 2.08706e-07
 1.90608e-07
 1.74769e-07
 1.60829e-07
 1.48495e-07
 1.37530e-07
 1.68126e-06
 1.30572e-06
 1.04469e-06
 8.55473e-07
 7.13747e-07
 6.04745e-07
 5.19059e-07
 4.50452e-07
 3.94651e-07
 3.48645e-07
 3.10261e-07
 2.77900e-07
 2.50361e-07
 2.26729e-07
 2.06299e-07
 1.88514e-07
 1.72938e-07
 1.59217e-07
 1.47069e-07
 1.36262e-07
 1.55213e-06
 1.22193e-06
 9.87519e-07
 8.14899e-07
 6.84010e-07
 5.82361e-07
 5.01826e-07
 4.36927e-07
 3.83857e-07
 3.39903e-07
 3.03090e-07
 2.71950e-07
 2.45374e-07
 2.22511e-07
 2.02700e-07
 1.85421e-07
 1.70261e-07
 1.56886e-07
 1.45028e-07
 1.34464e-07
 1.38234e-06
 1.11004e-06
 9.10524e-07
 7.60018e-07
 6.43731e-07
 5.52059e-07
 4.78542e-07
 4.18704e-07
 3.69365e-07
 3.28213e-07
 2.93541e-07
 2.64062e-07
 2.38791e-07
 2.16967e-07
 1.97992e-07
 1.81393e-07
 1.66791e-07
 1.53877e-07
 1.42403e-07
 1.32163e-07
 1.19493e-06
 9.82958e-07
 8.21278e-07
 6.95468e-07
 5.95854e-07
 5.15768e-07
 4.50507e-07
 3.96682e-07
 3.51807e-07
 3.14030e-07
 2.81947e-07
 2.54483e-07
 2.30800e-07
 2.10242e-07
 1.92287e-07
 1.76518e-07
 1.62596e-07
 1.50246e-07
 1.39241e-07
 1.29395e-07
 1.00901e-06
 8.52397e-07
 7.27121e-07
 6.25967e-07
 5.43486e-07
 4.75583e-07
 4.19163e-07
 3.71874e-07
 3.31911e-07
 2.97883e-07
 2.68700e-07
 2.43507e-07
 2.21624e-07
 2.02507e-07
 1.85718e-07
 1.70899e-07
 1.57759e-07
 1.46058e-07
 1.35594e-07
 1.26203e-07
 8.37489e-07
 7.27238e-07
 6.34115e-07
 5.55665e-07
 4.89500e-07
 4.33517e-07
 3.85942e-07
 3.45311e-07
 3.10431e-07
 2.80329e-07
 2.54217e-07
 2.31451e-07
 2.11506e-07
 1.93952e-07
 1.78432e-07
 1.64655e-07
 1.52375e-07
 1.41388e-07
 1.31524e-07
 1.22637e-07
 6.87114e-07
 6.13107e-07
 5.46583e-07
 4.87785e-07
 4.36271e-07
 3.91318e-07
 3.52135e-07
 3.17956e-07
 2.88087e-07
 2.61917e-07
 2.38917e-07
 2.18639e-07
 2.00699e-07
 1.84773e-07
 1.70587e-07
 1.57909e-07
 1.46542e-07
 1.36319e-07
 1.27096e-07
 1.18751e-07
 5.59887e-07
 5.12738e-07
 4.67122e-07
 4.24522e-07
 3.85561e-07
 3.50371e-07
 3.18818e-07
 2.90642e-07
 2.65526e-07
 2.43147e-07
 2.23192e-07
 2.05377e-07
 1.89444e-07
 1.75164e-07
 1.62337e-07
 1.50787e-07
 1.40363e-07
 1.30932e-07
 1.22378e-07
 1.14602e-07
 4.54794e-07
 4.26729e-07
 3.96893e-07
 3.67131e-07
 3.38528e-07
 3.11669e-07
 2.86818e-07
 2.64040e-07
 2.43290e-07
 2.24455e-07
 2.07392e-07
 1.91948e-07
 1.77969e-07
 1.65309e-07
 1.53830e-07
 1.43410e-07
 1.33937e-07
 1.25309e-07
 1.17439e-07
 1.10246e-07
 3.69296e-07
 3.54338e-07
 3.36026e-07
 3.16120e-07
 2.95804e-07
 2.75845e-07
 2.56708e-07
 2.38653e-07
 2.21805e-07
 2.06198e-07
 1.91813e-07
 1.78596e-07
 1.66476e-07
 1.55374e-07
 1.45206e-07
 1.35893e-07
 1.27359e-07
 1.19531e-07
 1.12344e-07
 1.05738e-07
