scalar
part
         1
quad4
 5.60336e-07
 5.15701e-07
 4.71787e-07
 4.30168e-07
 3.91641e-07
 3.56507e-07
 3.24766e-07
 2.96255e-07
 2.70726e-07
 2.47899e-07
 2.27493e-07
 2.09238e-07
 1.92889e-07
 1.78222e-07
 1.65039e-07
 1.53165e-07
 1.42447e-07
 1.32750e-07
 1.23958e-07
 1.15968e-07
 6.62601e-07
 5.98099e-07
 5.37919e-07
 4.83238e-07
 4.34331e-07
 3.90983e-07
 3.52749e-07
 3.19093e-07
 2.89474e-07
 2.63380e-07
 2.40352e-07
 2.19980e-07
 2.01912e-07
 1.85842e-07
 1.71507e-07
 1.58682e-07
 1.47175e-07
 1.36821e-07
 1.27477e-07
 1.19022e-07
 7.83062e-07
 6.91650e-07
 6.10650e-07
 5.40029e-07
 4.78953e-07
 4.26299e-07
 3.80916e-07
 3.41734e-07
 3.07815e-07
 2.78349e-07
 2.52656e-07
 2.30165e-07
 2.10397e-07
 1.92955e-07
 1.77504e-07
 1.63767e-07
 1.51508e-07
 1.40531e-07
 1.30669e-07
 1.21781e-07
 9.21661e-07
 7.94988e-07
 6.88294e-07
 5.98944e-07
 5.24140e-07
 4.61337e-07
 4.08376e-07
 3.63478e-07
 3.25198e-07
 2.92375e-07
 2.64070e-07
 2.39527e-07
 2.18134e-07
 1.99392e-07
 1.82896e-07
 1.68310e-07
 1.55358e-07
 1.43811e-07
 1.33478e-07
 1.24197e-07
 1.07527e-06
 9.04600e-07
 7.67767e-07
 6.57514e-07
 5.67990e-07
 4.94659e-07
 4.34047e-07
 3.83507e-07
 3.41009e-07
 3.04989e-07
 2.74233e-07
 2.47790e-07
 2.24907e-07
 2.04988e-07
 1.87551e-07
 1.72208e-07
 1.58642e-07
 1.46594e-07
 1.35847e-07
 1.26225e-07
 1.23592e-06
 1.01414e-06
 8.44397e-07
 7.12391e-07
 6.08124e-07
 5.24566e-07
 4.56710e-07
 4.00939e-07
 3.54599e-07
 3.15713e-07
 2.82788e-07
 2.54682e-07
 2.30510e-07
 2.09581e-07
 1.91344e-07
 1.75363e-07
 1.61283e-07
 1.48817e-07
 1.37730e-07
 1.27826e-07
 1.38950e-06
 1.11429e-06
 9.12095e-07
 7.59567e-07
 6.41864e-07
 5.49240e-07
 4.75107e-07
 4.14890e-07
 3.65337e-07
 3.24088e-07
 2.89397e-07
 2.59953e-07
 2.34755e-07
 2.13028e-07
 1.94166e-07
 1.77689e-07
 1.63213e-07
 1.50428e-07
 1.39082e-07
 1.28967e-07
 1.51648e-06
 1.19373e-06
 9.64097e-07
 7.94869e-07
 6.66556e-07
 5.66948e-07
 4.88078e-07
 4.24565e-07
 3.72668e-07
 3.29719e-07
 2.93776e-07
 2.63394e-07
 2.37485e-07
 2.15212e-07
 1.95927e-07
 1.79118e-07
 1.64379e-07
 1.51385e-07
 1.39871e-07
 1.29620e-07
 1.59605e-06
 1.24148e-06
 9.94255e-07
 8.14686e-07
 6.79990e-07
 5.76287e-07
 4.94706e-07
 4.29349e-07
 3.76170e-07
 3.32312e-07
 2.95714e-07
 2.64853e-07
 2.38589e-07
 2.16050e-07
 1.96563e-07
 1.79601e-07
 1.64745e-07
 1.51660e-07
 1.40074e-07
 1.29768e-07
 1.61302e-06
 1.25000e-06
 9.98542e-07
 8.16726e-07
 6.80800e-07
 5.76412e-07
 4.94450e-07
 4.28887e-07
 3.75604e-07
 3.31702e-07
 2.95095e-07
 2.64247e-07
 2.38007e-07
 2.15498e-07
 1.96044e-07
 1.79115e-07
 1.64292e-07
 1.51238e-07
 1.39682e-07
 1.29403e-07
 1.56394e-06
 1.21768e-06
 9.76125e-07
 8.00545e-07
 6.68738e-07
 5.67181e-07
 4.87228e-07
 4.23130e-07
 3.70941e-07
 3.27874e-07
 2.91913e-07
 2.61573e-07
 2.35738e-07
 2.13557e-07
 1.94370e-07
 1.77662e-07
 1.63022e-07
 1.50121e-07
 1.38695e-07
 1.28527e-07
 1.45798e-06
 1.14914e-06
 9.29549e-07
 7.67630e-07
 6.44721e-07
 5.49183e-07
 4.73433e-07
 4.12350e-07
 3.62374e-07
 3.20964e-07
 2.86266e-07
 2.56906e-07
 2.31840e-07
 2.10271e-07
 1.91577e-07
 1.75268e-07
 1.60956e-07
 1.48328e-07
 1.37129e-07
 1.27152e-07
 1.31258e-06
 1.05357e-06
 8.63974e-07
 7.21039e-07
 6.10643e-07
 5.23637e-07
 4.53874e-07
 3.97098e-07
 3.50287e-07
 3.11248e-07
 2.78358e-07
 2.50395e-07
 2.26425e-07
 2.05725e-07
 1.87729e-07
 1.71986e-07
 1.58137e-07
 1.45891e-07
 1.35010e-07
 1.25299e-07
 1.14745e-06
 9.42008e-07
 7.85894e-07
 6.64750e-07
 5.69029e-07
 4.92195e-07
 4.29662e-07
 3.78140e-07
 3.35221e-07
 2.99116e-07
 2.68471e-07
 2.42251e-07
 2.19651e-07
 2.00042e-07
 1.82921e-07
 1.67889e-07
 1.54622e-07
 1.42856e-07
 1.32374e-07
 1.22997e-07
 9.79908e-07
 8.24958e-07
 7.01847e-07
 6.02949e-07
 5.22627e-07
 4.56706e-07
 4.02070e-07
 3.56368e-07
 3.17813e-07
 2.85029e-07
 2.56947e-07
 2.32730e-07
 2.11714e-07
 1.93369e-07
 1.77269e-07
 1.63068e-07
 1.50482e-07
 1.39280e-07
 1.29268e-07
 1.20285e-07
 8.22432e-07
 7.10788e-07
 6.17455e-07
 5.39446e-07
 4.74056e-07
 4.18996e-07
 3.72388e-07
 3.32710e-07
 2.98739e-07
 2.69487e-07
 2.44160e-07
 2.22115e-07
 2.02829e-07
 1.85875e-07
 1.70904e-07
 1.57626e-07
 1.45801e-07
 1.35230e-07
 1.25746e-07
 1.17207e-07
 6.82205e-07
 6.05132e-07
 5.36914e-07
 4.77308e-07
 4.25546e-07
 3.80691e-07
 3.41811e-07
 3.08051e-07
 2.78660e-07
 2.52989e-07
 2.30490e-07
 2.10698e-07
 1.93223e-07
 1.77737e-07
 1.63965e-07
 1.51674e-07
 1.40667e-07
 1.30778e-07
 1.21865e-07
 1.13809e-07
 5.61977e-07
 5.11028e-07
 4.62905e-07
 4.18719e-07
 3.78813e-07
 3.43118e-07
 3.11358e-07
 2.83173e-07
 2.58178e-07
 2.36000e-07
 2.16298e-07
 1.98762e-07
 1.83119e-07
 1.69133e-07
 1.56595e-07
 1.45326e-07
 1.35172e-07
 1.25998e-07
 1.17689e-07
 1.10143e-07
 4.61508e-07
 4.29482e-07
 3.96789e-07
 3.65016e-07
 3.35036e-07
 3.07263e-07
 2.81834e-07
 2.58722e-07
 2.37809e-07
 2.18933e-07
 2.01913e-07
 1.86570e-07
 1.72729e-07
 1.60232e-07
 1.48931e-07
 1.38695e-07
 1.29408e-07
 1.20966e-07
 1.13277e-07
 1.06261e-07
 3.78921e-07
 3.60157e-07
 3.38932e-07
 3.16838e-07
 2.94910e-07
 2.73784e-07
 2.53819e-07
 2.35195e-07
 2.17970e-07
 2.02131e-07
 1.87619e-07
 1.74355e-07
 1.62243e-07
 1.51190e-07
 1.41101e-07
 1.31887e-07
 1.23464e-07
 1.15756e-07
 1.08693e-07
 1.02212e-07
