scalar
part
         1
quad4
 6.49755e-07
 5.94152e-07
 5.40379e-07
 4.90078e-07
 4.44003e-07
 4.02361e-07
 3.65034e-07
 3.31735e-07
 3.02102e-07
 2.75753e-07
 2.52315e-07
 2.31446e-07
 2.12833e-07
 1.96199e-07
 1.81301e-07
 1.67926e-07
 1.55890e-07
 1.45031e-07
 1.35211e-07
 1.26308e-07
 7.64071e-07
 6.85365e-07
 6.12867e-07
 5.47677e-07
 4.89885e-07
 4.39060e-07
 3.94540e-07
 3.55593e-07
 3.21510e-07
 2.91636e-07
 2.65393e-07
 2.42277e-07
 2.21854e-07
 2.03754e-07
 1.87661e-07
 1.73307e-07
 1.60463e-07
 1.48936e-07
 1.38559e-07
 1.29190e-07
 8.97828e-07
 7.88113e-07
 6.91868e-07
 6.08682e-07
 5.37294e-07
 4.76178e-07
 4.23831e-07
 3.78896e-07
 3.40195e-07
 3.06735e-07
 2.77683e-07
 2.52352e-07
 2.30167e-07
 2.10656e-07
 1.93426e-07
 1.78148e-07
 1.64550e-07
 1.52403e-07
 1.41513e-07
 1.31719e-07
 1.05045e-06
 9.00475e-07
 7.75212e-07
 6.71119e-07
 5.84582e-07
 5.12395e-07
 4.51874e-07
 4.00839e-07
 3.57536e-07
 3.20567e-07
 2.88813e-07
 2.61379e-07
 2.37544e-07
 2.16727e-07
 1.98454e-07
 1.82338e-07
 1.68061e-07
 1.55359e-07
 1.44015e-07
 1.33846e-07
 1.21772e-06
 1.01802e-06
 8.59135e-07
 7.32036e-07
 6.29518e-07
 5.46050e-07
 4.77437e-07
 4.20508e-07
 3.72850e-07
 3.32620e-07
 2.98393e-07
 2.69063e-07
 2.43758e-07
 2.21790e-07
 2.02607e-07
 1.85767e-07
 1.70908e-07
 1.57737e-07
 1.46010e-07
 1.35527e-07
 1.38972e-06
 1.13305e-06
 9.38090e-07
 7.87535e-07
 6.69377e-07
 5.75229e-07
 4.99165e-07
 4.36934e-07
 3.85437e-07
 3.42381e-07
 3.06046e-07
 2.75120e-07
 2.48594e-07
 2.25681e-07
 2.05760e-07
 1.88338e-07
 1.73017e-07
 1.59475e-07
 1.47449e-07
 1.36723e-07
 1.54947e-06
 1.23459e-06
 1.00503e-06
 8.33066e-07
 7.01173e-07
 5.97941e-07
 5.15705e-07
 4.49181e-07
 3.94638e-07
 3.49380e-07
 3.11428e-07
 2.79299e-07
 2.51865e-07
 2.28260e-07
 2.07806e-07
 1.89969e-07
 1.74322e-07
 1.60523e-07
 1.48293e-07
 1.37404e-07
 1.67402e-06
 1.30963e-06
 1.05238e-06
 8.64058e-07
 7.22066e-07
 6.12365e-07
 5.25860e-07
 4.56445e-07
 3.99899e-07
 3.53230e-07
 3.14266e-07
 2.81401e-07
 2.53426e-07
 2.29419e-07
 2.08663e-07
 1.90598e-07
 1.74778e-07
 1.60847e-07
 1.48515e-07
 1.37547e-07
 1.73977e-06
 1.34616e-06
 1.07363e-06
 8.76805e-07
 7.29848e-07
 6.17140e-07
 5.28762e-07
 4.58155e-07
 4.00840e-07
 3.53670e-07
 3.14377e-07
 2.81298e-07
 2.53185e-07
 2.29091e-07
 2.08283e-07
 1.90189e-07
 1.74357e-07
 1.60423e-07
 1.48097e-07
 1.37139e-07
 1.73134e-06
 1.33698e-06
 1.06514e-06
 8.69338e-07
 7.23401e-07
 6.11605e-07
 5.24008e-07
 4.54061e-07
 3.97300e-07
 3.50594e-07
 3.11692e-07
 2.78943e-07
 2.51110e-07
 2.27254e-07
 2.06650e-07
 1.88732e-07
 1.73051e-07
 1.59249e-07
 1.47038e-07
 1.36181e-07
 1.64877e-06
 1.28248e-06
 1.02727e-06
 8.41950e-07
 7.02953e-07
 5.95934e-07
 5.11734e-07
 4.44267e-07
 3.89360e-07
 3.44068e-07
 3.06263e-07
 2.74378e-07
 2.47235e-07
 2.23936e-07
 2.03788e-07
 1.86245e-07
 1.70877e-07
 1.57338e-07
 1.45348e-07
 1.34680e-07
 1.50736e-06
 1.19038e-06
 9.64264e-07
 7.97134e-07
 6.70044e-07
 5.71120e-07
 4.92600e-07
 4.29229e-07
 3.77343e-07
 3.34324e-07
 2.98261e-07
 2.67731e-07
 2.41657e-07
 2.19213e-07
 1.99755e-07
 1.82776e-07
 1.67873e-07
 1.54719e-07
 1.43053e-07
 1.32657e-07
 1.33040e-06
 1.07295e-06
 8.83026e-07
 7.38981e-07
 6.27212e-07
 5.38799e-07
 4.67698e-07
 4.09692e-07
 3.61771e-07
 3.21738e-07
 2.87960e-07
 2.59206e-07
 2.34532e-07
 2.13203e-07
 1.94644e-07
 1.78397e-07
 1.64094e-07
 1.51439e-07
 1.40188e-07
 1.30142e-07
 1.14092e-06
 9.43310e-07
 7.91345e-07
 6.72301e-07
 5.77527e-07
 5.00992e-07
 4.38393e-07
 3.86604e-07
 3.43315e-07
 3.06792e-07
 2.75716e-07
 2.49069e-07
 2.26059e-07
 2.06059e-07
 1.88573e-07
 1.73200e-07
 1.59616e-07
 1.47556e-07
 1.36803e-07
 1.27174e-07
 9.56736e-07
 8.12699e-07
 6.96414e-07
 6.01782e-07
 5.24113e-07
 4.59820e-07
 4.06156e-07
 3.61003e-07
 3.22722e-07
 2.90033e-07
 2.61933e-07
 2.37624e-07
 2.16470e-07
 1.97961e-07
 1.81682e-07
 1.67296e-07
 1.54526e-07
 1.43141e-07
 1.32952e-07
 1.23800e-07
 7.89174e-07
 6.89249e-07
 6.03937e-07
 5.31408e-07
 4.69764e-07
 4.17266e-07
 3.72408e-07
 3.33920e-07
 3.00749e-07
 2.72026e-07
 2.47036e-07
 2.25194e-07
 2.06015e-07
 1.89102e-07
 1.74124e-07
 1.60806e-07
 1.48919e-07
 1.38272e-07
 1.28701e-07
 1.20070e-07
 6.43708e-07
 5.77840e-07
 5.17818e-07
 4.64169e-07
 4.16728e-07
 3.75008e-07
 3.38404e-07
 3.06299e-07
 2.78111e-07
 2.53312e-07
 2.31443e-07
 2.12102e-07
 1.94946e-07
 1.79680e-07
 1.66055e-07
 1.53855e-07
 1.42899e-07
 1.33030e-07
 1.24115e-07
 1.16039e-07
 5.21516e-07
 4.80634e-07
 4.40280e-07
 4.02025e-07
 3.66624e-07
 3.34341e-07
 3.05167e-07
 2.78940e-07
 2.55432e-07
 2.34383e-07
 2.15539e-07
 1.98654e-07
 1.83505e-07
 1.69890e-07
 1.57631e-07
 1.46569e-07
 1.36566e-07
 1.27499e-07
 1.19264e-07
 1.11766e-07
 4.21145e-07
 3.97850e-07
 3.72201e-07
 3.46033e-07
 3.20473e-07
 2.96171e-07
 2.73460e-07
 2.52476e-07
 2.33229e-07
 2.15658e-07
 1.99662e-07
 1.85123e-07
 1.71914e-07
 1.59912e-07
 1.49000e-07
 1.39069e-07
 1.30020e-07
 1.21762e-07
 1.14215e-07
 1.07306e-07
 3.39869e-07
 3.28529e-07
 3.13519e-07
 2.96547e-07
 2.78793e-07
 2.61045e-07
 2.43802e-07
 2.27366e-07
 2.11900e-07
 1.97473e-07
 1.84097e-07
 1.71745e-07
 1.60369e-07
 1.49909e-07
 1.40297e-07
 1.31468e-07
 1.23355e-07
 1.15897e-07
 1.09035e-07
 1.02715e-07
