scalar
part
         1
quad4
 6.56895e-07
 6.00398e-07
 5.45821e-07
 4.94812e-07
 4.48126e-07
 4.05959e-07
 3.68183e-07
 3.34501e-07
 3.04542e-07
 2.77914e-07
 2.54238e-07
 2.33164e-07
 2.14374e-07
 1.97587e-07
 1.82555e-07
 1.69064e-07
 1.56926e-07
 1.45978e-07
 1.36078e-07
 1.27106e-07
 7.72310e-07
 6.92415e-07
 6.18889e-07
 5.52826e-07
 4.94302e-07
 4.42866e-07
 3.97835e-07
 3.58461e-07
 3.24020e-07
 2.93845e-07
 2.67347e-07
 2.44014e-07
 2.23405e-07
 2.05146e-07
 1.88915e-07
 1.74442e-07
 1.61494e-07
 1.49876e-07
 1.39419e-07
 1.29980e-07
 9.07307e-07
 7.96019e-07
 6.98474e-07
 6.14228e-07
 5.41978e-07
 4.80161e-07
 4.27243e-07
 3.81838e-07
 3.42751e-07
 3.08970e-07
 2.79650e-07
 2.54092e-07
 2.31716e-07
 2.12042e-07
 1.94671e-07
 1.79273e-07
 1.65570e-07
 1.53331e-07
 1.42361e-07
 1.32496e-07
 1.06127e-06
 9.09240e-07
 7.82365e-07
 6.77008e-07
 5.89479e-07
 5.16507e-07
 4.55360e-07
 4.03821e-07
 3.60108e-07
 3.22804e-07
 2.90772e-07
 2.63106e-07
 2.39077e-07
 2.18094e-07
 1.99680e-07
 1.83443e-07
 1.69062e-07
 1.56269e-07
 1.44846e-07
 1.34607e-07
 1.22987e-06
 1.02756e-06
 8.66732e-07
 7.38174e-07
 6.34546e-07
 5.50222e-07
 4.80942e-07
 4.23484e-07
 3.75403e-07
 3.34830e-07
 3.00322e-07
 2.70758e-07
 2.45259e-07
 2.23127e-07
 2.03805e-07
 1.86845e-07
 1.71883e-07
 1.58623e-07
 1.46818e-07
 1.36267e-07
 1.40300e-06
 1.14315e-06
 9.45948e-07
 7.93774e-07
 6.74421e-07
 5.79375e-07
 5.02623e-07
 4.39854e-07
 3.87931e-07
 3.44533e-07
 3.07919e-07
 2.76764e-07
 2.50047e-07
 2.26974e-07
 2.06918e-07
 1.89380e-07
 1.73959e-07
 1.60331e-07
 1.48230e-07
 1.37438e-07
 1.56339e-06
 1.24488e-06
 1.01288e-06
 8.39211e-07
 7.06095e-07
 6.01959e-07
 5.19040e-07
 4.51989e-07
 3.97030e-07
 3.51442e-07
 3.13221e-07
 2.80872e-07
 2.53256e-07
 2.29497e-07
 2.08914e-07
 1.90966e-07
 1.75225e-07
 1.61344e-07
 1.49042e-07
 1.38090e-07
 1.68776e-06
 1.31958e-06
 1.05988e-06
 8.69884e-07
 7.26711e-07
 6.16148e-07
 5.28996e-07
 4.59084e-07
 4.02149e-07
 3.55170e-07
 3.15955e-07
 2.82884e-07
 2.54739e-07
 2.30588e-07
 2.09712e-07
 1.91543e-07
 1.75634e-07
 1.61625e-07
 1.49226e-07
 1.38199e-07
 1.75229e-06
 1.35517e-06
 1.08042e-06
 8.82083e-07
 7.34065e-07
 6.20585e-07
 5.31627e-07
 4.60574e-07
 4.02909e-07
 3.55459e-07
 3.15939e-07
 2.82674e-07
 2.54406e-07
 2.30181e-07
 2.09263e-07
 1.91074e-07
 1.75160e-07
 1.61156e-07
 1.48768e-07
 1.37756e-07
 1.74165e-06
 1.34453e-06
 1.07090e-06
 8.73874e-07
 7.27065e-07
 6.14627e-07
 5.26542e-07
 4.56217e-07
 3.99156e-07
 3.52209e-07
 3.13110e-07
 2.80197e-07
 2.52228e-07
 2.28256e-07
 2.07554e-07
 1.89551e-07
 1.73797e-07
 1.59932e-07
 1.47664e-07
 1.36758e-07
 1.65629e-06
 1.28823e-06
 1.03180e-06
 8.45620e-07
 7.05982e-07
 5.98476e-07
 5.13896e-07
 4.46130e-07
 3.90981e-07
 3.45491e-07
 3.07523e-07
 2.75500e-07
 2.48241e-07
 2.24844e-07
 2.04611e-07
 1.86995e-07
 1.71562e-07
 1.57967e-07
 1.45928e-07
 1.35215e-07
 1.51208e-06
 1.19429e-06
 9.67539e-07
 7.99901e-07
 6.72407e-07
 5.73157e-07
 4.94373e-07
 4.30783e-07
 3.78716e-07
 3.35546e-07
 2.99354e-07
 2.68715e-07
 2.42547e-07
 2.20022e-07
 2.00493e-07
 1.83452e-07
 1.68494e-07
 1.55292e-07
 1.43583e-07
 1.33149e-07
 1.33277e-06
 1.07524e-06
 8.85135e-07
 7.40893e-07
 6.28931e-07
 5.40342e-07
 4.69083e-07
 4.10938e-07
 3.62895e-07
 3.22755e-07
 2.88885e-07
 2.60049e-07
 2.35302e-07
 2.13910e-07
 1.95295e-07
 1.78997e-07
 1.64650e-07
 1.51955e-07
 1.40668e-07
 1.30589e-07
 1.14157e-06
 9.44296e-07
 7.92472e-07
 6.73460e-07
 5.78663e-07
 5.02076e-07
 4.39412e-07
 3.87555e-07
 3.44198e-07
 3.07611e-07
 2.76474e-07
 2.49772e-07
 2.26711e-07
 2.06665e-07
 1.89136e-07
 1.73725e-07
 1.60106e-07
 1.48014e-07
 1.37231e-07
 1.27576e-07
 9.56253e-07
 8.12742e-07
 6.96774e-07
 6.02323e-07
 5.24749e-07
 4.60499e-07
 4.06844e-07
 3.61681e-07
 3.23379e-07
 2.90663e-07
 2.62532e-07
 2.38192e-07
 2.17007e-07
 1.98467e-07
 1.82160e-07
 1.67746e-07
 1.54950e-07
 1.43542e-07
 1.33330e-07
 1.24157e-07
 7.88013e-07
 6.88657e-07
 6.03736e-07
 5.31468e-07
 4.69993e-07
 4.17602e-07
 3.72809e-07
 3.34357e-07
 3.01202e-07
 2.72482e-07
 2.47487e-07
 2.25634e-07
 2.06442e-07
 1.89513e-07
 1.74518e-07
 1.61183e-07
 1.49280e-07
 1.38616e-07
 1.29029e-07
 1.20382e-07
 6.42178e-07
 5.76849e-07
 5.17228e-07
 4.63872e-07
 4.16639e-07
 3.75066e-07
 3.38563e-07
 3.06527e-07
 2.78383e-07
 2.53612e-07
 2.31759e-07
 2.12425e-07
 1.95270e-07
 1.80002e-07
 1.66370e-07
 1.54163e-07
 1.43198e-07
 1.33319e-07
 1.24394e-07
 1.16308e-07
 5.19815e-07
 4.79412e-07
 4.39437e-07
 4.01476e-07
 3.66297e-07
 3.34180e-07
 3.05129e-07
 2.78992e-07
 2.55549e-07
 2.34547e-07
 2.15734e-07
 1.98871e-07
 1.83735e-07
 1.70129e-07
 1.57873e-07
 1.46812e-07
 1.36806e-07
 1.27736e-07
 1.19496e-07
 1.11993e-07
 4.19394e-07
 3.96511e-07
 3.71204e-07
 3.45312e-07
 3.19973e-07
 2.95843e-07
 2.73266e-07
 2.52384e-07
 2.33215e-07
 2.15703e-07
 1.99752e-07
 1.85245e-07
 1.72060e-07
 1.60075e-07
 1.49175e-07
 1.39251e-07
 1.30206e-07
 1.21950e-07
 1.14403e-07
 1.07493e-07
 3.38137e-07
 3.27146e-07
 3.12438e-07
 2.95718e-07
 2.78173e-07
 2.60594e-07
 2.43487e-07
 2.27160e-07
 2.11779e-07
 1.97419e-07
 1.84095e-07
 1.71784e-07
 1.60440e-07
 1.50003e-07
 1.40410e-07
 1.31594e-07
 1.23491e-07
 1.16039e-07
 1.09181e-07
 1.02864e-07
