scalar
part
         1
quad4
 4.65269e-07
 4.36000e-07
 4.05244e-07
 3.74712e-07
 3.45430e-07
 3.17958e-07
 2.92547e-07
 2.69260e-07
 2.48045e-07
 2.28786e-07
 2.11339e-07
 1.95545e-07
 1.81250e-07
 1.68302e-07
 1.56565e-07
 1.45910e-07
 1.36224e-07
 1.27404e-07
 1.19358e-07
 1.12007e-07
 5.60678e-07
 5.14749e-07
 4.69926e-07
 4.27779e-07
 3.89026e-07
 3.53877e-07
 3.22259e-07
 2.93950e-07
 2.68663e-07
 2.46093e-07
 2.25940e-07
 2.07928e-07
 1.91804e-07
 1.77341e-07
 1.64343e-07
 1.52633e-07
 1.42061e-07
 1.32493e-07
 1.23813e-07
 1.15922e-07
 6.75579e-07
 6.06318e-07
 5.42909e-07
 4.86132e-07
 4.35915e-07
 3.91782e-07
 3.53104e-07
 3.19220e-07
 2.89507e-07
 2.63402e-07
 2.40407e-07
 2.20096e-07
 2.02098e-07
 1.86102e-07
 1.71838e-07
 1.59079e-07
 1.47632e-07
 1.37330e-07
 1.28031e-07
 1.19616e-07
 8.11364e-07
 7.10476e-07
 6.23320e-07
 5.48732e-07
 4.85101e-07
 4.30798e-07
 3.84345e-07
 3.44465e-07
 3.10085e-07
 2.80315e-07
 2.54418e-07
 2.31788e-07
 2.11924e-07
 1.94413e-07
 1.78911e-07
 1.65134e-07
 1.52843e-07
 1.41837e-07
 1.31950e-07
 1.23037e-07
 9.67106e-07
 8.25214e-07
 7.09050e-07
 6.13714e-07
 5.35048e-07
 4.69699e-07
 4.15018e-07
 3.68931e-07
 3.29809e-07
 2.96374e-07
 2.67613e-07
 2.42722e-07
 2.21056e-07
 2.02096e-07
 1.85419e-07
 1.70682e-07
 1.57600e-07
 1.45939e-07
 1.35505e-07
 1.26134e-07
 1.13787e-06
 9.45986e-07
 7.96440e-07
 6.78280e-07
 5.83656e-07
 5.06918e-07
 4.43956e-07
 3.91743e-07
 3.48019e-07
 3.11076e-07
 2.79607e-07
 2.52600e-07
 2.29263e-07
 2.08969e-07
 1.91218e-07
 1.75608e-07
 1.61812e-07
 1.49562e-07
 1.38637e-07
 1.28856e-07
 1.31313e-06
 1.06523e-06
 8.80205e-07
 7.38752e-07
 6.28352e-07
 5.40637e-07
 4.69857e-07
 4.11958e-07
 3.64021e-07
 3.23907e-07
 2.90014e-07
 2.61129e-07
 2.36319e-07
 2.14857e-07
 1.96171e-07
 1.79805e-07
 1.65392e-07
 1.52634e-07
 1.41290e-07
 1.31159e-07
 1.47636e-06
 1.17263e-06
 9.53789e-07
 7.90869e-07
 6.66304e-07
 5.68934e-07
 4.91389e-07
 4.28635e-07
 3.77143e-07
 3.34375e-07
 2.98469e-07
 2.68035e-07
 2.42017e-07
 2.19602e-07
 2.00155e-07
 1.83176e-07
 1.68264e-07
 1.55097e-07
 1.43415e-07
 1.33002e-07
 1.60708e-06
 1.25652e-06
 1.01026e-06
 8.30342e-07
 6.94768e-07
 5.90001e-07
 5.07330e-07
 4.40932e-07
 3.86788e-07
 3.42052e-07
 3.04661e-07
 2.73087e-07
 2.46183e-07
 2.23070e-07
 2.03067e-07
 1.85640e-07
 1.70364e-07
 1.56900e-07
 1.44972e-07
 1.34354e-07
 1.68548e-06
 1.30631e-06
 1.04357e-06
 8.53563e-07
 7.11496e-07
 6.02388e-07
 5.16718e-07
 4.48190e-07
 3.92497e-07
 3.46612e-07
 3.08351e-07
 2.76110e-07
 2.48685e-07
 2.25161e-07
 2.04831e-07
 1.87139e-07
 1.71648e-07
 1.58006e-07
 1.45931e-07
 1.35190e-07
 1.69840e-06
 1.31520e-06
 1.04995e-06
 8.58309e-07
 7.15124e-07
 6.05225e-07
 5.18978e-07
 4.50020e-07
 3.94000e-07
 3.47861e-07
 3.09400e-07
 2.77000e-07
 2.49447e-07
 2.25818e-07
 2.05401e-07
 1.87637e-07
 1.72086e-07
 1.58394e-07
 1.46275e-07
 1.35497e-07
 1.64385e-06
 1.28212e-06
 1.02880e-06
 8.44216e-07
 7.05418e-07
 5.98355e-07
 5.14003e-07
 4.46347e-07
 3.91242e-07
 3.45760e-07
 3.07780e-07
 2.75736e-07
 2.48451e-07
 2.25027e-07
 2.04768e-07
 1.87127e-07
 1.71672e-07
 1.58057e-07
 1.45999e-07
 1.35270e-07
 1.53189e-06
 1.21213e-06
 9.82854e-07
 8.12850e-07
 6.83317e-07
 5.82364e-07
 5.02171e-07
 4.37420e-07
 3.84393e-07
 3.40426e-07
 3.03572e-07
 2.72377e-07
 2.45741e-07
 2.22820e-07
 2.02955e-07
 1.85626e-07
 1.70421e-07
 1.57006e-07
 1.45112e-07
 1.34517e-07
 1.38105e-06
 1.11490e-06
 9.17483e-07
 7.67366e-07
 6.50752e-07
 5.58478e-07
 4.84282e-07
 4.23778e-07
 3.73823e-07
 3.32120e-07
 2.96962e-07
 2.67058e-07
 2.41417e-07
 2.19272e-07
 2.00019e-07
 1.83178e-07
 1.68365e-07
 1.55268e-07
 1.43634e-07
 1.33254e-07
 1.21223e-06
 1.00200e-06
 8.39425e-07
 7.11850e-07
 6.10296e-07
 5.28366e-07
 4.61450e-07
 4.06181e-07
 3.60062e-07
 3.21219e-07
 2.88224e-07
 2.59979e-07
 2.35627e-07
 2.14495e-07
 1.96046e-07
 1.79849e-07
 1.65556e-07
 1.52884e-07
 1.41598e-07
 1.31506e-07
 1.04317e-06
 8.84215e-07
 7.55395e-07
 6.50585e-07
 5.64746e-07
 4.93900e-07
 4.34956e-07
 3.85522e-07
 3.43745e-07
 3.08179e-07
 2.77692e-07
 2.51390e-07
 2.28560e-07
 2.08632e-07
 1.91145e-07
 1.75724e-07
 1.62062e-07
 1.49906e-07
 1.39046e-07
 1.29307e-07
 8.85851e-07
 7.69879e-07
 6.71056e-07
 5.87428e-07
 5.16755e-07
 4.56926e-07
 4.06102e-07
 3.62734e-07
 3.25547e-07
 2.93499e-07
 2.65737e-07
 2.41569e-07
 2.20427e-07
 2.01846e-07
 1.85444e-07
 1.70903e-07
 1.57961e-07
 1.46397e-07
 1.36029e-07
 1.26699e-07
 7.46461e-07
 6.64303e-07
 5.90523e-07
 5.25439e-07
 4.68567e-07
 4.19088e-07
 3.76094e-07
 3.38708e-07
 3.06135e-07
 2.77678e-07
 2.52738e-07
 2.30807e-07
 2.11453e-07
 1.94312e-07
 1.79079e-07
 1.65494e-07
 1.53339e-07
 1.42427e-07
 1.32602e-07
 1.23727e-07
 6.26885e-07
 5.70159e-07
 5.16342e-07
 4.66765e-07
 4.21897e-07
 3.81722e-07
 3.45964e-07
 3.14237e-07
 2.86117e-07
 2.61187e-07
 2.39061e-07
 2.19389e-07
 2.01861e-07
 1.86208e-07
 1.72192e-07
 1.59611e-07
 1.48288e-07
 1.38070e-07
 1.28825e-07
 1.20441e-07
 5.26379e-07
 4.88187e-07
 4.49757e-07
 4.12703e-07
 3.77919e-07
 3.45822e-07
 3.16529e-07
 2.89980e-07
 2.66020e-07
 2.44447e-07
 2.25040e-07
 2.07582e-07
 1.91867e-07
 1.77704e-07
 1.64922e-07
 1.53365e-07
 1.42898e-07
 1.33399e-07
 1.24761e-07
 1.16890e-07
