scalar
part
         1
quad4
 5.94184e-07
 5.46792e-07
 5.00215e-07
 4.56088e-07
 4.15241e-07
 3.77987e-07
 3.44325e-07
 3.14084e-07
 2.87001e-07
 2.62783e-07
 2.41130e-07
 2.21760e-07
 2.04411e-07
 1.88847e-07
 1.74858e-07
 1.62258e-07
 1.50886e-07
 1.40599e-07
 1.31271e-07
 1.22796e-07
 7.02435e-07
 6.34085e-07
 5.70329e-07
 5.12390e-07
 4.60553e-07
 4.14595e-07
 3.74045e-07
 3.38342e-07
 3.06915e-07
 2.79225e-07
 2.54785e-07
 2.33164e-07
 2.13987e-07
 1.96931e-07
 1.81718e-07
 1.68108e-07
 1.55897e-07
 1.44910e-07
 1.34997e-07
 1.26028e-07
 8.30086e-07
 7.33332e-07
 6.47564e-07
 5.72743e-07
 5.07998e-07
 4.52157e-07
 4.04008e-07
 3.62427e-07
 3.26423e-07
 2.95143e-07
 2.67866e-07
 2.43987e-07
 2.23001e-07
 2.04484e-07
 1.88082e-07
 1.73501e-07
 1.60491e-07
 1.48842e-07
 1.38378e-07
 1.28947e-07
 9.77256e-07
 8.43218e-07
 7.30216e-07
 6.35505e-07
 5.56158e-07
 4.89508e-07
 4.33281e-07
 3.85602e-07
 3.44946e-07
 3.10082e-07
 2.80017e-07
 2.53949e-07
 2.31229e-07
 2.11326e-07
 1.93810e-07
 1.78324e-07
 1.64575e-07
 1.52319e-07
 1.41352e-07
 1.31504e-07
 1.14093e-06
 9.60201e-07
 8.15125e-07
 6.98119e-07
 6.03048e-07
 5.25137e-07
 4.60723e-07
 4.07005e-07
 3.61832e-07
 3.23546e-07
 2.90858e-07
 2.62756e-07
 2.38442e-07
 2.17280e-07
 1.98759e-07
 1.82465e-07
 1.68060e-07
 1.55269e-07
 1.43863e-07
 1.33651e-07
 1.31310e-06
 1.07778e-06
 8.97441e-07
 7.57082e-07
 6.46163e-07
 5.57251e-07
 4.85042e-07
 4.25696e-07
 3.76390e-07
 3.35023e-07
 3.00004e-07
 2.70117e-07
 2.44421e-07
 2.22175e-07
 2.02797e-07
 1.85820e-07
 1.70865e-07
 1.57628e-07
 1.45858e-07
 1.35346e-07
 1.47930e-06
 1.18625e-06
 9.70767e-07
 8.08152e-07
 6.82655e-07
 5.83909e-07
 5.04894e-07
 4.40730e-07
 3.87946e-07
 3.44022e-07
 3.07096e-07
 2.75765e-07
 2.48962e-07
 2.25858e-07
 2.05807e-07
 1.88297e-07
 1.72917e-07
 1.59338e-07
 1.47290e-07
 1.36553e-07
 1.61906e-06
 1.27362e-06
 1.02787e-06
 8.46848e-07
 7.09667e-07
 6.03240e-07
 5.19024e-07
 4.51247e-07
 3.95898e-07
 3.50118e-07
 3.11825e-07
 2.79474e-07
 2.51897e-07
 2.28201e-07
 2.07691e-07
 1.89822e-07
 1.74160e-07
 1.60355e-07
 1.48126e-07
 1.37243e-07
 1.70982e-06
 1.32788e-06
 1.06202e-06
 8.69201e-07
 7.24767e-07
 6.13702e-07
 5.26424e-07
 4.56571e-07
 3.99783e-07
 3.52986e-07
 3.13961e-07
 2.81076e-07
 2.53105e-07
 2.29114e-07
 2.08382e-07
 1.90344e-07
 1.74552e-07
 1.60647e-07
 1.48341e-07
 1.37397e-07
 1.73405e-06
 1.34035e-06
 1.06856e-06
 8.72579e-07
 7.26391e-07
 6.14329e-07
 5.26479e-07
 4.56301e-07
 3.99332e-07
 3.52440e-07
 3.13375e-07
 2.80480e-07
 2.52519e-07
 2.28549e-07
 2.07844e-07
 1.89835e-07
 1.74073e-07
 1.60199e-07
 1.47922e-07
 1.37006e-07
 1.68620e-06
 1.30844e-06
 1.04620e-06
 8.56293e-07
 7.14157e-07
 6.04905e-07
 5.19063e-07
 4.50359e-07
 3.94498e-07
 3.48455e-07
 3.10050e-07
 2.77678e-07
 2.50135e-07
 2.26503e-07
 2.06076e-07
 1.88297e-07
 1.72726e-07
 1.59013e-07
 1.46872e-07
 1.36072e-07
 1.57477e-06
 1.23651e-06
 9.97349e-07
 8.21769e-07
 6.88953e-07
 5.86002e-07
 5.04561e-07
 4.39014e-07
 3.85472e-07
 3.41167e-07
 3.04089e-07
 2.72745e-07
 2.46010e-07
 2.23023e-07
 2.03114e-07
 1.85756e-07
 1.70533e-07
 1.57107e-07
 1.45206e-07
 1.34608e-07
 1.41834e-06
 1.13424e-06
 9.27426e-07
 7.72205e-07
 6.52755e-07
 5.58892e-07
 4.83816e-07
 4.22841e-07
 3.72656e-07
 3.30865e-07
 2.95701e-07
 2.65837e-07
 2.40263e-07
 2.18197e-07
 1.99027e-07
 1.82269e-07
 1.67536e-07
 1.54515e-07
 1.42951e-07
 1.32635e-07
 1.23892e-06
 1.01377e-06
 8.43486e-07
 7.11889e-07
 6.08269e-07
 5.25339e-07
 4.58011e-07
 4.02654e-07
 3.56624e-07
 3.17960e-07
 2.85187e-07
 2.57178e-07
 2.33062e-07
 2.12154e-07
 1.93915e-07
 1.77912e-07
 1.63797e-07
 1.51286e-07
 1.40146e-07
 1.30185e-07
 1.05622e-06
 8.86844e-07
 7.52754e-07
 6.45403e-07
 5.58484e-07
 4.87342e-07
 4.28516e-07
 3.79410e-07
 3.38056e-07
 3.02946e-07
 2.72911e-07
 2.47041e-07
 2.24612e-07
 2.05052e-07
 1.87900e-07
 1.72781e-07
 1.59392e-07
 1.47480e-07
 1.36840e-07
 1.27299e-07
 8.84487e-07
 7.62898e-07
 6.61492e-07
 5.76952e-07
 5.06267e-07
 4.46888e-07
 3.96730e-07
 3.54111e-07
 3.17681e-07
 2.86359e-07
 2.59274e-07
 2.35726e-07
 2.15146e-07
 1.97071e-07
 1.81122e-07
 1.66988e-07
 1.54408e-07
 1.43170e-07
 1.33091e-07
 1.24022e-07
 7.31824e-07
 6.48262e-07
 5.74379e-07
 5.09932e-07
 4.54071e-07
 4.05756e-07
 3.63952e-07
 3.27714e-07
 2.96213e-07
 2.68736e-07
 2.44684e-07
 2.23548e-07
 2.04906e-07
 1.88400e-07
 1.73731e-07
 1.60649e-07
 1.48942e-07
 1.38430e-07
 1.28961e-07
 1.20405e-07
 6.01275e-07
 5.46318e-07
 4.94396e-07
 4.46756e-07
 4.03784e-07
 3.65399e-07
 3.31295e-07
 3.01071e-07
 2.74303e-07
 2.50581e-07
 2.29530e-07
 2.10812e-07
 1.94131e-07
 1.79228e-07
 1.65878e-07
 1.53888e-07
 1.43091e-07
 1.33341e-07
 1.24515e-07
 1.16504e-07
 4.92497e-07
 4.58159e-07
 4.23041e-07
 3.88900e-07
 3.56700e-07
 3.26895e-07
 2.99634e-07
 2.74883e-07
 2.52511e-07
 2.32338e-07
 2.14167e-07
 1.97800e-07
 1.83049e-07
 1.69738e-07
 1.57711e-07
 1.46825e-07
 1.36953e-07
 1.27984e-07
 1.19819e-07
 1.12372e-07
 4.03339e-07
 3.83381e-07
 3.60705e-07
 3.37059e-07
 3.13581e-07
 2.90964e-07
 2.69603e-07
 2.49690e-07
 2.31288e-07
 2.14379e-07
 1.98901e-07
 1.84763e-07
 1.71864e-07
 1.60099e-07
 1.49368e-07
 1.39572e-07
 1.30623e-07
 1.22437e-07
 1.14940e-07
 1.08064e-07
