scalar
part
         1
quad4
 4.27711e-07
 4.03230e-07
 3.76869e-07
 3.50246e-07
 3.24366e-07
 2.99815e-07
 2.76893e-07
 2.55716e-07
 2.36286e-07
 2.18539e-07
 2.02373e-07
 1.87668e-07
 1.74300e-07
 1.62146e-07
 1.51089e-07
 1.41021e-07
 1.31842e-07
 1.23463e-07
 1.15802e-07
 1.08787e-07
 5.17452e-07
 4.77930e-07
 4.38743e-07
 4.01419e-07
 3.66726e-07
 3.34963e-07
 3.06155e-07
 2.80178e-07
 2.56826e-07
 2.35867e-07
 2.17061e-07
 2.00178e-07
 1.85005e-07
 1.71348e-07
 1.59035e-07
 1.47912e-07
 1.37844e-07
 1.28710e-07
 1.20408e-07
 1.12844e-07
 6.25996e-07
 5.65276e-07
 5.09016e-07
 4.58104e-07
 4.12647e-07
 3.72363e-07
 3.36797e-07
 3.05436e-07
 2.77778e-07
 2.53355e-07
 2.31746e-07
 2.12582e-07
 1.95542e-07
 1.80348e-07
 1.66762e-07
 1.54579e-07
 1.43623e-07
 1.33743e-07
 1.24809e-07
 1.16710e-07
 7.55046e-07
 6.65385e-07
 5.87121e-07
 5.19499e-07
 4.61309e-07
 4.11266e-07
 3.68166e-07
 3.30945e-07
 2.98689e-07
 2.70631e-07
 2.46125e-07
 2.24633e-07
 2.05710e-07
 1.88981e-07
 1.74135e-07
 1.60911e-07
 1.49090e-07
 1.38486e-07
 1.28944e-07
 1.20329e-07
 9.04408e-07
 7.76865e-07
 6.71403e-07
 5.84052e-07
 5.11382e-07
 4.50580e-07
 3.99386e-07
 3.56004e-07
 3.19007e-07
 2.87258e-07
 2.59851e-07
 2.36057e-07
 2.15289e-07
 1.97070e-07
 1.81011e-07
 1.66792e-07
 1.54149e-07
 1.42862e-07
 1.32747e-07
 1.23651e-07
 1.07052e-06
 8.96101e-07
 7.58789e-07
 6.49322e-07
 5.60982e-07
 4.88867e-07
 4.29365e-07
 3.79785e-07
 3.38096e-07
 3.02748e-07
 2.72546e-07
 2.46557e-07
 2.24048e-07
 2.04433e-07
 1.87246e-07
 1.72106e-07
 1.58707e-07
 1.46793e-07
 1.36157e-07
 1.26623e-07
 1.24496e-06
 1.01671e-06
 8.44638e-07
 7.11977e-07
 6.07717e-07
 5.24402e-07
 4.56847e-07
 4.01364e-07
 3.55271e-07
 3.16587e-07
 2.83822e-07
 2.55838e-07
 2.31756e-07
 2.10891e-07
 1.92697e-07
 1.76741e-07
 1.62674e-07
 1.50209e-07
 1.39115e-07
 1.29199e-07
 1.41373e-06
 1.12953e-06
 9.22910e-07
 7.67980e-07
 6.48844e-07
 5.55289e-07
 4.80500e-07
 4.19789e-07
 3.69844e-07
 3.28269e-07
 2.93300e-07
 2.63613e-07
 2.38197e-07
 2.16275e-07
 1.97235e-07
 1.80594e-07
 1.65968e-07
 1.53044e-07
 1.41569e-07
 1.31335e-07
 1.55814e-06
 1.22346e-06
 9.86792e-07
 8.13016e-07
 6.81555e-07
 5.79652e-07
 4.99043e-07
 4.34168e-07
 3.81178e-07
 3.37334e-07
 3.00643e-07
 2.69630e-07
 2.43180e-07
 2.20439e-07
 2.00746e-07
 1.83577e-07
 1.68521e-07
 1.55243e-07
 1.43474e-07
 1.32995e-07
 1.65790e-06
 1.28731e-06
 1.02977e-06
 8.43130e-07
 7.03356e-07
 5.95871e-07
 5.11389e-07
 4.43755e-07
 3.88751e-07
 3.43407e-07
 3.05579e-07
 2.73689e-07
 2.46553e-07
 2.23270e-07
 2.03141e-07
 1.85621e-07
 1.70276e-07
 1.56761e-07
 1.44796e-07
 1.34151e-07
 1.69625e-06
 1.31231e-06
 1.04696e-06
 8.55444e-07
 7.12474e-07
 6.02810e-07
 5.16791e-07
 4.48041e-07
 3.92209e-07
 3.46236e-07
 3.07924e-07
 2.75654e-07
 2.48216e-07
 2.24689e-07
 2.04362e-07
 1.86679e-07
 1.71199e-07
 1.57571e-07
 1.45510e-07
 1.34785e-07
 1.66572e-06
 1.29473e-06
 1.03632e-06
 8.48778e-07
 7.08190e-07
 6.00009e-07
 5.14942e-07
 4.46819e-07
 3.91406e-07
 3.45718e-07
 3.07601e-07
 2.75467e-07
 2.48124e-07
 2.24663e-07
 2.04383e-07
 1.86731e-07
 1.71273e-07
 1.57659e-07
 1.45607e-07
 1.34887e-07
 1.57178e-06
 1.23727e-06
 9.99304e-07
 8.23945e-07
 6.90984e-07
 5.87764e-07
 5.06030e-07
 4.40207e-07
 3.86420e-07
 3.41905e-07
 3.04648e-07
 2.73154e-07
 2.46296e-07
 2.23205e-07
 2.03211e-07
 1.85784e-07
 1.70502e-07
 1.57029e-07
 1.45089e-07
 1.34459e-07
 1.43119e-06
 1.14838e-06
 9.40496e-07
 7.83594e-07
 6.62451e-07
 5.67073e-07
 4.90701e-07
 4.28638e-07
 3.77546e-07
 3.35000e-07
 2.99208e-07
 2.68820e-07
 2.42807e-07
 2.20372e-07
 2.00890e-07
 1.83868e-07
 1.68911e-07
 1.55698e-07
 1.43970e-07
 1.33514e-07
 1.26579e-06
 1.03970e-06
 8.66476e-07
 7.31622e-07
 6.25001e-07
 5.39478e-07
 4.69969e-07
 4.12795e-07
 3.65256e-07
 3.25339e-07
 2.91521e-07
 2.62638e-07
 2.37787e-07
 2.16259e-07
 1.97494e-07
 1.81042e-07
 1.66544e-07
 1.53703e-07
 1.42279e-07
 1.32072e-07
 1.09550e-06
 9.22896e-07
 7.84273e-07
 6.72401e-07
 5.81433e-07
 5.06820e-07
 4.45075e-07
 3.93535e-07
 3.50152e-07
 3.13350e-07
 2.81900e-07
 2.54840e-07
 2.31408e-07
 2.10998e-07
 1.93121e-07
 1.77382e-07
 1.63460e-07
 1.51090e-07
 1.40051e-07
 1.30163e-07
 9.34398e-07
 8.07365e-07
 7.00086e-07
 6.10046e-07
 5.34514e-07
 4.70990e-07
 4.17336e-07
 3.71786e-07
 3.32901e-07
 2.99520e-07
 2.70704e-07
 2.45693e-07
 2.23873e-07
 2.04743e-07
 1.87892e-07
 1.72982e-07
 1.59734e-07
 1.47917e-07
 1.37335e-07
 1.27826e-07
 7.90188e-07
 6.99374e-07
 6.18589e-07
 5.47934e-07
 4.86667e-07
 4.33728e-07
 3.88008e-07
 3.48465e-07
 3.14178e-07
 2.84351e-07
 2.58309e-07
 2.35484e-07
 2.15402e-07
 1.97665e-07
 1.81939e-07
 1.67945e-07
 1.55449e-07
 1.44250e-07
 1.34183e-07
 1.25104e-07
 6.65652e-07
 6.02270e-07
 5.42793e-07
 4.88513e-07
 4.39794e-07
 3.96486e-07
 3.58190e-07
 3.24406e-07
 2.94616e-07
 2.68326e-07
 2.45087e-07
 2.24501e-07
 2.06219e-07
 1.89940e-07
 1.75402e-07
 1.62384e-07
 1.50692e-07
 1.40162e-07
 1.30653e-07
 1.22043e-07
 5.60499e-07
 5.17222e-07
 4.74278e-07
 4.33327e-07
 3.95240e-07
 3.60374e-07
 3.28776e-07
 3.00316e-07
 2.74773e-07
 2.51885e-07
 2.31386e-07
 2.13018e-07
 1.96542e-07
 1.81741e-07
 1.68420e-07
 1.56409e-07
 1.45555e-07
 1.35727e-07
 1.26806e-07
 1.18693e-07
