scalar
part
         1
quad4
 3.38512e-07
 3.27808e-07
 3.13270e-07
 2.96641e-07
 2.79132e-07
 2.61554e-07
 2.44426e-07
 2.28064e-07
 2.12641e-07
 1.98236e-07
 1.84867e-07
 1.72511e-07
 1.61124e-07
 1.50646e-07
 1.41014e-07
 1.32163e-07
 1.24026e-07
 1.16543e-07
 1.09657e-07
 1.03313e-07
 4.20321e-07
 3.97679e-07
 3.72483e-07
 3.46619e-07
 3.21257e-07
 2.97076e-07
 2.74433e-07
 2.53480e-07
 2.34239e-07
 2.16658e-07
 2.00640e-07
 1.86072e-07
 1.72829e-07
 1.60792e-07
 1.49843e-07
 1.39876e-07
 1.30790e-07
 1.22498e-07
 1.14917e-07
 1.07975e-07
 5.21525e-07
 4.81253e-07
 4.41277e-07
 4.03243e-07
 3.67957e-07
 3.35721e-07
 3.06548e-07
 2.80296e-07
 2.56745e-07
 2.35644e-07
 2.16743e-07
 1.99799e-07
 1.84592e-07
 1.70920e-07
 1.58606e-07
 1.47492e-07
 1.37439e-07
 1.28326e-07
 1.20047e-07
 1.12509e-07
 6.44963e-07
 5.79554e-07
 5.19751e-07
 4.66177e-07
 4.18723e-07
 3.76942e-07
 3.40252e-07
 3.08048e-07
 2.79757e-07
 2.54857e-07
 2.32889e-07
 2.13456e-07
 1.96213e-07
 1.80867e-07
 1.67167e-07
 1.54898e-07
 1.43878e-07
 1.33951e-07
 1.24982e-07
 1.16857e-07
 7.92211e-07
 6.92421e-07
 6.07052e-07
 5.34370e-07
 4.72533e-07
 4.19831e-07
 3.74774e-07
 3.36098e-07
 3.02753e-07
 2.73871e-07
 2.48737e-07
 2.26764e-07
 2.07468e-07
 1.90449e-07
 1.75375e-07
 1.61971e-07
 1.50006e-07
 1.39287e-07
 1.29652e-07
 1.20961e-07
 9.62195e-07
 8.17726e-07
 7.00955e-07
 6.05851e-07
 5.27752e-07
 4.63078e-07
 4.09079e-07
 3.63634e-07
 3.25099e-07
 2.92189e-07
 2.63895e-07
 2.39415e-07
 2.18112e-07
 1.99470e-07
 1.83074e-07
 1.68583e-07
 1.55719e-07
 1.44251e-07
 1.33986e-07
 1.24765e-07
 1.14946e-06
 9.50557e-07
 7.97516e-07
 6.77593e-07
 5.82104e-07
 5.04980e-07
 4.41895e-07
 3.89702e-07
 3.46073e-07
 3.09262e-07
 2.77939e-07
 2.51081e-07
 2.27888e-07
 2.07729e-07
 1.90103e-07
 1.74607e-07
 1.60915e-07
 1.48758e-07
 1.37918e-07
 1.28212e-07
 1.34256e-06
 1.08266e-06
 8.90937e-07
 7.45545e-07
 6.32743e-07
 5.43522e-07
 4.71777e-07
 4.13250e-07
 3.64902e-07
 3.24514e-07
 2.90439e-07
 2.61433e-07
 2.36542e-07
 2.15028e-07
 1.96308e-07
 1.79920e-07
 1.65494e-07
 1.52729e-07
 1.41382e-07
 1.31250e-07
 1.52324e-06
 1.20254e-06
 9.73872e-07
 8.04922e-07
 6.76486e-07
 5.76540e-07
 4.97224e-07
 4.33221e-07
 3.80825e-07
 3.37389e-07
 3.00979e-07
 2.70159e-07
 2.43839e-07
 2.21185e-07
 2.01545e-07
 1.84409e-07
 1.69368e-07
 1.56094e-07
 1.44321e-07
 1.33830e-07
 1.66790e-06
 1.29676e-06
 1.03835e-06
 8.50810e-07
 7.10199e-07
 6.01972e-07
 5.16844e-07
 4.48649e-07
 3.93160e-07
 3.47394e-07
 3.09200e-07
 2.76990e-07
 2.49573e-07
 2.26042e-07
 2.05694e-07
 1.87979e-07
 1.72461e-07
 1.58791e-07
 1.46685e-07
 1.35915e-07
 1.75262e-06
 1.35278e-06
 1.07733e-06
 8.79024e-07
 7.31284e-07
 6.18144e-07
 5.29520e-07
 4.58770e-07
 4.01369e-07
 3.54145e-07
 3.14819e-07
 2.81716e-07
 2.53587e-07
 2.29479e-07
 2.08661e-07
 1.90557e-07
 1.74715e-07
 1.60773e-07
 1.48438e-07
 1.37472e-07
 1.76181e-06
 1.36267e-06
 1.08644e-06
 8.87011e-07
 7.38162e-07
 6.24039e-07
 5.34574e-07
 4.63117e-07
 4.05124e-07
 3.57403e-07
 3.17660e-07
 2.84206e-07
 2.55779e-07
 2.31419e-07
 2.10384e-07
 1.92094e-07
 1.76092e-07
 1.62010e-07
 1.49554e-07
 1.38482e-07
 1.69556e-06
 1.32610e-06
 1.06533e-06
 8.74465e-07
 7.30594e-07
 6.19470e-07
 5.31861e-07
 4.61576e-07
 4.04334e-07
 3.57098e-07
 3.17668e-07
 2.84415e-07
 2.56115e-07
 2.31831e-07
 2.10839e-07
 1.92570e-07
 1.76573e-07
 1.62487e-07
 1.50020e-07
 1.38933e-07
 1.56964e-06
 1.25042e-06
 1.01771e-06
 8.43386e-07
 7.09711e-07
 6.05102e-07
 5.21785e-07
 4.54400e-07
 3.99161e-07
 3.53334e-07
 3.14911e-07
 2.82388e-07
 2.54623e-07
 2.30735e-07
 2.10040e-07
 1.91994e-07
 1.76166e-07
 1.62209e-07
 1.49840e-07
 1.38827e-07
 1.40808e-06
 1.14786e-06
 9.50183e-07
 7.97537e-07
 6.77749e-07
 5.82314e-07
 5.05224e-07
 4.42163e-07
 3.89988e-07
 3.46373e-07
 3.09571e-07
 2.78253e-07
 2.51396e-07
 2.28199e-07
 2.08035e-07
 1.90402e-07
 1.74897e-07
 1.61195e-07
 1.49028e-07
 1.38177e-07
 1.23412e-06
 1.03159e-06
 8.70455e-07
 7.41554e-07
 6.37589e-07
 5.52951e-07
 4.83387e-07
 4.25677e-07
 3.77374e-07
 3.36605e-07
 3.01926e-07
 2.72212e-07
 2.46580e-07
 2.24332e-07
 2.04907e-07
 1.87856e-07
 1.72814e-07
 1.59482e-07
 1.47612e-07
 1.37003e-07
 1.06494e-06
 9.12760e-07
 7.85662e-07
 6.80048e-07
 5.92255e-07
 5.19029e-07
 4.57646e-07
 4.05891e-07
 3.61984e-07
 3.24506e-07
 2.92319e-07
 2.64516e-07
 2.40365e-07
 2.19274e-07
 2.00763e-07
 1.84439e-07
 1.69980e-07
 1.57119e-07
 1.45634e-07
 1.35338e-07
 9.10553e-07
 7.99136e-07
 7.01418e-07
 6.16972e-07
 5.44513e-07
 4.82489e-07
 4.29374e-07
 3.83785e-07
 3.44529e-07
 3.10594e-07
 2.81136e-07
 2.55453e-07
 2.32965e-07
 2.13190e-07
 1.95729e-07
 1.80249e-07
 1.66473e-07
 1.54169e-07
 1.43139e-07
 1.33220e-07
 7.75221e-07
 6.95208e-07
 6.21539e-07
 5.55315e-07
 4.96621e-07
 4.45014e-07
 3.99818e-07
 3.60288e-07
 3.25700e-07
 2.95390e-07
 2.68768e-07
 2.45322e-07
 2.24612e-07
 2.06260e-07
 1.89945e-07
 1.75396e-07
 1.62379e-07
 1.50699e-07
 1.40185e-07
 1.30694e-07
 6.59525e-07
 6.02920e-07
 5.48221e-07
 4.97078e-07
 4.50251e-07
 4.07942e-07
 3.70027e-07
 3.36212e-07
 3.06126e-07
 2.79379e-07
 2.55594e-07
 2.34418e-07
 2.15535e-07
 1.98663e-07
 1.83555e-07
 1.69993e-07
 1.57790e-07
 1.46783e-07
 1.36830e-07
 1.27808e-07
