scalar
part
         1
quad4
 5.99779e-07
 5.50599e-07
 5.02541e-07
 4.57232e-07
 4.15470e-07
 3.77526e-07
 3.43356e-07
 3.12750e-07
 2.85414e-07
 2.61028e-07
 2.39271e-07
 2.19845e-07
 2.02476e-07
 1.86917e-07
 1.72953e-07
 1.60391e-07
 1.49066e-07
 1.38831e-07
 1.29561e-07
 1.21143e-07
 7.08329e-07
 6.37724e-07
 5.72199e-07
 5.12922e-07
 4.60105e-07
 4.13447e-07
 3.72414e-07
 3.36389e-07
 3.04760e-07
 2.76955e-07
 2.52463e-07
 2.30835e-07
 2.11683e-07
 1.94673e-07
 1.79520e-07
 1.65979e-07
 1.53843e-07
 1.42934e-07
 1.33099e-07
 1.24208e-07
 8.35992e-07
 7.36436e-07
 6.48611e-07
 5.72337e-07
 5.06598e-07
 4.50101e-07
 4.01540e-07
 3.59719e-07
 3.23595e-07
 2.92277e-07
 2.65019e-07
 2.41197e-07
 2.20290e-07
 2.01868e-07
 1.85569e-07
 1.71094e-07
 1.58190e-07
 1.46647e-07
 1.36285e-07
 1.26953e-07
 9.82571e-07
 8.45165e-07
 7.29896e-07
 6.33718e-07
 5.53462e-07
 4.86282e-07
 4.29779e-07
 3.81991e-07
 3.41335e-07
 3.06539e-07
 2.76585e-07
 2.50652e-07
 2.28078e-07
 2.08327e-07
 1.90962e-07
 1.75624e-07
 1.62017e-07
 1.49897e-07
 1.39059e-07
 1.29332e-07
 1.14451e-06
 9.60012e-07
 8.12676e-07
 6.94386e-07
 5.98646e-07
 5.20447e-07
 4.55977e-07
 4.02341e-07
 3.57331e-07
 3.19249e-07
 2.86784e-07
 2.58911e-07
 2.34823e-07
 2.13878e-07
 1.95563e-07
 1.79462e-07
 1.65239e-07
 1.52616e-07
 1.41366e-07
 1.31299e-07
 1.31298e-06
 1.07403e-06
 8.91876e-07
 7.50732e-07
 6.39602e-07
 5.50792e-07
 4.78847e-07
 4.19841e-07
 3.70904e-07
 3.29907e-07
 2.95245e-07
 2.65696e-07
 2.40312e-07
 2.18356e-07
 1.99244e-07
 1.82509e-07
 1.67776e-07
 1.54742e-07
 1.43156e-07
 1.32814e-07
 1.47254e-06
 1.17709e-06
 9.60942e-07
 7.98478e-07
 6.73495e-07
 5.75403e-07
 4.97072e-07
 4.33570e-07
 3.81403e-07
 3.38042e-07
 3.01624e-07
 2.70750e-07
 2.44355e-07
 2.21617e-07
 2.01894e-07
 1.84677e-07
 1.69562e-07
 1.56221e-07
 1.44387e-07
 1.33844e-07
 1.60196e-06
 1.25705e-06
 1.01268e-06
 8.33228e-07
 6.97553e-07
 5.92484e-07
 5.09460e-07
 4.42717e-07
 3.88262e-07
 3.43256e-07
 3.05632e-07
 2.73863e-07
 2.46794e-07
 2.23543e-07
 2.03424e-07
 1.85900e-07
 1.70544e-07
 1.57012e-07
 1.45027e-07
 1.34362e-07
 1.67896e-06
 1.30231e-06
 1.04070e-06
 8.51268e-07
 7.09525e-07
 6.00619e-07
 5.15090e-07
 4.46670e-07
 3.91066e-07
 3.45257e-07
 3.07065e-07
 2.74888e-07
 2.47523e-07
 2.24054e-07
 2.03775e-07
 1.86132e-07
 1.70687e-07
 1.57089e-07
 1.45055e-07
 1.34353e-07
 1.68803e-06
 1.30534e-06
 1.04103e-06
 8.50376e-07
 7.08103e-07
 5.99009e-07
 5.13459e-07
 4.45099e-07
 3.89594e-07
 3.43898e-07
 3.05820e-07
 2.73752e-07
 2.46489e-07
 2.23114e-07
 2.02920e-07
 1.85354e-07
 1.69977e-07
 1.56441e-07
 1.44462e-07
 1.33810e-07
 1.62694e-06
 1.26520e-06
 1.01325e-06
 8.30353e-07
 6.93198e-07
 5.87615e-07
 5.04554e-07
 4.38008e-07
 3.83855e-07
 3.39188e-07
 3.01908e-07
 2.70467e-07
 2.43703e-07
 2.20731e-07
 2.00866e-07
 1.83571e-07
 1.68420e-07
 1.55073e-07
 1.43253e-07
 1.32737e-07
 1.50723e-06
 1.18770e-06
 9.60535e-07
 7.93057e-07
 6.65952e-07
 5.67171e-07
 4.88864e-07
 4.25731e-07
 3.74085e-07
 3.31298e-07
 2.95453e-07
 2.65124e-07
 2.39236e-07
 2.16961e-07
 1.97657e-07
 1.80819e-07
 1.66043e-07
 1.53007e-07
 1.41447e-07
 1.31149e-07
 1.34866e-06
 1.08324e-06
 8.88722e-07
 7.41945e-07
 6.28506e-07
 5.39055e-07
 4.67304e-07
 4.08892e-07
 3.60721e-07
 3.20541e-07
 2.86684e-07
 2.57895e-07
 2.33215e-07
 2.11900e-07
 1.93367e-07
 1.77155e-07
 1.62892e-07
 1.50279e-07
 1.39072e-07
 1.29070e-07
 1.17235e-06
 9.63724e-07
 8.04845e-07
 6.81336e-07
 5.83604e-07
 5.05066e-07
 4.41085e-07
 3.88328e-07
 3.44354e-07
 3.07340e-07
 2.75911e-07
 2.49009e-07
 2.25814e-07
 2.05682e-07
 1.88101e-07
 1.72661e-07
 1.59032e-07
 1.46942e-07
 1.36170e-07
 1.26533e-07
 9.96072e-07
 8.40070e-07
 7.15760e-07
 6.15645e-07
 5.34162e-07
 4.67171e-07
 4.11564e-07
 3.64994e-07
 3.25665e-07
 2.92194e-07
 2.63502e-07
 2.38742e-07
 2.17243e-07
 1.98467e-07
 1.81982e-07
 1.67435e-07
 1.54539e-07
 1.43057e-07
 1.32792e-07
 1.23580e-07
 8.32125e-07
 7.20700e-07
 6.27202e-07
 5.48800e-07
 4.82897e-07
 4.27274e-07
 3.80095e-07
 3.39864e-07
 3.05369e-07
 2.75629e-07
 2.49852e-07
 2.27394e-07
 2.07731e-07
 1.90434e-07
 1.75150e-07
 1.61587e-07
 1.49503e-07
 1.38695e-07
 1.28994e-07
 1.20257e-07
 6.87270e-07
 6.11099e-07
 5.43343e-07
 4.83892e-07
 4.32079e-07
 3.87046e-07
 3.47911e-07
 3.13856e-07
 2.84152e-07
 2.58166e-07
 2.35359e-07
 2.15272e-07
 1.97518e-07
 1.81771e-07
 1.67754e-07
 1.55235e-07
 1.44017e-07
 1.33932e-07
 1.24839e-07
 1.16615e-07
 5.63814e-07
 5.14081e-07
 4.66763e-07
 4.23069e-07
 3.83423e-07
 3.47824e-07
 3.16048e-07
 2.87770e-07
 2.62634e-07
 2.40287e-07
 2.20399e-07
 2.02671e-07
 1.86837e-07
 1.72661e-07
 1.59941e-07
 1.48498e-07
 1.38178e-07
 1.28848e-07
 1.20391e-07
 1.12707e-07
 4.61139e-07
 4.30427e-07
 3.98699e-07
 3.67605e-07
 3.38078e-07
 3.10586e-07
 2.85311e-07
 2.62260e-07
 2.41341e-07
 2.22412e-07
 2.05309e-07
 1.89861e-07
 1.75904e-07
 1.63282e-07
 1.51855e-07
 1.41493e-07
 1.32082e-07
 1.23520e-07
 1.15715e-07
 1.08587e-07
 3.77077e-07
 3.59606e-07
 3.39391e-07
 3.18062e-07
 2.96695e-07
 2.75967e-07
 2.56273e-07
 2.37819e-07
 2.20689e-07
 2.04889e-07
 1.90376e-07
 1.77079e-07
 1.64915e-07
 1.53794e-07
 1.43628e-07
 1.34330e-07
 1.25821e-07
 1.18025e-07
 1.10875e-07
 1.04309e-07
