scalar
part
         1
quad4
 4.09034e-07
 3.86710e-07
 3.62295e-07
 3.37392e-07
 3.13019e-07
 2.89776e-07
 2.67985e-07
 2.47786e-07
 2.29203e-07
 2.12189e-07
 1.96659e-07
 1.82509e-07
 1.69625e-07
 1.57896e-07
 1.47212e-07
 1.37474e-07
 1.28587e-07
 1.20467e-07
 1.13038e-07
 1.06229e-07
 4.96050e-07
 4.59360e-07
 4.22634e-07
 3.87421e-07
 3.54524e-07
 3.24285e-07
 2.96770e-07
 2.71891e-07
 2.49475e-07
 2.29316e-07
 2.11197e-07
 1.94906e-07
 1.80247e-07
 1.67037e-07
 1.55114e-07
 1.44334e-07
 1.34567e-07
 1.25701e-07
 1.17636e-07
 1.10284e-07
 6.01526e-07
 5.44498e-07
 4.91324e-07
 4.42969e-07
 3.99628e-07
 3.61097e-07
 3.26986e-07
 2.96842e-07
 2.70206e-07
 2.46645e-07
 2.25768e-07
 2.07231e-07
 1.90729e-07
 1.76000e-07
 1.62819e-07
 1.50988e-07
 1.40342e-07
 1.30735e-07
 1.22042e-07
 1.14157e-07
 7.27235e-07
 6.42331e-07
 5.67876e-07
 5.03301e-07
 4.47560e-07
 3.99497e-07
 3.58010e-07
 3.22114e-07
 2.90956e-07
 2.63814e-07
 2.40079e-07
 2.19241e-07
 2.00875e-07
 1.84624e-07
 1.70192e-07
 1.57328e-07
 1.45821e-07
 1.35493e-07
 1.26194e-07
 1.17795e-07
 8.73157e-07
 7.51619e-07
 6.50751e-07
 5.66948e-07
 4.97049e-07
 4.38436e-07
 3.88993e-07
 3.47028e-07
 3.11189e-07
 2.80397e-07
 2.53788e-07
 2.30666e-07
 2.10467e-07
 1.92735e-07
 1.77095e-07
 1.63238e-07
 1.50910e-07
 1.39900e-07
 1.30028e-07
 1.21147e-07
 1.03605e-06
 8.68973e-07
 7.37032e-07
 6.31571e-07
 5.46277e-07
 4.76519e-07
 4.18872e-07
 3.70772e-07
 3.30281e-07
 2.95914e-07
 2.66525e-07
 2.41215e-07
 2.19279e-07
 2.00152e-07
 1.83383e-07
 1.68604e-07
 1.55518e-07
 1.43879e-07
 1.33483e-07
 1.24162e-07
 1.20799e-06
 9.88306e-07
 8.22249e-07
 6.93941e-07
 5.92915e-07
 5.12060e-07
 4.46414e-07
 3.92439e-07
 3.47557e-07
 3.09858e-07
 2.77903e-07
 2.50594e-07
 2.27080e-07
 2.06696e-07
 1.88915e-07
 1.73314e-07
 1.59554e-07
 1.47358e-07
 1.36500e-07
 1.26792e-07
 1.37555e-06
 1.10076e-06
 9.00527e-07
 7.50109e-07
 6.34269e-07
 5.43189e-07
 4.70304e-07
 4.11086e-07
 3.62333e-07
 3.21723e-07
 2.87547e-07
 2.58518e-07
 2.33655e-07
 2.12200e-07
 1.93560e-07
 1.77264e-07
 1.62936e-07
 1.50273e-07
 1.39026e-07
 1.28993e-07
 1.52057e-06
 1.19547e-06
 9.65154e-07
 7.95807e-07
 6.67551e-07
 5.68041e-07
 4.89262e-07
 4.25820e-07
 3.73971e-07
 3.31050e-07
 2.95117e-07
 2.64733e-07
 2.38810e-07
 2.16517e-07
 1.97205e-07
 1.80366e-07
 1.65595e-07
 1.52566e-07
 1.41016e-07
 1.30730e-07
 1.62297e-06
 1.26127e-06
 1.00962e-06
 8.27067e-07
 6.90253e-07
 5.84979e-07
 5.02192e-07
 4.35886e-07
 3.81942e-07
 3.37457e-07
 3.00336e-07
 2.69034e-07
 2.42392e-07
 2.19528e-07
 1.99759e-07
 1.82548e-07
 1.67473e-07
 1.54193e-07
 1.42434e-07
 1.31973e-07
 1.66568e-06
 1.28924e-06
 1.02891e-06
 8.40937e-07
 7.00552e-07
 5.92835e-07
 5.08321e-07
 4.40759e-07
 3.85880e-07
 3.40684e-07
 3.03014e-07
 2.71280e-07
 2.44295e-07
 2.21154e-07
 2.01159e-07
 1.83763e-07
 1.68533e-07
 1.55124e-07
 1.43256e-07
 1.32702e-07
 1.64054e-06
 1.27526e-06
 1.02080e-06
 8.36109e-07
 6.97648e-07
 5.91097e-07
 5.07308e-07
 4.40204e-07
 3.85619e-07
 3.40613e-07
 3.03064e-07
 2.71407e-07
 2.44470e-07
 2.21357e-07
 2.01376e-07
 1.83986e-07
 1.68757e-07
 1.55344e-07
 1.43470e-07
 1.32908e-07
 1.55218e-06
 1.22160e-06
 9.86476e-07
 8.13249e-07
 6.81927e-07
 5.79997e-07
 4.99296e-07
 4.34314e-07
 3.81219e-07
 3.37281e-07
 3.00511e-07
 2.69431e-07
 2.42927e-07
 2.20143e-07
 2.00416e-07
 1.83221e-07
 1.68145e-07
 1.54853e-07
 1.43075e-07
 1.32590e-07
 1.41678e-06
 1.13635e-06
 9.30305e-07
 7.74862e-07
 6.54894e-07
 5.60474e-07
 4.84891e-07
 4.23487e-07
 3.72950e-07
 3.30876e-07
 2.95488e-07
 2.65448e-07
 2.39737e-07
 2.17565e-07
 1.98315e-07
 1.81498e-07
 1.66721e-07
 1.53670e-07
 1.42086e-07
 1.31759e-07
 1.25579e-06
 1.03090e-06
 8.58703e-07
 7.24738e-07
 6.18880e-07
 5.34014e-07
 4.65069e-07
 4.08383e-07
 3.61268e-07
 3.21719e-07
 2.88223e-07
 2.59623e-07
 2.35021e-07
 2.13713e-07
 1.95144e-07
 1.78868e-07
 1.64526e-07
 1.51826e-07
 1.40528e-07
 1.30436e-07
 1.08903e-06
 9.16799e-07
 7.78605e-07
 6.67174e-07
 5.76631e-07
 5.02417e-07
 4.41040e-07
 3.89833e-07
 3.46753e-07
 3.10224e-07
 2.79019e-07
 2.52179e-07
 2.28946e-07
 2.08714e-07
 1.90998e-07
 1.75406e-07
 1.61616e-07
 1.49365e-07
 1.38436e-07
 1.28648e-07
 9.30625e-07
 8.03444e-07
 6.96178e-07
 6.06247e-07
 5.30880e-07
 4.67548e-07
 4.14097e-07
 3.68749e-07
 3.30061e-07
 2.96866e-07
 2.68224e-07
 2.43377e-07
 2.21708e-07
 2.02717e-07
 1.85994e-07
 1.71202e-07
 1.58063e-07
 1.46345e-07
 1.35855e-07
 1.26432e-07
 7.88397e-07
 6.97137e-07
 6.16101e-07
 5.45330e-07
 4.84037e-07
 4.31132e-07
 3.85483e-07
 3.46035e-07
 3.11854e-07
 2.82139e-07
 2.56210e-07
 2.33497e-07
 2.13523e-07
 1.95888e-07
 1.80260e-07
 1.66358e-07
 1.53947e-07
 1.42830e-07
 1.32838e-07
 1.23829e-07
 6.65275e-07
 6.01300e-07
 5.41421e-07
 4.86882e-07
 4.38007e-07
 3.94618e-07
 3.56294e-07
 3.22519e-07
 2.92762e-07
 2.66522e-07
 2.43343e-07
 2.22824e-07
 2.04611e-07
 1.88401e-07
 1.73933e-07
 1.60983e-07
 1.49356e-07
 1.38889e-07
 1.29440e-07
 1.20887e-07
 5.61101e-07
 5.17182e-07
 4.73763e-07
 4.32470e-07
 3.94145e-07
 3.59119e-07
 3.27421e-07
 2.98905e-07
 2.73337e-07
 2.50449e-07
 2.29967e-07
 2.11627e-07
 1.95187e-07
 1.80427e-07
 1.67151e-07
 1.55186e-07
 1.44379e-07
 1.34596e-07
 1.25721e-07
 1.17652e-07
