scalar
part
         1
quad4
 5.22881e-07
 4.85010e-07
 4.46788e-07
 4.09888e-07
 3.75236e-07
 3.43266e-07
 3.14099e-07
 2.87678e-07
 2.63846e-07
 2.42399e-07
 2.23115e-07
 2.05776e-07
 1.90174e-07
 1.76118e-07
 1.63437e-07
 1.51974e-07
 1.41595e-07
 1.32177e-07
 1.23615e-07
 1.15814e-07
 6.24042e-07
 5.67421e-07
 5.13644e-07
 4.64102e-07
 4.19289e-07
 3.79191e-07
 3.43533e-07
 3.11919e-07
 2.83920e-07
 2.59116e-07
 2.37114e-07
 2.17564e-07
 2.00153e-07
 1.84610e-07
 1.70698e-07
 1.58214e-07
 1.46981e-07
 1.36847e-07
 1.27680e-07
 1.19368e-07
 7.44560e-07
 6.62133e-07
 5.88139e-07
 5.22930e-07
 4.66018e-07
 4.16565e-07
 3.73643e-07
 3.36359e-07
 3.03905e-07
 2.75575e-07
 2.50765e-07
 2.28960e-07
 2.09728e-07
 1.92703e-07
 1.77577e-07
 1.64093e-07
 1.52031e-07
 1.41206e-07
 1.31460e-07
 1.22659e-07
 8.85132e-07
 7.68328e-07
 6.68960e-07
 5.85023e-07
 5.14214e-07
 4.54367e-07
 4.03599e-07
 3.60331e-07
 3.23269e-07
 2.91355e-07
 2.63731e-07
 2.39698e-07
 2.18684e-07
 2.00225e-07
 1.83936e-07
 1.69500e-07
 1.56654e-07
 1.45179e-07
 1.34892e-07
 1.25638e-07
 1.04368e-06
 8.83169e-07
 7.53443e-07
 6.48159e-07
 5.62118e-07
 4.91236e-07
 4.32354e-07
 3.83034e-07
 3.41398e-07
 3.05983e-07
 2.75647e-07
 2.49491e-07
 2.26799e-07
 2.07000e-07
 1.89632e-07
 1.74320e-07
 1.60759e-07
 1.48694e-07
 1.37918e-07
 1.28256e-07
 1.21354e-06
 1.00106e-06
 8.37312e-07
 7.09188e-07
 6.07437e-07
 5.25505e-07
 4.58690e-07
 4.03572e-07
 3.57625e-07
 3.18958e-07
 2.86134e-07
 2.58051e-07
 2.33849e-07
 2.12854e-07
 1.94531e-07
 1.78448e-07
 1.64260e-07
 1.51681e-07
 1.40481e-07
 1.30466e-07
 1.38202e-06
 1.11330e-06
 9.14730e-07
 7.64176e-07
 6.47486e-07
 5.55314e-07
 4.81302e-07
 4.21012e-07
 3.71276e-07
 3.29785e-07
 2.94824e-07
 2.65100e-07
 2.39623e-07
 2.17626e-07
 1.98505e-07
 1.81784e-07
 1.67078e-07
 1.54079e-07
 1.42532e-07
 1.32230e-07
 1.53054e-06
 1.20881e-06
 9.78877e-07
 8.08811e-07
 6.79467e-07
 5.78801e-07
 4.98919e-07
 4.34471e-07
 3.81725e-07
 3.38013e-07
 3.01385e-07
 2.70392e-07
 2.43936e-07
 2.21173e-07
 2.01448e-07
 1.84244e-07
 1.69149e-07
 1.55833e-07
 1.44028e-07
 1.33512e-07
 1.63790e-06
 1.27597e-06
 1.02307e-06
 8.39064e-07
 7.00854e-07
 5.94330e-07
 5.10453e-07
 4.43206e-07
 3.88454e-07
 3.43274e-07
 3.05553e-07
 2.73733e-07
 2.46642e-07
 2.23387e-07
 2.03274e-07
 1.85763e-07
 1.70421e-07
 1.56906e-07
 1.44938e-07
 1.34289e-07
 1.68627e-06
 1.30559e-06
 1.04220e-06
 8.51942e-07
 7.09815e-07
 6.00737e-07
 5.15141e-07
 4.46704e-07
 3.91108e-07
 3.45318e-07
 3.07148e-07
 2.74992e-07
 2.47646e-07
 2.24194e-07
 2.03929e-07
 1.86298e-07
 1.70862e-07
 1.57270e-07
 1.45241e-07
 1.34542e-07
 1.66736e-06
 1.29344e-06
 1.03396e-06
 8.46108e-07
 7.05539e-07
 5.97513e-07
 5.12651e-07
 4.44743e-07
 3.89536e-07
 3.44039e-07
 3.06094e-07
 2.74113e-07
 2.46906e-07
 2.23565e-07
 2.03390e-07
 1.85832e-07
 1.70457e-07
 1.56916e-07
 1.44929e-07
 1.34267e-07
 1.58507e-06
 1.24146e-06
 9.99386e-07
 8.22154e-07
 6.88384e-07
 5.84884e-07
 5.03134e-07
 4.37424e-07
 3.83810e-07
 3.39489e-07
 3.02429e-07
 2.71125e-07
 2.44443e-07
 2.21516e-07
 2.01669e-07
 1.84376e-07
 1.69215e-07
 1.55850e-07
 1.44008e-07
 1.33466e-07
 1.45353e-06
 1.15695e-06
 9.42525e-07
 7.82451e-07
 6.59802e-07
 5.63772e-07
 4.87193e-07
 4.25157e-07
 3.74210e-07
 3.31866e-07
 2.96297e-07
 2.66134e-07
 2.40337e-07
 2.18105e-07
 1.98813e-07
 1.81963e-07
 1.67163e-07
 1.54093e-07
 1.42495e-07
 1.32155e-07
 1.29224e-06
 1.05048e-06
 8.69434e-07
 7.30636e-07
 6.22064e-07
 5.35643e-07
 4.65803e-07
 4.08604e-07
 3.61202e-07
 3.21501e-07
 2.87935e-07
 2.59314e-07
 2.34718e-07
 2.13434e-07
 1.94896e-07
 1.78655e-07
 1.64348e-07
 1.51683e-07
 1.40418e-07
 1.30356e-07
 1.12064e-06
 9.33261e-07
 7.86862e-07
 6.70916e-07
 5.77875e-07
 5.02287e-07
 4.40178e-07
 3.88607e-07
 3.45377e-07
 3.08820e-07
 2.77658e-07
 2.50898e-07
 2.27762e-07
 2.07634e-07
 1.90022e-07
 1.74529e-07
 1.60833e-07
 1.48668e-07
 1.37819e-07
 1.28102e-07
 9.54060e-07
 8.15034e-07
 7.01075e-07
 6.07403e-07
 5.29987e-07
 4.65583e-07
 4.11623e-07
 3.66091e-07
 3.27403e-07
 2.94310e-07
 2.65824e-07
 2.41155e-07
 2.19672e-07
 2.00863e-07
 1.84313e-07
 1.69683e-07
 1.56692e-07
 1.45110e-07
 1.34744e-07
 1.25432e-07
 8.02245e-07
 7.02888e-07
 6.17082e-07
 5.43612e-07
 4.80882e-07
 4.27294e-07
 3.81407e-07
 3.41977e-07
 3.07957e-07
 2.78476e-07
 2.52814e-07
 2.30377e-07
 2.10672e-07
 1.93294e-07
 1.77904e-07
 1.64222e-07
 1.52012e-07
 1.41077e-07
 1.31251e-07
 1.22392e-07
 6.69743e-07
 6.01069e-07
 5.38337e-07
 4.82211e-07
 4.32570e-07
 3.88929e-07
 3.50661e-07
 3.17117e-07
 2.87684e-07
 2.61809e-07
 2.39006e-07
 2.18853e-07
 2.00989e-07
 1.85105e-07
 1.70937e-07
 1.58260e-07
 1.46883e-07
 1.36642e-07
 1.27398e-07
 1.19029e-07
 5.57395e-07
 5.11453e-07
 4.66829e-07
 4.24970e-07
 3.86524e-07
 3.51670e-07
 3.20318e-07
 2.92242e-07
 2.67156e-07
 2.44757e-07
 2.24751e-07
 2.06863e-07
 1.90845e-07
 1.76473e-07
 1.63553e-07
 1.51911e-07
 1.41398e-07
 1.31881e-07
 1.23247e-07
 1.15395e-07
 4.63876e-07
 4.34250e-07
 4.03381e-07
 3.72876e-07
 3.43696e-07
 3.16357e-07
 2.91088e-07
 2.67939e-07
 2.46852e-07
 2.27708e-07
 2.10363e-07
 1.94660e-07
 1.80444e-07
 1.67565e-07
 1.55888e-07
 1.45287e-07
 1.35647e-07
 1.26869e-07
 1.18861e-07
 1.11542e-07
