scalar
part
         1
quad4
 3.43144e-07
 3.31277e-07
 3.15837e-07
 2.98514e-07
 2.80475e-07
 2.62493e-07
 2.45058e-07
 2.28463e-07
 2.12863e-07
 1.98324e-07
 1.84854e-07
 1.72421e-07
 1.60976e-07
 1.50456e-07
 1.40792e-07
 1.31918e-07
 1.23765e-07
 1.16272e-07
 1.09379e-07
 1.03032e-07
 4.24710e-07
 4.00781e-07
 3.74632e-07
 3.48069e-07
 3.22195e-07
 2.97641e-07
 2.74726e-07
 2.53575e-07
 2.34190e-07
 2.16504e-07
 2.00412e-07
 1.85791e-07
 1.72512e-07
 1.60450e-07
 1.49487e-07
 1.39511e-07
 1.30422e-07
 1.22129e-07
 1.14551e-07
 1.07615e-07
 5.25344e-07
 4.83714e-07
 4.42792e-07
 4.04103e-07
 3.68364e-07
 3.35816e-07
 3.06429e-07
 2.80031e-07
 2.56382e-07
 2.35218e-07
 2.16276e-07
 1.99309e-07
 1.84090e-07
 1.70416e-07
 1.58106e-07
 1.46999e-07
 1.36957e-07
 1.27856e-07
 1.19590e-07
 1.12066e-07
 6.47738e-07
 5.81014e-07
 5.20367e-07
 4.66254e-07
 4.18460e-07
 3.76467e-07
 3.39648e-07
 3.07370e-07
 2.79041e-07
 2.54127e-07
 2.32161e-07
 2.12739e-07
 1.95515e-07
 1.80191e-07
 1.66515e-07
 1.54271e-07
 1.43277e-07
 1.33375e-07
 1.24431e-07
 1.16329e-07
 7.93304e-07
 6.92440e-07
 6.06470e-07
 5.33462e-07
 4.71461e-07
 4.18690e-07
 3.73618e-07
 3.34960e-07
 3.01650e-07
 2.72814e-07
 2.47730e-07
 2.25809e-07
 2.06563e-07
 1.89593e-07
 1.74566e-07
 1.61207e-07
 1.49283e-07
 1.38604e-07
 1.29005e-07
 1.20348e-07
 9.60825e-07
 8.15819e-07
 6.98873e-07
 6.03768e-07
 5.25749e-07
 4.61191e-07
 4.07319e-07
 3.62000e-07
 3.23586e-07
 2.90788e-07
 2.62597e-07
 2.38212e-07
 2.16994e-07
 1.98431e-07
 1.82105e-07
 1.67679e-07
 1.54874e-07
 1.43458e-07
 1.33243e-07
 1.24066e-07
 1.14482e-06
 9.46277e-07
 7.93682e-07
 6.74189e-07
 5.79084e-07
 5.02295e-07
 4.39498e-07
 3.87551e-07
 3.44135e-07
 3.07509e-07
 2.76346e-07
 2.49627e-07
 2.26556e-07
 2.06505e-07
 1.88975e-07
 1.73563e-07
 1.59946e-07
 1.47857e-07
 1.37078e-07
 1.27427e-07
 1.33402e-06
 1.07572e-06
 8.85219e-07
 7.40757e-07
 6.28676e-07
 5.40025e-07
 4.68738e-07
 4.10584e-07
 3.62543e-07
 3.22412e-07
 2.88553e-07
 2.59732e-07
 2.35000e-07
 2.13622e-07
 1.95022e-07
 1.78739e-07
 1.64405e-07
 1.51723e-07
 1.40448e-07
 1.30381e-07
 1.51072e-06
 1.19298e-06
 9.66321e-07
 7.98799e-07
 6.71415e-07
 5.72267e-07
 4.93572e-07
 4.30061e-07
 3.78063e-07
 3.34952e-07
 2.98814e-07
 2.68220e-07
 2.42094e-07
 2.19605e-07
 2.00108e-07
 1.83096e-07
 1.68163e-07
 1.54984e-07
 1.43296e-07
 1.32881e-07
 1.65207e-06
 1.28498e-06
 1.02923e-06
 8.43521e-07
 7.04239e-07
 5.97004e-07
 5.12636e-07
 4.45039e-07
 3.90027e-07
 3.44649e-07
 3.06774e-07
 2.74830e-07
 2.47638e-07
 2.24298e-07
 2.04114e-07
 1.86541e-07
 1.71146e-07
 1.57584e-07
 1.45574e-07
 1.34888e-07
 1.73477e-06
 1.33948e-06
 1.06704e-06
 8.70834e-07
 7.24608e-07
 6.12600e-07
 5.24842e-07
 4.54771e-07
 3.97912e-07
 3.51126e-07
 3.12160e-07
 2.79357e-07
 2.51479e-07
 2.27585e-07
 2.06949e-07
 1.89003e-07
 1.73298e-07
 1.59476e-07
 1.47246e-07
 1.36372e-07
 1.74341e-06
 1.34869e-06
 1.07549e-06
 8.78232e-07
 7.30980e-07
 6.18062e-07
 5.29528e-07
 4.58804e-07
 4.01397e-07
 3.54153e-07
 3.14801e-07
 2.81673e-07
 2.53520e-07
 2.29391e-07
 2.08554e-07
 1.90436e-07
 1.74582e-07
 1.60630e-07
 1.48287e-07
 1.37315e-07
 1.67773e-06
 1.31214e-06
 1.05418e-06
 8.65408e-07
 7.23119e-07
 6.13212e-07
 5.26557e-07
 4.57031e-07
 4.00400e-07
 3.53664e-07
 3.14646e-07
 2.81737e-07
 2.53726e-07
 2.29689e-07
 2.08907e-07
 1.90820e-07
 1.74981e-07
 1.61033e-07
 1.48686e-07
 1.37705e-07
 1.55298e-06
 1.23696e-06
 1.00671e-06
 8.34313e-07
 7.02135e-07
 5.98706e-07
 5.16330e-07
 4.49704e-07
 3.95082e-07
 3.49764e-07
 3.11764e-07
 2.79595e-07
 2.52130e-07
 2.28498e-07
 2.08022e-07
 1.90166e-07
 1.74502e-07
 1.60689e-07
 1.48446e-07
 1.37546e-07
 1.39278e-06
 1.13515e-06
 9.39591e-07
 7.88649e-07
 6.70232e-07
 5.75905e-07
 4.99715e-07
 4.37391e-07
 3.85824e-07
 3.42715e-07
 3.06337e-07
 2.75377e-07
 2.48824e-07
 2.25888e-07
 2.05948e-07
 1.88510e-07
 1.73174e-07
 1.59620e-07
 1.47584e-07
 1.36848e-07
 1.22019e-06
 1.01977e-06
 8.60409e-07
 7.32990e-07
 6.30252e-07
 5.46630e-07
 4.77907e-07
 4.20898e-07
 3.73180e-07
 3.32904e-07
 2.98641e-07
 2.69282e-07
 2.43954e-07
 2.21966e-07
 2.02768e-07
 1.85914e-07
 1.71044e-07
 1.57862e-07
 1.46127e-07
 1.35635e-07
 1.05231e-06
 9.01846e-07
 7.76236e-07
 6.71896e-07
 5.85185e-07
 5.12874e-07
 4.52263e-07
 4.01161e-07
 3.57808e-07
 3.20801e-07
 2.89018e-07
 2.61560e-07
 2.37707e-07
 2.16874e-07
 1.98588e-07
 1.82461e-07
 1.68174e-07
 1.55465e-07
 1.44114e-07
 1.33938e-07
 8.99139e-07
 7.89121e-07
 6.92642e-07
 6.09282e-07
 5.37766e-07
 4.76555e-07
 4.24138e-07
 3.79151e-07
 3.40411e-07
 3.06921e-07
 2.77846e-07
 2.52496e-07
 2.30297e-07
 2.10774e-07
 1.93534e-07
 1.78248e-07
 1.64643e-07
 1.52490e-07
 1.41595e-07
 1.31796e-07
 7.64929e-07
 6.86053e-07
 6.13413e-07
 5.48109e-07
 4.90230e-07
 4.39339e-07
 3.94768e-07
 3.55783e-07
 3.21671e-07
 2.91776e-07
 2.65516e-07
 2.42386e-07
 2.21953e-07
 2.03844e-07
 1.87744e-07
 1.73384e-07
 1.60536e-07
 1.49004e-07
 1.38624e-07
 1.29252e-07
 6.50256e-07
 5.94573e-07
 5.40726e-07
 4.90359e-07
 4.44232e-07
 4.02548e-07
 3.65188e-07
 3.31864e-07
 3.02212e-07
 2.75848e-07
 2.52400e-07
 2.31522e-07
 2.12902e-07
 1.96263e-07
 1.81361e-07
 1.67982e-07
 1.55943e-07
 1.45082e-07
 1.35260e-07
 1.26355e-07
