scalar
part
         1
quad4
 3.46697e-07
 3.34563e-07
 3.18806e-07
 3.01155e-07
 2.82800e-07
 2.64527e-07
 2.46833e-07
 2.30009e-07
 2.14210e-07
 1.99500e-07
 1.85882e-07
 1.73322e-07
 1.61769e-07
 1.51155e-07
 1.41411e-07
 1.32467e-07
 1.24255e-07
 1.16709e-07
 1.09771e-07
 1.03384e-07
 4.29009e-07
 4.04645e-07
 3.78031e-07
 3.51019e-07
 3.24736e-07
 2.99822e-07
 2.76596e-07
 2.55179e-07
 2.35570e-07
 2.17694e-07
 2.01442e-07
 1.86686e-07
 1.73293e-07
 1.61134e-07
 1.50088e-07
 1.40042e-07
 1.30893e-07
 1.22548e-07
 1.14926e-07
 1.07951e-07
 5.30559e-07
 4.88239e-07
 4.46649e-07
 4.07359e-07
 3.71102e-07
 3.38117e-07
 3.08366e-07
 2.81668e-07
 2.57770e-07
 2.36401e-07
 2.17290e-07
 2.00182e-07
 1.84846e-07
 1.71074e-07
 1.58681e-07
 1.47504e-07
 1.37403e-07
 1.28252e-07
 1.19942e-07
 1.12380e-07
 6.54033e-07
 5.86252e-07
 5.24674e-07
 4.69780e-07
 4.21348e-07
 3.78841e-07
 3.41610e-07
 3.09001e-07
 2.80406e-07
 2.55277e-07
 2.33137e-07
 2.13573e-07
 1.96231e-07
 1.80810e-07
 1.67053e-07
 1.54742e-07
 1.43691e-07
 1.33741e-07
 1.24755e-07
 1.16618e-07
 8.00774e-07
 6.98362e-07
 6.11147e-07
 5.37167e-07
 4.74415e-07
 4.21064e-07
 3.75543e-07
 3.36536e-07
 3.02953e-07
 2.73899e-07
 2.48643e-07
 2.26582e-07
 2.07224e-07
 1.90161e-07
 1.75058e-07
 1.61634e-07
 1.49658e-07
 1.38933e-07
 1.29296e-07
 1.20608e-07
 9.69379e-07
 8.22246e-07
 7.03738e-07
 6.07494e-07
 5.28640e-07
 4.63464e-07
 4.09130e-07
 3.63462e-07
 3.24779e-07
 2.91773e-07
 2.63418e-07
 2.38903e-07
 2.17581e-07
 1.98933e-07
 1.82538e-07
 1.68055e-07
 1.55202e-07
 1.43747e-07
 1.33497e-07
 1.24292e-07
 1.15400e-06
 9.52804e-07
 7.98417e-07
 6.77698e-07
 5.81738e-07
 5.04341e-07
 4.41102e-07
 3.88830e-07
 3.45169e-07
 3.08355e-07
 2.77047e-07
 2.50214e-07
 2.27052e-07
 2.06928e-07
 1.89338e-07
 1.73878e-07
 1.60221e-07
 1.48098e-07
 1.37291e-07
 1.27616e-07
 1.34284e-06
 1.08167e-06
 8.89367e-07
 7.43744e-07
 6.30887e-07
 5.41702e-07
 4.70037e-07
 4.11609e-07
 3.63365e-07
 3.23081e-07
 2.89106e-07
 2.60193e-07
 2.35389e-07
 2.13954e-07
 1.95307e-07
 1.78985e-07
 1.64620e-07
 1.51911e-07
 1.40615e-07
 1.30529e-07
 1.51763e-06
 1.19743e-06
 9.69337e-07
 8.00926e-07
 6.72967e-07
 5.73432e-07
 4.94469e-07
 4.30766e-07
 3.78627e-07
 3.35412e-07
 2.99193e-07
 2.68538e-07
 2.42362e-07
 2.19834e-07
 2.00305e-07
 1.83267e-07
 1.68313e-07
 1.55117e-07
 1.43413e-07
 1.32985e-07
 1.65530e-06
 1.28702e-06
 1.03059e-06
 8.44484e-07
 7.04945e-07
 5.97538e-07
 5.13052e-07
 4.45370e-07
 3.90296e-07
 3.44872e-07
 3.06961e-07
 2.74989e-07
 2.47775e-07
 2.24417e-07
 2.04218e-07
 1.86633e-07
 1.71228e-07
 1.57657e-07
 1.45640e-07
 1.34947e-07
 1.73308e-06
 1.33848e-06
 1.06643e-06
 8.70439e-07
 7.24350e-07
 6.12429e-07
 5.24729e-07
 4.54696e-07
 3.97862e-07
 3.51095e-07
 3.12142e-07
 2.79348e-07
 2.51477e-07
 2.27588e-07
 2.06955e-07
 1.89011e-07
 1.73308e-07
 1.59487e-07
 1.47258e-07
 1.36385e-07
 1.73670e-06
 1.34458e-06
 1.07285e-06
 8.76449e-07
 7.29736e-07
 6.17170e-07
 5.28873e-07
 4.58313e-07
 4.01022e-07
 3.53863e-07
 3.14574e-07
 2.81493e-07
 2.53376e-07
 2.29276e-07
 2.08461e-07
 1.90359e-07
 1.74519e-07
 1.60578e-07
 1.48244e-07
 1.37280e-07
 1.66712e-06
 1.30545e-06
 1.04976e-06
 8.62375e-07
 7.20968e-07
 6.11644e-07
 5.25388e-07
 4.56141e-07
 3.99711e-07
 3.53123e-07
 3.14215e-07
 2.81390e-07
 2.53444e-07
 2.29457e-07
 2.08715e-07
 1.90660e-07
 1.74846e-07
 1.60919e-07
 1.48589e-07
 1.37623e-07
 1.54022e-06
 1.22857e-06
 1.00100e-06
 8.30300e-07
 6.99236e-07
 5.96561e-07
 5.14709e-07
 4.48457e-07
 3.94107e-07
 3.48991e-07
 3.11142e-07
 2.79091e-07
 2.51716e-07
 2.28155e-07
 2.07735e-07
 1.89924e-07
 1.74298e-07
 1.60515e-07
 1.48297e-07
 1.37417e-07
 1.37949e-06
 1.12600e-06
 9.33134e-07
 7.83985e-07
 6.66789e-07
 5.73314e-07
 4.97729e-07
 4.35844e-07
 3.84602e-07
 3.41737e-07
 3.05545e-07
 2.74729e-07
 2.48288e-07
 2.25442e-07
 2.05573e-07
 1.88192e-07
 1.72904e-07
 1.59388e-07
 1.47384e-07
 1.36675e-07
 1.20750e-06
 1.01060e-06
 8.53696e-07
 7.27996e-07
 6.26478e-07
 5.43734e-07
 4.75653e-07
 4.19119e-07
 3.71759e-07
 3.31755e-07
 2.97703e-07
 2.68508e-07
 2.43310e-07
 2.21427e-07
 2.02312e-07
 1.85526e-07
 1.70712e-07
 1.57576e-07
 1.45879e-07
 1.35420e-07
 1.04083e-06
 8.93168e-07
 7.69641e-07
 6.66841e-07
 5.81270e-07
 5.09808e-07
 4.49836e-07
 3.99219e-07
 3.56238e-07
 3.19519e-07
 2.87961e-07
 2.60682e-07
 2.36972e-07
 2.16254e-07
 1.98061e-07
 1.82010e-07
 1.67787e-07
 1.55130e-07
 1.43823e-07
 1.33684e-07
 8.89069e-07
 7.81193e-07
 6.86407e-07
 6.04363e-07
 5.33862e-07
 4.73436e-07
 4.21626e-07
 3.77111e-07
 3.38741e-07
 3.05542e-07
 2.76700e-07
 2.51536e-07
 2.29487e-07
 2.10086e-07
 1.92946e-07
 1.77743e-07
 1.64207e-07
 1.52111e-07
 1.41264e-07
 1.31506e-07
 7.56245e-07
 6.78971e-07
 6.07668e-07
 5.43453e-07
 4.86449e-07
 4.36257e-07
 3.92243e-07
 3.53703e-07
 3.19946e-07
 2.90336e-07
 2.64307e-07
 2.41365e-07
 2.21085e-07
 2.03102e-07
 1.87106e-07
 1.72833e-07
 1.60057e-07
 1.48587e-07
 1.38258e-07
 1.28930e-07
 6.42829e-07
 5.88331e-07
 5.35521e-07
 4.86036e-07
 4.40645e-07
 3.99568e-07
 3.62706e-07
 3.29789e-07
 3.00470e-07
 2.74378e-07
 2.51153e-07
 2.30460e-07
 2.11992e-07
 1.95480e-07
 1.80684e-07
 1.67394e-07
 1.55430e-07
 1.44633e-07
 1.34864e-07
 1.26006e-07
