scalar
part
         1
quad4
 5.28948e-07
 4.89228e-07
 4.49599e-07
 4.11632e-07
 3.76173e-07
 3.43592e-07
 3.13965e-07
 2.87200e-07
 2.63112e-07
 2.41477e-07
 2.22057e-07
 2.04623e-07
 1.88957e-07
 1.74861e-07
 1.62158e-07
 1.50689e-07
 1.40312e-07
 1.30906e-07
 1.22361e-07
 1.14583e-07
 6.28098e-07
 5.69760e-07
 5.14748e-07
 4.64317e-07
 4.18867e-07
 3.78316e-07
 3.42338e-07
 3.10504e-07
 2.82358e-07
 2.57460e-07
 2.35406e-07
 2.15833e-07
 1.98421e-07
 1.82893e-07
 1.69008e-07
 1.56559e-07
 1.45366e-07
 1.35276e-07
 1.26155e-07
 1.17890e-07
 7.45612e-07
 6.61856e-07
 5.86988e-07
 5.21208e-07
 4.63931e-07
 4.14255e-07
 3.71209e-07
 3.33869e-07
 3.01408e-07
 2.73104e-07
 2.48341e-07
 2.26600e-07
 2.07440e-07
 1.90493e-07
 1.75449e-07
 1.62047e-07
 1.50066e-07
 1.39320e-07
 1.29651e-07
 1.20925e-07
 8.81935e-07
 7.64572e-07
 6.64945e-07
 5.80927e-07
 5.10144e-07
 4.50389e-07
 3.99750e-07
 3.56635e-07
 3.19737e-07
 2.87991e-07
 2.60533e-07
 2.36662e-07
 2.15805e-07
 1.97494e-07
 1.81347e-07
 1.67044e-07
 1.54324e-07
 1.42968e-07
 1.32792e-07
 1.23641e-07
 1.03480e-06
 8.75000e-07
 7.45938e-07
 6.41256e-07
 5.55760e-07
 4.85370e-07
 4.26932e-07
 3.78016e-07
 3.36744e-07
 3.01660e-07
 2.71625e-07
 2.45742e-07
 2.23299e-07
 2.03726e-07
 1.86565e-07
 1.71443e-07
 1.58054e-07
 1.46149e-07
 1.35519e-07
 1.25991e-07
 1.19753e-06
 9.87578e-07
 8.25738e-07
 6.99094e-07
 5.98528e-07
 5.17567e-07
 4.51565e-07
 3.97137e-07
 3.51781e-07
 3.13626e-07
 2.81251e-07
 2.53561e-07
 2.29707e-07
 2.09022e-07
 1.90975e-07
 1.75140e-07
 1.61175e-07
 1.48798e-07
 1.37780e-07
 1.27931e-07
 1.35767e-06
 1.09381e-06
 8.98645e-07
 7.50602e-07
 6.35835e-07
 5.45177e-07
 4.72386e-07
 4.13099e-07
 3.64201e-07
 3.23417e-07
 2.89059e-07
 2.59856e-07
 2.34831e-07
 2.13229e-07
 1.94457e-07
 1.78043e-07
 1.63612e-07
 1.50857e-07
 1.39529e-07
 1.29425e-07
 1.49722e-06
 1.18291e-06
 9.58046e-07
 7.91613e-07
 6.64983e-07
 5.66408e-07
 4.88178e-07
 4.25062e-07
 3.73407e-07
 3.30603e-07
 2.94739e-07
 2.64396e-07
 2.38497e-07
 2.16216e-07
 1.96911e-07
 1.80075e-07
 1.65305e-07
 1.52277e-07
 1.40728e-07
 1.30442e-07
 1.59568e-06
 1.24372e-06
 9.97529e-07
 8.18276e-07
 6.83572e-07
 5.79714e-07
 4.97917e-07
 4.32328e-07
 3.78919e-07
 3.34844e-07
 2.98045e-07
 2.67001e-07
 2.40571e-07
 2.17882e-07
 1.98260e-07
 1.81175e-07
 1.66208e-07
 1.53023e-07
 1.41347e-07
 1.30959e-07
 1.63595e-06
 1.26747e-06
 1.01227e-06
 8.27790e-07
 6.89899e-07
 5.84023e-07
 5.00907e-07
 4.34433e-07
 3.80417e-07
 3.35918e-07
 2.98818e-07
 2.67558e-07
 2.40970e-07
 2.18166e-07
 1.98458e-07
 1.81309e-07
 1.66295e-07
 1.53074e-07
 1.41371e-07
 1.30962e-07
 1.61038e-06
 1.25036e-06
 1.00024e-06
 8.19006e-07
 6.83286e-07
 5.78917e-07
 4.96883e-07
 4.31204e-07
 3.77786e-07
 3.33747e-07
 2.97004e-07
 2.66028e-07
 2.39667e-07
 2.17047e-07
 1.97490e-07
 1.80467e-07
 1.65557e-07
 1.52423e-07
 1.40795e-07
 1.30450e-07
 1.52345e-06
 1.19469e-06
 9.62721e-07
 7.92681e-07
 6.64202e-07
 5.64704e-07
 4.86050e-07
 4.22784e-07
 3.71129e-07
 3.28403e-07
 2.92659e-07
 2.62452e-07
 2.36693e-07
 2.14550e-07
 1.95376e-07
 1.78663e-07
 1.64006e-07
 1.51082e-07
 1.39627e-07
 1.29428e-07
 1.38968e-06
 1.10801e-06
 9.03922e-07
 7.51299e-07
 6.34182e-07
 5.42363e-07
 4.69058e-07
 4.09615e-07
 3.60753e-07
 3.20108e-07
 2.85941e-07
 2.56948e-07
 2.32137e-07
 2.10743e-07
 1.92168e-07
 1.75937e-07
 1.61674e-07
 1.49074e-07
 1.37888e-07
 1.27912e-07
 1.22856e-06
 1.00093e-06
 8.29955e-07
 6.98547e-07
 5.95537e-07
 5.13396e-07
 4.46909e-07
 3.92382e-07
 3.47138e-07
 3.09204e-07
 2.77101e-07
 2.49701e-07
 2.26138e-07
 2.05731e-07
 1.87946e-07
 1.72354e-07
 1.58612e-07
 1.46440e-07
 1.35609e-07
 1.25929e-07
 1.05914e-06
 8.84526e-07
 7.47508e-07
 6.38611e-07
 5.50971e-07
 4.79596e-07
 4.20823e-07
 3.71934e-07
 3.30886e-07
 2.96125e-07
 2.66456e-07
 2.40949e-07
 2.18874e-07
 1.99651e-07
 1.82816e-07
 1.67996e-07
 1.54884e-07
 1.43231e-07
 1.32832e-07
 1.23513e-07
 8.96201e-07
 7.68238e-07
 6.62699e-07
 5.75524e-07
 5.03193e-07
 4.42819e-07
 3.92096e-07
 3.49192e-07
 3.12662e-07
 2.81359e-07
 2.54369e-07
 2.30963e-07
 2.10552e-07
 1.92662e-07
 1.76904e-07
 1.62960e-07
 1.50568e-07
 1.39510e-07
 1.29606e-07
 1.20703e-07
 7.48871e-07
 6.58805e-07
 5.80331e-07
 5.12683e-07
 4.54613e-07
 4.04789e-07
 3.61970e-07
 3.25063e-07
 2.93135e-07
 2.65405e-07
 2.41217e-07
 2.20031e-07
 2.01396e-07
 1.84938e-07
 1.70344e-07
 1.57354e-07
 1.45749e-07
 1.35346e-07
 1.25989e-07
 1.17545e-07
 6.21194e-07
 5.60144e-07
 5.03647e-07
 4.52618e-07
 4.07156e-07
 3.66957e-07
 3.31540e-07
 3.00373e-07
 2.72934e-07
 2.48743e-07
 2.27371e-07
 2.08442e-07
 1.91630e-07
 1.76655e-07
 1.63277e-07
 1.51290e-07
 1.40518e-07
 1.30811e-07
 1.22039e-07
 1.14089e-07
 5.13641e-07
 4.73857e-07
 4.34445e-07
 3.96969e-07
 3.62204e-07
 3.30442e-07
 3.01697e-07
 2.75825e-07
 2.52611e-07
 2.31810e-07
 2.13174e-07
 1.96466e-07
 1.81469e-07
 1.67987e-07
 1.55842e-07
 1.44881e-07
 1.34968e-07
 1.25981e-07
 1.17818e-07
 1.10386e-07
 4.24658e-07
 3.99960e-07
 3.73394e-07
 3.46609e-07
 3.20625e-07
 2.96027e-07
 2.73108e-07
 2.51975e-07
 2.32623e-07
 2.14976e-07
 1.98927e-07
 1.84349e-07
 1.71114e-07
 1.59095e-07
 1.48173e-07
 1.38237e-07
 1.29186e-07
 1.20930e-07
 1.13388e-07
 1.06486e-07
