scalar
part
         1
quad4
 6.22044e-07
 5.70798e-07
 5.20816e-07
 4.73739e-07
 4.30369e-07
 3.90975e-07
 3.55508e-07
 3.23744e-07
 2.95378e-07
 2.70076e-07
 2.47506e-07
 2.27357e-07
 2.09345e-07
 1.93213e-07
 1.78738e-07
 1.65719e-07
 1.53983e-07
 1.43381e-07
 1.33779e-07
 1.25062e-07
 7.33432e-07
 6.60216e-07
 5.92310e-07
 5.30890e-07
 4.76161e-07
 4.27811e-07
 3.85286e-07
 3.47950e-07
 3.15169e-07
 2.86354e-07
 2.60973e-07
 2.38563e-07
 2.18721e-07
 2.01101e-07
 1.85407e-07
 1.71386e-07
 1.58821e-07
 1.47529e-07
 1.37351e-07
 1.28151e-07
 8.64326e-07
 7.61468e-07
 6.70703e-07
 5.91838e-07
 5.23837e-07
 4.65374e-07
 4.15109e-07
 3.71815e-07
 3.34414e-07
 3.01990e-07
 2.73769e-07
 2.49107e-07
 2.27466e-07
 2.08399e-07
 1.91533e-07
 1.76557e-07
 1.63209e-07
 1.51270e-07
 1.40555e-07
 1.30907e-07
 1.01456e-06
 8.72984e-07
 7.54088e-07
 6.54792e-07
 5.71873e-07
 5.02427e-07
 4.43998e-07
 3.94569e-07
 3.52511e-07
 3.16515e-07
 2.85528e-07
 2.58702e-07
 2.35355e-07
 2.14930e-07
 1.96974e-07
 1.81118e-07
 1.67054e-07
 1.54528e-07
 1.43329e-07
 1.33281e-07
 1.18063e-06
 9.90840e-07
 8.39039e-07
 7.17017e-07
 6.18172e-07
 5.37389e-07
 4.70763e-07
 4.15322e-07
 3.68791e-07
 3.29423e-07
 2.95863e-07
 2.67052e-07
 2.42157e-07
 2.20513e-07
 2.01590e-07
 1.84958e-07
 1.70267e-07
 1.57233e-07
 1.45618e-07
 1.35226e-07
 1.35371e-06
 1.10802e-06
 9.20392e-07
 7.74824e-07
 6.60117e-07
 5.68400e-07
 4.94079e-07
 4.33116e-07
 3.82554e-07
 3.40197e-07
 3.04390e-07
 2.73867e-07
 2.47652e-07
 2.24981e-07
 2.05249e-07
 1.87974e-07
 1.72770e-07
 1.59321e-07
 1.47369e-07
 1.36702e-07
 1.51826e-06
 1.21423e-06
 9.91439e-07
 8.23813e-07
 6.94784e-07
 5.93487e-07
 5.12587e-07
 4.47002e-07
 3.93127e-07
 3.48354e-07
 3.10755e-07
 2.78886e-07
 2.51645e-07
 2.28184e-07
 2.07837e-07
 1.90080e-07
 1.74493e-07
 1.60738e-07
 1.48540e-07
 1.37674e-07
 1.65266e-06
 1.29698e-06
 1.04474e-06
 8.59427e-07
 7.19299e-07
 6.10784e-07
 5.25047e-07
 4.56137e-07
 3.99926e-07
 3.53479e-07
 3.14661e-07
 2.81891e-07
 2.53976e-07
 2.30003e-07
 2.09265e-07
 1.91206e-07
 1.75383e-07
 1.61443e-07
 1.49099e-07
 1.38116e-07
 1.73367e-06
 1.34412e-06
 1.07359e-06
 8.77768e-07
 7.31301e-07
 6.18811e-07
 5.30503e-07
 4.59887e-07
 4.02520e-07
 3.55275e-07
 3.15898e-07
 2.82732e-07
 2.54534e-07
 2.30358e-07
 2.09472e-07
 1.91306e-07
 1.75406e-07
 1.61410e-07
 1.49025e-07
 1.38014e-07
 1.74436e-06
 1.34744e-06
 1.07370e-06
 8.76447e-07
 7.29394e-07
 6.16721e-07
 5.28423e-07
 4.57908e-07
 4.00681e-07
 3.53588e-07
 3.14361e-07
 2.81337e-07
 2.53269e-07
 2.29211e-07
 2.08432e-07
 1.90361e-07
 1.74546e-07
 1.60626e-07
 1.48310e-07
 1.37360e-07
 1.68126e-06
 1.30552e-06
 1.04441e-06
 8.55173e-07
 7.13449e-07
 6.04460e-07
 5.18791e-07
 4.50203e-07
 3.94421e-07
 3.48432e-07
 3.10064e-07
 2.77718e-07
 2.50193e-07
 2.26574e-07
 2.06154e-07
 1.88380e-07
 1.72812e-07
 1.59100e-07
 1.46960e-07
 1.36159e-07
 1.55576e-06
 1.22416e-06
 9.88945e-07
 8.15836e-07
 6.84637e-07
 5.82786e-07
 5.02115e-07
 4.37122e-07
 3.83986e-07
 3.39986e-07
 3.03140e-07
 2.71975e-07
 2.45381e-07
 2.22505e-07
 2.02684e-07
 1.85399e-07
 1.70234e-07
 1.56856e-07
 1.44994e-07
 1.34429e-07
 1.38875e-06
 1.11426e-06
 9.13410e-07
 7.62050e-07
 6.45198e-07
 5.53140e-07
 4.79352e-07
 4.19320e-07
 3.69837e-07
 3.28580e-07
 2.93828e-07
 2.64287e-07
 2.38969e-07
 2.17107e-07
 1.98104e-07
 1.81481e-07
 1.66860e-07
 1.53932e-07
 1.42445e-07
 1.32195e-07
 1.20304e-06
 9.88574e-07
 8.25275e-07
 6.98383e-07
 5.98025e-07
 5.17416e-07
 4.51778e-07
 3.97676e-07
 3.52594e-07
 3.14660e-07
 2.82456e-07
 2.54897e-07
 2.31140e-07
 2.10522e-07
 1.92520e-07
 1.76712e-07
 1.62758e-07
 1.50382e-07
 1.39356e-07
 1.29491e-07
 1.01787e-06
 8.58811e-07
 7.31853e-07
 6.29521e-07
 5.46202e-07
 4.77690e-07
 4.20820e-07
 3.73193e-07
 3.32975e-07
 2.98748e-07
 2.69410e-07
 2.44094e-07
 2.22114e-07
 2.02918e-07
 1.86065e-07
 1.71194e-07
 1.58010e-07
 1.46273e-07
 1.35779e-07
 1.26362e-07
 8.46401e-07
 7.33962e-07
 6.39245e-07
 5.59626e-07
 4.92598e-07
 4.35968e-07
 3.87903e-07
 3.46897e-07
 3.11726e-07
 2.81396e-07
 2.55104e-07
 2.32193e-07
 2.12132e-07
 1.94482e-07
 1.78885e-07
 1.65043e-07
 1.52709e-07
 1.41677e-07
 1.31775e-07
 1.22856e-07
 6.95651e-07
 6.19791e-07
 5.51842e-07
 4.91953e-07
 4.39602e-07
 3.94003e-07
 3.54319e-07
 3.19747e-07
 2.89568e-07
 2.63151e-07
 2.39953e-07
 2.19514e-07
 2.01442e-07
 1.85409e-07
 1.71134e-07
 1.58382e-07
 1.46952e-07
 1.36676e-07
 1.27409e-07
 1.19026e-07
 5.67830e-07
 5.19160e-07
 4.72318e-07
 4.28740e-07
 3.89002e-07
 3.53194e-07
 3.21151e-07
 2.92581e-07
 2.67149e-07
 2.44513e-07
 2.24350e-07
 2.06364e-07
 1.90289e-07
 1.75892e-07
 1.62967e-07
 1.51335e-07
 1.40842e-07
 1.31351e-07
 1.22748e-07
 1.14928e-07
 4.62059e-07
 4.32768e-07
 4.01901e-07
 3.71285e-07
 3.41983e-07
 3.14552e-07
 2.89233e-07
 2.66075e-07
 2.45012e-07
 2.25920e-07
 2.08645e-07
 1.93025e-07
 1.78898e-07
 1.66114e-07
 1.54532e-07
 1.44025e-07
 1.34476e-07
 1.25785e-07
 1.17859e-07
 1.10619e-07
 3.75878e-07
 3.59939e-07
 3.40772e-07
 3.20134e-07
 2.99201e-07
 2.78724e-07
 2.59154e-07
 2.40739e-07
 2.23590e-07
 2.07732e-07
 1.93136e-07
 1.79742e-07
 1.67473e-07
 1.56243e-07
 1.45968e-07
 1.36564e-07
 1.27951e-07
 1.20055e-07
 1.12810e-07
 1.06153e-07
