scalar
part
         1
quad4
 3.38793e-07
 3.28020e-07
 3.13427e-07
 2.96755e-07
 2.79211e-07
 2.61605e-07
 2.44457e-07
 2.28078e-07
 2.12643e-07
 1.98229e-07
 1.84853e-07
 1.72492e-07
 1.61101e-07
 1.50620e-07
 1.40987e-07
 1.32133e-07
 1.23996e-07
 1.16513e-07
 1.09626e-07
 1.03283e-07
 4.20588e-07
 3.97869e-07
 3.72613e-07
 3.46704e-07
 3.21307e-07
 2.97101e-07
 2.74439e-07
 2.53472e-07
 2.34221e-07
 2.16632e-07
 2.00609e-07
 1.86037e-07
 1.72793e-07
 1.60754e-07
 1.49804e-07
 1.39837e-07
 1.30752e-07
 1.22459e-07
 1.14879e-07
 1.07939e-07
 5.21759e-07
 4.81404e-07
 4.41367e-07
 4.03288e-07
 3.67970e-07
 3.35712e-07
 3.06524e-07
 2.80261e-07
 2.56702e-07
 2.35597e-07
 2.16693e-07
 1.99748e-07
 1.84540e-07
 1.70869e-07
 1.58556e-07
 1.47443e-07
 1.37391e-07
 1.28280e-07
 1.20002e-07
 1.12465e-07
 6.45135e-07
 5.79642e-07
 5.19781e-07
 4.66167e-07
 4.18688e-07
 3.76891e-07
 3.40190e-07
 3.07981e-07
 2.79686e-07
 2.54785e-07
 2.32818e-07
 2.13386e-07
 1.96145e-07
 1.80801e-07
 1.67104e-07
 1.54838e-07
 1.43820e-07
 1.33895e-07
 1.24929e-07
 1.16806e-07
 7.92280e-07
 6.92414e-07
 6.06998e-07
 5.34289e-07
 4.72437e-07
 4.19728e-07
 3.74668e-07
 3.35993e-07
 3.02651e-07
 2.73773e-07
 2.48643e-07
 2.26675e-07
 2.07383e-07
 1.90369e-07
 1.75299e-07
 1.61899e-07
 1.49938e-07
 1.39223e-07
 1.29591e-07
 1.20904e-07
 9.62104e-07
 8.17584e-07
 7.00791e-07
 6.05680e-07
 5.27583e-07
 4.62915e-07
 4.08925e-07
 3.63489e-07
 3.24963e-07
 2.92062e-07
 2.63776e-07
 2.39305e-07
 2.18009e-07
 1.99374e-07
 1.82985e-07
 1.68500e-07
 1.55641e-07
 1.44177e-07
 1.33917e-07
 1.24700e-07
 1.14914e-06
 9.50237e-07
 7.97214e-07
 6.77315e-07
 5.81850e-07
 5.04750e-07
 4.41686e-07
 3.89512e-07
 3.45900e-07
 3.09104e-07
 2.77795e-07
 2.50949e-07
 2.27766e-07
 2.07617e-07
 1.90000e-07
 1.74512e-07
 1.60826e-07
 1.48675e-07
 1.37841e-07
 1.28140e-07
 1.34192e-06
 1.08212e-06
 8.90472e-07
 7.45145e-07
 6.32395e-07
 5.43218e-07
 4.71510e-07
 4.13014e-07
 3.64691e-07
 3.24325e-07
 2.90269e-07
 2.61279e-07
 2.36402e-07
 2.14900e-07
 1.96191e-07
 1.79812e-07
 1.65394e-07
 1.52637e-07
 1.41297e-07
 1.31170e-07
 1.52224e-06
 1.20174e-06
 9.73231e-07
 8.04392e-07
 6.76042e-07
 5.76162e-07
 4.96899e-07
 4.32938e-07
 3.80577e-07
 3.37169e-07
 3.00784e-07
 2.69983e-07
 2.43681e-07
 2.21041e-07
 2.01415e-07
 1.84290e-07
 1.69258e-07
 1.55993e-07
 1.44227e-07
 1.33744e-07
 1.66651e-06
 1.29572e-06
 1.03754e-06
 8.50153e-07
 7.09660e-07
 6.01522e-07
 5.16462e-07
 4.48321e-07
 3.92875e-07
 3.47145e-07
 3.08979e-07
 2.76793e-07
 2.49397e-07
 2.25884e-07
 2.05551e-07
 1.87849e-07
 1.72342e-07
 1.58681e-07
 1.46585e-07
 1.35822e-07
 1.75089e-06
 1.35151e-06
 1.07635e-06
 8.78254e-07
 7.30660e-07
 6.17629e-07
 5.29087e-07
 4.58401e-07
 4.01051e-07
 3.53868e-07
 3.14575e-07
 2.81501e-07
 2.53395e-07
 2.29307e-07
 2.08505e-07
 1.90416e-07
 1.74587e-07
 1.60656e-07
 1.48330e-07
 1.37373e-07
 1.75986e-06
 1.36124e-06
 1.08535e-06
 8.86151e-07
 7.37469e-07
 6.23469e-07
 5.34098e-07
 4.62712e-07
 4.04776e-07
 3.57102e-07
 3.17396e-07
 2.83973e-07
 2.55572e-07
 2.31234e-07
 2.10217e-07
 1.91943e-07
 1.75954e-07
 1.61885e-07
 1.49439e-07
 1.38376e-07
 1.69352e-06
 1.32459e-06
 1.06416e-06
 8.73546e-07
 7.29853e-07
 6.18859e-07
 5.31351e-07
 4.61144e-07
 4.03963e-07
 3.56777e-07
 3.17387e-07
 2.84168e-07
 2.55895e-07
 2.31634e-07
 2.10662e-07
 1.92410e-07
 1.76429e-07
 1.62356e-07
 1.49899e-07
 1.38822e-07
 1.56764e-06
 1.24890e-06
 1.01652e-06
 8.42440e-07
 7.08942e-07
 6.04466e-07
 5.21252e-07
 4.53948e-07
 3.98772e-07
 3.52997e-07
 3.14616e-07
 2.82128e-07
 2.54392e-07
 2.30530e-07
 2.09855e-07
 1.91827e-07
 1.76015e-07
 1.62071e-07
 1.49713e-07
 1.38711e-07
 1.40620e-06
 1.14639e-06
 9.49015e-07
 7.96593e-07
 6.76973e-07
 5.81668e-07
 5.04679e-07
 4.41698e-07
 3.89588e-07
 3.46025e-07
 3.09267e-07
 2.77985e-07
 2.51157e-07
 2.27986e-07
 2.07844e-07
 1.90229e-07
 1.74740e-07
 1.61052e-07
 1.48897e-07
 1.38057e-07
 1.23241e-06
 1.03022e-06
 8.69338e-07
 7.40635e-07
 6.36824e-07
 5.52308e-07
 4.82841e-07
 4.25208e-07
 3.76968e-07
 3.36251e-07
 3.01615e-07
 2.71937e-07
 2.46336e-07
 2.24113e-07
 2.04710e-07
 1.87679e-07
 1.72653e-07
 1.59334e-07
 1.47478e-07
 1.36880e-07
 1.06342e-06
 9.11500e-07
 7.84614e-07
 6.79172e-07
 5.91516e-07
 5.18401e-07
 4.57107e-07
 4.05425e-07
 3.61579e-07
 3.24150e-07
 2.92006e-07
 2.64238e-07
 2.40117e-07
 2.19051e-07
 2.00562e-07
 1.84258e-07
 1.69816e-07
 1.56969e-07
 1.45496e-07
 1.35212e-07
 9.09208e-07
 7.97997e-07
 7.00451e-07
 6.16149e-07
 5.43808e-07
 4.81883e-07
 4.28849e-07
 3.83328e-07
 3.44129e-07
 3.10241e-07
 2.80823e-07
 2.55175e-07
 2.32716e-07
 2.12966e-07
 1.95527e-07
 1.80066e-07
 1.66306e-07
 1.54016e-07
 1.42999e-07
 1.33092e-07
 7.74043e-07
 6.94188e-07
 6.20656e-07
 5.54550e-07
 4.95957e-07
 4.44436e-07
 3.99312e-07
 3.59844e-07
 3.25308e-07
 2.95042e-07
 2.68459e-07
 2.45046e-07
 2.24363e-07
 2.06035e-07
 1.89742e-07
 1.75211e-07
 1.62211e-07
 1.50545e-07
 1.40043e-07
 1.30564e-07
 6.58496e-07
 6.02011e-07
 5.47420e-07
 4.96374e-07
 4.49632e-07
 4.07396e-07
 3.69545e-07
 3.35785e-07
 3.05746e-07
 2.79040e-07
 2.55290e-07
 2.34145e-07
 2.15289e-07
 1.98441e-07
 1.83352e-07
 1.69809e-07
 1.57622e-07
 1.46629e-07
 1.36688e-07
 1.27677e-07
