scalar
part
         1
quad4
 4.97910e-07
 4.63646e-07
 4.28681e-07
 3.94628e-07
 3.62410e-07
 3.32490e-07
 3.05036e-07
 2.80040e-07
 2.57391e-07
 2.36925e-07
 2.18457e-07
 2.01797e-07
 1.86762e-07
 1.73182e-07
 1.60900e-07
 1.49775e-07
 1.39682e-07
 1.30508e-07
 1.22153e-07
 1.14531e-07
 5.95282e-07
 5.43492e-07
 4.93883e-07
 4.47836e-07
 4.05904e-07
 3.68159e-07
 3.34412e-07
 3.04349e-07
 2.77609e-07
 2.53830e-07
 2.32666e-07
 2.13803e-07
 1.96959e-07
 1.81885e-07
 1.68364e-07
 1.56206e-07
 1.45247e-07
 1.35344e-07
 1.26373e-07
 1.18227e-07
 7.11634e-07
 6.35639e-07
 5.66906e-07
 5.05913e-07
 4.52340e-07
 4.05522e-07
 3.64679e-07
 3.29039e-07
 2.97891e-07
 2.70604e-07
 2.46631e-07
 2.25503e-07
 2.06821e-07
 1.90246e-07
 1.75492e-07
 1.62314e-07
 1.50507e-07
 1.39896e-07
 1.30329e-07
 1.21680e-07
 8.47982e-07
 7.39591e-07
 6.46704e-07
 5.67705e-07
 5.00646e-07
 4.43654e-07
 3.95069e-07
 3.53485e-07
 3.17731e-07
 2.86841e-07
 2.60025e-07
 2.36635e-07
 2.16138e-07
 1.98096e-07
 1.82146e-07
 1.67988e-07
 1.55372e-07
 1.44088e-07
 1.33960e-07
 1.24839e-07
 1.00293e-06
 8.53050e-07
 7.30990e-07
 6.31240e-07
 5.49221e-07
 4.81291e-07
 4.24599e-07
 3.76924e-07
 3.36536e-07
 3.02080e-07
 2.72490e-07
 2.46917e-07
 2.24687e-07
 2.05257e-07
 1.88186e-07
 1.73115e-07
 1.59750e-07
 1.47847e-07
 1.37204e-07
 1.27653e-07
 1.17105e-06
 9.71196e-07
 8.15955e-07
 6.93640e-07
 5.95927e-07
 5.16852e-07
 4.52094e-07
 3.98481e-07
 3.53652e-07
 3.15826e-07
 2.83645e-07
 2.56058e-07
 2.32243e-07
 2.11553e-07
 1.93472e-07
 1.77583e-07
 1.63551e-07
 1.51100e-07
 1.40004e-07
 1.30075e-07
 1.34142e-06
 1.08628e-06
 8.96239e-07
 7.51204e-07
 6.38190e-07
 5.48526e-07
 4.76267e-07
 4.17227e-07
 3.68398e-07
 3.27577e-07
 2.93117e-07
 2.63773e-07
 2.38587e-07
 2.16816e-07
 1.97872e-07
 1.81290e-07
 1.66695e-07
 1.53783e-07
 1.42307e-07
 1.32062e-07
 1.49739e-06
 1.18800e-06
 9.65332e-07
 7.99728e-07
 6.73230e-07
 5.74438e-07
 4.95824e-07
 4.32253e-07
 3.80127e-07
 3.36860e-07
 3.00557e-07
 2.69803e-07
 2.43524e-07
 2.20895e-07
 2.01272e-07
 1.84145e-07
 1.69109e-07
 1.55838e-07
 1.44067e-07
 1.33578e-07
 1.61875e-06
 1.26493e-06
 1.01649e-06
 8.35062e-07
 6.98411e-07
 5.92859e-07
 5.09603e-07
 4.42762e-07
 3.88277e-07
 3.43275e-07
 3.05674e-07
 2.73932e-07
 2.46893e-07
 2.23670e-07
 2.03577e-07
 1.86075e-07
 1.70737e-07
 1.57221e-07
 1.45249e-07
 1.34594e-07
 1.68650e-06
 1.30698e-06
 1.04400e-06
 8.53821e-07
 7.11638e-07
 6.02448e-07
 5.16722e-07
 4.48154e-07
 3.92434e-07
 3.46530e-07
 3.08257e-07
 2.76008e-07
 2.48578e-07
 2.25052e-07
 2.04721e-07
 1.87030e-07
 1.71540e-07
 1.57901e-07
 1.45827e-07
 1.35090e-07
 1.68861e-06
 1.30802e-06
 1.04451e-06
 8.54056e-07
 7.11729e-07
 6.02462e-07
 5.16694e-07
 4.48104e-07
 3.92374e-07
 3.46467e-07
 3.08194e-07
 2.75947e-07
 2.48521e-07
 2.24998e-07
 2.04670e-07
 1.86983e-07
 1.71497e-07
 1.57860e-07
 1.45790e-07
 1.35055e-07
 1.62429e-06
 1.26768e-06
 1.01784e-06
 8.35680e-07
 6.98637e-07
 5.92873e-07
 5.09505e-07
 4.42605e-07
 3.88094e-07
 3.43083e-07
 3.05483e-07
 2.73749e-07
 2.46719e-07
 2.23507e-07
 2.03425e-07
 1.85934e-07
 1.70607e-07
 1.57101e-07
 1.45138e-07
 1.34491e-07
 1.50440e-06
 1.19156e-06
 9.67077e-07
 8.00497e-07
 6.73467e-07
 5.74385e-07
 4.95616e-07
 4.31968e-07
 3.79808e-07
 3.36532e-07
 3.00235e-07
 2.69494e-07
 2.43233e-07
 2.20623e-07
 2.01019e-07
 1.83910e-07
 1.68893e-07
 1.55638e-07
 1.43882e-07
 1.33408e-07
 1.34784e-06
 1.08960e-06
 8.97831e-07
 7.51829e-07
 6.38274e-07
 5.48313e-07
 4.75897e-07
 4.16781e-07
 3.67925e-07
 3.27103e-07
 2.92658e-07
 2.63337e-07
 2.38178e-07
 2.16435e-07
 1.97519e-07
 1.80963e-07
 1.66393e-07
 1.53504e-07
 1.42050e-07
 1.31825e-07
 1.17547e-06
 9.73461e-07
 8.16926e-07
 6.93850e-07
 5.95701e-07
 5.16386e-07
 4.51507e-07
 3.97844e-07
 3.53006e-07
 3.15196e-07
 2.83044e-07
 2.55492e-07
 2.31715e-07
 2.11063e-07
 1.93018e-07
 1.77165e-07
 1.63165e-07
 1.50745e-07
 1.39676e-07
 1.29772e-07
 1.00481e-06
 8.53841e-07
 7.31052e-07
 6.30849e-07
 5.48568e-07
 4.80501e-07
 4.23752e-07
 3.76069e-07
 3.35704e-07
 3.01286e-07
 2.71742e-07
 2.46220e-07
 2.24041e-07
 2.04659e-07
 1.87634e-07
 1.72607e-07
 1.59282e-07
 1.47416e-07
 1.36807e-07
 1.27286e-07
 8.47460e-07
 7.38853e-07
 6.45766e-07
 5.66632e-07
 4.99506e-07
 4.42498e-07
 3.93936e-07
 3.52398e-07
 3.16702e-07
 2.85878e-07
 2.59130e-07
 2.35807e-07
 2.15374e-07
 1.97392e-07
 1.81499e-07
 1.67393e-07
 1.54824e-07
 1.43584e-07
 1.33495e-07
 1.24410e-07
 7.09164e-07
 6.33550e-07
 5.65026e-07
 5.04169e-07
 4.50708e-07
 4.03994e-07
 3.63253e-07
 3.27715e-07
 2.96666e-07
 2.69474e-07
 2.45591e-07
 2.24547e-07
 2.05943e-07
 1.89440e-07
 1.74752e-07
 1.61635e-07
 1.49883e-07
 1.39321e-07
 1.29800e-07
 1.21192e-07
 5.91404e-07
 5.40339e-07
 4.91208e-07
 4.45498e-07
 4.03821e-07
 3.66281e-07
 3.32708e-07
 3.02798e-07
 2.76195e-07
 2.52540e-07
 2.31487e-07
 2.12725e-07
 1.95973e-07
 1.80982e-07
 1.67536e-07
 1.55446e-07
 1.44549e-07
 1.34702e-07
 1.25782e-07
 1.17682e-07
 4.93111e-07
 4.59727e-07
 4.25392e-07
 3.91804e-07
 3.59941e-07
 3.30303e-07
 3.03082e-07
 2.78283e-07
 2.55803e-07
 2.35486e-07
 2.17148e-07
 2.00605e-07
 1.85674e-07
 1.72188e-07
 1.59990e-07
 1.48941e-07
 1.38916e-07
 1.29803e-07
 1.21504e-07
 1.13932e-07
