scalar
part
         1
quad4
 6.60228e-07
 6.03383e-07
 5.48487e-07
 4.97190e-07
 4.50245e-07
 4.07849e-07
 3.69872e-07
 3.36013e-07
 3.05897e-07
 2.79133e-07
 2.55337e-07
 2.34157e-07
 2.15274e-07
 1.98405e-07
 1.83302e-07
 1.69747e-07
 1.57551e-07
 1.46552e-07
 1.36608e-07
 1.27594e-07
 7.76000e-07
 6.95676e-07
 6.21766e-07
 5.55363e-07
 4.96541e-07
 4.44844e-07
 3.99587e-07
 3.60018e-07
 3.25406e-07
 2.95084e-07
 2.68459e-07
 2.45014e-07
 2.24309e-07
 2.05964e-07
 1.89659e-07
 1.75120e-07
 1.62115e-07
 1.50445e-07
 1.39942e-07
 1.30462e-07
 9.11381e-07
 7.99568e-07
 7.01563e-07
 6.16918e-07
 5.44326e-07
 4.82216e-07
 4.29047e-07
 3.83429e-07
 3.44159e-07
 3.10221e-07
 2.80767e-07
 2.55093e-07
 2.32617e-07
 2.12855e-07
 1.95409e-07
 1.79943e-07
 1.66182e-07
 1.53891e-07
 1.42876e-07
 1.32970e-07
 1.06575e-06
 9.13081e-07
 7.85658e-07
 6.79838e-07
 5.91919e-07
 5.18621e-07
 4.57201e-07
 4.05431e-07
 3.61525e-07
 3.24056e-07
 2.91885e-07
 2.64099e-07
 2.39967e-07
 2.18897e-07
 2.00406e-07
 1.84101e-07
 1.69661e-07
 1.56817e-07
 1.45348e-07
 1.35069e-07
 1.23477e-06
 1.03168e-06
 8.70209e-07
 7.41118e-07
 6.37054e-07
 5.52372e-07
 4.82798e-07
 4.25097e-07
 3.76813e-07
 3.36070e-07
 3.01419e-07
 2.71734e-07
 2.46131e-07
 2.23910e-07
 2.04512e-07
 1.87486e-07
 1.72466e-07
 1.59155e-07
 1.47306e-07
 1.36715e-07
 1.40831e-06
 1.14753e-06
 9.49569e-07
 7.96793e-07
 6.76961e-07
 5.81530e-07
 5.04467e-07
 4.41446e-07
 3.89316e-07
 3.45746e-07
 3.08988e-07
 2.77712e-07
 2.50893e-07
 2.27733e-07
 2.07602e-07
 1.89999e-07
 1.74521e-07
 1.60844e-07
 1.48699e-07
 1.37869e-07
 1.56908e-06
 1.24944e-06
 1.01658e-06
 8.42248e-07
 7.08618e-07
 6.04080e-07
 5.20842e-07
 4.53536e-07
 3.98370e-07
 3.52611e-07
 3.14250e-07
 2.81782e-07
 2.54066e-07
 2.30224e-07
 2.09568e-07
 1.91558e-07
 1.75762e-07
 1.61834e-07
 1.49491e-07
 1.38502e-07
 1.69371e-06
 1.32422e-06
 1.06356e-06
 8.72860e-07
 7.29157e-07
 6.18189e-07
 5.30720e-07
 4.60558e-07
 4.03422e-07
 3.56279e-07
 3.16928e-07
 2.83745e-07
 2.55506e-07
 2.31275e-07
 2.10330e-07
 1.92102e-07
 1.76142e-07
 1.62089e-07
 1.49651e-07
 1.38590e-07
 1.75826e-06
 1.35969e-06
 1.08394e-06
 8.84901e-07
 7.36365e-07
 6.22495e-07
 5.33236e-07
 4.61947e-07
 4.04094e-07
 3.56490e-07
 3.16845e-07
 2.83475e-07
 2.55120e-07
 2.30821e-07
 2.09840e-07
 1.91597e-07
 1.75636e-07
 1.61590e-07
 1.49166e-07
 1.38123e-07
 1.74724e-06
 1.34868e-06
 1.07411e-06
 8.76428e-07
 7.29146e-07
 6.16353e-07
 5.27998e-07
 4.57461e-07
 4.00231e-07
 3.53147e-07
 3.13936e-07
 2.80930e-07
 2.52882e-07
 2.28844e-07
 2.08085e-07
 1.90033e-07
 1.74237e-07
 1.60334e-07
 1.48034e-07
 1.37099e-07
 1.66100e-06
 1.29174e-06
 1.03454e-06
 8.47807e-07
 7.07774e-07
 5.99973e-07
 5.15166e-07
 4.47221e-07
 3.91929e-07
 3.46323e-07
 3.08258e-07
 2.76155e-07
 2.48829e-07
 2.25374e-07
 2.05091e-07
 1.87432e-07
 1.71962e-07
 1.58334e-07
 1.46266e-07
 1.35528e-07
 1.51552e-06
 1.19696e-06
 9.69666e-07
 8.01641e-07
 6.73858e-07
 5.74388e-07
 4.95430e-07
 4.31702e-07
 3.79523e-07
 3.36260e-07
 2.99991e-07
 2.69286e-07
 2.43063e-07
 2.20489e-07
 2.00919e-07
 1.83842e-07
 1.68852e-07
 1.55623e-07
 1.43889e-07
 1.33433e-07
 1.33479e-06
 1.07695e-06
 8.86592e-07
 7.42142e-07
 6.30011e-07
 5.41285e-07
 4.69913e-07
 4.11674e-07
 3.63552e-07
 3.23345e-07
 2.89417e-07
 2.60532e-07
 2.35742e-07
 2.14313e-07
 1.95664e-07
 1.79338e-07
 1.64965e-07
 1.52247e-07
 1.40940e-07
 1.30843e-07
 1.14226e-06
 9.45087e-07
 7.93266e-07
 6.74218e-07
 5.79369e-07
 5.02727e-07
 4.40010e-07
 3.88103e-07
 3.44701e-07
 3.08073e-07
 2.76899e-07
 2.50164e-07
 2.27073e-07
 2.07001e-07
 1.89448e-07
 1.74015e-07
 1.60377e-07
 1.48267e-07
 1.37468e-07
 1.27799e-07
 9.55872e-07
 8.12740e-07
 6.96973e-07
 6.02625e-07
 5.25101e-07
 4.60870e-07
 4.07217e-07
 3.62046e-07
 3.23731e-07
 2.90999e-07
 2.62851e-07
 2.38493e-07
 2.17292e-07
 1.98736e-07
 1.82413e-07
 1.67986e-07
 1.55176e-07
 1.43755e-07
 1.33532e-07
 1.24348e-07
 7.86866e-07
 6.88037e-07
 6.03442e-07
 5.31377e-07
 4.70029e-07
 4.17718e-07
 3.72972e-07
 3.34549e-07
 3.01409e-07
 2.72696e-07
 2.47703e-07
 2.25848e-07
 2.06651e-07
 1.89716e-07
 1.74715e-07
 1.61373e-07
 1.49462e-07
 1.38790e-07
 1.29196e-07
 1.20542e-07
 6.40543e-07
 5.75788e-07
 5.16556e-07
 4.63462e-07
 4.16409e-07
 3.74958e-07
 3.38540e-07
 3.06562e-07
 2.78457e-07
 2.53713e-07
 2.31877e-07
 2.12555e-07
 1.95407e-07
 1.80142e-07
 1.66511e-07
 1.54303e-07
 1.43336e-07
 1.33455e-07
 1.24527e-07
 1.16437e-07
 5.17909e-07
 4.78065e-07
 4.38493e-07
 4.00822e-07
 3.65852e-07
 3.33887e-07
 3.04945e-07
 2.78889e-07
 2.55503e-07
 2.34544e-07
 2.15763e-07
 1.98922e-07
 1.83803e-07
 1.70209e-07
 1.57961e-07
 1.46905e-07
 1.36903e-07
 1.27835e-07
 1.19595e-07
 1.12092e-07
 4.17371e-07
 3.95000e-07
 3.70081e-07
 3.44483e-07
 3.19364e-07
 2.95400e-07
 2.72949e-07
 2.52162e-07
 2.33066e-07
 2.15609e-07
 1.99700e-07
 1.85225e-07
 1.72065e-07
 1.60099e-07
 1.49213e-07
 1.39300e-07
 1.30263e-07
 1.22013e-07
 1.14471e-07
 1.07563e-07
 3.36100e-07
 3.25560e-07
 3.11210e-07
 2.94771e-07
 2.77445e-07
 2.60037e-07
 2.43064e-07
 2.26841e-07
 2.11541e-07
 1.97245e-07
 1.83972e-07
 1.71701e-07
 1.60388e-07
 1.49976e-07
 1.40402e-07
 1.31602e-07
 1.23511e-07
 1.16069e-07
 1.09218e-07
 1.02907e-07
