scalar
part
         1
quad4
 3.45288e-07
 3.33061e-07
 3.17316e-07
 2.99740e-07
 2.81491e-07
 2.63337e-07
 2.45762e-07
 2.29051e-07
 2.13356e-07
 1.98739e-07
 1.85203e-07
 1.72717e-07
 1.61228e-07
 1.50670e-07
 1.40975e-07
 1.32074e-07
 1.23900e-07
 1.16388e-07
 1.09478e-07
 1.03117e-07
 4.27007e-07
 4.02644e-07
 3.76140e-07
 3.49291e-07
 3.23189e-07
 2.98452e-07
 2.75391e-07
 2.54121e-07
 2.34642e-07
 2.16879e-07
 2.00724e-07
 1.86052e-07
 1.72731e-07
 1.60634e-07
 1.49642e-07
 1.39641e-07
 1.30532e-07
 1.22223e-07
 1.14631e-07
 1.07682e-07
 5.27763e-07
 4.85616e-07
 4.44291e-07
 4.05288e-07
 3.69306e-07
 3.36569e-07
 3.07034e-07
 2.80520e-07
 2.56779e-07
 2.35542e-07
 2.16541e-07
 1.99527e-07
 1.84270e-07
 1.70565e-07
 1.58229e-07
 1.47101e-07
 1.37041e-07
 1.27926e-07
 1.19648e-07
 1.12114e-07
 6.50213e-07
 5.82892e-07
 5.21800e-07
 4.67356e-07
 4.19313e-07
 3.77132e-07
 3.40170e-07
 3.07783e-07
 2.79369e-07
 2.54389e-07
 2.32371e-07
 2.12908e-07
 1.95650e-07
 1.80300e-07
 1.66602e-07
 1.54341e-07
 1.43333e-07
 1.33419e-07
 1.24465e-07
 1.16356e-07
 7.95720e-07
 6.94197e-07
 6.07760e-07
 5.34421e-07
 4.72180e-07
 4.19234e-07
 3.74032e-07
 3.35278e-07
 3.01895e-07
 2.73003e-07
 2.47876e-07
 2.25921e-07
 2.06649e-07
 1.89658e-07
 1.74615e-07
 1.61242e-07
 1.49308e-07
 1.38620e-07
 1.29014e-07
 1.20352e-07
 9.63004e-07
 8.17321e-07
 6.99925e-07
 6.04515e-07
 5.26285e-07
 4.61578e-07
 4.07599e-07
 3.62204e-07
 3.23733e-07
 2.90893e-07
 2.62670e-07
 2.38261e-07
 2.17025e-07
 1.98448e-07
 1.82112e-07
 1.67677e-07
 1.54865e-07
 1.43445e-07
 1.33226e-07
 1.24046e-07
 1.14651e-06
 9.47360e-07
 7.94387e-07
 6.74651e-07
 5.79386e-07
 5.02490e-07
 4.39620e-07
 3.87623e-07
 3.44172e-07
 3.07520e-07
 2.76340e-07
 2.49608e-07
 2.26528e-07
 2.06471e-07
 1.88936e-07
 1.73522e-07
 1.59903e-07
 1.47814e-07
 1.37034e-07
 1.27383e-07
 1.33493e-06
 1.07621e-06
 8.85467e-07
 7.40865e-07
 6.28701e-07
 5.40000e-07
 4.68682e-07
 4.10510e-07
 3.62459e-07
 3.22322e-07
 2.88462e-07
 2.59641e-07
 2.34910e-07
 2.13535e-07
 1.94937e-07
 1.78657e-07
 1.64327e-07
 1.51647e-07
 1.40376e-07
 1.30312e-07
 1.51056e-06
 1.19271e-06
 9.66026e-07
 7.98503e-07
 6.71132e-07
 5.72001e-07
 4.93325e-07
 4.29833e-07
 3.77852e-07
 3.34758e-07
 2.98635e-07
 2.68055e-07
 2.41941e-07
 2.19463e-07
 1.99976e-07
 1.82973e-07
 1.68049e-07
 1.54878e-07
 1.43196e-07
 1.32787e-07
 1.65067e-06
 1.28389e-06
 1.02835e-06
 8.42798e-07
 7.03633e-07
 5.96489e-07
 5.12193e-07
 4.44653e-07
 3.89688e-07
 3.44349e-07
 3.06507e-07
 2.74590e-07
 2.47422e-07
 2.24102e-07
 2.03935e-07
 1.86378e-07
 1.70996e-07
 1.57446e-07
 1.45446e-07
 1.34769e-07
 1.73219e-06
 1.33759e-06
 1.06560e-06
 8.69698e-07
 7.23691e-07
 6.11844e-07
 5.24209e-07
 4.54233e-07
 3.97449e-07
 3.50724e-07
 3.11807e-07
 2.79045e-07
 2.51201e-07
 2.27336e-07
 2.06724e-07
 1.88800e-07
 1.73113e-07
 1.59306e-07
 1.47090e-07
 1.36229e-07
 1.73989e-06
 1.34613e-06
 1.07357e-06
 8.76733e-07
 7.29784e-07
 6.17088e-07
 5.28720e-07
 4.58124e-07
 4.00817e-07
 3.53654e-07
 3.14367e-07
 2.81292e-07
 2.53183e-07
 2.29091e-07
 2.08286e-07
 1.90194e-07
 1.74362e-07
 1.60430e-07
 1.48105e-07
 1.37148e-07
 1.67362e-06
 1.30912e-06
 1.05189e-06
 8.63619e-07
 7.21692e-07
 6.12051e-07
 5.25598e-07
 4.56226e-07
 3.99716e-07
 3.53077e-07
 3.14137e-07
 2.81292e-07
 2.53334e-07
 2.29341e-07
 2.08597e-07
 1.90541e-07
 1.74730e-07
 1.60805e-07
 1.48479e-07
 1.37516e-07
 1.54863e-06
 1.23368e-06
 1.00419e-06
 8.32322e-07
 7.00536e-07
 5.97400e-07
 5.15247e-07
 4.48794e-07
 3.94309e-07
 3.49101e-07
 3.11189e-07
 2.79094e-07
 2.51689e-07
 2.28107e-07
 2.07674e-07
 1.89854e-07
 1.74221e-07
 1.60435e-07
 1.48215e-07
 1.37335e-07
 1.38846e-06
 1.13181e-06
 9.36958e-07
 7.86543e-07
 6.68521e-07
 5.74497e-07
 4.98540e-07
 4.36400e-07
 3.84980e-07
 3.41989e-07
 3.05707e-07
 2.74827e-07
 2.48339e-07
 2.25459e-07
 2.05566e-07
 1.88167e-07
 1.72866e-07
 1.59342e-07
 1.47331e-07
 1.36618e-07
 1.21607e-06
 1.01649e-06
 8.57771e-07
 7.30842e-07
 6.28485e-07
 5.45159e-07
 4.76671e-07
 4.19849e-07
 3.72282e-07
 3.32128e-07
 2.97967e-07
 2.68691e-07
 2.43433e-07
 2.21505e-07
 2.02356e-07
 1.85545e-07
 1.70712e-07
 1.57562e-07
 1.45854e-07
 1.35387e-07
 1.04850e-06
 8.98725e-07
 7.73667e-07
 6.69768e-07
 5.83408e-07
 5.11378e-07
 4.50994e-07
 4.00076e-07
 3.56873e-07
 3.19990e-07
 2.88309e-07
 2.60938e-07
 2.37156e-07
 2.16385e-07
 1.98151e-07
 1.82069e-07
 1.67821e-07
 1.55146e-07
 1.43824e-07
 1.33674e-07
 8.95665e-07
 7.86205e-07
 6.90193e-07
 6.07217e-07
 5.36016e-07
 4.75064e-07
 4.22861e-07
 3.78049e-07
 3.39455e-07
 3.06086e-07
 2.77114e-07
 2.51850e-07
 2.29724e-07
 2.10264e-07
 1.93077e-07
 1.77837e-07
 1.64272e-07
 1.52154e-07
 1.41290e-07
 1.31517e-07
 7.61793e-07
 6.83364e-07
 6.11110e-07
 5.46135e-07
 4.88534e-07
 4.37876e-07
 3.93501e-07
 3.54682e-07
 3.20708e-07
 2.90930e-07
 2.64770e-07
 2.41725e-07
 2.21364e-07
 2.03318e-07
 1.87271e-07
 1.72958e-07
 1.60151e-07
 1.48655e-07
 1.38305e-07
 1.28961e-07
 6.47441e-07
 5.92113e-07
 5.38583e-07
 4.88494e-07
 4.42607e-07
 4.01131e-07
 3.63948e-07
 3.30776e-07
 3.01254e-07
 2.75001e-07
 2.51648e-07
 2.30852e-07
 2.12303e-07
 1.95726e-07
 1.80877e-07
 1.67545e-07
 1.55547e-07
 1.44722e-07
 1.34931e-07
 1.26054e-07
