scalar
part
         1
quad4
 3.38467e-07
 3.27398e-07
 3.12623e-07
 2.95848e-07
 2.78257e-07
 2.60641e-07
 2.43506e-07
 2.27156e-07
 2.11757e-07
 1.97385e-07
 1.84051e-07
 1.71734e-07
 1.60384e-07
 1.49944e-07
 1.40349e-07
 1.31531e-07
 1.23428e-07
 1.15976e-07
 1.09119e-07
 1.02803e-07
 4.19709e-07
 3.96737e-07
 3.71355e-07
 3.45404e-07
 3.20017e-07
 2.95852e-07
 2.73247e-07
 2.52346e-07
 2.33162e-07
 2.15640e-07
 1.99682e-07
 1.85170e-07
 1.71983e-07
 1.59996e-07
 1.49096e-07
 1.39173e-07
 1.30129e-07
 1.21875e-07
 1.14329e-07
 1.07421e-07
 5.20095e-07
 4.79590e-07
 4.39534e-07
 4.01512e-07
 3.66287e-07
 3.34139e-07
 3.05064e-07
 2.78912e-07
 2.55458e-07
 2.34450e-07
 2.15634e-07
 1.98769e-07
 1.83634e-07
 1.70029e-07
 1.57775e-07
 1.46717e-07
 1.36714e-07
 1.27647e-07
 1.19410e-07
 1.11910e-07
 6.42387e-07
 5.76947e-07
 5.17244e-07
 4.63831e-07
 4.16559e-07
 3.74959e-07
 3.38441e-07
 3.06396e-07
 2.78248e-07
 2.53477e-07
 2.31625e-07
 2.12294e-07
 1.95143e-07
 1.79879e-07
 1.66252e-07
 1.54050e-07
 1.43089e-07
 1.33215e-07
 1.24295e-07
 1.16214e-07
 7.88095e-07
 6.88628e-07
 6.03634e-07
 5.31320e-07
 4.69820e-07
 4.17416e-07
 3.72618e-07
 3.34167e-07
 3.01016e-07
 2.72303e-07
 2.47315e-07
 2.25470e-07
 2.06286e-07
 1.89365e-07
 1.74378e-07
 1.61051e-07
 1.49155e-07
 1.38497e-07
 1.28916e-07
 1.20276e-07
 9.56124e-07
 8.12523e-07
 6.96508e-07
 6.02036e-07
 5.24459e-07
 4.60216e-07
 4.06572e-07
 3.61423e-07
 3.23136e-07
 2.90436e-07
 2.62319e-07
 2.37992e-07
 2.16821e-07
 1.98293e-07
 1.81997e-07
 1.67594e-07
 1.54807e-07
 1.43408e-07
 1.33204e-07
 1.24038e-07
 1.14110e-06
 9.43804e-07
 7.91986e-07
 6.72999e-07
 5.78233e-07
 5.01679e-07
 4.39048e-07
 3.87221e-07
 3.43893e-07
 3.07331e-07
 2.76218e-07
 2.49536e-07
 2.26493e-07
 2.06464e-07
 1.88950e-07
 1.73552e-07
 1.59945e-07
 1.47865e-07
 1.37092e-07
 1.27446e-07
 1.33182e-06
 1.07438e-06
 8.84373e-07
 7.40221e-07
 6.28338e-07
 5.39818e-07
 4.68618e-07
 4.10524e-07
 3.62524e-07
 3.22421e-07
 2.88583e-07
 2.59775e-07
 2.35053e-07
 2.13682e-07
 1.95085e-07
 1.78804e-07
 1.64472e-07
 1.51790e-07
 1.40515e-07
 1.30447e-07
 1.51046e-06
 1.19298e-06
 9.66453e-07
 7.98993e-07
 6.71637e-07
 5.72498e-07
 4.93802e-07
 4.30285e-07
 3.78277e-07
 3.35156e-07
 2.99007e-07
 2.68403e-07
 2.42265e-07
 2.19766e-07
 2.00260e-07
 1.83239e-07
 1.68298e-07
 1.55112e-07
 1.43416e-07
 1.32994e-07
 1.65389e-06
 1.28640e-06
 1.03037e-06
 8.44465e-07
 7.05031e-07
 5.97680e-07
 5.13220e-07
 4.45549e-07
 3.90476e-07
 3.45048e-07
 3.07131e-07
 2.75151e-07
 2.47929e-07
 2.24562e-07
 2.04355e-07
 1.86762e-07
 1.71350e-07
 1.57772e-07
 1.45748e-07
 1.35049e-07
 1.73849e-06
 1.34222e-06
 1.06914e-06
 8.72485e-07
 7.25944e-07
 6.13702e-07
 5.25767e-07
 4.55557e-07
 3.98588e-07
 3.51715e-07
 3.12676e-07
 2.79813e-07
 2.51886e-07
 2.27950e-07
 2.07277e-07
 1.89300e-07
 1.73569e-07
 1.59723e-07
 1.47472e-07
 1.36581e-07
 1.74853e-06
 1.35247e-06
 1.07838e-06
 8.80497e-07
 7.32798e-07
 6.19549e-07
 5.30765e-07
 4.59846e-07
 4.02286e-07
 3.54919e-07
 3.15468e-07
 2.82258e-07
 2.54037e-07
 2.29851e-07
 2.08966e-07
 1.90806e-07
 1.74917e-07
 1.60934e-07
 1.48564e-07
 1.37569e-07
 1.68370e-06
 1.31664e-06
 1.05766e-06
 8.68158e-07
 7.25334e-07
 6.15026e-07
 5.28064e-07
 4.58299e-07
 4.01479e-07
 3.54592e-07
 3.15451e-07
 2.82441e-07
 2.54346e-07
 2.30238e-07
 2.09398e-07
 1.91260e-07
 1.75377e-07
 1.61392e-07
 1.49012e-07
 1.38003e-07
 1.55933e-06
 1.24187e-06
 1.01058e-06
 8.37411e-07
 7.04651e-07
 6.00779e-07
 5.18059e-07
 4.51162e-07
 3.96325e-07
 3.50833e-07
 3.12691e-07
 2.80406e-07
 2.52844e-07
 2.29130e-07
 2.08585e-07
 1.90670e-07
 1.74956e-07
 1.61099e-07
 1.48819e-07
 1.37885e-07
 1.39915e-06
 1.14023e-06
 9.43668e-07
 7.91962e-07
 6.72954e-07
 5.78168e-07
 5.01615e-07
 4.39002e-07
 3.87202e-07
 3.43903e-07
 3.07370e-07
 2.76281e-07
 2.49620e-07
 2.26594e-07
 2.06577e-07
 1.89072e-07
 1.73681e-07
 1.60077e-07
 1.47999e-07
 1.37226e-07
 1.22638e-06
 1.02481e-06
 8.64544e-07
 7.36404e-07
 6.33094e-07
 5.49016e-07
 4.79927e-07
 4.22621e-07
 3.74662e-07
 3.34187e-07
 2.99760e-07
 2.70264e-07
 2.44821e-07
 2.22736e-07
 2.03454e-07
 1.86529e-07
 1.71597e-07
 1.58362e-07
 1.46580e-07
 1.36049e-07
 1.05818e-06
 9.06736e-07
 7.80319e-07
 6.75321e-07
 5.88074e-07
 5.15325e-07
 4.54357e-07
 4.02962e-07
 3.59366e-07
 3.22157e-07
 2.90205e-07
 2.62606e-07
 2.38632e-07
 2.17697e-07
 1.99323e-07
 1.83121e-07
 1.68769e-07
 1.56003e-07
 1.44603e-07
 1.34384e-07
 9.04620e-07
 7.93774e-07
 6.96595e-07
 6.12648e-07
 5.40642e-07
 4.79023e-07
 4.26267e-07
 3.80995e-07
 3.42018e-07
 3.08327e-07
 2.79084e-07
 2.53590e-07
 2.31269e-07
 2.11641e-07
 1.94311e-07
 1.78947e-07
 1.65274e-07
 1.53061e-07
 1.42114e-07
 1.32270e-07
 7.69988e-07
 6.90424e-07
 6.17186e-07
 5.51367e-07
 4.93049e-07
 4.41784e-07
 3.96897e-07
 3.57644e-07
 3.23303e-07
 2.93213e-07
 2.66787e-07
 2.43515e-07
 2.22960e-07
 2.04745e-07
 1.88554e-07
 1.74114e-07
 1.61196e-07
 1.49604e-07
 1.39170e-07
 1.29751e-07
 6.54893e-07
 5.98643e-07
 5.44290e-07
 4.93477e-07
 4.46962e-07
 4.04941e-07
 3.67291e-07
 3.33716e-07
 3.03849e-07
 2.77299e-07
 2.53690e-07
 2.32673e-07
 2.13933e-07
 1.97189e-07
 1.82196e-07
 1.68737e-07
 1.56628e-07
 1.45705e-07
 1.35828e-07
 1.26875e-07
