scalar
part
         1
quad4
 3.79660e-07
 3.62912e-07
 3.43078e-07
 3.21898e-07
 3.00531e-07
 2.79708e-07
 2.59865e-07
 2.41234e-07
 2.23916e-07
 2.07925e-07
 1.93226e-07
 1.79752e-07
 1.67420e-07
 1.56143e-07
 1.45831e-07
 1.36398e-07
 1.27764e-07
 1.19853e-07
 1.12597e-07
 1.05933e-07
 4.65851e-07
 4.35625e-07
 4.04015e-07
 3.72820e-07
 3.43069e-07
 3.15294e-07
 2.89712e-07
 2.66353e-07
 2.45137e-07
 2.25930e-07
 2.08569e-07
 1.92884e-07
 1.78710e-07
 1.65891e-07
 1.54284e-07
 1.43759e-07
 1.34199e-07
 1.25501e-07
 1.17572e-07
 1.10331e-07
 5.71462e-07
 5.21737e-07
 4.74097e-07
 4.29924e-07
 3.89746e-07
 3.53614e-07
 3.21333e-07
 2.92590e-07
 2.67033e-07
 2.44308e-07
 2.24082e-07
 2.06052e-07
 1.89948e-07
 1.75533e-07
 1.62597e-07
 1.50961e-07
 1.40467e-07
 1.30980e-07
 1.22382e-07
 1.14570e-07
 6.98851e-07
 6.21853e-07
 5.53094e-07
 4.92634e-07
 4.39884e-07
 3.94009e-07
 3.54135e-07
 3.19435e-07
 2.89171e-07
 2.62699e-07
 2.39469e-07
 2.19012e-07
 2.00934e-07
 1.84902e-07
 1.70634e-07
 1.57892e-07
 1.46475e-07
 1.36213e-07
 1.26960e-07
 1.18593e-07
 8.48756e-07
 7.35184e-07
 6.39723e-07
 5.59622e-07
 4.92285e-07
 4.35462e-07
 3.87281e-07
 3.46209e-07
 3.11007e-07
 2.80668e-07
 2.54380e-07
 2.31484e-07
 2.11443e-07
 1.93817e-07
 1.78246e-07
 1.64431e-07
 1.52124e-07
 1.41118e-07
 1.31241e-07
 1.22347e-07
 1.01879e-06
 8.58773e-07
 7.31264e-07
 6.28628e-07
 5.45152e-07
 4.76572e-07
 4.19689e-07
 3.72080e-07
 3.31897e-07
 2.97716e-07
 2.68428e-07
 2.43164e-07
 2.21234e-07
 2.02088e-07
 1.85282e-07
 1.70455e-07
 1.57314e-07
 1.45615e-07
 1.35158e-07
 1.25775e-07
 1.20175e-06
 9.86782e-07
 8.23301e-07
 6.96393e-07
 5.96102e-07
 5.15596e-07
 4.50076e-07
 3.96094e-07
 3.51129e-07
 3.13304e-07
 2.81201e-07
 2.53735e-07
 2.30062e-07
 2.09521e-07
 1.91588e-07
 1.75844e-07
 1.61948e-07
 1.49624e-07
 1.38646e-07
 1.28825e-07
 1.38437e-06
 1.11021e-06
 9.09756e-07
 7.58787e-07
 6.42291e-07
 5.50548e-07
 4.77035e-07
 4.17241e-07
 3.67965e-07
 3.26888e-07
 2.92292e-07
 2.62887e-07
 2.37689e-07
 2.15933e-07
 1.97023e-07
 1.80483e-07
 1.65936e-07
 1.53074e-07
 1.41647e-07
 1.31450e-07
 1.54754e-06
 1.21746e-06
 9.83405e-07
 8.11186e-07
 6.80685e-07
 5.79388e-07
 4.99164e-07
 4.34536e-07
 3.81702e-07
 3.37955e-07
 3.01322e-07
 2.70339e-07
 2.43900e-07
 2.21159e-07
 2.01456e-07
 1.84273e-07
 1.69198e-07
 1.55900e-07
 1.44109e-07
 1.33608e-07
 1.66884e-06
 1.29605e-06
 1.03694e-06
 8.49129e-07
 7.08456e-07
 6.00265e-07
 5.15217e-07
 4.47121e-07
 3.91735e-07
 3.46071e-07
 3.07973e-07
 2.75852e-07
 2.48517e-07
 2.25061e-07
 2.04782e-07
 1.87129e-07
 1.71668e-07
 1.58049e-07
 1.45991e-07
 1.35263e-07
 1.72810e-06
 1.33543e-06
 1.06445e-06
 8.69119e-07
 7.23441e-07
 6.11789e-07
 5.24271e-07
 4.54365e-07
 3.97621e-07
 3.50919e-07
 3.12013e-07
 2.79255e-07
 2.51410e-07
 2.27541e-07
 2.06924e-07
 1.88992e-07
 1.73298e-07
 1.59484e-07
 1.47260e-07
 1.36392e-07
 1.71465e-06
 1.33015e-06
 1.06294e-06
 8.69386e-07
 7.24540e-07
 6.13248e-07
 5.25849e-07
 4.55937e-07
 3.99126e-07
 3.52329e-07
 3.13318e-07
 2.80454e-07
 2.52508e-07
 2.28544e-07
 2.07839e-07
 1.89828e-07
 1.74062e-07
 1.60183e-07
 1.47900e-07
 1.36979e-07
 1.63229e-06
 1.28188e-06
 1.03316e-06
 8.50298e-07
 7.11936e-07
 6.04731e-07
 5.19990e-07
 4.51853e-07
 3.96254e-07
 3.50298e-07
 3.11880e-07
 2.79440e-07
 2.51801e-07
 2.28060e-07
 2.07519e-07
 1.89629e-07
 1.73952e-07
 1.60139e-07
 1.47905e-07
 1.37020e-07
 1.49790e-06
 1.19882e-06
 9.79450e-07
 8.14275e-07
 6.87047e-07
 5.87102e-07
 5.07240e-07
 4.42466e-07
 3.89237e-07
 3.44984e-07
 3.07810e-07
 2.76292e-07
 2.49344e-07
 2.26130e-07
 2.05994e-07
 1.88416e-07
 1.72985e-07
 1.59365e-07
 1.47284e-07
 1.36521e-07
 1.33436e-06
 1.09296e-06
 9.08456e-07
 7.65197e-07
 6.52228e-07
 5.61844e-07
 4.88560e-07
 4.28416e-07
 3.78512e-07
 3.36689e-07
 3.01320e-07
 2.71161e-07
 2.45250e-07
 2.22836e-07
 2.03323e-07
 1.86237e-07
 1.71195e-07
 1.57887e-07
 1.46059e-07
 1.35500e-07
 1.16286e-06
 9.76612e-07
 8.27512e-07
 7.07566e-07
 6.10329e-07
 5.30807e-07
 4.65182e-07
 4.10542e-07
 3.64662e-07
 3.25826e-07
 2.92707e-07
 2.64264e-07
 2.39679e-07
 2.18298e-07
 1.99599e-07
 1.83161e-07
 1.68638e-07
 1.55749e-07
 1.44261e-07
 1.33982e-07
 9.98614e-07
 8.59850e-07
 7.43209e-07
 6.45714e-07
 5.64235e-07
 4.95946e-07
 4.38452e-07
 3.89786e-07
 3.48355e-07
 3.12879e-07
 2.82325e-07
 2.55865e-07
 2.32826e-07
 2.12665e-07
 1.94936e-07
 1.79275e-07
 1.65381e-07
 1.53003e-07
 1.41935e-07
 1.32001e-07
 8.50197e-07
 7.49533e-07
 6.60604e-07
 5.83262e-07
 5.16516e-07
 4.59088e-07
 4.09679e-07
 3.67094e-07
 3.30285e-07
 2.98357e-07
 2.70555e-07
 2.46249e-07
 2.24911e-07
 2.06105e-07
 1.89464e-07
 1.74682e-07
 1.61505e-07
 1.49715e-07
 1.39131e-07
 1.29599e-07
 7.21004e-07
 6.49477e-07
 5.83044e-07
 5.22888e-07
 4.69232e-07
 4.21790e-07
 3.80031e-07
 3.43343e-07
 3.11112e-07
 2.82762e-07
 2.57779e-07
 2.35710e-07
 2.16162e-07
 1.98795e-07
 1.83322e-07
 1.69493e-07
 1.57097e-07
 1.45953e-07
 1.35906e-07
 1.26822e-07
 6.11141e-07
 5.61189e-07
 5.12377e-07
 4.66337e-07
 4.23873e-07
 3.85264e-07
 3.50473e-07
 3.19292e-07
 2.91427e-07
 2.66556e-07
 2.44359e-07
 2.24533e-07
 2.06801e-07
 1.90914e-07
 1.76651e-07
 1.63820e-07
 1.52250e-07
 1.41793e-07
 1.32320e-07
 1.23719e-07
