scalar
part
         1
quad4
 4.89832e-07
 4.56678e-07
 4.22694e-07
 3.89489e-07
 3.57997e-07
 3.28693e-07
 3.01761e-07
 2.77205e-07
 2.54927e-07
 2.34775e-07
 2.16573e-07
 2.00139e-07
 1.85298e-07
 1.71883e-07
 1.59744e-07
 1.48742e-07
 1.38755e-07
 1.29674e-07
 1.21400e-07
 1.13849e-07
 5.86308e-07
 5.35916e-07
 4.87497e-07
 4.42449e-07
 4.01349e-07
 3.64292e-07
 3.31114e-07
 3.01523e-07
 2.75175e-07
 2.51723e-07
 2.30832e-07
 2.12199e-07
 1.95549e-07
 1.80640e-07
 1.67260e-07
 1.55223e-07
 1.44368e-07
 1.34555e-07
 1.25663e-07
 1.17585e-07
 7.01736e-07
 6.27486e-07
 5.60184e-07
 5.00349e-07
 4.47711e-07
 4.01647e-07
 3.61414e-07
 3.26270e-07
 2.95527e-07
 2.68572e-07
 2.44875e-07
 2.23976e-07
 2.05485e-07
 1.89072e-07
 1.74454e-07
 1.61393e-07
 1.49686e-07
 1.39161e-07
 1.29669e-07
 1.21085e-07
 8.37209e-07
 7.30966e-07
 6.39762e-07
 5.62075e-07
 4.96041e-07
 4.39854e-07
 3.91906e-07
 3.50829e-07
 3.15482e-07
 2.84923e-07
 2.58377e-07
 2.35209e-07
 2.14897e-07
 1.97009e-07
 1.81189e-07
 1.67141e-07
 1.54619e-07
 1.43415e-07
 1.33356e-07
 1.24295e-07
 9.91467e-07
 8.44159e-07
 7.24017e-07
 6.25703e-07
 5.44770e-07
 4.77669e-07
 4.21618e-07
 3.74445e-07
 3.34454e-07
 3.00316e-07
 2.70981e-07
 2.45618e-07
 2.23561e-07
 2.04273e-07
 1.87322e-07
 1.72352e-07
 1.59072e-07
 1.47243e-07
 1.36663e-07
 1.27166e-07
 1.15929e-06
 9.62384e-07
 8.09226e-07
 6.88408e-07
 5.91789e-07
 5.13529e-07
 4.49387e-07
 3.96248e-07
 3.51789e-07
 3.14256e-07
 2.82309e-07
 2.54911e-07
 2.31251e-07
 2.10689e-07
 1.92714e-07
 1.76915e-07
 1.62959e-07
 1.50572e-07
 1.39531e-07
 1.29650e-07
 1.33006e-06
 1.07806e-06
 8.90114e-07
 7.46531e-07
 6.34547e-07
 5.45632e-07
 4.73929e-07
 4.15311e-07
 3.66808e-07
 3.26241e-07
 2.91983e-07
 2.62802e-07
 2.37749e-07
 2.16086e-07
 1.97233e-07
 1.80727e-07
 1.66195e-07
 1.53338e-07
 1.41908e-07
 1.31703e-07
 1.48742e-06
 1.18100e-06
 9.60228e-07
 7.95891e-07
 6.70270e-07
 5.72103e-07
 4.93947e-07
 4.30720e-07
 3.78857e-07
 3.35795e-07
 2.99653e-07
 2.69029e-07
 2.42856e-07
 2.20314e-07
 2.00761e-07
 1.83694e-07
 1.68709e-07
 1.55481e-07
 1.43747e-07
 1.33289e-07
 1.61136e-06
 1.25984e-06
 1.01282e-06
 8.32320e-07
 6.96302e-07
 5.91196e-07
 5.08266e-07
 4.41668e-07
 3.87368e-07
 3.42511e-07
 3.05023e-07
 2.73373e-07
 2.46408e-07
 2.23246e-07
 2.03203e-07
 1.85744e-07
 1.70442e-07
 1.56957e-07
 1.45011e-07
 1.34378e-07
 1.68275e-06
 1.30437e-06
 1.04209e-06
 8.52372e-07
 7.10505e-07
 6.01540e-07
 5.15980e-07
 4.47537e-07
 3.91914e-07
 3.46086e-07
 3.07874e-07
 2.75674e-07
 2.48285e-07
 2.24793e-07
 2.04490e-07
 1.86823e-07
 1.71354e-07
 1.57732e-07
 1.45674e-07
 1.34949e-07
 1.68902e-06
 1.30816e-06
 1.04451e-06
 8.53991e-07
 7.11629e-07
 6.02346e-07
 5.16572e-07
 4.47983e-07
 3.92256e-07
 3.46353e-07
 3.08085e-07
 2.75844e-07
 2.48424e-07
 2.24907e-07
 2.04584e-07
 1.86902e-07
 1.71420e-07
 1.57789e-07
 1.45723e-07
 1.34991e-07
 1.62861e-06
 1.27045e-06
 1.01969e-06
 8.36964e-07
 6.99551e-07
 5.93538e-07
 5.09997e-07
 4.42975e-07
 3.88375e-07
 3.43298e-07
 3.05649e-07
 2.73877e-07
 2.46818e-07
 2.23583e-07
 2.03484e-07
 1.85979e-07
 1.70641e-07
 1.57126e-07
 1.45156e-07
 1.34503e-07
 1.51177e-06
 1.19650e-06
 9.70527e-07
 8.02981e-07
 6.75302e-07
 5.75771e-07
 4.96682e-07
 4.32801e-07
 3.80468e-07
 3.37062e-07
 3.00664e-07
 2.69845e-07
 2.43522e-07
 2.20863e-07
 2.01219e-07
 1.84079e-07
 1.69035e-07
 1.55759e-07
 1.43985e-07
 1.33495e-07
 1.35710e-06
 1.09609e-06
 9.02503e-07
 7.55283e-07
 6.40884e-07
 5.50324e-07
 4.77472e-07
 4.18033e-07
 3.68933e-07
 3.27924e-07
 2.93333e-07
 2.63898e-07
 2.38648e-07
 2.16831e-07
 1.97855e-07
 1.81250e-07
 1.66639e-07
 1.53717e-07
 1.42234e-07
 1.31985e-07
 1.18558e-06
 9.80837e-07
 8.22413e-07
 6.98011e-07
 5.98911e-07
 5.18903e-07
 4.53508e-07
 3.99456e-07
 3.54320e-07
 3.16278e-07
 2.83943e-07
 2.56245e-07
 2.32351e-07
 2.11604e-07
 1.93482e-07
 1.77564e-07
 1.63511e-07
 1.51045e-07
 1.39939e-07
 1.30003e-07
 1.01501e-06
 8.61572e-07
 7.36985e-07
 6.35461e-07
 5.52200e-07
 4.83397e-07
 4.26088e-07
 3.77975e-07
 3.37273e-07
 3.02591e-07
 2.72836e-07
 2.47144e-07
 2.24827e-07
 2.05333e-07
 1.88215e-07
 1.73110e-07
 1.59720e-07
 1.47799e-07
 1.37144e-07
 1.27583e-07
 8.57260e-07
 7.46549e-07
 6.51847e-07
 5.71475e-07
 5.03397e-07
 4.45654e-07
 3.96519e-07
 3.54530e-07
 3.18477e-07
 2.87368e-07
 2.60390e-07
 2.36879e-07
 2.16292e-07
 1.98183e-07
 1.82184e-07
 1.67990e-07
 1.55347e-07
 1.44043e-07
 1.33901e-07
 1.24770e-07
 7.18313e-07
 6.40961e-07
 5.71039e-07
 5.09068e-07
 4.54721e-07
 4.07302e-07
 3.65999e-07
 3.30010e-07
 2.98597e-07
 2.71109e-07
 2.46985e-07
 2.25742e-07
 2.06974e-07
 1.90334e-07
 1.75530e-07
 1.62316e-07
 1.50482e-07
 1.39850e-07
 1.30269e-07
 1.21609e-07
 5.99796e-07
 5.47322e-07
 4.97010e-07
 4.50323e-07
 4.07846e-07
 3.69652e-07
 3.35545e-07
 3.05197e-07
 2.78235e-07
 2.54283e-07
 2.32986e-07
 2.14019e-07
 1.97096e-07
 1.81961e-07
 1.68394e-07
 1.56201e-07
 1.45215e-07
 1.35293e-07
 1.26307e-07
 1.18151e-07
 5.00733e-07
 4.66217e-07
 4.30898e-07
 3.96470e-07
 3.63899e-07
 3.33668e-07
 3.05951e-07
 2.80737e-07
 2.57911e-07
 2.37304e-07
 2.18723e-07
 2.01975e-07
 1.86871e-07
 1.73237e-07
 1.60914e-07
 1.49757e-07
 1.39640e-07
 1.30448e-07
 1.22080e-07
 1.14448e-07
