scalar
part
         1
quad4
 6.46173e-07
 5.91574e-07
 5.38629e-07
 4.88988e-07
 4.43428e-07
 4.02180e-07
 3.65148e-07
 3.32067e-07
 3.02592e-07
 2.76354e-07
 2.52993e-07
 2.32173e-07
 2.13589e-07
 1.96969e-07
 1.82074e-07
 1.68695e-07
 1.56647e-07
 1.45774e-07
 1.35935e-07
 1.27013e-07
 7.60358e-07
 6.82889e-07
 6.11360e-07
 5.46905e-07
 4.89659e-07
 4.39230e-07
 3.94991e-07
 3.56240e-07
 3.22288e-07
 2.92499e-07
 2.66306e-07
 2.43215e-07
 2.22799e-07
 2.04693e-07
 1.88585e-07
 1.74210e-07
 1.61341e-07
 1.49786e-07
 1.39380e-07
 1.29982e-07
 8.94160e-07
 7.85944e-07
 6.90800e-07
 6.08401e-07
 5.37559e-07
 4.76814e-07
 4.24711e-07
 3.79929e-07
 3.41317e-07
 3.07902e-07
 2.78865e-07
 2.53526e-07
 2.31320e-07
 2.11779e-07
 1.94512e-07
 1.79195e-07
 1.65556e-07
 1.53367e-07
 1.42436e-07
 1.32601e-07
 1.04717e-06
 8.98945e-07
 7.74869e-07
 6.71555e-07
 5.85515e-07
 5.13631e-07
 4.53283e-07
 4.02333e-07
 3.59059e-07
 3.22081e-07
 2.90295e-07
 2.62814e-07
 2.38924e-07
 2.18047e-07
 1.99713e-07
 1.83536e-07
 1.69200e-07
 1.56441e-07
 1.45042e-07
 1.34821e-07
 1.21543e-06
 1.01763e-06
 8.59904e-07
 7.33477e-07
 6.31326e-07
 5.48034e-07
 4.79481e-07
 4.22540e-07
 3.74828e-07
 3.34520e-07
 3.00204e-07
 2.70779e-07
 2.45379e-07
 2.23318e-07
 2.04047e-07
 1.87123e-07
 1.72185e-07
 1.58940e-07
 1.47144e-07
 1.36596e-07
 1.38942e-06
 1.13452e-06
 9.40462e-07
 7.90313e-07
 6.72284e-07
 5.78114e-07
 5.01947e-07
 4.39574e-07
 3.87918e-07
 3.44701e-07
 3.08208e-07
 2.77133e-07
 2.50468e-07
 2.27426e-07
 2.07386e-07
 1.89855e-07
 1.74433e-07
 1.60800e-07
 1.48690e-07
 1.37888e-07
 1.55260e-06
 1.23882e-06
 1.00956e-06
 8.37524e-07
 7.05395e-07
 6.01862e-07
 5.19312e-07
 4.52485e-07
 3.97658e-07
 3.52143e-07
 3.13958e-07
 2.81619e-07
 2.53997e-07
 2.30224e-07
 2.09620e-07
 1.91647e-07
 1.75879e-07
 1.61971e-07
 1.49641e-07
 1.38662e-07
 1.68234e-06
 1.31757e-06
 1.05960e-06
 8.70493e-07
 7.27772e-07
 6.17421e-07
 5.30349e-07
 4.60445e-07
 4.03478e-07
 3.56445e-07
 3.17167e-07
 2.84029e-07
 2.55817e-07
 2.31601e-07
 2.10662e-07
 1.92436e-07
 1.76472e-07
 1.62413e-07
 1.49967e-07
 1.38897e-07
 1.75485e-06
 1.35853e-06
 1.08388e-06
 8.85386e-07
 7.37117e-07
 6.23366e-07
 5.34146e-07
 4.62853e-07
 4.04973e-07
 3.57330e-07
 3.17641e-07
 2.84226e-07
 2.55825e-07
 2.31483e-07
 2.10461e-07
 1.92179e-07
 1.76183e-07
 1.62104e-07
 1.49650e-07
 1.38578e-07
 1.75375e-06
 1.35395e-06
 1.07843e-06
 8.80030e-07
 7.32188e-07
 6.18955e-07
 5.30246e-07
 4.59421e-07
 4.01955e-07
 3.54675e-07
 3.15298e-07
 2.82153e-07
 2.53985e-07
 2.29844e-07
 2.08996e-07
 1.90866e-07
 1.75001e-07
 1.61038e-07
 1.48685e-07
 1.37702e-07
 1.67750e-06
 1.30341e-06
 1.04320e-06
 8.54487e-07
 7.13073e-07
 6.04275e-07
 5.18728e-07
 4.50217e-07
 3.94483e-07
 3.48526e-07
 3.10177e-07
 2.77842e-07
 2.50323e-07
 2.26707e-07
 2.06287e-07
 1.88511e-07
 1.72941e-07
 1.59226e-07
 1.47082e-07
 1.36277e-07
 1.53998e-06
 1.21399e-06
 9.82092e-07
 8.11045e-07
 6.81189e-07
 5.80244e-07
 5.00204e-07
 4.35661e-07
 3.82854e-07
 3.39099e-07
 3.02437e-07
 2.71414e-07
 2.44930e-07
 2.22141e-07
 2.02389e-07
 1.85159e-07
 1.70038e-07
 1.56696e-07
 1.44864e-07
 1.34323e-07
 1.36402e-06
 1.09764e-06
 9.01799e-07
 7.53679e-07
 6.39000e-07
 5.48448e-07
 4.75731e-07
 4.16479e-07
 3.67577e-07
 3.26759e-07
 2.92344e-07
 2.63066e-07
 2.37956e-07
 2.16261e-07
 1.97391e-07
 1.80878e-07
 1.66346e-07
 1.53492e-07
 1.42067e-07
 1.31868e-07
 1.17309e-06
 9.67582e-07
 8.10135e-07
 6.87185e-07
 5.89559e-07
 5.10890e-07
 4.46661e-07
 3.93604e-07
 3.49310e-07
 3.11981e-07
 2.80247e-07
 2.53059e-07
 2.29597e-07
 2.09218e-07
 1.91409e-07
 1.75760e-07
 1.61938e-07
 1.49672e-07
 1.38738e-07
 1.28951e-07
 9.85939e-07
 8.35476e-07
 7.14472e-07
 6.16334e-07
 5.36023e-07
 4.69708e-07
 4.14471e-07
 3.68077e-07
 3.28803e-07
 2.95310e-07
 2.66551e-07
 2.41695e-07
 2.20084e-07
 2.01190e-07
 1.84583e-07
 1.69915e-07
 1.56902e-07
 1.45306e-07
 1.34933e-07
 1.25618e-07
 8.14767e-07
 7.09915e-07
 6.20760e-07
 5.45240e-07
 4.81259e-07
 4.26922e-07
 3.80603e-07
 3.40941e-07
 3.06818e-07
 2.77315e-07
 2.51680e-07
 2.29299e-07
 2.09668e-07
 1.92370e-07
 1.77063e-07
 1.63463e-07
 1.51332e-07
 1.40471e-07
 1.30714e-07
 1.21918e-07
 6.65671e-07
 5.96171e-07
 5.33139e-07
 4.77035e-07
 4.27601e-07
 3.84264e-07
 3.46343e-07
 3.13160e-07
 2.84082e-07
 2.58545e-07
 2.36059e-07
 2.16198e-07
 1.98601e-07
 1.82959e-07
 1.69010e-07
 1.56530e-07
 1.45331e-07
 1.35250e-07
 1.26149e-07
 1.17908e-07
 5.40162e-07
 4.96665e-07
 4.54017e-07
 4.13802e-07
 3.76748e-07
 3.43081e-07
 3.12750e-07
 2.85556e-07
 2.61235e-07
 2.39502e-07
 2.20078e-07
 2.02700e-07
 1.87129e-07
 1.73151e-07
 1.60578e-07
 1.49244e-07
 1.39002e-07
 1.29726e-07
 1.21306e-07
 1.13646e-07
 4.36914e-07
 4.11763e-07
 3.84396e-07
 3.56693e-07
 3.29790e-07
 3.04327e-07
 2.80621e-07
 2.58785e-07
 2.38810e-07
 2.20616e-07
 2.04086e-07
 1.89086e-07
 1.75479e-07
 1.63132e-07
 1.51919e-07
 1.41725e-07
 1.32445e-07
 1.23983e-07
 1.16256e-07
 1.09187e-07
 3.53216e-07
 3.40567e-07
 3.24284e-07
 3.06125e-07
 2.87296e-07
 2.68589e-07
 2.50504e-07
 2.33331e-07
 2.17221e-07
 2.02235e-07
 1.88372e-07
 1.75597e-07
 1.63851e-07
 1.53066e-07
 1.43170e-07
 1.34090e-07
 1.25755e-07
 1.18100e-07
 1.11064e-07
 1.04588e-07
