scalar
part
         1
quad4
 5.80692e-07
 5.35128e-07
 4.90171e-07
 4.47451e-07
 4.07810e-07
 3.71582e-07
 3.38790e-07
 3.09283e-07
 2.82822e-07
 2.59130e-07
 2.37925e-07
 2.18935e-07
 2.01911e-07
 1.86626e-07
 1.72877e-07
 1.60485e-07
 1.49293e-07
 1.39163e-07
 1.29973e-07
 1.21618e-07
 6.87386e-07
 6.21350e-07
 5.59573e-07
 5.03299e-07
 4.52851e-07
 4.08044e-07
 3.68449e-07
 3.33538e-07
 3.02770e-07
 2.75629e-07
 2.51650e-07
 2.30417e-07
 2.11569e-07
 1.94793e-07
 1.79818e-07
 1.66413e-07
 1.54379e-07
 1.43545e-07
 1.33765e-07
 1.24912e-07
 8.13411e-07
 7.19567e-07
 6.36189e-07
 5.63310e-07
 5.00135e-07
 4.45562e-07
 3.98441e-07
 3.57696e-07
 3.22376e-07
 2.91659e-07
 2.64848e-07
 2.41357e-07
 2.20696e-07
 2.02453e-07
 1.86285e-07
 1.71902e-07
 1.59062e-07
 1.47560e-07
 1.37223e-07
 1.27904e-07
 9.59008e-07
 8.28578e-07
 7.18408e-07
 6.25910e-07
 5.48294e-07
 4.83005e-07
 4.27856e-07
 3.81037e-07
 3.41073e-07
 3.06771e-07
 2.77166e-07
 2.51477e-07
 2.29071e-07
 2.09432e-07
 1.92138e-07
 1.76840e-07
 1.63252e-07
 1.51134e-07
 1.40287e-07
 1.30543e-07
 1.12139e-06
 9.45017e-07
 8.03191e-07
 6.88623e-07
 5.95397e-07
 5.18897e-07
 4.55576e-07
 4.02712e-07
 3.58217e-07
 3.20475e-07
 2.88226e-07
 2.60483e-07
 2.36466e-07
 2.15550e-07
 1.97235e-07
 1.81115e-07
 1.66859e-07
 1.54195e-07
 1.42898e-07
 1.32781e-07
 1.29291e-06
 1.06262e-06
 8.85838e-07
 7.48037e-07
 6.38990e-07
 5.51474e-07
 4.80324e-07
 4.21792e-07
 3.73123e-07
 3.32260e-07
 2.97645e-07
 2.68087e-07
 2.42659e-07
 2.20636e-07
 2.01444e-07
 1.84622e-07
 1.69800e-07
 1.56676e-07
 1.45003e-07
 1.34575e-07
 1.45962e-06
 1.17196e-06
 9.60099e-07
 7.99986e-07
 6.76267e-07
 5.78816e-07
 5.00765e-07
 4.37333e-07
 3.85115e-07
 3.41636e-07
 3.05063e-07
 2.74018e-07
 2.47447e-07
 2.24535e-07
 2.04644e-07
 1.87268e-07
 1.72002e-07
 1.58520e-07
 1.46555e-07
 1.35888e-07
 1.60158e-06
 1.26129e-06
 1.01885e-06
 8.40030e-07
 7.04381e-07
 5.99051e-07
 5.15640e-07
 4.48469e-07
 3.93585e-07
 3.48169e-07
 3.10165e-07
 2.78045e-07
 2.50657e-07
 2.27117e-07
 2.06736e-07
 1.88976e-07
 1.73405e-07
 1.59679e-07
 1.47517e-07
 1.36692e-07
 1.69658e-06
 1.31869e-06
 1.05534e-06
 8.64176e-07
 7.20872e-07
 6.10611e-07
 5.23920e-07
 4.54508e-07
 3.98059e-07
 3.51526e-07
 3.12711e-07
 2.79995e-07
 2.52163e-07
 2.28286e-07
 2.07649e-07
 1.89691e-07
 1.73967e-07
 1.60121e-07
 1.47865e-07
 1.36964e-07
 1.72687e-06
 1.33527e-06
 1.06479e-06
 8.69686e-07
 7.24103e-07
 6.12478e-07
 5.24952e-07
 4.55021e-07
 3.98244e-07
 3.51505e-07
 3.12562e-07
 2.79768e-07
 2.51890e-07
 2.27989e-07
 2.07343e-07
 1.89384e-07
 1.73665e-07
 1.59828e-07
 1.47584e-07
 1.36696e-07
 1.68600e-06
 1.30795e-06
 1.04562e-06
 8.55698e-07
 7.13582e-07
 6.04363e-07
 5.18560e-07
 4.49896e-07
 3.94071e-07
 3.48062e-07
 3.09689e-07
 2.77345e-07
 2.49827e-07
 2.26219e-07
 2.05812e-07
 1.88052e-07
 1.72498e-07
 1.58800e-07
 1.46673e-07
 1.35886e-07
 1.58114e-06
 1.24043e-06
 9.99860e-07
 8.23422e-07
 6.90062e-07
 5.86755e-07
 5.05074e-07
 4.39362e-07
 3.85703e-07
 3.41316e-07
 3.04178e-07
 2.72790e-07
 2.46024e-07
 2.23014e-07
 2.03087e-07
 1.85718e-07
 1.70485e-07
 1.57052e-07
 1.45147e-07
 1.34546e-07
 1.42982e-06
 1.14181e-06
 9.32613e-07
 7.75865e-07
 6.55402e-07
 5.60846e-07
 4.85283e-07
 4.23958e-07
 3.73517e-07
 3.31535e-07
 2.96226e-07
 2.66251e-07
 2.40591e-07
 2.18457e-07
 1.99234e-07
 1.82433e-07
 1.67665e-07
 1.54617e-07
 1.43030e-07
 1.32696e-07
 1.25361e-06
 1.02394e-06
 8.50729e-07
 7.17176e-07
 6.12213e-07
 5.28337e-07
 4.60327e-07
 4.04468e-07
 3.58062e-07
 3.19113e-07
 2.86120e-07
 2.57940e-07
 2.33687e-07
 2.12671e-07
 1.94345e-07
 1.78271e-07
 1.64098e-07
 1.51539e-07
 1.40360e-07
 1.30366e-07
 1.07238e-06
 8.98534e-07
 7.61377e-07
 6.51883e-07
 5.63438e-07
 4.91188e-07
 4.31545e-07
 3.81825e-07
 3.40003e-07
 3.04532e-07
 2.74215e-07
 2.48121e-07
 2.25514e-07
 2.05810e-07
 1.88541e-07
 1.73326e-07
 1.59857e-07
 1.47879e-07
 1.37184e-07
 1.27595e-07
 9.00822e-07
 7.75211e-07
 6.70880e-07
 5.84202e-07
 5.11936e-07
 4.51376e-07
 4.00323e-07
 3.57019e-07
 3.20058e-07
 2.88319e-07
 2.60904e-07
 2.37091e-07
 2.16298e-07
 1.98049e-07
 1.81957e-07
 1.67704e-07
 1.55026e-07
 1.43705e-07
 1.33557e-07
 1.24428e-07
 7.47539e-07
 6.60548e-07
 5.84037e-07
 5.17584e-07
 4.60185e-07
 4.10686e-07
 3.67963e-07
 3.31006e-07
 2.98936e-07
 2.71007e-07
 2.46590e-07
 2.25160e-07
 2.06277e-07
 1.89573e-07
 1.74741e-07
 1.61522e-07
 1.49700e-07
 1.39091e-07
 1.29540e-07
 1.20915e-07
 6.15944e-07
 5.58160e-07
 5.03967e-07
 4.54521e-07
 4.10116e-07
 3.70594e-07
 3.35587e-07
 3.04640e-07
 2.77290e-07
 2.53098e-07
 2.31663e-07
 2.12631e-07
 1.95691e-07
 1.80572e-07
 1.67043e-07
 1.54901e-07
 1.43976e-07
 1.34118e-07
 1.25199e-07
 1.17109e-07
 5.05948e-07
 4.69323e-07
 4.32288e-07
 3.96565e-07
 3.63070e-07
 3.32209e-07
 3.04087e-07
 2.78633e-07
 2.55686e-07
 2.35040e-07
 2.16478e-07
 1.99787e-07
 1.84764e-07
 1.71227e-07
 1.59009e-07
 1.47960e-07
 1.37951e-07
 1.28864e-07
 1.20598e-07
 1.13063e-07
 4.15551e-07
 3.93757e-07
 3.69486e-07
 3.44481e-07
 3.19856e-07
 2.96281e-07
 2.74120e-07
 2.53541e-07
 2.34583e-07
 2.17211e-07
 2.01344e-07
 1.86879e-07
 1.73705e-07
 1.61707e-07
 1.50777e-07
 1.40813e-07
 1.31718e-07
 1.23407e-07
 1.15803e-07
 1.08833e-07
