scalar
part
         1
quad4
 6.60980e-07
 6.04107e-07
 5.49178e-07
 4.97843e-07
 4.50859e-07
 4.08423e-07
 3.70405e-07
 3.36508e-07
 3.06357e-07
 2.79558e-07
 2.55731e-07
 2.34522e-07
 2.15612e-07
 1.98719e-07
 1.83593e-07
 1.70018e-07
 1.57804e-07
 1.46788e-07
 1.36828e-07
 1.27800e-07
 7.76849e-07
 6.96492e-07
 6.22540e-07
 5.56090e-07
 4.97218e-07
 4.45471e-07
 4.00166e-07
 3.60551e-07
 3.25898e-07
 2.95536e-07
 2.68875e-07
 2.45398e-07
 2.24663e-07
 2.06291e-07
 1.89962e-07
 1.75401e-07
 1.62375e-07
 1.50687e-07
 1.40168e-07
 1.30672e-07
 9.12350e-07
 8.00495e-07
 7.02435e-07
 6.17729e-07
 5.45074e-07
 4.82902e-07
 4.29675e-07
 3.84003e-07
 3.44683e-07
 3.10700e-07
 2.81205e-07
 2.55495e-07
 2.32985e-07
 2.13194e-07
 1.95721e-07
 1.80232e-07
 1.66449e-07
 1.54139e-07
 1.43106e-07
 1.33184e-07
 1.06687e-06
 9.14146e-07
 7.86649e-07
 6.80747e-07
 5.92747e-07
 5.19371e-07
 4.57880e-07
 4.06046e-07
 3.62082e-07
 3.24561e-07
 2.92344e-07
 2.64518e-07
 2.40350e-07
 2.19247e-07
 2.00727e-07
 1.84398e-07
 1.69934e-07
 1.57070e-07
 1.45583e-07
 1.35287e-07
 1.23610e-06
 1.03292e-06
 8.71341e-07
 7.42139e-07
 6.37970e-07
 5.53191e-07
 4.83530e-07
 4.25752e-07
 3.77402e-07
 3.36600e-07
 3.01898e-07
 2.72168e-07
 2.46526e-07
 2.24271e-07
 2.04842e-07
 1.87788e-07
 1.72745e-07
 1.59412e-07
 1.47544e-07
 1.36935e-07
 1.40992e-06
 1.14899e-06
 9.50869e-07
 7.97940e-07
 6.77970e-07
 5.82419e-07
 5.05252e-07
 4.42142e-07
 3.89935e-07
 3.46299e-07
 3.09485e-07
 2.78160e-07
 2.51299e-07
 2.28101e-07
 2.07938e-07
 1.90306e-07
 1.74804e-07
 1.61104e-07
 1.48940e-07
 1.38092e-07
 1.57107e-06
 1.25117e-06
 1.01807e-06
 8.43528e-07
 7.09722e-07
 6.05037e-07
 5.21676e-07
 4.54267e-07
 3.99015e-07
 3.53184e-07
 3.14761e-07
 2.82241e-07
 2.54480e-07
 2.30598e-07
 2.09908e-07
 1.91869e-07
 1.76047e-07
 1.62096e-07
 1.49732e-07
 1.38725e-07
 1.69618e-06
 1.32626e-06
 1.06525e-06
 8.74272e-07
 7.30350e-07
 6.19207e-07
 5.31597e-07
 4.61319e-07
 4.04089e-07
 3.56867e-07
 3.17451e-07
 2.84212e-07
 2.55925e-07
 2.31654e-07
 2.10673e-07
 1.92415e-07
 1.76429e-07
 1.62352e-07
 1.49893e-07
 1.38814e-07
 1.76125e-06
 1.36203e-06
 1.08581e-06
 8.86426e-07
 7.37630e-07
 6.23559e-07
 5.34143e-07
 4.62729e-07
 4.04774e-07
 3.57088e-07
 3.17374e-07
 2.83946e-07
 2.55542e-07
 2.31201e-07
 2.10184e-07
 1.91910e-07
 1.75921e-07
 1.61852e-07
 1.49407e-07
 1.38345e-07
 1.75067e-06
 1.35126e-06
 1.07611e-06
 8.78029e-07
 7.30455e-07
 6.17444e-07
 5.28921e-07
 4.58252e-07
 4.00916e-07
 3.53746e-07
 3.14464e-07
 2.81400e-07
 2.53302e-07
 2.29222e-07
 2.08427e-07
 1.90344e-07
 1.74520e-07
 1.60594e-07
 1.48273e-07
 1.37319e-07
 1.66463e-06
 1.29441e-06
 1.03659e-06
 8.49430e-07
 7.09093e-07
 6.01065e-07
 5.16087e-07
 4.48008e-07
 3.92609e-07
 3.46916e-07
 3.08781e-07
 2.76620e-07
 2.49244e-07
 2.25747e-07
 2.05428e-07
 1.87739e-07
 1.72242e-07
 1.58591e-07
 1.46502e-07
 1.35746e-07
 1.51903e-06
 1.19956e-06
 9.71663e-07
 8.03225e-07
 6.75145e-07
 5.75455e-07
 4.96329e-07
 4.32471e-07
 3.80187e-07
 3.36840e-07
 3.00502e-07
 2.69740e-07
 2.43469e-07
 2.20855e-07
 2.01250e-07
 1.84143e-07
 1.69126e-07
 1.55874e-07
 1.44120e-07
 1.33646e-07
 1.33791e-06
 1.07932e-06
 8.88444e-07
 7.43627e-07
 6.31228e-07
 5.42299e-07
 4.70771e-07
 4.12410e-07
 3.64190e-07
 3.23904e-07
 2.89911e-07
 2.60971e-07
 2.36136e-07
 2.14667e-07
 1.95985e-07
 1.79630e-07
 1.65232e-07
 1.52492e-07
 1.41165e-07
 1.31051e-07
 1.14484e-06
 9.47127e-07
 7.94906e-07
 6.75559e-07
 5.80483e-07
 5.03666e-07
 4.40812e-07
 3.88795e-07
 3.45304e-07
 3.08604e-07
 2.77370e-07
 2.50584e-07
 2.27450e-07
 2.07341e-07
 1.89757e-07
 1.74297e-07
 1.60635e-07
 1.48504e-07
 1.37687e-07
 1.28001e-07
 9.57888e-07
 8.14412e-07
 6.98366e-07
 6.03794e-07
 5.26092e-07
 4.61719e-07
 4.07950e-07
 3.62685e-07
 3.24292e-07
 2.91496e-07
 2.63294e-07
 2.38891e-07
 2.17650e-07
 1.99061e-07
 1.82709e-07
 1.68256e-07
 1.55424e-07
 1.43983e-07
 1.33743e-07
 1.24543e-07
 7.88368e-07
 6.89353e-07
 6.04584e-07
 5.32366e-07
 4.70888e-07
 4.18467e-07
 3.73629e-07
 3.35129e-07
 3.01924e-07
 2.73156e-07
 2.48115e-07
 2.26220e-07
 2.06988e-07
 1.90023e-07
 1.74995e-07
 1.61630e-07
 1.49698e-07
 1.39008e-07
 1.29398e-07
 1.20730e-07
 6.41621e-07
 5.76790e-07
 5.17464e-07
 4.64277e-07
 4.17136e-07
 3.75606e-07
 3.39118e-07
 3.07079e-07
 2.78922e-07
 2.54132e-07
 2.32256e-07
 2.12899e-07
 1.95721e-07
 1.80429e-07
 1.66775e-07
 1.54546e-07
 1.43560e-07
 1.33663e-07
 1.24720e-07
 1.16617e-07
 5.18656e-07
 4.78805e-07
 4.39197e-07
 4.01477e-07
 3.66454e-07
 3.34437e-07
 3.05445e-07
 2.79344e-07
 2.55917e-07
 2.34922e-07
 2.16107e-07
 1.99238e-07
 1.84093e-07
 1.70475e-07
 1.58207e-07
 1.47133e-07
 1.37114e-07
 1.28031e-07
 1.19778e-07
 1.12263e-07
 4.17870e-07
 3.95531e-07
 3.70614e-07
 3.45000e-07
 3.19854e-07
 2.95859e-07
 2.73375e-07
 2.52557e-07
 2.33430e-07
 2.15945e-07
 2.00010e-07
 1.85512e-07
 1.72330e-07
 1.60345e-07
 1.49441e-07
 1.39512e-07
 1.30461e-07
 1.22198e-07
 1.14643e-07
 1.07725e-07
 3.36418e-07
 3.25931e-07
 3.11604e-07
 2.95170e-07
 2.77837e-07
 2.60414e-07
 2.43423e-07
 2.27179e-07
 2.11858e-07
 1.97542e-07
 1.84249e-07
 1.71959e-07
 1.60629e-07
 1.50201e-07
 1.40612e-07
 1.31798e-07
 1.23695e-07
 1.16241e-07
 1.09380e-07
 1.03059e-07
