scalar
part
         1
quad4
 4.57059e-07
 4.28199e-07
 3.98026e-07
 3.68142e-07
 3.39507e-07
 3.12644e-07
 2.87788e-07
 2.64998e-07
 2.44221e-07
 2.25347e-07
 2.08237e-07
 1.92739e-07
 1.78701e-07
 1.65980e-07
 1.54441e-07
 1.43962e-07
 1.34431e-07
 1.25749e-07
 1.17826e-07
 1.10585e-07
 5.49576e-07
 5.04643e-07
 4.60904e-07
 4.19807e-07
 3.82015e-07
 3.47717e-07
 3.16838e-07
 2.89165e-07
 2.64423e-07
 2.42319e-07
 2.22567e-07
 2.04898e-07
 1.89070e-07
 1.74864e-07
 1.62088e-07
 1.50574e-07
 1.40173e-07
 1.30755e-07
 1.22209e-07
 1.14436e-07
 6.60790e-07
 5.93439e-07
 5.31820e-07
 4.76622e-07
 4.27753e-07
 3.84753e-07
 3.47019e-07
 3.13923e-07
 2.84866e-07
 2.59310e-07
 2.36778e-07
 2.16857e-07
 1.99192e-07
 1.83481e-07
 1.69463e-07
 1.56917e-07
 1.45655e-07
 1.35516e-07
 1.26361e-07
 1.18072e-07
 7.92052e-07
 6.94408e-07
 6.09982e-07
 5.37623e-07
 4.75788e-07
 4.22927e-07
 3.77633e-07
 3.38692e-07
 3.05077e-07
 2.75935e-07
 2.50559e-07
 2.28364e-07
 2.08866e-07
 1.91665e-07
 1.76429e-07
 1.62881e-07
 1.50788e-07
 1.39956e-07
 1.30221e-07
 1.21442e-07
 9.42585e-07
 8.05732e-07
 6.93445e-07
 6.01070e-07
 5.24671e-07
 4.61072e-07
 4.07757e-07
 3.62748e-07
 3.24489e-07
 2.91751e-07
 2.63561e-07
 2.39142e-07
 2.17870e-07
 1.99242e-07
 1.82847e-07
 1.68352e-07
 1.55479e-07
 1.44001e-07
 1.33725e-07
 1.24494e-07
 1.10795e-06
 9.23249e-07
 7.78812e-07
 6.64336e-07
 5.72415e-07
 4.97697e-07
 4.36272e-07
 3.85250e-07
 3.42463e-07
 3.06270e-07
 2.75409e-07
 2.48901e-07
 2.25978e-07
 2.06032e-07
 1.88576e-07
 1.73217e-07
 1.59638e-07
 1.47576e-07
 1.36816e-07
 1.27179e-07
 1.27862e-06
 1.03998e-06
 8.61142e-07
 7.23945e-07
 6.16565e-07
 5.31053e-07
 4.61919e-07
 4.05278e-07
 3.58324e-07
 3.18989e-07
 2.85724e-07
 2.57353e-07
 2.32969e-07
 2.11864e-07
 1.93480e-07
 1.77371e-07
 1.63179e-07
 1.50614e-07
 1.39437e-07
 1.29453e-07
 1.43944e-06
 1.14632e-06
 9.34234e-07
 7.75821e-07
 6.54387e-07
 5.59271e-07
 4.83396e-07
 4.21913e-07
 3.71408e-07
 3.29422e-07
 2.94147e-07
 2.64229e-07
 2.38638e-07
 2.16580e-07
 1.97436e-07
 1.80715e-07
 1.66026e-07
 1.53054e-07
 1.41540e-07
 1.31276e-07
 1.57122e-06
 1.23112e-06
 9.91378e-07
 8.15774e-07
 6.83185e-07
 5.80567e-07
 4.99493e-07
 4.34314e-07
 3.81122e-07
 3.37143e-07
 3.00364e-07
 2.69294e-07
 2.42808e-07
 2.20047e-07
 2.00343e-07
 1.83172e-07
 1.68118e-07
 1.54846e-07
 1.43085e-07
 1.32616e-07
 1.65455e-06
 1.28386e-06
 1.02653e-06
 8.40167e-07
 7.00683e-07
 5.93470e-07
 5.09232e-07
 4.41814e-07
 3.86999e-07
 3.41819e-07
 3.04136e-07
 2.72373e-07
 2.45349e-07
 2.22164e-07
 2.02123e-07
 1.84680e-07
 1.69405e-07
 1.55952e-07
 1.44043e-07
 1.33448e-07
 1.67516e-06
 1.29716e-06
 1.03558e-06
 8.46598e-07
 7.05411e-07
 5.97044e-07
 5.11998e-07
 4.43997e-07
 3.88751e-07
 3.43248e-07
 3.05315e-07
 2.73357e-07
 2.46179e-07
 2.22871e-07
 2.02729e-07
 1.85204e-07
 1.69861e-07
 1.56352e-07
 1.44394e-07
 1.33759e-07
 1.62888e-06
 1.26893e-06
 1.01742e-06
 8.34425e-07
 6.96978e-07
 5.91041e-07
 5.07627e-07
 4.40752e-07
 3.86303e-07
 3.41373e-07
 3.03861e-07
 2.72217e-07
 2.45276e-07
 2.22149e-07
 2.02148e-07
 1.84734e-07
 1.69477e-07
 1.56037e-07
 1.44135e-07
 1.33545e-07
 1.52368e-06
 1.20322e-06
 9.74257e-07
 8.04926e-07
 6.76157e-07
 5.75948e-07
 4.96436e-07
 4.32290e-07
 3.79796e-07
 3.36294e-07
 2.99845e-07
 2.69003e-07
 2.42678e-07
 2.20028e-07
 2.00401e-07
 1.83284e-07
 1.68265e-07
 1.55017e-07
 1.43271e-07
 1.32810e-07
 1.37711e-06
 1.10910e-06
 9.11112e-07
 7.61038e-07
 6.44746e-07
 5.52905e-07
 4.79169e-07
 4.19113e-07
 3.69576e-07
 3.28255e-07
 2.93440e-07
 2.63843e-07
 2.38477e-07
 2.16577e-07
 1.97542e-07
 1.80896e-07
 1.66257e-07
 1.53317e-07
 1.41824e-07
 1.31570e-07
 1.21026e-06
 9.98061e-07
 8.34603e-07
 7.06748e-07
 6.05240e-07
 5.23525e-07
 4.56902e-07
 4.01953e-07
 3.56155e-07
 3.17618e-07
 2.84910e-07
 2.56929e-07
 2.32818e-07
 2.11904e-07
 1.93652e-07
 1.77634e-07
 1.63503e-07
 1.50977e-07
 1.39823e-07
 1.29851e-07
 1.04167e-06
 8.81171e-07
 7.51517e-07
 6.46338e-07
 5.60416e-07
 4.89656e-07
 4.30891e-07
 3.81683e-07
 3.40150e-07
 3.04830e-07
 2.74581e-07
 2.48503e-07
 2.25883e-07
 2.06148e-07
 1.88839e-07
 1.73581e-07
 1.60067e-07
 1.48047e-07
 1.37311e-07
 1.27686e-07
 8.84076e-07
 7.67114e-07
 6.67678e-07
 5.83731e-07
 5.12947e-07
 4.53146e-07
 4.02435e-07
 3.59230e-07
 3.22231e-07
 2.90380e-07
 2.62816e-07
 2.38839e-07
 2.17880e-07
 1.99470e-07
 1.83227e-07
 1.68834e-07
 1.56028e-07
 1.44590e-07
 1.34337e-07
 1.25114e-07
 7.44187e-07
 6.61516e-07
 5.87370e-07
 5.22076e-07
 4.65122e-07
 4.15658e-07
 3.72746e-07
 3.35485e-07
 3.03061e-07
 2.74766e-07
 2.49993e-07
 2.28226e-07
 2.09030e-07
 1.92041e-07
 1.76951e-07
 1.63500e-07
 1.51469e-07
 1.40673e-07
 1.30955e-07
 1.22180e-07
 6.24145e-07
 5.67246e-07
 5.13274e-07
 4.63600e-07
 4.18702e-07
 3.78554e-07
 3.42869e-07
 3.11247e-07
 2.83252e-07
 2.58459e-07
 2.36475e-07
 2.16945e-07
 1.99557e-07
 1.84038e-07
 1.70151e-07
 1.57691e-07
 1.46481e-07
 1.36370e-07
 1.27225e-07
 1.18933e-07
 5.23305e-07
 4.85152e-07
 4.46718e-07
 4.09663e-07
 3.74900e-07
 3.42853e-07
 3.13635e-07
 2.87183e-07
 2.63334e-07
 2.41880e-07
 2.22597e-07
 2.05265e-07
 1.89673e-07
 1.75631e-07
 1.62964e-07
 1.51518e-07
 1.41155e-07
 1.31753e-07
 1.23208e-07
 1.15423e-07
