scalar
part
         1
quad4
 6.50941e-07
 5.95251e-07
 5.41393e-07
 4.91009e-07
 4.44857e-07
 4.03142e-07
 3.65748e-07
 3.32387e-07
 3.02698e-07
 2.76297e-07
 2.52814e-07
 2.31904e-07
 2.13253e-07
 1.96586e-07
 1.81658e-07
 1.68256e-07
 1.56195e-07
 1.45314e-07
 1.35474e-07
 1.26553e-07
 7.65390e-07
 6.86579e-07
 6.13979e-07
 5.48690e-07
 4.90806e-07
 4.39895e-07
 3.95297e-07
 3.56280e-07
 3.22134e-07
 2.92204e-07
 2.65910e-07
 2.42749e-07
 2.22286e-07
 2.04149e-07
 1.88024e-07
 1.73642e-07
 1.60772e-07
 1.49222e-07
 1.38824e-07
 1.29437e-07
 8.99299e-07
 7.89457e-07
 6.93087e-07
 6.09783e-07
 5.38285e-07
 4.77069e-07
 4.24633e-07
 3.79617e-07
 3.40846e-07
 3.07323e-07
 2.78217e-07
 2.52836e-07
 2.30608e-07
 2.11059e-07
 1.93795e-07
 1.78487e-07
 1.64863e-07
 1.52691e-07
 1.41780e-07
 1.31966e-07
 1.05211e-06
 9.01969e-07
 7.76552e-07
 6.72314e-07
 5.85646e-07
 5.13342e-07
 4.52719e-07
 4.01593e-07
 3.58212e-07
 3.21174e-07
 2.89360e-07
 2.61874e-07
 2.37993e-07
 2.17136e-07
 1.98827e-07
 1.82680e-07
 1.68375e-07
 1.55649e-07
 1.44283e-07
 1.34093e-07
 1.21959e-06
 1.01968e-06
 8.60609e-07
 7.33333e-07
 6.30657e-07
 5.47052e-07
 4.78322e-07
 4.21291e-07
 3.73547e-07
 3.33242e-07
 2.98951e-07
 2.69565e-07
 2.44212e-07
 2.22202e-07
 2.02983e-07
 1.86110e-07
 1.71223e-07
 1.58026e-07
 1.46277e-07
 1.35773e-07
 1.39186e-06
 1.13492e-06
 9.39709e-07
 7.88934e-07
 6.70588e-07
 5.76282e-07
 5.00085e-07
 4.37742e-07
 3.86150e-07
 3.43015e-07
 3.06610e-07
 2.75626e-07
 2.49050e-07
 2.26094e-07
 2.06135e-07
 1.88680e-07
 1.73330e-07
 1.59762e-07
 1.47714e-07
 1.36967e-07
 1.55195e-06
 1.23669e-06
 1.00680e-06
 8.34562e-07
 7.02448e-07
 5.99035e-07
 5.16651e-07
 4.50005e-07
 3.95360e-07
 3.50019e-07
 3.11995e-07
 2.79805e-07
 2.52320e-07
 2.28671e-07
 2.08178e-07
 1.90308e-07
 1.74632e-07
 1.60808e-07
 1.48555e-07
 1.37645e-07
 1.67689e-06
 1.31196e-06
 1.05429e-06
 8.65637e-07
 7.23389e-07
 6.13487e-07
 5.26821e-07
 4.57275e-07
 4.00624e-07
 3.53867e-07
 3.14830e-07
 2.81903e-07
 2.53876e-07
 2.29824e-07
 2.09030e-07
 1.90932e-07
 1.75083e-07
 1.61126e-07
 1.48771e-07
 1.37783e-07
 1.74303e-06
 1.34869e-06
 1.07564e-06
 8.78436e-07
 7.31195e-07
 6.18270e-07
 5.29722e-07
 4.58981e-07
 4.01557e-07
 3.54298e-07
 3.14932e-07
 2.81791e-07
 2.53626e-07
 2.29488e-07
 2.08642e-07
 1.90515e-07
 1.74654e-07
 1.60696e-07
 1.48348e-07
 1.37371e-07
 1.73485e-06
 1.33961e-06
 1.06719e-06
 8.70974e-07
 7.24738e-07
 6.12718e-07
 5.24949e-07
 4.54868e-07
 3.97998e-07
 3.51205e-07
 3.12231e-07
 2.79421e-07
 2.51538e-07
 2.27639e-07
 2.06998e-07
 1.89048e-07
 1.73340e-07
 1.59514e-07
 1.47281e-07
 1.36405e-07
 1.65227e-06
 1.28506e-06
 1.02926e-06
 8.43531e-07
 7.04241e-07
 5.97004e-07
 5.12637e-07
 4.45040e-07
 3.90030e-07
 3.44654e-07
 3.06780e-07
 2.74837e-07
 2.47645e-07
 2.24306e-07
 2.04122e-07
 1.86550e-07
 1.71155e-07
 1.57593e-07
 1.45583e-07
 1.34896e-07
 1.51053e-06
 1.19275e-06
 9.66100e-07
 7.98600e-07
 6.71242e-07
 5.72119e-07
 4.93446e-07
 4.29955e-07
 3.77973e-07
 3.34876e-07
 2.98749e-07
 2.68166e-07
 2.42047e-07
 2.19565e-07
 2.00074e-07
 1.83067e-07
 1.68138e-07
 1.54963e-07
 1.43277e-07
 1.32865e-07
 1.33302e-06
 1.07497e-06
 8.84628e-07
 7.40281e-07
 6.28287e-07
 5.39704e-07
 4.68470e-07
 4.10359e-07
 3.62353e-07
 3.22250e-07
 2.88415e-07
 2.59613e-07
 2.34898e-07
 2.13534e-07
 1.94945e-07
 1.78671e-07
 1.64346e-07
 1.51670e-07
 1.40402e-07
 1.30340e-07
 1.14289e-06
 9.44914e-07
 7.92665e-07
 6.73401e-07
 5.78456e-07
 5.01786e-07
 4.39079e-07
 3.87202e-07
 3.43842e-07
 3.07259e-07
 2.76133e-07
 2.49444e-07
 2.26397e-07
 2.06367e-07
 1.88854e-07
 1.73457e-07
 1.59853e-07
 1.47774e-07
 1.37004e-07
 1.27362e-07
 9.58089e-07
 8.13882e-07
 6.97439e-07
 6.02669e-07
 5.24883e-07
 4.60494e-07
 4.06748e-07
 3.61527e-07
 3.23188e-07
 2.90451e-07
 2.62309e-07
 2.37964e-07
 2.16780e-07
 1.98244e-07
 1.81941e-07
 1.67535e-07
 1.54746e-07
 1.43345e-07
 1.33142e-07
 1.23976e-07
 7.90004e-07
 6.90053e-07
 6.04684e-07
 5.32087e-07
 4.70377e-07
 4.17817e-07
 3.72904e-07
 3.34367e-07
 3.01153e-07
 2.72392e-07
 2.47370e-07
 2.25498e-07
 2.06294e-07
 1.89358e-07
 1.74360e-07
 1.61025e-07
 1.49122e-07
 1.38461e-07
 1.28877e-07
 1.20234e-07
 6.44134e-07
 5.78330e-07
 5.18321e-07
 4.64660e-07
 4.17193e-07
 3.75442e-07
 3.38806e-07
 3.06670e-07
 2.78452e-07
 2.53627e-07
 2.31733e-07
 2.12370e-07
 1.95194e-07
 1.79910e-07
 1.66268e-07
 1.54054e-07
 1.43084e-07
 1.33203e-07
 1.24277e-07
 1.16191e-07
 5.21650e-07
 4.80879e-07
 4.40582e-07
 4.02353e-07
 3.66957e-07
 3.34668e-07
 3.05481e-07
 2.79239e-07
 2.55713e-07
 2.34648e-07
 2.15786e-07
 1.98886e-07
 1.83722e-07
 1.70093e-07
 1.57822e-07
 1.46748e-07
 1.36733e-07
 1.27657e-07
 1.19412e-07
 1.11906e-07
 4.21077e-07
 3.97912e-07
 3.72345e-07
 3.46225e-07
 3.20692e-07
 2.96402e-07
 2.73694e-07
 2.52707e-07
 2.33453e-07
 2.15874e-07
 1.99869e-07
 1.85320e-07
 1.72101e-07
 1.60089e-07
 1.49168e-07
 1.39228e-07
 1.30170e-07
 1.21904e-07
 1.14349e-07
 1.07433e-07
 3.39669e-07
 3.28460e-07
 3.13542e-07
 2.96631e-07
 2.78918e-07
 2.61194e-07
 2.43966e-07
 2.27538e-07
 2.12073e-07
 1.97644e-07
 1.84265e-07
 1.71908e-07
 1.60527e-07
 1.50060e-07
 1.40442e-07
 1.31607e-07
 1.23488e-07
 1.16024e-07
 1.09156e-07
 1.02830e-07
