scalar
part
         1
quad4
 6.37545e-07
 5.83633e-07
 5.31359e-07
 4.82354e-07
 4.37387e-07
 3.96681e-07
 3.60142e-07
 3.27505e-07
 2.98428e-07
 2.72548e-07
 2.49507e-07
 2.28974e-07
 2.10647e-07
 1.94257e-07
 1.79569e-07
 1.66375e-07
 1.54496e-07
 1.43773e-07
 1.34072e-07
 1.25273e-07
 7.50185e-07
 6.73683e-07
 6.03061e-07
 5.39438e-07
 4.82941e-07
 4.33183e-07
 3.89539e-07
 3.51315e-07
 3.17827e-07
 2.88449e-07
 2.62618e-07
 2.39848e-07
 2.19716e-07
 2.01863e-07
 1.85980e-07
 1.71807e-07
 1.59118e-07
 1.47725e-07
 1.37465e-07
 1.28198e-07
 8.82125e-07
 7.75263e-07
 6.81337e-07
 6.00014e-07
 5.30115e-07
 4.70190e-07
 4.18799e-07
 3.74634e-07
 3.36559e-07
 3.03610e-07
 2.74980e-07
 2.49998e-07
 2.28105e-07
 2.08839e-07
 1.91816e-07
 1.76715e-07
 1.63268e-07
 1.51251e-07
 1.40474e-07
 1.30777e-07
 1.03292e-06
 8.86569e-07
 7.64112e-07
 6.62178e-07
 5.77308e-07
 5.06415e-07
 4.46909e-07
 3.96675e-07
 3.54012e-07
 3.17558e-07
 2.86224e-07
 2.59134e-07
 2.35585e-07
 2.15006e-07
 1.96933e-07
 1.80986e-07
 1.66853e-07
 1.54276e-07
 1.43039e-07
 1.32962e-07
 1.19857e-06
 1.00335e-06
 8.47747e-07
 7.23063e-07
 6.22343e-07
 5.40232e-07
 4.72658e-07
 4.16535e-07
 3.69511e-07
 3.29785e-07
 2.95964e-07
 2.66964e-07
 2.41931e-07
 2.20188e-07
 2.01194e-07
 1.84513e-07
 1.69789e-07
 1.56733e-07
 1.45106e-07
 1.34709e-07
 1.36957e-06
 1.11818e-06
 9.26850e-07
 7.78859e-07
 6.62546e-07
 5.69755e-07
 4.94708e-07
 4.33254e-07
 3.82360e-07
 3.39779e-07
 3.03822e-07
 2.73203e-07
 2.46927e-07
 2.24221e-07
 2.04474e-07
 1.87196e-07
 1.71998e-07
 1.58561e-07
 1.46626e-07
 1.35978e-07
 1.52952e-06
 1.22035e-06
 9.94526e-07
 8.25090e-07
 6.94968e-07
 5.93010e-07
 5.11713e-07
 4.45899e-07
 3.91900e-07
 3.47068e-07
 3.09455e-07
 2.77597e-07
 2.50386e-07
 2.26964e-07
 2.06662e-07
 1.88953e-07
 1.73415e-07
 1.59709e-07
 1.47558e-07
 1.36737e-07
 1.65603e-06
 1.29711e-06
 1.04329e-06
 8.57223e-07
 7.16778e-07
 6.08175e-07
 5.22472e-07
 4.53657e-07
 3.97572e-07
 3.51261e-07
 3.12582e-07
 2.79946e-07
 2.52158e-07
 2.28305e-07
 2.07677e-07
 1.89720e-07
 1.73992e-07
 1.60138e-07
 1.47874e-07
 1.36964e-07
 1.72579e-06
 1.33649e-06
 1.06662e-06
 8.71516e-07
 7.25735e-07
 6.13862e-07
 5.26093e-07
 4.55945e-07
 3.98982e-07
 3.52087e-07
 3.13015e-07
 2.80113e-07
 2.52146e-07
 2.28173e-07
 2.07466e-07
 1.89458e-07
 1.73698e-07
 1.59828e-07
 1.47556e-07
 1.36646e-07
 1.72305e-06
 1.33105e-06
 1.06069e-06
 8.65885e-07
 7.20645e-07
 6.09356e-07
 5.22139e-07
 4.52483e-07
 3.95951e-07
 3.49427e-07
 3.10673e-07
 2.78045e-07
 2.50313e-07
 2.26542e-07
 2.06011e-07
 1.88154e-07
 1.72526e-07
 1.58771e-07
 1.46600e-07
 1.35778e-07
 1.64676e-06
 1.28058e-06
 1.02556e-06
 8.40444e-07
 7.01627e-07
 5.94764e-07
 5.10698e-07
 4.43347e-07
 3.88539e-07
 3.43331e-07
 3.05598e-07
 2.73776e-07
 2.46687e-07
 2.23437e-07
 2.03330e-07
 1.85825e-07
 1.70489e-07
 1.56979e-07
 1.45015e-07
 1.34370e-07
 1.51094e-06
 1.19220e-06
 9.65146e-07
 7.97490e-07
 6.70100e-07
 5.71003e-07
 4.92384e-07
 4.28958e-07
 3.77043e-07
 3.34013e-07
 2.97949e-07
 2.67424e-07
 2.41359e-07
 2.18926e-07
 1.99480e-07
 1.82513e-07
 1.67622e-07
 1.54480e-07
 1.42826e-07
 1.32441e-07
 1.33803e-06
 1.07771e-06
 8.86061e-07
 7.40951e-07
 6.28500e-07
 5.39641e-07
 4.68240e-07
 4.10030e-07
 3.61967e-07
 3.21835e-07
 2.87988e-07
 2.59185e-07
 2.34476e-07
 2.13123e-07
 1.94547e-07
 1.78288e-07
 1.63978e-07
 1.51319e-07
 1.40066e-07
 1.30019e-07
 1.15085e-06
 9.50013e-07
 7.95960e-07
 6.75536e-07
 5.79830e-07
 5.02651e-07
 4.39599e-07
 3.87486e-07
 3.43961e-07
 3.07265e-07
 2.76060e-07
 2.49316e-07
 2.26232e-07
 2.06176e-07
 1.88647e-07
 1.73241e-07
 1.59631e-07
 1.47551e-07
 1.36782e-07
 1.27142e-07
 9.67564e-07
 8.20451e-07
 7.02034e-07
 6.05908e-07
 5.27181e-07
 4.62129e-07
 4.07910e-07
 3.62348e-07
 3.23760e-07
 2.90840e-07
 2.62562e-07
 2.38116e-07
 2.16855e-07
 1.98262e-07
 1.81917e-07
 1.67478e-07
 1.54665e-07
 1.43246e-07
 1.33029e-07
 1.23854e-07
 7.99952e-07
 6.97360e-07
 6.10072e-07
 5.36084e-07
 4.73359e-07
 4.20054e-07
 3.74589e-07
 3.35641e-07
 3.02116e-07
 2.73119e-07
 2.47915e-07
 2.25904e-07
 2.06591e-07
 1.89570e-07
 1.74506e-07
 1.61118e-07
 1.49174e-07
 1.38480e-07
 1.28870e-07
 1.20207e-07
 6.53911e-07
 5.85849e-07
 5.24102e-07
 4.69115e-07
 4.20639e-07
 3.78119e-07
 3.40896e-07
 3.08307e-07
 2.79739e-07
 2.54640e-07
 2.32532e-07
 2.13000e-07
 1.95689e-07
 1.80298e-07
 1.66570e-07
 1.54286e-07
 1.43260e-07
 1.33333e-07
 1.24370e-07
 1.16254e-07
 5.30907e-07
 4.88270e-07
 4.46463e-07
 4.07030e-07
 3.70682e-07
 3.37642e-07
 3.07864e-07
 2.81154e-07
 2.57258e-07
 2.35897e-07
 2.16799e-07
 1.99708e-07
 1.84391e-07
 1.70638e-07
 1.58264e-07
 1.47106e-07
 1.37023e-07
 1.27890e-07
 1.19598e-07
 1.12052e-07
 4.29658e-07
 4.04978e-07
 3.78130e-07
 3.50950e-07
 3.24549e-07
 2.99554e-07
 2.76274e-07
 2.54824e-07
 2.35195e-07
 2.17311e-07
 2.01057e-07
 1.86304e-07
 1.72918e-07
 1.60769e-07
 1.49734e-07
 1.39700e-07
 1.30563e-07
 1.22231e-07
 1.14621e-07
 1.07658e-07
 3.47528e-07
 3.35099e-07
 3.19111e-07
 3.01284e-07
 2.82798e-07
 2.64428e-07
 2.46663e-07
 2.29789e-07
 2.13956e-07
 1.99223e-07
 1.85591e-07
 1.73025e-07
 1.61469e-07
 1.50856e-07
 1.41116e-07
 1.32178e-07
 1.23972e-07
 1.16435e-07
 1.09505e-07
 1.03127e-07
