scalar
part
         1
quad4
 6.52159e-07
 5.96694e-07
 5.42988e-07
 4.92691e-07
 4.46576e-07
 4.04859e-07
 3.67435e-07
 3.34026e-07
 3.04276e-07
 2.77807e-07
 2.54253e-07
 2.33270e-07
 2.14549e-07
 1.97812e-07
 1.82817e-07
 1.69352e-07
 1.57231e-07
 1.46294e-07
 1.36401e-07
 1.27430e-07
 7.67026e-07
 6.88459e-07
 6.16000e-07
 5.50772e-07
 4.92889e-07
 4.41939e-07
 3.97272e-07
 3.58172e-07
 3.23932e-07
 2.93905e-07
 2.67516e-07
 2.44260e-07
 2.23707e-07
 2.05486e-07
 1.89280e-07
 1.74822e-07
 1.61883e-07
 1.50268e-07
 1.39809e-07
 1.30366e-07
 9.01526e-07
 7.91928e-07
 6.95665e-07
 6.12369e-07
 5.40813e-07
 4.79498e-07
 4.26941e-07
 3.81793e-07
 3.42888e-07
 3.09233e-07
 2.80001e-07
 2.54501e-07
 2.32162e-07
 2.12510e-07
 1.95150e-07
 1.79755e-07
 1.66049e-07
 1.53803e-07
 1.42823e-07
 1.32947e-07
 1.05518e-06
 9.05247e-07
 7.79853e-07
 6.75527e-07
 5.88707e-07
 5.16221e-07
 4.55404e-07
 4.04086e-07
 3.60519e-07
 3.23308e-07
 2.91333e-07
 2.63699e-07
 2.39684e-07
 2.18703e-07
 2.00283e-07
 1.84034e-07
 1.69636e-07
 1.56826e-07
 1.45384e-07
 1.35124e-07
 1.22391e-06
 1.02406e-06
 8.64838e-07
 7.37313e-07
 6.34347e-07
 5.50444e-07
 4.81426e-07
 4.24128e-07
 3.76138e-07
 3.35611e-07
 3.01120e-07
 2.71555e-07
 2.46041e-07
 2.23887e-07
 2.04539e-07
 1.87550e-07
 1.72559e-07
 1.59268e-07
 1.47434e-07
 1.36853e-07
 1.39799e-06
 1.14077e-06
 9.45104e-07
 7.93832e-07
 6.74999e-07
 5.80244e-07
 5.03643e-07
 4.40942e-07
 3.89036e-07
 3.45624e-07
 3.08978e-07
 2.77780e-07
 2.51017e-07
 2.27895e-07
 2.07790e-07
 1.90204e-07
 1.74738e-07
 1.61067e-07
 1.48925e-07
 1.38095e-07
 1.56063e-06
 1.24443e-06
 1.01360e-06
 8.40511e-07
 7.07655e-07
 6.03606e-07
 5.20683e-07
 4.53579e-07
 3.98543e-07
 3.52868e-07
 3.14557e-07
 2.82120e-07
 2.54420e-07
 2.30584e-07
 2.09927e-07
 1.91912e-07
 1.76109e-07
 1.62171e-07
 1.49817e-07
 1.38817e-07
 1.68891e-06
 1.32198e-06
 1.06268e-06
 8.72721e-07
 7.29426e-07
 6.18679e-07
 5.31324e-07
 4.61214e-07
 4.04094e-07
 3.56945e-07
 3.17577e-07
 2.84369e-07
 2.56101e-07
 2.31841e-07
 2.10867e-07
 1.92610e-07
 1.76623e-07
 1.62544e-07
 1.50081e-07
 1.38996e-07
 1.75894e-06
 1.36117e-06
 1.08567e-06
 8.86651e-07
 7.38038e-07
 6.24052e-07
 5.34669e-07
 4.63259e-07
 4.05292e-07
 3.57585e-07
 3.17847e-07
 2.84394e-07
 2.55964e-07
 2.31598e-07
 2.10557e-07
 1.92260e-07
 1.76251e-07
 1.62162e-07
 1.49699e-07
 1.38620e-07
 1.75455e-06
 1.35441e-06
 1.07871e-06
 8.80198e-07
 7.32291e-07
 6.19016e-07
 5.30281e-07
 4.59439e-07
 4.01961e-07
 3.54673e-07
 3.15291e-07
 2.82142e-07
 2.53972e-07
 2.29830e-07
 2.08981e-07
 1.90850e-07
 1.74985e-07
 1.61022e-07
 1.48669e-07
 1.37686e-07
 1.67474e-06
 1.30156e-06
 1.04189e-06
 8.53519e-07
 7.12335e-07
 6.03698e-07
 5.18266e-07
 4.49840e-07
 3.94171e-07
 3.48264e-07
 3.09955e-07
 2.77651e-07
 2.50158e-07
 2.26562e-07
 2.06160e-07
 1.88399e-07
 1.72841e-07
 1.59136e-07
 1.47001e-07
 1.36204e-07
 1.53412e-06
 1.21005e-06
 9.79316e-07
 8.09014e-07
 6.79656e-07
 5.79056e-07
 4.99264e-07
 4.34904e-07
 3.82234e-07
 3.38584e-07
 3.02005e-07
 2.71047e-07
 2.44615e-07
 2.21868e-07
 2.02152e-07
 1.84950e-07
 1.69854e-07
 1.56532e-07
 1.44718e-07
 1.34192e-07
 1.35598e-06
 1.09210e-06
 8.97835e-07
 7.50748e-07
 6.36774e-07
 5.46716e-07
 4.74358e-07
 4.15371e-07
 3.66670e-07
 3.26006e-07
 2.91713e-07
 2.62531e-07
 2.37498e-07
 2.15866e-07
 1.97047e-07
 1.80577e-07
 1.66081e-07
 1.53257e-07
 1.41858e-07
 1.31682e-07
 1.16392e-06
 9.61042e-07
 8.05337e-07
 6.83575e-07
 5.86780e-07
 5.08709e-07
 4.44919e-07
 3.92191e-07
 3.48149e-07
 3.11015e-07
 2.79435e-07
 2.52369e-07
 2.29006e-07
 2.08708e-07
 1.90966e-07
 1.75372e-07
 1.61597e-07
 1.49370e-07
 1.38469e-07
 1.28711e-07
 9.76501e-07
 8.28485e-07
 7.09195e-07
 6.12276e-07
 5.32848e-07
 4.67184e-07
 4.12434e-07
 3.66412e-07
 3.27426e-07
 2.94159e-07
 2.65579e-07
 2.40867e-07
 2.19374e-07
 2.00575e-07
 1.84047e-07
 1.69446e-07
 1.56488e-07
 1.44940e-07
 1.34607e-07
 1.25326e-07
 8.05645e-07
 7.02900e-07
 6.15306e-07
 5.40948e-07
 4.77839e-07
 4.24163e-07
 3.78350e-07
 3.39083e-07
 3.05269e-07
 2.76011e-07
 2.50574e-07
 2.28353e-07
 2.08852e-07
 1.91662e-07
 1.76445e-07
 1.62921e-07
 1.50853e-07
 1.40046e-07
 1.30335e-07
 1.21579e-07
 6.57182e-07
 5.89413e-07
 5.27735e-07
 4.72682e-07
 4.24066e-07
 3.81367e-07
 3.43948e-07
 3.11163e-07
 2.82402e-07
 2.57122e-07
 2.34843e-07
 2.15152e-07
 1.97695e-07
 1.82170e-07
 1.68319e-07
 1.55922e-07
 1.44793e-07
 1.34772e-07
 1.25721e-07
 1.17525e-07
 5.32439e-07
 4.90327e-07
 4.48814e-07
 4.09518e-07
 3.73203e-07
 3.40131e-07
 3.10278e-07
 2.83472e-07
 2.59465e-07
 2.37990e-07
 2.18778e-07
 2.01575e-07
 1.86150e-07
 1.72295e-07
 1.59826e-07
 1.48579e-07
 1.38412e-07
 1.29200e-07
 1.20836e-07
 1.13223e-07
 4.29976e-07
 4.05917e-07
 3.79483e-07
 3.52564e-07
 3.26313e-07
 3.01389e-07
 2.78128e-07
 2.56659e-07
 2.36987e-07
 2.19045e-07
 2.02725e-07
 1.87902e-07
 1.74443e-07
 1.62221e-07
 1.51115e-07
 1.41013e-07
 1.31810e-07
 1.23416e-07
 1.15747e-07
 1.08729e-07
 3.47022e-07
 3.35229e-07
 3.19705e-07
 3.02206e-07
 2.83941e-07
 2.65713e-07
 2.48032e-07
 2.31199e-07
 2.15377e-07
 2.00632e-07
 1.86974e-07
 1.74371e-07
 1.62773e-07
 1.52113e-07
 1.42325e-07
 1.33338e-07
 1.25084e-07
 1.17498e-07
 1.10522e-07
 1.04099e-07
