scalar
part
         1
quad4
 6.46054e-07
 5.90905e-07
 5.37533e-07
 4.87583e-07
 4.41816e-07
 4.00442e-07
 3.63347e-07
 3.30250e-07
 3.00791e-07
 2.74592e-07
 2.51286e-07
 2.30530e-07
 2.12016e-07
 1.95468e-07
 1.80645e-07
 1.67336e-07
 1.55357e-07
 1.44550e-07
 1.34774e-07
 1.25911e-07
 7.60247e-07
 6.82043e-07
 6.09983e-07
 5.45172e-07
 4.87708e-07
 4.37166e-07
 3.92887e-07
 3.54149e-07
 3.20243e-07
 2.90522e-07
 2.64411e-07
 2.41407e-07
 2.21081e-07
 2.03065e-07
 1.87045e-07
 1.72755e-07
 1.59967e-07
 1.48488e-07
 1.38154e-07
 1.28823e-07
 8.93950e-07
 7.84773e-07
 6.88994e-07
 6.06209e-07
 5.35165e-07
 4.74341e-07
 4.22242e-07
 3.77517e-07
 3.38994e-07
 3.05685e-07
 2.76762e-07
 2.51540e-07
 2.29450e-07
 2.10020e-07
 1.92859e-07
 1.77641e-07
 1.64096e-07
 1.51994e-07
 1.41144e-07
 1.31385e-07
 1.04662e-06
 8.97192e-07
 7.72411e-07
 6.68731e-07
 5.82545e-07
 5.10653e-07
 4.50381e-07
 3.99552e-07
 3.56423e-07
 3.19600e-07
 2.87969e-07
 2.60639e-07
 2.36893e-07
 2.16151e-07
 1.97943e-07
 1.81882e-07
 1.67653e-07
 1.54994e-07
 1.43686e-07
 1.33548e-07
 1.21405e-06
 1.01488e-06
 8.56483e-07
 7.29798e-07
 6.27628e-07
 5.44448e-07
 4.76075e-07
 4.19344e-07
 3.71850e-07
 3.31756e-07
 2.97643e-07
 2.68408e-07
 2.43184e-07
 2.21284e-07
 2.02160e-07
 1.85369e-07
 1.70554e-07
 1.57419e-07
 1.45724e-07
 1.35269e-07
 1.38633e-06
 1.13017e-06
 9.35676e-07
 7.85521e-07
 6.67693e-07
 5.73817e-07
 4.97975e-07
 4.35925e-07
 3.84575e-07
 3.41641e-07
 3.05406e-07
 2.74564e-07
 2.48109e-07
 2.25255e-07
 2.05384e-07
 1.88005e-07
 1.72720e-07
 1.59210e-07
 1.47211e-07
 1.36509e-07
 1.54650e-06
 1.23209e-06
 1.00296e-06
 8.31360e-07
 6.99765e-07
 5.96772e-07
 5.14728e-07
 4.48359e-07
 3.93940e-07
 3.48784e-07
 3.10916e-07
 2.78855e-07
 2.51479e-07
 2.27922e-07
 2.07508e-07
 1.89706e-07
 1.74088e-07
 1.60315e-07
 1.48106e-07
 1.37235e-07
 1.67162e-06
 1.30765e-06
 1.05078e-06
 8.62759e-07
 7.21007e-07
 6.11496e-07
 5.25139e-07
 4.55841e-07
 3.99390e-07
 3.52797e-07
 3.13895e-07
 2.81081e-07
 2.53148e-07
 2.29176e-07
 2.08450e-07
 1.90410e-07
 1.74611e-07
 1.60697e-07
 1.48381e-07
 1.37427e-07
 1.73819e-06
 1.34490e-06
 1.07264e-06
 8.76016e-07
 7.29213e-07
 6.16623e-07
 5.28336e-07
 4.57801e-07
 4.00542e-07
 3.53417e-07
 3.14161e-07
 2.81111e-07
 2.53023e-07
 2.28949e-07
 2.08159e-07
 1.90079e-07
 1.74259e-07
 1.60337e-07
 1.48019e-07
 1.37070e-07
 1.73096e-06
 1.33669e-06
 1.06492e-06
 8.69160e-07
 7.23257e-07
 6.11487e-07
 5.23910e-07
 4.53979e-07
 3.97230e-07
 3.50534e-07
 3.11640e-07
 2.78898e-07
 2.51070e-07
 2.27219e-07
 2.06619e-07
 1.88704e-07
 1.73026e-07
 1.59227e-07
 1.47018e-07
 1.36162e-07
 1.65002e-06
 1.28338e-06
 1.02794e-06
 8.42460e-07
 7.03350e-07
 5.96248e-07
 5.11986e-07
 4.44473e-07
 3.89530e-07
 3.44209e-07
 3.06382e-07
 2.74479e-07
 2.47321e-07
 2.24010e-07
 2.03852e-07
 1.86301e-07
 1.70926e-07
 1.57381e-07
 1.45386e-07
 1.34714e-07
 1.51050e-06
 1.19260e-06
 9.65896e-07
 7.98370e-07
 6.71003e-07
 5.71880e-07
 4.93212e-07
 4.29728e-07
 3.77756e-07
 3.34669e-07
 2.98552e-07
 2.67979e-07
 2.41870e-07
 2.19397e-07
 1.99916e-07
 1.82917e-07
 1.67996e-07
 1.54828e-07
 1.43150e-07
 1.32744e-07
 1.33537e-06
 1.07645e-06
 8.85595e-07
 7.40926e-07
 6.28721e-07
 5.39994e-07
 4.68661e-07
 4.10480e-07
 3.62423e-07
 3.22283e-07
 2.88422e-07
 2.59600e-07
 2.34870e-07
 2.13496e-07
 1.94899e-07
 1.78620e-07
 1.64291e-07
 1.51613e-07
 1.40343e-07
 1.30281e-07
 1.14732e-06
 9.47883e-07
 7.94730e-07
 6.74878e-07
 5.79537e-07
 5.02590e-07
 4.39684e-07
 3.87662e-07
 3.44193e-07
 3.07529e-07
 2.76340e-07
 2.49602e-07
 2.26518e-07
 2.06457e-07
 1.88920e-07
 1.73505e-07
 1.59885e-07
 1.47795e-07
 1.37015e-07
 1.27364e-07
 9.64039e-07
 8.18039e-07
 7.00431e-07
 6.04876e-07
 5.26546e-07
 4.61767e-07
 4.07738e-07
 3.62305e-07
 3.23806e-07
 2.90946e-07
 2.62708e-07
 2.38287e-07
 2.17043e-07
 1.98458e-07
 1.82117e-07
 1.67678e-07
 1.54863e-07
 1.43441e-07
 1.33219e-07
 1.24039e-07
 7.96862e-07
 6.95032e-07
 6.08376e-07
 5.34881e-07
 4.72526e-07
 4.19497e-07
 3.74234e-07
 3.35433e-07
 3.02015e-07
 2.73096e-07
 2.47948e-07
 2.25977e-07
 2.06692e-07
 1.89692e-07
 1.74640e-07
 1.61261e-07
 1.49322e-07
 1.38629e-07
 1.29020e-07
 1.20356e-07
 6.51379e-07
 5.83781e-07
 5.22482e-07
 4.67881e-07
 4.19722e-07
 3.77452e-07
 3.40423e-07
 3.07983e-07
 2.79529e-07
 2.54517e-07
 2.32474e-07
 2.12991e-07
 1.95717e-07
 1.80354e-07
 1.66646e-07
 1.54377e-07
 1.43361e-07
 1.33442e-07
 1.24483e-07
 1.16370e-07
 5.28900e-07
 4.86515e-07
 4.45001e-07
 4.05852e-07
 3.69756e-07
 3.36929e-07
 3.07325e-07
 2.80756e-07
 2.56971e-07
 2.35699e-07
 2.16670e-07
 1.99634e-07
 1.84358e-07
 1.70638e-07
 1.58290e-07
 1.47152e-07
 1.37083e-07
 1.27961e-07
 1.19677e-07
 1.12138e-07
 4.28086e-07
 4.03522e-07
 3.76854e-07
 3.49872e-07
 3.23662e-07
 2.98839e-07
 2.75709e-07
 2.54384e-07
 2.34859e-07
 2.17060e-07
 2.00875e-07
 1.86178e-07
 1.72837e-07
 1.60724e-07
 1.49717e-07
 1.39706e-07
 1.30587e-07
 1.22269e-07
 1.14670e-07
 1.07716e-07
 3.46295e-07
 3.33901e-07
 3.18015e-07
 3.00321e-07
 2.81974e-07
 2.63739e-07
 2.46098e-07
 2.29332e-07
 2.13592e-07
 1.98938e-07
 1.85372e-07
 1.72861e-07
 1.61350e-07
 1.50774e-07
 1.41065e-07
 1.32151e-07
 1.23966e-07
 1.16444e-07
 1.09527e-07
 1.03160e-07
