scalar
part
         1
quad4
 3.36031e-07
 3.25545e-07
 3.11231e-07
 2.94818e-07
 2.77509e-07
 2.60111e-07
 2.43144e-07
 2.26923e-07
 2.11624e-07
 1.97327e-07
 1.84052e-07
 1.71778e-07
 1.60463e-07
 1.50048e-07
 1.40471e-07
 1.31667e-07
 1.23574e-07
 1.16129e-07
 1.09276e-07
 1.02962e-07
 4.17360e-07
 3.95041e-07
 3.70156e-07
 3.44577e-07
 3.19469e-07
 2.95510e-07
 2.73059e-07
 2.52271e-07
 2.33171e-07
 2.15711e-07
 1.99797e-07
 1.85318e-07
 1.72153e-07
 1.60182e-07
 1.49292e-07
 1.39375e-07
 1.30334e-07
 1.22080e-07
 1.14534e-07
 1.07624e-07
 5.17986e-07
 4.78185e-07
 4.38636e-07
 4.00975e-07
 3.66006e-07
 3.34038e-07
 3.05091e-07
 2.79027e-07
 2.55634e-07
 2.34667e-07
 2.15878e-07
 1.99030e-07
 1.83905e-07
 1.70304e-07
 1.58050e-07
 1.46989e-07
 1.36982e-07
 1.27909e-07
 1.19665e-07
 1.12158e-07
 6.40745e-07
 5.76015e-07
 5.16786e-07
 4.63687e-07
 4.16621e-07
 3.75157e-07
 3.38725e-07
 3.06732e-07
 2.78615e-07
 2.53859e-07
 2.32012e-07
 2.12680e-07
 1.95522e-07
 1.80249e-07
 1.66611e-07
 1.54396e-07
 1.43423e-07
 1.33536e-07
 1.24603e-07
 1.16509e-07
 7.87241e-07
 6.88398e-07
 6.03778e-07
 5.31684e-07
 4.70307e-07
 4.17968e-07
 3.73199e-07
 3.34754e-07
 3.01595e-07
 2.72865e-07
 2.47857e-07
 2.25989e-07
 2.06781e-07
 1.89836e-07
 1.74825e-07
 1.61475e-07
 1.49557e-07
 1.38878e-07
 1.29278e-07
 1.20619e-07
 9.56471e-07
 8.13266e-07
 6.97431e-07
 6.03024e-07
 5.25449e-07
 4.61176e-07
 4.07487e-07
 3.62286e-07
 3.23945e-07
 2.91191e-07
 2.63025e-07
 2.38651e-07
 2.17435e-07
 1.98868e-07
 1.82534e-07
 1.68097e-07
 1.55279e-07
 1.43850e-07
 1.33621e-07
 1.24430e-07
 1.14312e-06
 9.45798e-07
 7.93855e-07
 6.74712e-07
 5.79789e-07
 5.03087e-07
 4.40322e-07
 3.88377e-07
 3.44943e-07
 3.08288e-07
 2.77092e-07
 2.50338e-07
 2.27230e-07
 2.07144e-07
 1.89579e-07
 1.74135e-07
 1.60487e-07
 1.48369e-07
 1.37563e-07
 1.27887e-07
 1.33594e-06
 1.07785e-06
 8.87309e-07
 7.42727e-07
 6.30499e-07
 5.41697e-07
 4.70265e-07
 4.11980e-07
 3.63819e-07
 3.23581e-07
 2.89627e-07
 2.60720e-07
 2.35912e-07
 2.14466e-07
 1.95804e-07
 1.79466e-07
 1.65082e-07
 1.52355e-07
 1.41040e-07
 1.30935e-07
 1.51693e-06
 1.19802e-06
 9.70493e-07
 8.02306e-07
 6.74404e-07
 5.74845e-07
 4.95818e-07
 4.32036e-07
 3.79813e-07
 3.36515e-07
 3.00217e-07
 2.69487e-07
 2.43244e-07
 2.20653e-07
 2.01068e-07
 1.83977e-07
 1.68976e-07
 1.55737e-07
 1.43994e-07
 1.33530e-07
 1.66258e-06
 1.29291e-06
 1.03544e-06
 8.48530e-07
 7.08365e-07
 6.00465e-07
 5.15583e-07
 4.47578e-07
 3.92239e-07
 3.46594e-07
 3.08498e-07
 2.76369e-07
 2.49020e-07
 2.25546e-07
 2.05247e-07
 1.87574e-07
 1.72092e-07
 1.58453e-07
 1.46376e-07
 1.35629e-07
 1.74886e-06
 1.34990e-06
 1.07506e-06
 8.77185e-07
 7.29765e-07
 6.16869e-07
 5.28435e-07
 4.57835e-07
 4.00556e-07
 3.53431e-07
 3.14186e-07
 2.81153e-07
 2.53081e-07
 2.29023e-07
 2.08247e-07
 1.90181e-07
 1.74371e-07
 1.60457e-07
 1.48147e-07
 1.37203e-07
 1.75981e-06
 1.36089e-06
 1.08489e-06
 8.85667e-07
 7.36996e-07
 6.23023e-07
 5.33684e-07
 4.62333e-07
 4.04428e-07
 3.56783e-07
 3.17104e-07
 2.83705e-07
 2.55326e-07
 2.31007e-07
 2.10007e-07
 1.91749e-07
 1.75774e-07
 1.61718e-07
 1.49283e-07
 1.38231e-07
 1.69513e-06
 1.32535e-06
 1.06447e-06
 8.73612e-07
 7.29784e-07
 6.18719e-07
 5.31173e-07
 4.60948e-07
 4.03762e-07
 3.56577e-07
 3.17192e-07
 2.83980e-07
 2.55716e-07
 2.31464e-07
 2.10501e-07
 1.92258e-07
 1.76285e-07
 1.62220e-07
 1.49771e-07
 1.38701e-07
 1.57034e-06
 1.25048e-06
 1.01744e-06
 8.42970e-07
 7.09229e-07
 6.04601e-07
 5.21291e-07
 4.53925e-07
 3.98711e-07
 3.52911e-07
 3.14516e-07
 2.82020e-07
 2.54280e-07
 2.30416e-07
 2.09742e-07
 1.91716e-07
 1.75907e-07
 1.61966e-07
 1.49613e-07
 1.38614e-07
 1.40943e-06
 1.14847e-06
 9.50370e-07
 7.97477e-07
 6.77547e-07
 5.82036e-07
 5.04906e-07
 4.41830e-07
 3.89654e-07
 3.46045e-07
 3.09254e-07
 2.77950e-07
 2.51108e-07
 2.27927e-07
 2.07777e-07
 1.90159e-07
 1.74668e-07
 1.60978e-07
 1.48823e-07
 1.37984e-07
 1.23575e-06
 1.03253e-06
 8.70945e-07
 7.41757e-07
 6.37609e-07
 5.52857e-07
 4.83222e-07
 4.25471e-07
 3.77144e-07
 3.36365e-07
 3.01683e-07
 2.71971e-07
 2.46345e-07
 2.24104e-07
 2.04688e-07
 1.87647e-07
 1.72614e-07
 1.59290e-07
 1.47430e-07
 1.36830e-07
 1.06662e-06
 9.13847e-07
 7.86332e-07
 6.80431e-07
 5.92441e-07
 5.19081e-07
 4.57608e-07
 4.05793e-07
 3.61847e-07
 3.24344e-07
 2.92144e-07
 2.64333e-07
 2.40179e-07
 2.19089e-07
 2.00581e-07
 1.84262e-07
 1.69808e-07
 1.56953e-07
 1.45473e-07
 1.35184e-07
 9.12150e-07
 8.00256e-07
 7.02177e-07
 6.17465e-07
 5.44813e-07
 4.82650e-07
 4.29435e-07
 3.83776e-07
 3.44471e-07
 3.10502e-07
 2.81020e-07
 2.55323e-07
 2.32825e-07
 2.13045e-07
 1.95582e-07
 1.80103e-07
 1.66328e-07
 1.54026e-07
 1.43000e-07
 1.33085e-07
 7.76683e-07
 6.96295e-07
 6.22325e-07
 5.55867e-07
 4.96994e-07
 4.45251e-07
 3.99954e-07
 3.60349e-07
 3.25705e-07
 2.95355e-07
 2.68704e-07
 2.45238e-07
 2.24513e-07
 2.06151e-07
 1.89831e-07
 1.75278e-07
 1.62260e-07
 1.50579e-07
 1.40066e-07
 1.30577e-07
 6.60837e-07
 6.03940e-07
 5.48995e-07
 4.97652e-07
 4.50665e-07
 4.08230e-07
 3.70217e-07
 3.36327e-07
 3.06183e-07
 2.79393e-07
 2.55574e-07
 2.34374e-07
 2.15473e-07
 1.98588e-07
 1.83470e-07
 1.69901e-07
 1.57695e-07
 1.46685e-07
 1.36731e-07
 1.27709e-07
