scalar
part
         1
quad4
 5.55409e-07
 5.13162e-07
 4.71157e-07
 4.31013e-07
 3.93591e-07
 3.59258e-07
 3.28079e-07
 2.99942e-07
 2.74645e-07
 2.51943e-07
 2.31582e-07
 2.13314e-07
 1.96910e-07
 1.82159e-07
 1.68872e-07
 1.56882e-07
 1.46039e-07
 1.36214e-07
 1.27292e-07
 1.19174e-07
 6.59049e-07
 5.97236e-07
 5.39088e-07
 4.85882e-07
 4.38003e-07
 3.95338e-07
 3.57527e-07
 3.24104e-07
 2.94578e-07
 2.68480e-07
 2.45379e-07
 2.24890e-07
 2.06674e-07
 1.90438e-07
 1.75927e-07
 1.62921e-07
 1.51234e-07
 1.40702e-07
 1.31186e-07
 1.22565e-07
 7.81824e-07
 6.93327e-07
 6.14362e-07
 5.45085e-07
 4.84837e-07
 4.32643e-07
 3.87459e-07
 3.48299e-07
 3.14282e-07
 2.84643e-07
 2.58729e-07
 2.35991e-07
 2.15963e-07
 1.98257e-07
 1.82547e-07
 1.68557e-07
 1.56056e-07
 1.44848e-07
 1.34766e-07
 1.25670e-07
 9.24183e-07
 8.00430e-07
 6.95527e-07
 6.07169e-07
 5.32813e-07
 4.70102e-07
 4.17007e-07
 3.71837e-07
 3.33209e-07
 2.99996e-07
 2.71288e-07
 2.46343e-07
 2.24559e-07
 2.05444e-07
 1.88594e-07
 1.73676e-07
 1.60413e-07
 1.48576e-07
 1.37972e-07
 1.28440e-07
 1.08373e-06
 9.15483e-07
 7.79765e-07
 6.69809e-07
 5.80097e-07
 5.06305e-07
 4.45095e-07
 3.93897e-07
 3.50730e-07
 3.14059e-07
 2.82683e-07
 2.55659e-07
 2.32238e-07
 2.11822e-07
 1.93928e-07
 1.78166e-07
 1.64216e-07
 1.51815e-07
 1.40746e-07
 1.30827e-07
 1.25344e-06
 1.03265e-06
 8.62641e-07
 7.29753e-07
 6.24335e-07
 5.39547e-07
 4.70480e-07
 4.13567e-07
 3.66174e-07
 3.26328e-07
 2.92537e-07
 2.63650e-07
 2.38778e-07
 2.17217e-07
 1.98413e-07
 1.81921e-07
 1.67380e-07
 1.54497e-07
 1.43032e-07
 1.32785e-07
 1.42028e-06
 1.14300e-06
 9.38178e-07
 7.82984e-07
 6.62797e-07
 5.67944e-07
 4.91848e-07
 4.29914e-07
 3.78865e-07
 3.36312e-07
 3.00484e-07
 2.70044e-07
 2.43971e-07
 2.21473e-07
 2.01929e-07
 1.84846e-07
 1.69830e-07
 1.56562e-07
 1.44783e-07
 1.34278e-07
 1.56530e-06
 1.23525e-06
 9.99455e-07
 8.25148e-07
 6.92669e-07
 5.89636e-07
 5.07934e-07
 4.42063e-07
 3.88189e-07
 3.43569e-07
 3.06203e-07
 2.74602e-07
 2.47640e-07
 2.24453e-07
 2.04370e-07
 1.86861e-07
 1.71504e-07
 1.57962e-07
 1.45960e-07
 1.35273e-07
 1.66696e-06
 1.29767e-06
 1.03977e-06
 8.52230e-07
 7.11455e-07
 6.03016e-07
 5.17679e-07
 4.49297e-07
 3.93648e-07
 3.47747e-07
 3.09442e-07
 2.77140e-07
 2.49649e-07
 2.26057e-07
 2.05660e-07
 1.87906e-07
 1.72356e-07
 1.58660e-07
 1.46535e-07
 1.35748e-07
 1.70729e-06
 1.32111e-06
 1.05410e-06
 8.61331e-07
 7.17401e-07
 6.06986e-07
 5.20371e-07
 4.51142e-07
 3.94919e-07
 3.48623e-07
 3.10041e-07
 2.77544e-07
 2.49914e-07
 2.26222e-07
 2.05752e-07
 1.87946e-07
 1.72358e-07
 1.58635e-07
 1.46490e-07
 1.35690e-07
 1.67835e-06
 1.30167e-06
 1.04039e-06
 8.51297e-07
 7.09831e-07
 6.01131e-07
 5.15749e-07
 4.47429e-07
 3.91891e-07
 3.46121e-07
 3.07950e-07
 2.75778e-07
 2.48409e-07
 2.24929e-07
 2.04634e-07
 1.86971e-07
 1.71504e-07
 1.57882e-07
 1.45823e-07
 1.35097e-07
 1.58512e-06
 1.24192e-06
 1.00008e-06
 8.22979e-07
 6.89276e-07
 5.85800e-07
 5.04049e-07
 4.38322e-07
 3.84679e-07
 3.40326e-07
 3.03230e-07
 2.71889e-07
 2.45171e-07
 2.22207e-07
 2.02326e-07
 1.84999e-07
 1.69807e-07
 1.56413e-07
 1.44543e-07
 1.33975e-07
 1.44321e-06
 1.14996e-06
 9.37678e-07
 7.79038e-07
 6.57377e-07
 5.62043e-07
 4.85965e-07
 4.24293e-07
 3.73616e-07
 3.31473e-07
 2.96054e-07
 2.66005e-07
 2.40295e-07
 2.18129e-07
 1.98886e-07
 1.82074e-07
 1.67303e-07
 1.54254e-07
 1.42671e-07
 1.32343e-07
 1.27331e-06
 1.03705e-06
 8.59660e-07
 7.23378e-07
 6.16583e-07
 5.31449e-07
 4.62557e-07
 4.06070e-07
 3.59209e-07
 3.19926e-07
 2.86686e-07
 2.58320e-07
 2.33928e-07
 2.12806e-07
 1.94399e-07
 1.78263e-07
 1.64043e-07
 1.51448e-07
 1.40242e-07
 1.30227e-07
 1.09545e-06
 9.14817e-07
 7.73063e-07
 6.60403e-07
 5.69738e-07
 4.95904e-07
 4.35111e-07
 3.84545e-07
 3.42092e-07
 3.06143e-07
 2.75461e-07
 2.49085e-07
 2.26259e-07
 2.06382e-07
 1.88977e-07
 1.73653e-07
 1.60098e-07
 1.48051e-07
 1.37299e-07
 1.27665e-07
 9.25025e-07
 7.93127e-07
 6.84276e-07
 5.94329e-07
 5.19676e-07
 4.57352e-07
 4.04983e-07
 3.60682e-07
 3.22960e-07
 2.90633e-07
 2.62759e-07
 2.38585e-07
 2.17505e-07
 1.99027e-07
 1.82750e-07
 1.68347e-07
 1.55547e-07
 1.44126e-07
 1.33895e-07
 1.24698e-07
 7.71401e-07
 6.78943e-07
 5.98282e-07
 5.28686e-07
 4.68905e-07
 4.17587e-07
 3.73468e-07
 3.35428e-07
 3.02514e-07
 2.73919e-07
 2.48975e-07
 2.27123e-07
 2.07899e-07
 1.90919e-07
 1.75861e-07
 1.62457e-07
 1.50482e-07
 1.39746e-07
 1.30089e-07
 1.21375e-07
 6.38624e-07
 5.76256e-07
 5.18412e-07
 4.66086e-07
 4.19417e-07
 3.78115e-07
 3.41703e-07
 3.09643e-07
 2.81406e-07
 2.56502e-07
 2.34494e-07
 2.14996e-07
 1.97675e-07
 1.82244e-07
 1.68457e-07
 1.56101e-07
 1.44997e-07
 1.34989e-07
 1.25943e-07
 1.17745e-07
 5.27037e-07
 4.86648e-07
 4.46487e-07
 4.08206e-07
 3.72633e-07
 3.40090e-07
 3.10608e-07
 2.84052e-07
 2.60209e-07
 2.38832e-07
 2.19672e-07
 2.02488e-07
 1.87059e-07
 1.73183e-07
 1.60682e-07
 1.49396e-07
 1.39187e-07
 1.29931e-07
 1.21521e-07
 1.13864e-07
 4.34910e-07
 4.10058e-07
 3.83154e-07
 3.55922e-07
 3.29435e-07
 3.04312e-07
 2.80869e-07
 2.59229e-07
 2.39394e-07
 2.21294e-07
 2.04822e-07
 1.89853e-07
 1.76256e-07
 1.63903e-07
 1.52674e-07
 1.42455e-07
 1.33145e-07
 1.24650e-07
 1.16888e-07
 1.09783e-07
