scalar
part
         1
quad4
 5.24892e-07
 4.86375e-07
 4.47644e-07
 4.10349e-07
 3.75397e-07
 3.43199e-07
 3.13863e-07
 2.87319e-07
 2.63399e-07
 2.41890e-07
 2.22566e-07
 2.05201e-07
 1.89585e-07
 1.75524e-07
 1.62844e-07
 1.51388e-07
 1.41018e-07
 1.31613e-07
 1.23064e-07
 1.15279e-07
 6.25669e-07
 5.68362e-07
 5.14069e-07
 4.64146e-07
 4.19058e-07
 3.78766e-07
 3.42972e-07
 3.11267e-07
 2.83211e-07
 2.58373e-07
 2.36356e-07
 2.16803e-07
 1.99398e-07
 1.83868e-07
 1.69973e-07
 1.57509e-07
 1.46298e-07
 1.36187e-07
 1.27043e-07
 1.18754e-07
 7.45553e-07
 6.62439e-07
 5.87962e-07
 5.22423e-07
 4.65291e-07
 4.15697e-07
 3.72692e-07
 3.35365e-07
 3.02895e-07
 2.74569e-07
 2.49775e-07
 2.27995e-07
 2.08793e-07
 1.91802e-07
 1.76712e-07
 1.63263e-07
 1.51236e-07
 1.40446e-07
 1.30733e-07
 1.21965e-07
 8.85142e-07
 7.67727e-07
 6.67972e-07
 5.83805e-07
 5.12871e-07
 4.52969e-07
 4.02191e-07
 3.58944e-07
 3.21921e-07
 2.90057e-07
 2.62488e-07
 2.38512e-07
 2.17557e-07
 1.99155e-07
 1.82921e-07
 1.68538e-07
 1.55743e-07
 1.44316e-07
 1.34073e-07
 1.24861e-07
 1.04223e-06
 8.81317e-07
 7.51398e-07
 6.46053e-07
 5.60032e-07
 4.89216e-07
 4.30424e-07
 3.81207e-07
 3.39676e-07
 3.04366e-07
 2.74132e-07
 2.48071e-07
 2.25469e-07
 2.05754e-07
 1.88463e-07
 1.73223e-07
 1.59728e-07
 1.47725e-07
 1.37005e-07
 1.27394e-07
 1.21004e-06
 9.97548e-07
 8.33937e-07
 7.06012e-07
 6.04484e-07
 5.22778e-07
 4.56179e-07
 4.01263e-07
 3.55501e-07
 3.17003e-07
 2.84332e-07
 2.56386e-07
 2.32309e-07
 2.11426e-07
 1.93204e-07
 1.77213e-07
 1.63107e-07
 1.50604e-07
 1.39473e-07
 1.29520e-07
 1.37577e-06
 1.10771e-06
 9.09758e-07
 7.59759e-07
 6.43558e-07
 5.51810e-07
 4.78164e-07
 4.18191e-07
 3.68730e-07
 3.27478e-07
 2.92726e-07
 2.63184e-07
 2.37869e-07
 2.16013e-07
 1.97019e-07
 1.80410e-07
 1.65805e-07
 1.52895e-07
 1.41429e-07
 1.31200e-07
 1.52084e-06
 1.20074e-06
 9.72086e-07
 8.03027e-07
 6.74489e-07
 5.74475e-07
 4.95128e-07
 4.31124e-07
 3.78749e-07
 3.35351e-07
 2.98991e-07
 2.68227e-07
 2.41969e-07
 2.19379e-07
 1.99804e-07
 1.82733e-07
 1.67756e-07
 1.54544e-07
 1.42832e-07
 1.32400e-07
 1.62422e-06
 1.26519e-06
 1.01435e-06
 8.31860e-07
 6.94804e-07
 5.89176e-07
 5.06011e-07
 4.39337e-07
 3.85054e-07
 3.40263e-07
 3.02868e-07
 2.71324e-07
 2.44468e-07
 2.21415e-07
 2.01478e-07
 1.84119e-07
 1.68912e-07
 1.55515e-07
 1.43652e-07
 1.33097e-07
 1.66855e-06
 1.29211e-06
 1.03159e-06
 8.43367e-07
 7.02737e-07
 5.94795e-07
 5.10079e-07
 4.42340e-07
 3.87307e-07
 3.41977e-07
 3.04188e-07
 2.72351e-07
 2.45275e-07
 2.22054e-07
 2.01988e-07
 1.84528e-07
 1.69242e-07
 1.55783e-07
 1.43870e-07
 1.33274e-07
 1.64617e-06
 1.27763e-06
 1.02170e-06
 8.36325e-07
 6.97551e-07
 5.90866e-07
 5.07034e-07
 4.39933e-07
 3.85372e-07
 3.40398e-07
 3.02883e-07
 2.71261e-07
 2.44355e-07
 2.21270e-07
 2.01315e-07
 1.83946e-07
 1.68735e-07
 1.55339e-07
 1.43478e-07
 1.32928e-07
 1.56155e-06
 1.22397e-06
 9.85888e-07
 8.11432e-07
 6.79667e-07
 5.77661e-07
 4.97053e-07
 4.32237e-07
 3.79333e-07
 3.35587e-07
 2.98998e-07
 2.68086e-07
 2.41732e-07
 2.19082e-07
 1.99473e-07
 1.82384e-07
 1.67400e-07
 1.54190e-07
 1.42484e-07
 1.32062e-07
 1.42913e-06
 1.13863e-06
 9.28304e-07
 7.71123e-07
 6.50581e-07
 5.56130e-07
 4.80762e-07
 4.19675e-07
 3.69484e-07
 3.27752e-07
 2.92683e-07
 2.62936e-07
 2.37489e-07
 2.15552e-07
 1.96511e-07
 1.79879e-07
 1.65266e-07
 1.52360e-07
 1.40905e-07
 1.30691e-07
 1.26830e-06
 1.03214e-06
 8.55017e-07
 7.19052e-07
 6.12580e-07
 5.27753e-07
 4.59146e-07
 4.02920e-07
 3.56295e-07
 3.17227e-07
 2.84181e-07
 2.55992e-07
 2.31759e-07
 2.10782e-07
 1.92507e-07
 1.76491e-07
 1.62381e-07
 1.49886e-07
 1.38771e-07
 1.28841e-07
 1.09812e-06
 9.15576e-07
 7.72713e-07
 6.59402e-07
 5.68359e-07
 4.94316e-07
 4.33418e-07
 3.82813e-07
 3.40362e-07
 3.04442e-07
 2.73806e-07
 2.47485e-07
 2.24719e-07
 2.04906e-07
 1.87563e-07
 1.72302e-07
 1.58807e-07
 1.46819e-07
 1.36123e-07
 1.26543e-07
 9.33515e-07
 7.98462e-07
 6.87546e-07
 5.96223e-07
 5.20640e-07
 4.57681e-07
 4.04875e-07
 3.60275e-07
 3.22347e-07
 2.89882e-07
 2.61917e-07
 2.37687e-07
 2.16574e-07
 1.98082e-07
 1.81804e-07
 1.67408e-07
 1.54622e-07
 1.43219e-07
 1.33010e-07
 1.23837e-07
 7.83875e-07
 6.87676e-07
 6.04403e-07
 5.32962e-07
 4.71860e-07
 4.19587e-07
 3.74770e-07
 3.36218e-07
 3.02924e-07
 2.74048e-07
 2.48894e-07
 2.26885e-07
 2.07546e-07
 1.90482e-07
 1.75363e-07
 1.61915e-07
 1.49910e-07
 1.39155e-07
 1.29487e-07
 1.20768e-07
 6.53518e-07
 5.87303e-07
 5.26629e-07
 4.72211e-07
 4.23984e-07
 3.81513e-07
 3.44216e-07
 3.11482e-07
 2.82728e-07
 2.57426e-07
 2.35108e-07
 2.15370e-07
 1.97861e-07
 1.82284e-07
 1.68382e-07
 1.55937e-07
 1.44763e-07
 1.34700e-07
 1.25614e-07
 1.17385e-07
 5.43159e-07
 4.99106e-07
 4.56130e-07
 4.15685e-07
 3.78444e-07
 3.44611e-07
 3.14124e-07
 2.86783e-07
 2.62322e-07
 2.40457e-07
 2.20909e-07
 2.03415e-07
 1.87738e-07
 1.73662e-07
 1.61000e-07
 1.49585e-07
 1.39271e-07
 1.29930e-07
 1.21452e-07
 1.13739e-07
 4.51415e-07
 4.23233e-07
 3.93670e-07
 3.64322e-07
 3.36154e-07
 3.09695e-07
 2.85187e-07
 2.62695e-07
 2.42176e-07
 2.23524e-07
 2.06604e-07
 1.91272e-07
 1.77378e-07
 1.64783e-07
 1.53354e-07
 1.42971e-07
 1.33525e-07
 1.24918e-07
 1.17063e-07
 1.09881e-07
