scalar
part
         1
quad4
 3.90373e-07
 3.71282e-07
 3.49625e-07
 3.27034e-07
 3.04574e-07
 2.82904e-07
 2.62400e-07
 2.43251e-07
 2.25523e-07
 2.09208e-07
 1.94249e-07
 1.80566e-07
 1.68066e-07
 1.56651e-07
 1.46227e-07
 1.36703e-07
 1.27994e-07
 1.20021e-07
 1.12713e-07
 1.06006e-07
 4.76284e-07
 4.43472e-07
 4.09939e-07
 3.77314e-07
 3.46496e-07
 3.17918e-07
 2.91727e-07
 2.67902e-07
 2.46328e-07
 2.26841e-07
 2.09261e-07
 1.93403e-07
 1.79092e-07
 1.66164e-07
 1.54470e-07
 1.43874e-07
 1.34258e-07
 1.25514e-07
 1.17548e-07
 1.10277e-07
 5.81010e-07
 5.28573e-07
 4.79021e-07
 4.33493e-07
 3.92343e-07
 3.55507e-07
 3.22709e-07
 2.93583e-07
 2.67738e-07
 2.44795e-07
 2.24402e-07
 2.06245e-07
 1.90042e-07
 1.75550e-07
 1.62556e-07
 1.50874e-07
 1.40345e-07
 1.30830e-07
 1.22211e-07
 1.14383e-07
 7.06658e-07
 6.27049e-07
 5.56569e-07
 4.94959e-07
 4.41426e-07
 3.95010e-07
 3.54755e-07
 3.19785e-07
 2.89326e-07
 2.62713e-07
 2.39381e-07
 2.18850e-07
 2.00718e-07
 1.84647e-07
 1.70351e-07
 1.57591e-07
 1.46162e-07
 1.35893e-07
 1.26637e-07
 1.18269e-07
 8.53706e-07
 7.38004e-07
 6.41266e-07
 5.60383e-07
 4.92556e-07
 4.35423e-07
 3.87042e-07
 3.45843e-07
 3.10559e-07
 2.80171e-07
 2.53855e-07
 2.30945e-07
 2.10900e-07
 1.93277e-07
 1.77713e-07
 1.63908e-07
 1.51614e-07
 1.40623e-07
 1.30761e-07
 1.21881e-07
 1.01961e-06
 8.58465e-07
 7.30424e-07
 6.27547e-07
 5.43977e-07
 4.75379e-07
 4.18515e-07
 3.70945e-07
 3.30810e-07
 2.96681e-07
 2.67445e-07
 2.42233e-07
 2.20352e-07
 2.01253e-07
 1.84491e-07
 1.69706e-07
 1.56603e-07
 1.44941e-07
 1.34518e-07
 1.25167e-07
 1.19728e-06
 9.82750e-07
 8.19759e-07
 6.93294e-07
 5.93379e-07
 5.13186e-07
 4.47927e-07
 3.94165e-07
 3.49385e-07
 3.11719e-07
 2.79753e-07
 2.52406e-07
 2.28838e-07
 2.08389e-07
 1.90538e-07
 1.74866e-07
 1.61036e-07
 1.48771e-07
 1.37846e-07
 1.28074e-07
 1.37403e-06
 1.10224e-06
 9.03440e-07
 7.53649e-07
 6.38017e-07
 5.46927e-07
 4.73919e-07
 4.14524e-07
 3.65571e-07
 3.24758e-07
 2.90383e-07
 2.61165e-07
 2.36125e-07
 2.14507e-07
 1.95715e-07
 1.79280e-07
 1.64824e-07
 1.52043e-07
 1.40689e-07
 1.30557e-07
 1.53178e-06
 1.20591e-06
 9.74559e-07
 8.04174e-07
 6.74972e-07
 5.74631e-07
 4.95133e-07
 4.31071e-07
 3.78687e-07
 3.35303e-07
 2.98969e-07
 2.68236e-07
 2.42008e-07
 2.19447e-07
 1.99898e-07
 1.82849e-07
 1.67891e-07
 1.54696e-07
 1.42996e-07
 1.32576e-07
 1.64937e-06
 1.28185e-06
 1.02611e-06
 8.40573e-07
 7.01516e-07
 5.94515e-07
 5.10370e-07
 4.42976e-07
 3.88148e-07
 3.42934e-07
 3.05205e-07
 2.73391e-07
 2.46314e-07
 2.23077e-07
 2.02985e-07
 1.85495e-07
 1.70174e-07
 1.56678e-07
 1.44728e-07
 1.34097e-07
 1.70730e-06
 1.31983e-06
 1.05234e-06
 8.59451e-07
 7.15549e-07
 6.05229e-07
 5.18734e-07
 4.49631e-07
 3.93528e-07
 3.47346e-07
 3.08868e-07
 2.76465e-07
 2.48920e-07
 2.25304e-07
 2.04904e-07
 1.87159e-07
 1.71628e-07
 1.57955e-07
 1.45856e-07
 1.35097e-07
 1.69454e-06
 1.31430e-06
 1.05024e-06
 8.59041e-07
 7.15986e-07
 6.06077e-07
 5.19763e-07
 4.50717e-07
 3.94605e-07
 3.48380e-07
 3.09841e-07
 2.77371e-07
 2.49757e-07
 2.26076e-07
 2.05614e-07
 1.87811e-07
 1.72227e-07
 1.58506e-07
 1.46362e-07
 1.35564e-07
 1.61381e-06
 1.26648e-06
 1.02038e-06
 8.39639e-07
 7.02980e-07
 5.97139e-07
 5.13498e-07
 4.46254e-07
 3.91386e-07
 3.46034e-07
 3.08120e-07
 2.76104e-07
 2.48822e-07
 2.25388e-07
 2.05110e-07
 1.87446e-07
 1.71967e-07
 1.58326e-07
 1.46244e-07
 1.35492e-07
 1.48099e-06
 1.18411e-06
 9.66870e-07
 8.03558e-07
 6.77898e-07
 5.79255e-07
 5.00470e-07
 4.36589e-07
 3.84102e-07
 3.40469e-07
 3.03817e-07
 2.72741e-07
 2.46171e-07
 2.23279e-07
 2.03421e-07
 1.86086e-07
 1.70864e-07
 1.57429e-07
 1.45511e-07
 1.34891e-07
 1.31855e-06
 1.07892e-06
 8.96203e-07
 7.54580e-07
 6.43039e-07
 5.53875e-07
 4.81624e-07
 4.22353e-07
 3.73185e-07
 3.31985e-07
 2.97145e-07
 2.67438e-07
 2.41915e-07
 2.19835e-07
 2.00612e-07
 1.83778e-07
 1.68957e-07
 1.55842e-07
 1.44184e-07
 1.33777e-07
 1.14778e-06
 9.63141e-07
 8.15626e-07
 6.97143e-07
 6.01208e-07
 5.22821e-07
 4.58174e-07
 4.04373e-07
 3.59210e-07
 3.20989e-07
 2.88397e-07
 2.60409e-07
 2.36215e-07
 2.15175e-07
 1.96773e-07
 1.80593e-07
 1.66297e-07
 1.53609e-07
 1.42298e-07
 1.32176e-07
 9.84107e-07
 8.46893e-07
 7.31708e-07
 6.35545e-07
 5.55259e-07
 4.88022e-07
 4.31447e-07
 3.83579e-07
 3.42839e-07
 3.07960e-07
 2.77924e-07
 2.51914e-07
 2.29266e-07
 2.09447e-07
 1.92017e-07
 1.76618e-07
 1.62955e-07
 1.50783e-07
 1.39896e-07
 1.30124e-07
 8.36269e-07
 7.37092e-07
 6.49515e-07
 5.73395e-07
 5.07746e-07
 4.51290e-07
 4.02738e-07
 3.60906e-07
 3.24755e-07
 2.93402e-07
 2.66103e-07
 2.42237e-07
 2.21285e-07
 2.02817e-07
 1.86474e-07
 1.71956e-07
 1.59011e-07
 1.47428e-07
 1.37029e-07
 1.27661e-07
 7.07724e-07
 6.37587e-07
 5.72401e-07
 5.13365e-07
 4.60714e-07
 4.14168e-07
 3.73206e-07
 3.37222e-07
 3.05612e-07
 2.77811e-07
 2.53311e-07
 2.31668e-07
 2.12495e-07
 1.95462e-07
 1.80282e-07
 1.66715e-07
 1.54551e-07
 1.43614e-07
 1.33752e-07
 1.24834e-07
 5.98583e-07
 5.49894e-07
 5.02215e-07
 4.57193e-07
 4.15645e-07
 3.77858e-07
 3.43802e-07
 3.13277e-07
 2.85995e-07
 2.61643e-07
 2.39906e-07
 2.20489e-07
 2.03120e-07
 1.87556e-07
 1.73582e-07
 1.61007e-07
 1.49666e-07
 1.39415e-07
 1.30126e-07
 1.21691e-07
