scalar
part
         1
quad4
 6.30536e-07
 5.78147e-07
 5.27150e-07
 4.79190e-07
 4.35063e-07
 3.95025e-07
 3.59011e-07
 3.26786e-07
 2.98029e-07
 2.72395e-07
 2.49544e-07
 2.29156e-07
 2.10938e-07
 1.94631e-07
 1.80004e-07
 1.66854e-07
 1.55005e-07
 1.44303e-07
 1.34614e-07
 1.25821e-07
 7.42943e-07
 6.68271e-07
 5.99118e-07
 5.36648e-07
 4.81044e-07
 4.31968e-07
 3.88841e-07
 3.51006e-07
 3.17809e-07
 2.88646e-07
 2.62975e-07
 2.40319e-07
 2.20270e-07
 2.02473e-07
 1.86628e-07
 1.72477e-07
 1.59800e-07
 1.48411e-07
 1.38148e-07
 1.28874e-07
 8.74913e-07
 7.70212e-07
 6.77932e-07
 5.97837e-07
 5.28843e-07
 4.69577e-07
 4.18662e-07
 3.74837e-07
 3.37004e-07
 3.04222e-07
 2.75706e-07
 2.50798e-07
 2.28951e-07
 2.09709e-07
 1.92695e-07
 1.77592e-07
 1.64135e-07
 1.52102e-07
 1.41306e-07
 1.31588e-07
 1.02621e-06
 8.82327e-07
 7.61628e-07
 6.60924e-07
 5.76905e-07
 5.06593e-07
 4.47478e-07
 3.97502e-07
 3.55004e-07
 3.18650e-07
 2.87370e-07
 2.60303e-07
 2.36754e-07
 2.16160e-07
 1.98063e-07
 1.82085e-07
 1.67918e-07
 1.55304e-07
 1.44028e-07
 1.33913e-07
 1.19316e-06
 1.00058e-06
 8.46702e-07
 7.23121e-07
 6.23097e-07
 5.41412e-07
 4.74088e-07
 4.18099e-07
 3.71134e-07
 3.31418e-07
 2.97576e-07
 2.68535e-07
 2.43449e-07
 2.21647e-07
 2.02591e-07
 1.85846e-07
 1.71060e-07
 1.57943e-07
 1.46258e-07
 1.35804e-07
 1.36675e-06
 1.11781e-06
 9.27895e-07
 7.80682e-07
 6.64770e-07
 5.72156e-07
 4.97154e-07
 4.35666e-07
 3.84693e-07
 3.42011e-07
 3.05942e-07
 2.75207e-07
 2.48818e-07
 2.26002e-07
 2.06149e-07
 1.88773e-07
 1.73482e-07
 1.59959e-07
 1.47943e-07
 1.37221e-07
 1.53107e-06
 1.22354e-06
 9.98403e-07
 8.29156e-07
 6.98976e-07
 5.96838e-07
 5.15312e-07
 4.49250e-07
 3.95007e-07
 3.49944e-07
 3.12113e-07
 2.80057e-07
 2.52664e-07
 2.29076e-07
 2.08624e-07
 1.90778e-07
 1.75116e-07
 1.61297e-07
 1.49044e-07
 1.38129e-07
 1.66417e-06
 1.30512e-06
 1.05073e-06
 8.63963e-07
 7.22830e-07
 6.13593e-07
 5.27325e-07
 4.58014e-07
 4.01495e-07
 3.54806e-07
 3.15796e-07
 2.82871e-07
 2.54830e-07
 2.30752e-07
 2.09927e-07
 1.91794e-07
 1.75910e-07
 1.61917e-07
 1.49527e-07
 1.38504e-07
 1.74260e-06
 1.35035e-06
 1.07815e-06
 8.81217e-07
 7.33988e-07
 6.20956e-07
 5.32249e-07
 4.61332e-07
 4.03734e-07
 3.56307e-07
 3.16786e-07
 2.83503e-07
 2.55209e-07
 2.30953e-07
 2.10001e-07
 1.91778e-07
 1.75830e-07
 1.61792e-07
 1.49372e-07
 1.38330e-07
 1.74956e-06
 1.35115e-06
 1.07647e-06
 8.78593e-07
 7.31102e-07
 6.18111e-07
 5.29576e-07
 4.58879e-07
 4.01509e-07
 3.54303e-07
 3.14984e-07
 2.81885e-07
 2.53754e-07
 2.29644e-07
 2.08820e-07
 1.90711e-07
 1.74864e-07
 1.60916e-07
 1.48575e-07
 1.37603e-07
 1.68215e-06
 1.30641e-06
 1.04523e-06
 8.55913e-07
 7.14111e-07
 6.05051e-07
 5.19320e-07
 4.50677e-07
 3.94847e-07
 3.48817e-07
 3.10413e-07
 2.78036e-07
 2.50483e-07
 2.26840e-07
 2.06399e-07
 1.88606e-07
 1.73021e-07
 1.59294e-07
 1.47140e-07
 1.36328e-07
 1.55260e-06
 1.22233e-06
 9.87862e-07
 8.15194e-07
 6.84266e-07
 5.82584e-07
 5.02022e-07
 4.37100e-07
 3.84011e-07
 3.40042e-07
 3.03215e-07
 2.72063e-07
 2.45476e-07
 2.22604e-07
 2.02785e-07
 1.85500e-07
 1.70333e-07
 1.56953e-07
 1.45090e-07
 1.34522e-07
 1.38243e-06
 1.11018e-06
 9.10680e-07
 7.60175e-07
 6.43882e-07
 5.52202e-07
 4.78675e-07
 4.18827e-07
 3.69477e-07
 3.28317e-07
 2.93637e-07
 2.64150e-07
 2.38873e-07
 2.17043e-07
 1.98063e-07
 1.81459e-07
 1.66852e-07
 1.53934e-07
 1.42457e-07
 1.32213e-07
 1.19473e-06
 9.82885e-07
 8.21274e-07
 6.95503e-07
 5.95910e-07
 5.15836e-07
 4.50579e-07
 3.96755e-07
 3.51880e-07
 3.14101e-07
 2.82016e-07
 2.54548e-07
 2.30862e-07
 2.10300e-07
 1.92342e-07
 1.76570e-07
 1.62645e-07
 1.50293e-07
 1.39285e-07
 1.29437e-07
 1.00863e-06
 8.52170e-07
 7.26992e-07
 6.25900e-07
 5.43461e-07
 4.75584e-07
 4.19181e-07
 3.71902e-07
 3.31947e-07
 2.97922e-07
 2.68741e-07
 2.43549e-07
 2.21666e-07
 2.02549e-07
 1.85759e-07
 1.70939e-07
 1.57798e-07
 1.46095e-07
 1.35630e-07
 1.26237e-07
 8.37003e-07
 7.26910e-07
 6.33896e-07
 5.55521e-07
 4.89409e-07
 4.33462e-07
 3.85913e-07
 3.45300e-07
 3.10433e-07
 2.80340e-07
 2.54234e-07
 2.31473e-07
 2.11531e-07
 1.93978e-07
 1.78459e-07
 1.64682e-07
 1.52403e-07
 1.41416e-07
 1.31551e-07
 1.22664e-07
 6.86581e-07
 6.12720e-07
 5.46304e-07
 4.87585e-07
 4.36129e-07
 3.91218e-07
 3.52067e-07
 3.17911e-07
 2.88060e-07
 2.61902e-07
 2.38912e-07
 2.18641e-07
 2.00706e-07
 1.84784e-07
 1.70601e-07
 1.57925e-07
 1.46560e-07
 1.36337e-07
 1.27115e-07
 1.18771e-07
 5.59344e-07
 5.12324e-07
 4.66807e-07
 4.24285e-07
 3.85382e-07
 3.50237e-07
 3.18719e-07
 2.90569e-07
 2.65474e-07
 2.43110e-07
 2.23168e-07
 2.05362e-07
 1.89436e-07
 1.75161e-07
 1.62338e-07
 1.50792e-07
 1.40371e-07
 1.30941e-07
 1.22389e-07
 1.14614e-07
 4.54264e-07
 4.26309e-07
 3.96562e-07
 3.66871e-07
 3.38325e-07
 3.11511e-07
 2.86695e-07
 2.63945e-07
 2.43217e-07
 2.24399e-07
 2.07351e-07
 1.91918e-07
 1.77947e-07
 1.65294e-07
 1.53821e-07
 1.43406e-07
 1.33936e-07
 1.25311e-07
 1.17443e-07
 1.10251e-07
 3.68792e-07
 3.53926e-07
 3.35691e-07
 3.15849e-07
 2.95586e-07
 2.75670e-07
 2.56568e-07
 2.38541e-07
 2.21715e-07
 2.06127e-07
 1.91757e-07
 1.78552e-07
 1.66442e-07
 1.55348e-07
 1.45187e-07
 1.35879e-07
 1.27349e-07
 1.19525e-07
 1.12341e-07
 1.05737e-07
