scalar
part
         1
quad4
 4.37718e-07
 4.11716e-07
 3.84036e-07
 3.56286e-07
 3.29458e-07
 3.04112e-07
 2.80527e-07
 2.58798e-07
 2.38909e-07
 2.20779e-07
 2.04293e-07
 1.89320e-07
 1.75726e-07
 1.63381e-07
 1.52163e-07
 1.41958e-07
 1.32661e-07
 1.24182e-07
 1.16434e-07
 1.09344e-07
 5.28360e-07
 4.86968e-07
 4.46212e-07
 4.07591e-07
 3.71835e-07
 3.39205e-07
 3.09691e-07
 2.83137e-07
 2.59314e-07
 2.37968e-07
 2.18843e-07
 2.01696e-07
 1.86304e-07
 1.72464e-07
 1.59998e-07
 1.48745e-07
 1.38567e-07
 1.29340e-07
 1.20958e-07
 1.13326e-07
 6.37751e-07
 5.74750e-07
 5.16652e-07
 4.64273e-07
 4.17653e-07
 3.76446e-07
 3.40145e-07
 3.08199e-07
 2.80070e-07
 2.55267e-07
 2.33349e-07
 2.13934e-07
 1.96687e-07
 1.81322e-07
 1.67594e-07
 1.55293e-07
 1.44237e-07
 1.34273e-07
 1.25268e-07
 1.17108e-07
 7.67465e-07
 6.75073e-07
 5.94709e-07
 5.25477e-07
 4.66053e-07
 4.15060e-07
 3.71222e-07
 3.33425e-07
 3.00717e-07
 2.72300e-07
 2.47506e-07
 2.25784e-07
 2.06672e-07
 1.89790e-07
 1.74818e-07
 1.61490e-07
 1.49582e-07
 1.38906e-07
 1.29302e-07
 1.20636e-07
 9.17100e-07
 7.86397e-07
 6.78626e-07
 5.89583e-07
 5.15663e-07
 4.53928e-07
 4.02030e-07
 3.58111e-07
 3.20699e-07
 2.88627e-07
 2.60966e-07
 2.36970e-07
 2.16041e-07
 1.97692e-07
 1.81528e-07
 1.67222e-07
 1.54507e-07
 1.43161e-07
 1.32997e-07
 1.23860e-07
 1.08279e-06
 9.04914e-07
 7.65221e-07
 6.54089e-07
 5.64565e-07
 4.91596e-07
 4.31467e-07
 3.81421e-07
 3.39379e-07
 3.03762e-07
 2.73352e-07
 2.47201e-07
 2.24564e-07
 2.04848e-07
 1.87579e-07
 1.72374e-07
 1.58921e-07
 1.46964e-07
 1.36292e-07
 1.26729e-07
 1.25573e-06
 1.02404e-06
 8.49748e-07
 7.15613e-07
 6.10347e-07
 5.26331e-07
 4.58278e-07
 4.02434e-07
 3.56077e-07
 3.17195e-07
 2.84280e-07
 2.56182e-07
 2.32013e-07
 2.11079e-07
 1.92833e-07
 1.76835e-07
 1.62734e-07
 1.50244e-07
 1.39129e-07
 1.29196e-07
 1.42152e-06
 1.13446e-06
 9.26119e-07
 7.70108e-07
 6.50272e-07
 5.56250e-07
 4.81144e-07
 4.20213e-07
 3.70112e-07
 3.28427e-07
 2.93379e-07
 2.63633e-07
 2.38176e-07
 2.16224e-07
 1.97162e-07
 1.80506e-07
 1.65869e-07
 1.52938e-07
 1.41458e-07
 1.31220e-07
 1.56132e-06
 1.22508e-06
 9.87563e-07
 8.13310e-07
 6.81573e-07
 5.79510e-07
 4.98808e-07
 4.33882e-07
 3.80865e-07
 3.37010e-07
 3.00319e-07
 2.69310e-07
 2.42869e-07
 2.20139e-07
 2.00457e-07
 1.83301e-07
 1.68256e-07
 1.54991e-07
 1.43234e-07
 1.32766e-07
 1.65518e-06
 1.28494e-06
 1.02774e-06
 8.41377e-07
 7.01836e-07
 5.94545e-07
 5.10224e-07
 4.42724e-07
 3.87834e-07
 3.42585e-07
 3.04839e-07
 2.73020e-07
 2.45946e-07
 2.22715e-07
 2.02633e-07
 1.85154e-07
 1.69846e-07
 1.56363e-07
 1.44426e-07
 1.33807e-07
 1.68723e-06
 1.30579e-06
 1.04204e-06
 8.51605e-07
 7.09398e-07
 6.00291e-07
 5.14691e-07
 4.46265e-07
 3.90687e-07
 3.44918e-07
 3.06771e-07
 2.74637e-07
 2.47313e-07
 2.23882e-07
 2.03636e-07
 1.86023e-07
 1.70603e-07
 1.57027e-07
 1.45012e-07
 1.34327e-07
 1.65119e-06
 1.28448e-06
 1.02876e-06
 8.43004e-07
 7.03655e-07
 5.96363e-07
 5.11955e-07
 4.44330e-07
 3.89304e-07
 3.43922e-07
 3.06050e-07
 2.74114e-07
 2.46935e-07
 2.23611e-07
 2.03445e-07
 1.85890e-07
 1.70515e-07
 1.56973e-07
 1.44983e-07
 1.34317e-07
 1.55338e-06
 1.22417e-06
 9.89614e-07
 8.16549e-07
 6.85189e-07
 5.83124e-07
 5.02246e-07
 4.37071e-07
 3.83786e-07
 3.39665e-07
 3.02723e-07
 2.71486e-07
 2.44836e-07
 2.21920e-07
 2.02071e-07
 1.84766e-07
 1.69589e-07
 1.56206e-07
 1.44343e-07
 1.33781e-07
 1.41084e-06
 1.13353e-06
 9.29335e-07
 7.74988e-07
 6.55667e-07
 5.61622e-07
 4.86246e-07
 4.24944e-07
 3.74444e-07
 3.32366e-07
 2.96947e-07
 2.66863e-07
 2.41099e-07
 2.18870e-07
 1.99562e-07
 1.82686e-07
 1.67852e-07
 1.54746e-07
 1.43110e-07
 1.32732e-07
 1.24510e-06
 1.02412e-06
 8.54507e-07
 7.22246e-07
 6.17525e-07
 5.33421e-07
 4.64990e-07
 4.08650e-07
 3.61765e-07
 3.22368e-07
 2.88969e-07
 2.60428e-07
 2.35857e-07
 2.14563e-07
 1.95993e-07
 1.79708e-07
 1.65350e-07
 1.52630e-07
 1.41310e-07
 1.31194e-07
 1.07557e-06
 9.07399e-07
 7.72068e-07
 6.62659e-07
 5.73552e-07
 5.00364e-07
 4.39724e-07
 3.89050e-07
 3.46356e-07
 3.10107e-07
 2.79106e-07
 2.52414e-07
 2.29287e-07
 2.09131e-07
 1.91469e-07
 1.75912e-07
 1.62145e-07
 1.49907e-07
 1.38984e-07
 1.29196e-07
 9.15857e-07
 7.92495e-07
 6.88080e-07
 6.00270e-07
 5.26480e-07
 4.64325e-07
 4.11755e-07
 3.67070e-07
 3.28883e-07
 2.96069e-07
 2.67718e-07
 2.43092e-07
 2.21593e-07
 2.02732e-07
 1.86108e-07
 1.71392e-07
 1.58311e-07
 1.46636e-07
 1.36178e-07
 1.26778e-07
 7.73303e-07
 6.85445e-07
 6.07075e-07
 5.38373e-07
 4.78681e-07
 4.27014e-07
 3.82323e-07
 3.43619e-07
 3.10017e-07
 2.80755e-07
 2.55181e-07
 2.32748e-07
 2.12995e-07
 1.95536e-07
 1.80046e-07
 1.66255e-07
 1.53932e-07
 1.42884e-07
 1.32947e-07
 1.23982e-07
 6.50463e-07
 5.89426e-07
 5.31943e-07
 4.79336e-07
 4.32007e-07
 3.89851e-07
 3.52509e-07
 3.19516e-07
 2.90383e-07
 2.64643e-07
 2.41866e-07
 2.21669e-07
 2.03717e-07
 1.87718e-07
 1.73422e-07
 1.60610e-07
 1.49097e-07
 1.38723e-07
 1.29350e-07
 1.20858e-07
 5.46922e-07
 5.05493e-07
 4.64178e-07
 4.24637e-07
 3.87756e-07
 3.53914e-07
 3.23182e-07
 2.95454e-07
 2.70529e-07
 2.48166e-07
 2.28113e-07
 2.10125e-07
 1.93974e-07
 1.79452e-07
 1.66372e-07
 1.54570e-07
 1.43897e-07
 1.34227e-07
 1.25446e-07
 1.17455e-07
