scalar
part
         1
quad4
 5.81903e-07
 5.35210e-07
 4.89335e-07
 4.45910e-07
 4.05754e-07
 3.69170e-07
 3.36150e-07
 3.06512e-07
 2.79994e-07
 2.56298e-07
 2.35128e-07
 2.16200e-07
 1.99255e-07
 1.84061e-07
 1.70410e-07
 1.58119e-07
 1.47028e-07
 1.36997e-07
 1.27904e-07
 1.19643e-07
 6.88571e-07
 6.21071e-07
 5.58180e-07
 5.01106e-07
 4.50116e-07
 4.04970e-07
 3.65186e-07
 3.30196e-07
 2.99425e-07
 2.72336e-07
 2.48443e-07
 2.27319e-07
 2.08592e-07
 1.91944e-07
 1.77100e-07
 1.63824e-07
 1.51916e-07
 1.41204e-07
 1.31541e-07
 1.22800e-07
 8.14334e-07
 7.18621e-07
 6.33933e-07
 5.60193e-07
 4.96497e-07
 4.41646e-07
 3.94416e-07
 3.53676e-07
 3.18434e-07
 2.87842e-07
 2.61184e-07
 2.37861e-07
 2.17372e-07
 1.99302e-07
 1.83302e-07
 1.69081e-07
 1.56396e-07
 1.45040e-07
 1.34841e-07
 1.25650e-07
 9.59167e-07
 8.26446e-07
 7.14835e-07
 6.21504e-07
 5.43471e-07
 4.78035e-07
 4.22911e-07
 3.76223e-07
 3.36450e-07
 3.02371e-07
 2.73001e-07
 2.47550e-07
 2.25377e-07
 2.05961e-07
 1.88878e-07
 1.73779e-07
 1.60376e-07
 1.48431e-07
 1.37743e-07
 1.28147e-07
 1.11982e-06
 9.40872e-07
 7.97662e-07
 6.82460e-07
 5.89053e-07
 5.12637e-07
 4.49546e-07
 3.96989e-07
 3.52833e-07
 3.15435e-07
 2.83523e-07
 2.56101e-07
 2.32385e-07
 2.11749e-07
 1.93692e-07
 1.77809e-07
 1.63771e-07
 1.51307e-07
 1.40193e-07
 1.30244e-07
 1.28794e-06
 1.05525e-06
 8.77522e-07
 7.39560e-07
 6.30758e-07
 5.43682e-07
 4.73051e-07
 4.15056e-07
 3.66909e-07
 3.26537e-07
 2.92376e-07
 2.63232e-07
 2.38180e-07
 2.16499e-07
 1.97614e-07
 1.81071e-07
 1.66501e-07
 1.53605e-07
 1.42139e-07
 1.31899e-07
 1.44867e-06
 1.15978e-06
 9.48034e-07
 7.88613e-07
 6.65794e-07
 5.69277e-07
 4.92118e-07
 4.29506e-07
 3.78025e-07
 3.35203e-07
 2.99213e-07
 2.68684e-07
 2.42570e-07
 2.20063e-07
 2.00532e-07
 1.83477e-07
 1.68497e-07
 1.55271e-07
 1.43537e-07
 1.33079e-07
 1.58142e-06
 1.24258e-06
 1.00211e-06
 8.25263e-07
 6.91395e-07
 5.87619e-07
 5.05544e-07
 4.39514e-07
 3.85606e-07
 3.41025e-07
 3.03739e-07
 2.72240e-07
 2.45391e-07
 2.22321e-07
 2.02352e-07
 1.84954e-07
 1.69703e-07
 1.56262e-07
 1.44354e-07
 1.33755e-07
 1.66425e-06
 1.29213e-06
 1.03334e-06
 8.45748e-07
 7.05266e-07
 5.97254e-07
 5.12377e-07
 4.44445e-07
 3.89215e-07
 3.43698e-07
 3.05737e-07
 2.73745e-07
 2.46530e-07
 2.23186e-07
 2.03010e-07
 1.85454e-07
 1.70082e-07
 1.56547e-07
 1.44566e-07
 1.33911e-07
 1.68131e-06
 1.30060e-06
 1.03754e-06
 8.47703e-07
 7.05999e-07
 5.97312e-07
 5.12064e-07
 4.43935e-07
 3.88608e-07
 3.43052e-07
 3.05088e-07
 2.73113e-07
 2.45926e-07
 2.22614e-07
 2.02474e-07
 1.84953e-07
 1.69616e-07
 1.56113e-07
 1.44163e-07
 1.33536e-07
 1.62917e-06
 1.26641e-06
 1.01391e-06
 8.30700e-07
 6.93357e-07
 5.87659e-07
 5.04528e-07
 4.37938e-07
 3.83759e-07
 3.39076e-07
 3.01787e-07
 2.70342e-07
 2.43577e-07
 2.20607e-07
 2.00744e-07
 1.83452e-07
 1.68305e-07
 1.54962e-07
 1.43146e-07
 1.32634e-07
 1.51776e-06
 1.19454e-06
 9.65185e-07
 7.96328e-07
 6.68318e-07
 5.68922e-07
 4.90184e-07
 4.26741e-07
 3.74868e-07
 3.31912e-07
 2.95938e-07
 2.65510e-07
 2.39545e-07
 2.17209e-07
 1.97857e-07
 1.80980e-07
 1.66174e-07
 1.53112e-07
 1.41531e-07
 1.31216e-07
 1.36555e-06
 1.09470e-06
 8.96791e-07
 7.47803e-07
 6.32869e-07
 5.42376e-07
 4.69878e-07
 4.10920e-07
 3.62340e-07
 3.21849e-07
 2.87752e-07
 2.58775e-07
 2.33946e-07
 2.12512e-07
 1.93883e-07
 1.77592e-07
 1.63264e-07
 1.50597e-07
 1.39345e-07
 1.29305e-07
 1.19320e-06
 9.78433e-07
 8.15521e-07
 6.89279e-07
 5.89643e-07
 5.09744e-07
 4.44769e-07
 3.91272e-07
 3.46736e-07
 3.09290e-07
 2.77522e-07
 2.50353e-07
 2.26944e-07
 2.06639e-07
 1.88917e-07
 1.73362e-07
 1.59636e-07
 1.47466e-07
 1.36627e-07
 1.26932e-07
 1.01868e-06
 8.56659e-07
 7.28171e-07
 6.25105e-07
 5.41497e-07
 4.72946e-07
 4.16176e-07
 3.68724e-07
 3.28716e-07
 2.94715e-07
 2.65604e-07
 2.40510e-07
 2.18742e-07
 1.99746e-07
 1.83080e-07
 1.68384e-07
 1.55364e-07
 1.43777e-07
 1.33423e-07
 1.24136e-07
 8.54877e-07
 7.38028e-07
 6.40557e-07
 5.59226e-07
 4.91141e-07
 4.33872e-07
 3.85437e-07
 3.44235e-07
 3.08981e-07
 2.78641e-07
 2.52385e-07
 2.29540e-07
 2.09562e-07
 1.92006e-07
 1.76508e-07
 1.62767e-07
 1.50533e-07
 1.39598e-07
 1.29790e-07
 1.20961e-07
 7.09149e-07
 6.28335e-07
 5.57005e-07
 4.94808e-07
 4.40880e-07
 3.94205e-07
 3.53787e-07
 3.18721e-07
 2.88213e-07
 2.61583e-07
 2.38255e-07
 2.17743e-07
 1.99640e-07
 1.83603e-07
 1.69345e-07
 1.56624e-07
 1.45235e-07
 1.35005e-07
 1.25788e-07
 1.17457e-07
 5.84270e-07
 5.30687e-07
 4.80269e-07
 4.34098e-07
 3.92482e-07
 3.55311e-07
 3.22278e-07
 2.92989e-07
 2.67036e-07
 2.44023e-07
 2.23590e-07
 2.05413e-07
 1.89205e-07
 1.74719e-07
 1.61737e-07
 1.50073e-07
 1.39565e-07
 1.30074e-07
 1.21480e-07
 1.13677e-07
 4.79943e-07
 4.46094e-07
 4.11737e-07
 3.78470e-07
 3.47159e-07
 3.18207e-07
 2.91737e-07
 2.67706e-07
 2.45981e-07
 2.26386e-07
 2.08729e-07
 1.92820e-07
 1.78476e-07
 1.65529e-07
 1.53826e-07
 1.43230e-07
 1.33618e-07
 1.24884e-07
 1.16930e-07
 1.09673e-07
 3.94192e-07
 3.74189e-07
 3.51777e-07
 3.28573e-07
 3.05625e-07
 2.83569e-07
 2.62764e-07
 2.43382e-07
 2.25476e-07
 2.09025e-07
 1.93964e-07
 1.80205e-07
 1.67650e-07
 1.56196e-07
 1.45746e-07
 1.36205e-07
 1.27486e-07
 1.19509e-07
 1.12202e-07
 1.05499e-07
