scalar
part
         1
quad4
 3.84277e-07
 3.67145e-07
 3.46929e-07
 3.25388e-07
 3.03687e-07
 2.82562e-07
 2.62447e-07
 2.43574e-07
 2.26041e-07
 2.09859e-07
 1.94991e-07
 1.81366e-07
 1.68900e-07
 1.57504e-07
 1.47086e-07
 1.37558e-07
 1.28839e-07
 1.20851e-07
 1.13526e-07
 1.06799e-07
 4.71424e-07
 4.40623e-07
 4.08476e-07
 3.76794e-07
 3.46611e-07
 3.18456e-07
 2.92541e-07
 2.68892e-07
 2.47425e-07
 2.27997e-07
 2.10443e-07
 1.94588e-07
 1.80266e-07
 1.67316e-07
 1.55593e-07
 1.44964e-07
 1.35312e-07
 1.26532e-07
 1.18529e-07
 1.11222e-07
 5.78196e-07
 5.27629e-07
 4.79245e-07
 4.34427e-07
 3.93698e-07
 3.57096e-07
 3.24415e-07
 2.95330e-07
 2.69481e-07
 2.46504e-07
 2.26062e-07
 2.07844e-07
 1.91576e-07
 1.77017e-07
 1.63956e-07
 1.52209e-07
 1.41617e-07
 1.32042e-07
 1.23365e-07
 1.15483e-07
 7.06967e-07
 6.28759e-07
 5.58991e-07
 4.97697e-07
 4.44258e-07
 3.97813e-07
 3.57465e-07
 3.22370e-07
 2.91772e-07
 2.65018e-07
 2.41547e-07
 2.20884e-07
 2.02628e-07
 1.86441e-07
 1.72038e-07
 1.59177e-07
 1.47656e-07
 1.37302e-07
 1.27967e-07
 1.19527e-07
 8.58459e-07
 7.43198e-07
 6.46405e-07
 5.65251e-07
 4.97073e-07
 4.39575e-07
 3.90845e-07
 3.49324e-07
 3.13748e-07
 2.83097e-07
 2.56547e-07
 2.33427e-07
 2.13195e-07
 1.95404e-07
 1.79690e-07
 1.65749e-07
 1.53333e-07
 1.42231e-07
 1.32268e-07
 1.23297e-07
 1.03022e-06
 8.67927e-07
 7.38721e-07
 6.34795e-07
 5.50325e-07
 4.80966e-07
 4.23462e-07
 3.75352e-07
 3.34760e-07
 3.00240e-07
 2.70669e-07
 2.45167e-07
 2.23034e-07
 2.03714e-07
 1.86758e-07
 1.71801e-07
 1.58545e-07
 1.46746e-07
 1.36200e-07
 1.26739e-07
 1.21489e-06
 9.97005e-07
 8.31453e-07
 7.03030e-07
 6.01601e-07
 5.20223e-07
 4.54019e-07
 3.99493e-07
 3.54088e-07
 3.15902e-07
 2.83501e-07
 2.55784e-07
 2.31899e-07
 2.11177e-07
 1.93089e-07
 1.77210e-07
 1.63196e-07
 1.50770e-07
 1.39700e-07
 1.29799e-07
 1.39897e-06
 1.12130e-06
 9.18447e-07
 7.65775e-07
 6.48029e-07
 5.55341e-07
 4.81098e-07
 4.20728e-07
 3.70990e-07
 3.29536e-07
 2.94630e-07
 2.64967e-07
 2.39550e-07
 2.17608e-07
 1.98539e-07
 1.81862e-07
 1.67195e-07
 1.54228e-07
 1.42709e-07
 1.32430e-07
 1.56305e-06
 1.22906e-06
 9.92402e-07
 8.18368e-07
 6.86549e-07
 5.84267e-07
 5.03286e-07
 4.38066e-07
 3.84759e-07
 3.40627e-07
 3.03678e-07
 2.72431e-07
 2.45772e-07
 2.22842e-07
 2.02978e-07
 1.85656e-07
 1.70461e-07
 1.57057e-07
 1.45174e-07
 1.34590e-07
 1.68451e-06
 1.30771e-06
 1.04596e-06
 8.56318e-07
 7.14321e-07
 6.05141e-07
 5.19336e-07
 4.50646e-07
 3.94787e-07
 3.48738e-07
 3.10324e-07
 2.77940e-07
 2.50385e-07
 2.26741e-07
 2.06301e-07
 1.88510e-07
 1.72928e-07
 1.59204e-07
 1.47053e-07
 1.36243e-07
 1.74312e-06
 1.34669e-06
 1.07322e-06
 8.76131e-07
 7.29180e-07
 6.16573e-07
 5.28320e-07
 4.57837e-07
 4.00631e-07
 3.53553e-07
 3.14338e-07
 2.81322e-07
 2.53260e-07
 2.29206e-07
 2.08431e-07
 1.90362e-07
 1.74549e-07
 1.60631e-07
 1.48316e-07
 1.37366e-07
 1.72835e-06
 1.34062e-06
 1.07119e-06
 8.76053e-07
 7.30039e-07
 6.17859e-07
 5.29769e-07
 4.59311e-07
 4.02061e-07
 3.54904e-07
 3.15596e-07
 2.82482e-07
 2.54326e-07
 2.30183e-07
 2.09324e-07
 1.91180e-07
 1.75297e-07
 1.61316e-07
 1.48944e-07
 1.37943e-07
 1.64430e-06
 1.29130e-06
 1.04073e-06
 8.56497e-07
 7.17103e-07
 6.09101e-07
 5.23731e-07
 4.55091e-07
 3.99083e-07
 3.52790e-07
 3.14092e-07
 2.81416e-07
 2.53575e-07
 2.29663e-07
 2.08974e-07
 1.90955e-07
 1.75166e-07
 1.61254e-07
 1.48933e-07
 1.37971e-07
 1.50814e-06
 1.20708e-06
 9.86230e-07
 8.19927e-07
 6.91821e-07
 5.91183e-07
 5.10764e-07
 4.45538e-07
 3.91936e-07
 3.47373e-07
 3.09939e-07
 2.78200e-07
 2.51064e-07
 2.27688e-07
 2.07411e-07
 1.89711e-07
 1.74172e-07
 1.60457e-07
 1.48293e-07
 1.37455e-07
 1.34292e-06
 1.10007e-06
 9.14430e-07
 7.70269e-07
 6.56577e-07
 5.65605e-07
 4.91840e-07
 4.31299e-07
 3.81062e-07
 3.38960e-07
 3.03353e-07
 2.72991e-07
 2.46906e-07
 2.24340e-07
 2.04696e-07
 1.87494e-07
 1.72350e-07
 1.58952e-07
 1.47043e-07
 1.36413e-07
 1.16993e-06
 9.82656e-07
 8.32710e-07
 7.12062e-07
 6.14244e-07
 5.34237e-07
 4.68205e-07
 4.13223e-07
 3.67051e-07
 3.27968e-07
 2.94635e-07
 2.66009e-07
 2.41263e-07
 2.19743e-07
 2.00922e-07
 1.84375e-07
 1.69756e-07
 1.56782e-07
 1.45219e-07
 1.34872e-07
 1.00442e-06
 8.64947e-07
 7.47691e-07
 6.49663e-07
 5.67727e-07
 4.99045e-07
 4.41215e-07
 3.92259e-07
 3.50578e-07
 3.14884e-07
 2.84142e-07
 2.57517e-07
 2.34334e-07
 2.14045e-07
 1.96204e-07
 1.80443e-07
 1.66460e-07
 1.54003e-07
 1.42863e-07
 1.32865e-07
 8.54956e-07
 7.53814e-07
 6.64446e-07
 5.86708e-07
 5.19610e-07
 4.61870e-07
 4.12187e-07
 3.69360e-07
 3.32339e-07
 3.00224e-07
 2.72257e-07
 2.47805e-07
 2.26339e-07
 2.07417e-07
 1.90674e-07
 1.75801e-07
 1.62541e-07
 1.50678e-07
 1.40027e-07
 1.30436e-07
 7.24908e-07
 6.53066e-07
 5.86328e-07
 5.25883e-07
 4.71960e-07
 4.24274e-07
 3.82296e-07
 3.45409e-07
 3.13000e-07
 2.84491e-07
 2.59366e-07
 2.37169e-07
 2.17507e-07
 2.00038e-07
 1.84472e-07
 1.70560e-07
 1.58089e-07
 1.46878e-07
 1.36769e-07
 1.27629e-07
 6.14353e-07
 5.64200e-07
 5.15180e-07
 4.68933e-07
 4.26270e-07
 3.87474e-07
 3.52509e-07
 3.21167e-07
 2.93155e-07
 2.68151e-07
 2.45832e-07
 2.25896e-07
 2.08064e-07
 1.92086e-07
 1.77741e-07
 1.64835e-07
 1.53197e-07
 1.42678e-07
 1.33148e-07
 1.24496e-07
