scalar
part
         1
quad4
 5.64998e-07
 5.20902e-07
 4.77270e-07
 4.35749e-07
 3.97193e-07
 3.61946e-07
 3.30038e-07
 3.01326e-07
 2.75578e-07
 2.52525e-07
 2.31891e-07
 2.13414e-07
 1.96848e-07
 1.81974e-07
 1.68594e-07
 1.56534e-07
 1.45640e-07
 1.35779e-07
 1.26832e-07
 1.18696e-07
 6.70292e-07
 6.05955e-07
 5.45701e-07
 4.90799e-07
 4.41585e-07
 3.97884e-07
 3.59278e-07
 3.25247e-07
 2.95262e-07
 2.68817e-07
 2.45455e-07
 2.24771e-07
 2.06411e-07
 1.90068e-07
 1.75481e-07
 1.62422e-07
 1.50698e-07
 1.40142e-07
 1.30613e-07
 1.21986e-07
 7.94834e-07
 7.02928e-07
 6.21292e-07
 5.49979e-07
 4.88207e-07
 4.34880e-07
 3.88862e-07
 3.49091e-07
 3.14627e-07
 2.84663e-07
 2.58515e-07
 2.35608e-07
 2.15462e-07
 1.97676e-07
 1.81911e-07
 1.67888e-07
 1.55368e-07
 1.44152e-07
 1.34071e-07
 1.24982e-07
 9.38826e-07
 8.10588e-07
 7.02415e-07
 6.11714e-07
 5.35696e-07
 4.71812e-07
 4.17892e-07
 3.72144e-07
 3.33112e-07
 2.99621e-07
 2.70723e-07
 2.45652e-07
 2.23787e-07
 2.04623e-07
 1.87748e-07
 1.72820e-07
 1.59561e-07
 1.47735e-07
 1.37148e-07
 1.27637e-07
 1.09937e-06
 9.25507e-07
 7.86010e-07
 6.73527e-07
 5.82131e-07
 5.07218e-07
 4.45262e-07
 3.93572e-07
 3.50085e-07
 3.13210e-07
 2.81709e-07
 2.54615e-07
 2.31160e-07
 2.10736e-07
 1.92851e-07
 1.77110e-07
 1.63188e-07
 1.50820e-07
 1.39786e-07
 1.29904e-07
 1.26859e-06
 1.04133e-06
 8.67356e-07
 7.32017e-07
 6.25081e-07
 5.39355e-07
 4.69716e-07
 4.12461e-07
 3.64873e-07
 3.24928e-07
 2.91098e-07
 2.62213e-07
 2.37365e-07
 2.15845e-07
 1.97091e-07
 1.80653e-07
 1.66168e-07
 1.53341e-07
 1.41931e-07
 1.31739e-07
 1.43224e-06
 1.14858e-06
 9.40223e-07
 7.83058e-07
 6.61778e-07
 5.66336e-07
 4.89943e-07
 4.27885e-07
 3.76813e-07
 3.34295e-07
 2.98535e-07
 2.68181e-07
 2.42201e-07
 2.19799e-07
 2.00349e-07
 1.83358e-07
 1.68428e-07
 1.55242e-07
 1.43539e-07
 1.33106e-07
 1.57028e-06
 1.23557e-06
 9.97586e-07
 8.22297e-07
 6.89440e-07
 5.86335e-07
 5.04716e-07
 4.39001e-07
 3.85313e-07
 3.40888e-07
 3.03713e-07
 2.72293e-07
 2.45500e-07
 2.22469e-07
 2.02528e-07
 1.85149e-07
 1.69911e-07
 1.56477e-07
 1.44573e-07
 1.33976e-07
 1.66094e-06
 1.29072e-06
 1.03293e-06
 8.45882e-07
 7.05695e-07
 5.97840e-07
 5.13041e-07
 4.45139e-07
 3.89912e-07
 3.44382e-07
 3.06399e-07
 2.74380e-07
 2.47136e-07
 2.23762e-07
 2.03557e-07
 1.85972e-07
 1.70573e-07
 1.57012e-07
 1.45006e-07
 1.34328e-07
 1.68772e-06
 1.30578e-06
 1.04179e-06
 8.51250e-07
 7.09003e-07
 5.99887e-07
 5.14296e-07
 4.45887e-07
 3.90329e-07
 3.44582e-07
 3.06456e-07
 2.74343e-07
 2.47038e-07
 2.23625e-07
 2.03396e-07
 1.85798e-07
 1.70392e-07
 1.56829e-07
 1.44826e-07
 1.34152e-07
 1.64575e-06
 1.27835e-06
 1.02290e-06
 8.37695e-07
 6.98949e-07
 5.92227e-07
 5.08326e-07
 4.41145e-07
 3.86500e-07
 3.41446e-07
 3.03856e-07
 2.72163e-07
 2.45192e-07
 2.22048e-07
 2.02039e-07
 1.84621e-07
 1.69366e-07
 1.55928e-07
 1.44031e-07
 1.33446e-07
 1.54312e-06
 1.21251e-06
 9.78476e-07
 8.06502e-07
 6.76323e-07
 5.75364e-07
 4.95466e-07
 4.31143e-07
 3.78586e-07
 3.35090e-07
 2.98683e-07
 2.67903e-07
 2.41647e-07
 2.19070e-07
 1.99514e-07
 1.82465e-07
 1.67511e-07
 1.54322e-07
 1.42632e-07
 1.32221e-07
 1.39701e-06
 1.11723e-06
 9.13537e-07
 7.60634e-07
 6.42950e-07
 5.50467e-07
 4.76489e-07
 4.16405e-07
 3.66954e-07
 3.25775e-07
 2.91127e-07
 2.61703e-07
 2.36507e-07
 2.14769e-07
 1.95885e-07
 1.79378e-07
 1.64867e-07
 1.52043e-07
 1.40654e-07
 1.30496e-07
 1.22773e-06
 1.00377e-06
 8.34653e-07
 7.04087e-07
 6.01354e-07
 5.19180e-07
 4.52496e-07
 3.97691e-07
 3.52134e-07
 3.13881e-07
 2.81465e-07
 2.53769e-07
 2.29928e-07
 2.09264e-07
 1.91241e-07
 1.75431e-07
 1.61489e-07
 1.49133e-07
 1.38133e-07
 1.28300e-07
 1.05373e-06
 8.83159e-07
 7.48615e-07
 6.41176e-07
 5.54350e-07
 4.83387e-07
 4.24778e-07
 3.75899e-07
 3.34769e-07
 2.99873e-07
 2.70041e-07
 2.44357e-07
 2.22102e-07
 2.02702e-07
 1.85696e-07
 1.70713e-07
 1.57447e-07
 1.45650e-07
 1.35115e-07
 1.25670e-07
 8.88675e-07
 7.64391e-07
 6.61385e-07
 5.75900e-07
 5.04665e-07
 4.44978e-07
 3.94663e-07
 3.51981e-07
 3.15548e-07
 2.84260e-07
 2.57231e-07
 2.33752e-07
 2.13248e-07
 1.95253e-07
 1.79384e-07
 1.65328e-07
 1.52825e-07
 1.41659e-07
 1.31651e-07
 1.22648e-07
 7.40681e-07
 6.53675e-07
 5.77509e-07
 5.11541e-07
 4.54661e-07
 4.05662e-07
 3.63399e-07
 3.26856e-07
 2.95155e-07
 2.67553e-07
 2.43426e-07
 2.22253e-07
 2.03597e-07
 1.87096e-07
 1.72445e-07
 1.59388e-07
 1.47712e-07
 1.37234e-07
 1.27802e-07
 1.19284e-07
 6.13088e-07
 5.54483e-07
 4.99967e-07
 4.50480e-07
 4.06186e-07
 3.66853e-07
 3.32065e-07
 3.01346e-07
 2.74220e-07
 2.50239e-07
 2.29002e-07
 2.10152e-07
 1.93379e-07
 1.78414e-07
 1.65024e-07
 1.53010e-07
 1.42202e-07
 1.32450e-07
 1.23629e-07
 1.15629e-07
 5.05960e-07
 4.68100e-07
 4.30337e-07
 3.94218e-07
 3.60536e-07
 3.29620e-07
 3.01522e-07
 2.76139e-07
 2.53287e-07
 2.32750e-07
 2.14302e-07
 1.97725e-07
 1.82813e-07
 1.69382e-07
 1.57264e-07
 1.46310e-07
 1.36389e-07
 1.27385e-07
 1.19197e-07
 1.11734e-07
 4.17526e-07
 3.94341e-07
 3.69132e-07
 3.43513e-07
 3.18501e-07
 2.94694e-07
 2.72406e-07
 2.51770e-07
 2.32803e-07
 2.15452e-07
 1.99626e-07
 1.85214e-07
 1.72099e-07
 1.60165e-07
 1.49299e-07
 1.39398e-07
 1.30365e-07
 1.22115e-07
 1.14568e-07
 1.07653e-07
