scalar
part
         1
quad4
 3.38049e-07
 3.27074e-07
 3.12378e-07
 2.95669e-07
 2.78131e-07
 2.60557e-07
 2.43456e-07
 2.27132e-07
 2.11754e-07
 1.97397e-07
 1.84075e-07
 1.71766e-07
 1.60424e-07
 1.49988e-07
 1.40396e-07
 1.31581e-07
 1.23479e-07
 1.16028e-07
 1.09171e-07
 1.02855e-07
 4.19300e-07
 3.96436e-07
 3.71143e-07
 3.45262e-07
 3.19930e-07
 2.95806e-07
 2.73234e-07
 2.52356e-07
 2.33190e-07
 2.15681e-07
 1.99732e-07
 1.85227e-07
 1.72043e-07
 1.60060e-07
 1.49161e-07
 1.39239e-07
 1.30195e-07
 1.21939e-07
 1.14393e-07
 1.07484e-07
 5.19719e-07
 4.79336e-07
 4.39376e-07
 4.01425e-07
 3.66254e-07
 3.34144e-07
 3.05097e-07
 2.78964e-07
 2.55523e-07
 2.34524e-07
 2.15714e-07
 1.98852e-07
 1.83719e-07
 1.70113e-07
 1.57859e-07
 1.46799e-07
 1.36795e-07
 1.27726e-07
 1.19486e-07
 1.11983e-07
 6.42081e-07
 5.76774e-07
 5.17168e-07
 4.63822e-07
 4.16597e-07
 3.75029e-07
 3.38531e-07
 3.06498e-07
 2.78357e-07
 2.53590e-07
 2.31738e-07
 2.12407e-07
 1.95253e-07
 1.79986e-07
 1.66356e-07
 1.54150e-07
 1.43186e-07
 1.33308e-07
 1.24384e-07
 1.16299e-07
 7.87918e-07
 6.88583e-07
 6.03676e-07
 5.31417e-07
 4.69950e-07
 4.17565e-07
 3.72776e-07
 3.34328e-07
 3.01176e-07
 2.72459e-07
 2.47466e-07
 2.25615e-07
 2.06425e-07
 1.89497e-07
 1.74504e-07
 1.61170e-07
 1.49268e-07
 1.38604e-07
 1.29018e-07
 1.20372e-07
 9.56164e-07
 8.12671e-07
 6.96715e-07
 6.02272e-07
 5.24705e-07
 4.60461e-07
 4.06811e-07
 3.61652e-07
 3.23352e-07
 2.90640e-07
 2.62511e-07
 2.38172e-07
 2.16989e-07
 1.98451e-07
 1.82145e-07
 1.67733e-07
 1.54938e-07
 1.43530e-07
 1.33320e-07
 1.24147e-07
 1.14148e-06
 9.44225e-07
 7.92411e-07
 6.73408e-07
 5.78617e-07
 5.02036e-07
 4.39377e-07
 3.87523e-07
 3.44170e-07
 3.07586e-07
 2.76452e-07
 2.49752e-07
 2.26693e-07
 2.06649e-07
 1.89122e-07
 1.73712e-07
 1.60094e-07
 1.48003e-07
 1.37221e-07
 1.27567e-07
 1.33268e-06
 1.07516e-06
 8.85068e-07
 7.40835e-07
 6.28881e-07
 5.40299e-07
 4.69045e-07
 4.10906e-07
 3.62867e-07
 3.22730e-07
 2.88862e-07
 2.60029e-07
 2.35284e-07
 2.13894e-07
 1.95280e-07
 1.78984e-07
 1.64638e-07
 1.51943e-07
 1.40658e-07
 1.30580e-07
 1.51197e-06
 1.19420e-06
 9.67460e-07
 7.99836e-07
 6.72352e-07
 5.73111e-07
 4.94332e-07
 4.30749e-07
 3.78686e-07
 3.35519e-07
 2.99331e-07
 2.68694e-07
 2.42528e-07
 2.20005e-07
 2.00478e-07
 1.83438e-07
 1.68481e-07
 1.55281e-07
 1.43572e-07
 1.33139e-07
 1.65613e-06
 1.28810e-06
 1.03171e-06
 8.45543e-07
 7.05919e-07
 5.98424e-07
 5.13853e-07
 4.46093e-07
 3.90949e-07
 3.45463e-07
 3.07498e-07
 2.75479e-07
 2.48222e-07
 2.24827e-07
 2.04595e-07
 1.86981e-07
 1.71550e-07
 1.57955e-07
 1.45917e-07
 1.35206e-07
 1.74143e-06
 1.34437e-06
 1.07078e-06
 8.73784e-07
 7.26994e-07
 6.14569e-07
 5.26495e-07
 4.56177e-07
 3.99122e-07
 3.52180e-07
 3.13085e-07
 2.80175e-07
 2.52208e-07
 2.28239e-07
 2.07539e-07
 1.89537e-07
 1.73785e-07
 1.59920e-07
 1.47654e-07
 1.36748e-07
 1.75200e-06
 1.35498e-06
 1.08028e-06
 8.81980e-07
 7.33987e-07
 6.20523e-07
 5.31576e-07
 4.60532e-07
 4.02874e-07
 3.55429e-07
 3.15914e-07
 2.82651e-07
 2.54386e-07
 2.30164e-07
 2.09247e-07
 1.91060e-07
 1.75147e-07
 1.61145e-07
 1.48757e-07
 1.37746e-07
 1.68744e-06
 1.31937e-06
 1.05973e-06
 8.69772e-07
 7.26626e-07
 6.16082e-07
 5.28942e-07
 4.59040e-07
 4.02113e-07
 3.55139e-07
 3.15928e-07
 2.82861e-07
 2.54719e-07
 2.30571e-07
 2.09696e-07
 1.91529e-07
 1.75621e-07
 1.61614e-07
 1.49216e-07
 1.38190e-07
 1.56307e-06
 1.24466e-06
 1.01272e-06
 8.39095e-07
 7.06007e-07
 6.01890e-07
 5.18985e-07
 4.51944e-07
 3.96993e-07
 3.51410e-07
 3.13195e-07
 2.80848e-07
 2.53235e-07
 2.29480e-07
 2.08898e-07
 1.90952e-07
 1.75212e-07
 1.61332e-07
 1.49031e-07
 1.38080e-07
 1.40270e-06
 1.14294e-06
 9.45794e-07
 7.93659e-07
 6.74333e-07
 5.79306e-07
 5.02567e-07
 4.39809e-07
 3.87894e-07
 3.44502e-07
 3.07892e-07
 2.76741e-07
 2.50027e-07
 2.26957e-07
 2.06902e-07
 1.89366e-07
 1.73946e-07
 1.60319e-07
 1.48220e-07
 1.37429e-07
 1.22960e-06
 1.02736e-06
 8.66587e-07
 7.38063e-07
 6.34460e-07
 5.50154e-07
 4.80887e-07
 4.23440e-07
 3.75366e-07
 3.34799e-07
 3.00295e-07
 2.70735e-07
 2.45239e-07
 2.23109e-07
 2.03789e-07
 1.86831e-07
 1.71871e-07
 1.58612e-07
 1.46808e-07
 1.36257e-07
 1.06105e-06
 9.09071e-07
 7.82235e-07
 6.76907e-07
 5.89398e-07
 5.16442e-07
 4.55308e-07
 4.03777e-07
 3.60072e-07
 3.22773e-07
 2.90746e-07
 2.63084e-07
 2.39057e-07
 2.18077e-07
 1.99665e-07
 1.83430e-07
 1.69049e-07
 1.56259e-07
 1.44836e-07
 1.34598e-07
 9.07128e-07
 7.95876e-07
 6.98361e-07
 6.14137e-07
 5.41905e-07
 4.80101e-07
 4.27194e-07
 3.81797e-07
 3.42717e-07
 3.08940e-07
 2.79625e-07
 2.54070e-07
 2.31697e-07
 2.12025e-07
 1.94656e-07
 1.79260e-07
 1.65558e-07
 1.53320e-07
 1.42352e-07
 1.32487e-07
 7.72167e-07
 6.92297e-07
 6.18792e-07
 5.52747e-07
 4.94237e-07
 4.42812e-07
 3.97789e-07
 3.58423e-07
 3.23987e-07
 2.93817e-07
 2.67323e-07
 2.43993e-07
 2.23387e-07
 2.05130e-07
 1.88901e-07
 1.74429e-07
 1.61483e-07
 1.49866e-07
 1.39410e-07
 1.29971e-07
 6.56782e-07
 6.00302e-07
 5.45740e-07
 4.94744e-07
 4.48068e-07
 4.05910e-07
 3.68142e-07
 3.34466e-07
 3.04512e-07
 2.77888e-07
 2.54216e-07
 2.33144e-07
 2.14356e-07
 1.97571e-07
 1.82542e-07
 1.69052e-07
 1.56915e-07
 1.45968e-07
 1.36069e-07
 1.27097e-07
