scalar
part
         1
quad4
 6.43242e-07
 5.88462e-07
 5.35417e-07
 4.85751e-07
 4.40229e-07
 3.99065e-07
 3.62148e-07
 3.29203e-07
 2.99874e-07
 2.73785e-07
 2.50574e-07
 2.29899e-07
 2.11453e-07
 1.94966e-07
 1.80195e-07
 1.66931e-07
 1.54991e-07
 1.44218e-07
 1.34473e-07
 1.25636e-07
 7.57134e-07
 6.79391e-07
 6.07725e-07
 5.43248e-07
 4.86064e-07
 4.35756e-07
 3.91674e-07
 3.53099e-07
 3.19330e-07
 2.89725e-07
 2.63710e-07
 2.40789e-07
 2.20534e-07
 2.02578e-07
 1.86610e-07
 1.72364e-07
 1.59615e-07
 1.48170e-07
 1.37866e-07
 1.28561e-07
 8.90528e-07
 7.81921e-07
 6.86613e-07
 6.04215e-07
 5.33485e-07
 4.72919e-07
 4.21030e-07
 3.76478e-07
 3.38098e-07
 3.04907e-07
 2.76084e-07
 2.50944e-07
 2.28924e-07
 2.09553e-07
 1.92443e-07
 1.77270e-07
 1.63762e-07
 1.51693e-07
 1.40871e-07
 1.31137e-07
 1.04290e-06
 8.94171e-07
 7.69943e-07
 6.66700e-07
 5.80861e-07
 5.09245e-07
 4.49193e-07
 3.98543e-07
 3.55559e-07
 3.18854e-07
 2.87322e-07
 2.60073e-07
 2.36396e-07
 2.15712e-07
 1.97552e-07
 1.81533e-07
 1.67340e-07
 1.54712e-07
 1.43431e-07
 1.33317e-07
 1.21009e-06
 1.01175e-06
 8.53983e-07
 7.27779e-07
 6.25978e-07
 5.43085e-07
 4.74937e-07
 4.18385e-07
 3.71034e-07
 3.31056e-07
 2.97038e-07
 2.67881e-07
 2.42722e-07
 2.20877e-07
 2.01799e-07
 1.85047e-07
 1.70265e-07
 1.57160e-07
 1.45490e-07
 1.35056e-07
 1.38224e-06
 1.12703e-06
 9.33228e-07
 7.83578e-07
 6.66129e-07
 5.72539e-07
 4.96917e-07
 4.35038e-07
 3.83825e-07
 3.41001e-07
 3.04854e-07
 2.74084e-07
 2.47689e-07
 2.24885e-07
 2.05057e-07
 1.87713e-07
 1.72459e-07
 1.58975e-07
 1.46999e-07
 1.36316e-07
 1.54248e-06
 1.22909e-06
 1.00067e-06
 8.29574e-07
 6.98343e-07
 5.95620e-07
 5.13780e-07
 4.47569e-07
 3.93274e-07
 3.48217e-07
 3.10427e-07
 2.78431e-07
 2.51108e-07
 2.27595e-07
 2.07219e-07
 1.89448e-07
 1.73857e-07
 1.60107e-07
 1.47918e-07
 1.37065e-07
 1.66795e-06
 1.30499e-06
 1.04878e-06
 8.61217e-07
 7.19789e-07
 6.10513e-07
 5.24333e-07
 4.55171e-07
 3.98825e-07
 3.52316e-07
 3.13480e-07
 2.80720e-07
 2.52833e-07
 2.28898e-07
 2.08203e-07
 1.90189e-07
 1.74413e-07
 1.60519e-07
 1.48219e-07
 1.37279e-07
 1.73524e-06
 1.34279e-06
 1.07107e-06
 8.74805e-07
 7.28255e-07
 6.15850e-07
 5.27700e-07
 4.57269e-07
 4.00093e-07
 3.53032e-07
 3.13828e-07
 2.80821e-07
 2.52768e-07
 2.28723e-07
 2.07957e-07
 1.89898e-07
 1.74096e-07
 1.60189e-07
 1.47885e-07
 1.36947e-07
 1.72907e-06
 1.33532e-06
 1.06388e-06
 8.68349e-07
 7.22606e-07
 6.10953e-07
 5.23464e-07
 4.53602e-07
 3.96907e-07
 3.50254e-07
 3.11395e-07
 2.78682e-07
 2.50878e-07
 2.27047e-07
 2.06465e-07
 1.88565e-07
 1.72899e-07
 1.59111e-07
 1.46912e-07
 1.36065e-07
 1.64941e-06
 1.28286e-06
 1.02750e-06
 8.42091e-07
 7.03032e-07
 5.95972e-07
 5.11744e-07
 4.44259e-07
 3.89340e-07
 3.44039e-07
 3.06229e-07
 2.74340e-07
 2.47195e-07
 2.23896e-07
 2.03747e-07
 1.86205e-07
 1.70837e-07
 1.57299e-07
 1.45310e-07
 1.34643e-07
 1.51116e-06
 1.19294e-06
 9.66069e-07
 7.98445e-07
 6.71021e-07
 5.71863e-07
 4.93175e-07
 4.29679e-07
 3.77700e-07
 3.34610e-07
 2.98492e-07
 2.67919e-07
 2.41811e-07
 2.19340e-07
 1.99860e-07
 1.82863e-07
 1.67945e-07
 1.54779e-07
 1.43103e-07
 1.32699e-07
 1.33708e-06
 1.07755e-06
 8.86315e-07
 7.41412e-07
 6.29054e-07
 5.40225e-07
 4.68821e-07
 4.10590e-07
 3.62498e-07
 3.22333e-07
 2.88452e-07
 2.59617e-07
 2.34877e-07
 2.13495e-07
 1.94893e-07
 1.78610e-07
 1.64278e-07
 1.51598e-07
 1.40326e-07
 1.30262e-07
 1.14977e-06
 9.49550e-07
 7.95896e-07
 6.75713e-07
 5.80146e-07
 5.03042e-07
 4.40023e-07
 3.87920e-07
 3.44391e-07
 3.07681e-07
 2.76457e-07
 2.49693e-07
 2.26588e-07
 2.06511e-07
 1.88962e-07
 1.73536e-07
 1.59908e-07
 1.47811e-07
 1.37026e-07
 1.27371e-07
 9.66900e-07
 8.20084e-07
 7.01922e-07
 6.05982e-07
 5.27381e-07
 4.62407e-07
 4.08233e-07
 3.62694e-07
 3.24114e-07
 2.91192e-07
 2.62906e-07
 2.38447e-07
 2.17173e-07
 1.98564e-07
 1.82204e-07
 1.67749e-07
 1.54922e-07
 1.43489e-07
 1.33259e-07
 1.24071e-07
 7.99880e-07
 6.97281e-07
 6.10074e-07
 5.36179e-07
 4.73532e-07
 4.20285e-07
 3.74858e-07
 3.35932e-07
 3.02419e-07
 2.73424e-07
 2.48218e-07
 2.26199e-07
 2.06877e-07
 1.89846e-07
 1.74769e-07
 1.61369e-07
 1.49414e-07
 1.38707e-07
 1.29086e-07
 1.20412e-07
 6.54376e-07
 5.86099e-07
 5.24286e-07
 4.69299e-07
 4.20845e-07
 3.78350e-07
 3.41147e-07
 3.08573e-07
 2.80012e-07
 2.54916e-07
 2.32806e-07
 2.13269e-07
 1.95951e-07
 1.80552e-07
 1.66814e-07
 1.54520e-07
 1.43484e-07
 1.33548e-07
 1.24574e-07
 1.16449e-07
 5.31769e-07
 4.88806e-07
 4.46836e-07
 4.07328e-07
 3.70950e-07
 3.37902e-07
 3.08123e-07
 2.81414e-07
 2.57518e-07
 2.36156e-07
 2.17055e-07
 1.99959e-07
 1.84635e-07
 1.70875e-07
 1.58493e-07
 1.47327e-07
 1.37235e-07
 1.28093e-07
 1.19792e-07
 1.12238e-07
 4.30771e-07
 4.05726e-07
 3.78663e-07
 3.51359e-07
 3.24889e-07
 2.99856e-07
 2.76555e-07
 2.55092e-07
 2.35455e-07
 2.17563e-07
 2.01303e-07
 1.86544e-07
 1.73151e-07
 1.60994e-07
 1.49951e-07
 1.39909e-07
 1.30764e-07
 1.22424e-07
 1.14806e-07
 1.07836e-07
 3.48773e-07
 3.35985e-07
 3.19762e-07
 3.01785e-07
 2.83204e-07
 2.64774e-07
 2.46971e-07
 2.30073e-07
 2.14222e-07
 1.99477e-07
 1.85834e-07
 1.73258e-07
 1.61694e-07
 1.51073e-07
 1.41325e-07
 1.32378e-07
 1.24165e-07
 1.16620e-07
 1.09682e-07
 1.03297e-07
