scalar
part
         1
quad4
 5.85566e-07
 5.39337e-07
 4.93791e-07
 4.50560e-07
 4.10482e-07
 3.73882e-07
 3.40775e-07
 3.11003e-07
 2.84317e-07
 2.60435e-07
 2.39068e-07
 2.19942e-07
 2.02801e-07
 1.87415e-07
 1.73580e-07
 1.61114e-07
 1.49857e-07
 1.39671e-07
 1.30431e-07
 1.22033e-07
 6.92816e-07
 6.25939e-07
 5.63444e-07
 5.06566e-07
 4.55615e-07
 4.10392e-07
 3.70452e-07
 3.35255e-07
 3.04249e-07
 2.76911e-07
 2.52765e-07
 2.31393e-07
 2.12427e-07
 1.95550e-07
 1.80490e-07
 1.67012e-07
 1.54914e-07
 1.44026e-07
 1.34198e-07
 1.25304e-07
 8.19418e-07
 7.24518e-07
 6.40274e-07
 5.66693e-07
 5.02951e-07
 4.47920e-07
 4.00428e-07
 3.59382e-07
 3.23816e-07
 2.92896e-07
 2.65918e-07
 2.42289e-07
 2.21511e-07
 2.03170e-07
 1.86918e-07
 1.72465e-07
 1.59564e-07
 1.48010e-07
 1.37628e-07
 1.28269e-07
 9.65568e-07
 8.33832e-07
 7.22638e-07
 6.29341e-07
 5.51102e-07
 4.85322e-07
 4.29786e-07
 3.82658e-07
 3.42446e-07
 3.07943e-07
 2.78173e-07
 2.52348e-07
 2.29830e-07
 2.10097e-07
 1.92724e-07
 1.77360e-07
 1.63714e-07
 1.51548e-07
 1.40658e-07
 1.30877e-07
 1.12840e-06
 9.50450e-07
 8.07453e-07
 6.92007e-07
 5.98118e-07
 5.21112e-07
 4.57399e-07
 4.04229e-07
 3.59492e-07
 3.21555e-07
 2.89150e-07
 2.61280e-07
 2.37157e-07
 2.16154e-07
 1.97766e-07
 1.81585e-07
 1.67276e-07
 1.54567e-07
 1.43232e-07
 1.33081e-07
 1.30012e-06
 1.06802e-06
 8.89963e-07
 7.51244e-07
 6.41527e-07
 5.53512e-07
 4.81984e-07
 4.23163e-07
 3.74267e-07
 3.33225e-07
 2.98468e-07
 2.68793e-07
 2.43270e-07
 2.21169e-07
 2.01912e-07
 1.85035e-07
 1.70167e-07
 1.57003e-07
 1.45295e-07
 1.34839e-07
 1.46661e-06
 1.17703e-06
 9.63865e-07
 8.02860e-07
 6.78508e-07
 5.80597e-07
 5.02205e-07
 4.38514e-07
 3.86096e-07
 3.42461e-07
 3.05764e-07
 2.74619e-07
 2.47966e-07
 2.24988e-07
 2.05041e-07
 1.87618e-07
 1.72313e-07
 1.58797e-07
 1.46803e-07
 1.36113e-07
 1.60773e-06
 1.26561e-06
 1.02200e-06
 8.42400e-07
 7.06211e-07
 6.00496e-07
 5.16803e-07
 4.49420e-07
 3.94374e-07
 3.48832e-07
 3.10728e-07
 2.78528e-07
 2.51075e-07
 2.27481e-07
 2.07056e-07
 1.89259e-07
 1.73656e-07
 1.59903e-07
 1.47719e-07
 1.36874e-07
 1.70115e-06
 1.32184e-06
 1.05762e-06
 8.65881e-07
 7.22187e-07
 6.11649e-07
 5.24757e-07
 4.55195e-07
 3.98630e-07
 3.52008e-07
 3.13123e-07
 2.80350e-07
 2.52470e-07
 2.28556e-07
 2.07887e-07
 1.89902e-07
 1.74156e-07
 1.60290e-07
 1.48018e-07
 1.37103e-07
 1.72920e-06
 1.33690e-06
 1.06599e-06
 8.70604e-07
 7.24825e-07
 6.13059e-07
 5.25429e-07
 4.55419e-07
 3.98581e-07
 3.51794e-07
 3.12812e-07
 2.79987e-07
 2.52082e-07
 2.28160e-07
 2.07495e-07
 1.89521e-07
 1.73789e-07
 1.59940e-07
 1.47686e-07
 1.36789e-07
 1.68576e-06
 1.30790e-06
 1.04565e-06
 8.55772e-07
 7.13674e-07
 6.04463e-07
 5.18661e-07
 4.49994e-07
 3.94165e-07
 3.48152e-07
 3.09773e-07
 2.77424e-07
 2.49901e-07
 2.26289e-07
 2.05877e-07
 1.88113e-07
 1.72556e-07
 1.58854e-07
 1.46724e-07
 1.35934e-07
 1.57851e-06
 1.23876e-06
 9.98762e-07
 8.22674e-07
 6.89538e-07
 5.86381e-07
 5.04803e-07
 4.39163e-07
 3.85556e-07
 3.41207e-07
 3.04097e-07
 2.72731e-07
 2.45981e-07
 2.22983e-07
 2.03066e-07
 1.85703e-07
 1.70476e-07
 1.57048e-07
 1.45147e-07
 1.34548e-07
 1.42533e-06
 1.13882e-06
 9.30542e-07
 7.74385e-07
 6.54317e-07
 5.60034e-07
 4.84664e-07
 4.23479e-07
 3.73140e-07
 3.31236e-07
 2.95986e-07
 2.66057e-07
 2.40433e-07
 2.18327e-07
 1.99127e-07
 1.82345e-07
 1.67592e-07
 1.54555e-07
 1.42979e-07
 1.32653e-07
 1.24798e-06
 1.02001e-06
 8.47915e-07
 7.15108e-07
 6.10659e-07
 5.27146e-07
 4.59399e-07
 4.03735e-07
 3.57475e-07
 3.18638e-07
 2.85731e-07
 2.57619e-07
 2.33421e-07
 2.12448e-07
 1.94157e-07
 1.78112e-07
 1.63962e-07
 1.51423e-07
 1.40260e-07
 1.30280e-07
 1.06624e-06
 8.94073e-07
 7.58072e-07
 6.49387e-07
 5.61520e-07
 4.89692e-07
 4.30359e-07
 3.80874e-07
 3.39232e-07
 3.03900e-07
 2.73692e-07
 2.47684e-07
 2.25147e-07
 2.05499e-07
 1.88276e-07
 1.73099e-07
 1.59661e-07
 1.47710e-07
 1.37036e-07
 1.27467e-07
 8.94648e-07
 7.70543e-07
 6.67308e-07
 5.81434e-07
 5.09764e-07
 4.49649e-07
 3.98935e-07
 3.55891e-07
 3.19132e-07
 2.87552e-07
 2.60263e-07
 2.36552e-07
 2.15840e-07
 1.97658e-07
 1.81622e-07
 1.67414e-07
 1.54775e-07
 1.43486e-07
 1.33365e-07
 1.24260e-07
 7.41622e-07
 6.55911e-07
 5.80382e-07
 5.14680e-07
 4.57858e-07
 4.08804e-07
 3.66427e-07
 3.29741e-07
 2.97885e-07
 2.70128e-07
 2.45849e-07
 2.24532e-07
 2.05740e-07
 1.89112e-07
 1.74342e-07
 1.61176e-07
 1.49398e-07
 1.38827e-07
 1.29307e-07
 1.20709e-07
 6.10436e-07
 5.53704e-07
 5.00358e-07
 4.51586e-07
 4.07717e-07
 3.68621e-07
 3.33952e-07
 3.03277e-07
 2.76146e-07
 2.52131e-07
 2.30841e-07
 2.11928e-07
 1.95086e-07
 1.80049e-07
 1.66588e-07
 1.54505e-07
 1.43628e-07
 1.33811e-07
 1.24928e-07
 1.16868e-07
 5.00909e-07
 4.65133e-07
 4.28811e-07
 3.93677e-07
 3.60665e-07
 3.30199e-07
 3.02399e-07
 2.77208e-07
 2.54476e-07
 2.34008e-07
 2.15593e-07
 1.99024e-07
 1.84104e-07
 1.70653e-07
 1.58506e-07
 1.47519e-07
 1.37562e-07
 1.28520e-07
 1.20293e-07
 1.12791e-07
 4.10984e-07
 3.89870e-07
 3.66191e-07
 3.41691e-07
 3.17493e-07
 2.94275e-07
 2.72413e-07
 2.52082e-07
 2.33332e-07
 2.16134e-07
 2.00413e-07
 1.86071e-07
 1.73000e-07
 1.61090e-07
 1.50235e-07
 1.40334e-07
 1.31295e-07
 1.23031e-07
 1.15467e-07
 1.08533e-07
