scalar
part
         1
quad4
 5.71035e-07
 5.26257e-07
 4.81999e-07
 4.39920e-07
 4.00873e-07
 3.65198e-07
 3.32920e-07
 3.03889e-07
 2.77864e-07
 2.54572e-07
 2.33731e-07
 2.15073e-07
 1.98351e-07
 1.83339e-07
 1.69838e-07
 1.57672e-07
 1.46684e-07
 1.36739e-07
 1.27717e-07
 1.19516e-07
 6.77300e-07
 6.12042e-07
 5.50980e-07
 4.95380e-07
 4.45571e-07
 4.01366e-07
 3.62332e-07
 3.27939e-07
 2.97645e-07
 2.70937e-07
 2.47350e-07
 2.26473e-07
 2.07945e-07
 1.91457e-07
 1.76743e-07
 1.63573e-07
 1.51751e-07
 1.41109e-07
 1.31503e-07
 1.22808e-07
 8.02956e-07
 7.09816e-07
 6.27144e-07
 5.54972e-07
 4.92489e-07
 4.38575e-07
 3.92071e-07
 3.51894e-07
 3.17092e-07
 2.86843e-07
 2.60453e-07
 2.37341e-07
 2.17019e-07
 1.99080e-07
 1.83184e-07
 1.69046e-07
 1.56426e-07
 1.45122e-07
 1.34963e-07
 1.25804e-07
 9.48182e-07
 8.18315e-07
 7.08837e-07
 6.17095e-07
 5.40244e-07
 4.75691e-07
 4.21228e-07
 3.75036e-07
 3.35638e-07
 3.01843e-07
 2.72690e-07
 2.47403e-07
 2.25355e-07
 2.06035e-07
 1.89024e-07
 1.73979e-07
 1.60617e-07
 1.48702e-07
 1.38036e-07
 1.28455e-07
 1.11001e-06
 9.34049e-07
 7.92951e-07
 6.79242e-07
 5.86895e-07
 5.11235e-07
 4.48687e-07
 3.96521e-07
 3.52646e-07
 3.15452e-07
 2.83686e-07
 2.56370e-07
 2.32728e-07
 2.12144e-07
 1.94122e-07
 1.78262e-07
 1.64237e-07
 1.51779e-07
 1.40666e-07
 1.30714e-07
 1.28044e-06
 1.05057e-06
 8.74705e-07
 7.37969e-07
 6.29982e-07
 5.43450e-07
 4.73181e-07
 4.15427e-07
 3.67437e-07
 3.27166e-07
 2.93066e-07
 2.63956e-07
 2.38919e-07
 2.17239e-07
 1.98348e-07
 1.81791e-07
 1.67204e-07
 1.54288e-07
 1.42800e-07
 1.32538e-07
 1.44502e-06
 1.15828e-06
 9.47795e-07
 7.89110e-07
 6.66714e-07
 5.70431e-07
 4.93391e-07
 4.30825e-07
 3.79348e-07
 3.36502e-07
 3.00473e-07
 2.69895e-07
 2.43728e-07
 2.21168e-07
 2.01583e-07
 1.84475e-07
 1.69445e-07
 1.56171e-07
 1.44391e-07
 1.33889e-07
 1.58344e-06
 1.24536e-06
 1.00513e-06
 8.28278e-07
 6.94291e-07
 5.90345e-07
 5.08083e-07
 4.41868e-07
 3.87782e-07
 3.43036e-07
 3.05598e-07
 2.73961e-07
 2.46986e-07
 2.23801e-07
 2.03729e-07
 1.86237e-07
 1.70901e-07
 1.57382e-07
 1.45403e-07
 1.34740e-07
 1.67371e-06
 1.30015e-06
 1.04016e-06
 8.51605e-07
 7.10334e-07
 6.01675e-07
 5.16264e-07
 4.47886e-07
 3.92280e-07
 3.46444e-07
 3.08212e-07
 2.75985e-07
 2.48568e-07
 2.25047e-07
 2.04716e-07
 1.87024e-07
 1.71531e-07
 1.57888e-07
 1.45811e-07
 1.35069e-07
 1.69930e-06
 1.31438e-06
 1.04843e-06
 8.56538e-07
 7.13312e-07
 6.03466e-07
 5.17317e-07
 4.48470e-07
 3.92564e-07
 3.46535e-07
 3.08177e-07
 2.75871e-07
 2.48404e-07
 2.24853e-07
 2.04506e-07
 1.86806e-07
 1.71313e-07
 1.57673e-07
 1.45601e-07
 1.34867e-07
 1.65552e-06
 1.28578e-06
 1.02874e-06
 8.42408e-07
 7.02834e-07
 5.95484e-07
 5.11097e-07
 4.43530e-07
 3.88576e-07
 3.43268e-07
 3.05468e-07
 2.73600e-07
 2.46481e-07
 2.23211e-07
 2.03093e-07
 1.85581e-07
 1.70244e-07
 1.56734e-07
 1.44773e-07
 1.34132e-07
 1.55083e-06
 1.21859e-06
 9.83395e-07
 8.10559e-07
 6.79724e-07
 5.78255e-07
 4.97953e-07
 4.33304e-07
 3.80482e-07
 3.36766e-07
 3.00175e-07
 2.69239e-07
 2.42851e-07
 2.20160e-07
 2.00507e-07
 1.83372e-07
 1.68343e-07
 1.55088e-07
 1.43339e-07
 1.32876e-07
 1.40275e-06
 1.12198e-06
 9.17519e-07
 7.64010e-07
 6.45844e-07
 5.52970e-07
 4.78674e-07
 4.18328e-07
 3.68657e-07
 3.27294e-07
 2.92489e-07
 2.62932e-07
 2.37621e-07
 2.15782e-07
 1.96811e-07
 1.80228e-07
 1.65649e-07
 1.52765e-07
 1.41323e-07
 1.31117e-07
 1.23180e-06
 1.00733e-06
 8.37761e-07
 7.06811e-07
 6.03751e-07
 5.21298e-07
 4.54378e-07
 3.99370e-07
 3.53641e-07
 3.15239e-07
 2.82694e-07
 2.54886e-07
 2.30947e-07
 2.10196e-07
 1.92098e-07
 1.76220e-07
 1.62218e-07
 1.49809e-07
 1.38762e-07
 1.28886e-07
 1.05648e-06
 8.85717e-07
 7.50959e-07
 6.43309e-07
 5.56285e-07
 4.85140e-07
 4.26366e-07
 3.77341e-07
 3.36081e-07
 3.01070e-07
 2.71135e-07
 2.45360e-07
 2.23025e-07
 2.03552e-07
 1.86482e-07
 1.71441e-07
 1.58124e-07
 1.46280e-07
 1.35702e-07
 1.26219e-07
 8.90446e-07
 7.66156e-07
 6.63093e-07
 5.77523e-07
 5.06187e-07
 4.46396e-07
 3.95978e-07
 3.53198e-07
 3.16673e-07
 2.85300e-07
 2.58193e-07
 2.34644e-07
 2.14075e-07
 1.96021e-07
 1.80099e-07
 1.65994e-07
 1.53447e-07
 1.42242e-07
 1.32197e-07
 1.23161e-07
 7.41735e-07
 6.54831e-07
 5.78706e-07
 5.12736e-07
 4.55828e-07
 4.06783e-07
 3.64467e-07
 3.27865e-07
 2.96105e-07
 2.68445e-07
 2.44262e-07
 2.23036e-07
 2.04331e-07
 1.87784e-07
 1.73089e-07
 1.59993e-07
 1.48280e-07
 1.37769e-07
 1.28306e-07
 1.19759e-07
 6.13631e-07
 5.55180e-07
 5.00761e-07
 4.51327e-07
 4.07054e-07
 3.67718e-07
 3.32913e-07
 3.02168e-07
 2.75009e-07
 2.50993e-07
 2.29719e-07
 2.10833e-07
 1.94024e-07
 1.79023e-07
 1.65601e-07
 1.53556e-07
 1.42718e-07
 1.32938e-07
 1.24091e-07
 1.16066e-07
 5.06144e-07
 4.68458e-07
 4.30821e-07
 3.94786e-07
 3.61157e-07
 3.30269e-07
 3.02181e-07
 2.76795e-07
 2.53933e-07
 2.33379e-07
 2.14910e-07
 1.98309e-07
 1.83374e-07
 1.69918e-07
 1.57775e-07
 1.46798e-07
 1.36854e-07
 1.27828e-07
 1.19618e-07
 1.12135e-07
 4.17460e-07
 3.94453e-07
 3.69380e-07
 3.43862e-07
 3.18921e-07
 2.95161e-07
 2.72903e-07
 2.52283e-07
 2.33321e-07
 2.15968e-07
 2.00134e-07
 1.85710e-07
 1.72581e-07
 1.60631e-07
 1.49748e-07
 1.39830e-07
 1.30780e-07
 1.22513e-07
 1.14949e-07
 1.08019e-07
