scalar
part
         1
quad4
 6.58618e-07
 6.01923e-07
 5.47168e-07
 4.96000e-07
 4.49174e-07
 4.06885e-07
 3.69003e-07
 3.35229e-07
 3.05190e-07
 2.78492e-07
 2.54756e-07
 2.33629e-07
 2.14793e-07
 1.97966e-07
 1.82899e-07
 1.69377e-07
 1.57211e-07
 1.46239e-07
 1.36318e-07
 1.27326e-07
 7.74219e-07
 6.94079e-07
 6.20338e-07
 5.54088e-07
 4.95403e-07
 4.43828e-07
 3.98679e-07
 3.59205e-07
 3.24677e-07
 2.94428e-07
 2.67866e-07
 2.44478e-07
 2.23822e-07
 2.05521e-07
 1.89255e-07
 1.74750e-07
 1.61775e-07
 1.50132e-07
 1.39654e-07
 1.30195e-07
 9.09415e-07
 7.97824e-07
 7.00021e-07
 6.15557e-07
 5.43123e-07
 4.81152e-07
 4.28104e-07
 3.82591e-07
 3.43411e-07
 3.09552e-07
 2.80166e-07
 2.54552e-07
 2.32127e-07
 2.12411e-07
 1.95004e-07
 1.79574e-07
 1.65844e-07
 1.53581e-07
 1.42590e-07
 1.32706e-07
 1.06358e-06
 9.11181e-07
 7.84000e-07
 6.78391e-07
 5.90656e-07
 5.17514e-07
 4.56228e-07
 4.04573e-07
 3.60764e-07
 3.23379e-07
 2.91280e-07
 2.63557e-07
 2.39478e-07
 2.18454e-07
 2.00004e-07
 1.83736e-07
 1.69327e-07
 1.56511e-07
 1.45066e-07
 1.34809e-07
 1.23238e-06
 1.02962e-06
 8.68435e-07
 7.39592e-07
 6.35737e-07
 5.51231e-07
 4.81804e-07
 4.24226e-07
 3.76046e-07
 3.35391e-07
 3.00815e-07
 2.71194e-07
 2.45647e-07
 2.23473e-07
 2.04116e-07
 1.87126e-07
 1.72138e-07
 1.58854e-07
 1.47029e-07
 1.36460e-07
 1.40567e-06
 1.14530e-06
 9.47687e-07
 7.95200e-07
 6.75604e-07
 5.80367e-07
 5.03463e-07
 4.40573e-07
 3.88551e-07
 3.45073e-07
 3.08391e-07
 2.77180e-07
 2.50417e-07
 2.27304e-07
 2.07214e-07
 1.89647e-07
 1.74201e-07
 1.60550e-07
 1.48430e-07
 1.37621e-07
 1.56617e-06
 1.24705e-06
 1.01461e-06
 8.40607e-07
 7.07240e-07
 6.02911e-07
 5.19841e-07
 4.52671e-07
 3.97617e-07
 3.51951e-07
 3.13666e-07
 2.81263e-07
 2.53603e-07
 2.29807e-07
 2.09192e-07
 1.91217e-07
 1.75451e-07
 1.61550e-07
 1.49230e-07
 1.38262e-07
 1.69054e-06
 1.32170e-06
 1.06153e-06
 8.71204e-07
 7.27784e-07
 6.17036e-07
 5.29740e-07
 4.59715e-07
 4.02691e-07
 3.55640e-07
 3.16365e-07
 2.83245e-07
 2.55059e-07
 2.30874e-07
 2.09968e-07
 1.91775e-07
 1.75844e-07
 1.61817e-07
 1.49401e-07
 1.38360e-07
 1.75491e-06
 1.35713e-06
 1.08192e-06
 8.83275e-07
 7.35031e-07
 6.21382e-07
 5.32295e-07
 4.61141e-07
 4.03396e-07
 3.55882e-07
 3.16310e-07
 2.83000e-07
 2.54696e-07
 2.30441e-07
 2.09496e-07
 1.91285e-07
 1.75352e-07
 1.61331e-07
 1.48928e-07
 1.37903e-07
 1.74390e-06
 1.34619e-06
 1.07218e-06
 8.74889e-07
 7.27890e-07
 6.15309e-07
 5.27117e-07
 4.56707e-07
 3.99579e-07
 3.52577e-07
 3.13434e-07
 2.80485e-07
 2.52484e-07
 2.28486e-07
 2.07762e-07
 1.89740e-07
 1.73969e-07
 1.60089e-07
 1.47808e-07
 1.36891e-07
 1.65796e-06
 1.28948e-06
 1.03279e-06
 8.46414e-07
 7.06637e-07
 5.99025e-07
 5.14365e-07
 4.46534e-07
 3.91333e-07
 3.45800e-07
 3.07797e-07
 2.75745e-07
 2.48461e-07
 2.25043e-07
 2.04791e-07
 1.87159e-07
 1.71713e-07
 1.58105e-07
 1.46055e-07
 1.35333e-07
 1.51304e-06
 1.19508e-06
 9.68190e-07
 8.00450e-07
 6.72875e-07
 5.73562e-07
 4.94725e-07
 4.31094e-07
 3.78992e-07
 3.35792e-07
 2.99575e-07
 2.68915e-07
 2.42729e-07
 2.20187e-07
 2.00645e-07
 1.83591e-07
 1.68622e-07
 1.55411e-07
 1.43693e-07
 1.33252e-07
 1.33303e-06
 1.07554e-06
 8.85444e-07
 7.41189e-07
 6.29207e-07
 5.40597e-07
 4.69317e-07
 4.11154e-07
 3.63093e-07
 3.22937e-07
 2.89052e-07
 2.60203e-07
 2.35445e-07
 2.14042e-07
 1.95417e-07
 1.79111e-07
 1.64756e-07
 1.52054e-07
 1.40761e-07
 1.30677e-07
 1.14123e-06
 9.44175e-07
 7.92466e-07
 6.73518e-07
 5.78756e-07
 5.02186e-07
 4.39531e-07
 3.87676e-07
 3.44318e-07
 3.07728e-07
 2.76587e-07
 2.49880e-07
 2.26814e-07
 2.06763e-07
 1.89229e-07
 1.73813e-07
 1.60189e-07
 1.48093e-07
 1.37306e-07
 1.27648e-07
 9.55483e-07
 8.12280e-07
 6.96503e-07
 6.02172e-07
 5.24676e-07
 4.60477e-07
 4.06855e-07
 3.61714e-07
 3.23425e-07
 2.90718e-07
 2.62593e-07
 2.38255e-07
 2.17071e-07
 1.98532e-07
 1.82223e-07
 1.67809e-07
 1.55011e-07
 1.43601e-07
 1.33388e-07
 1.24212e-07
 7.86963e-07
 6.87951e-07
 6.03260e-07
 5.31148e-07
 4.69780e-07
 4.17464e-07
 3.72723e-07
 3.34308e-07
 3.01180e-07
 2.72479e-07
 2.47498e-07
 2.25655e-07
 2.06469e-07
 1.89545e-07
 1.74554e-07
 1.61221e-07
 1.49319e-07
 1.38656e-07
 1.29069e-07
 1.20422e-07
 6.40978e-07
 5.75987e-07
 5.16607e-07
 4.63423e-07
 4.16314e-07
 3.74831e-07
 3.38395e-07
 3.06408e-07
 2.78300e-07
 2.53557e-07
 2.31724e-07
 2.12406e-07
 1.95263e-07
 1.80004e-07
 1.66380e-07
 1.54177e-07
 1.43216e-07
 1.33340e-07
 1.24417e-07
 1.16333e-07
 5.18559e-07
 4.78465e-07
 4.38722e-07
 4.00935e-07
 3.65887e-07
 3.33869e-07
 3.04892e-07
 2.78813e-07
 2.55413e-07
 2.34445e-07
 2.15658e-07
 1.98816e-07
 1.83697e-07
 1.70103e-07
 1.57857e-07
 1.46804e-07
 1.36805e-07
 1.27740e-07
 1.19503e-07
 1.12003e-07
 4.18142e-07
 3.95531e-07
 3.70438e-07
 3.44713e-07
 3.19503e-07
 2.95474e-07
 2.72975e-07
 2.52155e-07
 2.33035e-07
 2.15561e-07
 1.99641e-07
 1.85158e-07
 1.71993e-07
 1.60023e-07
 1.49136e-07
 1.39223e-07
 1.30186e-07
 1.21937e-07
 1.14395e-07
 1.07490e-07
 3.36928e-07
 3.26170e-07
 3.11652e-07
 2.95086e-07
 2.77664e-07
 2.60184e-07
 2.43157e-07
 2.26893e-07
 2.11562e-07
 1.97244e-07
 1.83953e-07
 1.71670e-07
 1.60347e-07
 1.49929e-07
 1.40350e-07
 1.31547e-07
 1.23454e-07
 1.16010e-07
 1.09160e-07
 1.02848e-07
