scalar
part
         1
quad4
 3.93304e-07
 3.74783e-07
 3.53366e-07
 3.30802e-07
 3.08242e-07
 2.86400e-07
 2.65689e-07
 2.46322e-07
 2.28377e-07
 2.11854e-07
 1.96700e-07
 1.82836e-07
 1.70170e-07
 1.58604e-07
 1.48043e-07
 1.38393e-07
 1.29570e-07
 1.21494e-07
 1.14092e-07
 1.07299e-07
 4.81322e-07
 4.48798e-07
 4.15213e-07
 3.82348e-07
 3.51199e-07
 3.22259e-07
 2.95707e-07
 2.71540e-07
 2.49649e-07
 2.29875e-07
 2.12036e-07
 1.95947e-07
 1.81428e-07
 1.68315e-07
 1.56455e-07
 1.45712e-07
 1.35963e-07
 1.27099e-07
 1.19026e-07
 1.11658e-07
 5.88926e-07
 5.36243e-07
 4.86164e-07
 4.40003e-07
 3.98212e-07
 3.60772e-07
 3.27426e-07
 2.97813e-07
 2.71540e-07
 2.48223e-07
 2.27503e-07
 2.09060e-07
 1.92608e-07
 1.77896e-07
 1.64708e-07
 1.52855e-07
 1.42174e-07
 1.32525e-07
 1.23784e-07
 1.15848e-07
 7.18373e-07
 6.37615e-07
 5.65900e-07
 5.03125e-07
 4.48556e-07
 4.01246e-07
 3.60229e-07
 3.24613e-07
 2.93606e-07
 2.66529e-07
 2.42800e-07
 2.21929e-07
 2.03505e-07
 1.87180e-07
 1.72664e-07
 1.59710e-07
 1.48111e-07
 1.37691e-07
 1.28302e-07
 1.19815e-07
 8.70190e-07
 7.51961e-07
 6.53020e-07
 5.70303e-07
 5.00978e-07
 4.42626e-07
 3.93255e-07
 3.51246e-07
 3.15295e-07
 2.84352e-07
 2.57572e-07
 2.34270e-07
 2.13892e-07
 1.95984e-07
 1.80173e-07
 1.66155e-07
 1.53673e-07
 1.42518e-07
 1.32510e-07
 1.23502e-07
 1.04164e-06
 8.76084e-07
 7.44654e-07
 6.39186e-07
 5.53625e-07
 4.83482e-07
 4.25405e-07
 3.76868e-07
 3.35955e-07
 3.01189e-07
 2.71429e-07
 2.45779e-07
 2.23529e-07
 2.04116e-07
 1.87085e-07
 1.72068e-07
 1.58763e-07
 1.46924e-07
 1.36345e-07
 1.26856e-07
 1.22498e-06
 1.00386e-06
 8.36227e-07
 7.06431e-07
 6.04071e-07
 5.22045e-07
 4.55381e-07
 4.00522e-07
 3.54871e-07
 3.16503e-07
 2.83962e-07
 2.56139e-07
 2.32172e-07
 2.11386e-07
 1.93248e-07
 1.77329e-07
 1.63284e-07
 1.50832e-07
 1.39742e-07
 1.29824e-07
 1.40639e-06
 1.12601e-06
 9.21542e-07
 7.67854e-07
 6.49449e-07
 5.56322e-07
 4.81778e-07
 4.21197e-07
 3.71311e-07
 3.29750e-07
 2.94766e-07
 2.65045e-07
 2.39586e-07
 2.17613e-07
 1.98520e-07
 1.81826e-07
 1.67146e-07
 1.54169e-07
 1.42644e-07
 1.32360e-07
 1.56634e-06
 1.23084e-06
 9.93350e-07
 8.18840e-07
 6.86741e-07
 5.84289e-07
 5.03206e-07
 4.37923e-07
 3.84579e-07
 3.40427e-07
 3.03468e-07
 2.72218e-07
 2.45559e-07
 2.22634e-07
 2.02775e-07
 1.85460e-07
 1.70271e-07
 1.56875e-07
 1.44999e-07
 1.34423e-07
 1.68256e-06
 1.30598e-06
 1.04446e-06
 8.55010e-07
 7.13180e-07
 6.04141e-07
 5.18453e-07
 4.49863e-07
 3.94088e-07
 3.48112e-07
 3.09759e-07
 2.77429e-07
 2.49920e-07
 2.26316e-07
 2.05911e-07
 1.88151e-07
 1.72597e-07
 1.58898e-07
 1.46769e-07
 1.35979e-07
 1.73569e-06
 1.34135e-06
 1.06921e-06
 8.73020e-07
 7.26697e-07
 6.14546e-07
 5.26636e-07
 4.56415e-07
 3.99415e-07
 3.52502e-07
 3.13420e-07
 2.80514e-07
 2.52543e-07
 2.28566e-07
 2.07856e-07
 1.89843e-07
 1.74078e-07
 1.60201e-07
 1.47922e-07
 1.37005e-07
 1.71622e-06
 1.33210e-06
 1.06493e-06
 8.71288e-07
 7.26308e-07
 6.14869e-07
 5.27326e-07
 4.57281e-07
 4.00350e-07
 3.53445e-07
 3.14338e-07
 2.81388e-07
 2.53366e-07
 2.29334e-07
 2.08569e-07
 1.90503e-07
 1.74689e-07
 1.60766e-07
 1.48444e-07
 1.37487e-07
 1.62897e-06
 1.28039e-06
 1.03267e-06
 8.50360e-07
 7.12306e-07
 6.05268e-07
 5.20612e-07
 4.52511e-07
 3.96920e-07
 3.50955e-07
 3.12518e-07
 2.80053e-07
 2.52386e-07
 2.28617e-07
 2.08048e-07
 1.90129e-07
 1.74426e-07
 1.60588e-07
 1.48330e-07
 1.37423e-07
 1.49125e-06
 1.19474e-06
 9.76957e-07
 8.12781e-07
 6.86194e-07
 5.86667e-07
 5.07079e-07
 4.42487e-07
 3.89378e-07
 3.45203e-07
 3.08080e-07
 2.76593e-07
 2.49664e-07
 2.26458e-07
 2.06324e-07
 1.88745e-07
 1.73308e-07
 1.59681e-07
 1.47592e-07
 1.36820e-07
 1.32582e-06
 1.08717e-06
 9.04507e-07
 7.62492e-07
 6.50376e-07
 5.60584e-07
 4.87717e-07
 4.27869e-07
 3.78177e-07
 3.36507e-07
 3.01249e-07
 2.71170e-07
 2.45318e-07
 2.22947e-07
 2.03464e-07
 1.86400e-07
 1.71373e-07
 1.58074e-07
 1.46252e-07
 1.35696e-07
 1.15354e-06
 9.69867e-07
 8.22617e-07
 7.03996e-07
 6.07715e-07
 5.28888e-07
 4.63772e-07
 4.09510e-07
 3.63910e-07
 3.25286e-07
 2.92327e-07
 2.64007e-07
 2.39514e-07
 2.18205e-07
 1.99562e-07
 1.83166e-07
 1.68676e-07
 1.55812e-07
 1.44344e-07
 1.34079e-07
 9.89215e-07
 8.52710e-07
 7.37785e-07
 6.41584e-07
 5.61080e-07
 4.93528e-07
 4.36593e-07
 3.88355e-07
 3.47252e-07
 3.12030e-07
 2.81674e-07
 2.55368e-07
 2.32451e-07
 2.12386e-07
 1.94734e-07
 1.79134e-07
 1.65288e-07
 1.52950e-07
 1.41913e-07
 1.32004e-07
 8.41141e-07
 7.42376e-07
 6.54966e-07
 5.78821e-07
 5.13014e-07
 4.56319e-07
 4.07484e-07
 3.65350e-07
 3.28896e-07
 2.97249e-07
 2.69671e-07
 2.45543e-07
 2.24349e-07
 2.05659e-07
 1.89112e-07
 1.74407e-07
 1.61291e-07
 1.49552e-07
 1.39011e-07
 1.29514e-07
 7.12500e-07
 6.42538e-07
 5.77410e-07
 5.18324e-07
 4.65537e-07
 4.18795e-07
 3.77600e-07
 3.41366e-07
 3.09499e-07
 2.81445e-07
 2.56702e-07
 2.34827e-07
 2.15438e-07
 1.98202e-07
 1.82836e-07
 1.69096e-07
 1.56774e-07
 1.45691e-07
 1.35695e-07
 1.26654e-07
 6.03274e-07
 5.54598e-07
 5.06889e-07
 4.61785e-07
 4.20104e-07
 3.82144e-07
 3.47890e-07
 3.17150e-07
 2.89648e-07
 2.65076e-07
 2.43126e-07
 2.23504e-07
 2.05941e-07
 1.90194e-07
 1.76049e-07
 1.63316e-07
 1.51828e-07
 1.41440e-07
 1.32026e-07
 1.23475e-07
