scalar
part
         1
quad4
 6.13878e-07
 5.62598e-07
 5.12728e-07
 4.65875e-07
 4.22806e-07
 3.83762e-07
 3.48670e-07
 3.17290e-07
 2.89305e-07
 2.64373e-07
 2.42158e-07
 2.22344e-07
 2.04646e-07
 1.88809e-07
 1.74606e-07
 1.61841e-07
 1.50340e-07
 1.39955e-07
 1.30554e-07
 1.22024e-07
 7.23212e-07
 6.50140e-07
 5.82545e-07
 5.21549e-07
 4.67313e-07
 4.19487e-07
 3.77493e-07
 3.40677e-07
 3.08394e-07
 2.80048e-07
 2.55106e-07
 2.33103e-07
 2.13636e-07
 1.96362e-07
 1.80985e-07
 1.67254e-07
 1.54957e-07
 1.43909e-07
 1.33955e-07
 1.24961e-07
 8.51427e-07
 7.49017e-07
 6.58874e-07
 5.80731e-07
 5.13491e-07
 4.55786e-07
 4.06251e-07
 3.63644e-07
 3.26881e-07
 2.95043e-07
 2.67358e-07
 2.43183e-07
 2.21985e-07
 2.03319e-07
 1.86817e-07
 1.72170e-07
 1.59122e-07
 1.47456e-07
 1.36989e-07
 1.27567e-07
 9.98140e-07
 8.57523e-07
 7.39737e-07
 6.41595e-07
 5.59803e-07
 4.91420e-07
 4.33969e-07
 3.85430e-07
 3.44175e-07
 3.08898e-07
 2.78554e-07
 2.52304e-07
 2.29471e-07
 2.09507e-07
 1.91964e-07
 1.76478e-07
 1.62748e-07
 1.50524e-07
 1.39597e-07
 1.29796e-07
 1.15955e-06
 9.71584e-07
 8.21639e-07
 7.01383e-07
 6.04153e-07
 5.24819e-07
 4.59475e-07
 4.05161e-07
 3.59619e-07
 3.21118e-07
 2.88319e-07
 2.60178e-07
 2.35873e-07
 2.14752e-07
 1.96292e-07
 1.80072e-07
 1.65750e-07
 1.53045e-07
 1.41726e-07
 1.31601e-07
 1.32651e-06
 1.08405e-06
 8.99386e-07
 7.56420e-07
 6.43956e-07
 5.54158e-07
 4.81472e-07
 4.21904e-07
 3.72537e-07
 3.31206e-07
 2.96283e-07
 2.66528e-07
 2.40981e-07
 2.18893e-07
 1.99675e-07
 1.82854e-07
 1.68051e-07
 1.54960e-07
 1.43327e-07
 1.32946e-07
 1.48320e-06
 1.18462e-06
 9.66326e-07
 8.02381e-07
 6.76356e-07
 5.77519e-07
 4.98647e-07
 4.34746e-07
 3.82282e-07
 3.38697e-07
 3.02108e-07
 2.71103e-07
 2.44606e-07
 2.21790e-07
 2.02005e-07
 1.84741e-07
 1.69587e-07
 1.56216e-07
 1.44359e-07
 1.33797e-07
 1.60806e-06
 1.26097e-06
 1.01522e-06
 8.34866e-07
 6.98595e-07
 5.93123e-07
 5.09823e-07
 4.42890e-07
 3.88303e-07
 3.43203e-07
 3.05515e-07
 2.73701e-07
 2.46602e-07
 2.23330e-07
 2.03199e-07
 1.85668e-07
 1.70309e-07
 1.56776e-07
 1.44793e-07
 1.34131e-07
 1.67869e-06
 1.30156e-06
 1.03974e-06
 8.50224e-07
 7.08474e-07
 5.99599e-07
 5.14117e-07
 4.45751e-07
 3.90204e-07
 3.44452e-07
 3.06314e-07
 2.74186e-07
 2.46867e-07
 2.23442e-07
 2.03202e-07
 1.85596e-07
 1.70184e-07
 1.56617e-07
 1.44610e-07
 1.33934e-07
 1.67988e-06
 1.29910e-06
 1.03610e-06
 8.46372e-07
 7.04788e-07
 5.96217e-07
 5.11075e-07
 4.43040e-07
 3.87797e-07
 3.42315e-07
 3.04416e-07
 2.72498e-07
 2.45361e-07
 2.22095e-07
 2.01994e-07
 1.84509e-07
 1.69204e-07
 1.55729e-07
 1.43805e-07
 1.33202e-07
 1.61034e-06
 1.25320e-06
 1.00422e-06
 8.23323e-07
 6.87584e-07
 5.83035e-07
 5.00751e-07
 4.34804e-07
 3.81120e-07
 3.36828e-07
 2.99852e-07
 2.68660e-07
 2.42104e-07
 2.19306e-07
 1.99589e-07
 1.82419e-07
 1.67377e-07
 1.54123e-07
 1.42386e-07
 1.31941e-07
 1.48297e-06
 1.17040e-06
 9.47678e-07
 7.83178e-07
 6.58157e-07
 5.60885e-07
 4.83702e-07
 4.21425e-07
 3.70446e-07
 3.28186e-07
 2.92765e-07
 2.62782e-07
 2.37178e-07
 2.15140e-07
 1.96036e-07
 1.79367e-07
 1.64736e-07
 1.51824e-07
 1.40372e-07
 1.30168e-07
 1.31872e-06
 1.06173e-06
 8.72685e-07
 7.29618e-07
 6.18793e-07
 5.31241e-07
 4.60906e-07
 4.03574e-07
 3.56243e-07
 3.16726e-07
 2.83401e-07
 2.55045e-07
 2.30720e-07
 2.09701e-07
 1.91417e-07
 1.75415e-07
 1.61331e-07
 1.48871e-07
 1.37797e-07
 1.27910e-07
 1.13924e-06
 9.39446e-07
 7.86501e-07
 6.67117e-07
 5.72340e-07
 4.95974e-07
 4.33627e-07
 3.82125e-07
 3.39129e-07
 3.02892e-07
 2.72087e-07
 2.45693e-07
 2.22916e-07
 2.03131e-07
 1.85842e-07
 1.70649e-07
 1.57230e-07
 1.45320e-07
 1.34705e-07
 1.25203e-07
 9.62075e-07
 8.14465e-07
 6.96042e-07
 6.00152e-07
 5.21768e-07
 4.57095e-07
 4.03257e-07
 3.58058e-07
 3.19808e-07
 2.87198e-07
 2.59202e-07
 2.35011e-07
 2.13981e-07
 1.95597e-07
 1.79440e-07
 1.65172e-07
 1.52514e-07
 1.41236e-07
 1.31147e-07
 1.22088e-07
 7.98954e-07
 6.94980e-07
 6.06958e-07
 5.32627e-07
 4.69794e-07
 4.16519e-07
 3.71161e-07
 3.32360e-07
 2.99004e-07
 2.70181e-07
 2.45150e-07
 2.23306e-07
 2.04152e-07
 1.87281e-07
 1.72356e-07
 1.59097e-07
 1.47274e-07
 1.36690e-07
 1.27183e-07
 1.18615e-07
 6.55991e-07
 5.86144e-07
 5.23251e-07
 4.67552e-07
 4.18652e-07
 3.75899e-07
 3.38567e-07
 3.05951e-07
 2.77407e-07
 2.52365e-07
 2.30334e-07
 2.10889e-07
 1.93671e-07
 1.78374e-07
 1.64739e-07
 1.52545e-07
 1.41606e-07
 1.31762e-07
 1.22878e-07
 1.14836e-07
 5.34967e-07
 4.90448e-07
 4.47315e-07
 4.06964e-07
 3.69992e-07
 3.36538e-07
 3.06492e-07
 2.79619e-07
 2.55632e-07
 2.34231e-07
 2.15127e-07
 1.98055e-07
 1.82771e-07
 1.69062e-07
 1.56739e-07
 1.45636e-07
 1.35609e-07
 1.26532e-07
 1.18296e-07
 1.10804e-07
 4.34902e-07
 4.08413e-07
 3.80209e-07
 3.52025e-07
 3.24893e-07
 2.99369e-07
 2.75714e-07
 2.54002e-07
 2.34194e-07
 2.16192e-07
 1.99865e-07
 1.85072e-07
 1.71670e-07
 1.59522e-07
 1.48500e-07
 1.38488e-07
 1.29379e-07
 1.21079e-07
 1.13503e-07
 1.06576e-07
 3.53405e-07
 3.39323e-07
 3.22034e-07
 3.03198e-07
 2.83938e-07
 2.64981e-07
 2.46775e-07
 2.29572e-07
 2.13497e-07
 1.98587e-07
 1.84829e-07
 1.72176e-07
 1.60562e-07
 1.49913e-07
 1.40154e-07
 1.31209e-07
 1.23006e-07
 1.15478e-07
 1.08563e-07
 1.02204e-07
