scalar
part
         1
quad4
 5.59130e-07
 5.14662e-07
 4.70895e-07
 4.29402e-07
 3.90982e-07
 3.55939e-07
 3.24276e-07
 2.95830e-07
 2.70355e-07
 2.47575e-07
 2.27208e-07
 2.08988e-07
 1.92667e-07
 1.78024e-07
 1.64863e-07
 1.53007e-07
 1.42305e-07
 1.32622e-07
 1.23842e-07
 1.15863e-07
 6.61271e-07
 5.96976e-07
 5.36972e-07
 4.82438e-07
 4.33653e-07
 3.90407e-07
 3.52256e-07
 3.18670e-07
 2.89109e-07
 2.63063e-07
 2.40075e-07
 2.19738e-07
 2.01698e-07
 1.85653e-07
 1.71339e-07
 1.58532e-07
 1.47041e-07
 1.36700e-07
 1.27368e-07
 1.18924e-07
 7.81606e-07
 6.90449e-07
 6.09659e-07
 5.39207e-07
 4.78267e-07
 4.25723e-07
 3.80429e-07
 3.41321e-07
 3.07460e-07
 2.78044e-07
 2.52392e-07
 2.29934e-07
 2.10195e-07
 1.92776e-07
 1.77346e-07
 1.63626e-07
 1.51382e-07
 1.40418e-07
 1.30568e-07
 1.21689e-07
 9.20091e-07
 7.93728e-07
 6.87277e-07
 5.98117e-07
 5.23460e-07
 4.60775e-07
 4.07906e-07
 3.63082e-07
 3.24862e-07
 2.92087e-07
 2.63821e-07
 2.39311e-07
 2.17945e-07
 1.99227e-07
 1.82750e-07
 1.68180e-07
 1.55243e-07
 1.43708e-07
 1.33384e-07
 1.24112e-07
 1.07362e-06
 9.03312e-07
 7.66752e-07
 6.56704e-07
 5.67336e-07
 4.94124e-07
 4.33606e-07
 3.83138e-07
 3.40698e-07
 3.04724e-07
 2.74006e-07
 2.47593e-07
 2.24736e-07
 2.04838e-07
 1.87419e-07
 1.72091e-07
 1.58538e-07
 1.46500e-07
 1.35764e-07
 1.26149e-07
 1.23424e-06
 1.01287e-06
 8.43424e-07
 7.11630e-07
 6.07519e-07
 5.24077e-07
 4.56310e-07
 4.00607e-07
 3.54320e-07
 3.15477e-07
 2.82586e-07
 2.54508e-07
 2.30359e-07
 2.09449e-07
 1.91228e-07
 1.75260e-07
 1.61191e-07
 1.48735e-07
 1.37656e-07
 1.27760e-07
 1.38789e-06
 1.11312e-06
 9.11216e-07
 7.58891e-07
 6.41332e-07
 5.48815e-07
 4.74762e-07
 4.14605e-07
 3.65099e-07
 3.23887e-07
 2.89226e-07
 2.59806e-07
 2.34627e-07
 2.12916e-07
 1.94068e-07
 1.77602e-07
 1.63135e-07
 1.50359e-07
 1.39019e-07
 1.28910e-07
 1.51509e-06
 1.19274e-06
 9.63368e-07
 7.94316e-07
 6.66125e-07
 5.66606e-07
 4.87801e-07
 4.24337e-07
 3.72477e-07
 3.29558e-07
 2.93638e-07
 2.63276e-07
 2.37382e-07
 2.15122e-07
 1.95847e-07
 1.79047e-07
 1.64317e-07
 1.51329e-07
 1.39820e-07
 1.29574e-07
 1.59503e-06
 1.24076e-06
 9.93734e-07
 8.14291e-07
 6.79683e-07
 5.76043e-07
 4.94507e-07
 4.29185e-07
 3.76032e-07
 3.32196e-07
 2.95614e-07
 2.64766e-07
 2.38513e-07
 2.15984e-07
 1.96505e-07
 1.79549e-07
 1.64698e-07
 1.51617e-07
 1.40036e-07
 1.29733e-07
 1.61251e-06
 1.24964e-06
 9.98271e-07
 8.16517e-07
 6.80633e-07
 5.76276e-07
 4.94337e-07
 4.28792e-07
 3.75523e-07
 3.31633e-07
 2.95035e-07
 2.64194e-07
 2.37960e-07
 2.15456e-07
 1.96007e-07
 1.79081e-07
 1.64261e-07
 1.51209e-07
 1.39656e-07
 1.29380e-07
 1.56401e-06
 1.21770e-06
 9.76125e-07
 8.00533e-07
 6.68720e-07
 5.67160e-07
 4.87205e-07
 4.23108e-07
 3.70920e-07
 3.27852e-07
 2.91892e-07
 2.61554e-07
 2.35720e-07
 2.13540e-07
 1.94354e-07
 1.77647e-07
 1.63007e-07
 1.50108e-07
 1.38683e-07
 1.28515e-07
 1.45859e-06
 1.14953e-06
 9.29811e-07
 7.67810e-07
 6.44848e-07
 5.49275e-07
 4.73500e-07
 4.12399e-07
 3.62410e-07
 3.20991e-07
 2.86287e-07
 2.56921e-07
 2.31851e-07
 2.10278e-07
 1.91582e-07
 1.75272e-07
 1.60958e-07
 1.48329e-07
 1.37129e-07
 1.27151e-07
 1.31362e-06
 1.05426e-06
 8.64462e-07
 7.21391e-07
 6.10903e-07
 5.23833e-07
 4.54024e-07
 3.97215e-07
 3.50379e-07
 3.11322e-07
 2.78417e-07
 2.50443e-07
 2.26464e-07
 2.05757e-07
 1.87755e-07
 1.72008e-07
 1.58155e-07
 1.45906e-07
 1.35022e-07
 1.25309e-07
 1.14876e-06
 9.42925e-07
 7.86557e-07
 6.65242e-07
 5.69401e-07
 4.92482e-07
 4.29887e-07
 3.78318e-07
 3.35364e-07
 2.99232e-07
 2.68567e-07
 2.42330e-07
 2.19717e-07
 2.00097e-07
 1.82968e-07
 1.67929e-07
 1.54656e-07
 1.42885e-07
 1.32399e-07
 1.23019e-07
 9.81341e-07
 8.26006e-07
 7.02630e-07
 6.03544e-07
 5.23087e-07
 4.57067e-07
 4.02357e-07
 3.56599e-07
 3.18001e-07
 2.85184e-07
 2.57076e-07
 2.32838e-07
 2.11805e-07
 1.93446e-07
 1.77335e-07
 1.63124e-07
 1.50531e-07
 1.39322e-07
 1.29305e-07
 1.20317e-07
 8.23888e-07
 7.11894e-07
 6.18306e-07
 5.40109e-07
 4.74579e-07
 4.19413e-07
 3.72725e-07
 3.32985e-07
 2.98966e-07
 2.69676e-07
 2.44318e-07
 2.22248e-07
 2.02942e-07
 1.85972e-07
 1.70987e-07
 1.57698e-07
 1.45863e-07
 1.35285e-07
 1.25794e-07
 1.17249e-07
 6.83615e-07
 6.06241e-07
 5.37791e-07
 4.78008e-07
 4.26108e-07
 3.81147e-07
 3.42185e-07
 3.08360e-07
 2.78917e-07
 2.53205e-07
 2.30672e-07
 2.10853e-07
 1.93356e-07
 1.77852e-07
 1.64064e-07
 1.51760e-07
 1.40742e-07
 1.30844e-07
 1.21924e-07
 1.13861e-07
 5.63304e-07
 5.12103e-07
 4.63777e-07
 4.19430e-07
 3.79396e-07
 3.43599e-07
 3.11758e-07
 2.83507e-07
 2.58459e-07
 2.36238e-07
 2.16501e-07
 1.98936e-07
 1.83269e-07
 1.69263e-07
 1.56708e-07
 1.45425e-07
 1.35259e-07
 1.26075e-07
 1.17756e-07
 1.10203e-07
 4.62735e-07
 4.30502e-07
 3.97636e-07
 3.65721e-07
 3.35623e-07
 3.07755e-07
 2.82248e-07
 2.59072e-07
 2.38107e-07
 2.19187e-07
 2.02132e-07
 1.86759e-07
 1.72893e-07
 1.60375e-07
 1.49056e-07
 1.38805e-07
 1.29505e-07
 1.21052e-07
 1.13354e-07
 1.06329e-07
 3.80042e-07
 3.61110e-07
 3.39740e-07
 3.17523e-07
 2.95491e-07
 2.74277e-07
 2.54240e-07
 2.35555e-07
 2.18279e-07
 2.02397e-07
 1.87850e-07
 1.74555e-07
 1.62419e-07
 1.51344e-07
 1.41237e-07
 1.32006e-07
 1.23570e-07
 1.15850e-07
 1.08777e-07
 1.02288e-07
