scalar
part
         1
quad4
 6.11111e-07
 5.60172e-07
 5.10606e-07
 4.64020e-07
 4.21184e-07
 3.82340e-07
 3.47421e-07
 3.16190e-07
 2.88333e-07
 2.63511e-07
 2.41390e-07
 2.21658e-07
 2.04031e-07
 1.88255e-07
 1.74106e-07
 1.61388e-07
 1.49929e-07
 1.39580e-07
 1.30211e-07
 1.21709e-07
 7.20138e-07
 6.47491e-07
 5.80265e-07
 5.19585e-07
 4.65616e-07
 4.18017e-07
 3.76214e-07
 3.39560e-07
 3.07414e-07
 2.79184e-07
 2.54341e-07
 2.32423e-07
 2.13029e-07
 1.95817e-07
 1.80494e-07
 1.66811e-07
 1.54555e-07
 1.43543e-07
 1.33621e-07
 1.24656e-07
 8.48027e-07
 7.46145e-07
 6.56446e-07
 5.78671e-07
 5.11736e-07
 4.54282e-07
 4.04956e-07
 3.62522e-07
 3.25904e-07
 2.94187e-07
 2.66604e-07
 2.42515e-07
 2.21390e-07
 2.02788e-07
 1.86340e-07
 1.71741e-07
 1.58733e-07
 1.47102e-07
 1.36667e-07
 1.27273e-07
 9.94413e-07
 8.54445e-07
 7.37185e-07
 6.39465e-07
 5.58013e-07
 4.89904e-07
 4.32676e-07
 3.84319e-07
 3.43213e-07
 3.08060e-07
 2.77819e-07
 2.51656e-07
 2.28896e-07
 2.08994e-07
 1.91506e-07
 1.76066e-07
 1.62375e-07
 1.50185e-07
 1.39290e-07
 1.29514e-07
 1.15552e-06
 9.68341e-07
 8.19005e-07
 6.99221e-07
 6.02362e-07
 5.23318e-07
 4.58207e-07
 4.04079e-07
 3.58688e-07
 3.20311e-07
 2.87614e-07
 2.59558e-07
 2.35325e-07
 2.14264e-07
 1.95856e-07
 1.79680e-07
 1.65396e-07
 1.52725e-07
 1.41435e-07
 1.31335e-07
 1.32225e-06
 1.08072e-06
 8.96735e-07
 7.54280e-07
 6.42205e-07
 5.52706e-07
 4.80254e-07
 4.20871e-07
 3.71652e-07
 3.30442e-07
 2.95618e-07
 2.65944e-07
 2.40465e-07
 2.18436e-07
 1.99266e-07
 1.82487e-07
 1.67720e-07
 1.54660e-07
 1.43054e-07
 1.32697e-07
 1.47886e-06
 1.18131e-06
 9.63748e-07
 8.00330e-07
 6.74696e-07
 5.76154e-07
 4.97508e-07
 4.33785e-07
 3.81461e-07
 3.37990e-07
 3.01493e-07
 2.70564e-07
 2.44131e-07
 2.21368e-07
 2.01628e-07
 1.84402e-07
 1.69282e-07
 1.55939e-07
 1.44107e-07
 1.33567e-07
 1.60387e-06
 1.25785e-06
 1.01283e-06
 8.32985e-07
 6.97082e-07
 5.91885e-07
 5.08794e-07
 4.42022e-07
 3.87563e-07
 3.42566e-07
 3.04961e-07
 2.73215e-07
 2.46172e-07
 2.22949e-07
 2.02858e-07
 1.85361e-07
 1.70031e-07
 1.56524e-07
 1.44563e-07
 1.33921e-07
 1.67496e-06
 1.29882e-06
 1.03766e-06
 8.48594e-07
 7.07166e-07
 5.98527e-07
 5.13225e-07
 4.44998e-07
 3.89561e-07
 3.43895e-07
 3.05829e-07
 2.73760e-07
 2.46489e-07
 2.23105e-07
 2.02900e-07
 1.85323e-07
 1.69937e-07
 1.56392e-07
 1.44405e-07
 1.33746e-07
 1.67693e-06
 1.29694e-06
 1.03445e-06
 8.45068e-07
 7.03734e-07
 5.95347e-07
 5.10345e-07
 4.42419e-07
 3.87262e-07
 3.41850e-07
 3.04008e-07
 2.72136e-07
 2.45039e-07
 2.21806e-07
 2.01734e-07
 1.84273e-07
 1.68989e-07
 1.55533e-07
 1.43625e-07
 1.33036e-07
 1.60845e-06
 1.25176e-06
 1.00308e-06
 8.22399e-07
 6.86818e-07
 5.82389e-07
 5.00200e-07
 4.34327e-07
 3.80704e-07
 3.36461e-07
 2.99526e-07
 2.68368e-07
 2.41841e-07
 2.19069e-07
 1.99373e-07
 1.82222e-07
 1.67196e-07
 1.53957e-07
 1.42232e-07
 1.31799e-07
 1.48224e-06
 1.16974e-06
 9.47089e-07
 7.82657e-07
 6.57696e-07
 5.60476e-07
 4.83337e-07
 4.21098e-07
 3.70152e-07
 3.27921e-07
 2.92524e-07
 2.62562e-07
 2.36977e-07
 2.14955e-07
 1.95866e-07
 1.79209e-07
 1.64590e-07
 1.51689e-07
 1.40246e-07
 1.30051e-07
 1.31905e-06
 1.06180e-06
 8.72625e-07
 7.29491e-07
 6.18632e-07
 5.31066e-07
 4.60727e-07
 4.03397e-07
 3.56072e-07
 3.16562e-07
 2.83245e-07
 2.54897e-07
 2.30581e-07
 2.09570e-07
 1.91293e-07
 1.75298e-07
 1.61220e-07
 1.48767e-07
 1.37699e-07
 1.27817e-07
 1.14039e-06
 9.40131e-07
 7.86903e-07
 6.67344e-07
 5.72456e-07
 4.96018e-07
 4.33625e-07
 3.82092e-07
 3.39077e-07
 3.02828e-07
 2.72015e-07
 2.45616e-07
 2.22837e-07
 2.03052e-07
 1.85764e-07
 1.70572e-07
 1.57154e-07
 1.45247e-07
 1.34634e-07
 1.25134e-07
 9.63786e-07
 8.15607e-07
 6.96812e-07
 6.00675e-07
 5.22123e-07
 4.57334e-07
 4.03415e-07
 3.58158e-07
 3.19867e-07
 2.87227e-07
 2.59209e-07
 2.35002e-07
 2.13961e-07
 1.95569e-07
 1.79406e-07
 1.65134e-07
 1.52473e-07
 1.41193e-07
 1.31103e-07
 1.22044e-07
 8.00981e-07
 6.96423e-07
 6.07995e-07
 5.33380e-07
 4.70343e-07
 4.16922e-07
 3.71457e-07
 3.32578e-07
 2.99162e-07
 2.70295e-07
 2.45231e-07
 2.23361e-07
 2.04188e-07
 1.87301e-07
 1.72364e-07
 1.59097e-07
 1.47266e-07
 1.36677e-07
 1.27166e-07
 1.18594e-07
 6.58152e-07
 5.87758e-07
 5.24464e-07
 4.68468e-07
 4.19350e-07
 3.76433e-07
 3.38978e-07
 3.06268e-07
 2.77652e-07
 2.52555e-07
 2.30480e-07
 2.11002e-07
 1.93757e-07
 1.78439e-07
 1.64787e-07
 1.52579e-07
 1.41630e-07
 1.31777e-07
 1.22885e-07
 1.14838e-07
 5.37137e-07
 4.92132e-07
 4.48626e-07
 4.07988e-07
 3.70795e-07
 3.37171e-07
 3.06994e-07
 2.80019e-07
 2.55951e-07
 2.34486e-07
 2.15332e-07
 1.98219e-07
 1.82903e-07
 1.69168e-07
 1.56823e-07
 1.45703e-07
 1.35662e-07
 1.26573e-07
 1.18327e-07
 1.10828e-07
 4.37004e-07
 4.10099e-07
 3.81559e-07
 3.53109e-07
 3.25764e-07
 3.00073e-07
 2.76285e-07
 2.54465e-07
 2.34572e-07
 2.16502e-07
 2.00120e-07
 1.85282e-07
 1.71843e-07
 1.59664e-07
 1.48618e-07
 1.38584e-07
 1.29458e-07
 1.21144e-07
 1.13556e-07
 1.06620e-07
 3.55396e-07
 3.40963e-07
 3.23382e-07
 3.04304e-07
 2.84847e-07
 2.65730e-07
 2.47393e-07
 2.30084e-07
 2.13922e-07
 1.98941e-07
 1.85125e-07
 1.72423e-07
 1.60769e-07
 1.50088e-07
 1.40301e-07
 1.31333e-07
 1.23111e-07
 1.15566e-07
 1.08637e-07
 1.02266e-07
