scalar
part
         1
quad4
 5.48857e-07
 5.07576e-07
 4.66416e-07
 4.26997e-07
 3.90190e-07
 3.56375e-07
 3.25629e-07
 2.97854e-07
 2.72859e-07
 2.50411e-07
 2.30262e-07
 2.12173e-07
 1.95920e-07
 1.81296e-07
 1.68118e-07
 1.56220e-07
 1.45457e-07
 1.35700e-07
 1.26837e-07
 1.18769e-07
 6.51861e-07
 5.91246e-07
 5.34111e-07
 4.81748e-07
 4.34563e-07
 3.92467e-07
 3.55121e-07
 3.22079e-07
 2.92867e-07
 2.67027e-07
 2.44139e-07
 2.23827e-07
 2.05759e-07
 1.89646e-07
 1.75239e-07
 1.62322e-07
 1.50710e-07
 1.40242e-07
 1.30780e-07
 1.22207e-07
 7.74017e-07
 6.86995e-07
 6.09228e-07
 5.40912e-07
 4.81432e-07
 4.29849e-07
 3.85153e-07
 3.46385e-07
 3.12683e-07
 2.83300e-07
 2.57595e-07
 2.35027e-07
 2.15140e-07
 1.97551e-07
 1.81939e-07
 1.68030e-07
 1.55598e-07
 1.44448e-07
 1.34417e-07
 1.25364e-07
 9.15851e-07
 7.93885e-07
 6.90367e-07
 6.03076e-07
 5.29542e-07
 4.67468e-07
 4.14869e-07
 3.70088e-07
 3.31766e-07
 2.98799e-07
 2.70287e-07
 2.45502e-07
 2.23848e-07
 2.04839e-07
 1.88077e-07
 1.73232e-07
 1.60030e-07
 1.48245e-07
 1.37685e-07
 1.28190e-07
 1.07510e-06
 9.08953e-07
 7.74777e-07
 6.65957e-07
 5.77090e-07
 5.03932e-07
 4.43202e-07
 3.92372e-07
 3.49492e-07
 3.13044e-07
 2.81846e-07
 2.54963e-07
 2.31656e-07
 2.11332e-07
 1.93514e-07
 1.77814e-07
 1.63916e-07
 1.51558e-07
 1.40525e-07
 1.30637e-07
 1.24495e-06
 1.02649e-06
 8.58098e-07
 7.26348e-07
 6.21744e-07
 5.37547e-07
 4.68917e-07
 4.12331e-07
 3.65187e-07
 3.25533e-07
 2.91890e-07
 2.63122e-07
 2.38342e-07
 2.16857e-07
 1.98114e-07
 1.81671e-07
 1.67170e-07
 1.54321e-07
 1.42884e-07
 1.32661e-07
 1.41262e-06
 1.13771e-06
 9.34428e-07
 7.80268e-07
 6.60791e-07
 5.66438e-07
 4.90700e-07
 4.29029e-07
 3.78176e-07
 3.35771e-07
 3.00055e-07
 2.69702e-07
 2.43698e-07
 2.21254e-07
 2.01753e-07
 1.84705e-07
 1.69717e-07
 1.56472e-07
 1.44711e-07
 1.34221e-07
 1.55944e-06
 1.23143e-06
 9.96885e-07
 8.23372e-07
 6.91416e-07
 5.88737e-07
 5.07282e-07
 4.41586e-07
 3.87838e-07
 3.43311e-07
 3.06014e-07
 2.74464e-07
 2.47542e-07
 2.24386e-07
 2.04326e-07
 1.86834e-07
 1.71492e-07
 1.57961e-07
 1.45967e-07
 1.35287e-07
 1.66401e-06
 1.29596e-06
 1.03874e-06
 8.51621e-07
 7.11098e-07
 6.02820e-07
 5.17586e-07
 4.49272e-07
 3.93666e-07
 3.47795e-07
 3.09509e-07
 2.77219e-07
 2.49736e-07
 2.26148e-07
 2.05753e-07
 1.87999e-07
 1.72448e-07
 1.58751e-07
 1.46623e-07
 1.35835e-07
 1.70816e-06
 1.32196e-06
 1.05489e-06
 8.62041e-07
 7.18035e-07
 6.07551e-07
 5.20875e-07
 4.51594e-07
 3.95325e-07
 3.48990e-07
 3.10373e-07
 2.77847e-07
 2.50190e-07
 2.26475e-07
 2.05985e-07
 1.88160e-07
 1.72557e-07
 1.58819e-07
 1.46661e-07
 1.35850e-07
 1.68337e-06
 1.30525e-06
 1.04307e-06
 8.53367e-07
 7.11477e-07
 6.02471e-07
 5.16859e-07
 4.48363e-07
 3.92687e-07
 3.46808e-07
 3.08548e-07
 2.76304e-07
 2.48874e-07
 2.25344e-07
 2.05006e-07
 1.87307e-07
 1.71808e-07
 1.58159e-07
 1.46077e-07
 1.35329e-07
 1.59384e-06
 1.24799e-06
 1.00451e-06
 8.26325e-07
 6.91881e-07
 5.87877e-07
 5.05738e-07
 4.39720e-07
 3.85853e-07
 3.41323e-07
 3.04087e-07
 2.72633e-07
 2.45821e-07
 2.22781e-07
 2.02835e-07
 1.85454e-07
 1.70215e-07
 1.56781e-07
 1.44877e-07
 1.34279e-07
 1.45456e-06
 1.15796e-06
 9.43532e-07
 7.83466e-07
 6.60817e-07
 5.64777e-07
 4.88179e-07
 4.26116e-07
 3.75138e-07
 3.32759e-07
 2.97154e-07
 2.66954e-07
 2.41121e-07
 2.18853e-07
 1.99526e-07
 1.82643e-07
 1.67811e-07
 1.54711e-07
 1.43083e-07
 1.32717e-07
 1.28604e-06
 1.04625e-06
 8.66518e-07
 7.28623e-07
 6.20687e-07
 5.34724e-07
 4.65217e-07
 4.08262e-07
 3.61039e-07
 3.21472e-07
 2.88006e-07
 2.59457e-07
 2.34916e-07
 2.13671e-07
 1.95161e-07
 1.78939e-07
 1.64646e-07
 1.51989e-07
 1.40729e-07
 1.30668e-07
 1.10849e-06
 9.24555e-07
 7.80490e-07
 6.66180e-07
 5.74314e-07
 4.99589e-07
 4.38123e-07
 3.87039e-07
 3.44181e-07
 3.07912e-07
 2.76974e-07
 2.50390e-07
 2.27393e-07
 2.07375e-07
 1.89851e-07
 1.74429e-07
 1.60789e-07
 1.48669e-07
 1.37856e-07
 1.28169e-07
 9.37626e-07
 8.02862e-07
 6.91895e-07
 6.00374e-07
 5.24538e-07
 4.61313e-07
 4.08249e-07
 3.63407e-07
 3.25255e-07
 2.92585e-07
 2.64434e-07
 2.40033e-07
 2.18766e-07
 2.00132e-07
 1.83725e-07
 1.69212e-07
 1.56318e-07
 1.44816e-07
 1.34517e-07
 1.25260e-07
 7.83142e-07
 6.88309e-07
 6.05804e-07
 5.34780e-07
 4.73887e-07
 4.21701e-07
 3.76897e-07
 3.38313e-07
 3.04961e-07
 2.76012e-07
 2.50779e-07
 2.28688e-07
 2.09266e-07
 1.92121e-07
 1.76923e-07
 1.63401e-07
 1.51324e-07
 1.40501e-07
 1.30769e-07
 1.21990e-07
 6.49321e-07
 5.85042e-07
 5.25643e-07
 4.72063e-07
 4.24387e-07
 3.82276e-07
 3.45211e-07
 3.12622e-07
 2.83953e-07
 2.58696e-07
 2.36395e-07
 2.16653e-07
 1.99128e-07
 1.83525e-07
 1.69592e-07
 1.57112e-07
 1.45901e-07
 1.35801e-07
 1.26675e-07
 1.18408e-07
 5.36658e-07
 4.94754e-07
 4.53309e-07
 4.13954e-07
 3.77491e-07
 3.44214e-07
 3.14126e-07
 2.87069e-07
 2.62811e-07
 2.41089e-07
 2.21639e-07
 2.04212e-07
 1.88577e-07
 1.74527e-07
 1.61876e-07
 1.50463e-07
 1.40143e-07
 1.30792e-07
 1.22299e-07
 1.14569e-07
 4.43505e-07
 4.17461e-07
 3.89509e-07
 3.61372e-07
 3.34113e-07
 3.08336e-07
 2.84342e-07
 2.62238e-07
 2.42012e-07
 2.23581e-07
 2.06828e-07
 1.91621e-07
 1.77821e-07
 1.65294e-07
 1.53915e-07
 1.43567e-07
 1.34144e-07
 1.25552e-07
 1.17704e-07
 1.10524e-07
