scalar
part
         1
quad4
 6.30875e-07
 5.77742e-07
 5.26154e-07
 4.77753e-07
 4.33319e-07
 3.93082e-07
 3.56954e-07
 3.24678e-07
 2.95917e-07
 2.70313e-07
 2.47513e-07
 2.27191e-07
 2.09048e-07
 1.92821e-07
 1.78275e-07
 1.65207e-07
 1.53438e-07
 1.42813e-07
 1.33198e-07
 1.24477e-07
 7.43453e-07
 6.67764e-07
 5.97857e-07
 5.34863e-07
 4.78921e-07
 4.29648e-07
 3.86427e-07
 3.48571e-07
 3.15404e-07
 2.86303e-07
 2.60713e-07
 2.38152e-07
 2.18203e-07
 2.00508e-07
 1.84764e-07
 1.70711e-07
 1.58129e-07
 1.46830e-07
 1.36652e-07
 1.27458e-07
 8.75498e-07
 7.69436e-07
 6.76227e-07
 5.95543e-07
 5.26207e-07
 4.66775e-07
 4.15812e-07
 3.72016e-07
 3.34260e-07
 3.01585e-07
 2.73191e-07
 2.48412e-07
 2.26695e-07
 2.07581e-07
 1.90690e-07
 1.75704e-07
 1.62358e-07
 1.50429e-07
 1.39729e-07
 1.30101e-07
 1.02659e-06
 8.80972e-07
 7.59202e-07
 6.57897e-07
 5.73587e-07
 5.03184e-07
 4.44100e-07
 3.94229e-07
 3.51876e-07
 3.15687e-07
 2.84578e-07
 2.57682e-07
 2.34299e-07
 2.13862e-07
 1.95913e-07
 1.80073e-07
 1.66033e-07
 1.53537e-07
 1.42371e-07
 1.32357e-07
 1.19275e-06
 9.98123e-07
 8.43151e-07
 7.19069e-07
 6.18893e-07
 5.37256e-07
 4.70089e-07
 4.14311e-07
 3.67580e-07
 3.28102e-07
 2.94492e-07
 2.65670e-07
 2.40789e-07
 2.19176e-07
 2.00294e-07
 1.83709e-07
 1.69069e-07
 1.56086e-07
 1.44522e-07
 1.34180e-07
 1.36442e-06
 1.11345e-06
 9.22685e-07
 7.75259e-07
 6.59458e-07
 5.67112e-07
 4.92444e-07
 4.31308e-07
 3.80680e-07
 3.38322e-07
 3.02553e-07
 2.72091e-07
 2.45950e-07
 2.23358e-07
 2.03708e-07
 1.86514e-07
 1.71388e-07
 1.58013e-07
 1.46132e-07
 1.35532e-07
 1.52509e-06
 1.21623e-06
 9.90921e-07
 8.22004e-07
 6.92348e-07
 5.90787e-07
 5.09824e-07
 4.44285e-07
 3.90515e-07
 3.45874e-07
 3.08418e-07
 2.76693e-07
 2.49593e-07
 2.26265e-07
 2.06044e-07
 1.88403e-07
 1.72924e-07
 1.59268e-07
 1.47162e-07
 1.36379e-07
 1.65233e-06
 1.29375e-06
 1.04040e-06
 8.54791e-07
 7.14740e-07
 6.06465e-07
 5.21030e-07
 4.52434e-07
 3.96528e-07
 3.50364e-07
 3.11806e-07
 2.79271e-07
 2.51567e-07
 2.27785e-07
 2.07218e-07
 1.89312e-07
 1.73627e-07
 1.59812e-07
 1.47580e-07
 1.36699e-07
 1.72302e-06
 1.33413e-06
 1.06466e-06
 8.69904e-07
 7.24406e-07
 6.12758e-07
 5.25170e-07
 4.55166e-07
 3.98320e-07
 3.51519e-07
 3.12524e-07
 2.79687e-07
 2.51773e-07
 2.27845e-07
 2.07176e-07
 1.89200e-07
 1.73468e-07
 1.59621e-07
 1.47369e-07
 1.36477e-07
 1.72178e-06
 1.33008e-06
 1.05993e-06
 8.65278e-07
 7.20152e-07
 6.08949e-07
 5.21798e-07
 4.52195e-07
 3.95705e-07
 3.49215e-07
 3.10489e-07
 2.77883e-07
 2.50171e-07
 2.26416e-07
 2.05897e-07
 1.88052e-07
 1.72435e-07
 1.58688e-07
 1.46524e-07
 1.35709e-07
 1.64793e-06
 1.28151e-06
 1.02629e-06
 8.41015e-07
 7.02080e-07
 5.95127e-07
 5.10991e-07
 4.43586e-07
 3.88734e-07
 3.43493e-07
 3.05733e-07
 2.73889e-07
 2.46783e-07
 2.23518e-07
 2.03399e-07
 1.85883e-07
 1.70540e-07
 1.57023e-07
 1.45053e-07
 1.34403e-07
 1.51536e-06
 1.19542e-06
 9.67568e-07
 7.99359e-07
 6.71570e-07
 5.72179e-07
 4.93338e-07
 4.29741e-07
 3.77694e-07
 3.34559e-07
 2.98410e-07
 2.67817e-07
 2.41696e-07
 2.19217e-07
 1.99733e-07
 1.82734e-07
 1.67816e-07
 1.54652e-07
 1.42977e-07
 1.32576e-07
 1.34591e-06
 1.08332e-06
 8.90232e-07
 7.44142e-07
 6.30999e-07
 5.41635e-07
 4.69857e-07
 4.11358e-07
 3.63072e-07
 3.22762e-07
 2.88774e-07
 2.59857e-07
 2.35054e-07
 2.13623e-07
 1.94983e-07
 1.78671e-07
 1.64315e-07
 1.51617e-07
 1.40331e-07
 1.30255e-07
 1.16172e-06
 9.57794e-07
 8.01744e-07
 6.79964e-07
 5.83300e-07
 5.05423e-07
 4.41849e-07
 3.89337e-07
 3.45503e-07
 3.08562e-07
 2.77161e-07
 2.50258e-07
 2.27044e-07
 2.06881e-07
 1.89262e-07
 1.73781e-07
 1.60108e-07
 1.47974e-07
 1.37158e-07
 1.27478e-07
 9.80522e-07
 8.29905e-07
 7.09145e-07
 6.11395e-07
 5.31506e-07
 4.65599e-07
 4.10737e-07
 3.64681e-07
 3.25708e-07
 2.92483e-07
 2.63960e-07
 2.39314e-07
 2.17891e-07
 1.99162e-07
 1.82704e-07
 1.68170e-07
 1.55277e-07
 1.43789e-07
 1.33514e-07
 1.24288e-07
 8.14027e-07
 7.07897e-07
 6.18141e-07
 5.42391e-07
 4.78377e-07
 4.24111e-07
 3.77914e-07
 3.38398e-07
 3.04427e-07
 2.75075e-07
 2.49584e-07
 2.27339e-07
 2.07834e-07
 1.90654e-07
 1.75455e-07
 1.61954e-07
 1.49915e-07
 1.39138e-07
 1.29458e-07
 1.20734e-07
 6.68280e-07
 5.96911e-07
 5.32752e-07
 4.75984e-07
 4.26173e-07
 3.82636e-07
 3.44626e-07
 3.11421e-07
 2.82362e-07
 2.56871e-07
 2.34443e-07
 2.14649e-07
 1.97121e-07
 1.81549e-07
 1.67669e-07
 1.55256e-07
 1.44121e-07
 1.34100e-07
 1.25056e-07
 1.16870e-07
 5.44977e-07
 4.99404e-07
 4.55362e-07
 4.14220e-07
 3.76554e-07
 3.42488e-07
 3.11902e-07
 2.84550e-07
 2.60138e-07
 2.38358e-07
 2.18918e-07
 2.01543e-07
 1.85990e-07
 1.72039e-07
 1.59498e-07
 1.48199e-07
 1.37995e-07
 1.28757e-07
 1.20375e-07
 1.12751e-07
 4.43058e-07
 4.15858e-07
 3.87013e-07
 3.58253e-07
 3.30599e-07
 3.04606e-07
 2.80526e-07
 2.58429e-07
 2.38274e-07
 2.19958e-07
 2.03347e-07
 1.88297e-07
 1.74662e-07
 1.62303e-07
 1.51089e-07
 1.40902e-07
 1.31635e-07
 1.23190e-07
 1.15482e-07
 1.08434e-07
 3.60060e-07
 3.45512e-07
 3.27783e-07
 3.08535e-07
 2.88891e-07
 2.69578e-07
 2.51042e-07
 2.33535e-07
 2.17179e-07
 2.02012e-07
 1.88017e-07
 1.75146e-07
 1.63333e-07
 1.52502e-07
 1.42575e-07
 1.33477e-07
 1.25133e-07
 1.17476e-07
 1.10441e-07
 1.03972e-07
