scalar
part
         1
quad4
 3.37642e-07
 3.26739e-07
 3.12100e-07
 2.95437e-07
 2.77936e-07
 2.60393e-07
 2.43316e-07
 2.27012e-07
 2.11651e-07
 1.97307e-07
 1.83997e-07
 1.71698e-07
 1.60363e-07
 1.49934e-07
 1.40348e-07
 1.31538e-07
 1.23441e-07
 1.15994e-07
 1.09140e-07
 1.02826e-07
 4.18868e-07
 3.96088e-07
 3.70860e-07
 3.45030e-07
 3.19738e-07
 2.95646e-07
 2.73099e-07
 2.52241e-07
 2.33091e-07
 2.15596e-07
 1.99658e-07
 1.85162e-07
 1.71986e-07
 1.60009e-07
 1.49116e-07
 1.39199e-07
 1.30159e-07
 1.21907e-07
 1.14364e-07
 1.07457e-07
 5.19269e-07
 4.78982e-07
 4.39094e-07
 4.01198e-07
 3.66068e-07
 3.33990e-07
 3.04968e-07
 2.78856e-07
 2.55431e-07
 2.34445e-07
 2.15645e-07
 1.98792e-07
 1.83666e-07
 1.70067e-07
 1.57818e-07
 1.46762e-07
 1.36762e-07
 1.27696e-07
 1.19459e-07
 1.11959e-07
 6.41626e-07
 5.76426e-07
 5.16896e-07
 4.63606e-07
 4.16423e-07
 3.74886e-07
 3.38413e-07
 3.06399e-07
 2.78273e-07
 2.53517e-07
 2.31676e-07
 2.12352e-07
 1.95206e-07
 1.79945e-07
 1.66319e-07
 1.54117e-07
 1.43156e-07
 1.33282e-07
 1.24360e-07
 1.16277e-07
 7.87479e-07
 6.88256e-07
 6.03425e-07
 5.31221e-07
 4.69793e-07
 4.17437e-07
 3.72670e-07
 3.34239e-07
 3.01101e-07
 2.72395e-07
 2.47411e-07
 2.25568e-07
 2.06383e-07
 1.89460e-07
 1.74471e-07
 1.61141e-07
 1.49242e-07
 1.38581e-07
 1.28997e-07
 1.20353e-07
 9.55766e-07
 8.12381e-07
 6.96496e-07
 6.02101e-07
 5.24569e-07
 4.60351e-07
 4.06720e-07
 3.61576e-07
 3.23288e-07
 2.90585e-07
 2.62464e-07
 2.38131e-07
 2.16954e-07
 1.98420e-07
 1.82117e-07
 1.67708e-07
 1.54916e-07
 1.43511e-07
 1.33302e-07
 1.24131e-07
 1.14115e-06
 9.43988e-07
 7.92232e-07
 6.73268e-07
 5.78507e-07
 5.01946e-07
 4.39303e-07
 3.87462e-07
 3.44118e-07
 3.07542e-07
 2.76414e-07
 2.49719e-07
 2.26664e-07
 2.06623e-07
 1.89099e-07
 1.73691e-07
 1.60076e-07
 1.47987e-07
 1.37206e-07
 1.27554e-07
 1.33245e-06
 1.07499e-06
 8.84936e-07
 7.40731e-07
 6.28798e-07
 5.40231e-07
 4.68989e-07
 4.10859e-07
 3.62827e-07
 3.22696e-07
 2.88833e-07
 2.60003e-07
 2.35262e-07
 2.13874e-07
 1.95262e-07
 1.78968e-07
 1.64624e-07
 1.51931e-07
 1.40646e-07
 1.30570e-07
 1.51182e-06
 1.19409e-06
 9.67373e-07
 7.99767e-07
 6.72296e-07
 5.73065e-07
 4.94294e-07
 4.30717e-07
 3.78659e-07
 3.35496e-07
 2.99311e-07
 2.68676e-07
 2.42513e-07
 2.19991e-07
 2.00466e-07
 1.83428e-07
 1.68472e-07
 1.55272e-07
 1.43564e-07
 1.33132e-07
 1.65605e-06
 1.28804e-06
 1.03166e-06
 8.45505e-07
 7.05889e-07
 5.98399e-07
 5.13832e-07
 4.46076e-07
 3.90935e-07
 3.45451e-07
 3.07487e-07
 2.75469e-07
 2.48214e-07
 2.24820e-07
 2.04589e-07
 1.86975e-07
 1.71544e-07
 1.57950e-07
 1.45913e-07
 1.35201e-07
 1.74138e-06
 1.34434e-06
 1.07077e-06
 8.73773e-07
 7.26987e-07
 6.14563e-07
 5.26491e-07
 4.56174e-07
 3.99120e-07
 3.52177e-07
 3.13083e-07
 2.80173e-07
 2.52207e-07
 2.28238e-07
 2.07537e-07
 1.89536e-07
 1.73783e-07
 1.59919e-07
 1.47653e-07
 1.36747e-07
 1.75196e-06
 1.35497e-06
 1.08028e-06
 8.81990e-07
 7.33998e-07
 6.20534e-07
 5.31586e-07
 4.60542e-07
 4.02882e-07
 3.55436e-07
 3.15920e-07
 2.82657e-07
 2.54391e-07
 2.30168e-07
 2.09251e-07
 1.91063e-07
 1.75150e-07
 1.61147e-07
 1.48759e-07
 1.37748e-07
 1.68740e-06
 1.31937e-06
 1.05975e-06
 8.69799e-07
 7.26653e-07
 6.16107e-07
 5.28966e-07
 4.59061e-07
 4.02131e-07
 3.55155e-07
 3.15942e-07
 2.82873e-07
 2.54730e-07
 2.30580e-07
 2.09704e-07
 1.91536e-07
 1.75628e-07
 1.61620e-07
 1.49221e-07
 1.38195e-07
 1.56304e-06
 1.24468e-06
 1.01276e-06
 8.39136e-07
 7.06048e-07
 6.01928e-07
 5.19019e-07
 4.51975e-07
 3.97021e-07
 3.51435e-07
 3.13216e-07
 2.80867e-07
 2.53252e-07
 2.29494e-07
 2.08911e-07
 1.90964e-07
 1.75222e-07
 1.61341e-07
 1.49040e-07
 1.38087e-07
 1.40269e-06
 1.14298e-06
 9.45844e-07
 7.93713e-07
 6.74386e-07
 5.79355e-07
 5.02612e-07
 4.39849e-07
 3.87929e-07
 3.44533e-07
 3.07920e-07
 2.76765e-07
 2.50049e-07
 2.26976e-07
 2.06920e-07
 1.89381e-07
 1.73960e-07
 1.60332e-07
 1.48231e-07
 1.37439e-07
 1.22964e-06
 1.02742e-06
 8.66653e-07
 7.38130e-07
 6.34524e-07
 5.50213e-07
 4.80941e-07
 4.23487e-07
 3.75409e-07
 3.34837e-07
 3.00329e-07
 2.70765e-07
 2.45266e-07
 2.23133e-07
 2.03810e-07
 1.86850e-07
 1.71888e-07
 1.58627e-07
 1.46822e-07
 1.36270e-07
 1.06112e-06
 9.09151e-07
 7.82316e-07
 6.76985e-07
 5.89472e-07
 5.16509e-07
 4.55369e-07
 4.03832e-07
 3.60121e-07
 3.22817e-07
 2.90785e-07
 2.63118e-07
 2.39088e-07
 2.18105e-07
 1.99690e-07
 1.83452e-07
 1.69069e-07
 1.56277e-07
 1.44852e-07
 1.34612e-07
 9.07230e-07
 7.95975e-07
 6.98455e-07
 6.14225e-07
 5.41986e-07
 4.80175e-07
 4.27260e-07
 3.81858e-07
 3.42771e-07
 3.08989e-07
 2.79668e-07
 2.54109e-07
 2.31732e-07
 2.12056e-07
 1.94684e-07
 1.79285e-07
 1.65581e-07
 1.53341e-07
 1.42370e-07
 1.32504e-07
 7.72291e-07
 6.92411e-07
 6.18898e-07
 5.52844e-07
 4.94325e-07
 4.42891e-07
 3.97861e-07
 3.58488e-07
 3.24046e-07
 2.93869e-07
 2.67370e-07
 2.44035e-07
 2.23425e-07
 2.05164e-07
 1.88932e-07
 1.74457e-07
 1.61508e-07
 1.49889e-07
 1.39430e-07
 1.29990e-07
 6.56920e-07
 6.00427e-07
 5.45853e-07
 4.94846e-07
 4.48161e-07
 4.05994e-07
 3.68218e-07
 3.34535e-07
 3.04574e-07
 2.77944e-07
 2.54266e-07
 2.33189e-07
 2.14397e-07
 1.97608e-07
 1.82575e-07
 1.69082e-07
 1.56943e-07
 1.45993e-07
 1.36092e-07
 1.27118e-07
