scalar
part
         1
quad4
 6.57342e-07
 6.00795e-07
 5.46173e-07
 4.95123e-07
 4.48401e-07
 4.06202e-07
 3.68399e-07
 3.34693e-07
 3.04713e-07
 2.78067e-07
 2.54375e-07
 2.33287e-07
 2.14485e-07
 1.97687e-07
 1.82647e-07
 1.69148e-07
 1.57002e-07
 1.46047e-07
 1.36142e-07
 1.27164e-07
 7.72807e-07
 6.92850e-07
 6.19269e-07
 5.53158e-07
 4.94592e-07
 4.43120e-07
 3.98058e-07
 3.58658e-07
 3.24194e-07
 2.93999e-07
 2.67485e-07
 2.44137e-07
 2.23516e-07
 2.05246e-07
 1.89006e-07
 1.74524e-07
 1.61569e-07
 1.49945e-07
 1.39482e-07
 1.30037e-07
 9.07858e-07
 7.96493e-07
 6.98882e-07
 6.14579e-07
 5.42281e-07
 4.80424e-07
 4.27471e-07
 3.82038e-07
 3.42927e-07
 3.09125e-07
 2.79788e-07
 2.54215e-07
 2.31826e-07
 2.12141e-07
 1.94760e-07
 1.79354e-07
 1.65643e-07
 1.53398e-07
 1.42423e-07
 1.32552e-07
 1.06188e-06
 9.09753e-07
 7.82798e-07
 6.77375e-07
 5.89792e-07
 5.16775e-07
 4.55592e-07
 4.04022e-07
 3.60284e-07
 3.22958e-07
 2.90908e-07
 2.63227e-07
 2.39185e-07
 2.18191e-07
 1.99768e-07
 1.83522e-07
 1.69133e-07
 1.56335e-07
 1.44906e-07
 1.34661e-07
 1.23053e-06
 1.02810e-06
 8.67186e-07
 7.38553e-07
 6.34865e-07
 5.50493e-07
 4.81173e-07
 4.23684e-07
 3.75577e-07
 3.34981e-07
 3.00455e-07
 2.70876e-07
 2.45364e-07
 2.23220e-07
 2.03889e-07
 1.86921e-07
 1.71952e-07
 1.58686e-07
 1.46876e-07
 1.36319e-07
 1.40371e-06
 1.14373e-06
 9.46415e-07
 7.94158e-07
 6.74740e-07
 5.79643e-07
 5.02850e-07
 4.40049e-07
 3.88099e-07
 3.44680e-07
 3.08047e-07
 2.76877e-07
 2.50148e-07
 2.27064e-07
 2.06999e-07
 1.89453e-07
 1.74025e-07
 1.60391e-07
 1.48285e-07
 1.37488e-07
 1.56414e-06
 1.24547e-06
 1.01335e-06
 8.39591e-07
 7.06407e-07
 6.02218e-07
 5.19258e-07
 4.52175e-07
 3.97191e-07
 3.51581e-07
 3.13343e-07
 2.80979e-07
 2.53351e-07
 2.29582e-07
 2.08990e-07
 1.91035e-07
 1.75287e-07
 1.61400e-07
 1.49094e-07
 1.38137e-07
 1.68852e-06
 1.32016e-06
 1.06033e-06
 8.70246e-07
 7.27006e-07
 6.16393e-07
 5.29201e-07
 4.59258e-07
 4.02299e-07
 3.55300e-07
 3.16068e-07
 2.82984e-07
 2.54828e-07
 2.30668e-07
 2.09783e-07
 1.91607e-07
 1.75692e-07
 1.61679e-07
 1.49275e-07
 1.38244e-07
 1.75302e-06
 1.35572e-06
 1.08084e-06
 8.82415e-07
 7.34335e-07
 6.20807e-07
 5.31813e-07
 4.60733e-07
 4.03045e-07
 3.55577e-07
 3.16043e-07
 2.82765e-07
 2.54487e-07
 2.30254e-07
 2.09328e-07
 1.91133e-07
 1.75214e-07
 1.61205e-07
 1.48813e-07
 1.37797e-07
 1.74229e-06
 1.34500e-06
 1.07126e-06
 8.74162e-07
 7.27299e-07
 6.14820e-07
 5.26705e-07
 4.56356e-07
 3.99276e-07
 3.52313e-07
 3.13202e-07
 2.80279e-07
 2.52301e-07
 2.28322e-07
 2.07613e-07
 1.89605e-07
 1.73846e-07
 1.59976e-07
 1.47705e-07
 1.36796e-07
 1.65678e-06
 1.28859e-06
 1.03209e-06
 8.45851e-07
 7.06173e-07
 5.98636e-07
 5.14032e-07
 4.46247e-07
 3.91083e-07
 3.45581e-07
 3.07602e-07
 2.75571e-07
 2.48305e-07
 2.24901e-07
 2.04663e-07
 1.87042e-07
 1.71606e-07
 1.58007e-07
 1.45964e-07
 1.35249e-07
 1.51238e-06
 1.19454e-06
 9.67739e-07
 8.00069e-07
 6.72549e-07
 5.73280e-07
 4.94479e-07
 4.30877e-07
 3.78799e-07
 3.35619e-07
 2.99420e-07
 2.68774e-07
 2.42601e-07
 2.20071e-07
 2.00538e-07
 1.83493e-07
 1.68532e-07
 1.55327e-07
 1.43615e-07
 1.33179e-07
 1.33289e-06
 1.07535e-06
 8.85246e-07
 7.40994e-07
 6.29023e-07
 5.40425e-07
 4.69158e-07
 4.11007e-07
 3.62958e-07
 3.22812e-07
 2.88937e-07
 2.60097e-07
 2.35346e-07
 2.13950e-07
 1.95332e-07
 1.79032e-07
 1.64682e-07
 1.51985e-07
 1.40696e-07
 1.30616e-07
 1.14152e-06
 9.44299e-07
 7.92498e-07
 6.73499e-07
 5.78707e-07
 5.02121e-07
 4.39457e-07
 3.87599e-07
 3.44240e-07
 3.07651e-07
 2.76512e-07
 2.49808e-07
 2.26744e-07
 2.06697e-07
 1.89166e-07
 1.73753e-07
 1.60132e-07
 1.48039e-07
 1.37255e-07
 1.27599e-07
 9.56088e-07
 8.12652e-07
 6.96729e-07
 6.02305e-07
 5.24749e-07
 4.60509e-07
 4.06861e-07
 3.61702e-07
 3.23402e-07
 2.90687e-07
 2.62557e-07
 2.38216e-07
 2.17030e-07
 1.98490e-07
 1.82182e-07
 1.67768e-07
 1.54971e-07
 1.43561e-07
 1.33349e-07
 1.24175e-07
 7.87769e-07
 6.88499e-07
 6.03635e-07
 5.31404e-07
 4.69955e-07
 4.17582e-07
 3.72800e-07
 3.34356e-07
 3.01207e-07
 2.72491e-07
 2.47499e-07
 2.25647e-07
 2.06456e-07
 1.89528e-07
 1.74533e-07
 1.61198e-07
 1.49295e-07
 1.38630e-07
 1.29043e-07
 1.20396e-07
 6.41891e-07
 5.76648e-07
 5.17087e-07
 4.63773e-07
 4.16571e-07
 3.75019e-07
 3.38532e-07
 3.06507e-07
 2.78372e-07
 2.53607e-07
 2.31758e-07
 2.12428e-07
 1.95275e-07
 1.80009e-07
 1.66379e-07
 1.54172e-07
 1.43207e-07
 1.33329e-07
 1.24404e-07
 1.16318e-07
 5.19510e-07
 4.79185e-07
 4.39269e-07
 4.01352e-07
 3.66205e-07
 3.34113e-07
 3.05079e-07
 2.78957e-07
 2.55523e-07
 2.34529e-07
 2.15722e-07
 1.98864e-07
 1.83732e-07
 1.70128e-07
 1.57875e-07
 1.46815e-07
 1.36811e-07
 1.27742e-07
 1.19502e-07
 1.11999e-07
 4.19086e-07
 3.96273e-07
 3.71021e-07
 3.45171e-07
 3.19864e-07
 2.95759e-07
 2.73202e-07
 2.52335e-07
 2.33177e-07
 2.15675e-07
 1.99731e-07
 1.85230e-07
 1.72049e-07
 1.60068e-07
 1.49170e-07
 1.39249e-07
 1.30206e-07
 1.21951e-07
 1.14405e-07
 1.07496e-07
 3.37839e-07
 3.26907e-07
 3.12248e-07
 2.95567e-07
 2.78053e-07
 2.60499e-07
 2.43412e-07
 2.27100e-07
 2.11731e-07
 1.97382e-07
 1.84066e-07
 1.71761e-07
 1.60422e-07
 1.49990e-07
 1.40400e-07
 1.31587e-07
 1.23486e-07
 1.16036e-07
 1.09180e-07
 1.02864e-07
