scalar
part
         1
quad4
 3.36370e-07
 3.25747e-07
 3.11334e-07
 2.94849e-07
 2.77489e-07
 2.60056e-07
 2.43065e-07
 2.26828e-07
 2.11519e-07
 1.97216e-07
 1.83938e-07
 1.71664e-07
 1.60349e-07
 1.49936e-07
 1.40362e-07
 1.31561e-07
 1.23471e-07
 1.16030e-07
 1.09180e-07
 1.02870e-07
 4.17605e-07
 3.95145e-07
 3.70163e-07
 3.44520e-07
 3.19370e-07
 2.95385e-07
 2.72919e-07
 2.52122e-07
 2.33019e-07
 2.15559e-07
 1.99648e-07
 1.85172e-07
 1.72012e-07
 1.60047e-07
 1.49162e-07
 1.39250e-07
 1.30215e-07
 1.21966e-07
 1.14425e-07
 1.07520e-07
 5.18080e-07
 4.78146e-07
 4.38515e-07
 4.00805e-07
 3.65810e-07
 3.33829e-07
 3.04879e-07
 2.78818e-07
 2.55430e-07
 2.34471e-07
 2.15691e-07
 1.98852e-07
 1.83735e-07
 1.70143e-07
 1.57898e-07
 1.46845e-07
 1.36846e-07
 1.27780e-07
 1.19543e-07
 1.12042e-07
 6.40610e-07
 5.75775e-07
 5.16495e-07
 4.63375e-07
 4.16308e-07
 3.74851e-07
 3.38432e-07
 3.06455e-07
 2.78354e-07
 2.53615e-07
 2.31784e-07
 2.12466e-07
 1.95322e-07
 1.80062e-07
 1.66436e-07
 1.54232e-07
 1.43269e-07
 1.33391e-07
 1.24467e-07
 1.16380e-07
 7.86776e-07
 6.87892e-07
 6.03275e-07
 5.31204e-07
 4.69859e-07
 4.17554e-07
 3.72818e-07
 3.34404e-07
 3.01275e-07
 2.72571e-07
 2.47587e-07
 2.25740e-07
 2.06550e-07
 1.89622e-07
 1.74627e-07
 1.61290e-07
 1.49385e-07
 1.38718e-07
 1.29128e-07
 1.20478e-07
 9.55560e-07
 8.12427e-07
 6.96677e-07
 6.02352e-07
 5.24852e-07
 4.60645e-07
 4.07013e-07
 3.61861e-07
 3.23562e-07
 2.90846e-07
 2.62711e-07
 2.38365e-07
 2.17174e-07
 1.98627e-07
 1.82313e-07
 1.67893e-07
 1.55090e-07
 1.43675e-07
 1.33457e-07
 1.24277e-07
 1.14166e-06
 9.44571e-07
 7.92822e-07
 6.73835e-07
 5.79037e-07
 5.02436e-07
 4.39754e-07
 3.87876e-07
 3.44499e-07
 3.07891e-07
 2.76736e-07
 2.50016e-07
 2.26938e-07
 2.06878e-07
 1.89335e-07
 1.73911e-07
 1.60281e-07
 1.48178e-07
 1.37386e-07
 1.27722e-07
 1.33386e-06
 1.07621e-06
 8.85993e-07
 7.41646e-07
 6.29594e-07
 5.40929e-07
 4.69606e-07
 4.11406e-07
 3.63317e-07
 3.23136e-07
 2.89231e-07
 2.60365e-07
 2.35591e-07
 2.14175e-07
 1.95539e-07
 1.79224e-07
 1.64860e-07
 1.52150e-07
 1.40850e-07
 1.30759e-07
 1.51427e-06
 1.19601e-06
 9.68919e-07
 8.01039e-07
 6.73362e-07
 5.73972e-07
 4.95076e-07
 4.31397e-07
 3.79256e-07
 3.36025e-07
 2.99783e-07
 2.69100e-07
 2.42896e-07
 2.20339e-07
 2.00783e-07
 1.83718e-07
 1.68738e-07
 1.55518e-07
 1.43792e-07
 1.33343e-07
 1.65949e-06
 1.29062e-06
 1.03367e-06
 8.47116e-07
 7.07210e-07
 5.99504e-07
 5.14770e-07
 4.46881e-07
 3.91635e-07
 3.46065e-07
 3.08031e-07
 2.75953e-07
 2.48648e-07
 2.25211e-07
 2.04944e-07
 1.87298e-07
 1.71840e-07
 1.58222e-07
 1.46163e-07
 1.35433e-07
 1.74558e-06
 1.34745e-06
 1.07316e-06
 8.75672e-07
 7.28530e-07
 6.15843e-07
 5.27568e-07
 4.57093e-07
 3.99913e-07
 3.52870e-07
 3.13692e-07
 2.80713e-07
 2.52689e-07
 2.28670e-07
 2.07928e-07
 1.89891e-07
 1.74107e-07
 1.60215e-07
 1.47925e-07
 1.36998e-07
 1.75659e-06
 1.35843e-06
 1.08295e-06
 8.84109e-07
 7.35717e-07
 6.21956e-07
 5.32781e-07
 4.61558e-07
 4.03757e-07
 3.56197e-07
 3.16587e-07
 2.83247e-07
 2.54916e-07
 2.30638e-07
 2.09674e-07
 1.91447e-07
 1.75499e-07
 1.61466e-07
 1.49052e-07
 1.38017e-07
 1.69213e-06
 1.32298e-06
 1.06257e-06
 8.72057e-07
 7.28495e-07
 6.17634e-07
 5.30250e-07
 4.60154e-07
 4.03072e-07
 3.55973e-07
 3.16660e-07
 2.83507e-07
 2.55293e-07
 2.31084e-07
 2.10158e-07
 1.91946e-07
 1.76000e-07
 1.61959e-07
 1.49532e-07
 1.38480e-07
 1.56763e-06
 1.24827e-06
 1.01562e-06
 8.41457e-07
 7.07957e-07
 6.03521e-07
 5.20365e-07
 4.53124e-07
 3.98012e-07
 3.52298e-07
 3.13973e-07
 2.81536e-07
 2.53847e-07
 2.30026e-07
 2.09390e-07
 1.91396e-07
 1.75615e-07
 1.61699e-07
 1.49367e-07
 1.38388e-07
 1.40701e-06
 1.14644e-06
 9.48660e-07
 7.96030e-07
 6.76314e-07
 5.80978e-07
 5.03992e-07
 4.41034e-07
 3.88955e-07
 3.45429e-07
 3.08707e-07
 2.77462e-07
 2.50669e-07
 2.27531e-07
 2.07419e-07
 1.89833e-07
 1.74370e-07
 1.60706e-07
 1.48573e-07
 1.37753e-07
 1.23360e-06
 1.03068e-06
 8.69359e-07
 7.40392e-07
 6.36431e-07
 5.51834e-07
 4.82330e-07
 4.24688e-07
 3.76454e-07
 3.35752e-07
 3.01137e-07
 2.71482e-07
 2.45905e-07
 2.23706e-07
 2.04327e-07
 1.87318e-07
 1.72313e-07
 1.59014e-07
 1.47177e-07
 1.36596e-07
 1.06471e-06
 9.12174e-07
 7.84872e-07
 6.79156e-07
 5.91326e-07
 5.18102e-07
 4.56746e-07
 4.05031e-07
 3.61171e-07
 3.23741e-07
 2.91603e-07
 2.63847e-07
 2.39740e-07
 2.18691e-07
 2.00219e-07
 1.83931e-07
 1.69506e-07
 1.56675e-07
 1.45217e-07
 1.34948e-07
 9.10450e-07
 7.98746e-07
 7.00839e-07
 6.16281e-07
 5.43765e-07
 4.81721e-07
 4.28609e-07
 3.83040e-07
 3.43813e-07
 3.09912e-07
 2.80489e-07
 2.54843e-07
 2.32391e-07
 2.12650e-07
 1.95222e-07
 1.79773e-07
 1.66026e-07
 1.53748e-07
 1.42743e-07
 1.32847e-07
 7.75169e-07
 6.94933e-07
 6.21103e-07
 5.54772e-07
 4.96014e-07
 4.44375e-07
 3.99168e-07
 3.59643e-07
 3.25070e-07
 2.94782e-07
 2.68186e-07
 2.44768e-07
 2.24085e-07
 2.05761e-07
 1.89473e-07
 1.74950e-07
 1.61958e-07
 1.50301e-07
 1.39809e-07
 1.30339e-07
 6.59487e-07
 6.02711e-07
 5.47881e-07
 4.96643e-07
 4.49754e-07
 4.07407e-07
 3.69473e-07
 3.35654e-07
 3.05573e-07
 2.78839e-07
 2.55071e-07
 2.33915e-07
 2.15054e-07
 1.98204e-07
 1.83117e-07
 1.69577e-07
 1.57396e-07
 1.46409e-07
 1.36475e-07
 1.27471e-07
