scalar
part
         1
quad4
 3.37788e-07
 3.27123e-07
 3.12633e-07
 2.96055e-07
 2.78596e-07
 2.61065e-07
 2.43981e-07
 2.27659e-07
 2.12272e-07
 1.97900e-07
 1.84560e-07
 1.72231e-07
 1.60866e-07
 1.50410e-07
 1.40796e-07
 1.31961e-07
 1.23839e-07
 1.16370e-07
 1.09496e-07
 1.03163e-07
 4.19418e-07
 3.96848e-07
 3.71727e-07
 3.45937e-07
 3.20643e-07
 2.96525e-07
 2.73939e-07
 2.53036e-07
 2.33839e-07
 2.16295e-07
 2.00312e-07
 1.85773e-07
 1.72557e-07
 1.60543e-07
 1.49615e-07
 1.39665e-07
 1.30596e-07
 1.22318e-07
 1.14750e-07
 1.07821e-07
 5.20398e-07
 4.80245e-07
 4.40384e-07
 4.02455e-07
 3.67262e-07
 3.35106e-07
 3.06004e-07
 2.79812e-07
 2.56312e-07
 2.35257e-07
 2.16394e-07
 1.99483e-07
 1.84305e-07
 1.70659e-07
 1.58368e-07
 1.47273e-07
 1.37238e-07
 1.28141e-07
 1.19876e-07
 1.12349e-07
 6.43558e-07
 5.78340e-07
 5.18705e-07
 4.65274e-07
 4.17942e-07
 3.76262e-07
 3.39657e-07
 3.07525e-07
 2.79294e-07
 2.54445e-07
 2.32521e-07
 2.13125e-07
 1.95914e-07
 1.80596e-07
 1.66919e-07
 1.54672e-07
 1.43671e-07
 1.33760e-07
 1.24806e-07
 1.16693e-07
 7.90477e-07
 6.90976e-07
 6.05841e-07
 5.33350e-07
 4.71666e-07
 4.19089e-07
 3.74132e-07
 3.35539e-07
 3.02262e-07
 2.73437e-07
 2.48351e-07
 2.26419e-07
 2.07158e-07
 1.90169e-07
 1.75121e-07
 1.61739e-07
 1.49794e-07
 1.39092e-07
 1.29472e-07
 1.20795e-07
 9.60093e-07
 8.16038e-07
 6.99582e-07
 6.04720e-07
 5.26807e-07
 4.62279e-07
 4.08396e-07
 3.63045e-07
 3.24585e-07
 2.91738e-07
 2.63495e-07
 2.39059e-07
 2.17793e-07
 1.99182e-07
 1.82813e-07
 1.68346e-07
 1.55502e-07
 1.44052e-07
 1.33803e-07
 1.24596e-07
 1.14699e-06
 9.48641e-07
 7.95999e-07
 6.76367e-07
 5.81094e-07
 5.04136e-07
 4.41180e-07
 3.89088e-07
 3.45541e-07
 3.08796e-07
 2.77529e-07
 2.50717e-07
 2.27562e-07
 2.07436e-07
 1.89838e-07
 1.74366e-07
 1.60695e-07
 1.48557e-07
 1.37733e-07
 1.28041e-07
 1.33977e-06
 1.08057e-06
 8.89314e-07
 7.44252e-07
 6.31689e-07
 5.42648e-07
 4.71041e-07
 4.12622e-07
 3.64359e-07
 3.24040e-07
 2.90022e-07
 2.61063e-07
 2.36212e-07
 2.14732e-07
 1.96040e-07
 1.79677e-07
 1.65272e-07
 1.52527e-07
 1.41195e-07
 1.31078e-07
 1.52029e-06
 1.20036e-06
 9.72203e-07
 8.03602e-07
 6.75417e-07
 5.75656e-07
 4.96481e-07
 4.32588e-07
 3.80279e-07
 3.36913e-07
 3.00561e-07
 2.69788e-07
 2.43508e-07
 2.20887e-07
 2.01277e-07
 1.84165e-07
 1.69146e-07
 1.55891e-07
 1.44134e-07
 1.33658e-07
 1.66499e-06
 1.29462e-06
 1.03671e-06
 8.49509e-07
 7.09144e-07
 6.01099e-07
 5.16109e-07
 4.48022e-07
 3.92618e-07
 3.46922e-07
 3.08784e-07
 2.76621e-07
 2.49244e-07
 2.25746e-07
 2.05427e-07
 1.87737e-07
 1.72240e-07
 1.58588e-07
 1.46499e-07
 1.35743e-07
 1.74996e-06
 1.35079e-06
 1.07578e-06
 8.77786e-07
 7.30271e-07
 6.17301e-07
 5.28807e-07
 4.58159e-07
 4.00840e-07
 3.53683e-07
 3.14411e-07
 2.81354e-07
 2.53262e-07
 2.29188e-07
 2.08397e-07
 1.90317e-07
 1.74496e-07
 1.60573e-07
 1.48254e-07
 1.37302e-07
 1.75955e-06
 1.36092e-06
 1.08504e-06
 8.85871e-07
 7.37217e-07
 6.23243e-07
 5.33896e-07
 4.62531e-07
 4.04614e-07
 3.56955e-07
 3.17263e-07
 2.83853e-07
 2.55462e-07
 2.31133e-07
 2.10124e-07
 1.91858e-07
 1.75876e-07
 1.61812e-07
 1.49372e-07
 1.38313e-07
 1.69375e-06
 1.32463e-06
 1.06411e-06
 8.73446e-07
 7.29733e-07
 6.18734e-07
 5.31226e-07
 4.61023e-07
 4.03849e-07
 3.56670e-07
 3.17287e-07
 2.84074e-07
 2.55807e-07
 2.31553e-07
 2.10586e-07
 1.92339e-07
 1.76362e-07
 1.62293e-07
 1.49841e-07
 1.38767e-07
 1.56825e-06
 1.24922e-06
 1.01667e-06
 8.42494e-07
 7.08940e-07
 6.04432e-07
 5.21200e-07
 4.53885e-07
 3.98705e-07
 3.52928e-07
 3.14547e-07
 2.82061e-07
 2.54327e-07
 2.30467e-07
 2.09795e-07
 1.91770e-07
 1.75960e-07
 1.62019e-07
 1.49664e-07
 1.38665e-07
 1.40700e-06
 1.14688e-06
 9.49315e-07
 7.96769e-07
 6.77069e-07
 5.81713e-07
 5.04690e-07
 4.41688e-07
 3.89564e-07
 3.45992e-07
 3.09228e-07
 2.77942e-07
 2.51113e-07
 2.27942e-07
 2.07800e-07
 1.90186e-07
 1.74698e-07
 1.61011e-07
 1.48857e-07
 1.38018e-07
 1.23328e-06
 1.03081e-06
 8.69733e-07
 7.40897e-07
 6.36995e-07
 5.52416e-07
 4.82906e-07
 4.25243e-07
 3.76982e-07
 3.36250e-07
 3.01603e-07
 2.71918e-07
 2.46312e-07
 2.24086e-07
 2.04681e-07
 1.87648e-07
 1.72622e-07
 1.59303e-07
 1.47447e-07
 1.36849e-07
 1.06428e-06
 9.12123e-07
 7.85060e-07
 6.79489e-07
 5.91740e-07
 5.18557e-07
 4.57215e-07
 4.05497e-07
 3.61625e-07
 3.24177e-07
 2.92019e-07
 2.64241e-07
 2.40111e-07
 2.19040e-07
 2.00548e-07
 1.84240e-07
 1.69796e-07
 1.56948e-07
 1.45474e-07
 1.35189e-07
 9.10024e-07
 7.98615e-07
 7.00915e-07
 6.16495e-07
 5.44066e-07
 4.82074e-07
 4.28989e-07
 3.83430e-07
 3.44201e-07
 3.10292e-07
 2.80857e-07
 2.55196e-07
 2.32727e-07
 2.12970e-07
 1.95525e-07
 1.80060e-07
 1.66297e-07
 1.54004e-07
 1.42986e-07
 1.33076e-07
 7.74789e-07
 6.94776e-07
 6.21116e-07
 5.54908e-07
 4.96234e-07
 4.44649e-07
 3.99475e-07
 3.59968e-07
 3.25402e-07
 2.95113e-07
 2.68510e-07
 2.45083e-07
 2.24389e-07
 2.06052e-07
 1.89752e-07
 1.75215e-07
 1.62211e-07
 1.50541e-07
 1.40037e-07
 1.30556e-07
 6.59167e-07
 6.02559e-07
 5.47863e-07
 4.96729e-07
 4.49915e-07
 4.07621e-07
 3.69723e-07
 3.35924e-07
 3.05856e-07
 2.79126e-07
 2.55357e-07
 2.34196e-07
 2.15328e-07
 1.98469e-07
 1.83373e-07
 1.69822e-07
 1.57630e-07
 1.46633e-07
 1.36689e-07
 1.27675e-07
