scalar
part
         1
quad4
 5.27420e-07
 4.88959e-07
 4.50211e-07
 4.12854e-07
 3.77808e-07
 3.45501e-07
 3.16048e-07
 2.89384e-07
 2.65345e-07
 2.43721e-07
 2.24287e-07
 2.06818e-07
 1.91105e-07
 1.76954e-07
 1.64189e-07
 1.52654e-07
 1.42212e-07
 1.32738e-07
 1.24127e-07
 1.16283e-07
 6.29177e-07
 5.71796e-07
 5.17366e-07
 4.67273e-07
 4.21999e-07
 3.81518e-07
 3.45540e-07
 3.13659e-07
 2.85437e-07
 2.60445e-07
 2.38285e-07
 2.18601e-07
 2.01075e-07
 1.85434e-07
 1.71439e-07
 1.58881e-07
 1.47585e-07
 1.37395e-07
 1.28180e-07
 1.19824e-07
 7.50343e-07
 6.66940e-07
 5.92144e-07
 5.26282e-07
 4.68840e-07
 4.18956e-07
 3.75684e-07
 3.38113e-07
 3.05423e-07
 2.76897e-07
 2.51923e-07
 2.29981e-07
 2.10632e-07
 1.93509e-07
 1.78299e-07
 1.64742e-07
 1.52617e-07
 1.41737e-07
 1.31943e-07
 1.23101e-07
 8.91580e-07
 7.73542e-07
 6.73205e-07
 5.88509e-07
 5.17105e-07
 4.56787e-07
 4.05642e-07
 3.62073e-07
 3.24766e-07
 2.92651e-07
 2.64862e-07
 2.40690e-07
 2.19562e-07
 2.01004e-07
 1.84632e-07
 1.70125e-07
 1.57218e-07
 1.45690e-07
 1.35356e-07
 1.26061e-07
 1.05074e-06
 8.88710e-07
 7.57848e-07
 6.51709e-07
 5.65018e-07
 4.93635e-07
 4.34362e-07
 3.84733e-07
 3.42849e-07
 3.07234e-07
 2.76735e-07
 2.50443e-07
 2.27638e-07
 2.07744e-07
 1.90296e-07
 1.74916e-07
 1.61295e-07
 1.49180e-07
 1.38359e-07
 1.28658e-07
 1.22105e-06
 1.00677e-06
 8.41748e-07
 7.12702e-07
 6.10270e-07
 5.27825e-07
 4.60618e-07
 4.05194e-07
 3.59004e-07
 3.20143e-07
 2.87162e-07
 2.58949e-07
 2.34640e-07
 2.13555e-07
 1.95155e-07
 1.79008e-07
 1.64764e-07
 1.52138e-07
 1.40896e-07
 1.30845e-07
 1.38965e-06
 1.11894e-06
 9.19021e-07
 7.67527e-07
 6.50162e-07
 5.57490e-07
 4.83101e-07
 4.22520e-07
 3.72556e-07
 3.30883e-07
 2.95775e-07
 2.65931e-07
 2.40355e-07
 2.18275e-07
 1.99084e-07
 1.82304e-07
 1.67547e-07
 1.54503e-07
 1.42918e-07
 1.32582e-07
 1.53778e-06
 1.21404e-06
 9.82810e-07
 8.11858e-07
 6.81888e-07
 5.80765e-07
 5.00541e-07
 4.35831e-07
 3.82880e-07
 3.39005e-07
 3.02246e-07
 2.71146e-07
 2.44600e-07
 2.21763e-07
 2.01975e-07
 1.84718e-07
 1.69578e-07
 1.56222e-07
 1.44382e-07
 1.33836e-07
 1.64412e-06
 1.28045e-06
 1.02643e-06
 8.41669e-07
 7.02930e-07
 5.96020e-07
 5.11855e-07
 4.44387e-07
 3.89461e-07
 3.44142e-07
 3.06310e-07
 2.74398e-07
 2.47231e-07
 2.23912e-07
 2.03745e-07
 1.86187e-07
 1.70806e-07
 1.57256e-07
 1.45258e-07
 1.34582e-07
 1.69092e-06
 1.30900e-06
 1.04480e-06
 8.53993e-07
 7.11473e-07
 6.02105e-07
 5.16288e-07
 4.47680e-07
 3.91949e-07
 3.46049e-07
 3.07790e-07
 2.75560e-07
 2.48152e-07
 2.24648e-07
 2.04339e-07
 1.86669e-07
 1.71200e-07
 1.57580e-07
 1.45525e-07
 1.34804e-07
 1.67012e-06
 1.29561e-06
 1.03570e-06
 8.47539e-07
 7.06736e-07
 5.98528e-07
 5.13523e-07
 4.45500e-07
 3.90200e-07
 3.44625e-07
 3.06616e-07
 2.74580e-07
 2.47326e-07
 2.23946e-07
 2.03736e-07
 1.86148e-07
 1.70747e-07
 1.57183e-07
 1.45176e-07
 1.34495e-07
 1.58598e-06
 1.24239e-06
 1.00027e-06
 8.22959e-07
 6.89113e-07
 5.85540e-07
 5.03724e-07
 4.37957e-07
 3.84291e-07
 3.39925e-07
 3.02826e-07
 2.71488e-07
 2.44775e-07
 2.21821e-07
 2.01950e-07
 1.84635e-07
 1.69455e-07
 1.56073e-07
 1.44216e-07
 1.33660e-07
 1.45293e-06
 1.15682e-06
 9.42628e-07
 7.82677e-07
 6.60089e-07
 5.64084e-07
 4.87511e-07
 4.25470e-07
 3.74513e-07
 3.32155e-07
 2.96571e-07
 2.66392e-07
 2.40581e-07
 2.18335e-07
 1.99028e-07
 1.82166e-07
 1.67354e-07
 1.54273e-07
 1.42664e-07
 1.32315e-07
 1.29059e-06
 1.04952e-06
 8.68901e-07
 7.30367e-07
 6.21960e-07
 5.35644e-07
 4.65870e-07
 4.08713e-07
 3.61335e-07
 3.21649e-07
 2.88091e-07
 2.59472e-07
 2.34876e-07
 2.13589e-07
 1.95048e-07
 1.78802e-07
 1.64490e-07
 1.51819e-07
 1.40549e-07
 1.30482e-07
 1.11835e-06
 9.31743e-07
 7.85855e-07
 6.70254e-07
 5.77448e-07
 5.02022e-07
 4.40024e-07
 3.88532e-07
 3.45357e-07
 3.08838e-07
 2.77703e-07
 2.50961e-07
 2.27838e-07
 2.07718e-07
 1.90112e-07
 1.74622e-07
 1.60927e-07
 1.48763e-07
 1.37912e-07
 1.28195e-07
 9.51470e-07
 8.13179e-07
 6.99747e-07
 6.06452e-07
 5.29308e-07
 4.65100e-07
 4.11283e-07
 3.65856e-07
 3.27245e-07
 2.94211e-07
 2.65767e-07
 2.41131e-07
 2.19672e-07
 2.00881e-07
 1.84344e-07
 1.69724e-07
 1.56741e-07
 1.45164e-07
 1.34802e-07
 1.25492e-07
 7.99568e-07
 7.00867e-07
 6.15560e-07
 5.42466e-07
 4.80018e-07
 4.26643e-07
 3.80917e-07
 3.41609e-07
 3.07683e-07
 2.78274e-07
 2.52668e-07
 2.30273e-07
 2.10602e-07
 1.93250e-07
 1.77881e-07
 1.64215e-07
 1.52018e-07
 1.41093e-07
 1.31274e-07
 1.22421e-07
 6.67113e-07
 5.99002e-07
 5.36718e-07
 4.80945e-07
 4.31581e-07
 3.88156e-07
 3.50056e-07
 3.16643e-07
 2.87314e-07
 2.61520e-07
 2.38781e-07
 2.18680e-07
 2.00857e-07
 1.85006e-07
 1.70864e-07
 1.58208e-07
 1.46849e-07
 1.36622e-07
 1.27388e-07
 1.19028e-07
 5.54887e-07
 5.09416e-07
 4.65184e-07
 4.23644e-07
 3.85458e-07
 3.50813e-07
 3.19628e-07
 2.91687e-07
 2.66708e-07
 2.44397e-07
 2.24461e-07
 2.06630e-07
 1.90658e-07
 1.76325e-07
 1.63435e-07
 1.51819e-07
 1.41327e-07
 1.31827e-07
 1.23207e-07
 1.15367e-07
 4.61525e-07
 4.32289e-07
 4.01756e-07
 3.71535e-07
 3.42591e-07
 3.15448e-07
 2.90341e-07
 2.67324e-07
 2.46345e-07
 2.27292e-07
 2.10020e-07
 1.94377e-07
 1.80211e-07
 1.67374e-07
 1.55731e-07
 1.45158e-07
 1.35543e-07
 1.26784e-07
 1.18793e-07
 1.11488e-07
