scalar
part
         1
quad4
 3.52681e-07
 3.39756e-07
 3.23288e-07
 3.05015e-07
 2.86123e-07
 2.67392e-07
 2.49308e-07
 2.32154e-07
 2.16077e-07
 2.01130e-07
 1.87311e-07
 1.74581e-07
 1.62881e-07
 1.52142e-07
 1.42291e-07
 1.33254e-07
 1.24961e-07
 1.17346e-07
 1.10346e-07
 1.03906e-07
 4.35765e-07
 4.10380e-07
 3.82882e-07
 3.55121e-07
 3.28212e-07
 3.02776e-07
 2.79118e-07
 2.57342e-07
 2.37434e-07
 2.19309e-07
 2.02848e-07
 1.87916e-07
 1.74375e-07
 1.62090e-07
 1.50937e-07
 1.40798e-07
 1.31569e-07
 1.23156e-07
 1.15474e-07
 1.08447e-07
 5.38152e-07
 4.94518e-07
 4.51840e-07
 4.11663e-07
 3.74685e-07
 3.41118e-07
 3.10896e-07
 2.83814e-07
 2.59603e-07
 2.37977e-07
 2.18653e-07
 2.01368e-07
 1.85884e-07
 1.71987e-07
 1.59488e-07
 1.48222e-07
 1.38043e-07
 1.28825e-07
 1.20458e-07
 1.12847e-07
 6.62476e-07
 5.93027e-07
 5.30133e-07
 4.74209e-07
 4.24971e-07
 3.81830e-07
 3.44098e-07
 3.11090e-07
 2.82174e-07
 2.56786e-07
 2.34434e-07
 2.14696e-07
 1.97209e-07
 1.81667e-07
 1.67809e-07
 1.55412e-07
 1.44287e-07
 1.34274e-07
 1.25235e-07
 1.17051e-07
 8.09979e-07
 7.05502e-07
 6.16744e-07
 5.41608e-07
 4.77981e-07
 4.23964e-07
 3.77928e-07
 3.38519e-07
 3.04618e-07
 2.75311e-07
 2.49850e-07
 2.27622e-07
 2.08127e-07
 1.90950e-07
 1.75751e-07
 1.62248e-07
 1.50204e-07
 1.39421e-07
 1.29734e-07
 1.21002e-07
 9.79083e-07
 8.29503e-07
 7.09268e-07
 6.11785e-07
 5.32028e-07
 4.66182e-07
 4.11342e-07
 3.65285e-07
 3.26300e-07
 2.93056e-07
 2.64511e-07
 2.39841e-07
 2.18394e-07
 1.99641e-07
 1.83160e-07
 1.68604e-07
 1.55690e-07
 1.44182e-07
 1.33888e-07
 1.24644e-07
 1.16368e-06
 9.59784e-07
 8.03595e-07
 6.81638e-07
 5.84803e-07
 5.06772e-07
 4.43065e-07
 3.90438e-07
 3.46504e-07
 3.09477e-07
 2.78000e-07
 2.51032e-07
 2.27759e-07
 2.07544e-07
 1.89879e-07
 1.74356e-07
 1.60645e-07
 1.48478e-07
 1.37631e-07
 1.27923e-07
 1.35167e-06
 1.08784e-06
 8.93847e-07
 7.47103e-07
 6.33474e-07
 5.43741e-07
 4.71675e-07
 4.12948e-07
 3.64476e-07
 3.24014e-07
 2.89898e-07
 2.60873e-07
 2.35978e-07
 2.14468e-07
 1.95758e-07
 1.79385e-07
 1.64976e-07
 1.52230e-07
 1.40901e-07
 1.30788e-07
 1.52459e-06
 1.20220e-06
 9.72764e-07
 8.03482e-07
 6.74933e-07
 5.74983e-07
 4.95717e-07
 4.31789e-07
 3.79479e-07
 3.36130e-07
 2.99806e-07
 2.69066e-07
 2.42821e-07
 2.20236e-07
 2.00661e-07
 1.83583e-07
 1.68596e-07
 1.55371e-07
 1.43643e-07
 1.33193e-07
 1.65940e-06
 1.28987e-06
 1.03267e-06
 8.46061e-07
 7.06178e-07
 5.98527e-07
 5.13861e-07
 4.46043e-07
 3.90864e-07
 3.45358e-07
 3.07381e-07
 2.75355e-07
 2.48097e-07
 2.24702e-07
 2.04473e-07
 1.86861e-07
 1.71434e-07
 1.57844e-07
 1.45810e-07
 1.35103e-07
 1.73379e-06
 1.33914e-06
 1.06700e-06
 8.70946e-07
 7.24794e-07
 6.12819e-07
 5.25073e-07
 4.55001e-07
 3.98135e-07
 3.51339e-07
 3.12362e-07
 2.79547e-07
 2.51658e-07
 2.27753e-07
 2.07106e-07
 1.89150e-07
 1.73436e-07
 1.59605e-07
 1.47368e-07
 1.36487e-07
 1.73417e-06
 1.34310e-06
 1.07195e-06
 8.75898e-07
 7.29396e-07
 6.16964e-07
 5.28753e-07
 4.58250e-07
 4.00998e-07
 3.53865e-07
 3.14594e-07
 2.81525e-07
 2.53415e-07
 2.29320e-07
 2.08508e-07
 1.90408e-07
 1.74569e-07
 1.60628e-07
 1.48294e-07
 1.37328e-07
 1.66206e-06
 1.30220e-06
 1.04759e-06
 8.60878e-07
 7.19912e-07
 6.10884e-07
 5.24832e-07
 4.55729e-07
 3.99404e-07
 3.52891e-07
 3.14040e-07
 2.81258e-07
 2.53345e-07
 2.29382e-07
 2.08660e-07
 1.90620e-07
 1.74819e-07
 1.60901e-07
 1.48579e-07
 1.37618e-07
 1.53360e-06
 1.22407e-06
 9.97854e-07
 8.28039e-07
 6.97577e-07
 5.95320e-07
 5.13765e-07
 4.47728e-07
 3.93538e-07
 3.48542e-07
 3.10785e-07
 2.78804e-07
 2.51484e-07
 2.27967e-07
 2.07582e-07
 1.89799e-07
 1.74196e-07
 1.60431e-07
 1.48228e-07
 1.37360e-07
 1.37219e-06
 1.12079e-06
 9.29340e-07
 7.81170e-07
 6.64664e-07
 5.71683e-07
 4.96460e-07
 4.34844e-07
 3.83805e-07
 3.41094e-07
 3.05022e-07
 2.74301e-07
 2.47935e-07
 2.25148e-07
 2.05328e-07
 1.87986e-07
 1.72730e-07
 1.59241e-07
 1.47259e-07
 1.36568e-07
 1.20016e-06
 1.00512e-06
 8.49557e-07
 7.24831e-07
 6.24027e-07
 5.41811e-07
 4.74128e-07
 4.17896e-07
 3.70768e-07
 3.30945e-07
 2.97035e-07
 2.67954e-07
 2.42847e-07
 2.21037e-07
 2.01982e-07
 1.85245e-07
 1.70471e-07
 1.57370e-07
 1.45701e-07
 1.35266e-07
 1.03383e-06
 8.87726e-07
 7.65392e-07
 6.63500e-07
 5.78621e-07
 5.07688e-07
 4.48124e-07
 3.97824e-07
 3.55093e-07
 3.18571e-07
 2.87171e-07
 2.60019e-07
 2.36411e-07
 2.15777e-07
 1.97654e-07
 1.81660e-07
 1.67485e-07
 1.54869e-07
 1.43595e-07
 1.33485e-07
 8.82593e-07
 7.75983e-07
 6.82216e-07
 6.00982e-07
 5.31121e-07
 4.71200e-07
 4.19791e-07
 3.75594e-07
 3.37478e-07
 3.04485e-07
 2.75809e-07
 2.50781e-07
 2.28843e-07
 2.09535e-07
 1.92471e-07
 1.77332e-07
 1.63850e-07
 1.51799e-07
 1.40991e-07
 1.31266e-07
 7.50362e-07
 6.74097e-07
 6.03642e-07
 5.40129e-07
 4.83698e-07
 4.33972e-07
 3.90338e-07
 3.52106e-07
 3.18601e-07
 2.89198e-07
 2.63338e-07
 2.40536e-07
 2.20373e-07
 2.02487e-07
 1.86573e-07
 1.72369e-07
 1.59651e-07
 1.48231e-07
 1.37944e-07
 1.28653e-07
 6.37535e-07
 5.83834e-07
 5.31721e-07
 4.82833e-07
 4.37945e-07
 3.97289e-07
 3.60777e-07
 3.28151e-07
 2.99074e-07
 2.73183e-07
 2.50127e-07
 2.29574e-07
 2.11225e-07
 1.94813e-07
 1.80101e-07
 1.66884e-07
 1.54981e-07
 1.44236e-07
 1.34514e-07
 1.25694e-07
