scalar
part
         1
quad4
 3.87801e-07
 3.67800e-07
 3.45442e-07
 3.22344e-07
 2.99548e-07
 2.77682e-07
 2.57095e-07
 2.37948e-07
 2.20287e-07
 2.04084e-07
 1.89270e-07
 1.75752e-07
 1.63429e-07
 1.52199e-07
 1.41961e-07
 1.32620e-07
 1.24091e-07
 1.16293e-07
 1.09153e-07
 1.02608e-07
 4.71762e-07
 4.38082e-07
 4.03935e-07
 3.70924e-07
 3.39908e-07
 3.11279e-07
 2.85149e-07
 2.61463e-07
 2.40082e-07
 2.20822e-07
 2.03489e-07
 1.87887e-07
 1.73834e-07
 1.61160e-07
 1.49712e-07
 1.39355e-07
 1.29966e-07
 1.21438e-07
 1.13677e-07
 1.06599e-07
 5.73798e-07
 5.20635e-07
 4.70660e-07
 4.24963e-07
 3.83842e-07
 3.47176e-07
 3.14644e-07
 2.85842e-07
 2.60354e-07
 2.37782e-07
 2.17762e-07
 1.99968e-07
 1.84117e-07
 1.69960e-07
 1.57282e-07
 1.45898e-07
 1.35648e-07
 1.26394e-07
 1.18018e-07
 1.10417e-07
 6.95718e-07
 6.15708e-07
 5.45170e-07
 4.83762e-07
 4.30609e-07
 3.84682e-07
 3.44973e-07
 3.10571e-07
 2.80677e-07
 2.54612e-07
 2.31801e-07
 2.11760e-07
 1.94087e-07
 1.78441e-07
 1.64539e-07
 1.52142e-07
 1.41049e-07
 1.31088e-07
 1.22117e-07
 1.14012e-07
 8.37587e-07
 7.22137e-07
 6.25985e-07
 5.45898e-07
 4.78973e-07
 4.22773e-07
 3.75311e-07
 3.34988e-07
 3.00525e-07
 2.70894e-07
 2.45274e-07
 2.22999e-07
 2.03531e-07
 1.86434e-07
 1.71347e-07
 1.57977e-07
 1.46077e-07
 1.35446e-07
 1.25912e-07
 1.17333e-07
 9.96297e-07
 8.36631e-07
 7.10259e-07
 6.09086e-07
 5.27157e-07
 4.60087e-07
 4.04616e-07
 3.58301e-07
 3.19289e-07
 2.86161e-07
 2.57818e-07
 2.33399e-07
 2.12227e-07
 1.93761e-07
 1.77565e-07
 1.63288e-07
 1.50643e-07
 1.39392e-07
 1.29342e-07
 1.20328e-07
 1.16408e-06
 9.53217e-07
 7.93608e-07
 6.70158e-07
 5.72878e-07
 4.94970e-07
 4.31682e-07
 3.79619e-07
 3.36308e-07
 2.99914e-07
 2.69054e-07
 2.42672e-07
 2.19950e-07
 2.00247e-07
 1.83054e-07
 1.67967e-07
 1.54656e-07
 1.42857e-07
 1.32349e-07
 1.22952e-07
 1.32769e-06
 1.06317e-06
 8.70250e-07
 7.25233e-07
 6.13490e-07
 5.25589e-07
 4.55217e-07
 3.98019e-07
 3.50910e-07
 3.11659e-07
 2.78615e-07
 2.50539e-07
 2.26487e-07
 2.05727e-07
 1.87686e-07
 1.71911e-07
 1.58038e-07
 1.45774e-07
 1.34881e-07
 1.25161e-07
 1.46919e-06
 1.15577e-06
 9.33587e-07
 7.70123e-07
 6.46260e-07
 5.50115e-07
 4.73969e-07
 4.12624e-07
 3.62472e-07
 3.20943e-07
 2.86165e-07
 2.56750e-07
 2.31649e-07
 2.10057e-07
 1.91348e-07
 1.75032e-07
 1.60718e-07
 1.48090e-07
 1.36893e-07
 1.26920e-07
 1.56884e-06
 1.22010e-06
 9.77244e-07
 8.00946e-07
 6.68733e-07
 5.66945e-07
 4.86862e-07
 4.22694e-07
 3.70472e-07
 3.27392e-07
 2.91433e-07
 2.61103e-07
 2.35283e-07
 2.13119e-07
 1.93951e-07
 1.77262e-07
 1.62640e-07
 1.49758e-07
 1.38350e-07
 1.28199e-07
 1.61015e-06
 1.24751e-06
 9.96377e-07
 8.14834e-07
 6.79136e-07
 5.74940e-07
 4.93140e-07
 4.27714e-07
 3.74549e-07
 3.30749e-07
 2.94230e-07
 2.63458e-07
 2.37285e-07
 2.14835e-07
 1.95433e-07
 1.78550e-07
 1.63768e-07
 1.50750e-07
 1.39228e-07
 1.28979e-07
 1.58563e-06
 1.23420e-06
 9.88883e-07
 8.10551e-07
 6.76702e-07
 5.73604e-07
 4.92471e-07
 4.27455e-07
 3.74542e-07
 3.30896e-07
 2.94470e-07
 2.63751e-07
 2.37604e-07
 2.15165e-07
 1.95763e-07
 1.78874e-07
 1.64080e-07
 1.51050e-07
 1.39513e-07
 1.29250e-07
 1.50031e-06
 1.18257e-06
 9.56013e-07
 7.88781e-07
 6.61823e-07
 5.63170e-07
 4.84995e-07
 4.22003e-07
 3.70505e-07
 3.27869e-07
 2.92174e-07
 2.61995e-07
 2.36251e-07
 2.14115e-07
 1.94945e-07
 1.78234e-07
 1.63580e-07
 1.50658e-07
 1.39206e-07
 1.29010e-07
 1.37009e-06
 1.10060e-06
 9.02066e-07
 7.51984e-07
 6.35971e-07
 5.44552e-07
 4.71301e-07
 4.11746e-07
 3.62700e-07
 3.21847e-07
 2.87471e-07
 2.58281e-07
 2.33290e-07
 2.11734e-07
 1.93016e-07
 1.76659e-07
 1.62286e-07
 1.49589e-07
 1.38319e-07
 1.28270e-07
 1.21558e-06
 9.99277e-07
 8.33255e-07
 7.03837e-07
 6.01412e-07
 5.19195e-07
 4.52337e-07
 3.97323e-07
 3.51567e-07
 3.13140e-07
 2.80581e-07
 2.52770e-07
 2.28840e-07
 2.08110e-07
 1.90040e-07
 1.74199e-07
 1.60238e-07
 1.47874e-07
 1.36875e-07
 1.27048e-07
 1.05562e-06
 8.89668e-07
 7.56249e-07
 6.48484e-07
 5.60796e-07
 4.88839e-07
 4.29272e-07
 3.79538e-07
 3.37670e-07
 3.02149e-07
 2.71794e-07
 2.45676e-07
 2.23061e-07
 2.03363e-07
 1.86111e-07
 1.70925e-07
 1.57492e-07
 1.45557e-07
 1.34909e-07
 1.25372e-07
 9.03584e-07
 7.80720e-07
 6.76956e-07
 5.89848e-07
 5.16763e-07
 4.55287e-07
 4.03360e-07
 3.59274e-07
 3.21640e-07
 2.89335e-07
 2.61450e-07
 2.37251e-07
 2.16142e-07
 1.97638e-07
 1.81341e-07
 1.66923e-07
 1.54115e-07
 1.42692e-07
 1.32464e-07
 1.23276e-07
 7.66905e-07
 6.78449e-07
 5.99858e-07
 5.31168e-07
 4.71631e-07
 4.20203e-07
 3.75799e-07
 3.37405e-07
 3.04121e-07
 2.75174e-07
 2.49907e-07
 2.27768e-07
 2.08293e-07
 1.91097e-07
 1.75854e-07
 1.62293e-07
 1.50186e-07
 1.39340e-07
 1.29591e-07
 1.20801e-07
 6.48390e-07
 5.86132e-07
 5.27876e-07
 4.74808e-07
 4.27235e-07
 3.84984e-07
 3.47649e-07
 3.14732e-07
 2.85721e-07
 2.60131e-07
 2.37521e-07
 2.17500e-07
 1.99727e-07
 1.83906e-07
 1.69783e-07
 1.57140e-07
 1.45789e-07
 1.35569e-07
 1.26343e-07
 1.17991e-07
 5.47931e-07
 5.04981e-07
 4.62581e-07
 4.22282e-07
 3.84885e-07
 3.50708e-07
 3.19773e-07
 2.91938e-07
 2.66977e-07
 2.44628e-07
 2.24624e-07
 2.06711e-07
 1.90651e-07
 1.76232e-07
 1.63261e-07
 1.51569e-07
 1.41010e-07
 1.31451e-07
 1.22779e-07
 1.14894e-07
