scalar
part
         1
quad4
 4.38207e-07
 4.12245e-07
 3.84586e-07
 3.56843e-07
 3.30012e-07
 3.04656e-07
 2.81056e-07
 2.59308e-07
 2.39398e-07
 2.21246e-07
 2.04737e-07
 1.89742e-07
 1.76127e-07
 1.63761e-07
 1.52523e-07
 1.42299e-07
 1.32985e-07
 1.24488e-07
 1.16725e-07
 1.09620e-07
 5.29065e-07
 4.87692e-07
 4.46936e-07
 4.08303e-07
 3.72525e-07
 3.39867e-07
 3.10323e-07
 2.83737e-07
 2.59881e-07
 2.38503e-07
 2.19347e-07
 2.02171e-07
 1.86751e-07
 1.72885e-07
 1.60394e-07
 1.49118e-07
 1.38918e-07
 1.29672e-07
 1.21271e-07
 1.13622e-07
 6.38743e-07
 5.75724e-07
 5.17593e-07
 4.65172e-07
 4.18504e-07
 3.77246e-07
 3.40895e-07
 3.08899e-07
 2.80724e-07
 2.55876e-07
 2.33918e-07
 2.14464e-07
 1.97182e-07
 1.81785e-07
 1.68027e-07
 1.55698e-07
 1.44618e-07
 1.34630e-07
 1.25604e-07
 1.17424e-07
 7.68836e-07
 6.76367e-07
 5.95918e-07
 5.26599e-07
 4.67091e-07
 4.16016e-07
 3.72103e-07
 3.34237e-07
 3.01465e-07
 2.72989e-07
 2.48142e-07
 2.26372e-07
 2.07218e-07
 1.90296e-07
 1.75289e-07
 1.61928e-07
 1.49991e-07
 1.39288e-07
 1.29661e-07
 1.20972e-07
 9.18967e-07
 7.88091e-07
 6.80160e-07
 5.90969e-07
 5.16915e-07
 4.55059e-07
 4.03055e-07
 3.59041e-07
 3.21546e-07
 2.89400e-07
 2.61673e-07
 2.37619e-07
 2.16638e-07
 1.98242e-07
 1.82036e-07
 1.67694e-07
 1.54946e-07
 1.43569e-07
 1.33378e-07
 1.24216e-07
 1.08529e-06
 9.07103e-07
 7.67139e-07
 6.55776e-07
 5.66056e-07
 4.92919e-07
 4.32647e-07
 3.82477e-07
 3.40330e-07
 3.04621e-07
 2.74131e-07
 2.47910e-07
 2.25212e-07
 2.05442e-07
 1.88125e-07
 1.72878e-07
 1.59388e-07
 1.47397e-07
 1.36695e-07
 1.27105e-07
 1.25903e-06
 1.02682e-06
 8.52108e-07
 7.17636e-07
 6.12097e-07
 5.27857e-07
 4.59619e-07
 4.03620e-07
 3.57132e-07
 3.18140e-07
 2.85131e-07
 2.56951e-07
 2.32712e-07
 2.11717e-07
 1.93416e-07
 1.77371e-07
 1.63229e-07
 1.50701e-07
 1.39553e-07
 1.29591e-07
 1.42579e-06
 1.13791e-06
 9.28963e-07
 7.72488e-07
 6.52291e-07
 5.57983e-07
 4.82646e-07
 4.21527e-07
 3.71271e-07
 3.29456e-07
 2.94299e-07
 2.64461e-07
 2.38924e-07
 2.16902e-07
 1.97781e-07
 1.81073e-07
 1.66390e-07
 1.53418e-07
 1.41902e-07
 1.31632e-07
 1.56666e-06
 1.22925e-06
 9.90905e-07
 8.16048e-07
 6.83857e-07
 5.81444e-07
 5.00465e-07
 4.35318e-07
 3.82122e-07
 3.38119e-07
 3.01304e-07
 2.70192e-07
 2.43662e-07
 2.20856e-07
 2.01109e-07
 1.83896e-07
 1.68802e-07
 1.55492e-07
 1.43697e-07
 1.33195e-07
 1.66158e-06
 1.28980e-06
 1.03155e-06
 8.44447e-07
 7.04362e-07
 5.96660e-07
 5.12022e-07
 4.44271e-07
 3.89179e-07
 3.43766e-07
 3.05884e-07
 2.73950e-07
 2.46780e-07
 2.23468e-07
 2.03315e-07
 1.85775e-07
 1.70413e-07
 1.56884e-07
 1.44906e-07
 1.34251e-07
 1.69451e-06
 1.31121e-06
 1.04623e-06
 8.54947e-07
 7.12125e-07
 6.02558e-07
 5.16607e-07
 4.47905e-07
 3.92107e-07
 3.46160e-07
 3.07866e-07
 2.75610e-07
 2.48183e-07
 2.24664e-07
 2.04344e-07
 1.86666e-07
 1.71190e-07
 1.57566e-07
 1.45507e-07
 1.34784e-07
 1.65897e-06
 1.29025e-06
 1.03321e-06
 8.46534e-07
 7.06525e-07
 5.98742e-07
 5.13958e-07
 4.46041e-07
 3.90782e-07
 3.45211e-07
 3.07184e-07
 2.75121e-07
 2.47834e-07
 2.24418e-07
 2.04174e-07
 1.86552e-07
 1.71119e-07
 1.57526e-07
 1.45491e-07
 1.34785e-07
 1.56121e-06
 1.23004e-06
 9.94156e-07
 8.20165e-07
 6.88134e-07
 5.85567e-07
 5.04304e-07
 4.38828e-07
 3.85303e-07
 3.40988e-07
 3.03887e-07
 2.72517e-07
 2.45757e-07
 2.22746e-07
 2.02817e-07
 1.85443e-07
 1.70206e-07
 1.56770e-07
 1.44862e-07
 1.34259e-07
 1.41831e-06
 1.13924e-06
 9.33815e-07
 7.78587e-07
 6.58616e-07
 5.64078e-07
 4.88322e-07
 4.26721e-07
 3.75980e-07
 3.33707e-07
 2.98128e-07
 2.67910e-07
 2.42034e-07
 2.19710e-07
 2.00319e-07
 1.83373e-07
 1.68479e-07
 1.55319e-07
 1.43636e-07
 1.33218e-07
 1.25194e-06
 1.02949e-06
 8.58795e-07
 7.25737e-07
 6.20413e-07
 5.35845e-07
 4.67050e-07
 4.10420e-07
 3.63301e-07
 3.23712e-07
 2.90155e-07
 2.61481e-07
 2.36799e-07
 2.15409e-07
 1.96758e-07
 1.80402e-07
 1.65983e-07
 1.53209e-07
 1.41842e-07
 1.31684e-07
 1.08164e-06
 9.12297e-07
 7.76071e-07
 6.65971e-07
 5.76327e-07
 5.02714e-07
 4.41736e-07
 3.90789e-07
 3.47872e-07
 3.11439e-07
 2.80285e-07
 2.53464e-07
 2.30227e-07
 2.09978e-07
 1.92235e-07
 1.76608e-07
 1.62780e-07
 1.50489e-07
 1.39519e-07
 1.29689e-07
 9.21139e-07
 7.96881e-07
 6.91746e-07
 6.03357e-07
 5.29103e-07
 4.66571e-07
 4.13695e-07
 3.68759e-07
 3.30364e-07
 2.97377e-07
 2.68879e-07
 2.44130e-07
 2.22525e-07
 2.03573e-07
 1.86871e-07
 1.72087e-07
 1.58945e-07
 1.47218e-07
 1.36714e-07
 1.27272e-07
 7.77847e-07
 6.89320e-07
 6.10385e-07
 5.41212e-07
 4.81128e-07
 4.29135e-07
 3.84173e-07
 3.45242e-07
 3.11450e-07
 2.82027e-07
 2.56316e-07
 2.33766e-07
 2.13912e-07
 1.96366e-07
 1.80801e-07
 1.66943e-07
 1.54562e-07
 1.43463e-07
 1.33481e-07
 1.24475e-07
 6.54352e-07
 5.92823e-07
 5.34905e-07
 4.81920e-07
 4.34266e-07
 3.91834e-07
 3.54256e-07
 3.21062e-07
 2.91758e-07
 2.65870e-07
 2.42967e-07
 2.22661e-07
 2.04614e-07
 1.88533e-07
 1.74164e-07
 1.61289e-07
 1.49720e-07
 1.39296e-07
 1.29879e-07
 1.21348e-07
 5.50247e-07
 5.08459e-07
 4.66812e-07
 4.26972e-07
 3.89826e-07
 3.55752e-07
 3.24819e-07
 2.96915e-07
 2.71838e-07
 2.49342e-07
 2.29174e-07
 2.11085e-07
 1.94846e-07
 1.80247e-07
 1.67099e-07
 1.55236e-07
 1.44510e-07
 1.34792e-07
 1.25968e-07
 1.17939e-07
