scalar
part
         1
quad4
 6.50825e-07
 5.95066e-07
 5.41152e-07
 4.90728e-07
 4.44551e-07
 4.02824e-07
 3.65427e-07
 3.32072e-07
 3.02393e-07
 2.76006e-07
 2.52538e-07
 2.31643e-07
 2.13008e-07
 1.96356e-07
 1.81443e-07
 1.68056e-07
 1.56008e-07
 1.45140e-07
 1.35312e-07
 1.26402e-07
 7.65506e-07
 6.86547e-07
 6.13835e-07
 5.48471e-07
 4.90539e-07
 4.39603e-07
 3.94995e-07
 3.55979e-07
 3.21840e-07
 2.91921e-07
 2.65642e-07
 2.42496e-07
 2.22049e-07
 2.03928e-07
 1.87818e-07
 1.73449e-07
 1.60593e-07
 1.49055e-07
 1.38669e-07
 1.29292e-07
 8.99708e-07
 7.89603e-07
 6.93050e-07
 6.09627e-07
 5.38058e-07
 4.76802e-07
 4.24348e-07
 3.79329e-07
 3.40564e-07
 3.07051e-07
 2.77959e-07
 2.52593e-07
 2.30381e-07
 2.10847e-07
 1.93598e-07
 1.78304e-07
 1.64692e-07
 1.52533e-07
 1.41633e-07
 1.31829e-07
 1.05285e-06
 9.02301e-07
 7.76616e-07
 6.72214e-07
 5.85451e-07
 5.13096e-07
 4.52450e-07
 4.01318e-07
 3.57941e-07
 3.20914e-07
 2.89113e-07
 2.61642e-07
 2.37777e-07
 2.16935e-07
 1.98640e-07
 1.82506e-07
 1.68214e-07
 1.55500e-07
 1.44144e-07
 1.33965e-07
 1.22067e-06
 1.02017e-06
 8.60745e-07
 7.33267e-07
 6.30480e-07
 5.46818e-07
 4.78063e-07
 4.21027e-07
 3.73288e-07
 3.32994e-07
 2.98717e-07
 2.69346e-07
 2.44008e-07
 2.22013e-07
 2.02808e-07
 1.85948e-07
 1.71073e-07
 1.57887e-07
 1.46148e-07
 1.35654e-07
 1.39318e-06
 1.13549e-06
 9.39865e-07
 7.88871e-07
 6.70411e-07
 5.76051e-07
 4.99833e-07
 4.37488e-07
 3.85904e-07
 3.42780e-07
 3.06391e-07
 2.75422e-07
 2.48861e-07
 2.25919e-07
 2.05974e-07
 1.88531e-07
 1.73192e-07
 1.59635e-07
 1.47596e-07
 1.36859e-07
 1.55327e-06
 1.23719e-06
 1.00690e-06
 8.34463e-07
 7.02253e-07
 5.98799e-07
 5.16404e-07
 4.49762e-07
 3.95128e-07
 3.49800e-07
 3.11792e-07
 2.79618e-07
 2.52148e-07
 2.28512e-07
 2.08033e-07
 1.90174e-07
 1.74509e-07
 1.60694e-07
 1.48449e-07
 1.37548e-07
 1.67786e-06
 1.31225e-06
 1.05426e-06
 8.65469e-07
 7.23163e-07
 6.13243e-07
 5.26579e-07
 4.57045e-07
 4.00408e-07
 3.53668e-07
 3.14647e-07
 2.81736e-07
 2.53723e-07
 2.29684e-07
 2.08902e-07
 1.90814e-07
 1.74975e-07
 1.61026e-07
 1.48679e-07
 1.37698e-07
 1.74334e-06
 1.34863e-06
 1.07544e-06
 8.78187e-07
 7.30938e-07
 6.18023e-07
 5.29492e-07
 4.58770e-07
 4.01365e-07
 3.54123e-07
 3.14773e-07
 2.81647e-07
 2.53495e-07
 2.29368e-07
 2.08533e-07
 1.90415e-07
 1.74562e-07
 1.60612e-07
 1.48270e-07
 1.37299e-07
 1.73443e-06
 1.33922e-06
 1.06684e-06
 8.70667e-07
 7.24470e-07
 6.12484e-07
 5.24743e-07
 4.54686e-07
 3.97837e-07
 3.51060e-07
 3.12101e-07
 2.79305e-07
 2.51432e-07
 2.27543e-07
 2.06911e-07
 1.88968e-07
 1.73266e-07
 1.59446e-07
 1.47218e-07
 1.36347e-07
 1.65139e-06
 1.28448e-06
 1.02885e-06
 8.43223e-07
 7.03999e-07
 5.96808e-07
 5.12473e-07
 4.44900e-07
 3.89908e-07
 3.44547e-07
 3.06685e-07
 2.74752e-07
 2.47569e-07
 2.24236e-07
 2.04059e-07
 1.86491e-07
 1.71101e-07
 1.57543e-07
 1.45536e-07
 1.34853e-07
 1.50970e-06
 1.19224e-06
 9.65769e-07
 7.98371e-07
 6.71075e-07
 5.71991e-07
 4.93344e-07
 4.29871e-07
 3.77901e-07
 3.34814e-07
 2.98694e-07
 2.68116e-07
 2.42002e-07
 2.19523e-07
 2.00035e-07
 1.83031e-07
 1.68104e-07
 1.54932e-07
 1.43248e-07
 1.32837e-07
 1.33270e-06
 1.07478e-06
 8.84508e-07
 7.40208e-07
 6.28242e-07
 5.39675e-07
 4.68450e-07
 4.10344e-07
 3.62340e-07
 3.22239e-07
 2.88404e-07
 2.59602e-07
 2.34886e-07
 2.13522e-07
 1.94933e-07
 1.78659e-07
 1.64334e-07
 1.51658e-07
 1.40390e-07
 1.30328e-07
 1.14329e-06
 9.45164e-07
 7.92843e-07
 6.73539e-07
 5.78568e-07
 5.01878e-07
 4.39155e-07
 3.87266e-07
 3.43895e-07
 3.07304e-07
 2.76170e-07
 2.49474e-07
 2.26422e-07
 2.06387e-07
 1.88870e-07
 1.73470e-07
 1.59863e-07
 1.47782e-07
 1.37010e-07
 1.27366e-07
 9.59196e-07
 8.14605e-07
 6.97945e-07
 6.03041e-07
 5.25169e-07
 4.60720e-07
 4.06930e-07
 3.61676e-07
 3.23312e-07
 2.90555e-07
 2.62396e-07
 2.38037e-07
 2.16842e-07
 1.98296e-07
 1.81986e-07
 1.67573e-07
 1.54779e-07
 1.43373e-07
 1.33166e-07
 1.23996e-07
 7.91665e-07
 6.91187e-07
 6.05492e-07
 5.32686e-07
 4.70835e-07
 4.18178e-07
 3.73193e-07
 3.34603e-07
 3.01349e-07
 2.72556e-07
 2.47507e-07
 2.25615e-07
 2.06394e-07
 1.89444e-07
 1.74434e-07
 1.61089e-07
 1.49178e-07
 1.38509e-07
 1.28919e-07
 1.20271e-07
 6.46156e-07
 5.79770e-07
 5.19376e-07
 4.65455e-07
 4.17807e-07
 3.75927e-07
 3.39197e-07
 3.06990e-07
 2.78717e-07
 2.53849e-07
 2.31920e-07
 2.12530e-07
 1.95331e-07
 1.80028e-07
 1.66371e-07
 1.54143e-07
 1.43162e-07
 1.33271e-07
 1.24337e-07
 1.16245e-07
 5.23857e-07
 4.82513e-07
 4.41815e-07
 4.03301e-07
 3.67700e-07
 3.35261e-07
 3.05961e-07
 2.79634e-07
 2.56041e-07
 2.34924e-07
 2.16020e-07
 1.99086e-07
 1.83894e-07
 1.70242e-07
 1.57951e-07
 1.46861e-07
 1.36833e-07
 1.27745e-07
 1.19490e-07
 1.11975e-07
 4.23338e-07
 3.99646e-07
 3.73690e-07
 3.47282e-07
 3.21535e-07
 2.97082e-07
 2.74251e-07
 2.53168e-07
 2.33839e-07
 2.16199e-07
 2.00146e-07
 1.85557e-07
 1.72306e-07
 1.60267e-07
 1.49323e-07
 1.39365e-07
 1.30290e-07
 1.22011e-07
 1.14444e-07
 1.07518e-07
 3.41893e-07
 3.30219e-07
 3.14942e-07
 2.97755e-07
 2.79829e-07
 2.61940e-07
 2.44583e-07
 2.28052e-07
 2.12506e-07
 1.98013e-07
 1.84580e-07
 1.72180e-07
 1.60762e-07
 1.50265e-07
 1.40622e-07
 1.31765e-07
 1.23628e-07
 1.16148e-07
 1.09266e-07
 1.02929e-07
