scalar
part
         1
quad4
 5.49589e-07
 5.07910e-07
 4.66356e-07
 4.26595e-07
 3.89513e-07
 3.55493e-07
 3.24604e-07
 2.96736e-07
 2.71689e-07
 2.49217e-07
 2.29069e-07
 2.10997e-07
 1.94772e-07
 1.80184e-07
 1.67046e-07
 1.55191e-07
 1.44472e-07
 1.34760e-07
 1.25941e-07
 1.17916e-07
 6.53649e-07
 5.92252e-07
 5.34442e-07
 4.81545e-07
 4.33963e-07
 3.91587e-07
 3.54055e-07
 3.20897e-07
 2.91623e-07
 2.65759e-07
 2.42875e-07
 2.22585e-07
 2.04551e-07
 1.88481e-07
 1.74121e-07
 1.61253e-07
 1.49690e-07
 1.39272e-07
 1.29858e-07
 1.21331e-07
 7.77111e-07
 6.88741e-07
 6.09929e-07
 5.40852e-07
 4.80843e-07
 4.28909e-07
 3.83993e-07
 3.45098e-07
 3.11334e-07
 2.81933e-07
 2.56241e-07
 2.33705e-07
 2.13863e-07
 1.96326e-07
 1.80769e-07
 1.66917e-07
 1.54541e-07
 1.43447e-07
 1.33468e-07
 1.24465e-07
 9.20390e-07
 7.96313e-07
 6.91314e-07
 6.03028e-07
 5.28850e-07
 4.66376e-07
 4.13544e-07
 3.68641e-07
 3.30272e-07
 2.97305e-07
 2.68823e-07
 2.44086e-07
 2.22491e-07
 2.03547e-07
 1.86851e-07
 1.72072e-07
 1.58934e-07
 1.47210e-07
 1.36709e-07
 1.27269e-07
 1.08092e-06
 9.11774e-07
 7.75690e-07
 6.65692e-07
 5.76120e-07
 5.02561e-07
 4.41622e-07
 3.90704e-07
 3.47809e-07
 3.11392e-07
 2.80251e-07
 2.53440e-07
 2.30211e-07
 2.09967e-07
 1.92228e-07
 1.76605e-07
 1.62780e-07
 1.50491e-07
 1.39523e-07
 1.29694e-07
 1.25130e-06
 1.02905e-06
 8.58497e-07
 7.25531e-07
 6.20271e-07
 5.35746e-07
 4.66982e-07
 4.10375e-07
 3.63272e-07
 3.23694e-07
 2.90146e-07
 2.61478e-07
 2.36801e-07
 2.15415e-07
 1.96766e-07
 1.80412e-07
 1.65994e-07
 1.53221e-07
 1.41855e-07
 1.31697e-07
 1.41785e-06
 1.13895e-06
 9.33639e-07
 7.78481e-07
 6.58554e-07
 5.64047e-07
 4.88310e-07
 4.26721e-07
 3.75990e-07
 3.33722e-07
 2.98147e-07
 2.67931e-07
 2.42056e-07
 2.19733e-07
 2.00343e-07
 1.83397e-07
 1.68502e-07
 1.55342e-07
 1.43658e-07
 1.33239e-07
 1.56102e-06
 1.22996e-06
 9.94140e-07
 8.20183e-07
 6.88170e-07
 5.85612e-07
 5.04354e-07
 4.38880e-07
 3.85354e-07
 3.41038e-07
 3.03935e-07
 2.72563e-07
 2.45801e-07
 2.22788e-07
 2.02856e-07
 1.85480e-07
 1.70241e-07
 1.56803e-07
 1.44893e-07
 1.34289e-07
 1.65916e-06
 1.29044e-06
 1.03339e-06
 8.46695e-07
 7.06670e-07
 5.98873e-07
 5.14076e-07
 4.46147e-07
 3.90877e-07
 3.45298e-07
 3.07263e-07
 2.75193e-07
 2.47900e-07
 2.24479e-07
 2.04229e-07
 1.86604e-07
 1.71167e-07
 1.57570e-07
 1.45532e-07
 1.34824e-07
 1.69514e-06
 1.31170e-06
 1.04662e-06
 8.55261e-07
 7.12385e-07
 6.02777e-07
 5.16793e-07
 4.48066e-07
 3.92247e-07
 3.46283e-07
 3.07975e-07
 2.75707e-07
 2.48270e-07
 2.24743e-07
 2.04416e-07
 1.86731e-07
 1.71250e-07
 1.57621e-07
 1.45558e-07
 1.34830e-07
 1.66266e-06
 1.29058e-06
 1.03214e-06
 8.44909e-07
 7.04733e-07
 5.96964e-07
 5.12275e-07
 4.44486e-07
 3.89362e-07
 3.43925e-07
 3.06023e-07
 2.74073e-07
 2.46889e-07
 2.23565e-07
 2.03403e-07
 1.85854e-07
 1.70485e-07
 1.56950e-07
 1.44966e-07
 1.34306e-07
 1.56809e-06
 1.23028e-06
 9.91674e-07
 8.16642e-07
 6.84328e-07
 5.81826e-07
 5.00781e-07
 4.35583e-07
 3.82347e-07
 3.38312e-07
 3.01471e-07
 2.70338e-07
 2.43791e-07
 2.20971e-07
 2.01211e-07
 1.83988e-07
 1.68885e-07
 1.55568e-07
 1.43766e-07
 1.33258e-07
 1.42744e-06
 1.13911e-06
 9.29865e-07
 7.73187e-07
 6.52845e-07
 5.58431e-07
 4.83015e-07
 4.21835e-07
 3.71532e-07
 3.29680e-07
 2.94492e-07
 2.64629e-07
 2.39072e-07
 2.17034e-07
 1.97898e-07
 1.81177e-07
 1.66484e-07
 1.53503e-07
 1.41979e-07
 1.31703e-07
 1.26077e-06
 1.02811e-06
 8.53093e-07
 7.18406e-07
 6.12712e-07
 5.28357e-07
 4.60031e-07
 4.03965e-07
 3.57424e-07
 3.18390e-07
 2.85347e-07
 2.57140e-07
 2.32877e-07
 2.11863e-07
 1.93546e-07
 1.77488e-07
 1.63333e-07
 1.50796e-07
 1.39639e-07
 1.29669e-07
 1.08701e-06
 9.08411e-07
 7.68158e-07
 6.56586e-07
 5.66709e-07
 4.93454e-07
 4.33091e-07
 3.82850e-07
 3.40646e-07
 3.04893e-07
 2.74366e-07
 2.48115e-07
 2.25392e-07
 2.05601e-07
 1.88267e-07
 1.73005e-07
 1.59501e-07
 1.47500e-07
 1.36788e-07
 1.27189e-07
 9.20580e-07
 7.89363e-07
 6.81174e-07
 5.91788e-07
 5.17585e-07
 4.55614e-07
 4.03519e-07
 3.59434e-07
 3.21881e-07
 2.89688e-07
 2.61923e-07
 2.37837e-07
 2.16830e-07
 1.98413e-07
 1.82188e-07
 1.67829e-07
 1.55067e-07
 1.43679e-07
 1.33478e-07
 1.24307e-07
 7.70315e-07
 6.77568e-07
 5.96899e-07
 5.27406e-07
 4.67760e-07
 4.16577e-07
 3.72577e-07
 3.34640e-07
 3.01811e-07
 2.73289e-07
 2.48404e-07
 2.26601e-07
 2.07420e-07
 1.90476e-07
 1.75449e-07
 1.62072e-07
 1.50120e-07
 1.39405e-07
 1.29766e-07
 1.21069e-07
 6.40077e-07
 5.76836e-07
 5.18521e-07
 4.65950e-07
 4.19160e-07
 3.77803e-07
 3.41370e-07
 3.09307e-07
 2.81077e-07
 2.56183e-07
 2.34187e-07
 2.14701e-07
 1.97391e-07
 1.81971e-07
 1.68194e-07
 1.55848e-07
 1.44752e-07
 1.34752e-07
 1.25715e-07
 1.17525e-07
 5.30257e-07
 4.88708e-07
 4.47802e-07
 4.09041e-07
 3.73157e-07
 3.40410e-07
 3.10792e-07
 2.84143e-07
 2.60235e-07
 2.38813e-07
 2.19620e-07
 2.02412e-07
 1.86965e-07
 1.73076e-07
 1.60565e-07
 1.49272e-07
 1.39058e-07
 1.29798e-07
 1.21386e-07
 1.13727e-07
 4.39267e-07
 4.13167e-07
 3.85386e-07
 3.57537e-07
 3.30614e-07
 3.05180e-07
 2.81512e-07
 2.59707e-07
 2.39749e-07
 2.21555e-07
 2.05011e-07
 1.89985e-07
 1.76344e-07
 1.63956e-07
 1.52698e-07
 1.42457e-07
 1.33128e-07
 1.24618e-07
 1.16844e-07
 1.09729e-07
