scalar
part
         1
quad4
 5.79696e-07
 5.33683e-07
 4.88345e-07
 4.45337e-07
 4.05503e-07
 3.69163e-07
 3.36325e-07
 3.06824e-07
 2.80404e-07
 2.56779e-07
 2.35657e-07
 2.16762e-07
 1.99837e-07
 1.84652e-07
 1.71003e-07
 1.58709e-07
 1.47610e-07
 1.37570e-07
 1.28465e-07
 1.20190e-07
 6.86866e-07
 6.20067e-07
 5.57703e-07
 5.01020e-07
 4.50315e-07
 4.05373e-07
 3.65732e-07
 3.30839e-07
 3.00132e-07
 2.73081e-07
 2.49208e-07
 2.28091e-07
 2.09361e-07
 1.92702e-07
 1.77842e-07
 1.64548e-07
 1.52620e-07
 1.41886e-07
 1.32200e-07
 1.23435e-07
 8.13431e-07
 7.18383e-07
 6.34163e-07
 5.60746e-07
 4.97265e-07
 4.42552e-07
 3.95404e-07
 3.54707e-07
 3.19481e-07
 2.88886e-07
 2.62212e-07
 2.38864e-07
 2.18345e-07
 2.00240e-07
 1.84205e-07
 1.69948e-07
 1.57226e-07
 1.45835e-07
 1.35602e-07
 1.26378e-07
 9.59477e-07
 8.27288e-07
 7.16009e-07
 6.22874e-07
 5.44941e-07
 4.79543e-07
 4.24417e-07
 3.77699e-07
 3.37880e-07
 3.03746e-07
 2.74316e-07
 2.48803e-07
 2.26568e-07
 2.07092e-07
 1.89950e-07
 1.74796e-07
 1.61340e-07
 1.49344e-07
 1.38610e-07
 1.28970e-07
 1.12188e-06
 9.43177e-07
 8.00055e-07
 6.84842e-07
 5.91366e-07
 5.14850e-07
 4.51643e-07
 3.98964e-07
 3.54686e-07
 3.17170e-07
 2.85147e-07
 2.57621e-07
 2.33807e-07
 2.13081e-07
 1.94940e-07
 1.78981e-07
 1.64872e-07
 1.52342e-07
 1.41168e-07
 1.31163e-07
 1.29241e-06
 1.05946e-06
 8.81430e-07
 7.43156e-07
 6.34053e-07
 5.46695e-07
 4.75805e-07
 4.17576e-07
 3.69218e-07
 3.28657e-07
 2.94326e-07
 2.65030e-07
 2.39843e-07
 2.18038e-07
 1.99044e-07
 1.82401e-07
 1.67741e-07
 1.54764e-07
 1.43223e-07
 1.32916e-07
 1.45629e-06
 1.16636e-06
 9.53746e-07
 7.93608e-07
 6.70189e-07
 5.73168e-07
 4.95582e-07
 4.32606e-07
 3.80814e-07
 3.37724e-07
 3.01501e-07
 2.70769e-07
 2.44477e-07
 2.21814e-07
 2.02144e-07
 1.84966e-07
 1.69877e-07
 1.56553e-07
 1.44731e-07
 1.34193e-07
 1.59292e-06
 1.25193e-06
 1.00986e-06
 8.31796e-07
 6.96974e-07
 5.92438e-07
 5.09748e-07
 4.43213e-07
 3.88885e-07
 3.43952e-07
 3.06367e-07
 2.74613e-07
 2.47543e-07
 2.24282e-07
 2.04146e-07
 1.86602e-07
 1.71222e-07
 1.57665e-07
 1.45655e-07
 1.34965e-07
 1.68015e-06
 1.30451e-06
 1.04326e-06
 8.53878e-07
 7.12056e-07
 6.03012e-07
 5.17323e-07
 4.48740e-07
 3.92979e-07
 3.47025e-07
 3.08699e-07
 2.76398e-07
 2.48921e-07
 2.25352e-07
 2.04982e-07
 1.87256e-07
 1.71735e-07
 1.58069e-07
 1.45972e-07
 1.35214e-07
 1.70167e-06
 1.31598e-06
 1.04958e-06
 8.57382e-07
 7.13955e-07
 6.03970e-07
 5.17719e-07
 4.48797e-07
 3.92834e-07
 3.46761e-07
 3.08368e-07
 2.76034e-07
 2.48545e-07
 2.24976e-07
 2.04614e-07
 1.86902e-07
 1.71397e-07
 1.57748e-07
 1.45669e-07
 1.34928e-07
 1.65342e-06
 1.28442e-06
 1.02782e-06
 8.41754e-07
 7.02357e-07
 5.95127e-07
 5.10823e-07
 4.43317e-07
 3.88408e-07
 3.43134e-07
 3.05359e-07
 2.73511e-07
 2.46408e-07
 2.23150e-07
 2.03042e-07
 1.85538e-07
 1.70207e-07
 1.56703e-07
 1.44747e-07
 1.34110e-07
 1.54467e-06
 1.21448e-06
 9.80519e-07
 8.08473e-07
 6.78166e-07
 5.77062e-07
 4.97021e-07
 4.32563e-07
 3.79884e-07
 3.36276e-07
 2.99770e-07
 2.68901e-07
 2.42565e-07
 2.19917e-07
 2.00298e-07
 1.83192e-07
 1.68186e-07
 1.54951e-07
 1.43219e-07
 1.32770e-07
 1.39357e-06
 1.11565e-06
 9.12999e-07
 7.60677e-07
 6.43321e-07
 5.51018e-07
 4.77135e-07
 4.17094e-07
 3.67654e-07
 3.26468e-07
 2.91801e-07
 2.62353e-07
 2.37130e-07
 2.15362e-07
 1.96449e-07
 1.79914e-07
 1.65375e-07
 1.52525e-07
 1.41112e-07
 1.30930e-07
 1.22082e-06
 9.99498e-07
 8.32018e-07
 7.02492e-07
 6.00432e-07
 5.18699e-07
 4.52308e-07
 3.97697e-07
 3.52271e-07
 3.14104e-07
 2.81745e-07
 2.54084e-07
 2.30263e-07
 2.09610e-07
 1.91591e-07
 1.75780e-07
 1.61833e-07
 1.49470e-07
 1.38462e-07
 1.28620e-07
 1.04479e-06
 8.77065e-07
 7.44431e-07
 6.38292e-07
 5.52363e-07
 4.82026e-07
 4.23859e-07
 3.75296e-07
 3.34394e-07
 2.99663e-07
 2.69951e-07
 2.44355e-07
 2.22165e-07
 2.02812e-07
 1.85840e-07
 1.70881e-07
 1.57632e-07
 1.45846e-07
 1.35318e-07
 1.25877e-07
 8.78824e-07
 7.57239e-07
 6.56172e-07
 5.72082e-07
 5.01856e-07
 4.42906e-07
 3.93133e-07
 3.50854e-07
 3.14723e-07
 2.83662e-07
 2.56807e-07
 2.33460e-07
 2.13058e-07
 1.95141e-07
 1.79333e-07
 1.65324e-07
 1.52858e-07
 1.41721e-07
 1.31734e-07
 1.22748e-07
 7.30657e-07
 6.46047e-07
 5.71699e-07
 5.07104e-07
 4.51261e-07
 4.03046e-07
 3.61382e-07
 3.25296e-07
 2.93948e-07
 2.66620e-07
 2.42707e-07
 2.21701e-07
 2.03178e-07
 1.86781e-07
 1.72214e-07
 1.59224e-07
 1.47602e-07
 1.37167e-07
 1.27770e-07
 1.19281e-07
 6.03342e-07
 5.46779e-07
 4.93890e-07
 4.45685e-07
 4.02396e-07
 3.63849e-07
 3.29677e-07
 2.99443e-07
 2.72700e-07
 2.49023e-07
 2.28028e-07
 2.09373e-07
 1.92756e-07
 1.77916e-07
 1.64629e-07
 1.52700e-07
 1.41960e-07
 1.32265e-07
 1.23490e-07
 1.15527e-07
 4.96734e-07
 4.60577e-07
 4.24229e-07
 3.89266e-07
 3.56521e-07
 3.26360e-07
 2.98870e-07
 2.73977e-07
 2.51521e-07
 2.31304e-07
 2.13116e-07
 1.96750e-07
 1.82012e-07
 1.68724e-07
 1.56723e-07
 1.45866e-07
 1.36026e-07
 1.27090e-07
 1.18957e-07
 1.11542e-07
 4.08931e-07
 3.87151e-07
 3.63149e-07
 3.38550e-07
 3.14389e-07
 2.91286e-07
 2.69580e-07
 2.49424e-07
 2.30851e-07
 2.13825e-07
 1.98268e-07
 1.84078e-07
 1.71148e-07
 1.59367e-07
 1.48629e-07
 1.38836e-07
 1.29894e-07
 1.21719e-07
 1.14237e-07
 1.07377e-07
