scalar
part
         1
quad4
 5.74672e-07
 5.28457e-07
 4.83115e-07
 4.40223e-07
 4.00570e-07
 3.64446e-07
 3.31841e-07
 3.02574e-07
 2.76385e-07
 2.52982e-07
 2.32072e-07
 2.13376e-07
 1.96639e-07
 1.81631e-07
 1.68147e-07
 1.56007e-07
 1.45052e-07
 1.35145e-07
 1.26165e-07
 1.18007e-07
 6.78729e-07
 6.12234e-07
 5.50300e-07
 4.94092e-07
 4.43863e-07
 3.99376e-07
 3.60162e-07
 3.25664e-07
 2.95319e-07
 2.68599e-07
 2.45029e-07
 2.24187e-07
 2.05710e-07
 1.89282e-07
 1.74634e-07
 1.61534e-07
 1.49783e-07
 1.39213e-07
 1.29677e-07
 1.21052e-07
 8.01198e-07
 7.07277e-07
 6.24131e-07
 5.51688e-07
 4.89071e-07
 4.35116e-07
 3.88634e-07
 3.48522e-07
 3.13812e-07
 2.83673e-07
 2.57403e-07
 2.34416e-07
 2.14220e-07
 1.96406e-07
 1.80632e-07
 1.66612e-07
 1.54104e-07
 1.42908e-07
 1.32852e-07
 1.23791e-07
 9.42014e-07
 8.12192e-07
 7.02886e-07
 6.11381e-07
 5.34798e-07
 4.70526e-07
 4.16347e-07
 3.70433e-07
 3.31303e-07
 2.97764e-07
 2.68852e-07
 2.43792e-07
 2.21956e-07
 2.02833e-07
 1.86006e-07
 1.71132e-07
 1.57929e-07
 1.46161e-07
 1.35632e-07
 1.26178e-07
 1.09802e-06
 9.23412e-07
 7.83430e-07
 6.70657e-07
 5.79108e-07
 5.04140e-07
 4.42198e-07
 3.90566e-07
 3.47167e-07
 3.10396e-07
 2.79010e-07
 2.52035e-07
 2.28700e-07
 2.08393e-07
 1.90622e-07
 1.74990e-07
 1.61172e-07
 1.48903e-07
 1.37962e-07
 1.28168e-07
 1.26115e-06
 1.03450e-06
 8.61011e-07
 7.26106e-07
 6.19575e-07
 5.34229e-07
 4.64946e-07
 4.08023e-07
 3.60743e-07
 3.21082e-07
 2.87514e-07
 2.58869e-07
 2.34241e-07
 2.12923e-07
 1.94354e-07
 1.78085e-07
 1.63755e-07
 1.51072e-07
 1.39793e-07
 1.29721e-07
 1.41714e-06
 1.13599e-06
 9.29429e-07
 7.73646e-07
 6.53471e-07
 5.58940e-07
 4.83311e-07
 4.21904e-07
 3.71391e-07
 3.29359e-07
 2.94023e-07
 2.64041e-07
 2.38391e-07
 2.16281e-07
 1.97091e-07
 1.80332e-07
 1.65612e-07
 1.52615e-07
 1.41082e-07
 1.30803e-07
 1.54611e-06
 1.21633e-06
 9.81777e-07
 8.09015e-07
 6.78091e-07
 5.76509e-07
 4.96115e-07
 4.31404e-07
 3.78551e-07
 3.34828e-07
 2.98250e-07
 2.67342e-07
 2.40993e-07
 2.18347e-07
 1.98745e-07
 1.81663e-07
 1.66690e-07
 1.53491e-07
 1.41797e-07
 1.31389e-07
 1.62666e-06
 1.26423e-06
 1.01175e-06
 8.28522e-07
 6.91180e-07
 5.85509e-07
 5.02426e-07
 4.35901e-07
 3.81795e-07
 3.37191e-07
 2.99983e-07
 2.68619e-07
 2.41934e-07
 2.19041e-07
 1.99252e-07
 1.82031e-07
 1.66951e-07
 1.53671e-07
 1.41916e-07
 1.31460e-07
 1.64297e-06
 1.27189e-06
 1.01521e-06
 8.29821e-07
 6.91349e-07
 5.85086e-07
 5.01704e-07
 4.35040e-07
 3.80887e-07
 3.36287e-07
 2.99110e-07
 2.67792e-07
 2.41159e-07
 2.18319e-07
 1.98583e-07
 1.81412e-07
 1.66379e-07
 1.53143e-07
 1.41428e-07
 1.31010e-07
 1.59120e-06
 1.23758e-06
 9.91280e-07
 8.12467e-07
 6.78361e-07
 5.75110e-07
 4.93874e-07
 4.28783e-07
 3.75807e-07
 3.32106e-07
 2.95628e-07
 2.64860e-07
 2.38668e-07
 2.16184e-07
 1.96740e-07
 1.79810e-07
 1.64978e-07
 1.51910e-07
 1.40338e-07
 1.30040e-07
 1.48078e-06
 1.16607e-06
 9.42614e-07
 7.78015e-07
 6.53176e-07
 5.56202e-07
 4.79355e-07
 4.17416e-07
 3.66757e-07
 3.24795e-07
 2.89644e-07
 2.59906e-07
 2.34524e-07
 2.12686e-07
 1.93762e-07
 1.77255e-07
 1.62770e-07
 1.49991e-07
 1.38660e-07
 1.28565e-07
 1.32997e-06
 1.06695e-06
 8.74582e-07
 7.29646e-07
 6.17766e-07
 5.29630e-07
 4.58988e-07
 4.01514e-07
 3.54141e-07
 3.14642e-07
 2.81370e-07
 2.53086e-07
 2.28845e-07
 2.07913e-07
 1.89717e-07
 1.73801e-07
 1.59801e-07
 1.47421e-07
 1.36422e-07
 1.26607e-07
 1.15940e-06
 9.51743e-07
 7.93937e-07
 6.71488e-07
 5.74747e-07
 4.97106e-07
 4.33924e-07
 3.81873e-07
 3.38518e-07
 3.02049e-07
 2.71099e-07
 2.44618e-07
 2.21795e-07
 2.01992e-07
 1.84704e-07
 1.69525e-07
 1.56128e-07
 1.44248e-07
 1.33664e-07
 1.24196e-07
 9.87066e-07
 8.31325e-07
 7.07451e-07
 6.07871e-07
 5.26961e-07
 4.60539e-07
 4.05476e-07
 3.59412e-07
 3.20546e-07
 2.87496e-07
 2.59184e-07
 2.34766e-07
 2.13576e-07
 1.95077e-07
 1.78842e-07
 1.64520e-07
 1.51828e-07
 1.40530e-07
 1.30432e-07
 1.21372e-07
 8.25776e-07
 7.14307e-07
 6.20905e-07
 5.42714e-07
 4.77099e-07
 4.21805e-07
 3.74972e-07
 3.35084e-07
 3.00920e-07
 2.71493e-07
 2.46009e-07
 2.23822e-07
 2.04409e-07
 1.87341e-07
 1.72266e-07
 1.58894e-07
 1.46985e-07
 1.36337e-07
 1.26783e-07
 1.18181e-07
 6.82731e-07
 6.06403e-07
 5.38575e-07
 4.79149e-07
 4.27442e-07
 3.82570e-07
 3.43633e-07
 3.09795e-07
 2.80315e-07
 2.54553e-07
 2.31964e-07
 2.12085e-07
 1.94527e-07
 1.78964e-07
 1.65119e-07
 1.52760e-07
 1.41690e-07
 1.31743e-07
 1.22777e-07
 1.14670e-07
 5.60549e-07
 5.10620e-07
 4.63155e-07
 4.19384e-07
 3.79731e-07
 3.44182e-07
 3.12499e-07
 2.84343e-07
 2.59348e-07
 2.37151e-07
 2.17418e-07
 1.99843e-07
 1.84159e-07
 1.70129e-07
 1.57547e-07
 1.46234e-07
 1.36038e-07
 1.26823e-07
 1.18475e-07
 1.10893e-07
 4.58803e-07
 4.27883e-07
 3.95974e-07
 3.64750e-07
 3.35150e-07
 3.07637e-07
 2.82382e-07
 2.59383e-07
 2.38541e-07
 2.19706e-07
 2.02705e-07
 1.87366e-07
 1.73519e-07
 1.61008e-07
 1.49689e-07
 1.39432e-07
 1.30122e-07
 1.21656e-07
 1.13943e-07
 1.06901e-07
 3.75436e-07
 3.57754e-07
 3.37346e-07
 3.15861e-07
 2.94385e-07
 2.73589e-07
 2.53866e-07
 2.35416e-07
 2.18316e-07
 2.02565e-07
 1.88114e-07
 1.74888e-07
 1.62802e-07
 1.51762e-07
 1.41677e-07
 1.32462e-07
 1.24033e-07
 1.16315e-07
 1.09241e-07
 1.02748e-07
