scalar
part
         1
quad4
 4.81528e-07
 4.49882e-07
 4.17055e-07
 3.84750e-07
 3.53970e-07
 3.25238e-07
 2.98773e-07
 2.74603e-07
 2.52649e-07
 2.32770e-07
 2.14802e-07
 1.98568e-07
 1.83899e-07
 1.70634e-07
 1.58625e-07
 1.47738e-07
 1.37851e-07
 1.28858e-07
 1.20662e-07
 1.13180e-07
 5.78668e-07
 5.29762e-07
 4.82439e-07
 4.38219e-07
 3.97763e-07
 3.61219e-07
 3.28458e-07
 2.99212e-07
 2.73154e-07
 2.49946e-07
 2.29264e-07
 2.10810e-07
 1.94315e-07
 1.79540e-07
 1.66277e-07
 1.54342e-07
 1.43576e-07
 1.33842e-07
 1.25019e-07
 1.17003e-07
 6.95305e-07
 6.22350e-07
 5.55961e-07
 4.96803e-07
 4.44689e-07
 3.99045e-07
 3.59156e-07
 3.24300e-07
 2.93800e-07
 2.67054e-07
 2.43534e-07
 2.22789e-07
 2.04432e-07
 1.88134e-07
 1.73617e-07
 1.60645e-07
 1.49015e-07
 1.38558e-07
 1.29126e-07
 1.20594e-07
 8.32649e-07
 7.27255e-07
 6.36630e-07
 5.59377e-07
 4.93694e-07
 4.37800e-07
 3.90103e-07
 3.49243e-07
 3.14084e-07
 2.83689e-07
 2.57286e-07
 2.34243e-07
 2.14039e-07
 1.96246e-07
 1.80509e-07
 1.66535e-07
 1.54076e-07
 1.42929e-07
 1.32919e-07
 1.23902e-07
 9.89459e-07
 8.42240e-07
 7.22181e-07
 6.23977e-07
 5.43176e-07
 4.76218e-07
 4.20310e-07
 3.73274e-07
 3.33410e-07
 2.99388e-07
 2.70158e-07
 2.44887e-07
 2.22912e-07
 2.03697e-07
 1.86809e-07
 1.71896e-07
 1.58666e-07
 1.46879e-07
 1.36338e-07
 1.26875e-07
 1.16032e-06
 9.62464e-07
 8.08781e-07
 6.87703e-07
 5.90981e-07
 5.12705e-07
 4.48595e-07
 3.95511e-07
 3.51116e-07
 3.13649e-07
 2.81765e-07
 2.54426e-07
 2.30821e-07
 2.10307e-07
 1.92376e-07
 1.76615e-07
 1.62693e-07
 1.50337e-07
 1.39322e-07
 1.29464e-07
 1.33410e-06
 1.08004e-06
 8.90985e-07
 7.46801e-07
 6.34500e-07
 5.45427e-07
 4.73652e-07
 4.15011e-07
 3.66511e-07
 3.25961e-07
 2.91727e-07
 2.62571e-07
 2.37543e-07
 2.15905e-07
 1.97074e-07
 1.80587e-07
 1.66074e-07
 1.53233e-07
 1.41818e-07
 1.31626e-07
 1.49368e-06
 1.18443e-06
 9.62151e-07
 7.96990e-07
 6.70906e-07
 5.72474e-07
 4.94165e-07
 4.30849e-07
 3.78935e-07
 3.35843e-07
 2.99686e-07
 2.69054e-07
 2.42878e-07
 2.20335e-07
 2.00784e-07
 1.83719e-07
 1.68736e-07
 1.55510e-07
 1.43777e-07
 1.33322e-07
 1.61832e-06
 1.26395e-06
 1.01540e-06
 8.34041e-07
 6.97508e-07
 5.92083e-07
 5.08945e-07
 4.42207e-07
 3.87810e-07
 3.42883e-07
 3.05343e-07
 2.73654e-07
 2.46658e-07
 2.23472e-07
 2.03409e-07
 1.85933e-07
 1.70617e-07
 1.57119e-07
 1.45163e-07
 1.34521e-07
 1.68872e-06
 1.30837e-06
 1.04494e-06
 8.54508e-07
 7.12169e-07
 6.02879e-07
 5.17083e-07
 4.48465e-07
 3.92707e-07
 3.46773e-07
 3.08476e-07
 2.76208e-07
 2.48762e-07
 2.25222e-07
 2.04878e-07
 1.87176e-07
 1.71677e-07
 1.58028e-07
 1.45948e-07
 1.35203e-07
 1.69303e-06
 1.31157e-06
 1.04738e-06
 8.56406e-07
 7.13672e-07
 6.04087e-07
 5.18068e-07
 4.49278e-07
 3.93386e-07
 3.47345e-07
 3.08963e-07
 2.76625e-07
 2.49122e-07
 2.25535e-07
 2.05152e-07
 1.87417e-07
 1.71890e-07
 1.58218e-07
 1.46117e-07
 1.35354e-07
 1.63086e-06
 1.27332e-06
 1.02257e-06
 8.39629e-07
 7.01943e-07
 5.95656e-07
 5.11863e-07
 4.44619e-07
 3.89826e-07
 3.44584e-07
 3.06791e-07
 2.74897e-07
 2.47732e-07
 2.24406e-07
 2.04226e-07
 1.86652e-07
 1.71254e-07
 1.57685e-07
 1.45668e-07
 1.34974e-07
 1.51340e-06
 1.19929e-06
 9.73597e-07
 8.05966e-07
 6.78061e-07
 5.78262e-07
 4.98908e-07
 4.34781e-07
 3.82228e-07
 3.38628e-07
 3.02061e-07
 2.71095e-07
 2.44644e-07
 2.21873e-07
 2.02131e-07
 1.84905e-07
 1.69786e-07
 1.56444e-07
 1.44612e-07
 1.34070e-07
 1.35949e-06
 1.09941e-06
 9.06040e-07
 7.58705e-07
 6.44054e-07
 5.53199e-07
 4.80051e-07
 4.20337e-07
 3.70988e-07
 3.29757e-07
 2.94972e-07
 2.65366e-07
 2.39966e-07
 2.18019e-07
 1.98928e-07
 1.82223e-07
 1.67524e-07
 1.54524e-07
 1.42972e-07
 1.32661e-07
 1.18964e-06
 9.85159e-07
 8.26644e-07
 7.01973e-07
 6.02533e-07
 5.22170e-07
 4.56436e-07
 4.02071e-07
 3.56654e-07
 3.18363e-07
 2.85809e-07
 2.57918e-07
 2.33856e-07
 2.12961e-07
 1.94708e-07
 1.78676e-07
 1.64522e-07
 1.51967e-07
 1.40782e-07
 1.30776e-07
 1.02098e-06
 8.67075e-07
 7.42013e-07
 6.40011e-07
 5.56287e-07
 4.87052e-07
 4.29350e-07
 3.80883e-07
 3.39868e-07
 3.04910e-07
 2.74913e-07
 2.49008e-07
 2.26505e-07
 2.06846e-07
 1.89584e-07
 1.74352e-07
 1.60850e-07
 1.48830e-07
 1.38087e-07
 1.28448e-07
 8.64888e-07
 7.53151e-07
 6.57640e-07
 5.76590e-07
 5.07927e-07
 4.49672e-07
 4.00089e-07
 3.57707e-07
 3.21310e-07
 2.89900e-07
 2.62658e-07
 2.38917e-07
 2.18128e-07
 1.99841e-07
 1.83686e-07
 1.69354e-07
 1.56588e-07
 1.45177e-07
 1.34938e-07
 1.25721e-07
 7.27130e-07
 6.48423e-07
 5.77466e-07
 5.14667e-07
 4.59636e-07
 4.11638e-07
 3.69840e-07
 3.33423e-07
 3.01640e-07
 2.73830e-07
 2.49424e-07
 2.27936e-07
 2.08952e-07
 1.92122e-07
 1.77151e-07
 1.63790e-07
 1.51825e-07
 1.41077e-07
 1.31392e-07
 1.22641e-07
 6.09306e-07
 5.55350e-07
 5.03892e-07
 4.56292e-07
 4.13066e-07
 3.74247e-07
 3.39611e-07
 3.08810e-07
 2.81457e-07
 2.57166e-07
 2.35574e-07
 2.16349e-07
 1.99199e-07
 1.83865e-07
 1.70122e-07
 1.57774e-07
 1.46651e-07
 1.36605e-07
 1.27511e-07
 1.19257e-07
 5.10516e-07
 4.74533e-07
 4.38049e-07
 4.02679e-07
 3.69333e-07
 3.38454e-07
 3.10189e-07
 2.84507e-07
 2.61278e-07
 2.40320e-07
 2.21435e-07
 2.04420e-07
 1.89082e-07
 1.75242e-07
 1.62736e-07
 1.51419e-07
 1.41157e-07
 1.31837e-07
 1.23355e-07
 1.15621e-07
