scalar
part
         1
quad4
 6.57308e-07
 6.00766e-07
 5.46148e-07
 4.95103e-07
 4.48384e-07
 4.06188e-07
 3.68387e-07
 3.34683e-07
 3.04704e-07
 2.78059e-07
 2.54369e-07
 2.33281e-07
 2.14479e-07
 1.97682e-07
 1.82642e-07
 1.69143e-07
 1.56998e-07
 1.46044e-07
 1.36139e-07
 1.27161e-07
 7.72758e-07
 6.92809e-07
 6.19236e-07
 5.53131e-07
 4.94571e-07
 4.43102e-07
 3.98043e-07
 3.58645e-07
 3.24183e-07
 2.93990e-07
 2.67476e-07
 2.44130e-07
 2.23510e-07
 2.05240e-07
 1.89000e-07
 1.74519e-07
 1.61565e-07
 1.49940e-07
 1.39478e-07
 1.30034e-07
 9.07790e-07
 7.96439e-07
 6.98839e-07
 6.14545e-07
 5.42254e-07
 4.80402e-07
 4.27454e-07
 3.82023e-07
 3.42914e-07
 3.09114e-07
 2.79778e-07
 2.54206e-07
 2.31818e-07
 2.12134e-07
 1.94754e-07
 1.79348e-07
 1.65638e-07
 1.53393e-07
 1.42418e-07
 1.32548e-07
 1.06179e-06
 9.09684e-07
 7.82746e-07
 6.77335e-07
 5.89760e-07
 5.16750e-07
 4.55571e-07
 4.04004e-07
 3.60269e-07
 3.22945e-07
 2.90897e-07
 2.63217e-07
 2.39176e-07
 2.18183e-07
 1.99760e-07
 1.83516e-07
 1.69127e-07
 1.56329e-07
 1.44900e-07
 1.34656e-07
 1.23042e-06
 1.02802e-06
 8.67124e-07
 7.38506e-07
 6.34828e-07
 5.50464e-07
 4.81150e-07
 4.23664e-07
 3.75560e-07
 3.34967e-07
 3.00443e-07
 2.70865e-07
 2.45354e-07
 2.23212e-07
 2.03881e-07
 1.86914e-07
 1.71946e-07
 1.58679e-07
 1.46870e-07
 1.36314e-07
 1.40357e-06
 1.14363e-06
 9.46346e-07
 7.94106e-07
 6.74700e-07
 5.79611e-07
 5.02824e-07
 4.40027e-07
 3.88081e-07
 3.44664e-07
 3.08034e-07
 2.76865e-07
 2.50137e-07
 2.27054e-07
 2.06990e-07
 1.89445e-07
 1.74018e-07
 1.60384e-07
 1.48278e-07
 1.37482e-07
 1.56399e-06
 1.24536e-06
 1.01327e-06
 8.39535e-07
 7.06364e-07
 6.02184e-07
 5.19230e-07
 4.52152e-07
 3.97171e-07
 3.51564e-07
 3.13328e-07
 2.80966e-07
 2.53339e-07
 2.29572e-07
 2.08980e-07
 1.91026e-07
 1.75279e-07
 1.61393e-07
 1.49087e-07
 1.38131e-07
 1.68836e-06
 1.32006e-06
 1.06026e-06
 8.70189e-07
 7.26961e-07
 6.16356e-07
 5.29171e-07
 4.59233e-07
 4.02277e-07
 3.55281e-07
 3.16052e-07
 2.82970e-07
 2.54815e-07
 2.30656e-07
 2.09772e-07
 1.91598e-07
 1.75684e-07
 1.61670e-07
 1.49267e-07
 1.38237e-07
 1.75287e-06
 1.35561e-06
 1.08076e-06
 8.82357e-07
 7.34289e-07
 6.20770e-07
 5.31782e-07
 4.60706e-07
 4.03023e-07
 3.55557e-07
 3.16026e-07
 2.82750e-07
 2.54473e-07
 2.30241e-07
 2.09317e-07
 1.91123e-07
 1.75204e-07
 1.61196e-07
 1.48805e-07
 1.37790e-07
 1.74216e-06
 1.34490e-06
 1.07119e-06
 8.74104e-07
 7.27253e-07
 6.14782e-07
 5.26673e-07
 4.56328e-07
 3.99252e-07
 3.52292e-07
 3.13183e-07
 2.80262e-07
 2.52286e-07
 2.28308e-07
 2.07601e-07
 1.89594e-07
 1.73836e-07
 1.59967e-07
 1.47697e-07
 1.36788e-07
 1.65667e-06
 1.28850e-06
 1.03202e-06
 8.45794e-07
 7.06125e-07
 5.98596e-07
 5.13999e-07
 4.46218e-07
 3.91058e-07
 3.45559e-07
 3.07582e-07
 2.75554e-07
 2.48289e-07
 2.24887e-07
 2.04650e-07
 1.87030e-07
 1.71595e-07
 1.57997e-07
 1.45955e-07
 1.35241e-07
 1.51227e-06
 1.19445e-06
 9.67670e-07
 8.00012e-07
 6.72501e-07
 5.73239e-07
 4.94444e-07
 4.30846e-07
 3.78772e-07
 3.35596e-07
 2.99399e-07
 2.68756e-07
 2.42584e-07
 2.20056e-07
 2.00524e-07
 1.83481e-07
 1.68520e-07
 1.55317e-07
 1.43606e-07
 1.33170e-07
 1.33278e-06
 1.07527e-06
 8.85175e-07
 7.40935e-07
 6.28974e-07
 5.40383e-07
 4.69122e-07
 4.10975e-07
 3.62930e-07
 3.22788e-07
 2.88915e-07
 2.60077e-07
 2.35329e-07
 2.13935e-07
 1.95318e-07
 1.79019e-07
 1.64670e-07
 1.51974e-07
 1.40686e-07
 1.30606e-07
 1.14140e-06
 9.44207e-07
 7.92424e-07
 6.73438e-07
 5.78656e-07
 5.02078e-07
 4.39420e-07
 3.87566e-07
 3.44212e-07
 3.07625e-07
 2.76490e-07
 2.49788e-07
 2.26726e-07
 2.06680e-07
 1.89151e-07
 1.73739e-07
 1.60120e-07
 1.48028e-07
 1.37244e-07
 1.27589e-07
 9.55965e-07
 8.12556e-07
 6.96652e-07
 6.02242e-07
 5.24696e-07
 4.60464e-07
 4.06822e-07
 3.61668e-07
 3.23372e-07
 2.90661e-07
 2.62533e-07
 2.38195e-07
 2.17011e-07
 1.98473e-07
 1.82166e-07
 1.67754e-07
 1.54958e-07
 1.43549e-07
 1.33338e-07
 1.24165e-07
 7.87643e-07
 6.88400e-07
 6.03555e-07
 5.31339e-07
 4.69901e-07
 4.17535e-07
 3.72760e-07
 3.34321e-07
 3.01176e-07
 2.72464e-07
 2.47475e-07
 2.25626e-07
 2.06437e-07
 1.89510e-07
 1.74517e-07
 1.61184e-07
 1.49281e-07
 1.38618e-07
 1.29032e-07
 1.20386e-07
 6.41766e-07
 5.76549e-07
 5.17007e-07
 4.63707e-07
 4.16515e-07
 3.74971e-07
 3.38491e-07
 3.06472e-07
 2.78340e-07
 2.53580e-07
 2.31733e-07
 2.12406e-07
 1.95255e-07
 1.79991e-07
 1.66362e-07
 1.54157e-07
 1.43193e-07
 1.33316e-07
 1.24393e-07
 1.16308e-07
 5.19390e-07
 4.79088e-07
 4.39190e-07
 4.01285e-07
 3.66149e-07
 3.34065e-07
 3.05038e-07
 2.78920e-07
 2.55491e-07
 2.34501e-07
 2.15697e-07
 1.98841e-07
 1.83712e-07
 1.70110e-07
 1.57858e-07
 1.46800e-07
 1.36797e-07
 1.27729e-07
 1.19490e-07
 1.11988e-07
 4.18973e-07
 3.96180e-07
 3.70943e-07
 3.45106e-07
 3.19809e-07
 2.95711e-07
 2.73160e-07
 2.52298e-07
 2.33145e-07
 2.15646e-07
 1.99705e-07
 1.85207e-07
 1.72028e-07
 1.60049e-07
 1.49153e-07
 1.39233e-07
 1.30191e-07
 1.21938e-07
 1.14393e-07
 1.07485e-07
 3.37734e-07
 3.26820e-07
 3.12173e-07
 2.95504e-07
 2.77999e-07
 2.60451e-07
 2.43371e-07
 2.27064e-07
 2.11699e-07
 1.97353e-07
 1.84040e-07
 1.71738e-07
 1.60401e-07
 1.49971e-07
 1.40382e-07
 1.31571e-07
 1.23471e-07
 1.16023e-07
 1.09167e-07
 1.02852e-07
