scalar
part
         1
quad4
 5.26041e-07
 4.87705e-07
 4.49078e-07
 4.11832e-07
 3.76889e-07
 3.44673e-07
 3.15301e-07
 2.88708e-07
 2.64733e-07
 2.43165e-07
 2.23780e-07
 2.06355e-07
 1.90681e-07
 1.76564e-07
 1.63830e-07
 1.52323e-07
 1.41904e-07
 1.32453e-07
 1.23862e-07
 1.16036e-07
 6.27523e-07
 5.70324e-07
 5.16061e-07
 4.66116e-07
 4.20973e-07
 3.80605e-07
 3.44724e-07
 3.12929e-07
 2.84781e-07
 2.59853e-07
 2.37749e-07
 2.18113e-07
 2.00631e-07
 1.85028e-07
 1.71065e-07
 1.58538e-07
 1.47267e-07
 1.37101e-07
 1.27907e-07
 1.19570e-07
 7.48358e-07
 6.65217e-07
 5.90647e-07
 5.24979e-07
 4.67700e-07
 4.17955e-07
 3.74800e-07
 3.37329e-07
 3.04723e-07
 2.76270e-07
 2.51358e-07
 2.29470e-07
 2.10169e-07
 1.93086e-07
 1.77912e-07
 1.64387e-07
 1.52290e-07
 1.41435e-07
 1.31664e-07
 1.22841e-07
 8.89207e-07
 7.71538e-07
 6.71503e-07
 5.87054e-07
 5.15851e-07
 4.55699e-07
 4.04692e-07
 3.61236e-07
 3.24025e-07
 2.91992e-07
 2.64271e-07
 2.40158e-07
 2.19080e-07
 2.00567e-07
 1.84233e-07
 1.69759e-07
 1.56882e-07
 1.45381e-07
 1.35071e-07
 1.25796e-07
 1.04793e-06
 8.86403e-07
 7.55934e-07
 6.50102e-07
 5.63654e-07
 4.92466e-07
 4.33349e-07
 3.83849e-07
 3.42071e-07
 3.06545e-07
 2.76120e-07
 2.49892e-07
 2.27142e-07
 2.07295e-07
 1.89887e-07
 1.74542e-07
 1.60952e-07
 1.48865e-07
 1.38068e-07
 1.28389e-07
 1.21777e-06
 1.00416e-06
 8.39629e-07
 7.10953e-07
 6.08805e-07
 5.26582e-07
 4.59551e-07
 4.04268e-07
 3.58195e-07
 3.19429e-07
 2.86528e-07
 2.58382e-07
 2.34131e-07
 2.13095e-07
 1.94738e-07
 1.78628e-07
 1.64416e-07
 1.51818e-07
 1.40601e-07
 1.30572e-07
 1.38592e-06
 1.11605e-06
 9.16723e-07
 7.65658e-07
 6.48613e-07
 5.56188e-07
 4.81990e-07
 4.21563e-07
 3.71723e-07
 3.30151e-07
 2.95127e-07
 2.65353e-07
 2.39837e-07
 2.17807e-07
 1.98661e-07
 1.81918e-07
 1.67194e-07
 1.54179e-07
 1.42620e-07
 1.32307e-07
 1.53369e-06
 1.21094e-06
 9.80379e-07
 8.09902e-07
 6.80281e-07
 5.79422e-07
 4.99401e-07
 4.34852e-07
 3.82030e-07
 3.38260e-07
 3.01589e-07
 2.70560e-07
 2.44076e-07
 2.21291e-07
 2.01548e-07
 1.84329e-07
 1.69223e-07
 1.55896e-07
 1.44082e-07
 1.33560e-07
 1.63983e-06
 1.27723e-06
 1.02393e-06
 8.39670e-07
 7.01295e-07
 5.94658e-07
 5.10702e-07
 4.43398e-07
 3.88604e-07
 3.43393e-07
 3.05649e-07
 2.73810e-07
 2.46705e-07
 2.23438e-07
 2.03317e-07
 1.85797e-07
 1.70450e-07
 1.56930e-07
 1.44958e-07
 1.34305e-07
 1.68661e-06
 1.30578e-06
 1.04231e-06
 8.51999e-07
 7.09842e-07
 6.00747e-07
 5.15139e-07
 4.46695e-07
 3.91095e-07
 3.45302e-07
 3.07131e-07
 2.74974e-07
 2.47628e-07
 2.24177e-07
 2.03912e-07
 1.86281e-07
 1.70845e-07
 1.57255e-07
 1.45226e-07
 1.34528e-07
 1.66601e-06
 1.29251e-06
 1.03328e-06
 8.45598e-07
 7.05143e-07
 5.97198e-07
 5.12395e-07
 4.44531e-07
 3.89359e-07
 3.43888e-07
 3.05965e-07
 2.74001e-07
 2.46808e-07
 2.23479e-07
 2.03313e-07
 1.85764e-07
 1.70395e-07
 1.56861e-07
 1.44879e-07
 1.34221e-07
 1.58222e-06
 1.23951e-06
 9.97985e-07
 8.21112e-07
 6.87587e-07
 5.84258e-07
 5.02633e-07
 4.37016e-07
 3.83472e-07
 3.39206e-07
 3.02189e-07
 2.70920e-07
 2.44266e-07
 2.21361e-07
 2.01534e-07
 1.84256e-07
 1.69109e-07
 1.55755e-07
 1.43923e-07
 1.33389e-07
 1.44960e-06
 1.15420e-06
 9.40529e-07
 7.80956e-07
 6.58653e-07
 5.62868e-07
 4.86469e-07
 4.24567e-07
 3.73724e-07
 3.31459e-07
 2.95953e-07
 2.65840e-07
 2.40084e-07
 2.17886e-07
 1.98621e-07
 1.81794e-07
 1.67014e-07
 1.53960e-07
 1.42375e-07
 1.32048e-07
 1.28772e-06
 1.04721e-06
 8.67009e-07
 7.28791e-07
 6.20630e-07
 5.34507e-07
 4.64888e-07
 4.07856e-07
 3.60582e-07
 3.20982e-07
 2.87496e-07
 2.58938e-07
 2.34395e-07
 2.13153e-07
 1.94651e-07
 1.78439e-07
 1.64157e-07
 1.51513e-07
 1.40266e-07
 1.30220e-07
 1.11592e-06
 9.29737e-07
 7.84177e-07
 6.68834e-07
 5.76232e-07
 5.00971e-07
 4.39108e-07
 3.87727e-07
 3.44644e-07
 3.08204e-07
 2.77134e-07
 2.50449e-07
 2.27374e-07
 2.07297e-07
 1.89728e-07
 1.74270e-07
 1.60603e-07
 1.48464e-07
 1.37636e-07
 1.27939e-07
 9.49443e-07
 8.11461e-07
 6.98279e-07
 6.05187e-07
 5.28210e-07
 4.64139e-07
 4.10437e-07
 3.65106e-07
 3.26577e-07
 2.93612e-07
 2.65228e-07
 2.40643e-07
 2.19228e-07
 2.00476e-07
 1.83974e-07
 1.69384e-07
 1.56427e-07
 1.44875e-07
 1.34533e-07
 1.25243e-07
 7.97891e-07
 6.99409e-07
 6.14287e-07
 5.41350e-07
 4.79034e-07
 4.25772e-07
 3.80142e-07
 3.40917e-07
 3.07061e-07
 2.77713e-07
 2.52160e-07
 2.29811e-07
 2.10180e-07
 1.92864e-07
 1.77526e-07
 1.63888e-07
 1.51716e-07
 1.40813e-07
 1.31014e-07
 1.22178e-07
 6.65732e-07
 5.97771e-07
 5.35622e-07
 4.79967e-07
 4.30707e-07
 3.87372e-07
 3.49351e-07
 3.16007e-07
 2.86738e-07
 2.60997e-07
 2.38305e-07
 2.18245e-07
 2.00458e-07
 1.84638e-07
 1.70525e-07
 1.57895e-07
 1.46558e-07
 1.36352e-07
 1.27137e-07
 1.18794e-07
 5.53750e-07
 5.08380e-07
 4.64244e-07
 4.22792e-07
 3.84686e-07
 3.50111e-07
 3.18991e-07
 2.91106e-07
 2.66179e-07
 2.43912e-07
 2.24017e-07
 2.06222e-07
 1.90282e-07
 1.75977e-07
 1.63114e-07
 1.51520e-07
 1.41049e-07
 1.31568e-07
 1.22965e-07
 1.15141e-07
 4.60588e-07
 4.31419e-07
 4.00952e-07
 3.70794e-07
 3.41911e-07
 3.14823e-07
 2.89767e-07
 2.66796e-07
 2.45860e-07
 2.26844e-07
 2.09607e-07
 1.93996e-07
 1.79857e-07
 1.67046e-07
 1.55426e-07
 1.44874e-07
 1.35278e-07
 1.26537e-07
 1.18561e-07
 1.11271e-07
