scalar
part
         1
quad4
 4.25610e-07
 4.02309e-07
 3.76729e-07
 3.50607e-07
 3.25041e-07
 3.00677e-07
 2.77859e-07
 2.56731e-07
 2.37316e-07
 2.19562e-07
 2.03374e-07
 1.88641e-07
 1.75239e-07
 1.63049e-07
 1.51955e-07
 1.41850e-07
 1.32635e-07
 1.24221e-07
 1.16527e-07
 1.09480e-07
 5.17035e-07
 4.78530e-07
 4.39921e-07
 4.02899e-07
 3.68339e-07
 3.36610e-07
 3.07779e-07
 2.81746e-07
 2.58324e-07
 2.37288e-07
 2.18403e-07
 2.01444e-07
 1.86198e-07
 1.72473e-07
 1.60096e-07
 1.48913e-07
 1.38789e-07
 1.29604e-07
 1.21254e-07
 1.13647e-07
 6.28043e-07
 5.67937e-07
 5.11877e-07
 4.60945e-07
 4.15361e-07
 3.74904e-07
 3.39151e-07
 3.07608e-07
 2.79778e-07
 2.55197e-07
 2.33446e-07
 2.14153e-07
 1.96998e-07
 1.81701e-07
 1.68022e-07
 1.55755e-07
 1.44724e-07
 1.34775e-07
 1.25779e-07
 1.17622e-07
 7.60513e-07
 6.70704e-07
 5.92033e-07
 5.23927e-07
 4.65262e-07
 4.14786e-07
 3.71304e-07
 3.33752e-07
 3.01212e-07
 2.72908e-07
 2.48190e-07
 2.26516e-07
 2.07432e-07
 1.90564e-07
 1.75595e-07
 1.62263e-07
 1.50345e-07
 1.39655e-07
 1.30035e-07
 1.21351e-07
 9.14329e-07
 7.85407e-07
 6.78668e-07
 5.90228e-07
 5.16658e-07
 4.55121e-07
 4.03329e-07
 3.59457e-07
 3.22055e-07
 2.89970e-07
 2.62280e-07
 2.38247e-07
 2.17275e-07
 1.98881e-07
 1.82669e-07
 1.68317e-07
 1.55557e-07
 1.44166e-07
 1.33959e-07
 1.24781e-07
 1.08577e-06
 9.08243e-07
 7.68557e-07
 6.57293e-07
 5.67585e-07
 4.94417e-07
 4.34094e-07
 3.83864e-07
 3.41653e-07
 3.05880e-07
 2.75327e-07
 2.49046e-07
 2.26289e-07
 2.06464e-07
 1.89096e-07
 1.73800e-07
 1.60263e-07
 1.48229e-07
 1.37487e-07
 1.27859e-07
 1.26584e-06
 1.03243e-06
 8.56798e-07
 7.21624e-07
 6.15544e-07
 5.30879e-07
 4.62299e-07
 4.06020e-07
 3.59299e-07
 3.20110e-07
 2.86931e-07
 2.58605e-07
 2.34238e-07
 2.13130e-07
 1.94729e-07
 1.78595e-07
 1.64372e-07
 1.51772e-07
 1.40558e-07
 1.30535e-07
 1.43947e-06
 1.14821e-06
 9.37020e-07
 7.78994e-07
 6.57681e-07
 5.62542e-07
 4.86567e-07
 4.24945e-07
 3.74285e-07
 3.32139e-07
 2.96705e-07
 2.66634e-07
 2.40899e-07
 2.18706e-07
 1.99436e-07
 1.82597e-07
 1.67799e-07
 1.54725e-07
 1.43118e-07
 1.32767e-07
 1.58665e-06
 1.24387e-06
 1.00210e-06
 8.24924e-07
 6.91094e-07
 5.87475e-07
 5.05583e-07
 4.39723e-07
 3.85960e-07
 3.41496e-07
 3.04303e-07
 2.72874e-07
 2.46077e-07
 2.23044e-07
 2.03100e-07
 1.85717e-07
 1.70474e-07
 1.57034e-07
 1.45123e-07
 1.34517e-07
 1.68616e-06
 1.30781e-06
 1.04534e-06
 8.55370e-07
 7.13242e-07
 6.04030e-07
 5.18242e-07
 4.49596e-07
 3.93791e-07
 3.47802e-07
 3.09447e-07
 2.77120e-07
 2.49618e-07
 2.26025e-07
 2.05631e-07
 1.87883e-07
 1.72340e-07
 1.58652e-07
 1.46535e-07
 1.35756e-07
 1.72136e-06
 1.33138e-06
 1.06192e-06
 8.67488e-07
 7.22369e-07
 6.11078e-07
 5.23800e-07
 4.54056e-07
 3.97425e-07
 3.50802e-07
 3.11952e-07
 2.79234e-07
 2.51419e-07
 2.27571e-07
 2.06968e-07
 1.89047e-07
 1.73361e-07
 1.59552e-07
 1.47331e-07
 1.36465e-07
 1.68612e-06
 1.31145e-06
 1.05010e-06
 8.60237e-07
 7.17826e-07
 6.08198e-07
 5.21970e-07
 4.52905e-07
 3.96720e-07
 3.50394e-07
 3.11744e-07
 2.79161e-07
 2.51436e-07
 2.27648e-07
 2.07085e-07
 1.89190e-07
 1.73518e-07
 1.59717e-07
 1.47500e-07
 1.36633e-07
 1.58765e-06
 1.25149e-06
 1.01168e-06
 8.34624e-07
 7.00196e-07
 5.95739e-07
 5.12970e-07
 4.46281e-07
 3.91766e-07
 3.46638e-07
 3.08862e-07
 2.76926e-07
 2.49687e-07
 2.26269e-07
 2.05991e-07
 1.88316e-07
 1.72817e-07
 1.59152e-07
 1.47044e-07
 1.36264e-07
 1.44386e-06
 1.16054e-06
 9.51578e-07
 7.93472e-07
 6.71177e-07
 5.74763e-07
 4.97484e-07
 4.34637e-07
 3.82871e-07
 3.39746e-07
 3.03455e-07
 2.72637e-07
 2.46252e-07
 2.23492e-07
 2.03728e-07
 1.86458e-07
 1.71282e-07
 1.57877e-07
 1.45977e-07
 1.35368e-07
 1.27671e-06
 1.05046e-06
 8.76539e-07
 7.40794e-07
 6.33253e-07
 5.46858e-07
 4.76557e-07
 4.18679e-07
 3.70520e-07
 3.30061e-07
 2.95770e-07
 2.66474e-07
 2.41261e-07
 2.19416e-07
 2.00372e-07
 1.83675e-07
 1.68958e-07
 1.55924e-07
 1.44328e-07
 1.33967e-07
 1.10567e-06
 9.32808e-07
 7.93604e-07
 6.81000e-07
 5.89259e-07
 5.13896e-07
 4.51453e-07
 3.99278e-07
 3.55328e-07
 3.18021e-07
 2.86125e-07
 2.58671e-07
 2.34891e-07
 2.14173e-07
 1.96023e-07
 1.80043e-07
 1.65905e-07
 1.53343e-07
 1.42133e-07
 1.32091e-07
 9.44302e-07
 8.16787e-07
 7.08903e-07
 6.18191e-07
 5.41973e-07
 4.77782e-07
 4.23502e-07
 3.77376e-07
 3.37970e-07
 3.04119e-07
 2.74884e-07
 2.49499e-07
 2.27346e-07
 2.07919e-07
 1.90803e-07
 1.75657e-07
 1.62198e-07
 1.50191e-07
 1.39440e-07
 1.29778e-07
 7.99953e-07
 7.08465e-07
 6.27020e-07
 5.55711e-07
 4.93805e-07
 4.40256e-07
 3.93965e-07
 3.53895e-07
 3.19126e-07
 2.88863e-07
 2.62427e-07
 2.39249e-07
 2.18850e-07
 2.00828e-07
 1.84847e-07
 1.70624e-07
 1.57921e-07
 1.46537e-07
 1.36303e-07
 1.27072e-07
 6.75227e-07
 6.11066e-07
 5.50892e-07
 4.95967e-07
 4.46641e-07
 4.02766e-07
 3.63943e-07
 3.29672e-07
 2.99436e-07
 2.72739e-07
 2.49132e-07
 2.28212e-07
 2.09629e-07
 1.93078e-07
 1.78295e-07
 1.65055e-07
 1.53163e-07
 1.42453e-07
 1.32780e-07
 1.24021e-07
 5.69779e-07
 5.25699e-07
 4.82056e-07
 4.40476e-07
 4.01813e-07
 3.66415e-07
 3.34327e-07
 3.05415e-07
 2.79457e-07
 2.56190e-07
 2.35346e-07
 2.16664e-07
 1.99902e-07
 1.84842e-07
 1.71287e-07
 1.59063e-07
 1.48016e-07
 1.38012e-07
 1.28933e-07
 1.20674e-07
