scalar
part
         1
quad4
 4.41305e-07
 4.15653e-07
 3.88032e-07
 3.60169e-07
 3.33136e-07
 3.07543e-07
 2.83700e-07
 2.61718e-07
 2.41590e-07
 2.23239e-07
 2.06553e-07
 1.91399e-07
 1.77642e-07
 1.65151e-07
 1.53802e-07
 1.43478e-07
 1.34076e-07
 1.25500e-07
 1.17666e-07
 1.10498e-07
 5.34333e-07
 4.92898e-07
 4.51834e-07
 4.12786e-07
 3.76567e-07
 3.43484e-07
 3.13549e-07
 2.86614e-07
 2.62452e-07
 2.40807e-07
 2.21419e-07
 2.04041e-07
 1.88446e-07
 1.74427e-07
 1.61803e-07
 1.50410e-07
 1.40108e-07
 1.30770e-07
 1.22288e-07
 1.14567e-07
 6.46918e-07
 5.83191e-07
 5.24222e-07
 4.70975e-07
 4.23554e-07
 3.81639e-07
 3.44725e-07
 3.12252e-07
 2.83674e-07
 2.58486e-07
 2.36240e-07
 2.16542e-07
 1.99051e-07
 1.83475e-07
 1.69562e-07
 1.57099e-07
 1.45901e-07
 1.35811e-07
 1.26694e-07
 1.18433e-07
 7.80749e-07
 6.86548e-07
 6.04511e-07
 5.33831e-07
 4.73193e-07
 4.21196e-07
 3.76531e-07
 3.38052e-07
 3.04779e-07
 2.75890e-07
 2.50702e-07
 2.28645e-07
 2.09250e-07
 1.92124e-07
 1.76942e-07
 1.63431e-07
 1.51363e-07
 1.40547e-07
 1.30819e-07
 1.22043e-07
 9.35393e-07
 8.01315e-07
 6.90827e-07
 5.99640e-07
 5.24040e-07
 4.60982e-07
 4.08037e-07
 3.63279e-07
 3.25190e-07
 2.92564e-07
 2.64445e-07
 2.40067e-07
 2.18817e-07
 2.00195e-07
 1.83796e-07
 1.69288e-07
 1.56398e-07
 1.44899e-07
 1.34600e-07
 1.25343e-07
 1.10665e-06
 9.23394e-07
 7.79771e-07
 6.65750e-07
 5.74075e-07
 4.99477e-07
 4.38095e-07
 3.87069e-07
 3.44249e-07
 3.08005e-07
 2.77083e-07
 2.50508e-07
 2.27517e-07
 2.07502e-07
 1.89978e-07
 1.74554e-07
 1.60912e-07
 1.48790e-07
 1.37973e-07
 1.28282e-07
 1.28491e-06
 1.04569e-06
 8.66288e-07
 7.28589e-07
 6.20769e-07
 5.34874e-07
 4.65405e-07
 4.08470e-07
 3.61256e-07
 3.21690e-07
 2.88221e-07
 2.59666e-07
 2.35118e-07
 2.13865e-07
 1.95346e-07
 1.79116e-07
 1.64815e-07
 1.52149e-07
 1.40881e-07
 1.30813e-07
 1.45453e-06
 1.15823e-06
 9.43932e-07
 7.83916e-07
 6.61277e-07
 5.65225e-07
 4.88606e-07
 4.26519e-07
 3.75515e-07
 3.33110e-07
 2.97480e-07
 2.67257e-07
 2.41403e-07
 2.19116e-07
 1.99771e-07
 1.82872e-07
 1.68025e-07
 1.54912e-07
 1.43272e-07
 1.32894e-07
 1.59530e-06
 1.24929e-06
 1.00565e-06
 8.27324e-07
 6.92756e-07
 5.88648e-07
 5.06421e-07
 4.40327e-07
 3.86396e-07
 3.41811e-07
 3.04528e-07
 2.73033e-07
 2.46186e-07
 2.23114e-07
 2.03141e-07
 1.85736e-07
 1.70476e-07
 1.57022e-07
 1.45101e-07
 1.34488e-07
 1.68653e-06
 1.30769e-06
 1.04500e-06
 8.54940e-07
 7.12782e-07
 6.03571e-07
 5.17799e-07
 4.49176e-07
 3.93397e-07
 3.47433e-07
 3.09103e-07
 2.76800e-07
 2.49320e-07
 2.25747e-07
 2.05372e-07
 1.87641e-07
 1.72114e-07
 1.58441e-07
 1.46336e-07
 1.35569e-07
 1.71296e-06
 1.32548e-06
 1.05758e-06
 8.64162e-07
 7.19750e-07
 6.08966e-07
 5.22063e-07
 4.52604e-07
 3.96195e-07
 3.49747e-07
 3.11038e-07
 2.78435e-07
 2.50714e-07
 2.26945e-07
 2.06409e-07
 1.88545e-07
 1.72907e-07
 1.59139e-07
 1.46955e-07
 1.36121e-07
 1.67009e-06
 1.30036e-06
 1.04207e-06
 8.54217e-07
 7.13175e-07
 6.04516e-07
 5.18997e-07
 4.50462e-07
 3.94684e-07
 3.48675e-07
 3.10276e-07
 2.77894e-07
 2.50334e-07
 2.26682e-07
 2.06232e-07
 1.88431e-07
 1.72840e-07
 1.59108e-07
 1.46950e-07
 1.36134e-07
 1.56627e-06
 1.23643e-06
 1.00068e-06
 8.26332e-07
 6.93781e-07
 5.90666e-07
 5.08881e-07
 4.42932e-07
 3.88984e-07
 3.44298e-07
 3.06872e-07
 2.75217e-07
 2.48207e-07
 2.24978e-07
 2.04855e-07
 1.87311e-07
 1.71923e-07
 1.58353e-07
 1.46325e-07
 1.35614e-07
 1.41965e-06
 1.14298e-06
 9.38483e-07
 7.83463e-07
 6.63360e-07
 5.68540e-07
 4.92447e-07
 4.30500e-07
 3.79429e-07
 3.36849e-07
 3.00992e-07
 2.70523e-07
 2.44422e-07
 2.21897e-07
 2.02328e-07
 1.85222e-07
 1.70184e-07
 1.56895e-07
 1.45097e-07
 1.34574e-07
 1.25178e-06
 1.03175e-06
 8.62233e-07
 7.29653e-07
 6.24429e-07
 5.39760e-07
 4.70766e-07
 4.13894e-07
 3.66522e-07
 3.26684e-07
 2.92892e-07
 2.64000e-07
 2.39117e-07
 2.17545e-07
 1.98729e-07
 1.82223e-07
 1.67669e-07
 1.54773e-07
 1.43295e-07
 1.33037e-07
 1.08147e-06
 9.14015e-07
 7.78843e-07
 6.69264e-07
 5.79811e-07
 5.06198e-07
 4.45109e-07
 3.93994e-07
 3.50884e-07
 3.14249e-07
 2.82896e-07
 2.55886e-07
 2.32472e-07
 2.12058e-07
 1.94163e-07
 1.78397e-07
 1.64442e-07
 1.52036e-07
 1.40960e-07
 1.31034e-07
 9.21649e-07
 7.98623e-07
 6.94261e-07
 6.06301e-07
 5.32235e-07
 4.69737e-07
 4.16796e-07
 3.71738e-07
 3.33191e-07
 3.00038e-07
 2.71372e-07
 2.46457e-07
 2.24694e-07
 2.05594e-07
 1.88753e-07
 1.73840e-07
 1.60580e-07
 1.48743e-07
 1.38139e-07
 1.28605e-07
 7.79209e-07
 6.91350e-07
 6.12886e-07
 5.43996e-07
 4.84046e-07
 4.32078e-07
 3.87066e-07
 3.48038e-07
 3.14120e-07
 2.84556e-07
 2.58700e-07
 2.36004e-07
 2.16009e-07
 1.98327e-07
 1.82635e-07
 1.68658e-07
 1.56166e-07
 1.44965e-07
 1.34887e-07
 1.25794e-07
 6.56471e-07
 5.95203e-07
 5.37502e-07
 4.84657e-07
 4.37065e-07
 3.94627e-07
 3.56995e-07
 3.23711e-07
 2.94296e-07
 2.68284e-07
 2.45251e-07
 2.24815e-07
 2.06640e-07
 1.90436e-07
 1.75950e-07
 1.62965e-07
 1.51292e-07
 1.40772e-07
 1.31264e-07
 1.22650e-07
 5.52934e-07
 5.11146e-07
 4.69531e-07
 4.29713e-07
 3.92558e-07
 3.58444e-07
 3.27442e-07
 2.99448e-07
 2.74266e-07
 2.51656e-07
 2.31369e-07
 2.13162e-07
 1.96806e-07
 1.82094e-07
 1.68838e-07
 1.56872e-07
 1.46049e-07
 1.36240e-07
 1.27331e-07
 1.19223e-07
