scalar
part
         1
quad4
 4.49425e-07
 4.21887e-07
 3.92845e-07
 3.63911e-07
 3.36064e-07
 3.09849e-07
 2.85525e-07
 2.63167e-07
 2.42744e-07
 2.24158e-07
 2.07283e-07
 1.91977e-07
 1.78096e-07
 1.65505e-07
 1.54072e-07
 1.43680e-07
 1.34221e-07
 1.25598e-07
 1.17725e-07
 1.10524e-07
 5.41493e-07
 4.98146e-07
 4.55717e-07
 4.15686e-07
 3.78750e-07
 3.45137e-07
 3.14804e-07
 2.87567e-07
 2.63172e-07
 2.41345e-07
 2.21814e-07
 2.04323e-07
 1.88637e-07
 1.74546e-07
 1.61864e-07
 1.50424e-07
 1.40083e-07
 1.30715e-07
 1.22209e-07
 1.14468e-07
 6.52402e-07
 5.86931e-07
 5.26801e-07
 4.72767e-07
 4.24802e-07
 3.82502e-07
 3.45310e-07
 3.12633e-07
 2.83903e-07
 2.58600e-07
 2.36267e-07
 2.16501e-07
 1.98959e-07
 1.83343e-07
 1.69400e-07
 1.56914e-07
 1.45699e-07
 1.35596e-07
 1.26469e-07
 1.18203e-07
 7.83639e-07
 6.88168e-07
 6.05380e-07
 5.34245e-07
 4.73322e-07
 4.21141e-07
 3.76356e-07
 3.37796e-07
 3.04468e-07
 2.75543e-07
 2.50331e-07
 2.28260e-07
 2.08857e-07
 1.91728e-07
 1.76546e-07
 1.63038e-07
 1.50975e-07
 1.40165e-07
 1.30445e-07
 1.21677e-07
 9.34632e-07
 8.00184e-07
 6.89604e-07
 5.98437e-07
 5.22896e-07
 4.59908e-07
 4.07031e-07
 3.62337e-07
 3.24304e-07
 2.91730e-07
 2.63657e-07
 2.39323e-07
 2.18111e-07
 1.99524e-07
 1.83158e-07
 1.68681e-07
 1.55820e-07
 1.44347e-07
 1.34073e-07
 1.24839e-07
 1.10124e-06
 9.18992e-07
 7.76175e-07
 6.62771e-07
 5.71564e-07
 4.97324e-07
 4.36220e-07
 3.85412e-07
 3.42769e-07
 3.06669e-07
 2.75868e-07
 2.49395e-07
 2.26491e-07
 2.06552e-07
 1.89095e-07
 1.73730e-07
 1.60140e-07
 1.48066e-07
 1.37291e-07
 1.27639e-07
 1.27428e-06
 1.03779e-06
 8.60234e-07
 7.23803e-07
 6.16880e-07
 5.31638e-07
 4.62658e-07
 4.06099e-07
 3.59181e-07
 3.19852e-07
 2.86577e-07
 2.58184e-07
 2.33772e-07
 2.12635e-07
 1.94217e-07
 1.78074e-07
 1.63849e-07
 1.51252e-07
 1.40044e-07
 1.30031e-07
 1.43894e-06
 1.14709e-06
 9.35604e-07
 7.77449e-07
 6.56094e-07
 5.60964e-07
 4.85027e-07
 4.23460e-07
 3.72863e-07
 3.30784e-07
 2.95418e-07
 2.65414e-07
 2.39743e-07
 2.17611e-07
 1.98399e-07
 1.81616e-07
 1.66869e-07
 1.53844e-07
 1.42282e-07
 1.31973e-07
 1.57610e-06
 1.23569e-06
 9.95503e-07
 8.19452e-07
 6.86452e-07
 5.83472e-07
 5.02083e-07
 4.36631e-07
 3.83204e-07
 3.39022e-07
 3.02067e-07
 2.70843e-07
 2.44222e-07
 2.21343e-07
 2.01534e-07
 1.84270e-07
 1.69133e-07
 1.55788e-07
 1.43961e-07
 1.33432e-07
 1.66590e-06
 1.29275e-06
 1.03367e-06
 8.46037e-07
 7.05588e-07
 5.97630e-07
 5.12804e-07
 4.44914e-07
 3.89715e-07
 3.44219e-07
 3.06271e-07
 2.74284e-07
 2.47071e-07
 2.23723e-07
 2.03540e-07
 1.85975e-07
 1.70593e-07
 1.57045e-07
 1.45052e-07
 1.34383e-07
 1.69307e-06
 1.31036e-06
 1.04571e-06
 8.54615e-07
 7.11913e-07
 6.02424e-07
 5.16524e-07
 4.47857e-07
 3.92082e-07
 3.46151e-07
 3.07869e-07
 2.75621e-07
 2.48199e-07
 2.24684e-07
 2.04366e-07
 1.86690e-07
 1.71215e-07
 1.57591e-07
 1.45533e-07
 1.34809e-07
 1.65219e-06
 1.28579e-06
 1.03014e-06
 8.44343e-07
 7.04914e-07
 5.97530e-07
 5.13027e-07
 4.45313e-07
 3.90204e-07
 3.44747e-07
 3.06807e-07
 2.74811e-07
 2.47578e-07
 2.24205e-07
 2.03995e-07
 1.86401e-07
 1.70990e-07
 1.57416e-07
 1.45397e-07
 1.34704e-07
 1.55036e-06
 1.22264e-06
 9.88918e-07
 8.16338e-07
 6.85263e-07
 5.83365e-07
 5.02582e-07
 4.37461e-07
 3.84200e-07
 3.40088e-07
 3.03145e-07
 2.71899e-07
 2.45237e-07
 2.22306e-07
 2.02441e-07
 1.85120e-07
 1.69927e-07
 1.56528e-07
 1.44650e-07
 1.34074e-07
 1.40496e-06
 1.12979e-06
 9.26934e-07
 7.73449e-07
 6.54693e-07
 5.61026e-07
 4.85906e-07
 4.24780e-07
 3.74401e-07
 3.32407e-07
 2.97047e-07
 2.67002e-07
 2.41265e-07
 2.19054e-07
 1.99756e-07
 1.82886e-07
 1.68055e-07
 1.54949e-07
 1.43311e-07
 1.32931e-07
 1.23751e-06
 1.01887e-06
 8.50836e-07
 7.19655e-07
 6.15684e-07
 5.32109e-07
 4.64056e-07
 4.07990e-07
 3.61305e-07
 3.22056e-07
 2.88768e-07
 2.60309e-07
 2.35801e-07
 2.14553e-07
 1.96019e-07
 1.79760e-07
 1.65423e-07
 1.52718e-07
 1.41409e-07
 1.31300e-07
 1.06718e-06
 9.01258e-07
 7.67543e-07
 6.59299e-07
 5.71039e-07
 4.98471e-07
 4.38292e-07
 3.87963e-07
 3.45529e-07
 3.09479e-07
 2.78632e-07
 2.52059e-07
 2.29024e-07
 2.08941e-07
 1.91335e-07
 1.75824e-07
 1.62093e-07
 1.49884e-07
 1.38983e-07
 1.29214e-07
 9.07283e-07
 7.85940e-07
 6.83055e-07
 5.96399e-07
 5.23481e-07
 4.61988e-07
 4.09925e-07
 3.65630e-07
 3.27746e-07
 2.95168e-07
 2.67003e-07
 2.42524e-07
 2.21143e-07
 2.02376e-07
 1.85828e-07
 1.71174e-07
 1.58142e-07
 1.46508e-07
 1.36084e-07
 1.26710e-07
 7.64938e-07
 6.78816e-07
 6.01823e-07
 5.34205e-07
 4.75362e-07
 4.24360e-07
 3.80192e-07
 3.41900e-07
 3.08626e-07
 2.79624e-07
 2.54260e-07
 2.31995e-07
 2.12379e-07
 1.95031e-07
 1.79632e-07
 1.65916e-07
 1.53655e-07
 1.42659e-07
 1.32765e-07
 1.23835e-07
 6.42522e-07
 5.82942e-07
 5.26663e-07
 4.75038e-07
 4.28503e-07
 3.86988e-07
 3.50163e-07
 3.17586e-07
 2.88791e-07
 2.63325e-07
 2.40771e-07
 2.20758e-07
 2.02956e-07
 1.87082e-07
 1.72888e-07
 1.60163e-07
 1.48722e-07
 1.38408e-07
 1.29085e-07
 1.20637e-07
 5.39510e-07
 4.99287e-07
 4.59004e-07
 4.20332e-07
 3.84175e-07
 3.50932e-07
 3.20695e-07
 2.93375e-07
 2.68787e-07
 2.46702e-07
 2.26879e-07
 2.09082e-07
 1.93091e-07
 1.78702e-07
 1.65735e-07
 1.54026e-07
 1.43434e-07
 1.33831e-07
 1.25107e-07
 1.17165e-07
