scalar
part
         1
quad4
 4.10464e-07
 3.87275e-07
 3.62111e-07
 3.36593e-07
 3.11734e-07
 2.88125e-07
 2.66069e-07
 2.45688e-07
 2.26989e-07
 2.09911e-07
 1.94358e-07
 1.80213e-07
 1.67358e-07
 1.55672e-07
 1.45044e-07
 1.35368e-07
 1.26548e-07
 1.18498e-07
 1.11139e-07
 1.04401e-07
 4.97067e-07
 4.59347e-07
 4.21772e-07
 3.85897e-07
 3.52511e-07
 3.21929e-07
 2.94190e-07
 2.69178e-07
 2.46700e-07
 2.26530e-07
 2.08437e-07
 1.92199e-07
 1.77610e-07
 1.64482e-07
 1.52649e-07
 1.41962e-07
 1.32290e-07
 1.23518e-07
 1.15544e-07
 1.08282e-07
 6.01858e-07
 5.43610e-07
 4.89496e-07
 4.40464e-07
 3.96668e-07
 3.57856e-07
 3.23597e-07
 2.93400e-07
 2.66778e-07
 2.43278e-07
 2.22494e-07
 2.04067e-07
 1.87688e-07
 1.73088e-07
 1.60036e-07
 1.48334e-07
 1.37813e-07
 1.28327e-07
 1.19750e-07
 1.11975e-07
 7.26427e-07
 6.40112e-07
 5.64676e-07
 4.99475e-07
 4.43380e-07
 3.95158e-07
 3.53646e-07
 3.17814e-07
 2.86778e-07
 2.59792e-07
 2.36232e-07
 2.15578e-07
 1.97397e-07
 1.81329e-07
 1.67073e-07
 1.54377e-07
 1.43029e-07
 1.32852e-07
 1.23694e-07
 1.15428e-07
 8.70433e-07
 7.47379e-07
 6.45617e-07
 5.61366e-07
 4.91319e-07
 4.32752e-07
 3.83472e-07
 3.41737e-07
 3.06162e-07
 2.75648e-07
 2.49317e-07
 2.26465e-07
 2.06524e-07
 1.89036e-07
 1.73623e-07
 1.59979e-07
 1.47848e-07
 1.37020e-07
 1.27317e-07
 1.18592e-07
 1.03012e-06
 8.61708e-07
 7.29223e-07
 6.23703e-07
 5.38624e-07
 4.69228e-07
 4.12010e-07
 3.64361e-07
 3.24315e-07
 2.90374e-07
 2.61383e-07
 2.36444e-07
 2.14848e-07
 1.96032e-07
 1.79548e-07
 1.65029e-07
 1.52180e-07
 1.40757e-07
 1.30559e-07
 1.21418e-07
 1.19685e-06
 9.76650e-07
 8.10862e-07
 6.83192e-07
 5.82948e-07
 5.02904e-07
 4.38041e-07
 3.84794e-07
 3.40576e-07
 3.03476e-07
 2.72058e-07
 2.45230e-07
 2.22147e-07
 2.02148e-07
 1.84711e-07
 1.69420e-07
 1.55939e-07
 1.43995e-07
 1.33363e-07
 1.23861e-07
 1.35645e-06
 1.08308e-06
 8.84591e-07
 7.35896e-07
 6.21635e-07
 5.31953e-07
 4.60287e-07
 4.02126e-07
 3.54287e-07
 3.14470e-07
 2.80982e-07
 2.52553e-07
 2.28216e-07
 2.07223e-07
 1.88990e-07
 1.73055e-07
 1.59048e-07
 1.46671e-07
 1.35681e-07
 1.25879e-07
 1.49045e-06
 1.17019e-06
 9.43836e-07
 7.77682e-07
 6.52006e-07
 5.54593e-07
 4.77533e-07
 4.15512e-07
 3.64848e-07
 3.22924e-07
 2.87837e-07
 2.58175e-07
 2.32875e-07
 2.11120e-07
 1.92278e-07
 1.75851e-07
 1.61442e-07
 1.48735e-07
 1.37471e-07
 1.27439e-07
 1.57961e-06
 1.22744e-06
 9.82502e-07
 8.04863e-07
 6.71743e-07
 5.69317e-07
 4.88771e-07
 4.24259e-07
 3.71773e-07
 3.28489e-07
 2.92369e-07
 2.61909e-07
 2.35983e-07
 2.13733e-07
 1.94493e-07
 1.77743e-07
 1.63070e-07
 1.50144e-07
 1.38699e-07
 1.28515e-07
 1.60908e-06
 1.24708e-06
 9.96261e-07
 8.14882e-07
 6.79268e-07
 5.75114e-07
 4.93332e-07
 4.27913e-07
 3.74746e-07
 3.30940e-07
 2.94413e-07
 2.63632e-07
 2.37449e-07
 2.14991e-07
 1.95580e-07
 1.78689e-07
 1.63898e-07
 1.50874e-07
 1.39344e-07
 1.29089e-07
 1.57361e-06
 1.22643e-06
 9.83628e-07
 8.06862e-07
 6.74035e-07
 5.71630e-07
 4.90978e-07
 4.26308e-07
 3.73648e-07
 3.30191e-07
 2.93907e-07
 2.63298e-07
 2.37237e-07
 2.14866e-07
 1.95518e-07
 1.78671e-07
 1.63913e-07
 1.50912e-07
 1.39398e-07
 1.29154e-07
 1.48000e-06
 1.16885e-06
 9.46388e-07
 7.81811e-07
 6.56639e-07
 5.59227e-07
 4.81938e-07
 4.19593e-07
 3.68578e-07
 3.26308e-07
 2.90897e-07
 2.60938e-07
 2.35369e-07
 2.13374e-07
 1.94318e-07
 1.77699e-07
 1.63121e-07
 1.50262e-07
 1.38864e-07
 1.28712e-07
 1.34475e-06
 1.08277e-06
 8.89157e-07
 7.42400e-07
 6.28696e-07
 5.38923e-07
 4.66871e-07
 4.08207e-07
 3.59836e-07
 3.19501e-07
 2.85529e-07
 2.56659e-07
 2.31923e-07
 2.10574e-07
 1.92023e-07
 1.75805e-07
 1.61547e-07
 1.48946e-07
 1.37756e-07
 1.27776e-07
 1.18813e-06
 9.79144e-07
 8.18210e-07
 6.92384e-07
 5.92543e-07
 5.12218e-07
 4.46769e-07
 3.92822e-07
 3.47886e-07
 3.10097e-07
 2.78041e-07
 2.50633e-07
 2.27027e-07
 2.06560e-07
 1.88707e-07
 1.73045e-07
 1.59234e-07
 1.46996e-07
 1.36103e-07
 1.26367e-07
 1.02813e-06
 8.68710e-07
 7.40092e-07
 6.35875e-07
 5.50831e-07
 4.80867e-07
 4.22821e-07
 3.74260e-07
 3.33309e-07
 2.98513e-07
 2.68736e-07
 2.43084e-07
 2.20848e-07
 2.01461e-07
 1.84467e-07
 1.69495e-07
 1.56242e-07
 1.44459e-07
 1.33940e-07
 1.24513e-07
 8.77323e-07
 7.59981e-07
 6.60495e-07
 5.76686e-07
 5.06150e-07
 4.46653e-07
 3.96273e-07
 3.53406e-07
 3.16742e-07
 2.85214e-07
 2.57957e-07
 2.34270e-07
 2.13582e-07
 1.95425e-07
 1.79418e-07
 1.65244e-07
 1.52641e-07
 1.41391e-07
 1.31313e-07
 1.22252e-07
 7.42519e-07
 6.58584e-07
 5.83665e-07
 5.17923e-07
 4.60743e-07
 4.11198e-07
 3.68304e-07
 3.31124e-07
 2.98823e-07
 2.70676e-07
 2.46064e-07
 2.24465e-07
 2.05438e-07
 1.88616e-07
 1.73688e-07
 1.60393e-07
 1.48511e-07
 1.37857e-07
 1.28273e-07
 1.19625e-07
 6.26116e-07
 5.67496e-07
 5.12320e-07
 4.61817e-07
 4.16360e-07
 3.75848e-07
 3.39940e-07
 3.08195e-07
 2.80149e-07
 2.55357e-07
 2.33410e-07
 2.13942e-07
 1.96632e-07
 1.81202e-07
 1.67410e-07
 1.55048e-07
 1.43937e-07
 1.33924e-07
 1.24876e-07
 1.16679e-07
 5.27772e-07
 4.87726e-07
 4.47874e-07
 4.09768e-07
 3.74234e-07
 3.41626e-07
 3.12009e-07
 2.85278e-07
 2.61242e-07
 2.39670e-07
 2.20321e-07
 2.02960e-07
 1.87368e-07
 1.73347e-07
 1.60716e-07
 1.49316e-07
 1.39007e-07
 1.29665e-07
 1.21181e-07
 1.13459e-07
