scalar
part
         1
quad4
 3.64020e-07
 3.49145e-07
 3.31015e-07
 3.11349e-07
 2.91304e-07
 2.71625e-07
 2.52766e-07
 2.34979e-07
 2.18384e-07
 2.03015e-07
 1.88851e-07
 1.75837e-07
 1.63905e-07
 1.52974e-07
 1.42964e-07
 1.33796e-07
 1.25393e-07
 1.17687e-07
 1.10612e-07
 1.04108e-07
 4.47889e-07
 4.20143e-07
 3.90704e-07
 3.61370e-07
 3.33199e-07
 3.06755e-07
 2.82292e-07
 2.59875e-07
 2.39455e-07
 2.20920e-07
 2.04130e-07
 1.88932e-07
 1.75176e-07
 1.62717e-07
 1.51422e-07
 1.41168e-07
 1.31845e-07
 1.23354e-07
 1.15608e-07
 1.08528e-07
 5.50882e-07
 5.04426e-07
 4.59524e-07
 4.17613e-07
 3.79294e-07
 3.44687e-07
 3.13660e-07
 2.85952e-07
 2.61254e-07
 2.39245e-07
 2.19620e-07
 2.02098e-07
 1.86426e-07
 1.72380e-07
 1.59762e-07
 1.48400e-07
 1.38145e-07
 1.28866e-07
 1.20450e-07
 1.12799e-07
 6.75438e-07
 6.02696e-07
 5.37335e-07
 4.79572e-07
 4.28965e-07
 3.84802e-07
 3.46303e-07
 3.12717e-07
 2.83362e-07
 2.57640e-07
 2.35032e-07
 2.15096e-07
 1.97457e-07
 1.81797e-07
 1.67848e-07
 1.55380e-07
 1.44200e-07
 1.34145e-07
 1.25073e-07
 1.16865e-07
 8.22501e-07
 7.14344e-07
 6.22987e-07
 5.46012e-07
 4.81078e-07
 4.26124e-07
 3.79412e-07
 3.39511e-07
 3.05250e-07
 2.75678e-07
 2.50021e-07
 2.27649e-07
 2.08046e-07
 1.90790e-07
 1.75534e-07
 1.61989e-07
 1.49914e-07
 1.39111e-07
 1.29411e-07
 1.20671e-07
 9.90067e-07
 8.36678e-07
 7.13936e-07
 6.14786e-07
 5.33908e-07
 4.67299e-07
 4.11936e-07
 3.65519e-07
 3.26284e-07
 2.92868e-07
 2.64204e-07
 2.39455e-07
 2.17954e-07
 1.99169e-07
 1.82668e-07
 1.68103e-07
 1.55187e-07
 1.43683e-07
 1.33396e-07
 1.24162e-07
 1.17152e-06
 9.64209e-07
 8.05963e-07
 6.82747e-07
 5.85132e-07
 5.06617e-07
 4.42609e-07
 3.89800e-07
 3.45759e-07
 3.08674e-07
 2.77172e-07
 2.50199e-07
 2.26936e-07
 2.06740e-07
 1.89098e-07
 1.73602e-07
 1.59920e-07
 1.47781e-07
 1.36964e-07
 1.27285e-07
 1.35434e-06
 1.08829e-06
 8.93162e-07
 7.45847e-07
 6.31950e-07
 5.42113e-07
 4.70035e-07
 4.11345e-07
 3.62936e-07
 3.22550e-07
 2.88515e-07
 2.59570e-07
 2.34753e-07
 2.13318e-07
 1.94678e-07
 1.78371e-07
 1.64022e-07
 1.51333e-07
 1.40056e-07
 1.29991e-07
 1.51998e-06
 1.19755e-06
 9.68391e-07
 7.99489e-07
 6.71328e-07
 5.71740e-07
 4.92801e-07
 4.29162e-07
 3.77106e-07
 3.33979e-07
 2.97850e-07
 2.67281e-07
 2.41187e-07
 2.18736e-07
 1.99278e-07
 1.82306e-07
 1.67413e-07
 1.54272e-07
 1.42619e-07
 1.32239e-07
 1.64612e-06
 1.27944e-06
 1.02427e-06
 8.39149e-07
 7.00393e-07
 5.93616e-07
 5.09640e-07
 4.42376e-07
 3.87649e-07
 3.42516e-07
 3.04851e-07
 2.73088e-07
 2.46054e-07
 2.22852e-07
 2.02789e-07
 1.85323e-07
 1.70023e-07
 1.56545e-07
 1.44610e-07
 1.33991e-07
 1.71185e-06
 1.32301e-06
 1.05465e-06
 8.61188e-07
 7.16890e-07
 6.06287e-07
 5.19584e-07
 4.50324e-07
 3.94102e-07
 3.47827e-07
 3.09275e-07
 2.76812e-07
 2.49219e-07
 2.25564e-07
 2.05130e-07
 1.87358e-07
 1.71803e-07
 1.58111e-07
 1.45995e-07
 1.35222e-07
 1.70520e-06
 1.32218e-06
 1.05619e-06
 8.63632e-07
 7.19596e-07
 6.08964e-07
 5.22106e-07
 4.52644e-07
 3.96208e-07
 3.49727e-07
 3.10984e-07
 2.78350e-07
 2.50601e-07
 2.26809e-07
 2.06254e-07
 1.88374e-07
 1.72724e-07
 1.58947e-07
 1.46756e-07
 1.35917e-07
 1.62877e-06
 1.27796e-06
 1.02929e-06
 8.46647e-07
 7.08569e-07
 6.01656e-07
 5.17194e-07
 4.49312e-07
 3.93944e-07
 3.48194e-07
 3.09959e-07
 2.77681e-07
 2.50186e-07
 2.26574e-07
 2.06148e-07
 1.88360e-07
 1.72775e-07
 1.59044e-07
 1.46885e-07
 1.36067e-07
 1.49881e-06
 1.19818e-06
 9.78037e-07
 8.12494e-07
 6.85122e-07
 5.85158e-07
 5.05343e-07
 4.40651e-07
 3.87518e-07
 3.43367e-07
 3.06295e-07
 2.74875e-07
 2.48020e-07
 2.24892e-07
 2.04836e-07
 1.87333e-07
 1.71970e-07
 1.58412e-07
 1.46390e-07
 1.35680e-07
 1.33814e-06
 1.09471e-06
 9.08969e-07
 7.64960e-07
 6.51544e-07
 5.60902e-07
 4.87479e-07
 4.27270e-07
 3.77348e-07
 3.35536e-07
 3.00195e-07
 2.70075e-07
 2.44209e-07
 2.21842e-07
 2.02376e-07
 1.85337e-07
 1.70341e-07
 1.57076e-07
 1.45289e-07
 1.34769e-07
 1.16827e-06
 9.79932e-07
 8.29420e-07
 7.08525e-07
 6.10654e-07
 5.30712e-07
 4.64811e-07
 4.09993e-07
 3.64001e-07
 3.25100e-07
 2.91946e-07
 2.63491e-07
 2.38906e-07
 2.17537e-07
 1.98856e-07
 1.82438e-07
 1.67939e-07
 1.55076e-07
 1.43614e-07
 1.33360e-07
 1.00478e-06
 8.64095e-07
 7.46050e-07
 6.47543e-07
 5.65339e-07
 4.96534e-07
 4.38674e-07
 3.89750e-07
 3.48138e-07
 3.12535e-07
 2.81896e-07
 2.55379e-07
 2.32305e-07
 2.12123e-07
 1.94385e-07
 1.78723e-07
 1.64833e-07
 1.52464e-07
 1.41407e-07
 1.31486e-07
 8.56583e-07
 7.54243e-07
 6.64016e-07
 5.85685e-07
 5.18194e-07
 4.60207e-07
 4.10381e-07
 3.67486e-07
 3.30446e-07
 2.98348e-07
 2.70421e-07
 2.46023e-07
 2.24619e-07
 2.05766e-07
 1.89093e-07
 1.74290e-07
 1.61099e-07
 1.49302e-07
 1.38717e-07
 1.29187e-07
 7.27287e-07
 6.54344e-07
 5.86760e-07
 5.25686e-07
 4.71308e-07
 4.23303e-07
 3.81107e-07
 3.44081e-07
 3.11589e-07
 2.83038e-07
 2.57901e-07
 2.35714e-07
 2.16075e-07
 1.98641e-07
 1.83116e-07
 1.69248e-07
 1.56825e-07
 1.45661e-07
 1.35600e-07
 1.26507e-07
 6.17149e-07
 5.66019e-07
 5.16210e-07
 4.69344e-07
 4.26208e-07
 3.87056e-07
 3.51830e-07
 3.20301e-07
 2.92160e-07
 2.67071e-07
 2.44700e-07
 2.24737e-07
 2.06897e-07
 1.90924e-07
 1.76595e-07
 1.63711e-07
 1.52100e-07
 1.41612e-07
 1.32115e-07
 1.23496e-07
