scalar
part
         1
quad4
 5.56880e-07
 5.14140e-07
 4.71661e-07
 4.31108e-07
 3.93356e-07
 3.58772e-07
 3.27410e-07
 2.99147e-07
 2.73767e-07
 2.51018e-07
 2.30634e-07
 2.12364e-07
 1.95971e-07
 1.81240e-07
 1.67979e-07
 1.56019e-07
 1.45209e-07
 1.35419e-07
 1.26532e-07
 1.18447e-07
 6.61682e-07
 5.98964e-07
 5.40044e-07
 4.86225e-07
 4.37884e-07
 3.94885e-07
 3.56842e-07
 3.23266e-07
 2.93645e-07
 2.67496e-07
 2.44374e-07
 2.23885e-07
 2.05685e-07
 1.89473e-07
 1.74994e-07
 1.62024e-07
 1.50375e-07
 1.39881e-07
 1.30403e-07
 1.21819e-07
 7.85879e-07
 6.95879e-07
 6.15751e-07
 5.45619e-07
 4.84769e-07
 4.32162e-07
 3.86707e-07
 3.47378e-07
 3.13262e-07
 2.83575e-07
 2.57647e-07
 2.34917e-07
 2.14913e-07
 1.97241e-07
 1.81570e-07
 1.67622e-07
 1.55164e-07
 1.43999e-07
 1.33960e-07
 1.24906e-07
 9.29803e-07
 8.03751e-07
 6.97227e-07
 6.07766e-07
 5.32680e-07
 4.69502e-07
 4.16117e-07
 3.70779e-07
 3.32063e-07
 2.98816e-07
 2.70108e-07
 2.45186e-07
 2.23439e-07
 2.04369e-07
 1.87568e-07
 1.72700e-07
 1.59487e-07
 1.47700e-07
 1.37143e-07
 1.27657e-07
 1.09075e-06
 9.19284e-07
 7.81497e-07
 6.70240e-07
 5.79729e-07
 5.05460e-07
 4.43978e-07
 3.92639e-07
 3.49415e-07
 3.12737e-07
 2.81386e-07
 2.54406e-07
 2.31039e-07
 2.10681e-07
 1.92848e-07
 1.77146e-07
 1.63255e-07
 1.50910e-07
 1.39894e-07
 1.30024e-07
 1.26111e-06
 1.03628e-06
 8.63925e-07
 7.29685e-07
 6.23505e-07
 5.38305e-07
 4.69035e-07
 4.12043e-07
 3.64644e-07
 3.24835e-07
 2.91102e-07
 2.62287e-07
 2.37491e-07
 2.16007e-07
 1.97278e-07
 1.80857e-07
 1.66383e-07
 1.53564e-07
 1.42157e-07
 1.31965e-07
 1.42695e-06
 1.14540e-06
 9.38344e-07
 7.82001e-07
 6.61247e-07
 5.66146e-07
 4.89975e-07
 4.28061e-07
 3.77082e-07
 3.34623e-07
 2.98898e-07
 2.68563e-07
 2.42592e-07
 2.20191e-07
 2.00737e-07
 1.83738e-07
 1.68799e-07
 1.55602e-07
 1.43887e-07
 1.33442e-07
 1.56845e-06
 1.23503e-06
 9.97743e-07
 8.22823e-07
 6.90155e-07
 5.87139e-07
 5.05551e-07
 4.39834e-07
 3.86125e-07
 3.41669e-07
 3.04457e-07
 2.72999e-07
 2.46168e-07
 2.23100e-07
 2.03124e-07
 1.85711e-07
 1.70441e-07
 1.56977e-07
 1.45046e-07
 1.34423e-07
 1.66385e-06
 1.29354e-06
 1.03553e-06
 8.48233e-07
 7.07806e-07
 5.99733e-07
 5.14741e-07
 4.46670e-07
 3.91295e-07
 3.45635e-07
 3.07539e-07
 2.75421e-07
 2.48090e-07
 2.24638e-07
 2.04364e-07
 1.86719e-07
 1.71265e-07
 1.57655e-07
 1.45605e-07
 1.34887e-07
 1.69624e-06
 1.31237e-06
 1.04705e-06
 8.55548e-07
 7.12579e-07
 6.02910e-07
 5.16886e-07
 4.48130e-07
 3.92291e-07
 3.46313e-07
 3.07994e-07
 2.75719e-07
 2.48276e-07
 2.24745e-07
 2.04415e-07
 1.86728e-07
 1.71245e-07
 1.57614e-07
 1.45550e-07
 1.34822e-07
 1.65988e-06
 1.28869e-06
 1.03078e-06
 8.43899e-07
 7.03958e-07
 5.96354e-07
 5.11784e-07
 4.44083e-07
 3.89028e-07
 3.43643e-07
 3.05783e-07
 2.73867e-07
 2.46709e-07
 2.23408e-07
 2.03264e-07
 1.85731e-07
 1.70376e-07
 1.56851e-07
 1.44877e-07
 1.34226e-07
 1.56186e-06
 1.22603e-06
 9.88650e-07
 8.14408e-07
 6.82628e-07
 5.80500e-07
 4.99726e-07
 4.34728e-07
 3.81644e-07
 3.37726e-07
 3.00978e-07
 2.69918e-07
 2.43430e-07
 2.20658e-07
 2.00938e-07
 1.83748e-07
 1.68673e-07
 1.55379e-07
 1.43597e-07
 1.33106e-07
 1.41869e-06
 1.13302e-06
 9.25459e-07
 7.69900e-07
 6.50328e-07
 5.56461e-07
 4.81444e-07
 4.20561e-07
 3.70484e-07
 3.28807e-07
 2.93757e-07
 2.64004e-07
 2.38536e-07
 2.16570e-07
 1.97494e-07
 1.80823e-07
 1.66171e-07
 1.53226e-07
 1.41732e-07
 1.31482e-07
 1.25060e-06
 1.02079e-06
 8.47680e-07
 7.14302e-07
 6.09531e-07
 5.25845e-07
 4.58014e-07
 4.02321e-07
 3.56067e-07
 3.17257e-07
 2.84390e-07
 2.56325e-07
 2.32178e-07
 2.11257e-07
 1.93019e-07
 1.77025e-07
 1.62925e-07
 1.50434e-07
 1.39317e-07
 1.29380e-07
 1.07634e-06
 9.00466e-07
 7.62124e-07
 6.51918e-07
 5.63036e-07
 4.90518e-07
 4.30712e-07
 3.80897e-07
 3.39024e-07
 3.03531e-07
 2.73213e-07
 2.47130e-07
 2.24544e-07
 2.04866e-07
 1.87625e-07
 1.72441e-07
 1.59004e-07
 1.47058e-07
 1.36394e-07
 1.26837e-07
 9.10090e-07
 7.81269e-07
 6.74857e-07
 5.86795e-07
 5.13588e-07
 4.52376e-07
 4.00866e-07
 3.57236e-07
 3.20042e-07
 2.88136e-07
 2.60601e-07
 2.36704e-07
 2.15851e-07
 1.97561e-07
 1.81443e-07
 1.67173e-07
 1.54487e-07
 1.43164e-07
 1.33018e-07
 1.23895e-07
 7.60390e-07
 6.69659e-07
 5.90561e-07
 5.22288e-07
 4.63591e-07
 4.13150e-07
 3.69735e-07
 3.32262e-07
 2.99805e-07
 2.71583e-07
 2.46944e-07
 2.25342e-07
 2.06327e-07
 1.89522e-07
 1.74612e-07
 1.61334e-07
 1.49466e-07
 1.38822e-07
 1.29245e-07
 1.20601e-07
 6.30910e-07
 5.69319e-07
 5.12348e-07
 4.60860e-07
 4.14940e-07
 3.74283e-07
 3.38414e-07
 3.06809e-07
 2.78951e-07
 2.54362e-07
 2.32617e-07
 2.13340e-07
 1.96205e-07
 1.80932e-07
 1.67278e-07
 1.55037e-07
 1.44032e-07
 1.34109e-07
 1.25139e-07
 1.17006e-07
 5.21910e-07
 4.81690e-07
 4.41910e-07
 4.04089e-07
 3.68983e-07
 3.36878e-07
 3.07789e-07
 2.81578e-07
 2.58032e-07
 2.36912e-07
 2.17970e-07
 2.00973e-07
 1.85704e-07
 1.71966e-07
 1.59583e-07
 1.48401e-07
 1.38280e-07
 1.29102e-07
 1.20761e-07
 1.13164e-07
 4.31727e-07
 4.06689e-07
 3.79840e-07
 3.52793e-07
 3.26553e-07
 3.01696e-07
 2.78516e-07
 2.57121e-07
 2.37507e-07
 2.19604e-07
 2.03306e-07
 1.88490e-07
 1.75026e-07
 1.62790e-07
 1.51663e-07
 1.41534e-07
 1.32302e-07
 1.23877e-07
 1.16176e-07
 1.09126e-07
