scalar
part
         1
quad4
 3.38023e-07
 3.27049e-07
 3.12355e-07
 2.95647e-07
 2.78112e-07
 2.60541e-07
 2.43442e-07
 2.27120e-07
 2.11744e-07
 1.97388e-07
 1.84068e-07
 1.71760e-07
 1.60418e-07
 1.49984e-07
 1.40393e-07
 1.31578e-07
 1.23477e-07
 1.16026e-07
 1.09170e-07
 1.02854e-07
 4.19269e-07
 3.96406e-07
 3.71116e-07
 3.45238e-07
 3.19910e-07
 2.95789e-07
 2.73220e-07
 2.52344e-07
 2.33180e-07
 2.15673e-07
 1.99725e-07
 1.85221e-07
 1.72039e-07
 1.60056e-07
 1.49158e-07
 1.39236e-07
 1.30193e-07
 1.21938e-07
 1.14392e-07
 1.07483e-07
 5.19680e-07
 4.79301e-07
 4.39345e-07
 4.01400e-07
 3.66233e-07
 3.34126e-07
 3.05083e-07
 2.78953e-07
 2.55515e-07
 2.34517e-07
 2.15708e-07
 1.98848e-07
 1.83715e-07
 1.70111e-07
 1.57857e-07
 1.46797e-07
 1.36794e-07
 1.27725e-07
 1.19485e-07
 1.11983e-07
 6.42033e-07
 5.76733e-07
 5.17134e-07
 4.63795e-07
 4.16576e-07
 3.75012e-07
 3.38519e-07
 3.06489e-07
 2.78350e-07
 2.53584e-07
 2.31734e-07
 2.12404e-07
 1.95251e-07
 1.79985e-07
 1.66355e-07
 1.54149e-07
 1.43185e-07
 1.33308e-07
 1.24384e-07
 1.16299e-07
 7.87861e-07
 6.88538e-07
 6.03641e-07
 5.31391e-07
 4.69931e-07
 4.17551e-07
 3.72766e-07
 3.34321e-07
 3.01171e-07
 2.72455e-07
 2.47464e-07
 2.25614e-07
 2.06424e-07
 1.89497e-07
 1.74504e-07
 1.61171e-07
 1.49269e-07
 1.38605e-07
 1.29019e-07
 1.20373e-07
 9.56098e-07
 8.12624e-07
 6.96682e-07
 6.02249e-07
 5.24690e-07
 4.60450e-07
 4.06804e-07
 3.61648e-07
 3.23350e-07
 2.90639e-07
 2.62511e-07
 2.38173e-07
 2.16990e-07
 1.98453e-07
 1.82147e-07
 1.67735e-07
 1.54940e-07
 1.43532e-07
 1.33322e-07
 1.24149e-07
 1.14141e-06
 9.44182e-07
 7.92384e-07
 6.73392e-07
 5.78608e-07
 5.02031e-07
 4.39375e-07
 3.87524e-07
 3.44172e-07
 3.07588e-07
 2.76455e-07
 2.49755e-07
 2.26696e-07
 2.06652e-07
 1.89125e-07
 1.73715e-07
 1.60097e-07
 1.48006e-07
 1.37224e-07
 1.27569e-07
 1.33263e-06
 1.07513e-06
 8.85056e-07
 7.40831e-07
 6.28882e-07
 5.40302e-07
 4.69051e-07
 4.10911e-07
 3.62873e-07
 3.22736e-07
 2.88868e-07
 2.60035e-07
 2.35290e-07
 2.13899e-07
 1.95284e-07
 1.78988e-07
 1.64642e-07
 1.51947e-07
 1.40661e-07
 1.30583e-07
 1.51195e-06
 1.19420e-06
 9.67471e-07
 7.99849e-07
 6.72366e-07
 5.73124e-07
 4.94346e-07
 4.30761e-07
 3.78697e-07
 3.35529e-07
 2.99340e-07
 2.68702e-07
 2.42536e-07
 2.20012e-07
 2.00484e-07
 1.83444e-07
 1.68487e-07
 1.55286e-07
 1.43577e-07
 1.33144e-07
 1.65619e-06
 1.28815e-06
 1.03175e-06
 8.45578e-07
 7.05949e-07
 5.98450e-07
 5.13875e-07
 4.46112e-07
 3.90966e-07
 3.45478e-07
 3.07511e-07
 2.75490e-07
 2.48233e-07
 2.24836e-07
 2.04604e-07
 1.86988e-07
 1.71557e-07
 1.57962e-07
 1.45923e-07
 1.35211e-07
 1.74158e-06
 1.34448e-06
 1.07086e-06
 8.73845e-07
 7.27042e-07
 6.14608e-07
 5.26527e-07
 4.56204e-07
 3.99145e-07
 3.52199e-07
 3.13102e-07
 2.80190e-07
 2.52221e-07
 2.28251e-07
 2.07549e-07
 1.89546e-07
 1.73793e-07
 1.59928e-07
 1.47660e-07
 1.36754e-07
 1.75224e-06
 1.35514e-06
 1.08039e-06
 8.82066e-07
 7.34052e-07
 6.20575e-07
 5.31618e-07
 4.60567e-07
 4.02903e-07
 3.55453e-07
 3.15934e-07
 2.82669e-07
 2.54402e-07
 2.30177e-07
 2.09259e-07
 1.91071e-07
 1.75157e-07
 1.61153e-07
 1.48765e-07
 1.37753e-07
 1.68774e-06
 1.31957e-06
 1.05987e-06
 8.69879e-07
 7.26707e-07
 6.16145e-07
 5.28993e-07
 4.59081e-07
 4.02147e-07
 3.55168e-07
 3.15953e-07
 2.82882e-07
 2.54737e-07
 2.30586e-07
 2.09710e-07
 1.91541e-07
 1.75632e-07
 1.61624e-07
 1.49225e-07
 1.38198e-07
 1.56340e-06
 1.24489e-06
 1.01289e-06
 8.39218e-07
 7.06101e-07
 6.01963e-07
 5.19043e-07
 4.51991e-07
 3.97032e-07
 3.51443e-07
 3.13222e-07
 2.80872e-07
 2.53256e-07
 2.29497e-07
 2.08914e-07
 1.90966e-07
 1.75224e-07
 1.61343e-07
 1.49041e-07
 1.38089e-07
 1.40303e-06
 1.14318e-06
 9.45969e-07
 7.93791e-07
 6.74435e-07
 5.79386e-07
 5.02631e-07
 4.39861e-07
 3.87937e-07
 3.44538e-07
 3.07922e-07
 2.76767e-07
 2.50049e-07
 2.26976e-07
 2.06919e-07
 1.89381e-07
 1.73960e-07
 1.60331e-07
 1.48230e-07
 1.37438e-07
 1.22992e-06
 1.02760e-06
 8.66763e-07
 7.38198e-07
 6.34566e-07
 5.50238e-07
 4.80955e-07
 4.23495e-07
 3.75412e-07
 3.34837e-07
 3.00328e-07
 2.70763e-07
 2.45263e-07
 2.23130e-07
 2.03807e-07
 1.86847e-07
 1.71885e-07
 1.58624e-07
 1.46819e-07
 1.36268e-07
 1.06133e-06
 9.09288e-07
 7.82403e-07
 6.77039e-07
 5.89504e-07
 5.16527e-07
 4.55377e-07
 4.03835e-07
 3.60120e-07
 3.22813e-07
 2.90780e-07
 2.63113e-07
 2.39083e-07
 2.18099e-07
 1.99684e-07
 1.83447e-07
 1.69064e-07
 1.56272e-07
 1.44848e-07
 1.34608e-07
 9.07373e-07
 7.96072e-07
 6.98517e-07
 6.14263e-07
 5.42007e-07
 4.80185e-07
 4.27263e-07
 3.81855e-07
 3.42765e-07
 3.08982e-07
 2.79660e-07
 2.54101e-07
 2.31723e-07
 2.12048e-07
 1.94677e-07
 1.79277e-07
 1.65574e-07
 1.53334e-07
 1.42364e-07
 1.32499e-07
 7.72378e-07
 6.92471e-07
 6.18935e-07
 5.52865e-07
 4.94335e-07
 4.42893e-07
 3.97857e-07
 3.58481e-07
 3.24036e-07
 2.93859e-07
 2.67359e-07
 2.44024e-07
 2.23414e-07
 2.05153e-07
 1.88922e-07
 1.74447e-07
 1.61499e-07
 1.49880e-07
 1.39423e-07
 1.29983e-07
 6.56962e-07
 6.00454e-07
 5.45869e-07
 4.94852e-07
 4.48160e-07
 4.05987e-07
 3.68207e-07
 3.34522e-07
 3.04560e-07
 2.77930e-07
 2.54252e-07
 2.33175e-07
 2.14384e-07
 1.97595e-07
 1.82563e-07
 1.69071e-07
 1.56932e-07
 1.45983e-07
 1.36083e-07
 1.27109e-07
