scalar
part
         1
quad4
 5.80947e-07
 5.33699e-07
 4.87464e-07
 4.43815e-07
 4.03532e-07
 3.66888e-07
 3.33855e-07
 3.04238e-07
 2.77762e-07
 2.54124e-07
 2.33021e-07
 2.14167e-07
 1.97299e-07
 1.82182e-07
 1.68608e-07
 1.56393e-07
 1.45375e-07
 1.35416e-07
 1.26391e-07
 1.18196e-07
 6.85569e-07
 6.17787e-07
 5.54783e-07
 4.97702e-07
 4.46769e-07
 4.01719e-07
 3.62055e-07
 3.27197e-07
 2.96563e-07
 2.69612e-07
 2.45855e-07
 2.24863e-07
 2.06263e-07
 1.89735e-07
 1.75004e-07
 1.61836e-07
 1.50030e-07
 1.39413e-07
 1.29840e-07
 1.21182e-07
 8.08534e-07
 7.13028e-07
 6.28625e-07
 5.55200e-07
 4.91820e-07
 4.37275e-07
 3.90334e-07
 3.49866e-07
 3.14877e-07
 2.84519e-07
 2.58076e-07
 2.34951e-07
 2.14646e-07
 1.96744e-07
 1.80898e-07
 1.66820e-07
 1.54266e-07
 1.43032e-07
 1.32945e-07
 1.23858e-07
 9.49660e-07
 8.17932e-07
 7.07198e-07
 6.14630e-07
 5.37256e-07
 4.72394e-07
 4.17771e-07
 3.71522e-07
 3.32137e-07
 2.98402e-07
 2.69339e-07
 2.44162e-07
 2.22234e-07
 2.03039e-07
 1.86155e-07
 1.71236e-07
 1.57997e-07
 1.46201e-07
 1.35649e-07
 1.26177e-07
 1.10559e-06
 9.28796e-07
 7.87279e-07
 6.73424e-07
 5.81109e-07
 5.05591e-07
 4.43251e-07
 3.91330e-07
 3.47716e-07
 3.10786e-07
 2.79280e-07
 2.52215e-07
 2.28811e-07
 2.08452e-07
 1.90642e-07
 1.74980e-07
 1.61139e-07
 1.48852e-07
 1.37898e-07
 1.28094e-07
 1.26797e-06
 1.03901e-06
 8.64022e-07
 7.28125e-07
 6.20927e-07
 5.35126e-07
 4.65530e-07
 4.08388e-07
 3.60953e-07
 3.21184e-07
 2.87537e-07
 2.58836e-07
 2.34169e-07
 2.12823e-07
 1.94234e-07
 1.77952e-07
 1.63614e-07
 1.50925e-07
 1.39644e-07
 1.29572e-07
 1.42216e-06
 1.13894e-06
 9.31150e-07
 7.74614e-07
 6.53972e-07
 5.59146e-07
 4.83330e-07
 4.21804e-07
 3.71216e-07
 3.29137e-07
 2.93774e-07
 2.63777e-07
 2.38121e-07
 2.16010e-07
 1.96824e-07
 1.80071e-07
 1.65358e-07
 1.52369e-07
 1.40845e-07
 1.30575e-07
 1.54800e-06
 1.21693e-06
 9.81734e-07
 8.08643e-07
 6.77557e-07
 5.75904e-07
 4.95488e-07
 4.30783e-07
 3.77950e-07
 3.34255e-07
 2.97708e-07
 2.66832e-07
 2.40513e-07
 2.17898e-07
 1.98323e-07
 1.81268e-07
 1.66319e-07
 1.53142e-07
 1.41470e-07
 1.31081e-07
 1.62406e-06
 1.26178e-06
 1.00956e-06
 8.26581e-07
 6.89474e-07
 5.84007e-07
 5.01100e-07
 4.34724e-07
 3.80746e-07
 3.36252e-07
 2.99138e-07
 2.67855e-07
 2.41241e-07
 2.18409e-07
 1.98674e-07
 1.81500e-07
 1.66462e-07
 1.53219e-07
 1.41497e-07
 1.31071e-07
 1.63504e-06
 1.26599e-06
 1.01066e-06
 8.26208e-07
 6.88414e-07
 5.82656e-07
 4.99659e-07
 4.33297e-07
 3.79384e-07
 3.34978e-07
 2.97960e-07
 2.66773e-07
 2.40251e-07
 2.17504e-07
 1.97848e-07
 1.80746e-07
 1.65773e-07
 1.52589e-07
 1.40920e-07
 1.30541e-07
 1.57810e-06
 1.22834e-06
 9.84457e-07
 8.07240e-07
 6.74238e-07
 5.71782e-07
 4.91135e-07
 4.26492e-07
 3.73864e-07
 3.30438e-07
 2.94182e-07
 2.63595e-07
 2.37551e-07
 2.15193e-07
 1.95853e-07
 1.79012e-07
 1.64257e-07
 1.51256e-07
 1.39741e-07
 1.29494e-07
 1.46372e-06
 1.15414e-06
 9.33881e-07
 7.71392e-07
 6.48006e-07
 5.52070e-07
 4.75986e-07
 4.14622e-07
 3.64407e-07
 3.22793e-07
 2.87921e-07
 2.58408e-07
 2.33210e-07
 2.11526e-07
 1.92730e-07
 1.76332e-07
 1.61940e-07
 1.49240e-07
 1.37978e-07
 1.27943e-07
 1.31072e-06
 1.05328e-06
 8.64494e-07
 7.21966e-07
 6.11765e-07
 5.24837e-07
 4.55086e-07
 3.98287e-07
 3.51434e-07
 3.12343e-07
 2.79396e-07
 2.51376e-07
 2.27351e-07
 2.06598e-07
 1.88551e-07
 1.72761e-07
 1.58867e-07
 1.46580e-07
 1.35660e-07
 1.25913e-07
 1.13970e-06
 9.37346e-07
 7.83112e-07
 6.63143e-07
 5.68172e-07
 4.91824e-07
 4.29610e-07
 3.78297e-07
 3.35516e-07
 2.99499e-07
 2.68910e-07
 2.42723e-07
 2.20141e-07
 2.00537e-07
 1.83416e-07
 1.68378e-07
 1.55101e-07
 1.43322e-07
 1.32827e-07
 1.23436e-07
 9.68195e-07
 8.17053e-07
 6.96452e-07
 5.99238e-07
 5.20069e-07
 4.54949e-07
 4.00878e-07
 3.55581e-07
 3.17317e-07
 2.84746e-07
 2.56820e-07
 2.32717e-07
 2.11785e-07
 1.93502e-07
 1.77447e-07
 1.63278e-07
 1.50716e-07
 1.39530e-07
 1.29528e-07
 1.20551e-07
 8.08459e-07
 7.00744e-07
 6.10168e-07
 5.34112e-07
 4.70121e-07
 4.16076e-07
 3.70214e-07
 3.31090e-07
 2.97534e-07
 2.68597e-07
 2.43511e-07
 2.21650e-07
 2.02507e-07
 1.85665e-07
 1.70780e-07
 1.57570e-07
 1.45799e-07
 1.35270e-07
 1.25818e-07
 1.17305e-07
 6.67257e-07
 5.93878e-07
 5.28393e-07
 4.70815e-07
 4.20565e-07
 3.76846e-07
 3.38826e-07
 3.05724e-07
 2.76840e-07
 2.51563e-07
 2.29371e-07
 2.09822e-07
 1.92541e-07
 1.77209e-07
 1.63560e-07
 1.51368e-07
 1.40442e-07
 1.30618e-07
 1.21759e-07
 1.13746e-07
 5.46929e-07
 4.99265e-07
 4.53692e-07
 4.11475e-07
 3.73092e-07
 3.38576e-07
 3.07736e-07
 2.80270e-07
 2.55841e-07
 2.34114e-07
 2.14770e-07
 1.97522e-07
 1.82112e-07
 1.68315e-07
 1.55931e-07
 1.44789e-07
 1.34739e-07
 1.25651e-07
 1.17413e-07
 1.09927e-07
 4.46903e-07
 4.17704e-07
 3.87297e-07
 3.57357e-07
 3.28838e-07
 3.02231e-07
 2.77734e-07
 2.55368e-07
 2.35055e-07
 2.16663e-07
 2.00037e-07
 1.85014e-07
 1.71437e-07
 1.59155e-07
 1.48033e-07
 1.37947e-07
 1.28784e-07
 1.20446e-07
 1.12844e-07
 1.05902e-07
 3.65061e-07
 3.48683e-07
 3.29458e-07
 3.09020e-07
 2.88453e-07
 2.68440e-07
 2.49386e-07
 2.31506e-07
 2.14891e-07
 1.99553e-07
 1.85455e-07
 1.72532e-07
 1.60704e-07
 1.49888e-07
 1.39997e-07
 1.30949e-07
 1.22666e-07
 1.15077e-07
 1.08115e-07
 1.01720e-07
