scalar
part
         1
quad4
 3.41276e-07
 3.29706e-07
 3.14493e-07
 2.97346e-07
 2.79444e-07
 2.61572e-07
 2.44228e-07
 2.27708e-07
 2.12173e-07
 1.97690e-07
 1.84268e-07
 1.71879e-07
 1.60473e-07
 1.49987e-07
 1.40356e-07
 1.31510e-07
 1.23383e-07
 1.15914e-07
 1.09043e-07
 1.02715e-07
 4.22660e-07
 3.99082e-07
 3.73191e-07
 3.46821e-07
 3.21097e-07
 2.96661e-07
 2.73844e-07
 2.52774e-07
 2.33458e-07
 2.15833e-07
 1.99794e-07
 1.85220e-07
 1.71983e-07
 1.59960e-07
 1.49030e-07
 1.39085e-07
 1.30024e-07
 1.21757e-07
 1.14203e-07
 1.07288e-07
 5.23122e-07
 4.81892e-07
 4.41254e-07
 4.02773e-07
 3.67193e-07
 3.34772e-07
 3.05489e-07
 2.79179e-07
 2.55605e-07
 2.34507e-07
 2.15623e-07
 1.98707e-07
 1.83535e-07
 1.69902e-07
 1.57628e-07
 1.46555e-07
 1.36543e-07
 1.27470e-07
 1.19229e-07
 1.11728e-07
 6.45361e-07
 5.79075e-07
 5.18728e-07
 4.64834e-07
 4.17208e-07
 3.75350e-07
 3.38643e-07
 3.06461e-07
 2.78214e-07
 2.53372e-07
 2.31470e-07
 2.12105e-07
 1.94930e-07
 1.79651e-07
 1.66016e-07
 1.53809e-07
 1.42847e-07
 1.32975e-07
 1.24057e-07
 1.15980e-07
 7.90789e-07
 6.90377e-07
 6.04714e-07
 5.31934e-07
 4.70111e-07
 4.17485e-07
 3.72537e-07
 3.33984e-07
 3.00767e-07
 2.72010e-07
 2.46998e-07
 2.25138e-07
 2.05949e-07
 1.89028e-07
 1.74045e-07
 1.60724e-07
 1.48837e-07
 1.38189e-07
 1.28618e-07
 1.19988e-07
 9.58156e-07
 8.13595e-07
 6.96961e-07
 6.02097e-07
 5.24274e-07
 4.59879e-07
 4.06146e-07
 3.60948e-07
 3.22638e-07
 2.89931e-07
 2.61819e-07
 2.37504e-07
 2.16348e-07
 1.97838e-07
 1.81561e-07
 1.67177e-07
 1.54410e-07
 1.43029e-07
 1.32844e-07
 1.23695e-07
 1.14189e-06
 9.43796e-07
 7.91540e-07
 6.72322e-07
 5.77446e-07
 5.00850e-07
 4.38218e-07
 3.86412e-07
 3.43116e-07
 3.06593e-07
 2.75520e-07
 2.48879e-07
 2.25876e-07
 2.05885e-07
 1.88407e-07
 1.73042e-07
 1.59466e-07
 1.47413e-07
 1.36667e-07
 1.27046e-07
 1.33058e-06
 1.07281e-06
 8.82734e-07
 7.38622e-07
 6.26831e-07
 5.38420e-07
 4.67332e-07
 4.09345e-07
 3.61445e-07
 3.21433e-07
 2.87676e-07
 2.58942e-07
 2.34286e-07
 2.12974e-07
 1.94431e-07
 1.78198e-07
 1.63908e-07
 1.51265e-07
 1.40025e-07
 1.29989e-07
 1.50633e-06
 1.18939e-06
 9.63357e-07
 7.96320e-07
 6.69319e-07
 5.70475e-07
 4.92026e-07
 4.28715e-07
 3.76882e-07
 3.33909e-07
 2.97885e-07
 2.67390e-07
 2.41346e-07
 2.18929e-07
 1.99494e-07
 1.82536e-07
 1.67651e-07
 1.54514e-07
 1.42862e-07
 1.32479e-07
 1.64621e-06
 1.28047e-06
 1.02566e-06
 8.40637e-07
 7.01859e-07
 5.95010e-07
 5.10942e-07
 4.43582e-07
 3.88762e-07
 3.43540e-07
 3.05795e-07
 2.73959e-07
 2.46859e-07
 2.23596e-07
 2.03479e-07
 1.85964e-07
 1.70619e-07
 1.57101e-07
 1.45130e-07
 1.34478e-07
 1.72716e-06
 1.33394e-06
 1.06283e-06
 8.67525e-07
 7.21941e-07
 6.10404e-07
 5.23003e-07
 4.53208e-07
 3.96567e-07
 3.49957e-07
 3.11134e-07
 2.78449e-07
 2.50670e-07
 2.26860e-07
 2.06295e-07
 1.88410e-07
 1.72758e-07
 1.58982e-07
 1.46793e-07
 1.35955e-07
 1.73422e-06
 1.34221e-06
 1.07070e-06
 8.74543e-07
 7.28055e-07
 6.15686e-07
 5.27560e-07
 4.57146e-07
 3.99982e-07
 3.52930e-07
 3.13734e-07
 2.80733e-07
 2.52685e-07
 2.28646e-07
 2.07884e-07
 1.89830e-07
 1.74031e-07
 1.60127e-07
 1.47826e-07
 1.36891e-07
 1.66760e-06
 1.30505e-06
 1.04898e-06
 8.61441e-07
 7.20001e-07
 6.10699e-07
 5.24489e-07
 4.55299e-07
 3.98929e-07
 3.52399e-07
 3.13546e-07
 2.80771e-07
 2.52872e-07
 2.28927e-07
 2.08224e-07
 1.90203e-07
 1.74422e-07
 1.60523e-07
 1.48220e-07
 1.37277e-07
 1.54276e-06
 1.22970e-06
 1.00135e-06
 8.30215e-07
 6.98914e-07
 5.96114e-07
 5.14201e-07
 4.47926e-07
 3.93575e-07
 3.48471e-07
 3.10642e-07
 2.78613e-07
 2.51262e-07
 2.27726e-07
 2.07330e-07
 1.89542e-07
 1.73938e-07
 1.60175e-07
 1.47976e-07
 1.37114e-07
 1.38319e-06
 1.12815e-06
 9.34317e-07
 7.84573e-07
 6.67006e-07
 5.73298e-07
 4.97569e-07
 4.35597e-07
 3.84304e-07
 3.41410e-07
 3.05205e-07
 2.74386e-07
 2.47949e-07
 2.25110e-07
 2.05252e-07
 1.87883e-07
 1.72607e-07
 1.59104e-07
 1.47112e-07
 1.36415e-07
 1.21167e-06
 1.01331e-06
 8.55427e-07
 7.29071e-07
 6.27112e-07
 5.44071e-07
 4.75789e-07
 4.19119e-07
 3.71668e-07
 3.31603e-07
 2.97512e-07
 2.68292e-07
 2.43080e-07
 2.21189e-07
 2.02072e-07
 1.85287e-07
 1.70476e-07
 1.57346e-07
 1.45655e-07
 1.35203e-07
 1.04501e-06
 8.96105e-07
 7.71679e-07
 6.68236e-07
 5.82206e-07
 5.10416e-07
 4.50210e-07
 3.99426e-07
 3.56326e-07
 3.19522e-07
 2.87903e-07
 2.60582e-07
 2.36841e-07
 2.16103e-07
 1.97897e-07
 1.81838e-07
 1.67610e-07
 1.54952e-07
 1.43645e-07
 1.33508e-07
 8.93025e-07
 7.84139e-07
 6.88574e-07
 6.05940e-07
 5.34996e-07
 4.74239e-07
 4.22183e-07
 3.77484e-07
 3.38977e-07
 3.05677e-07
 2.76759e-07
 2.51538e-07
 2.29447e-07
 2.10015e-07
 1.92853e-07
 1.77633e-07
 1.64086e-07
 1.51982e-07
 1.41130e-07
 1.31369e-07
 7.59874e-07
 6.81799e-07
 6.09844e-07
 5.45110e-07
 4.87699e-07
 4.37190e-07
 3.92932e-07
 3.54203e-07
 3.20301e-07
 2.90579e-07
 2.64464e-07
 2.41456e-07
 2.21124e-07
 2.03103e-07
 1.87077e-07
 1.72781e-07
 1.59988e-07
 1.48504e-07
 1.38166e-07
 1.28831e-07
 6.46103e-07
 5.90976e-07
 5.37631e-07
 4.87702e-07
 4.41949e-07
 4.00580e-07
 3.63485e-07
 3.30383e-07
 3.00917e-07
 2.74709e-07
 2.51392e-07
 2.30626e-07
 2.12101e-07
 1.95543e-07
 1.80711e-07
 1.67394e-07
 1.55407e-07
 1.44592e-07
 1.34810e-07
 1.25942e-07
