scalar
part
         1
quad4
 6.06055e-07
 5.56328e-07
 5.07735e-07
 4.61926e-07
 4.19707e-07
 3.81351e-07
 3.46815e-07
 3.15883e-07
 2.88260e-07
 2.63618e-07
 2.41637e-07
 2.22011e-07
 2.04465e-07
 1.88748e-07
 1.74643e-07
 1.61955e-07
 1.50517e-07
 1.40180e-07
 1.30817e-07
 1.22317e-07
 7.15991e-07
 6.44556e-07
 5.78267e-07
 5.18310e-07
 4.64893e-07
 4.17714e-07
 3.76229e-07
 3.39812e-07
 3.07843e-07
 2.79742e-07
 2.54991e-07
 2.33137e-07
 2.13786e-07
 1.96601e-07
 1.81293e-07
 1.67614e-07
 1.55355e-07
 1.44336e-07
 1.34402e-07
 1.25421e-07
 8.45342e-07
 7.44555e-07
 6.55665e-07
 5.78482e-07
 5.11976e-07
 4.54830e-07
 4.05721e-07
 3.63435e-07
 3.26914e-07
 2.95257e-07
 2.67707e-07
 2.43631e-07
 2.22504e-07
 2.03889e-07
 1.87421e-07
 1.72796e-07
 1.59760e-07
 1.48099e-07
 1.37631e-07
 1.28205e-07
 9.93927e-07
 8.54747e-07
 7.38027e-07
 6.40668e-07
 5.59449e-07
 4.91479e-07
 4.34325e-07
 3.85995e-07
 3.44885e-07
 3.09705e-07
 2.79424e-07
 2.53211e-07
 2.30396e-07
 2.10436e-07
 1.92888e-07
 1.77389e-07
 1.63641e-07
 1.51395e-07
 1.40445e-07
 1.30619e-07
 1.15816e-06
 9.71187e-07
 8.21936e-07
 7.02153e-07
 6.05237e-07
 5.26100e-07
 4.60873e-07
 4.06618e-07
 3.61096e-07
 3.22588e-07
 2.89764e-07
 2.61585e-07
 2.37236e-07
 2.16066e-07
 1.97555e-07
 1.81284e-07
 1.66911e-07
 1.54156e-07
 1.42788e-07
 1.32617e-07
 1.32911e-06
 1.08683e-06
 9.02249e-07
 7.59283e-07
 6.46760e-07
 5.56865e-07
 4.84060e-07
 4.24363e-07
 3.74862e-07
 3.33399e-07
 2.98348e-07
 2.68471e-07
 2.42808e-07
 2.20613e-07
 2.01294e-07
 1.84379e-07
 1.69490e-07
 1.56317e-07
 1.44609e-07
 1.34159e-07
 1.49109e-06
 1.19143e-06
 9.72324e-07
 8.07722e-07
 6.81146e-07
 5.81838e-07
 5.02557e-07
 4.38300e-07
 3.85523e-07
 3.41663e-07
 3.04830e-07
 2.73609e-07
 2.46920e-07
 2.23931e-07
 2.03992e-07
 1.86589e-07
 1.71310e-07
 1.57826e-07
 1.45866e-07
 1.35211e-07
 1.62254e-06
 1.27262e-06
 1.02487e-06
 8.43016e-07
 7.05588e-07
 5.99198e-07
 5.15153e-07
 4.47606e-07
 3.92506e-07
 3.46974e-07
 3.08918e-07
 2.76786e-07
 2.49412e-07
 2.25901e-07
 2.05560e-07
 1.87843e-07
 1.72319e-07
 1.58640e-07
 1.46526e-07
 1.35746e-07
 1.70086e-06
 1.31867e-06
 1.05339e-06
 8.61400e-07
 7.17803e-07
 6.07511e-07
 5.20917e-07
 4.51662e-07
 3.95390e-07
 3.49040e-07
 3.10403e-07
 2.77854e-07
 2.50176e-07
 2.26442e-07
 2.05936e-07
 1.88097e-07
 1.72481e-07
 1.58733e-07
 1.46567e-07
 1.35749e-07
 1.71029e-06
 1.32193e-06
 1.05388e-06
 8.60623e-07
 7.16468e-07
 6.05966e-07
 5.19338e-07
 4.50133e-07
 3.93953e-07
 3.47709e-07
 3.09181e-07
 2.76738e-07
 2.49160e-07
 2.25517e-07
 2.05093e-07
 1.87329e-07
 1.71781e-07
 1.58094e-07
 1.45982e-07
 1.35213e-07
 1.64861e-06
 1.28146e-06
 1.02591e-06
 8.40482e-07
 7.01489e-07
 5.94525e-07
 5.10403e-07
 4.43022e-07
 3.88201e-07
 3.42991e-07
 3.05264e-07
 2.73450e-07
 2.46372e-07
 2.23134e-07
 2.03040e-07
 1.85547e-07
 1.70224e-07
 1.56726e-07
 1.44775e-07
 1.34141e-07
 1.52753e-06
 1.20315e-06
 9.72685e-07
 8.02857e-07
 6.74021e-07
 5.73928e-07
 4.94603e-07
 4.30665e-07
 3.78372e-07
 3.35057e-07
 2.98775e-07
 2.68081e-07
 2.41885e-07
 2.19347e-07
 1.99818e-07
 1.82784e-07
 1.67839e-07
 1.54654e-07
 1.42963e-07
 1.32549e-07
 1.36709e-06
 1.09754e-06
 9.00129e-07
 7.51246e-07
 6.36228e-07
 5.45565e-07
 4.72863e-07
 4.13693e-07
 3.64907e-07
 3.24222e-07
 2.89945e-07
 2.60804e-07
 2.35826e-07
 2.14256e-07
 1.95504e-07
 1.79101e-07
 1.64672e-07
 1.51913e-07
 1.40577e-07
 1.30460e-07
 1.18867e-06
 9.76672e-07
 8.15350e-07
 6.90015e-07
 5.90886e-07
 5.11256e-07
 4.46407e-07
 3.92950e-07
 3.48403e-07
 3.10915e-07
 2.79088e-07
 2.51851e-07
 2.28371e-07
 2.07994e-07
 1.90201e-07
 1.74577e-07
 1.60786e-07
 1.48555e-07
 1.37658e-07
 1.27909e-07
 1.01024e-06
 8.51588e-07
 7.25281e-07
 6.23628e-07
 5.40940e-07
 4.72988e-07
 4.16606e-07
 3.69401e-07
 3.29547e-07
 2.95637e-07
 2.66575e-07
 2.41500e-07
 2.19732e-07
 2.00723e-07
 1.84036e-07
 1.69313e-07
 1.56262e-07
 1.44643e-07
 1.34256e-07
 1.24936e-07
 8.44254e-07
 7.30808e-07
 6.35722e-07
 5.56056e-07
 4.89136e-07
 4.32685e-07
 3.84826e-07
 3.44030e-07
 3.09061e-07
 2.78922e-07
 2.52805e-07
 2.30055e-07
 2.10140e-07
 1.92625e-07
 1.77150e-07
 1.63419e-07
 1.51187e-07
 1.40248e-07
 1.30430e-07
 1.21589e-07
 6.97559e-07
 6.19883e-07
 5.50891e-07
 4.90424e-07
 4.37770e-07
 3.92037e-07
 3.52315e-07
 3.17765e-07
 2.87640e-07
 2.61295e-07
 2.38179e-07
 2.17824e-07
 1.99838e-07
 1.83886e-07
 1.69691e-07
 1.57014e-07
 1.45656e-07
 1.35447e-07
 1.26243e-07
 1.17919e-07
 5.72499e-07
 5.21665e-07
 4.73405e-07
 4.28906e-07
 3.88577e-07
 3.52395e-07
 3.20120e-07
 2.91414e-07
 2.65909e-07
 2.43242e-07
 2.23076e-07
 2.05106e-07
 1.89058e-07
 1.74696e-07
 1.61810e-07
 1.50219e-07
 1.39768e-07
 1.30321e-07
 1.21758e-07
 1.13980e-07
 4.68458e-07
 4.36953e-07
 4.04515e-07
 3.72795e-07
 3.42719e-07
 3.14749e-07
 2.89055e-07
 2.65638e-07
 2.44399e-07
 2.25189e-07
 2.07839e-07
 1.92173e-07
 1.78023e-07
 1.65230e-07
 1.53650e-07
 1.43152e-07
 1.33619e-07
 1.24947e-07
 1.17043e-07
 1.09826e-07
 3.83250e-07
 3.65213e-07
 3.44471e-07
 3.22660e-07
 3.00859e-07
 2.79741e-07
 2.59699e-07
 2.40937e-07
 2.23533e-07
 2.07488e-07
 1.92757e-07
 1.79266e-07
 1.66929e-07
 1.55653e-07
 1.45347e-07
 1.35924e-07
 1.27301e-07
 1.19404e-07
 1.12161e-07
 1.05511e-07
