scalar
part
         1
quad4
 6.01339e-07
 5.52957e-07
 5.05505e-07
 4.60619e-07
 4.19124e-07
 3.81320e-07
 3.47195e-07
 3.16562e-07
 2.89150e-07
 2.64653e-07
 2.42765e-07
 2.23195e-07
 2.05675e-07
 1.89965e-07
 1.75851e-07
 1.63144e-07
 1.51679e-07
 1.41310e-07
 1.31912e-07
 1.23375e-07
 7.10388e-07
 6.40789e-07
 5.75968e-07
 5.17135e-07
 4.64556e-07
 4.17984e-07
 3.76927e-07
 3.40805e-07
 3.09030e-07
 2.81051e-07
 2.56370e-07
 2.34546e-07
 2.15199e-07
 1.97998e-07
 1.82661e-07
 1.68946e-07
 1.56644e-07
 1.45579e-07
 1.35598e-07
 1.26570e-07
 8.38862e-07
 7.40544e-07
 6.53494e-07
 5.77636e-07
 5.12057e-07
 4.55543e-07
 4.06851e-07
 3.64831e-07
 3.28469e-07
 2.96895e-07
 2.69376e-07
 2.45297e-07
 2.24142e-07
 2.05484e-07
 1.88964e-07
 1.74281e-07
 1.61184e-07
 1.49461e-07
 1.38933e-07
 1.29447e-07
 9.86807e-07
 8.50839e-07
 7.36328e-07
 6.40443e-07
 5.60181e-07
 4.92814e-07
 4.36023e-07
 3.87895e-07
 3.46880e-07
 3.11726e-07
 2.81425e-07
 2.55163e-07
 2.32282e-07
 2.12245e-07
 1.94617e-07
 1.79036e-07
 1.65206e-07
 1.52881e-07
 1.41855e-07
 1.31956e-07
 1.15108e-06
 9.68036e-07
 8.21240e-07
 7.02951e-07
 6.06914e-07
 5.28268e-07
 4.63288e-07
 4.09128e-07
 3.63608e-07
 3.25045e-07
 2.92134e-07
 2.63851e-07
 2.39388e-07
 2.18103e-07
 1.99479e-07
 1.83098e-07
 1.68621e-07
 1.55768e-07
 1.44308e-07
 1.34051e-07
 1.32347e-06
 1.08550e-06
 9.03301e-07
 7.61611e-07
 6.49724e-07
 5.60095e-07
 4.87346e-07
 4.27586e-07
 3.77960e-07
 3.36339e-07
 3.01119e-07
 2.71070e-07
 2.45241e-07
 2.22887e-07
 2.03419e-07
 1.86365e-07
 1.71347e-07
 1.58056e-07
 1.46240e-07
 1.35689e-07
 1.48923e-06
 1.19339e-06
 9.76035e-07
 8.12141e-07
 6.85742e-07
 5.86345e-07
 5.06849e-07
 4.42322e-07
 3.89260e-07
 3.45120e-07
 3.08023e-07
 2.76555e-07
 2.49640e-07
 2.26445e-07
 2.06319e-07
 1.88746e-07
 1.73314e-07
 1.59691e-07
 1.47605e-07
 1.36834e-07
 1.62761e-06
 1.27956e-06
 1.03216e-06
 8.50039e-07
 7.12108e-07
 6.05150e-07
 5.20547e-07
 4.52481e-07
 3.96914e-07
 3.50964e-07
 3.12539e-07
 2.80081e-07
 2.52419e-07
 2.28653e-07
 2.08085e-07
 1.90168e-07
 1.74465e-07
 1.60626e-07
 1.48369e-07
 1.37460e-07
 1.71586e-06
 1.33198e-06
 1.06494e-06
 8.71356e-07
 7.26407e-07
 6.14982e-07
 5.27444e-07
 4.57399e-07
 4.00465e-07
 3.53555e-07
 3.14442e-07
 2.81486e-07
 2.53458e-07
 2.29421e-07
 2.08651e-07
 1.90580e-07
 1.74761e-07
 1.60834e-07
 1.48508e-07
 1.37548e-07
 1.73660e-06
 1.34209e-06
 1.06981e-06
 8.73521e-07
 7.27119e-07
 6.14907e-07
 5.26947e-07
 4.56686e-07
 3.99654e-07
 3.52714e-07
 3.13609e-07
 2.80683e-07
 2.52696e-07
 2.28705e-07
 2.07982e-07
 1.89959e-07
 1.74184e-07
 1.60299e-07
 1.48013e-07
 1.37089e-07
 1.68482e-06
 1.30760e-06
 1.04567e-06
 8.55948e-07
 7.13927e-07
 6.04750e-07
 5.18958e-07
 4.50289e-07
 3.94452e-07
 3.48426e-07
 3.10033e-07
 2.77670e-07
 2.50133e-07
 2.26506e-07
 2.06082e-07
 1.88306e-07
 1.72737e-07
 1.59025e-07
 1.46885e-07
 1.36086e-07
 1.56976e-06
 1.23324e-06
 9.95112e-07
 8.20181e-07
 6.87791e-07
 5.85131e-07
 5.03894e-07
 4.38495e-07
 3.85062e-07
 3.40839e-07
 3.03823e-07
 2.72527e-07
 2.45831e-07
 2.22874e-07
 2.02989e-07
 1.85651e-07
 1.70444e-07
 1.57031e-07
 1.45141e-07
 1.34552e-07
 1.41059e-06
 1.12900e-06
 9.23740e-07
 7.69527e-07
 6.50756e-07
 5.57366e-07
 4.82628e-07
 4.21901e-07
 3.71901e-07
 3.30251e-07
 2.95196e-07
 2.65418e-07
 2.39912e-07
 2.17900e-07
 1.98774e-07
 1.82053e-07
 1.67349e-07
 1.54353e-07
 1.42810e-07
 1.32512e-07
 1.22955e-06
 1.00718e-06
 8.38716e-07
 7.08345e-07
 6.05576e-07
 5.23252e-07
 4.56366e-07
 4.01338e-07
 3.55556e-07
 3.17084e-07
 2.84460e-07
 2.56570e-07
 2.32548e-07
 2.11717e-07
 1.93540e-07
 1.77589e-07
 1.63516e-07
 1.51041e-07
 1.39931e-07
 1.29996e-07
 1.04622e-06
 8.79523e-07
 7.47290e-07
 6.41246e-07
 5.55265e-07
 4.84809e-07
 4.26494e-07
 3.77774e-07
 3.36717e-07
 3.01837e-07
 2.71986e-07
 2.46260e-07
 2.23949e-07
 2.04485e-07
 1.87412e-07
 1.72358e-07
 1.59023e-07
 1.47157e-07
 1.36556e-07
 1.27047e-07
 8.74550e-07
 7.55345e-07
 6.55680e-07
 5.72423e-07
 5.02690e-07
 4.44027e-07
 3.94415e-07
 3.52217e-07
 3.16116e-07
 2.85053e-07
 2.58176e-07
 2.34794e-07
 2.14350e-07
 1.96387e-07
 1.80530e-07
 1.66472e-07
 1.53957e-07
 1.42773e-07
 1.32741e-07
 1.23711e-07
 7.22386e-07
 6.40832e-07
 5.68494e-07
 5.05235e-07
 4.50288e-07
 4.02681e-07
 3.61430e-07
 3.25627e-07
 2.94470e-07
 2.67270e-07
 2.43441e-07
 2.22487e-07
 2.03994e-07
 1.87611e-07
 1.73046e-07
 1.60050e-07
 1.48416e-07
 1.37966e-07
 1.28550e-07
 1.20040e-07
 5.92548e-07
 5.39231e-07
 4.88632e-07
 4.42051e-07
 3.99922e-07
 3.62208e-07
 3.28641e-07
 2.98849e-07
 2.72429e-07
 2.48990e-07
 2.28171e-07
 2.09644e-07
 1.93121e-07
 1.78350e-07
 1.65112e-07
 1.53216e-07
 1.42498e-07
 1.32816e-07
 1.24048e-07
 1.16087e-07
 4.84554e-07
 4.51533e-07
 4.17523e-07
 3.84301e-07
 3.52856e-07
 3.23670e-07
 2.96915e-07
 2.72579e-07
 2.50548e-07
 2.30657e-07
 2.12720e-07
 1.96548e-07
 1.81960e-07
 1.68787e-07
 1.56876e-07
 1.46088e-07
 1.36301e-07
 1.27405e-07
 1.19303e-07
 1.11909e-07
 3.96173e-07
 3.77264e-07
 3.55503e-07
 3.32641e-07
 3.09826e-07
 2.87767e-07
 2.66873e-07
 2.47350e-07
 2.29274e-07
 2.12640e-07
 1.97392e-07
 1.83448e-07
 1.70713e-07
 1.59088e-07
 1.48476e-07
 1.38782e-07
 1.29920e-07
 1.21810e-07
 1.14379e-07
 1.07560e-07
