scalar
part
         1
quad4
 6.03116e-07
 5.54435e-07
 5.06725e-07
 4.61622e-07
 4.19945e-07
 3.81991e-07
 3.47743e-07
 3.17010e-07
 2.89516e-07
 2.64951e-07
 2.43008e-07
 2.23393e-07
 2.05836e-07
 1.90095e-07
 1.75956e-07
 1.63228e-07
 1.51745e-07
 1.41362e-07
 1.31952e-07
 1.23405e-07
 7.12287e-07
 6.42325e-07
 5.77202e-07
 5.18123e-07
 4.65345e-07
 4.18613e-07
 3.77429e-07
 3.41205e-07
 3.09348e-07
 2.81304e-07
 2.56570e-07
 2.34704e-07
 2.15323e-07
 1.98094e-07
 1.82735e-07
 1.69001e-07
 1.56685e-07
 1.45608e-07
 1.35616e-07
 1.26580e-07
 8.40855e-07
 7.42100e-07
 6.54703e-07
 5.78573e-07
 5.12782e-07
 4.56104e-07
 4.07284e-07
 3.65165e-07
 3.28725e-07
 2.97091e-07
 2.69524e-07
 2.45407e-07
 2.24223e-07
 2.05541e-07
 1.89002e-07
 1.74305e-07
 1.61196e-07
 1.49463e-07
 1.38927e-07
 1.29435e-07
 9.88833e-07
 8.52353e-07
 7.37456e-07
 6.41282e-07
 5.60804e-07
 4.93275e-07
 4.36363e-07
 3.88144e-07
 3.47060e-07
 3.11853e-07
 2.81511e-07
 2.55218e-07
 2.32313e-07
 2.12259e-07
 1.94616e-07
 1.79024e-07
 1.65186e-07
 1.52855e-07
 1.41824e-07
 1.31921e-07
 1.15303e-06
 9.69410e-07
 8.22207e-07
 7.03629e-07
 6.07387e-07
 5.28593e-07
 4.63507e-07
 4.09271e-07
 3.63694e-07
 3.25090e-07
 2.92149e-07
 2.63844e-07
 2.39365e-07
 2.18068e-07
 1.99436e-07
 1.83049e-07
 1.68568e-07
 1.55712e-07
 1.44250e-07
 1.33992e-07
 1.32515e-06
 1.08659e-06
 9.04003e-07
 7.62053e-07
 6.49991e-07
 5.60245e-07
 4.87416e-07
 4.27601e-07
 3.77937e-07
 3.36292e-07
 3.01054e-07
 2.70994e-07
 2.45158e-07
 2.22800e-07
 2.03330e-07
 1.86276e-07
 1.71258e-07
 1.57969e-07
 1.46154e-07
 1.35605e-07
 1.49038e-06
 1.19401e-06
 9.76346e-07
 8.12262e-07
 6.85748e-07
 5.86280e-07
 5.06742e-07
 4.42190e-07
 3.89115e-07
 3.44969e-07
 3.07870e-07
 2.76404e-07
 2.49492e-07
 2.26302e-07
 2.06182e-07
 1.88614e-07
 1.73188e-07
 1.59570e-07
 1.47489e-07
 1.36724e-07
 1.62787e-06
 1.27950e-06
 1.03195e-06
 8.49758e-07
 7.11798e-07
 6.04835e-07
 5.20238e-07
 4.52186e-07
 3.96634e-07
 3.50702e-07
 3.12292e-07
 2.79851e-07
 2.52204e-07
 2.28452e-07
 2.07898e-07
 1.89992e-07
 1.74301e-07
 1.60472e-07
 1.48224e-07
 1.37324e-07
 1.71485e-06
 1.33104e-06
 1.06409e-06
 8.70605e-07
 7.25741e-07
 6.14392e-07
 5.26919e-07
 4.56930e-07
 4.00044e-07
 3.53176e-07
 3.14099e-07
 2.81175e-07
 2.53174e-07
 2.29161e-07
 2.08412e-07
 1.90361e-07
 1.74558e-07
 1.60646e-07
 1.48333e-07
 1.37385e-07
 1.73408e-06
 1.34015e-06
 1.06827e-06
 8.72266e-07
 7.26079e-07
 6.14031e-07
 5.26199e-07
 4.56040e-07
 3.99090e-07
 3.52218e-07
 3.13169e-07
 2.80291e-07
 2.52344e-07
 2.28387e-07
 2.07693e-07
 1.89695e-07
 1.73943e-07
 1.60077e-07
 1.47808e-07
 1.36900e-07
 1.68077e-06
 1.30466e-06
 1.04344e-06
 8.54200e-07
 7.12521e-07
 6.03595e-07
 5.17993e-07
 4.49471e-07
 3.93749e-07
 3.47816e-07
 3.09499e-07
 2.77198e-07
 2.49713e-07
 2.26131e-07
 2.05744e-07
 1.87999e-07
 1.72458e-07
 1.58771e-07
 1.46652e-07
 1.35871e-07
 1.56447e-06
 1.22945e-06
 9.92287e-07
 8.17998e-07
 6.86058e-07
 5.83724e-07
 5.02731e-07
 4.37518e-07
 3.84230e-07
 3.40122e-07
 3.03200e-07
 2.71981e-07
 2.45347e-07
 2.22444e-07
 2.02604e-07
 1.85304e-07
 1.70130e-07
 1.56745e-07
 1.44880e-07
 1.34313e-07
 1.40455e-06
 1.12464e-06
 9.20474e-07
 7.67004e-07
 6.48757e-07
 5.55748e-07
 4.81294e-07
 4.20785e-07
 3.70955e-07
 3.29440e-07
 2.94493e-07
 2.64803e-07
 2.39370e-07
 2.17420e-07
 1.98345e-07
 1.81668e-07
 1.67002e-07
 1.54038e-07
 1.42523e-07
 1.32249e-07
 1.22327e-06
 1.00254e-06
 8.35191e-07
 7.05597e-07
 6.03387e-07
 5.21474e-07
 4.54899e-07
 4.00109e-07
 3.54514e-07
 3.16191e-07
 2.83688e-07
 2.55896e-07
 2.31955e-07
 2.11192e-07
 1.93072e-07
 1.77169e-07
 1.63138e-07
 1.50699e-07
 1.39620e-07
 1.29712e-07
 1.04009e-06
 8.74868e-07
 7.43677e-07
 6.38388e-07
 5.52964e-07
 4.82926e-07
 4.24931e-07
 3.76461e-07
 3.35601e-07
 3.00880e-07
 2.71156e-07
 2.45536e-07
 2.23312e-07
 2.03921e-07
 1.86909e-07
 1.71908e-07
 1.58617e-07
 1.46790e-07
 1.36222e-07
 1.26743e-07
 8.68843e-07
 7.50866e-07
 6.52120e-07
 5.69555e-07
 5.00349e-07
 4.42092e-07
 3.92797e-07
 3.50849e-07
 3.14948e-07
 2.84047e-07
 2.57302e-07
 2.34030e-07
 2.13677e-07
 1.95790e-07
 1.79998e-07
 1.65995e-07
 1.53528e-07
 1.42384e-07
 1.32388e-07
 1.23389e-07
 7.17216e-07
 6.36647e-07
 5.65086e-07
 5.02436e-07
 4.47968e-07
 4.00740e-07
 3.59791e-07
 3.24231e-07
 2.93271e-07
 2.66232e-07
 2.42536e-07
 2.21693e-07
 2.03293e-07
 1.86989e-07
 1.72490e-07
 1.59551e-07
 1.47966e-07
 1.37558e-07
 1.28179e-07
 1.19702e-07
 5.87942e-07
 5.35397e-07
 4.85436e-07
 4.39376e-07
 3.97669e-07
 3.60299e-07
 3.27012e-07
 2.97449e-07
 2.71218e-07
 2.47936e-07
 2.27248e-07
 2.08831e-07
 1.92401e-07
 1.77709e-07
 1.64537e-07
 1.52699e-07
 1.42031e-07
 1.32393e-07
 1.23663e-07
 1.15736e-07
 4.80489e-07
 4.48065e-07
 4.14569e-07
 3.81783e-07
 3.50702e-07
 3.21821e-07
 2.95320e-07
 2.71196e-07
 2.49342e-07
 2.29601e-07
 2.11789e-07
 1.95724e-07
 1.81227e-07
 1.68132e-07
 1.56288e-07
 1.45559e-07
 1.35822e-07
 1.26970e-07
 1.18906e-07
 1.11547e-07
 3.92599e-07
 3.74149e-07
 3.52798e-07
 3.30296e-07
 3.07791e-07
 2.85997e-07
 2.65329e-07
 2.45999e-07
 2.28087e-07
 2.11592e-07
 1.96464e-07
 1.82622e-07
 1.69975e-07
 1.58427e-07
 1.47880e-07
 1.38244e-07
 1.29433e-07
 1.21367e-07
 1.13974e-07
 1.07190e-07
