scalar
part
         1
quad4
 6.51520e-07
 5.96018e-07
 5.42296e-07
 4.91999e-07
 4.45895e-07
 4.04198e-07
 3.66800e-07
 3.33419e-07
 3.03700e-07
 2.77262e-07
 2.53738e-07
 2.32785e-07
 2.14091e-07
 1.97381e-07
 1.82411e-07
 1.68970e-07
 1.56871e-07
 1.45954e-07
 1.36080e-07
 1.27127e-07
 7.66190e-07
 6.87598e-07
 6.15139e-07
 5.49928e-07
 4.92075e-07
 4.41161e-07
 3.96536e-07
 3.57477e-07
 3.23280e-07
 2.93294e-07
 2.66944e-07
 2.43726e-07
 2.23207e-07
 2.05018e-07
 1.88842e-07
 1.74412e-07
 1.61498e-07
 1.49906e-07
 1.39469e-07
 1.30045e-07
 9.00426e-07
 7.90827e-07
 6.94591e-07
 6.11340e-07
 5.39839e-07
 4.78585e-07
 4.26089e-07
 3.81001e-07
 3.42153e-07
 3.08552e-07
 2.79369e-07
 2.53915e-07
 2.31618e-07
 2.12004e-07
 1.94679e-07
 1.79315e-07
 1.65638e-07
 1.53419e-07
 1.42464e-07
 1.32609e-07
 1.05373e-06
 9.03834e-07
 7.78513e-07
 6.74275e-07
 5.87548e-07
 5.15154e-07
 4.54424e-07
 4.03187e-07
 3.59695e-07
 3.22551e-07
 2.90638e-07
 2.63059e-07
 2.39094e-07
 2.18158e-07
 1.99778e-07
 1.83565e-07
 1.69201e-07
 1.56420e-07
 1.45005e-07
 1.34770e-07
 1.22197e-06
 1.02225e-06
 8.63171e-07
 7.35797e-07
 6.32975e-07
 5.49204e-07
 4.80306e-07
 4.23115e-07
 3.75220e-07
 3.34777e-07
 3.00360e-07
 2.70861e-07
 2.45405e-07
 2.23303e-07
 2.04001e-07
 1.87053e-07
 1.72098e-07
 1.58841e-07
 1.47036e-07
 1.36483e-07
 1.39540e-06
 1.13844e-06
 9.43043e-07
 7.92010e-07
 6.73388e-07
 5.78816e-07
 5.02375e-07
 4.39810e-07
 3.88022e-07
 3.44711e-07
 3.08153e-07
 2.77032e-07
 2.50336e-07
 2.27273e-07
 2.07219e-07
 1.89679e-07
 1.74254e-07
 1.60618e-07
 1.48509e-07
 1.37708e-07
 1.55717e-06
 1.24148e-06
 1.01108e-06
 8.38349e-07
 7.05787e-07
 6.01983e-07
 5.19262e-07
 4.52326e-07
 3.97433e-07
 3.51877e-07
 3.13669e-07
 2.81320e-07
 2.53696e-07
 2.29925e-07
 2.09326e-07
 1.91361e-07
 1.75602e-07
 1.61703e-07
 1.49385e-07
 1.38416e-07
 1.68439e-06
 1.31831e-06
 1.05966e-06
 8.70201e-07
 7.27297e-07
 6.16859e-07
 5.29754e-07
 4.59846e-07
 4.02892e-07
 3.55882e-07
 3.16630e-07
 2.83520e-07
 2.55336e-07
 2.31149e-07
 2.10237e-07
 1.92035e-07
 1.76095e-07
 1.62058e-07
 1.49633e-07
 1.38581e-07
 1.75324e-06
 1.35675e-06
 1.08215e-06
 8.83784e-07
 7.35660e-07
 6.22050e-07
 5.32960e-07
 4.61784e-07
 4.04007e-07
 3.56455e-07
 3.16846e-07
 2.83501e-07
 2.55163e-07
 2.30875e-07
 2.09901e-07
 1.91663e-07
 1.75705e-07
 1.61661e-07
 1.49237e-07
 1.38193e-07
 1.74774e-06
 1.34930e-06
 1.07474e-06
 8.77027e-07
 7.29698e-07
 6.16856e-07
 5.28454e-07
 4.57873e-07
 4.00605e-07
 3.53486e-07
 3.14245e-07
 2.81212e-07
 2.53140e-07
 2.29081e-07
 2.08303e-07
 1.90235e-07
 1.74423e-07
 1.60507e-07
 1.48195e-07
 1.37249e-07
 1.66714e-06
 1.29597e-06
 1.03760e-06
 8.50124e-07
 7.09582e-07
 6.01419e-07
 5.16349e-07
 4.48205e-07
 3.92760e-07
 3.47033e-07
 3.08872e-07
 2.76692e-07
 2.49301e-07
 2.25793e-07
 2.05465e-07
 1.87768e-07
 1.72266e-07
 1.58610e-07
 1.46517e-07
 1.35758e-07
 1.52623e-06
 1.20425e-06
 9.74868e-07
 8.05500e-07
 6.76811e-07
 5.76707e-07
 4.97292e-07
 4.33224e-07
 3.80787e-07
 3.37324e-07
 3.00897e-07
 2.70067e-07
 2.43741e-07
 2.21084e-07
 2.01444e-07
 1.84309e-07
 1.69269e-07
 1.55998e-07
 1.44227e-07
 1.33740e-07
 1.34833e-06
 1.08638e-06
 8.93408e-07
 7.47230e-07
 6.33915e-07
 5.44350e-07
 4.72368e-07
 4.13675e-07
 3.65207e-07
 3.24732e-07
 2.90593e-07
 2.61540e-07
 2.36614e-07
 2.15073e-07
 1.96332e-07
 1.79928e-07
 1.65490e-07
 1.52717e-07
 1.41362e-07
 1.31225e-07
 1.15690e-06
 9.55648e-07
 8.01090e-07
 6.80158e-07
 5.83979e-07
 5.06375e-07
 4.42947e-07
 3.90504e-07
 3.46691e-07
 3.09742e-07
 2.78315e-07
 2.51376e-07
 2.28120e-07
 2.07912e-07
 1.90248e-07
 1.74721e-07
 1.61003e-07
 1.48826e-07
 1.37970e-07
 1.28251e-07
 9.70316e-07
 8.23582e-07
 7.05246e-07
 6.09046e-07
 5.30166e-07
 4.64928e-07
 4.10515e-07
 3.64761e-07
 3.25992e-07
 2.92903e-07
 2.64470e-07
 2.39882e-07
 2.18493e-07
 1.99783e-07
 1.83331e-07
 1.68796e-07
 1.55895e-07
 1.44397e-07
 1.34108e-07
 1.24866e-07
 8.00348e-07
 6.98561e-07
 6.11722e-07
 5.37959e-07
 4.75320e-07
 4.22020e-07
 3.76509e-07
 3.37487e-07
 3.03875e-07
 2.74785e-07
 2.49487e-07
 2.27384e-07
 2.07983e-07
 1.90879e-07
 1.75736e-07
 1.62276e-07
 1.50264e-07
 1.39506e-07
 1.29838e-07
 1.21121e-07
 6.52723e-07
 5.85643e-07
 5.24541e-07
 4.69964e-07
 4.21738e-07
 3.79360e-07
 3.42207e-07
 3.09640e-07
 2.81063e-07
 2.55936e-07
 2.33787e-07
 2.14207e-07
 1.96845e-07
 1.81402e-07
 1.67621e-07
 1.55286e-07
 1.44211e-07
 1.34237e-07
 1.25229e-07
 1.17071e-07
 5.28717e-07
 4.87087e-07
 4.46003e-07
 4.07077e-07
 3.71079e-07
 3.38274e-07
 3.08649e-07
 2.82034e-07
 2.58191e-07
 2.36854e-07
 2.17761e-07
 2.00660e-07
 1.85324e-07
 1.71546e-07
 1.59143e-07
 1.47955e-07
 1.37840e-07
 1.28674e-07
 1.20350e-07
 1.12774e-07
 4.26877e-07
 4.03150e-07
 3.77029e-07
 3.50393e-07
 3.24392e-07
 2.99688e-07
 2.76616e-07
 2.55312e-07
 2.35784e-07
 2.17965e-07
 2.01753e-07
 1.87022e-07
 1.73645e-07
 1.61495e-07
 1.50452e-07
 1.40404e-07
 1.31251e-07
 1.22900e-07
 1.15270e-07
 1.08287e-07
 3.44438e-07
 3.32871e-07
 3.17572e-07
 3.00285e-07
 2.82215e-07
 2.64165e-07
 2.46641e-07
 2.29948e-07
 2.14248e-07
 1.99612e-07
 1.86049e-07
 1.73531e-07
 1.62006e-07
 1.51413e-07
 1.41683e-07
 1.32747e-07
 1.24539e-07
 1.16995e-07
 1.10055e-07
 1.03666e-07
