scalar
part
         1
quad4
 5.94822e-07
 5.46019e-07
 4.98345e-07
 4.53406e-07
 4.11988e-07
 3.74358e-07
 3.40472e-07
 3.10120e-07
 2.83011e-07
 2.58827e-07
 2.37251e-07
 2.17986e-07
 2.00761e-07
 1.85332e-07
 1.71484e-07
 1.59027e-07
 1.47796e-07
 1.37646e-07
 1.28453e-07
 1.20106e-07
 7.02087e-07
 6.32110e-07
 5.67172e-07
 5.08427e-07
 4.56082e-07
 4.09839e-07
 3.69169e-07
 3.33462e-07
 3.02110e-07
 2.74548e-07
 2.50269e-07
 2.28829e-07
 2.09842e-07
 1.92979e-07
 1.77957e-07
 1.64533e-07
 1.52502e-07
 1.41687e-07
 1.31937e-07
 1.23122e-07
 8.28155e-07
 7.29587e-07
 6.42625e-07
 5.67092e-07
 5.01984e-07
 4.46022e-07
 3.97915e-07
 3.56483e-07
 3.20691e-07
 2.89660e-07
 2.62650e-07
 2.39042e-07
 2.18324e-07
 2.00067e-07
 1.83914e-07
 1.69568e-07
 1.56780e-07
 1.45339e-07
 1.35070e-07
 1.25821e-07
 9.72792e-07
 8.36880e-07
 7.22836e-07
 6.27657e-07
 5.48218e-07
 4.81710e-07
 4.25764e-07
 3.78441e-07
 3.38176e-07
 3.03713e-07
 2.74042e-07
 2.48352e-07
 2.25989e-07
 2.06422e-07
 1.89218e-07
 1.74022e-07
 1.60541e-07
 1.48532e-07
 1.37793e-07
 1.28155e-07
 1.13245e-06
 9.50118e-07
 8.04453e-07
 6.87466e-07
 5.92754e-07
 5.15377e-07
 4.51573e-07
 3.98482e-07
 3.53923e-07
 3.16219e-07
 2.84074e-07
 2.56473e-07
 2.32617e-07
 2.11874e-07
 1.93734e-07
 1.77787e-07
 1.63699e-07
 1.51196e-07
 1.40052e-07
 1.30080e-07
 1.29840e-06
 1.06242e-06
 8.82459e-07
 7.42951e-07
 6.33073e-07
 5.45239e-07
 4.74068e-07
 4.15687e-07
 3.67261e-07
 3.26686e-07
 2.92378e-07
 2.63127e-07
 2.37998e-07
 2.16260e-07
 1.97337e-07
 1.80766e-07
 1.66178e-07
 1.53271e-07
 1.41798e-07
 1.31556e-07
 1.45536e-06
 1.16381e-06
 9.50379e-07
 7.89885e-07
 6.66372e-07
 5.69404e-07
 4.91951e-07
 4.29148e-07
 3.77546e-07
 3.34648e-07
 2.98615e-07
 2.68063e-07
 2.41941e-07
 2.19437e-07
 1.99916e-07
 1.82874e-07
 1.67911e-07
 1.54704e-07
 1.42989e-07
 1.32551e-07
 1.58241e-06
 1.24227e-06
 1.00112e-06
 8.23931e-07
 6.89918e-07
 5.86101e-07
 5.04043e-07
 4.38063e-07
 3.84220e-07
 3.39712e-07
 3.02500e-07
 2.71074e-07
 2.44295e-07
 2.21291e-07
 2.01384e-07
 1.84044e-07
 1.68847e-07
 1.55455e-07
 1.43594e-07
 1.33038e-07
 1.65761e-06
 1.28638e-06
 1.02836e-06
 8.41426e-07
 7.01490e-07
 5.93934e-07
 5.09440e-07
 4.41831e-07
 3.86875e-07
 3.41593e-07
 3.03834e-07
 2.72016e-07
 2.44954e-07
 2.21743e-07
 2.01684e-07
 1.84232e-07
 1.68952e-07
 1.55499e-07
 1.43592e-07
 1.33002e-07
 1.66569e-06
 1.28875e-06
 1.02823e-06
 8.40189e-07
 6.99807e-07
 5.92120e-07
 5.07648e-07
 4.40131e-07
 3.85297e-07
 3.40145e-07
 3.02514e-07
 2.70818e-07
 2.43867e-07
 2.20757e-07
 2.00789e-07
 1.83418e-07
 1.68212e-07
 1.54824e-07
 1.42975e-07
 1.32438e-07
 1.60451e-06
 1.24847e-06
 1.00031e-06
 8.20042e-07
 6.84792e-07
 5.80631e-07
 4.98661e-07
 4.32969e-07
 3.79498e-07
 3.35383e-07
 2.98556e-07
 2.67492e-07
 2.41045e-07
 2.18343e-07
 1.98708e-07
 1.81611e-07
 1.66633e-07
 1.53436e-07
 1.41749e-07
 1.31349e-07
 1.48553e-06
 1.17134e-06
 9.47780e-07
 7.82839e-07
 6.57588e-07
 5.60202e-07
 4.82970e-07
 4.20682e-07
 3.69713e-07
 3.27476e-07
 2.92084e-07
 2.62132e-07
 2.36561e-07
 2.14556e-07
 1.95484e-07
 1.78845e-07
 1.64242e-07
 1.51357e-07
 1.39931e-07
 1.29750e-07
 1.32835e-06
 1.06768e-06
 8.76441e-07
 7.32019e-07
 6.20325e-07
 5.32203e-07
 4.61484e-07
 4.03891e-07
 3.56380e-07
 3.16737e-07
 2.83325e-07
 2.54908e-07
 2.30542e-07
 2.09494e-07
 1.91191e-07
 1.75177e-07
 1.61087e-07
 1.48625e-07
 1.37551e-07
 1.27666e-07
 1.15388e-06
 9.49269e-07
 7.93260e-07
 6.71863e-07
 5.75727e-07
 4.98421e-07
 4.35410e-07
 3.83429e-07
 3.40084e-07
 3.03589e-07
 2.72589e-07
 2.46049e-07
 2.23160e-07
 2.03290e-07
 1.85934e-07
 1.70690e-07
 1.57231e-07
 1.45291e-07
 1.34651e-07
 1.25130e-07
 9.79638e-07
 8.26908e-07
 7.05023e-07
 6.06746e-07
 5.26683e-07
 4.60807e-07
 4.06092e-07
 3.60243e-07
 3.21505e-07
 2.88524e-07
 2.60242e-07
 2.35829e-07
 2.14625e-07
 1.96103e-07
 1.79836e-07
 1.65480e-07
 1.52751e-07
 1.41415e-07
 1.31280e-07
 1.22183e-07
 8.17750e-07
 7.08903e-07
 6.17396e-07
 5.40551e-07
 4.75881e-07
 4.21247e-07
 3.74871e-07
 3.35299e-07
 3.01350e-07
 2.72067e-07
 2.46676e-07
 2.24547e-07
 2.05165e-07
 1.88111e-07
 1.73037e-07
 1.59658e-07
 1.47735e-07
 1.37070e-07
 1.27495e-07
 1.18870e-07
 6.74839e-07
 6.00650e-07
 5.34489e-07
 4.76328e-07
 4.25565e-07
 3.81392e-07
 3.42968e-07
 3.09505e-07
 2.80298e-07
 2.54733e-07
 2.32285e-07
 2.12505e-07
 1.95016e-07
 1.79499e-07
 1.65683e-07
 1.53340e-07
 1.42277e-07
 1.32330e-07
 1.23359e-07
 1.15244e-07
 5.53137e-07
 5.04900e-07
 4.58838e-07
 4.16193e-07
 3.77425e-07
 3.42563e-07
 3.11406e-07
 2.83653e-07
 2.58964e-07
 2.36999e-07
 2.17440e-07
 1.99997e-07
 1.84409e-07
 1.70450e-07
 1.57920e-07
 1.46644e-07
 1.36473e-07
 1.27274e-07
 1.18934e-07
 1.11355e-07
 4.51995e-07
 4.22400e-07
 3.91647e-07
 3.61395e-07
 3.32592e-07
 3.05722e-07
 2.80980e-07
 2.58388e-07
 2.37866e-07
 2.19281e-07
 2.02476e-07
 1.87289e-07
 1.73561e-07
 1.61140e-07
 1.49891e-07
 1.39687e-07
 1.30416e-07
 1.21979e-07
 1.14287e-07
 1.07260e-07
 3.69247e-07
 3.52604e-07
 3.33138e-07
 3.12478e-07
 2.91702e-07
 2.71493e-07
 2.52252e-07
 2.34196e-07
 2.17415e-07
 2.01921e-07
 1.87677e-07
 1.74617e-07
 1.62663e-07
 1.51728e-07
 1.41727e-07
 1.32577e-07
 1.24199e-07
 1.16522e-07
 1.09479e-07
 1.03009e-07
