scalar
part
         1
quad4
 4.82085e-07
 4.50336e-07
 4.17422e-07
 3.85046e-07
 3.54207e-07
 3.25428e-07
 2.98924e-07
 2.74724e-07
 2.52744e-07
 2.32846e-07
 2.14860e-07
 1.98614e-07
 1.83934e-07
 1.70660e-07
 1.58644e-07
 1.47751e-07
 1.37859e-07
 1.28862e-07
 1.20663e-07
 1.13178e-07
 5.79246e-07
 5.30219e-07
 4.82797e-07
 4.38500e-07
 3.97981e-07
 3.61388e-07
 3.28589e-07
 2.99312e-07
 2.73229e-07
 2.50003e-07
 2.29306e-07
 2.10840e-07
 1.94335e-07
 1.79553e-07
 1.66284e-07
 1.54344e-07
 1.43575e-07
 1.33838e-07
 1.25012e-07
 1.16994e-07
 6.95889e-07
 6.22794e-07
 5.56296e-07
 4.97054e-07
 4.44876e-07
 3.99183e-07
 3.59258e-07
 3.24373e-07
 2.93852e-07
 2.67089e-07
 2.43556e-07
 2.22801e-07
 2.04436e-07
 1.88133e-07
 1.73612e-07
 1.60635e-07
 1.49003e-07
 1.38544e-07
 1.29110e-07
 1.20578e-07
 8.33211e-07
 7.27659e-07
 6.36919e-07
 5.59582e-07
 4.93837e-07
 4.37898e-07
 3.90167e-07
 3.49283e-07
 3.14107e-07
 2.83698e-07
 2.57285e-07
 2.34235e-07
 2.14026e-07
 1.96229e-07
 1.80489e-07
 1.66513e-07
 1.54053e-07
 1.42905e-07
 1.32895e-07
 1.23877e-07
 9.89955e-07
 8.42570e-07
 7.22397e-07
 6.24115e-07
 5.43259e-07
 4.76263e-07
 4.20329e-07
 3.73275e-07
 3.33398e-07
 2.99367e-07
 2.70131e-07
 2.44856e-07
 2.22879e-07
 2.03662e-07
 1.86774e-07
 1.71860e-07
 1.58630e-07
 1.46845e-07
 1.36304e-07
 1.26841e-07
 1.16069e-06
 9.62672e-07
 8.08890e-07
 6.87750e-07
 5.90987e-07
 5.12686e-07
 4.48560e-07
 3.95465e-07
 3.51065e-07
 3.13595e-07
 2.81710e-07
 2.54371e-07
 2.30766e-07
 2.10254e-07
 1.92324e-07
 1.76565e-07
 1.62645e-07
 1.50291e-07
 1.39278e-07
 1.29422e-07
 1.33425e-06
 1.08007e-06
 8.90948e-07
 7.46731e-07
 6.34412e-07
 5.45331e-07
 4.73554e-07
 4.14914e-07
 3.66417e-07
 3.25871e-07
 2.91640e-07
 2.62489e-07
 2.37466e-07
 2.15832e-07
 1.97005e-07
 1.80523e-07
 1.66013e-07
 1.53175e-07
 1.41763e-07
 1.31574e-07
 1.49350e-06
 1.18421e-06
 9.61933e-07
 7.96779e-07
 6.70709e-07
 5.72292e-07
 4.93998e-07
 4.30696e-07
 3.78794e-07
 3.35715e-07
 2.99568e-07
 2.68945e-07
 2.42778e-07
 2.20242e-07
 2.00698e-07
 1.83639e-07
 1.68661e-07
 1.55441e-07
 1.43713e-07
 1.33261e-07
 1.61771e-06
 1.26344e-06
 1.01497e-06
 8.33674e-07
 6.97193e-07
 5.91809e-07
 5.08705e-07
 4.41995e-07
 3.87622e-07
 3.42715e-07
 3.05193e-07
 2.73518e-07
 2.46535e-07
 2.23359e-07
 2.03306e-07
 1.85838e-07
 1.70530e-07
 1.57039e-07
 1.45088e-07
 1.34452e-07
 1.68764e-06
 1.30754e-06
 1.04429e-06
 8.53979e-07
 7.11733e-07
 6.02512e-07
 5.16770e-07
 4.48195e-07
 3.92472e-07
 3.46567e-07
 3.08293e-07
 2.76044e-07
 2.48615e-07
 2.25089e-07
 2.04758e-07
 1.87066e-07
 1.71576e-07
 1.57936e-07
 1.45863e-07
 1.35124e-07
 1.69149e-06
 1.31044e-06
 1.04652e-06
 8.55724e-07
 7.13120e-07
 6.03632e-07
 5.17686e-07
 4.48953e-07
 3.93106e-07
 3.47102e-07
 3.08749e-07
 2.76435e-07
 2.48953e-07
 2.25384e-07
 2.05015e-07
 1.87293e-07
 1.71777e-07
 1.58115e-07
 1.46022e-07
 1.35267e-07
 1.62897e-06
 1.27195e-06
 1.02153e-06
 8.38816e-07
 7.01291e-07
 5.95122e-07
 5.11419e-07
 4.44244e-07
 3.89505e-07
 3.44306e-07
 3.06549e-07
 2.74683e-07
 2.47542e-07
 2.24236e-07
 2.04074e-07
 1.86515e-07
 1.71129e-07
 1.57571e-07
 1.45564e-07
 1.34878e-07
 1.51132e-06
 1.19776e-06
 9.72432e-07
 8.05054e-07
 6.77331e-07
 5.77665e-07
 4.98411e-07
 4.34363e-07
 3.81871e-07
 3.38320e-07
 3.01792e-07
 2.70859e-07
 2.44435e-07
 2.21687e-07
 2.01965e-07
 1.84755e-07
 1.69650e-07
 1.56321e-07
 1.44499e-07
 1.33967e-07
 1.35736e-06
 1.09781e-06
 9.04807e-07
 7.57731e-07
 6.43269e-07
 5.52555e-07
 4.79515e-07
 4.19885e-07
 3.70602e-07
 3.29424e-07
 2.94682e-07
 2.65111e-07
 2.39741e-07
 2.17819e-07
 1.98749e-07
 1.82062e-07
 1.67378e-07
 1.54392e-07
 1.42851e-07
 1.32551e-07
 1.18758e-06
 9.83572e-07
 8.25395e-07
 7.00972e-07
 6.01718e-07
 5.21497e-07
 4.55872e-07
 4.01593e-07
 3.56245e-07
 3.18010e-07
 2.85501e-07
 2.57648e-07
 2.33617e-07
 2.12749e-07
 1.94518e-07
 1.78505e-07
 1.64368e-07
 1.51827e-07
 1.40654e-07
 1.30659e-07
 1.01906e-06
 8.65555e-07
 7.40790e-07
 6.39015e-07
 5.55466e-07
 4.86367e-07
 4.28772e-07
 3.80391e-07
 3.39445e-07
 3.04543e-07
 2.74592e-07
 2.48726e-07
 2.26255e-07
 2.06624e-07
 1.89385e-07
 1.74173e-07
 1.60688e-07
 1.48683e-07
 1.37953e-07
 1.28326e-07
 8.63152e-07
 7.51732e-07
 6.56473e-07
 5.75622e-07
 5.07117e-07
 4.48989e-07
 3.99507e-07
 3.57208e-07
 3.20879e-07
 2.89524e-07
 2.62329e-07
 2.38626e-07
 2.17870e-07
 1.99611e-07
 1.83480e-07
 1.69168e-07
 1.56420e-07
 1.45024e-07
 1.34799e-07
 1.25594e-07
 7.25578e-07
 6.47122e-07
 5.76372e-07
 5.13744e-07
 4.58852e-07
 4.10969e-07
 3.69265e-07
 3.32926e-07
 3.01207e-07
 2.73451e-07
 2.49090e-07
 2.27640e-07
 2.08688e-07
 1.91886e-07
 1.76940e-07
 1.63599e-07
 1.51652e-07
 1.40919e-07
 1.31249e-07
 1.22509e-07
 6.07930e-07
 5.54170e-07
 5.02880e-07
 4.55423e-07
 4.12318e-07
 3.73601e-07
 3.39049e-07
 3.08320e-07
 2.81028e-07
 2.56788e-07
 2.35239e-07
 2.16051e-07
 1.98933e-07
 1.83626e-07
 1.69907e-07
 1.57579e-07
 1.46474e-07
 1.36444e-07
 1.27363e-07
 1.19122e-07
 5.09302e-07
 4.73469e-07
 4.37121e-07
 4.01869e-07
 3.68626e-07
 3.37835e-07
 3.09646e-07
 2.84029e-07
 2.60856e-07
 2.39946e-07
 2.21102e-07
 2.04123e-07
 1.88815e-07
 1.75002e-07
 1.62519e-07
 1.51221e-07
 1.40978e-07
 1.31673e-07
 1.23205e-07
 1.15483e-07
