scalar
part
         1
quad4
 5.87592e-07
 5.40389e-07
 4.94072e-07
 4.50248e-07
 4.09724e-07
 3.72800e-07
 3.39465e-07
 3.09539e-07
 2.82756e-07
 2.58820e-07
 2.37431e-07
 2.18305e-07
 2.01183e-07
 1.85828e-07
 1.72031e-07
 1.59609e-07
 1.48401e-07
 1.38263e-07
 1.29075e-07
 1.20727e-07
 6.94144e-07
 6.26212e-07
 5.62925e-07
 5.05473e-07
 4.54121e-07
 4.08631e-07
 3.68524e-07
 3.33235e-07
 3.02190e-07
 2.74852e-07
 2.50733e-07
 2.29406e-07
 2.10497e-07
 1.93685e-07
 1.78694e-07
 1.65286e-07
 1.53260e-07
 1.42442e-07
 1.32683e-07
 1.23855e-07
 8.19640e-07
 7.23653e-07
 6.38653e-07
 5.64573e-07
 5.00525e-07
 4.45326e-07
 3.97763e-07
 3.56714e-07
 3.21189e-07
 2.90339e-07
 2.63449e-07
 2.39918e-07
 2.19244e-07
 2.01008e-07
 1.84860e-07
 1.70507e-07
 1.57703e-07
 1.46241e-07
 1.35947e-07
 1.26672e-07
 9.64089e-07
 8.31338e-07
 7.19527e-07
 6.25897e-07
 5.47518e-07
 4.81725e-07
 4.26257e-07
 3.79246e-07
 3.39178e-07
 3.04833e-07
 2.75227e-07
 2.49564e-07
 2.27203e-07
 2.07620e-07
 1.90389e-07
 1.75159e-07
 1.61639e-07
 1.49589e-07
 1.38808e-07
 1.29129e-07
 1.12436e-06
 9.45679e-07
 8.02375e-07
 6.86892e-07
 5.93126e-07
 5.16333e-07
 4.52877e-07
 3.99981e-07
 3.55518e-07
 3.17846e-07
 2.85692e-07
 2.58056e-07
 2.34151e-07
 2.13349e-07
 1.95146e-07
 1.79134e-07
 1.64981e-07
 1.52415e-07
 1.41211e-07
 1.31180e-07
 1.29237e-06
 1.06016e-06
 8.82362e-07
 7.44082e-07
 6.34873e-07
 5.47379e-07
 4.76351e-07
 4.17997e-07
 3.69530e-07
 3.28877e-07
 2.94470e-07
 2.65112e-07
 2.39873e-07
 2.18027e-07
 1.99000e-07
 1.82331e-07
 1.67650e-07
 1.54656e-07
 1.43102e-07
 1.32785e-07
 1.45362e-06
 1.16513e-06
 9.53156e-07
 7.93282e-07
 6.69959e-07
 5.72960e-07
 4.95365e-07
 4.32370e-07
 3.80557e-07
 3.37449e-07
 3.01212e-07
 2.70470e-07
 2.44173e-07
 2.21507e-07
 2.01837e-07
 1.84661e-07
 1.69576e-07
 1.56257e-07
 1.44440e-07
 1.33909e-07
 1.58782e-06
 1.24876e-06
 1.00765e-06
 8.30109e-07
 6.95596e-07
 5.91257e-07
 5.08701e-07
 4.42267e-07
 3.88018e-07
 3.43149e-07
 3.05620e-07
 2.73914e-07
 2.46888e-07
 2.23666e-07
 2.03566e-07
 1.86053e-07
 1.70703e-07
 1.57174e-07
 1.45190e-07
 1.34523e-07
 1.67288e-06
 1.29934e-06
 1.03932e-06
 8.50725e-07
 7.09440e-07
 6.00786e-07
 5.15393e-07
 4.47042e-07
 3.91470e-07
 3.45670e-07
 3.07474e-07
 2.75285e-07
 2.47904e-07
 2.24418e-07
 2.04120e-07
 1.86459e-07
 1.70996e-07
 1.57380e-07
 1.45329e-07
 1.34612e-07
 1.69207e-06
 1.30865e-06
 1.04377e-06
 8.52657e-07
 7.10025e-07
 6.00645e-07
 5.14866e-07
 4.46320e-07
 3.90662e-07
 3.44839e-07
 3.06656e-07
 2.74498e-07
 2.47159e-07
 2.23719e-07
 2.03468e-07
 1.85853e-07
 1.70434e-07
 1.56860e-07
 1.44848e-07
 1.34166e-07
 1.64086e-06
 1.27461e-06
 1.01998e-06
 8.35367e-07
 6.97062e-07
 5.90674e-07
 5.07031e-07
 4.40052e-07
 3.85568e-07
 3.40643e-07
 3.03158e-07
 2.71552e-07
 2.44654e-07
 2.21571e-07
 2.01613e-07
 1.84239e-07
 1.69022e-07
 1.55617e-07
 1.43748e-07
 1.33188e-07
 1.52844e-06
 1.20191e-06
 9.70541e-07
 8.00387e-07
 6.71501e-07
 5.71488e-07
 4.92300e-07
 4.28520e-07
 3.76388e-07
 3.33227e-07
 2.97089e-07
 2.66527e-07
 2.40451e-07
 2.18022e-07
 1.98592e-07
 1.81647e-07
 1.66783e-07
 1.53670e-07
 1.42046e-07
 1.31691e-07
 1.37353e-06
 1.10033e-06
 9.00928e-07
 7.50953e-07
 6.35343e-07
 5.44374e-07
 4.71529e-07
 4.12310e-07
 3.63531e-07
 3.22883e-07
 2.88661e-07
 2.59582e-07
 2.34668e-07
 2.13164e-07
 1.94475e-07
 1.78132e-07
 1.63760e-07
 1.51055e-07
 1.39769e-07
 1.29699e-07
 1.19758e-06
 9.81776e-07
 8.18099e-07
 6.91306e-07
 5.91273e-07
 5.11084e-07
 4.45893e-07
 3.92232e-07
 3.47569e-07
 3.10023e-07
 2.78175e-07
 2.50939e-07
 2.27475e-07
 2.07124e-07
 1.89362e-07
 1.73772e-07
 1.60016e-07
 1.47820e-07
 1.36957e-07
 1.27242e-07
 1.01947e-06
 8.57605e-07
 7.29082e-07
 6.25924e-07
 5.42220e-07
 4.73584e-07
 4.16743e-07
 3.69232e-07
 3.29176e-07
 2.95135e-07
 2.65991e-07
 2.40869e-07
 2.19076e-07
 2.00059e-07
 1.83375e-07
 1.68662e-07
 1.55626e-07
 1.44025e-07
 1.33659e-07
 1.24361e-07
 8.52659e-07
 7.36818e-07
 6.39897e-07
 5.58875e-07
 4.90970e-07
 4.33812e-07
 3.85446e-07
 3.44290e-07
 3.09066e-07
 2.78747e-07
 2.52505e-07
 2.29671e-07
 2.09700e-07
 1.92148e-07
 1.76652e-07
 1.62911e-07
 1.50677e-07
 1.39742e-07
 1.29932e-07
 1.21101e-07
 7.04721e-07
 6.25398e-07
 5.55007e-07
 4.93416e-07
 4.39890e-07
 3.93490e-07
 3.53267e-07
 3.18341e-07
 2.87937e-07
 2.61385e-07
 2.38116e-07
 2.17651e-07
 1.99584e-07
 1.83576e-07
 1.69340e-07
 1.56637e-07
 1.45263e-07
 1.35045e-07
 1.25836e-07
 1.17513e-07
 5.78403e-07
 5.26497e-07
 4.77225e-07
 4.31847e-07
 3.90788e-07
 3.54018e-07
 3.21278e-07
 2.92208e-07
 2.66421e-07
 2.43537e-07
 2.23205e-07
 2.05107e-07
 1.88964e-07
 1.74529e-07
 1.61589e-07
 1.49959e-07
 1.39480e-07
 1.30012e-07
 1.21437e-07
 1.13651e-07
 4.73264e-07
 4.41086e-07
 4.07941e-07
 3.75557e-07
 3.44895e-07
 3.16427e-07
 2.90322e-07
 2.66570e-07
 2.45061e-07
 2.25637e-07
 2.08116e-07
 1.92316e-07
 1.78060e-07
 1.65185e-07
 1.53542e-07
 1.42995e-07
 1.33425e-07
 1.24724e-07
 1.16800e-07
 1.09568e-07
 3.87160e-07
 3.68713e-07
 3.47486e-07
 3.25185e-07
 3.02926e-07
 2.81399e-07
 2.61005e-07
 2.41944e-07
 2.24292e-07
 2.08043e-07
 1.93146e-07
 1.79520e-07
 1.67073e-07
 1.55709e-07
 1.45334e-07
 1.35855e-07
 1.27189e-07
 1.19257e-07
 1.11988e-07
 1.05317e-07
