scalar
part
         1
quad4
 4.05810e-07
 3.84450e-07
 3.60820e-07
 3.36542e-07
 3.12656e-07
 2.89787e-07
 2.68280e-07
 2.48291e-07
 2.29861e-07
 2.12956e-07
 1.97501e-07
 1.83399e-07
 1.70544e-07
 1.58828e-07
 1.48147e-07
 1.38402e-07
 1.29502e-07
 1.21365e-07
 1.13915e-07
 1.07084e-07
 4.93248e-07
 4.57624e-07
 4.21728e-07
 3.87145e-07
 3.54717e-07
 3.24819e-07
 2.97548e-07
 2.72836e-07
 2.50531e-07
 2.30441e-07
 2.12360e-07
 1.96084e-07
 1.81423e-07
 1.68200e-07
 1.56255e-07
 1.45447e-07
 1.35649e-07
 1.26749e-07
 1.18648e-07
 1.11261e-07
 5.99473e-07
 5.43578e-07
 4.91235e-07
 4.43474e-07
 4.00544e-07
 3.62287e-07
 3.28351e-07
 2.98310e-07
 2.71724e-07
 2.48178e-07
 2.27292e-07
 2.08727e-07
 1.92187e-07
 1.77413e-07
 1.64181e-07
 1.52298e-07
 1.41599e-07
 1.31940e-07
 1.23196e-07
 1.15260e-07
 7.26413e-07
 6.42629e-07
 5.68929e-07
 5.04839e-07
 4.49393e-07
 4.01491e-07
 3.60075e-07
 3.24190e-07
 2.93003e-07
 2.65806e-07
 2.42001e-07
 2.21085e-07
 2.02637e-07
 1.86304e-07
 1.71789e-07
 1.58846e-07
 1.47262e-07
 1.36862e-07
 1.27493e-07
 1.19030e-07
 8.74259e-07
 7.53671e-07
 6.53347e-07
 5.69817e-07
 5.00016e-07
 4.41392e-07
 3.91874e-07
 3.49796e-07
 3.13825e-07
 2.82893e-07
 2.56143e-07
 2.32883e-07
 2.12552e-07
 1.94695e-07
 1.78938e-07
 1.64972e-07
 1.52542e-07
 1.41437e-07
 1.31478e-07
 1.22515e-07
 1.04004e-06
 8.73461e-07
 7.41645e-07
 6.36098e-07
 5.50606e-07
 4.80596e-07
 4.22680e-07
 3.74311e-07
 3.33562e-07
 2.98953e-07
 2.69340e-07
 2.43825e-07
 2.21702e-07
 2.02404e-07
 1.85479e-07
 1.70559e-07
 1.57344e-07
 1.45587e-07
 1.35084e-07
 1.25665e-07
 1.21610e-06
 9.96028e-07
 8.29393e-07
 7.00457e-07
 5.98820e-07
 5.17399e-07
 4.51242e-07
 3.96811e-07
 3.51525e-07
 3.13468e-07
 2.81198e-07
 2.53610e-07
 2.29849e-07
 2.09245e-07
 1.91268e-07
 1.75492e-07
 1.61575e-07
 1.49238e-07
 1.38252e-07
 1.28429e-07
 1.38923e-06
 1.11254e-06
 9.10680e-07
 7.58897e-07
 6.41921e-07
 5.49893e-07
 4.76215e-07
 4.16329e-07
 3.67010e-07
 3.25919e-07
 2.91330e-07
 2.61944e-07
 2.36771e-07
 2.15046e-07
 1.96169e-07
 1.79664e-07
 1.65150e-07
 1.52322e-07
 1.40928e-07
 1.30762e-07
 1.54112e-06
 1.21195e-06
 9.78650e-07
 8.07041e-07
 6.77038e-07
 5.76154e-07
 4.96276e-07
 4.31941e-07
 3.79358e-07
 3.35827e-07
 2.99381e-07
 2.68562e-07
 2.42267e-07
 2.19653e-07
 2.00063e-07
 1.82981e-07
 1.67997e-07
 1.54780e-07
 1.43063e-07
 1.32627e-07
 1.65102e-06
 1.28269e-06
 1.02651e-06
 8.40742e-07
 7.01547e-07
 5.94466e-07
 5.10274e-07
 4.42854e-07
 3.88011e-07
 3.42791e-07
 3.05060e-07
 2.73248e-07
 2.46175e-07
 2.22942e-07
 2.02855e-07
 1.85369e-07
 1.70054e-07
 1.56564e-07
 1.44619e-07
 1.33993e-07
 1.70062e-06
 1.31515e-06
 1.04890e-06
 8.56828e-07
 7.13490e-07
 6.03574e-07
 5.17378e-07
 4.48501e-07
 3.92574e-07
 3.46530e-07
 3.08163e-07
 2.75850e-07
 2.48379e-07
 2.24825e-07
 2.04477e-07
 1.86776e-07
 1.71282e-07
 1.57642e-07
 1.45571e-07
 1.34837e-07
 1.68042e-06
 1.30457e-06
 1.04321e-06
 8.53783e-07
 7.11936e-07
 6.02883e-07
 5.17192e-07
 4.48611e-07
 3.92856e-07
 3.46907e-07
 3.08587e-07
 2.76293e-07
 2.48823e-07
 2.25259e-07
 2.04894e-07
 1.87174e-07
 1.71658e-07
 1.57996e-07
 1.45904e-07
 1.35149e-07
 1.59426e-06
 1.25275e-06
 1.01038e-06
 8.32119e-07
 6.97177e-07
 5.92561e-07
 5.09817e-07
 4.43247e-07
 3.88894e-07
 3.43944e-07
 3.06348e-07
 2.74586e-07
 2.47511e-07
 2.24246e-07
 2.04108e-07
 1.86563e-07
 1.71182e-07
 1.57626e-07
 1.45616e-07
 1.34927e-07
 1.45837e-06
 1.16776e-06
 9.54710e-07
 7.94285e-07
 6.70671e-07
 5.73515e-07
 4.95834e-07
 4.32789e-07
 3.80947e-07
 3.37820e-07
 3.01569e-07
 2.70816e-07
 2.44509e-07
 2.21833e-07
 2.02155e-07
 1.84969e-07
 1.69875e-07
 1.56547e-07
 1.44721e-07
 1.34180e-07
 1.29490e-06
 1.06123e-06
 8.82720e-07
 7.44106e-07
 6.34762e-07
 5.47231e-07
 4.76214e-07
 4.17891e-07
 3.69463e-07
 3.28848e-07
 2.94476e-07
 2.65147e-07
 2.39935e-07
 2.18110e-07
 1.99100e-07
 1.82445e-07
 1.67774e-07
 1.54789e-07
 1.43241e-07
 1.32929e-07
 1.12454e-06
 9.45166e-07
 8.01555e-07
 6.85985e-07
 5.92247e-07
 5.15535e-07
 4.52182e-07
 3.99391e-07
 3.55027e-07
 3.17445e-07
 2.85369e-07
 2.57801e-07
 2.33954e-07
 2.13201e-07
 1.95039e-07
 1.79062e-07
 1.64939e-07
 1.52397e-07
 1.41213e-07
 1.31200e-07
 9.62141e-07
 8.29355e-07
 7.17621e-07
 6.24139e-07
 5.45942e-07
 4.80341e-07
 4.25057e-07
 3.78217e-07
 3.38302e-07
 3.04091e-07
 2.74601e-07
 2.49039e-07
 2.26765e-07
 2.07256e-07
 1.90088e-07
 1.74912e-07
 1.61438e-07
 1.49427e-07
 1.38680e-07
 1.29029e-07
 8.15994e-07
 7.20439e-07
 6.35813e-07
 5.62074e-07
 4.98340e-07
 4.43426e-07
 3.96118e-07
 3.55295e-07
 3.19968e-07
 2.89291e-07
 2.62550e-07
 2.39148e-07
 2.18584e-07
 2.00444e-07
 1.84378e-07
 1.70096e-07
 1.57353e-07
 1.45944e-07
 1.35695e-07
 1.26459e-07
 6.89275e-07
 6.22053e-07
 5.59337e-07
 5.02366e-07
 4.51426e-07
 4.06293e-07
 3.66497e-07
 3.31478e-07
 3.00668e-07
 2.73533e-07
 2.49590e-07
 2.28415e-07
 2.09638e-07
 1.92940e-07
 1.78047e-07
 1.64724e-07
 1.52772e-07
 1.42018e-07
 1.32315e-07
 1.23536e-07
 5.81928e-07
 5.35567e-07
 4.89930e-07
 4.46669e-07
 4.06622e-07
 3.70104e-07
 3.37120e-07
 3.07496e-07
 2.80976e-07
 2.57266e-07
 2.36074e-07
 2.17119e-07
 2.00144e-07
 1.84918e-07
 1.71234e-07
 1.58909e-07
 1.47786e-07
 1.37723e-07
 1.28599e-07
 1.20308e-07
