scalar
part
         1
quad4
 4.88187e-07
 4.54142e-07
 4.19513e-07
 3.85868e-07
 3.54099e-07
 3.24644e-07
 2.97655e-07
 2.73113e-07
 2.50899e-07
 2.30845e-07
 2.12765e-07
 1.96467e-07
 1.81769e-07
 1.68501e-07
 1.56509e-07
 1.45651e-07
 1.35805e-07
 1.26859e-07
 1.18715e-07
 1.11288e-07
 5.82865e-07
 5.31658e-07
 4.82713e-07
 4.37364e-07
 3.96132e-07
 3.59067e-07
 3.25967e-07
 2.96512e-07
 2.70339e-07
 2.47082e-07
 2.26398e-07
 2.07975e-07
 1.91534e-07
 1.76828e-07
 1.63644e-07
 1.51794e-07
 1.41116e-07
 1.31471e-07
 1.22737e-07
 1.14808e-07
 6.95790e-07
 6.20935e-07
 5.53340e-07
 4.93442e-07
 4.40900e-07
 3.95035e-07
 3.55064e-07
 3.20218e-07
 2.89788e-07
 2.63149e-07
 2.39760e-07
 2.19159e-07
 2.00952e-07
 1.84805e-07
 1.70438e-07
 1.57611e-07
 1.46122e-07
 1.35799e-07
 1.26495e-07
 1.18086e-07
 8.27814e-07
 7.21390e-07
 6.30307e-07
 5.52935e-07
 4.87331e-07
 4.31630e-07
 3.84188e-07
 3.43614e-07
 3.08752e-07
 2.78651e-07
 2.52534e-07
 2.29764e-07
 2.09819e-07
 1.92269e-07
 1.76759e-07
 1.62996e-07
 1.50735e-07
 1.39771e-07
 1.29932e-07
 1.21073e-07
 9.77377e-07
 8.30657e-07
 7.11307e-07
 6.13875e-07
 5.33839e-07
 4.67608e-07
 4.12374e-07
 3.65956e-07
 3.26654e-07
 2.93141e-07
 2.64372e-07
 2.39518e-07
 2.17921e-07
 1.99048e-07
 1.82471e-07
 1.67839e-07
 1.54866e-07
 1.43315e-07
 1.32988e-07
 1.23721e-07
 1.13892e-06
 9.43893e-07
 7.92553e-07
 6.73422e-07
 5.78327e-07
 5.01423e-07
 4.38479e-07
 3.86393e-07
 3.42859e-07
 3.06139e-07
 2.74907e-07
 2.48140e-07
 2.25039e-07
 2.04973e-07
 1.87440e-07
 1.72035e-07
 1.58432e-07
 1.46363e-07
 1.35608e-07
 1.25985e-07
 1.30152e-06
 1.05342e-06
 8.68777e-07
 7.27959e-07
 6.18291e-07
 5.31323e-07
 4.61261e-07
 4.04033e-07
 3.56715e-07
 3.17163e-07
 2.83781e-07
 2.55359e-07
 2.30967e-07
 2.09884e-07
 1.91540e-07
 1.75484e-07
 1.61353e-07
 1.48853e-07
 1.37743e-07
 1.27825e-07
 1.44875e-06
 1.14917e-06
 9.33652e-07
 7.73421e-07
 6.51056e-07
 5.55506e-07
 4.79480e-07
 4.18007e-07
 3.67603e-07
 3.25767e-07
 2.90664e-07
 2.60928e-07
 2.35519e-07
 2.13639e-07
 1.94664e-07
 1.78103e-07
 1.63564e-07
 1.50731e-07
 1.39348e-07
 1.29205e-07
 1.56103e-06
 1.22014e-06
 9.80725e-07
 8.05858e-07
 6.74117e-07
 5.72337e-07
 4.92040e-07
 4.27563e-07
 3.74996e-07
 3.31572e-07
 2.95283e-07
 2.64646e-07
 2.38544e-07
 2.16123e-07
 1.96723e-07
 1.79822e-07
 1.65010e-07
 1.51956e-07
 1.40393e-07
 1.30100e-07
 1.62049e-06
 1.25691e-06
 1.00468e-06
 8.22125e-07
 6.85535e-07
 5.80575e-07
 4.98125e-07
 4.32148e-07
 3.78512e-07
 3.34309e-07
 2.97443e-07
 2.66371e-07
 2.39937e-07
 2.17259e-07
 1.97656e-07
 1.80596e-07
 1.65657e-07
 1.52500e-07
 1.40852e-07
 1.30491e-07
 1.61659e-06
 1.25409e-06
 1.00259e-06
 8.20517e-07
 6.84276e-07
 5.79571e-07
 4.97312e-07
 4.31480e-07
 3.77957e-07
 3.33843e-07
 2.97048e-07
 2.66033e-07
 2.39645e-07
 2.17006e-07
 1.97436e-07
 1.80403e-07
 1.65486e-07
 1.52348e-07
 1.40717e-07
 1.30370e-07
 1.54980e-06
 1.21196e-06
 9.74585e-07
 8.01133e-07
 6.70406e-07
 5.69370e-07
 4.89632e-07
 4.25582e-07
 3.73348e-07
 3.30186e-07
 2.94107e-07
 2.63640e-07
 2.37676e-07
 2.15370e-07
 1.96065e-07
 1.79244e-07
 1.64500e-07
 1.51503e-07
 1.39988e-07
 1.29738e-07
 1.43137e-06
 1.13632e-06
 9.23908e-07
 7.65865e-07
 6.45085e-07
 5.50711e-07
 4.75573e-07
 4.14784e-07
 3.64914e-07
 3.23501e-07
 2.88738e-07
 2.59276e-07
 2.34093e-07
 2.12399e-07
 1.93580e-07
 1.77149e-07
 1.62721e-07
 1.49983e-07
 1.38680e-07
 1.28607e-07
 1.27956e-06
 1.03690e-06
 8.56066e-07
 7.17997e-07
 6.10354e-07
 5.24904e-07
 4.56002e-07
 3.99675e-07
 3.53065e-07
 3.14078e-07
 2.81150e-07
 2.53098e-07
 2.29011e-07
 2.08181e-07
 1.90048e-07
 1.74171e-07
 1.60190e-07
 1.47819e-07
 1.36819e-07
 1.26997e-07
 1.11402e-06
 9.24764e-07
 7.77606e-07
 6.61558e-07
 5.68776e-07
 4.93635e-07
 4.32055e-07
 3.81038e-07
 3.38352e-07
 3.02313e-07
 2.71633e-07
 2.45319e-07
 2.22592e-07
 2.02837e-07
 1.85564e-07
 1.70381e-07
 1.56965e-07
 1.45057e-07
 1.34440e-07
 1.24937e-07
 9.51013e-07
 8.09967e-07
 6.94857e-07
 6.00633e-07
 5.23055e-07
 4.58729e-07
 4.04990e-07
 3.59759e-07
 3.21409e-07
 2.88666e-07
 2.60527e-07
 2.36193e-07
 2.15026e-07
 1.96515e-07
 1.80242e-07
 1.65869e-07
 1.53116e-07
 1.41753e-07
 1.31590e-07
 1.22464e-07
 8.01188e-07
 7.00034e-07
 6.13020e-07
 5.38810e-07
 4.75683e-07
 4.21940e-07
 3.76059e-07
 3.36740e-07
 3.02896e-07
 2.73628e-07
 2.48197e-07
 2.25997e-07
 2.06529e-07
 1.89380e-07
 1.74210e-07
 1.60736e-07
 1.48723e-07
 1.37973e-07
 1.28319e-07
 1.19620e-07
 6.69769e-07
 5.99615e-07
 5.35771e-07
 4.78868e-07
 4.28727e-07
 3.84796e-07
 3.46395e-07
 3.12828e-07
 2.83449e-07
 2.57679e-07
 2.35013e-07
 2.15016e-07
 1.97319e-07
 1.81604e-07
 1.67604e-07
 1.55092e-07
 1.43874e-07
 1.33785e-07
 1.24685e-07
 1.16453e-07
 5.58010e-07
 5.10881e-07
 4.65292e-07
 4.22697e-07
 3.83724e-07
 3.48515e-07
 3.16946e-07
 2.88759e-07
 2.63640e-07
 2.41264e-07
 2.21321e-07
 2.03523e-07
 1.87613e-07
 1.73359e-07
 1.60563e-07
 1.49046e-07
 1.38657e-07
 1.29263e-07
 1.20747e-07
 1.13010e-07
 4.64814e-07
 4.34240e-07
 4.02552e-07
 3.71384e-07
 3.41691e-07
 3.13977e-07
 2.88449e-07
 2.65133e-07
 2.43953e-07
 2.24774e-07
 2.07436e-07
 1.91770e-07
 1.77613e-07
 1.64810e-07
 1.53218e-07
 1.42708e-07
 1.33163e-07
 1.24480e-07
 1.16567e-07
 1.09342e-07
