scalar
part
         1
quad4
 4.23765e-07
 3.99803e-07
 3.73901e-07
 3.47676e-07
 3.22139e-07
 2.97881e-07
 2.75207e-07
 2.54241e-07
 2.34991e-07
 2.17397e-07
 2.01362e-07
 1.86769e-07
 1.73498e-07
 1.61427e-07
 1.50443e-07
 1.40437e-07
 1.31314e-07
 1.22982e-07
 1.15364e-07
 1.08386e-07
 5.13025e-07
 4.74163e-07
 4.35540e-07
 3.98690e-07
 3.64393e-07
 3.32961e-07
 3.04429e-07
 2.78681e-07
 2.55522e-07
 2.34725e-07
 2.16055e-07
 1.99288e-07
 1.84214e-07
 1.70642e-07
 1.58402e-07
 1.47343e-07
 1.37329e-07
 1.28243e-07
 1.19983e-07
 1.12456e-07
 6.21056e-07
 5.61169e-07
 5.05594e-07
 4.55238e-07
 4.10234e-07
 3.70318e-07
 3.35051e-07
 3.03937e-07
 2.76482e-07
 2.52226e-07
 2.30757e-07
 2.11711e-07
 1.94771e-07
 1.79662e-07
 1.66149e-07
 1.54028e-07
 1.43126e-07
 1.33293e-07
 1.24400e-07
 1.16337e-07
 7.49592e-07
 6.60968e-07
 5.83521e-07
 5.16539e-07
 4.58853e-07
 4.09210e-07
 3.66429e-07
 3.29465e-07
 2.97418e-07
 2.69531e-07
 2.45166e-07
 2.23792e-07
 2.04968e-07
 1.88322e-07
 1.73547e-07
 1.60384e-07
 1.48615e-07
 1.38057e-07
 1.28554e-07
 1.19974e-07
 8.98493e-07
 7.72211e-07
 6.67695e-07
 5.81059e-07
 5.08935e-07
 4.48554e-07
 3.97691e-07
 3.54571e-07
 3.17783e-07
 2.86204e-07
 2.58935e-07
 2.35256e-07
 2.14584e-07
 1.96446e-07
 1.80455e-07
 1.66294e-07
 1.53701e-07
 1.42456e-07
 1.32379e-07
 1.23316e-07
 1.06429e-06
 8.91343e-07
 7.55083e-07
 6.46382e-07
 5.58609e-07
 4.86923e-07
 4.27750e-07
 3.78427e-07
 3.36942e-07
 3.01757e-07
 2.71688e-07
 2.45809e-07
 2.23389e-07
 2.03851e-07
 1.86727e-07
 1.71642e-07
 1.58289e-07
 1.46416e-07
 1.35814e-07
 1.26311e-07
 1.23869e-06
 1.01205e-06
 8.41081e-07
 7.09195e-07
 6.05495e-07
 5.22594e-07
 4.55354e-07
 4.00113e-07
 3.54210e-07
 3.15678e-07
 2.83035e-07
 2.55152e-07
 2.31153e-07
 2.10357e-07
 1.92221e-07
 1.76315e-07
 1.62290e-07
 1.49862e-07
 1.38800e-07
 1.28911e-07
 1.40782e-06
 1.12524e-06
 9.19678e-07
 7.65474e-07
 6.46854e-07
 5.53675e-07
 4.79169e-07
 4.18675e-07
 3.68899e-07
 3.27459e-07
 2.92599e-07
 2.63000e-07
 2.37658e-07
 2.15796e-07
 1.96807e-07
 1.80211e-07
 1.65622e-07
 1.52731e-07
 1.41284e-07
 1.31074e-07
 1.55308e-06
 1.21982e-06
 9.84065e-07
 8.10902e-07
 6.79873e-07
 5.78285e-07
 4.97911e-07
 4.33217e-07
 3.80369e-07
 3.36637e-07
 3.00037e-07
 2.69099e-07
 2.42710e-07
 2.20021e-07
 2.00371e-07
 1.83240e-07
 1.68216e-07
 1.54966e-07
 1.43221e-07
 1.32763e-07
 1.65417e-06
 1.28458e-06
 1.02770e-06
 8.41502e-07
 7.02044e-07
 5.94791e-07
 5.10486e-07
 4.42988e-07
 3.88092e-07
 3.42835e-07
 3.05077e-07
 2.73246e-07
 2.46159e-07
 2.22917e-07
 2.02823e-07
 1.85333e-07
 1.70014e-07
 1.56522e-07
 1.44576e-07
 1.33949e-07
 1.69411e-06
 1.31065e-06
 1.04563e-06
 8.54357e-07
 7.11569e-07
 6.02044e-07
 5.16134e-07
 4.47472e-07
 3.91711e-07
 3.45796e-07
 3.07532e-07
 2.75303e-07
 2.47900e-07
 2.24404e-07
 2.04103e-07
 1.86442e-07
 1.70982e-07
 1.57371e-07
 1.45326e-07
 1.34614e-07
 1.66517e-06
 1.29414e-06
 1.03575e-06
 8.48241e-07
 7.07699e-07
 5.99563e-07
 5.14537e-07
 4.46451e-07
 3.91071e-07
 3.45413e-07
 3.07323e-07
 2.75212e-07
 2.47889e-07
 2.24447e-07
 2.04183e-07
 1.86546e-07
 1.71101e-07
 1.57499e-07
 1.45458e-07
 1.34747e-07
 1.57255e-06
 1.23762e-06
 9.99414e-07
 8.23922e-07
 6.90885e-07
 5.87623e-07
 5.05868e-07
 4.40036e-07
 3.86246e-07
 3.41733e-07
 3.04480e-07
 2.72993e-07
 2.46141e-07
 2.23058e-07
 2.03071e-07
 1.85650e-07
 1.70376e-07
 1.56908e-07
 1.44975e-07
 1.34351e-07
 1.43293e-06
 1.14946e-06
 9.41174e-07
 7.84012e-07
 6.62700e-07
 5.67211e-07
 4.90764e-07
 4.28650e-07
 3.77524e-07
 3.34955e-07
 2.99148e-07
 2.68750e-07
 2.42730e-07
 2.20291e-07
 2.00808e-07
 1.83786e-07
 1.68829e-07
 1.55618e-07
 1.43892e-07
 1.33437e-07
 1.26811e-06
 1.04130e-06
 8.67581e-07
 7.32393e-07
 6.25541e-07
 5.39855e-07
 4.70230e-07
 4.12973e-07
 3.65373e-07
 3.25411e-07
 2.91561e-07
 2.62654e-07
 2.37785e-07
 2.16243e-07
 1.97468e-07
 1.81009e-07
 1.66505e-07
 1.53661e-07
 1.42234e-07
 1.32025e-07
 1.09812e-06
 9.24802e-07
 7.85670e-07
 6.73433e-07
 5.82199e-07
 5.07392e-07
 4.45504e-07
 3.93855e-07
 3.50392e-07
 3.13528e-07
 2.82031e-07
 2.54935e-07
 2.31475e-07
 2.11042e-07
 1.93148e-07
 1.77396e-07
 1.63464e-07
 1.51084e-07
 1.40040e-07
 1.30147e-07
 9.37100e-07
 8.09426e-07
 7.01661e-07
 6.11255e-07
 5.35447e-07
 4.71713e-07
 4.17899e-07
 3.72226e-07
 3.33246e-07
 2.99790e-07
 2.70915e-07
 2.45859e-07
 2.24003e-07
 2.04843e-07
 1.87968e-07
 1.73040e-07
 1.59777e-07
 1.47946e-07
 1.37355e-07
 1.27838e-07
 7.92847e-07
 7.01476e-07
 6.20251e-07
 5.49250e-07
 4.87711e-07
 4.34560e-07
 3.88673e-07
 3.49000e-07
 3.14608e-07
 2.84698e-07
 2.58590e-07
 2.35712e-07
 2.15587e-07
 1.97815e-07
 1.82061e-07
 1.68043e-07
 1.55527e-07
 1.44313e-07
 1.34232e-07
 1.25142e-07
 6.68192e-07
 6.04340e-07
 5.44475e-07
 4.89880e-07
 4.40905e-07
 3.97392e-07
 3.58931e-07
 3.25013e-07
 2.95114e-07
 2.68737e-07
 2.45427e-07
 2.24783e-07
 2.06453e-07
 1.90134e-07
 1.75564e-07
 1.62518e-07
 1.50803e-07
 1.40255e-07
 1.30730e-07
 1.22106e-07
 5.62881e-07
 5.19214e-07
 4.75935e-07
 4.34704e-07
 3.96383e-07
 3.61324e-07
 3.29566e-07
 3.00975e-07
 2.75323e-07
 2.52346e-07
 2.31773e-07
 2.13344e-07
 1.96817e-07
 1.81973e-07
 1.68617e-07
 1.56576e-07
 1.45697e-07
 1.35846e-07
 1.26908e-07
 1.18779e-07
