scalar
part
         1
quad4
 5.53663e-07
 5.11390e-07
 4.69318e-07
 4.29114e-07
 3.91657e-07
 3.57322e-07
 3.26168e-07
 2.98079e-07
 2.72846e-07
 2.50219e-07
 2.29940e-07
 2.11757e-07
 1.95438e-07
 1.80771e-07
 1.67564e-07
 1.55651e-07
 1.44881e-07
 1.35125e-07
 1.26268e-07
 1.18210e-07
 6.58138e-07
 5.96001e-07
 5.37570e-07
 4.84156e-07
 4.36149e-07
 3.93426e-07
 3.55608e-07
 3.22216e-07
 2.92749e-07
 2.66726e-07
 2.43709e-07
 2.23308e-07
 2.05181e-07
 1.89032e-07
 1.74605e-07
 1.61681e-07
 1.50070e-07
 1.39609e-07
 1.30160e-07
 1.21601e-07
 7.82010e-07
 6.92727e-07
 6.13178e-07
 5.43511e-07
 4.83032e-07
 4.30722e-07
 3.85504e-07
 3.46367e-07
 3.12407e-07
 2.82846e-07
 2.57022e-07
 2.34378e-07
 2.14446e-07
 1.96834e-07
 1.81213e-07
 1.67308e-07
 1.54886e-07
 1.43752e-07
 1.33740e-07
 1.24709e-07
 9.25648e-07
 8.00466e-07
 6.94613e-07
 6.05670e-07
 5.30984e-07
 4.68117e-07
 4.14976e-07
 3.69830e-07
 3.31268e-07
 2.98144e-07
 2.69537e-07
 2.44697e-07
 2.23017e-07
 2.04002e-07
 1.87248e-07
 1.72419e-07
 1.59240e-07
 1.47481e-07
 1.36949e-07
 1.27483e-07
 1.08641e-06
 9.15965e-07
 7.78928e-07
 6.68226e-07
 5.78130e-07
 5.04174e-07
 4.42932e-07
 3.91779e-07
 3.48701e-07
 3.12138e-07
 2.80880e-07
 2.53975e-07
 2.30669e-07
 2.10362e-07
 1.92571e-07
 1.76904e-07
 1.63042e-07
 1.50722e-07
 1.39727e-07
 1.29876e-07
 1.25677e-06
 1.03308e-06
 8.61521e-07
 7.27843e-07
 6.22070e-07
 5.37168e-07
 4.68122e-07
 4.11300e-07
 3.64032e-07
 3.24326e-07
 2.90675e-07
 2.61926e-07
 2.37182e-07
 2.15742e-07
 1.97048e-07
 1.80657e-07
 1.66208e-07
 1.53409e-07
 1.42021e-07
 1.31844e-07
 1.42292e-06
 1.14254e-06
 9.36256e-07
 7.80437e-07
 6.60049e-07
 5.65211e-07
 4.89232e-07
 4.27463e-07
 3.76593e-07
 3.34219e-07
 2.98561e-07
 2.68279e-07
 2.42351e-07
 2.19984e-07
 2.00559e-07
 1.83584e-07
 1.68664e-07
 1.55484e-07
 1.43783e-07
 1.33349e-07
 1.56515e-06
 1.23278e-06
 9.96139e-07
 8.21645e-07
 6.89268e-07
 5.86456e-07
 5.05014e-07
 4.39405e-07
 3.85778e-07
 3.41384e-07
 3.04221e-07
 2.72802e-07
 2.46001e-07
 2.22958e-07
 2.03002e-07
 1.85605e-07
 1.70350e-07
 1.56897e-07
 1.44976e-07
 1.34361e-07
 1.66175e-06
 1.29215e-06
 1.03457e-06
 8.47539e-07
 7.07292e-07
 5.99343e-07
 5.14438e-07
 4.46431e-07
 3.91103e-07
 3.45480e-07
 3.07411e-07
 2.75315e-07
 2.48001e-07
 2.24563e-07
 2.04301e-07
 1.86664e-07
 1.71218e-07
 1.57614e-07
 1.45570e-07
 1.34856e-07
 1.69572e-06
 1.31205e-06
 1.04684e-06
 8.55404e-07
 7.12479e-07
 6.02840e-07
 5.16835e-07
 4.48093e-07
 3.92264e-07
 3.46293e-07
 3.07980e-07
 2.75708e-07
 2.48269e-07
 2.24740e-07
 2.04411e-07
 1.86726e-07
 1.71244e-07
 1.57614e-07
 1.45550e-07
 1.34823e-07
 1.66106e-06
 1.28949e-06
 1.03136e-06
 8.44327e-07
 7.04286e-07
 5.96611e-07
 5.11991e-07
 4.44252e-07
 3.89168e-07
 3.43761e-07
 3.05883e-07
 2.73952e-07
 2.46784e-07
 2.23473e-07
 2.03321e-07
 1.85781e-07
 1.70421e-07
 1.56891e-07
 1.44914e-07
 1.34258e-07
 1.56457e-06
 1.22787e-06
 9.89962e-07
 8.15376e-07
 6.83363e-07
 5.81073e-07
 5.00181e-07
 4.35096e-07
 3.81946e-07
 3.37978e-07
 3.01190e-07
 2.70098e-07
 2.43584e-07
 2.20792e-07
 2.01055e-07
 1.83850e-07
 1.68763e-07
 1.55459e-07
 1.43669e-07
 1.33170e-07
 1.42252e-06
 1.13568e-06
 9.27381e-07
 7.71333e-07
 6.51424e-07
 5.57319e-07
 4.82127e-07
 4.21115e-07
 3.70939e-07
 3.29186e-07
 2.94075e-07
 2.64275e-07
 2.38768e-07
 2.16770e-07
 1.97668e-07
 1.80976e-07
 1.66306e-07
 1.53345e-07
 1.41838e-07
 1.31577e-07
 1.25505e-06
 1.02400e-06
 8.50049e-07
 7.16096e-07
 6.10921e-07
 5.26942e-07
 4.58895e-07
 4.03038e-07
 3.56659e-07
 3.17750e-07
 2.84807e-07
 2.56679e-07
 2.32482e-07
 2.11520e-07
 1.93248e-07
 1.77226e-07
 1.63102e-07
 1.50591e-07
 1.39456e-07
 1.29505e-07
 1.08102e-06
 9.03951e-07
 7.64769e-07
 6.53963e-07
 5.64645e-07
 4.91803e-07
 4.31752e-07
 3.81751e-07
 3.39733e-07
 3.04126e-07
 2.73717e-07
 2.47560e-07
 2.24914e-07
 2.05186e-07
 1.87905e-07
 1.72686e-07
 1.59220e-07
 1.47250e-07
 1.36565e-07
 1.26990e-07
 9.14699e-07
 7.84824e-07
 6.77630e-07
 5.88986e-07
 5.15341e-07
 4.53795e-07
 4.02028e-07
 3.58198e-07
 3.20847e-07
 2.88815e-07
 2.61179e-07
 2.37199e-07
 2.16278e-07
 1.97933e-07
 1.81768e-07
 1.67459e-07
 1.54740e-07
 1.43388e-07
 1.33218e-07
 1.24074e-07
 7.64754e-07
 6.73135e-07
 5.93345e-07
 5.24536e-07
 4.65421e-07
 4.14654e-07
 3.70982e-07
 3.33305e-07
 3.00685e-07
 2.72331e-07
 2.47583e-07
 2.25893e-07
 2.06805e-07
 1.89939e-07
 1.74978e-07
 1.61656e-07
 1.49752e-07
 1.39077e-07
 1.29473e-07
 1.20805e-07
 6.34943e-07
 5.72625e-07
 5.15062e-07
 4.63097e-07
 4.16794e-07
 3.75829e-07
 3.39712e-07
 3.07905e-07
 2.79883e-07
 2.55161e-07
 2.33305e-07
 2.13936e-07
 1.96725e-07
 1.81387e-07
 1.67679e-07
 1.55392e-07
 1.44347e-07
 1.34391e-07
 1.25390e-07
 1.17233e-07
 5.25585e-07
 4.84779e-07
 4.44502e-07
 4.06267e-07
 3.70818e-07
 3.38431e-07
 3.09108e-07
 2.82704e-07
 2.59000e-07
 2.37746e-07
 2.18694e-07
 2.01604e-07
 1.86257e-07
 1.72453e-07
 1.60014e-07
 1.48782e-07
 1.38621e-07
 1.29407e-07
 1.21035e-07
 1.13410e-07
 4.35048e-07
 4.09541e-07
 3.82281e-07
 3.54880e-07
 3.28339e-07
 3.03228e-07
 2.79833e-07
 2.58257e-07
 2.38492e-07
 2.20461e-07
 2.04055e-07
 1.89146e-07
 1.75605e-07
 1.63302e-07
 1.52117e-07
 1.41939e-07
 1.32664e-07
 1.24202e-07
 1.16468e-07
 1.09390e-07
