scalar
part
         1
quad4
 4.94413e-07
 4.60579e-07
 4.26001e-07
 3.92287e-07
 3.60364e-07
 3.30698e-07
 3.03463e-07
 2.78654e-07
 2.56164e-07
 2.35836e-07
 2.17486e-07
 2.00928e-07
 1.85981e-07
 1.72478e-07
 1.60263e-07
 1.49197e-07
 1.39155e-07
 1.30026e-07
 1.21712e-07
 1.14125e-07
 5.91318e-07
 5.40085e-07
 4.90957e-07
 4.45321e-07
 4.03736e-07
 3.66282e-07
 3.32780e-07
 3.02923e-07
 2.76357e-07
 2.52725e-07
 2.31687e-07
 2.12931e-07
 1.96178e-07
 1.81183e-07
 1.67731e-07
 1.55633e-07
 1.44726e-07
 1.34869e-07
 1.25939e-07
 1.17829e-07
 7.07158e-07
 6.31878e-07
 5.63740e-07
 5.03236e-07
 4.50065e-07
 4.03575e-07
 3.63003e-07
 3.27587e-07
 2.96625e-07
 2.69494e-07
 2.45652e-07
 2.24635e-07
 2.06047e-07
 1.89553e-07
 1.74868e-07
 1.61751e-07
 1.49996e-07
 1.39430e-07
 1.29904e-07
 1.21291e-07
 8.42968e-07
 7.35484e-07
 6.43320e-07
 5.64893e-07
 4.98290e-07
 4.41663e-07
 3.93372e-07
 3.52026e-07
 3.16467e-07
 2.85739e-07
 2.59058e-07
 2.35780e-07
 2.15378e-07
 1.97417e-07
 1.81537e-07
 1.67439e-07
 1.54874e-07
 1.43636e-07
 1.33547e-07
 1.24460e-07
 9.97397e-07
 8.48641e-07
 7.27436e-07
 6.28339e-07
 5.46824e-07
 4.79287e-07
 4.22906e-07
 3.75479e-07
 3.35292e-07
 3.01000e-07
 2.71545e-07
 2.46085e-07
 2.23949e-07
 2.04599e-07
 1.87596e-07
 1.72584e-07
 1.59269e-07
 1.47410e-07
 1.36806e-07
 1.27288e-07
 1.16509e-06
 9.66580e-07
 8.12313e-07
 6.90716e-07
 5.93541e-07
 5.14877e-07
 4.50437e-07
 3.97075e-07
 3.52446e-07
 3.14783e-07
 2.82735e-07
 2.55258e-07
 2.31535e-07
 2.10922e-07
 1.92907e-07
 1.77074e-07
 1.63091e-07
 1.50682e-07
 1.39623e-07
 1.29726e-07
 1.33522e-06
 1.08162e-06
 8.92628e-07
 7.48345e-07
 6.35879e-07
 5.46627e-07
 4.74682e-07
 4.15887e-07
 3.67253e-07
 3.26587e-07
 2.92254e-07
 2.63015e-07
 2.37917e-07
 2.16219e-07
 1.97337e-07
 1.80808e-07
 1.66259e-07
 1.53387e-07
 1.41945e-07
 1.31731e-07
 1.49129e-06
 1.18350e-06
 9.61900e-07
 7.97034e-07
 6.71066e-07
 5.72665e-07
 4.94347e-07
 4.31007e-07
 3.79061e-07
 3.35939e-07
 2.99754e-07
 2.69097e-07
 2.42899e-07
 2.20338e-07
 2.00772e-07
 1.83694e-07
 1.68701e-07
 1.55466e-07
 1.43727e-07
 1.33266e-07
 1.61318e-06
 1.26086e-06
 1.01339e-06
 8.32638e-07
 6.96463e-07
 5.91261e-07
 5.08270e-07
 4.41634e-07
 3.87310e-07
 3.42438e-07
 3.04941e-07
 2.73287e-07
 2.46320e-07
 2.23158e-07
 2.03116e-07
 1.85659e-07
 1.70360e-07
 1.56877e-07
 1.44933e-07
 1.34304e-07
 1.68188e-06
 1.30358e-06
 1.04139e-06
 8.51761e-07
 7.09968e-07
 6.01068e-07
 5.15562e-07
 4.47165e-07
 3.91582e-07
 3.45787e-07
 3.07604e-07
 2.75430e-07
 2.48063e-07
 2.24590e-07
 2.04304e-07
 1.86651e-07
 1.71195e-07
 1.57585e-07
 1.45538e-07
 1.34823e-07
 1.68526e-06
 1.30546e-06
 1.04249e-06
 8.52424e-07
 7.10381e-07
 6.01329e-07
 5.15728e-07
 4.47272e-07
 3.91649e-07
 3.45828e-07
 3.07628e-07
 2.75442e-07
 2.48067e-07
 2.24589e-07
 2.04299e-07
 1.86644e-07
 1.71187e-07
 1.57576e-07
 1.45528e-07
 1.34813e-07
 1.62228e-06
 1.26602e-06
 1.01645e-06
 8.34504e-07
 6.97630e-07
 5.92002e-07
 5.08745e-07
 4.41937e-07
 3.87502e-07
 3.42555e-07
 3.05009e-07
 2.73321e-07
 2.46331e-07
 2.23153e-07
 2.03102e-07
 1.85638e-07
 1.70334e-07
 1.56849e-07
 1.44904e-07
 1.34274e-07
 1.50361e-06
 1.19074e-06
 9.66289e-07
 7.99765e-07
 6.72797e-07
 5.73775e-07
 4.95062e-07
 4.31464e-07
 3.79350e-07
 3.36115e-07
 2.99853e-07
 2.69144e-07
 2.42912e-07
 2.20327e-07
 2.00745e-07
 1.83657e-07
 1.68657e-07
 1.55419e-07
 1.43678e-07
 1.33216e-07
 1.34799e-06
 1.08948e-06
 8.97567e-07
 7.51498e-07
 6.37915e-07
 5.47949e-07
 4.75539e-07
 4.16438e-07
 3.67598e-07
 3.26794e-07
 2.92367e-07
 2.63064e-07
 2.37922e-07
 2.16195e-07
 1.97294e-07
 1.80752e-07
 1.66194e-07
 1.53318e-07
 1.41874e-07
 1.31659e-07
 1.17627e-06
 9.73866e-07
 8.17085e-07
 6.93856e-07
 5.95613e-07
 5.16242e-07
 4.51330e-07
 3.97649e-07
 3.52803e-07
 3.14992e-07
 2.82841e-07
 2.55294e-07
 2.31523e-07
 2.10879e-07
 1.92842e-07
 1.76996e-07
 1.63004e-07
 1.50591e-07
 1.39529e-07
 1.29632e-07
 1.00602e-06
 8.54613e-07
 7.31529e-07
 6.31124e-07
 5.48706e-07
 4.80545e-07
 4.23732e-07
 3.76007e-07
 3.35613e-07
 3.01177e-07
 2.71622e-07
 2.46093e-07
 2.23910e-07
 2.04528e-07
 1.87504e-07
 1.72479e-07
 1.59156e-07
 1.47294e-07
 1.36689e-07
 1.27172e-07
 8.48881e-07
 7.39856e-07
 6.46464e-07
 5.67108e-07
 4.99821e-07
 4.42697e-07
 3.94051e-07
 3.52451e-07
 3.16711e-07
 2.85855e-07
 2.59085e-07
 2.35745e-07
 2.15301e-07
 1.97311e-07
 1.81413e-07
 1.67304e-07
 1.54734e-07
 1.43493e-07
 1.33405e-07
 1.24321e-07
 7.10677e-07
 6.34683e-07
 5.65867e-07
 5.04787e-07
 4.51157e-07
 4.04315e-07
 3.63477e-07
 3.27865e-07
 2.96761e-07
 2.69527e-07
 2.45612e-07
 2.24544e-07
 2.05922e-07
 1.89405e-07
 1.74707e-07
 1.61582e-07
 1.49825e-07
 1.39259e-07
 1.29736e-07
 1.21126e-07
 5.92925e-07
 5.41529e-07
 4.92131e-07
 4.46208e-07
 4.04364e-07
 3.66694e-07
 3.33018e-07
 3.03028e-07
 2.76363e-07
 2.52657e-07
 2.31567e-07
 2.12775e-07
 1.95998e-07
 1.80989e-07
 1.67529e-07
 1.55428e-07
 1.44522e-07
 1.34668e-07
 1.25743e-07
 1.17639e-07
 4.94592e-07
 4.60924e-07
 4.26353e-07
 3.92569e-07
 3.60548e-07
 3.30782e-07
 3.03458e-07
 2.78575e-07
 2.56029e-07
 2.35658e-07
 2.17278e-07
 2.00700e-07
 1.85742e-07
 1.72233e-07
 1.60017e-07
 1.48953e-07
 1.38916e-07
 1.29794e-07
 1.21488e-07
 1.13910e-07
