scalar
part
         1
quad4
 3.68552e-07
 3.53724e-07
 3.35523e-07
 3.15708e-07
 2.95469e-07
 2.75572e-07
 2.56485e-07
 2.38472e-07
 2.21657e-07
 2.06078e-07
 1.91715e-07
 1.78517e-07
 1.66412e-07
 1.55321e-07
 1.45164e-07
 1.35860e-07
 1.27332e-07
 1.19510e-07
 1.12328e-07
 1.05726e-07
 4.54002e-07
 4.26095e-07
 3.96386e-07
 3.66727e-07
 3.38208e-07
 3.11415e-07
 2.86615e-07
 2.63879e-07
 2.43162e-07
 2.24353e-07
 2.07312e-07
 1.91885e-07
 1.77920e-07
 1.65270e-07
 1.53801e-07
 1.43389e-07
 1.33921e-07
 1.25298e-07
 1.17432e-07
 1.10242e-07
 5.59062e-07
 5.12099e-07
 4.66629e-07
 4.24142e-07
 3.85268e-07
 3.50145e-07
 3.18645e-07
 2.90508e-07
 2.65424e-07
 2.43069e-07
 2.23134e-07
 2.05334e-07
 1.89412e-07
 1.75141e-07
 1.62322e-07
 1.50778e-07
 1.40359e-07
 1.30931e-07
 1.22381e-07
 1.14607e-07
 6.86283e-07
 6.12492e-07
 5.46128e-07
 4.87449e-07
 4.36022e-07
 3.91134e-07
 3.52000e-07
 3.17858e-07
 2.88016e-07
 2.61867e-07
 2.38884e-07
 2.18617e-07
 2.00687e-07
 1.84768e-07
 1.70588e-07
 1.57914e-07
 1.46551e-07
 1.36330e-07
 1.27109e-07
 1.18766e-07
 8.36701e-07
 7.26687e-07
 6.33730e-07
 5.55396e-07
 4.89314e-07
 4.33389e-07
 3.85856e-07
 3.45256e-07
 3.10398e-07
 2.80313e-07
 2.54212e-07
 2.31455e-07
 2.11517e-07
 1.93966e-07
 1.78450e-07
 1.64675e-07
 1.52397e-07
 1.41411e-07
 1.31547e-07
 1.22661e-07
 1.00834e-06
 8.51967e-07
 7.26848e-07
 6.25796e-07
 5.43384e-07
 4.75527e-07
 4.19138e-07
 3.71870e-07
 3.31922e-07
 2.97904e-07
 2.68727e-07
 2.43538e-07
 2.21658e-07
 2.02543e-07
 1.85754e-07
 1.70936e-07
 1.57795e-07
 1.46093e-07
 1.35629e-07
 1.26237e-07
 1.19448e-06
 9.82723e-07
 8.21164e-07
 6.95427e-07
 5.95857e-07
 5.15799e-07
 4.50553e-07
 3.96737e-07
 3.51867e-07
 3.14092e-07
 2.82010e-07
 2.54544e-07
 2.30860e-07
 2.10300e-07
 1.92343e-07
 1.76571e-07
 1.62647e-07
 1.50294e-07
 1.39287e-07
 1.29439e-07
 1.38226e-06
 1.11008e-06
 9.10618e-07
 7.60137e-07
 6.43859e-07
 5.52188e-07
 4.78668e-07
 4.18824e-07
 3.69478e-07
 3.28319e-07
 2.93641e-07
 2.64154e-07
 2.38877e-07
 2.17048e-07
 1.98068e-07
 1.81464e-07
 1.66857e-07
 1.53940e-07
 1.42462e-07
 1.32218e-07
 1.55255e-06
 1.22231e-06
 9.87861e-07
 8.15202e-07
 6.84277e-07
 5.82598e-07
 5.02037e-07
 4.37115e-07
 3.84025e-07
 3.40055e-07
 3.03228e-07
 2.72075e-07
 2.45487e-07
 2.22615e-07
 2.02795e-07
 1.85509e-07
 1.70342e-07
 1.56962e-07
 1.45098e-07
 1.34530e-07
 1.68225e-06
 1.30649e-06
 1.04530e-06
 8.55970e-07
 7.14159e-07
 6.05093e-07
 5.19356e-07
 4.50709e-07
 3.94875e-07
 3.48842e-07
 3.10436e-07
 2.78056e-07
 2.50501e-07
 2.26857e-07
 2.06414e-07
 1.88620e-07
 1.73034e-07
 1.59306e-07
 1.47151e-07
 1.36338e-07
 1.74980e-06
 1.35133e-06
 1.07660e-06
 8.78699e-07
 7.31187e-07
 6.18181e-07
 5.29634e-07
 4.58929e-07
 4.01552e-07
 3.54340e-07
 3.15017e-07
 2.81913e-07
 2.53780e-07
 2.29666e-07
 2.08841e-07
 1.90730e-07
 1.74881e-07
 1.60931e-07
 1.48589e-07
 1.37616e-07
 1.74297e-06
 1.35061e-06
 1.07834e-06
 8.81367e-07
 7.34107e-07
 6.21052e-07
 5.32328e-07
 4.61398e-07
 4.03790e-07
 3.56355e-07
 3.16828e-07
 2.83539e-07
 2.55241e-07
 2.30981e-07
 2.10026e-07
 1.91801e-07
 1.75850e-07
 1.61811e-07
 1.49389e-07
 1.38346e-07
 1.66463e-06
 1.30545e-06
 1.05097e-06
 8.64149e-07
 7.22976e-07
 6.13712e-07
 5.27422e-07
 4.58095e-07
 4.01563e-07
 3.54864e-07
 3.15846e-07
 2.82915e-07
 2.54868e-07
 2.30786e-07
 2.09957e-07
 1.91821e-07
 1.75934e-07
 1.61938e-07
 1.49546e-07
 1.38522e-07
 1.53156e-06
 1.22391e-06
 9.98677e-07
 8.29369e-07
 6.99144e-07
 5.96974e-07
 5.15423e-07
 4.49343e-07
 3.95086e-07
 3.50010e-07
 3.12171e-07
 2.80107e-07
 2.52707e-07
 2.29114e-07
 2.08658e-07
 1.90809e-07
 1.75143e-07
 1.61322e-07
 1.49066e-07
 1.38150e-07
 1.36724e-06
 1.11818e-06
 9.28183e-07
 7.80909e-07
 6.64953e-07
 5.72305e-07
 4.97277e-07
 4.35768e-07
 3.84780e-07
 3.42085e-07
 3.06006e-07
 2.75263e-07
 2.48866e-07
 2.26045e-07
 2.06187e-07
 1.88807e-07
 1.73513e-07
 1.59986e-07
 1.47968e-07
 1.37244e-07
 1.19363e-06
 1.00095e-06
 8.46992e-07
 7.23355e-07
 6.23287e-07
 5.41568e-07
 4.74219e-07
 4.18209e-07
 3.71228e-07
 3.31498e-07
 2.97646e-07
 2.68596e-07
 2.43502e-07
 2.21694e-07
 2.02632e-07
 1.85883e-07
 1.71093e-07
 1.57973e-07
 1.46285e-07
 1.35829e-07
 1.02664e-06
 8.82675e-07
 7.61911e-07
 6.61157e-07
 5.77097e-07
 5.06753e-07
 4.47612e-07
 3.97616e-07
 3.55102e-07
 3.18734e-07
 2.87443e-07
 2.60367e-07
 2.36810e-07
 2.16210e-07
 1.98107e-07
 1.82125e-07
 1.67953e-07
 1.55335e-07
 1.44057e-07
 1.33939e-07
 8.75301e-07
 7.70535e-07
 6.78201e-07
 5.98062e-07
 5.29032e-07
 4.69737e-07
 4.18798e-07
 3.74954e-07
 3.37104e-07
 3.04310e-07
 2.75782e-07
 2.50865e-07
 2.29009e-07
 2.09761e-07
 1.92742e-07
 1.77634e-07
 1.64173e-07
 1.52136e-07
 1.41337e-07
 1.31615e-07
 7.43291e-07
 6.68567e-07
 5.99370e-07
 5.36863e-07
 4.81227e-07
 4.32125e-07
 3.88976e-07
 3.51122e-07
 3.17911e-07
 2.88735e-07
 2.63052e-07
 2.40388e-07
 2.20330e-07
 2.02527e-07
 1.86676e-07
 1.72520e-07
 1.59839e-07
 1.48446e-07
 1.38180e-07
 1.28903e-07
 6.30846e-07
 5.78417e-07
 5.27383e-07
 4.79392e-07
 4.35238e-07
 3.95177e-07
 3.59144e-07
 3.26901e-07
 2.98130e-07
 2.72484e-07
 2.49623e-07
 2.29226e-07
 2.11000e-07
 1.94687e-07
 1.80053e-07
 1.66899e-07
 1.55045e-07
 1.44339e-07
 1.34647e-07
 1.25852e-07
