scalar
part
         1
quad4
 5.14458e-07
 4.76754e-07
 4.38902e-07
 4.02472e-07
 3.68325e-07
 3.36855e-07
 3.08167e-07
 2.82192e-07
 2.58771e-07
 2.37698e-07
 2.18755e-07
 2.01724e-07
 1.86403e-07
 1.72601e-07
 1.60151e-07
 1.48899e-07
 1.38711e-07
 1.29468e-07
 1.21066e-07
 1.13412e-07
 6.12016e-07
 5.56212e-07
 5.03357e-07
 4.54734e-07
 4.10784e-07
 3.71473e-07
 3.36519e-07
 3.05531e-07
 2.78086e-07
 2.53772e-07
 2.32206e-07
 2.13041e-07
 1.95974e-07
 1.80739e-07
 1.67103e-07
 1.54866e-07
 1.43856e-07
 1.33924e-07
 1.24941e-07
 1.16795e-07
 7.27897e-07
 6.47306e-07
 5.75025e-07
 5.11338e-07
 4.55744e-07
 4.07424e-07
 3.65472e-07
 3.29019e-07
 2.97279e-07
 2.69567e-07
 2.45293e-07
 2.23957e-07
 2.05136e-07
 1.88473e-07
 1.73670e-07
 1.60472e-07
 1.48666e-07
 1.38070e-07
 1.28531e-07
 1.19917e-07
 8.62692e-07
 7.49220e-07
 6.52633e-07
 5.70979e-07
 5.02038e-07
 4.43724e-07
 3.94223e-07
 3.52011e-07
 3.15836e-07
 2.84675e-07
 2.57693e-07
 2.34213e-07
 2.13680e-07
 1.95640e-07
 1.79719e-07
 1.65608e-07
 1.53051e-07
 1.41834e-07
 1.31777e-07
 1.22730e-07
 1.01439e-06
 8.59241e-07
 7.33633e-07
 6.31530e-07
 5.47976e-07
 4.79064e-07
 4.21765e-07
 3.73735e-07
 3.33163e-07
 2.98637e-07
 2.69052e-07
 2.43534e-07
 2.21391e-07
 2.02067e-07
 1.85113e-07
 1.70165e-07
 1.56924e-07
 1.45144e-07
 1.34622e-07
 1.25186e-07
 1.17671e-06
 9.72065e-07
 8.13958e-07
 6.89984e-07
 5.91361e-07
 5.11842e-07
 4.46925e-07
 3.93328e-07
 3.48619e-07
 3.10973e-07
 2.79003e-07
 2.51640e-07
 2.28054e-07
 2.07588e-07
 1.89723e-07
 1.74040e-07
 1.60203e-07
 1.47935e-07
 1.37011e-07
 1.27242e-07
 1.33775e-06
 1.07949e-06
 8.88060e-07
 7.42581e-07
 6.29622e-07
 5.40272e-07
 4.68448e-07
 4.09891e-07
 3.61552e-07
 3.21204e-07
 2.87192e-07
 2.58265e-07
 2.33464e-07
 2.12046e-07
 1.93425e-07
 1.77138e-07
 1.62813e-07
 1.50148e-07
 1.38897e-07
 1.28859e-07
 1.48008e-06
 1.17099e-06
 9.49429e-07
 7.85190e-07
 6.60067e-07
 5.62561e-07
 4.85109e-07
 4.22573e-07
 3.71360e-07
 3.28897e-07
 2.93302e-07
 2.63173e-07
 2.37446e-07
 2.15307e-07
 1.96118e-07
 1.79379e-07
 1.64691e-07
 1.51732e-07
 1.40241e-07
 1.30006e-07
 1.58352e-06
 1.23545e-06
 9.91638e-07
 8.13924e-07
 6.80258e-07
 5.77129e-07
 4.95858e-07
 4.30658e-07
 3.77544e-07
 3.33697e-07
 2.97077e-07
 2.66176e-07
 2.39860e-07
 2.17265e-07
 1.97721e-07
 1.80701e-07
 1.65788e-07
 1.52649e-07
 1.41012e-07
 1.30657e-07
 1.63069e-06
 1.26387e-06
 1.00969e-06
 8.25858e-07
 6.88409e-07
 5.82844e-07
 4.99955e-07
 4.33650e-07
 3.79763e-07
 3.35366e-07
 2.98345e-07
 2.67149e-07
 2.40614e-07
 2.17853e-07
 1.98181e-07
 1.81063e-07
 1.66074e-07
 1.52875e-07
 1.41191e-07
 1.30799e-07
 1.61289e-06
 1.25189e-06
 1.00121e-06
 8.19642e-07
 6.83711e-07
 5.79205e-07
 4.97078e-07
 4.31336e-07
 3.77874e-07
 3.33803e-07
 2.97038e-07
 2.66045e-07
 2.39672e-07
 2.17043e-07
 1.97480e-07
 1.80452e-07
 1.65538e-07
 1.52403e-07
 1.40772e-07
 1.30426e-07
 1.53317e-06
 1.20105e-06
 9.67096e-07
 7.95798e-07
 6.66490e-07
 5.66425e-07
 4.87372e-07
 4.23817e-07
 3.71948e-07
 3.29062e-07
 2.93194e-07
 2.62891e-07
 2.37057e-07
 2.14854e-07
 1.95631e-07
 1.78878e-07
 1.64189e-07
 1.51238e-07
 1.39761e-07
 1.29543e-07
 1.40486e-06
 1.11831e-06
 9.11194e-07
 7.56598e-07
 6.38147e-07
 5.45398e-07
 4.71427e-07
 4.11493e-07
 3.62265e-07
 3.21341e-07
 2.86957e-07
 2.57794e-07
 2.32848e-07
 2.11345e-07
 1.92680e-07
 1.76378e-07
 1.62055e-07
 1.49404e-07
 1.38176e-07
 1.28165e-07
 1.24703e-06
 1.01395e-06
 8.39404e-07
 7.05584e-07
 6.00896e-07
 5.17557e-07
 4.50196e-07
 3.95018e-07
 3.49280e-07
 3.10965e-07
 2.78563e-07
 2.50928e-07
 2.27175e-07
 2.06615e-07
 1.88705e-07
 1.73010e-07
 1.59182e-07
 1.46937e-07
 1.36045e-07
 1.26315e-07
 1.07895e-06
 8.99047e-07
 7.58367e-07
 6.46888e-07
 5.57391e-07
 4.84657e-07
 4.24871e-07
 3.75215e-07
 3.33576e-07
 2.98354e-07
 2.68320e-07
 2.42522e-07
 2.20212e-07
 2.00797e-07
 1.83805e-07
 1.68854e-07
 1.55633e-07
 1.43888e-07
 1.33410e-07
 1.24025e-07
 9.15941e-07
 7.83264e-07
 6.74276e-07
 5.84562e-07
 5.10340e-07
 4.48543e-07
 3.96734e-07
 3.52992e-07
 3.15807e-07
 2.83986e-07
 2.56582e-07
 2.32842e-07
 2.12160e-07
 1.94046e-07
 1.78103e-07
 1.64004e-07
 1.51483e-07
 1.40316e-07
 1.30318e-07
 1.21335e-07
 7.67680e-07
 6.73626e-07
 5.92081e-07
 5.22073e-07
 4.62184e-07
 4.10951e-07
 3.67031e-07
 3.29256e-07
 2.96640e-07
 2.68357e-07
 2.43723e-07
 2.22173e-07
 2.03238e-07
 1.86531e-07
 1.71731e-07
 1.58567e-07
 1.46816e-07
 1.36288e-07
 1.26824e-07
 1.18289e-07
 6.38632e-07
 5.74314e-07
 5.15179e-07
 4.62040e-07
 4.14898e-07
 3.73359e-07
 3.36870e-07
 3.04841e-07
 2.76706e-07
 2.51948e-07
 2.30111e-07
 2.10799e-07
 1.93669e-07
 1.78429e-07
 1.64828e-07
 1.52652e-07
 1.41721e-07
 1.31877e-07
 1.22987e-07
 1.14936e-07
 5.29551e-07
 4.87134e-07
 4.45507e-07
 4.06194e-07
 3.69920e-07
 3.36922e-07
 3.07163e-07
 2.80461e-07
 2.56564e-07
 2.35198e-07
 2.16093e-07
 1.98995e-07
 1.83670e-07
 1.69911e-07
 1.57533e-07
 1.46373e-07
 1.36289e-07
 1.27156e-07
 1.18867e-07
 1.11325e-07
 4.39043e-07
 4.12241e-07
 3.83841e-07
 3.55485e-07
 3.28173e-07
 3.02458e-07
 2.78603e-07
 2.56688e-07
 2.36681e-07
 2.18485e-07
 2.01974e-07
 1.87006e-07
 1.73441e-07
 1.61141e-07
 1.49979e-07
 1.39837e-07
 1.30609e-07
 1.22200e-07
 1.14525e-07
 1.07507e-07
