scalar
part
         1
quad4
 5.01141e-07
 4.66575e-07
 4.31212e-07
 3.96744e-07
 3.64138e-07
 3.33877e-07
 3.06134e-07
 2.80898e-07
 2.58054e-07
 2.37430e-07
 2.18835e-07
 2.02075e-07
 1.86961e-07
 1.73318e-07
 1.60987e-07
 1.49824e-07
 1.39700e-07
 1.30503e-07
 1.22130e-07
 1.14494e-07
 6.00260e-07
 5.47721e-07
 4.97353e-07
 4.50618e-07
 4.08100e-07
 3.69872e-07
 3.35735e-07
 3.05363e-07
 2.78381e-07
 2.54411e-07
 2.33099e-07
 2.14120e-07
 1.97186e-07
 1.82042e-07
 1.68466e-07
 1.56266e-07
 1.45275e-07
 1.35347e-07
 1.26357e-07
 1.18196e-07
 7.18840e-07
 6.41404e-07
 5.71412e-07
 5.09382e-07
 4.54988e-07
 4.07530e-07
 3.66195e-07
 3.30179e-07
 2.98743e-07
 2.71238e-07
 2.47098e-07
 2.25842e-07
 2.07063e-07
 1.90413e-07
 1.75601e-07
 1.62380e-07
 1.50540e-07
 1.39903e-07
 1.30317e-07
 1.21653e-07
 8.57854e-07
 7.47035e-07
 6.52247e-07
 5.71806e-07
 5.03674e-07
 4.45887e-07
 3.96717e-07
 3.54700e-07
 3.18624e-07
 2.87495e-07
 2.60501e-07
 2.36977e-07
 2.16379e-07
 1.98261e-07
 1.82254e-07
 1.68053e-07
 1.55404e-07
 1.44095e-07
 1.33948e-07
 1.24813e-07
 1.01567e-06
 8.62097e-07
 7.37406e-07
 6.35803e-07
 5.52482e-07
 4.83632e-07
 4.26286e-07
 3.78143e-07
 3.37417e-07
 3.02716e-07
 2.72945e-07
 2.47240e-07
 2.24912e-07
 2.05408e-07
 1.88282e-07
 1.73170e-07
 1.59774e-07
 1.47848e-07
 1.37189e-07
 1.27625e-07
 1.18630e-06
 9.81388e-07
 8.22845e-07
 6.98356e-07
 5.99191e-07
 5.19133e-07
 4.53701e-07
 3.99619e-07
 3.54459e-07
 3.16398e-07
 2.84047e-07
 2.56337e-07
 2.32432e-07
 2.11676e-07
 1.93546e-07
 1.77621e-07
 1.63563e-07
 1.51092e-07
 1.39982e-07
 1.30042e-07
 1.35784e-06
 1.09664e-06
 9.02931e-07
 7.55620e-07
 6.41154e-07
 5.50545e-07
 4.77655e-07
 4.18188e-07
 3.69065e-07
 3.28037e-07
 2.93432e-07
 2.63984e-07
 2.38724e-07
 2.16898e-07
 1.97915e-07
 1.81304e-07
 1.66688e-07
 1.53761e-07
 1.42275e-07
 1.32022e-07
 1.51250e-06
 1.19704e-06
 9.70932e-07
 8.03296e-07
 6.75554e-07
 5.75976e-07
 4.96852e-07
 4.32944e-07
 3.80590e-07
 3.37166e-07
 3.00755e-07
 2.69925e-07
 2.43593e-07
 2.20926e-07
 2.01275e-07
 1.84129e-07
 1.69080e-07
 1.55800e-07
 1.44023e-07
 1.33529e-07
 1.62928e-06
 1.27093e-06
 1.02005e-06
 8.37244e-07
 6.99775e-07
 5.93721e-07
 5.10149e-07
 4.43103e-07
 3.88484e-07
 3.43393e-07
 3.05731e-07
 2.73949e-07
 2.46882e-07
 2.23640e-07
 2.03535e-07
 1.86025e-07
 1.70683e-07
 1.57164e-07
 1.45190e-07
 1.34535e-07
 1.68955e-06
 1.30855e-06
 1.04481e-06
 8.54225e-07
 7.11818e-07
 6.02501e-07
 5.16702e-07
 4.48094e-07
 3.92351e-07
 3.46435e-07
 3.08158e-07
 2.75908e-07
 2.48481e-07
 2.24958e-07
 2.04630e-07
 1.86943e-07
 1.71458e-07
 1.57823e-07
 1.45754e-07
 1.35020e-07
 1.68311e-06
 1.30465e-06
 1.04231e-06
 8.52551e-07
 7.10652e-07
 6.01664e-07
 5.16085e-07
 4.47628e-07
 3.91993e-07
 3.46155e-07
 3.07935e-07
 2.75729e-07
 2.48335e-07
 2.24837e-07
 2.04530e-07
 1.86859e-07
 1.71387e-07
 1.57763e-07
 1.45702e-07
 1.34976e-07
 1.61155e-06
 1.26000e-06
 1.01296e-06
 8.32441e-07
 6.96406e-07
 5.91287e-07
 5.08346e-07
 4.41738e-07
 3.87431e-07
 3.42566e-07
 3.05073e-07
 2.73419e-07
 2.46449e-07
 2.23283e-07
 2.03238e-07
 1.85776e-07
 1.70472e-07
 1.56984e-07
 1.45036e-07
 1.34402e-07
 1.48745e-06
 1.18106e-06
 9.60292e-07
 7.95956e-07
 6.70332e-07
 5.72161e-07
 4.94001e-07
 4.30771e-07
 3.78903e-07
 3.35837e-07
 2.99692e-07
 2.69065e-07
 2.42889e-07
 2.20344e-07
 2.00790e-07
 1.83721e-07
 1.68734e-07
 1.55504e-07
 1.43768e-07
 1.33309e-07
 1.32998e-06
 1.07803e-06
 8.90113e-07
 7.46547e-07
 6.34571e-07
 5.45661e-07
 4.73959e-07
 4.15341e-07
 3.66838e-07
 3.26270e-07
 2.92011e-07
 2.62828e-07
 2.37774e-07
 2.16110e-07
 1.97256e-07
 1.80748e-07
 1.66215e-07
 1.53357e-07
 1.41926e-07
 1.31720e-07
 1.15914e-06
 9.62293e-07
 8.09174e-07
 6.88382e-07
 5.91780e-07
 5.13530e-07
 4.49395e-07
 3.96260e-07
 3.51804e-07
 3.14273e-07
 2.82326e-07
 2.54928e-07
 2.31269e-07
 2.10706e-07
 1.92731e-07
 1.76931e-07
 1.62974e-07
 1.50587e-07
 1.39546e-07
 1.29664e-07
 9.91270e-07
 8.44026e-07
 7.23929e-07
 6.25646e-07
 5.44734e-07
 4.77648e-07
 4.21607e-07
 3.74441e-07
 3.34456e-07
 3.00321e-07
 2.70989e-07
 2.45627e-07
 2.23571e-07
 2.04284e-07
 1.87333e-07
 1.72363e-07
 1.59084e-07
 1.47254e-07
 1.36674e-07
 1.27177e-07
 8.36993e-07
 7.30810e-07
 6.39650e-07
 5.61995e-07
 4.95985e-07
 4.39815e-07
 3.91880e-07
 3.50812e-07
 3.15472e-07
 2.84918e-07
 2.58376e-07
 2.35210e-07
 2.14900e-07
 1.97013e-07
 1.81195e-07
 1.67148e-07
 1.54626e-07
 1.43422e-07
 1.33364e-07
 1.24303e-07
 7.01517e-07
 6.27320e-07
 5.60058e-07
 5.00254e-07
 4.47640e-07
 4.01594e-07
 3.61375e-07
 3.26241e-07
 2.95506e-07
 2.68558e-07
 2.44865e-07
 2.23970e-07
 2.05482e-07
 1.89071e-07
 1.74455e-07
 1.61396e-07
 1.49690e-07
 1.39165e-07
 1.29674e-07
 1.21090e-07
 5.86095e-07
 5.35747e-07
 4.87364e-07
 4.42346e-07
 4.01268e-07
 3.64229e-07
 3.31066e-07
 3.01485e-07
 2.75147e-07
 2.51701e-07
 2.30816e-07
 2.12187e-07
 1.95541e-07
 1.80635e-07
 1.67257e-07
 1.55222e-07
 1.44368e-07
 1.34556e-07
 1.25665e-07
 1.17588e-07
 4.89629e-07
 4.56513e-07
 4.22560e-07
 3.89381e-07
 3.57911e-07
 3.28624e-07
 3.01705e-07
 2.77160e-07
 2.54892e-07
 2.34747e-07
 2.16551e-07
 2.00122e-07
 1.85285e-07
 1.71873e-07
 1.59736e-07
 1.48737e-07
 1.38752e-07
 1.29672e-07
 1.21399e-07
 1.13849e-07
