scalar
part
         1
quad4
 5.56884e-07
 5.14570e-07
 4.72489e-07
 4.32264e-07
 3.94761e-07
 3.60349e-07
 3.29095e-07
 3.00887e-07
 2.75523e-07
 2.52759e-07
 2.32341e-07
 2.14021e-07
 1.97569e-07
 1.82774e-07
 1.69447e-07
 1.57419e-07
 1.46543e-07
 1.36687e-07
 1.27736e-07
 1.19591e-07
 6.60889e-07
 5.98954e-07
 5.40681e-07
 4.87354e-07
 4.39359e-07
 3.96586e-07
 3.58675e-07
 3.25160e-07
 2.95551e-07
 2.69378e-07
 2.46208e-07
 2.25657e-07
 2.07384e-07
 1.91097e-07
 1.76540e-07
 1.63493e-07
 1.51767e-07
 1.41200e-07
 1.31652e-07
 1.23003e-07
 7.84123e-07
 6.95422e-07
 6.16264e-07
 5.46811e-07
 4.86403e-07
 4.34064e-07
 3.88750e-07
 3.49475e-07
 3.15355e-07
 2.85625e-07
 2.59630e-07
 2.36818e-07
 2.16725e-07
 1.98961e-07
 1.83199e-07
 1.69162e-07
 1.56618e-07
 1.45372e-07
 1.35255e-07
 1.26128e-07
 9.27051e-07
 8.02977e-07
 6.97791e-07
 6.09184e-07
 5.34611e-07
 4.71711e-07
 4.18452e-07
 3.73140e-07
 3.34386e-07
 3.01065e-07
 2.72261e-07
 2.47232e-07
 2.25374e-07
 2.06193e-07
 1.89284e-07
 1.74314e-07
 1.61004e-07
 1.49125e-07
 1.38484e-07
 1.28917e-07
 1.08729e-06
 9.18565e-07
 7.82441e-07
 6.72145e-07
 5.82148e-07
 5.08115e-07
 4.46701e-07
 3.95329e-07
 3.52014e-07
 3.15215e-07
 2.83729e-07
 2.56609e-07
 2.33104e-07
 2.12614e-07
 1.94655e-07
 1.78836e-07
 1.64834e-07
 1.52388e-07
 1.41278e-07
 1.31322e-07
 1.25785e-06
 1.03634e-06
 8.65776e-07
 7.32436e-07
 6.26652e-07
 5.41564e-07
 4.72250e-07
 4.15130e-07
 3.67563e-07
 3.27571e-07
 2.93653e-07
 2.64659e-07
 2.39693e-07
 2.18051e-07
 1.99176e-07
 1.82621e-07
 1.68025e-07
 1.55093e-07
 1.43584e-07
 1.33298e-07
 1.42566e-06
 1.14739e-06
 9.41805e-07
 7.86029e-07
 6.65385e-07
 5.70169e-07
 4.93778e-07
 4.31604e-07
 3.80356e-07
 3.37637e-07
 3.01667e-07
 2.71108e-07
 2.44932e-07
 2.22345e-07
 2.02724e-07
 1.85574e-07
 1.70499e-07
 1.57179e-07
 1.45353e-07
 1.34807e-07
 1.57175e-06
 1.24035e-06
 1.00358e-06
 8.28549e-07
 6.95519e-07
 5.92057e-07
 5.10016e-07
 4.43871e-07
 3.89773e-07
 3.44968e-07
 3.07448e-07
 2.75716e-07
 2.48643e-07
 2.25361e-07
 2.05195e-07
 1.87614e-07
 1.72195e-07
 1.58598e-07
 1.46546e-07
 1.35816e-07
 1.67449e-06
 1.30346e-06
 1.04436e-06
 8.55959e-07
 7.14542e-07
 6.05614e-07
 5.19895e-07
 4.51209e-07
 3.95314e-07
 3.49213e-07
 3.10740e-07
 2.78298e-07
 2.50688e-07
 2.26996e-07
 2.06511e-07
 1.88681e-07
 1.73066e-07
 1.59312e-07
 1.47135e-07
 1.36304e-07
 1.71575e-06
 1.32748e-06
 1.05908e-06
 8.65329e-07
 7.20682e-07
 6.09726e-07
 5.22695e-07
 4.53138e-07
 3.96651e-07
 3.50142e-07
 3.11383e-07
 2.78738e-07
 2.50983e-07
 2.27185e-07
 2.06625e-07
 1.88739e-07
 1.73083e-07
 1.59300e-07
 1.47103e-07
 1.36256e-07
 1.68742e-06
 1.30843e-06
 1.04563e-06
 8.55477e-07
 7.13244e-07
 6.03972e-07
 5.18150e-07
 4.49485e-07
 3.93671e-07
 3.47678e-07
 3.09323e-07
 2.76999e-07
 2.49500e-07
 2.25911e-07
 2.05522e-07
 1.87779e-07
 1.72241e-07
 1.58558e-07
 1.46445e-07
 1.35670e-07
 1.59435e-06
 1.24881e-06
 1.00542e-06
 8.27237e-07
 6.92750e-07
 5.88689e-07
 5.06489e-07
 4.40410e-07
 3.86487e-07
 3.41906e-07
 3.04623e-07
 2.73126e-07
 2.46276e-07
 2.23201e-07
 2.03225e-07
 1.85816e-07
 1.70553e-07
 1.57096e-07
 1.45171e-07
 1.34554e-07
 1.45213e-06
 1.15671e-06
 9.42947e-07
 7.83263e-07
 6.60837e-07
 5.64928e-07
 4.88406e-07
 4.26386e-07
 3.75429e-07
 3.33058e-07
 2.97452e-07
 2.67247e-07
 2.41406e-07
 2.19128e-07
 1.99790e-07
 1.82896e-07
 1.68052e-07
 1.54941e-07
 1.43303e-07
 1.32925e-07
 1.28154e-06
 1.04341e-06
 8.64704e-07
 7.27465e-07
 6.19957e-07
 5.34278e-07
 4.64962e-07
 4.08138e-07
 3.61006e-07
 3.21501e-07
 2.88077e-07
 2.59558e-07
 2.35036e-07
 2.13804e-07
 1.95302e-07
 1.79085e-07
 1.64793e-07
 1.52136e-07
 1.40874e-07
 1.30811e-07
 1.10278e-06
 9.20633e-07
 7.77766e-07
 6.64270e-07
 5.72964e-07
 4.98633e-07
 4.37446e-07
 3.86563e-07
 3.43852e-07
 3.07691e-07
 2.76833e-07
 2.50308e-07
 2.27356e-07
 2.07372e-07
 1.89874e-07
 1.74470e-07
 1.60844e-07
 1.48735e-07
 1.37929e-07
 1.28248e-07
 9.31376e-07
 7.98319e-07
 6.88568e-07
 5.97918e-07
 5.22710e-07
 4.59945e-07
 4.07219e-07
 3.62628e-07
 3.24667e-07
 2.92141e-07
 2.64100e-07
 2.39785e-07
 2.18584e-07
 2.00002e-07
 1.83636e-07
 1.69155e-07
 1.56286e-07
 1.44805e-07
 1.34521e-07
 1.25277e-07
 7.76816e-07
 6.83498e-07
 6.02134e-07
 5.31966e-07
 4.71718e-07
 4.20019e-07
 3.75585e-07
 3.37285e-07
 3.04152e-07
 2.75375e-07
 2.50275e-07
 2.28290e-07
 2.08953e-07
 1.91874e-07
 1.76730e-07
 1.63252e-07
 1.51211e-07
 1.40416e-07
 1.30707e-07
 1.21947e-07
 6.43198e-07
 5.80208e-07
 5.21829e-07
 4.69048e-07
 4.21996e-07
 3.80372e-07
 3.43687e-07
 3.11398e-07
 2.82966e-07
 2.57896e-07
 2.35745e-07
 2.16125e-07
 1.98698e-07
 1.83174e-07
 1.69305e-07
 1.56879e-07
 1.45711e-07
 1.35647e-07
 1.26552e-07
 1.18310e-07
 5.30886e-07
 4.90054e-07
 4.49494e-07
 4.10858e-07
 3.74976e-07
 3.42166e-07
 3.12453e-07
 2.85698e-07
 2.61683e-07
 2.40158e-07
 2.20869e-07
 2.03573e-07
 1.88045e-07
 1.74083e-07
 1.61506e-07
 1.50154e-07
 1.39885e-07
 1.30576e-07
 1.22118e-07
 1.14418e-07
 4.38149e-07
 4.12986e-07
 3.85787e-07
 3.58283e-07
 3.31550e-07
 3.06209e-07
 2.82573e-07
 2.60763e-07
 2.40779e-07
 2.22548e-07
 2.05960e-07
 1.90889e-07
 1.77203e-07
 1.64771e-07
 1.53471e-07
 1.43190e-07
 1.33824e-07
 1.25279e-07
 1.17472e-07
 1.10326e-07
