scalar
part
         1
quad4
 3.48601e-07
 3.36594e-07
 3.20880e-07
 3.03214e-07
 2.84806e-07
 2.66456e-07
 2.48672e-07
 2.31753e-07
 2.15857e-07
 2.01050e-07
 1.87339e-07
 1.74692e-07
 1.63056e-07
 1.52364e-07
 1.42548e-07
 1.33536e-07
 1.25261e-07
 1.17658e-07
 1.10666e-07
 1.04229e-07
 4.31752e-07
 4.07418e-07
 3.80749e-07
 3.53630e-07
 3.27213e-07
 3.02152e-07
 2.78777e-07
 2.57213e-07
 2.37464e-07
 2.19457e-07
 2.03083e-07
 1.88214e-07
 1.74717e-07
 1.62462e-07
 1.51329e-07
 1.41202e-07
 1.31980e-07
 1.23568e-07
 1.15883e-07
 1.08852e-07
 5.34425e-07
 4.91962e-07
 4.50160e-07
 4.10630e-07
 3.74126e-07
 3.40901e-07
 3.10925e-07
 2.84019e-07
 2.59931e-07
 2.38389e-07
 2.19122e-07
 2.01874e-07
 1.86411e-07
 1.72524e-07
 1.60027e-07
 1.48757e-07
 1.38571e-07
 1.29342e-07
 1.20963e-07
 1.13337e-07
 6.59377e-07
 5.91167e-07
 5.29142e-07
 4.73819e-07
 4.24992e-07
 3.82128e-07
 3.44580e-07
 3.11691e-07
 2.82848e-07
 2.57501e-07
 2.35167e-07
 2.15432e-07
 1.97939e-07
 1.82383e-07
 1.68506e-07
 1.56087e-07
 1.44939e-07
 1.34902e-07
 1.25838e-07
 1.17630e-07
 8.08019e-07
 7.04733e-07
 6.16737e-07
 5.42078e-07
 4.78743e-07
 4.24895e-07
 3.78950e-07
 3.39579e-07
 3.05684e-07
 2.76362e-07
 2.50873e-07
 2.28609e-07
 2.09074e-07
 1.91855e-07
 1.76615e-07
 1.63070e-07
 1.50985e-07
 1.40164e-07
 1.30440e-07
 1.21673e-07
 9.78980e-07
 8.30329e-07
 7.10594e-07
 6.13356e-07
 5.33697e-07
 4.67861e-07
 4.12983e-07
 3.66863e-07
 3.27801e-07
 2.94474e-07
 2.65845e-07
 2.41095e-07
 2.19570e-07
 2.00746e-07
 1.84197e-07
 1.69578e-07
 1.56605e-07
 1.45043e-07
 1.34699e-07
 1.25409e-07
 1.16636e-06
 9.62791e-07
 8.06627e-07
 6.84551e-07
 5.87535e-07
 5.09305e-07
 4.45397e-07
 3.92581e-07
 3.48472e-07
 3.11284e-07
 2.79663e-07
 2.52564e-07
 2.29174e-07
 2.08853e-07
 1.91093e-07
 1.75484e-07
 1.61695e-07
 1.49457e-07
 1.38547e-07
 1.28781e-07
 1.35817e-06
 1.09361e-06
 8.98926e-07
 7.51560e-07
 6.37395e-07
 5.47203e-07
 4.74747e-07
 4.15687e-07
 3.66930e-07
 3.26224e-07
 2.91896e-07
 2.62688e-07
 2.37633e-07
 2.15983e-07
 1.97150e-07
 1.80667e-07
 1.66161e-07
 1.53328e-07
 1.41922e-07
 1.31739e-07
 1.53577e-06
 1.21118e-06
 9.80116e-07
 8.09605e-07
 6.80106e-07
 5.79409e-07
 4.99546e-07
 4.35133e-07
 3.82424e-07
 3.38743e-07
 3.02139e-07
 2.71162e-07
 2.44715e-07
 2.21955e-07
 2.02228e-07
 1.85018e-07
 1.69914e-07
 1.56586e-07
 1.44766e-07
 1.34236e-07
 1.67562e-06
 1.30217e-06
 1.04233e-06
 8.53845e-07
 7.12588e-07
 6.03899e-07
 5.18429e-07
 4.49975e-07
 3.94284e-07
 3.48360e-07
 3.10037e-07
 2.77723e-07
 2.50220e-07
 2.26617e-07
 2.06209e-07
 1.88442e-07
 1.72880e-07
 1.59171e-07
 1.47033e-07
 1.36233e-07
 1.75453e-06
 1.35443e-06
 1.07874e-06
 8.80239e-07
 7.32333e-07
 6.19057e-07
 5.30319e-07
 4.59475e-07
 4.01995e-07
 3.54704e-07
 3.15320e-07
 2.82168e-07
 2.53997e-07
 2.29853e-07
 2.09002e-07
 1.90870e-07
 1.75004e-07
 1.61039e-07
 1.48685e-07
 1.37701e-07
 1.75808e-06
 1.36063e-06
 1.08532e-06
 8.86413e-07
 7.37872e-07
 6.23935e-07
 5.34585e-07
 4.63197e-07
 4.05247e-07
 3.57552e-07
 3.17823e-07
 2.84375e-07
 2.55950e-07
 2.31589e-07
 2.10550e-07
 1.92256e-07
 1.76248e-07
 1.62161e-07
 1.49699e-07
 1.38621e-07
 1.68740e-06
 1.32098e-06
 1.06200e-06
 8.72236e-07
 7.29073e-07
 6.18416e-07
 5.31125e-07
 4.61060e-07
 4.03974e-07
 3.56850e-07
 3.17501e-07
 2.84308e-07
 2.56051e-07
 2.31800e-07
 2.10833e-07
 1.92582e-07
 1.76600e-07
 1.62524e-07
 1.50064e-07
 1.38983e-07
 1.55873e-06
 1.24312e-06
 1.01267e-06
 8.39830e-07
 7.07146e-07
 6.03218e-07
 5.20382e-07
 4.53342e-07
 3.98354e-07
 3.52715e-07
 3.14433e-07
 2.82017e-07
 2.54335e-07
 2.30512e-07
 2.09867e-07
 1.91862e-07
 1.76066e-07
 1.62134e-07
 1.49785e-07
 1.38789e-07
 1.39594e-06
 1.13929e-06
 9.44011e-07
 7.93011e-07
 6.74371e-07
 5.79756e-07
 5.03258e-07
 4.40635e-07
 3.88788e-07
 3.45421e-07
 3.08810e-07
 2.77641e-07
 2.50900e-07
 2.27796e-07
 2.07706e-07
 1.90132e-07
 1.74676e-07
 1.61013e-07
 1.48878e-07
 1.38054e-07
 1.22187e-06
 1.02252e-06
 8.63663e-07
 7.36406e-07
 6.33638e-07
 5.49883e-07
 4.80977e-07
 4.23763e-07
 3.75840e-07
 3.35365e-07
 3.00915e-07
 2.71382e-07
 2.45895e-07
 2.23763e-07
 2.04432e-07
 1.87458e-07
 1.72479e-07
 1.59199e-07
 1.47373e-07
 1.36800e-07
 1.05324e-06
 9.03728e-07
 7.78658e-07
 6.74580e-07
 5.87951e-07
 5.15611e-07
 4.54907e-07
 4.03678e-07
 3.60182e-07
 3.23026e-07
 2.91096e-07
 2.63498e-07
 2.39513e-07
 2.18557e-07
 2.00156e-07
 1.83924e-07
 1.69541e-07
 1.56742e-07
 1.45310e-07
 1.35059e-07
 8.99736e-07
 7.90480e-07
 6.94494e-07
 6.11418e-07
 5.40037e-07
 4.78861e-07
 4.26414e-07
 3.81355e-07
 3.42521e-07
 3.08924e-07
 2.79739e-07
 2.54277e-07
 2.31970e-07
 2.12344e-07
 1.95006e-07
 1.79629e-07
 1.65939e-07
 1.53706e-07
 1.42738e-07
 1.32871e-07
 7.65403e-07
 6.87108e-07
 6.14879e-07
 5.49842e-07
 4.92115e-07
 4.41292e-07
 3.96731e-07
 3.57715e-07
 3.23545e-07
 2.93576e-07
 2.67234e-07
 2.44018e-07
 2.23497e-07
 2.05303e-07
 1.89121e-07
 1.74683e-07
 1.61760e-07
 1.50159e-07
 1.39713e-07
 1.30280e-07
 6.50700e-07
 5.95450e-07
 5.41932e-07
 4.91797e-07
 4.45819e-07
 4.04217e-07
 3.66889e-07
 3.33560e-07
 3.03877e-07
 2.77465e-07
 2.53957e-07
 2.33014e-07
 2.14325e-07
 1.97617e-07
 1.82646e-07
 1.69201e-07
 1.57098e-07
 1.46176e-07
 1.36295e-07
 1.27336e-07
