scalar
part
         1
quad4
 6.57962e-07
 6.01532e-07
 5.46993e-07
 4.95992e-07
 4.49292e-07
 4.07093e-07
 3.69274e-07
 3.35541e-07
 3.05527e-07
 2.78843e-07
 2.55112e-07
 2.33984e-07
 2.15142e-07
 1.98306e-07
 1.83230e-07
 1.69696e-07
 1.57518e-07
 1.46533e-07
 1.36600e-07
 1.27595e-07
 7.73430e-07
 6.93648e-07
 6.20181e-07
 5.54132e-07
 4.95589e-07
 4.44111e-07
 3.99024e-07
 3.59587e-07
 3.25079e-07
 2.94837e-07
 2.68274e-07
 2.44879e-07
 2.24212e-07
 2.05898e-07
 1.89617e-07
 1.75097e-07
 1.62106e-07
 1.50448e-07
 1.39954e-07
 1.30481e-07
 9.08504e-07
 7.97389e-07
 6.99926e-07
 6.15693e-07
 5.43412e-07
 4.81537e-07
 4.28545e-07
 3.83060e-07
 3.43891e-07
 3.10030e-07
 2.80634e-07
 2.55005e-07
 2.32562e-07
 2.12827e-07
 1.95400e-07
 1.79950e-07
 1.66201e-07
 1.53919e-07
 1.42910e-07
 1.33009e-07
 1.06261e-06
 9.10818e-07
 7.84036e-07
 6.78679e-07
 5.91093e-07
 5.18035e-07
 4.56789e-07
 4.05147e-07
 3.61334e-07
 3.23934e-07
 2.91813e-07
 2.64065e-07
 2.39961e-07
 2.18911e-07
 2.00435e-07
 1.84142e-07
 1.69710e-07
 1.56872e-07
 1.45407e-07
 1.35129e-07
 1.23149e-06
 1.02946e-06
 8.68709e-07
 7.40107e-07
 6.36377e-07
 5.51926e-07
 4.82512e-07
 4.24923e-07
 3.76718e-07
 3.36031e-07
 3.01419e-07
 2.71763e-07
 2.46179e-07
 2.23972e-07
 2.04583e-07
 1.87563e-07
 1.72547e-07
 1.59238e-07
 1.47389e-07
 1.36798e-07
 1.40516e-06
 1.14556e-06
 9.48341e-07
 7.96036e-07
 6.76507e-07
 5.81275e-07
 5.04342e-07
 4.41408e-07
 3.89335e-07
 3.45803e-07
 3.09070e-07
 2.77810e-07
 2.51001e-07
 2.27846e-07
 2.07717e-07
 1.90114e-07
 1.74636e-07
 1.60956e-07
 1.48809e-07
 1.37976e-07
 1.56650e-06
 1.24801e-06
 1.01581e-06
 8.41863e-07
 7.08465e-07
 6.04066e-07
 5.20912e-07
 4.53656e-07
 3.98519e-07
 3.52776e-07
 3.14421e-07
 2.81955e-07
 2.54238e-07
 2.30391e-07
 2.09730e-07
 1.91713e-07
 1.75911e-07
 1.61976e-07
 1.49627e-07
 1.38632e-07
 1.69230e-06
 1.32366e-06
 1.06344e-06
 8.72961e-07
 7.29373e-07
 6.18460e-07
 5.31013e-07
 4.60855e-07
 4.03713e-07
 3.56559e-07
 3.17195e-07
 2.83998e-07
 2.55743e-07
 2.31498e-07
 2.10540e-07
 1.92299e-07
 1.76327e-07
 1.62263e-07
 1.49815e-07
 1.38744e-07
 1.75861e-06
 1.36030e-06
 1.08462e-06
 8.85573e-07
 7.36998e-07
 6.23078e-07
 5.33768e-07
 4.62431e-07
 4.04533e-07
 3.56890e-07
 3.17210e-07
 2.83808e-07
 2.55425e-07
 2.31101e-07
 2.10098e-07
 1.91835e-07
 1.75856e-07
 1.61795e-07
 1.49356e-07
 1.38300e-07
 1.74968e-06
 1.35060e-06
 1.07566e-06
 8.77700e-07
 7.30209e-07
 6.17254e-07
 5.28771e-07
 4.58131e-07
 4.00818e-07
 3.53665e-07
 3.14396e-07
 2.81342e-07
 2.53253e-07
 2.29179e-07
 2.08390e-07
 1.90311e-07
 1.74492e-07
 1.60568e-07
 1.48250e-07
 1.37299e-07
 1.66540e-06
 1.29489e-06
 1.03689e-06
 8.49639e-07
 7.09240e-07
 6.01172e-07
 5.16166e-07
 4.48067e-07
 3.92655e-07
 3.46952e-07
 3.08809e-07
 2.76642e-07
 2.49262e-07
 2.25762e-07
 2.05441e-07
 1.87749e-07
 1.72250e-07
 1.58598e-07
 1.46508e-07
 1.35751e-07
 1.52129e-06
 1.20102e-06
 9.72661e-07
 8.03932e-07
 6.75661e-07
 5.75842e-07
 4.96626e-07
 4.32703e-07
 3.80372e-07
 3.36989e-07
 3.00624e-07
 2.69841e-07
 2.43553e-07
 2.20926e-07
 2.01310e-07
 1.84194e-07
 1.69171e-07
 1.55913e-07
 1.44154e-07
 1.33676e-07
 1.34117e-06
 1.08152e-06
 8.89989e-07
 7.44746e-07
 6.32061e-07
 5.42934e-07
 4.71265e-07
 4.12801e-07
 3.64504e-07
 3.24159e-07
 2.90121e-07
 2.61146e-07
 2.36283e-07
 2.14792e-07
 1.96092e-07
 1.79722e-07
 1.65312e-07
 1.52562e-07
 1.41226e-07
 1.31105e-07
 1.14857e-06
 9.49766e-07
 7.96820e-07
 6.76981e-07
 5.81564e-07
 5.04502e-07
 4.41470e-07
 3.89322e-07
 3.45731e-07
 3.08954e-07
 2.77661e-07
 2.50828e-07
 2.27656e-07
 2.07517e-07
 1.89908e-07
 1.74428e-07
 1.60748e-07
 1.48604e-07
 1.37774e-07
 1.28078e-07
 9.61700e-07
 8.17231e-07
 7.00483e-07
 6.05410e-07
 5.27346e-07
 4.62706e-07
 4.08738e-07
 3.63323e-07
 3.24814e-07
 2.91928e-07
 2.63655e-07
 2.39195e-07
 2.17908e-07
 1.99282e-07
 1.82900e-07
 1.68422e-07
 1.55569e-07
 1.44110e-07
 1.33855e-07
 1.24642e-07
 7.92009e-07
 6.92161e-07
 6.06765e-07
 5.34077e-07
 4.72245e-07
 4.19555e-07
 3.74511e-07
 3.35851e-07
 3.02521e-07
 2.73654e-07
 2.48535e-07
 2.26576e-07
 2.07293e-07
 1.90285e-07
 1.75222e-07
 1.61827e-07
 1.49871e-07
 1.39161e-07
 1.29533e-07
 1.20849e-07
 6.44967e-07
 5.79470e-07
 5.19613e-07
 4.66008e-07
 4.18538e-07
 3.76751e-07
 3.40061e-07
 3.07861e-07
 2.79575e-07
 2.54683e-07
 2.32724e-07
 2.13299e-07
 1.96064e-07
 1.80726e-07
 1.67033e-07
 1.54772e-07
 1.43759e-07
 1.33838e-07
 1.24875e-07
 1.16756e-07
 5.21667e-07
 4.81296e-07
 4.41252e-07
 4.03173e-07
 3.67857e-07
 3.35602e-07
 3.06419e-07
 2.80162e-07
 2.56609e-07
 2.35510e-07
 2.16611e-07
 1.99671e-07
 1.84468e-07
 1.70801e-07
 1.58492e-07
 1.47383e-07
 1.37336e-07
 1.28227e-07
 1.19953e-07
 1.12419e-07
 4.20549e-07
 3.97810e-07
 3.72541e-07
 3.46624e-07
 3.21224e-07
 2.97017e-07
 2.74357e-07
 2.53392e-07
 2.34144e-07
 2.16558e-07
 2.00539e-07
 1.85971e-07
 1.72730e-07
 1.60694e-07
 1.49748e-07
 1.39784e-07
 1.30701e-07
 1.22412e-07
 1.14834e-07
 1.07896e-07
 3.38791e-07
 3.27995e-07
 3.13387e-07
 2.96704e-07
 2.79153e-07
 2.61544e-07
 2.44394e-07
 2.28015e-07
 2.12581e-07
 1.98168e-07
 1.84794e-07
 1.72435e-07
 1.61046e-07
 1.50568e-07
 1.40937e-07
 1.32086e-07
 1.23951e-07
 1.16470e-07
 1.09585e-07
 1.03244e-07
