scalar
part
         1
quad4
 3.36740e-07
 3.26161e-07
 3.11761e-07
 2.95271e-07
 2.77894e-07
 2.60439e-07
 2.43423e-07
 2.27161e-07
 2.11827e-07
 1.97501e-07
 1.84201e-07
 1.71906e-07
 1.60573e-07
 1.50143e-07
 1.40554e-07
 1.31740e-07
 1.23637e-07
 1.16184e-07
 1.09324e-07
 1.03005e-07
 4.18158e-07
 3.95718e-07
 3.70725e-07
 3.45053e-07
 3.19867e-07
 2.95842e-07
 2.73337e-07
 2.52504e-07
 2.33368e-07
 2.15877e-07
 1.99938e-07
 1.85438e-07
 1.72255e-07
 1.60270e-07
 1.49367e-07
 1.39440e-07
 1.30391e-07
 1.22130e-07
 1.14577e-07
 1.07661e-07
 5.18880e-07
 4.78922e-07
 4.39239e-07
 4.01467e-07
 3.66408e-07
 3.34367e-07
 3.05361e-07
 2.79250e-07
 2.55819e-07
 2.34822e-07
 2.16008e-07
 1.99139e-07
 1.83997e-07
 1.70382e-07
 1.58117e-07
 1.47046e-07
 1.37031e-07
 1.27952e-07
 1.19702e-07
 1.12190e-07
 6.41735e-07
 5.76801e-07
 5.17409e-07
 4.64181e-07
 4.17015e-07
 3.75472e-07
 3.38979e-07
 3.06939e-07
 2.78783e-07
 2.53998e-07
 2.32127e-07
 2.12775e-07
 1.95602e-07
 1.80316e-07
 1.66668e-07
 1.54444e-07
 1.43464e-07
 1.33571e-07
 1.24633e-07
 1.16534e-07
 7.88310e-07
 6.89212e-07
 6.04399e-07
 5.32161e-07
 4.70677e-07
 4.18258e-07
 3.73427e-07
 3.34935e-07
 3.01741e-07
 2.72983e-07
 2.47953e-07
 2.26068e-07
 2.06845e-07
 1.89889e-07
 1.74869e-07
 1.61512e-07
 1.49587e-07
 1.38904e-07
 1.29300e-07
 1.20637e-07
 9.57573e-07
 8.14064e-07
 6.98016e-07
 6.03457e-07
 5.25775e-07
 4.61423e-07
 4.07677e-07
 3.62434e-07
 3.24061e-07
 2.91283e-07
 2.63098e-07
 2.38709e-07
 2.17482e-07
 1.98906e-07
 1.82565e-07
 1.68122e-07
 1.55299e-07
 1.43867e-07
 1.33634e-07
 1.24441e-07
 1.14417e-06
 9.46513e-07
 7.94354e-07
 6.75066e-07
 5.80045e-07
 5.03276e-07
 4.40463e-07
 3.88482e-07
 3.45023e-07
 3.08349e-07
 2.77139e-07
 2.50373e-07
 2.27258e-07
 2.07165e-07
 1.89595e-07
 1.74147e-07
 1.60496e-07
 1.48375e-07
 1.37567e-07
 1.27889e-07
 1.33679e-06
 1.07839e-06
 8.87662e-07
 7.42964e-07
 6.30660e-07
 5.41808e-07
 4.70343e-07
 4.12034e-07
 3.63857e-07
 3.23607e-07
 2.89644e-07
 2.60731e-07
 2.35918e-07
 2.14469e-07
 1.95804e-07
 1.79464e-07
 1.65079e-07
 1.52350e-07
 1.41034e-07
 1.30930e-07
 1.51739e-06
 1.19828e-06
 9.70638e-07
 8.02386e-07
 6.74446e-07
 5.74864e-07
 4.95823e-07
 4.32032e-07
 3.79803e-07
 3.36501e-07
 3.00201e-07
 2.69471e-07
 2.43226e-07
 2.20636e-07
 2.01051e-07
 1.83961e-07
 1.68960e-07
 1.55721e-07
 1.43978e-07
 1.33515e-07
 1.66247e-06
 1.29280e-06
 1.03533e-06
 8.48425e-07
 7.08271e-07
 6.00380e-07
 5.15507e-07
 4.47510e-07
 3.92178e-07
 3.46539e-07
 3.08448e-07
 2.76324e-07
 2.48979e-07
 2.25508e-07
 2.05212e-07
 1.87542e-07
 1.72063e-07
 1.58426e-07
 1.46350e-07
 1.35606e-07
 1.74810e-06
 1.34936e-06
 1.07466e-06
 8.76883e-07
 7.29527e-07
 6.16677e-07
 5.28276e-07
 4.57702e-07
 4.00443e-07
 3.53334e-07
 3.14102e-07
 2.81079e-07
 2.53016e-07
 2.28966e-07
 2.08195e-07
 1.90134e-07
 1.74329e-07
 1.60419e-07
 1.48112e-07
 1.37171e-07
 1.75844e-06
 1.35996e-06
 1.08423e-06
 8.85175e-07
 7.36619e-07
 6.22726e-07
 5.33445e-07
 4.62136e-07
 4.04265e-07
 3.56645e-07
 3.16986e-07
 2.83604e-07
 2.55237e-07
 2.30929e-07
 2.09938e-07
 1.91688e-07
 1.75719e-07
 1.61668e-07
 1.49238e-07
 1.38190e-07
 1.69332e-06
 1.32411e-06
 1.06359e-06
 8.72958e-07
 7.29286e-07
 6.18328e-07
 5.30861e-07
 4.60694e-07
 4.03551e-07
 3.56401e-07
 3.17043e-07
 2.83852e-07
 2.55605e-07
 2.31367e-07
 2.10416e-07
 1.92182e-07
 1.76217e-07
 1.62159e-07
 1.49717e-07
 1.38651e-07
 1.56832e-06
 1.24906e-06
 1.01641e-06
 8.42197e-07
 7.08635e-07
 6.04134e-07
 5.20917e-07
 4.53621e-07
 3.98459e-07
 3.52701e-07
 3.14337e-07
 2.81867e-07
 2.54148e-07
 2.30301e-07
 2.09641e-07
 1.91627e-07
 1.75828e-07
 1.61896e-07
 1.49549e-07
 1.38557e-07
 1.40737e-06
 1.14698e-06
 9.49257e-07
 7.96628e-07
 6.76886e-07
 5.81512e-07
 5.04484e-07
 4.41485e-07
 3.89367e-07
 3.45805e-07
 3.09051e-07
 2.77776e-07
 2.50957e-07
 2.27795e-07
 2.07662e-07
 1.90057e-07
 1.74578e-07
 1.60898e-07
 1.48751e-07
 1.37919e-07
 1.23380e-06
 1.03106e-06
 8.69815e-07
 7.40876e-07
 6.36912e-07
 5.52297e-07
 4.82767e-07
 4.25095e-07
 3.76831e-07
 3.36101e-07
 3.01458e-07
 2.71778e-07
 2.46179e-07
 2.23959e-07
 2.04561e-07
 1.87534e-07
 1.72514e-07
 1.59201e-07
 1.47350e-07
 1.36758e-07
 1.06484e-06
 9.12453e-07
 7.85231e-07
 6.79552e-07
 5.91733e-07
 5.18504e-07
 4.57133e-07
 4.05397e-07
 3.61515e-07
 3.24063e-07
 2.91903e-07
 2.64126e-07
 2.39999e-07
 2.18932e-07
 2.00443e-07
 1.84140e-07
 1.69700e-07
 1.56856e-07
 1.45386e-07
 1.35106e-07
 9.10570e-07
 7.98974e-07
 7.01135e-07
 6.16614e-07
 5.44114e-07
 4.82071e-07
 4.28952e-07
 3.83370e-07
 3.44127e-07
 3.10208e-07
 2.80768e-07
 2.55104e-07
 2.32635e-07
 2.12879e-07
 1.95435e-07
 1.79972e-07
 1.66212e-07
 1.53923e-07
 1.42907e-07
 1.33001e-07
 7.75295e-07
 6.95135e-07
 6.21357e-07
 5.55059e-07
 4.96318e-07
 4.44684e-07
 3.99474e-07
 3.59941e-07
 3.25357e-07
 2.95055e-07
 2.68445e-07
 2.45012e-07
 2.24315e-07
 2.05977e-07
 1.89677e-07
 1.75141e-07
 1.62138e-07
 1.50470e-07
 1.39968e-07
 1.30488e-07
 6.59624e-07
 6.02901e-07
 5.48109e-07
 4.96897e-07
 4.50023e-07
 4.07682e-07
 3.69748e-07
 3.35923e-07
 3.05835e-07
 2.79091e-07
 2.55311e-07
 2.34143e-07
 2.15270e-07
 1.98408e-07
 1.83310e-07
 1.69759e-07
 1.57567e-07
 1.46571e-07
 1.36628e-07
 1.27615e-07
