scalar
part
         1
quad4
 3.53963e-07
 3.40313e-07
 3.23358e-07
 3.04769e-07
 2.85680e-07
 2.66832e-07
 2.48685e-07
 2.31504e-07
 2.15421e-07
 2.00484e-07
 1.86683e-07
 1.73976e-07
 1.62302e-07
 1.51590e-07
 1.41765e-07
 1.32754e-07
 1.24487e-07
 1.16895e-07
 1.09918e-07
 1.03500e-07
 4.36342e-07
 4.10254e-07
 3.82337e-07
 3.54341e-07
 3.27314e-07
 3.01833e-07
 2.78174e-07
 2.56423e-07
 2.36552e-07
 2.18472e-07
 2.02059e-07
 1.87173e-07
 1.73677e-07
 1.61435e-07
 1.50322e-07
 1.40221e-07
 1.31027e-07
 1.22645e-07
 1.14993e-07
 1.07993e-07
 5.37649e-07
 4.93441e-07
 4.50494e-07
 4.10223e-07
 3.73250e-07
 3.39739e-07
 3.09597e-07
 2.82603e-07
 2.58481e-07
 2.36940e-07
 2.17695e-07
 2.00483e-07
 1.85065e-07
 1.71228e-07
 1.58784e-07
 1.47566e-07
 1.37432e-07
 1.28254e-07
 1.19924e-07
 1.12346e-07
 6.60411e-07
 5.90688e-07
 5.27791e-07
 4.71991e-07
 4.22927e-07
 3.79971e-07
 3.42417e-07
 3.09574e-07
 2.80804e-07
 2.55546e-07
 2.33307e-07
 2.13669e-07
 1.96270e-07
 1.80806e-07
 1.67016e-07
 1.54680e-07
 1.43609e-07
 1.33645e-07
 1.24648e-07
 1.16503e-07
 8.05797e-07
 7.01587e-07
 6.13236e-07
 5.38523e-07
 4.75285e-07
 4.21606e-07
 3.75861e-07
 3.36696e-07
 3.03003e-07
 2.73871e-07
 2.48558e-07
 2.26458e-07
 2.07072e-07
 1.89990e-07
 1.74874e-07
 1.61442e-07
 1.49461e-07
 1.38735e-07
 1.29098e-07
 1.20410e-07
 9.72261e-07
 8.23777e-07
 7.04500e-07
 6.07804e-07
 5.28679e-07
 4.63337e-07
 4.08902e-07
 3.63172e-07
 3.24453e-07
 2.91428e-07
 2.63065e-07
 2.38548e-07
 2.17230e-07
 1.98589e-07
 1.82203e-07
 1.67729e-07
 1.54887e-07
 1.43443e-07
 1.33205e-07
 1.24011e-07
 1.15395e-06
 9.52209e-07
 7.97611e-07
 6.76824e-07
 5.80862e-07
 5.03492e-07
 4.40294e-07
 3.88067e-07
 3.44452e-07
 3.07682e-07
 2.76417e-07
 2.49623e-07
 2.26498e-07
 2.06407e-07
 1.88849e-07
 1.73418e-07
 1.59787e-07
 1.47689e-07
 1.36904e-07
 1.27250e-07
 1.33931e-06
 1.07871e-06
 8.86881e-07
 7.41631e-07
 6.29068e-07
 5.40117e-07
 4.68641e-07
 4.10369e-07
 3.62255e-07
 3.22081e-07
 2.88198e-07
 2.59366e-07
 2.34632e-07
 2.13257e-07
 1.94664e-07
 1.78390e-07
 1.64067e-07
 1.51396e-07
 1.40134e-07
 1.30079e-07
 1.51067e-06
 1.19220e-06
 9.65251e-07
 7.97634e-07
 6.70249e-07
 5.71143e-07
 4.92509e-07
 4.29067e-07
 3.77137e-07
 3.34093e-07
 2.98016e-07
 2.67481e-07
 2.41406e-07
 2.18965e-07
 1.99513e-07
 1.82540e-07
 1.67644e-07
 1.54499e-07
 1.42840e-07
 1.32453e-07
 1.64572e-06
 1.27997e-06
 1.02518e-06
 8.40181e-07
 7.01434e-07
 5.94616e-07
 5.10578e-07
 4.43246e-07
 3.88452e-07
 3.43254e-07
 3.05530e-07
 2.73713e-07
 2.46630e-07
 2.23384e-07
 2.03281e-07
 1.85779e-07
 1.70446e-07
 1.56939e-07
 1.44977e-07
 1.34334e-07
 1.72222e-06
 1.33033e-06
 1.06008e-06
 8.65367e-07
 7.20203e-07
 6.08977e-07
 5.21811e-07
 4.52198e-07
 3.95701e-07
 3.49207e-07
 3.10478e-07
 2.77871e-07
 2.50157e-07
 2.26401e-07
 2.05883e-07
 1.88038e-07
 1.72420e-07
 1.58674e-07
 1.46510e-07
 1.35696e-07
 1.72584e-06
 1.33603e-06
 1.06599e-06
 8.70871e-07
 7.25127e-07
 6.13307e-07
 5.25596e-07
 4.55503e-07
 3.98589e-07
 3.51738e-07
 3.12703e-07
 2.79835e-07
 2.51897e-07
 2.27948e-07
 2.07263e-07
 1.89274e-07
 1.73531e-07
 1.59676e-07
 1.47417e-07
 1.36518e-07
 1.65695e-06
 1.29698e-06
 1.04274e-06
 8.56525e-07
 7.16059e-07
 6.07489e-07
 5.21839e-07
 4.53083e-07
 3.97055e-07
 3.50798e-07
 3.12166e-07
 2.79573e-07
 2.51823e-07
 2.28003e-07
 2.07405e-07
 1.89473e-07
 1.73767e-07
 1.59934e-07
 1.47687e-07
 1.36793e-07
 1.53083e-06
 1.22039e-06
 9.94013e-07
 8.24352e-07
 6.94166e-07
 5.92219e-07
 5.10969e-07
 4.45213e-07
 3.91277e-07
 3.46505e-07
 3.08947e-07
 2.77140e-07
 2.49973e-07
 2.26591e-07
 2.06325e-07
 1.88647e-07
 1.73137e-07
 1.59455e-07
 1.47327e-07
 1.36525e-07
 1.37070e-06
 1.11816e-06
 9.26288e-07
 7.78055e-07
 6.61662e-07
 5.68873e-07
 4.93869e-07
 4.32474e-07
 3.81645e-07
 3.39129e-07
 3.03233e-07
 2.72669e-07
 2.46445e-07
 2.23785e-07
 2.04077e-07
 1.86836e-07
 1.71670e-07
 1.58262e-07
 1.46352e-07
 1.35727e-07
 1.19914e-06
 1.00308e-06
 8.47042e-07
 7.22156e-07
 6.21368e-07
 5.39263e-07
 4.71733e-07
 4.15672e-07
 3.68716e-07
 3.29059e-07
 2.95303e-07
 2.66364e-07
 2.41386e-07
 2.19693e-07
 2.00745e-07
 1.84103e-07
 1.69416e-07
 1.56392e-07
 1.44794e-07
 1.34423e-07
 1.03280e-06
 8.85942e-07
 7.63202e-07
 6.61138e-07
 5.76233e-07
 5.05361e-07
 4.45907e-07
 3.95739e-07
 3.53149e-07
 3.16767e-07
 2.85502e-07
 2.58476e-07
 2.34986e-07
 2.14460e-07
 1.96435e-07
 1.80532e-07
 1.66439e-07
 1.53897e-07
 1.42691e-07
 1.32643e-07
 8.81370e-07
 7.74265e-07
 6.80204e-07
 5.98829e-07
 5.28936e-07
 4.69054e-07
 4.17726e-07
 3.73635e-07
 3.35636e-07
 3.02763e-07
 2.74205e-07
 2.49289e-07
 2.27458e-07
 2.08248e-07
 1.91276e-07
 1.76221e-07
 1.62816e-07
 1.50836e-07
 1.40093e-07
 1.30427e-07
 7.48911e-07
 6.72359e-07
 6.01720e-07
 5.38115e-07
 4.81665e-07
 4.31972e-07
 3.88404e-07
 3.50260e-07
 3.16854e-07
 2.87553e-07
 2.61797e-07
 2.39096e-07
 2.19028e-07
 2.01233e-07
 1.85404e-07
 1.71278e-07
 1.58634e-07
 1.47280e-07
 1.37055e-07
 1.27821e-07
 6.35895e-07
 5.82054e-07
 5.29847e-07
 4.80914e-07
 4.36026e-07
 3.95405e-07
 3.58953e-07
 3.26404e-07
 2.97412e-07
 2.71613e-07
 2.48648e-07
 2.28186e-07
 2.09924e-07
 1.93594e-07
 1.78961e-07
 1.65817e-07
 1.53982e-07
 1.43301e-07
 1.33636e-07
 1.24872e-07
