scalar
part
         1
quad4
 4.92529e-07
 4.59008e-07
 4.24698e-07
 3.91212e-07
 3.59479e-07
 3.29970e-07
 3.02864e-07
 2.78161e-07
 2.55759e-07
 2.35503e-07
 2.17211e-07
 2.00702e-07
 1.85796e-07
 1.72325e-07
 1.60138e-07
 1.49095e-07
 1.39073e-07
 1.29960e-07
 1.21659e-07
 1.14084e-07
 5.89310e-07
 5.38454e-07
 4.89639e-07
 4.44259e-07
 4.02882e-07
 3.65596e-07
 3.32228e-07
 3.02479e-07
 2.76000e-07
 2.52438e-07
 2.31456e-07
 2.12746e-07
 1.96031e-07
 1.81066e-07
 1.67638e-07
 1.55561e-07
 1.44671e-07
 1.34827e-07
 1.25908e-07
 1.17808e-07
 7.05054e-07
 6.30224e-07
 5.62445e-07
 5.02224e-07
 4.49274e-07
 4.02958e-07
 3.62521e-07
 3.27210e-07
 2.96331e-07
 2.69265e-07
 2.45475e-07
 2.24499e-07
 2.05944e-07
 1.89476e-07
 1.74812e-07
 1.61711e-07
 1.49971e-07
 1.39416e-07
 1.29898e-07
 1.21292e-07
 8.40830e-07
 7.33870e-07
 6.42105e-07
 5.63979e-07
 4.97603e-07
 4.41145e-07
 3.92984e-07
 3.51736e-07
 3.16252e-07
 2.85581e-07
 2.58944e-07
 2.35701e-07
 2.15326e-07
 1.97385e-07
 1.81521e-07
 1.67436e-07
 1.54881e-07
 1.43650e-07
 1.33568e-07
 1.24486e-07
 9.95333e-07
 8.47165e-07
 7.26380e-07
 6.27585e-07
 5.46287e-07
 4.78907e-07
 4.22640e-07
 3.75297e-07
 3.35172e-07
 3.00926e-07
 2.71504e-07
 2.46070e-07
 2.23953e-07
 2.04617e-07
 1.87625e-07
 1.72620e-07
 1.59311e-07
 1.47456e-07
 1.36855e-07
 1.27339e-07
 1.16328e-06
 9.65380e-07
 8.11521e-07
 6.90198e-07
 5.93210e-07
 5.14674e-07
 4.50323e-07
 3.97023e-07
 3.52437e-07
 3.14804e-07
 2.82777e-07
 2.55314e-07
 2.31601e-07
 2.10995e-07
 1.92983e-07
 1.77153e-07
 1.63170e-07
 1.50761e-07
 1.39701e-07
 1.29803e-07
 1.33393e-06
 1.08088e-06
 8.92223e-07
 7.48147e-07
 6.35812e-07
 5.46642e-07
 4.74748e-07
 4.15985e-07
 3.67369e-07
 3.26714e-07
 2.92386e-07
 2.63149e-07
 2.38049e-07
 2.16349e-07
 1.97464e-07
 1.80931e-07
 1.66377e-07
 1.53500e-07
 1.42054e-07
 1.31835e-07
 1.49087e-06
 1.18343e-06
 9.62014e-07
 7.97241e-07
 6.71317e-07
 5.72934e-07
 4.94618e-07
 4.31271e-07
 3.79316e-07
 3.36181e-07
 2.99983e-07
 2.69312e-07
 2.43102e-07
 2.20528e-07
 2.00951e-07
 1.83862e-07
 1.68859e-07
 1.55615e-07
 1.43867e-07
 1.33398e-07
 1.61399e-06
 1.26167e-06
 1.01414e-06
 8.33319e-07
 6.97076e-07
 5.91811e-07
 5.08764e-07
 4.42077e-07
 3.87710e-07
 3.42800e-07
 3.05271e-07
 2.73587e-07
 2.46594e-07
 2.23410e-07
 2.03348e-07
 1.85873e-07
 1.70558e-07
 1.57061e-07
 1.45105e-07
 1.34464e-07
 1.68420e-06
 1.30539e-06
 1.04285e-06
 8.52953e-07
 7.10963e-07
 6.01911e-07
 5.16284e-07
 4.47792e-07
 3.92130e-07
 3.46271e-07
 3.08035e-07
 2.75815e-07
 2.48410e-07
 2.24903e-07
 2.04589e-07
 1.86912e-07
 1.71434e-07
 1.57805e-07
 1.45740e-07
 1.35010e-07
 1.68912e-06
 1.30829e-06
 1.04465e-06
 8.54122e-07
 7.11752e-07
 6.02459e-07
 5.16675e-07
 4.48077e-07
 3.92342e-07
 3.46431e-07
 3.08157e-07
 2.75910e-07
 2.48484e-07
 2.24963e-07
 2.04636e-07
 1.86950e-07
 1.71465e-07
 1.57830e-07
 1.45761e-07
 1.35027e-07
 1.62744e-06
 1.26972e-06
 1.01922e-06
 8.36654e-07
 6.99342e-07
 5.93396e-07
 5.09900e-07
 4.42909e-07
 3.88330e-07
 3.43269e-07
 3.05631e-07
 2.73867e-07
 2.46815e-07
 2.23584e-07
 2.03488e-07
 1.85986e-07
 1.70650e-07
 1.57136e-07
 1.45166e-07
 1.34515e-07
 1.50959e-06
 1.19506e-06
 9.69533e-07
 8.02277e-07
 6.74791e-07
 5.75392e-07
 4.96396e-07
 4.32583e-07
 3.80299e-07
 3.36930e-07
 3.00560e-07
 2.69763e-07
 2.43457e-07
 2.20811e-07
 2.01177e-07
 1.84045e-07
 1.69008e-07
 1.55737e-07
 1.43968e-07
 1.33482e-07
 1.35428e-06
 1.09413e-06
 9.01103e-07
 7.54257e-07
 6.40116e-07
 5.49739e-07
 4.77018e-07
 4.17677e-07
 3.68650e-07
 3.27696e-07
 2.93148e-07
 2.63746e-07
 2.38523e-07
 2.16727e-07
 1.97768e-07
 1.81177e-07
 1.66578e-07
 1.53665e-07
 1.42190e-07
 1.31948e-07
 1.18246e-06
 9.78571e-07
 8.20737e-07
 6.96747e-07
 5.97943e-07
 5.18149e-07
 4.52913e-07
 3.98980e-07
 3.53935e-07
 3.15964e-07
 2.83684e-07
 2.56030e-07
 2.32171e-07
 2.11453e-07
 1.93353e-07
 1.77454e-07
 1.63417e-07
 1.50965e-07
 1.39869e-07
 1.29942e-07
 1.01184e-06
 8.59174e-07
 7.35152e-07
 6.34043e-07
 5.51088e-07
 4.82515e-07
 4.25381e-07
 3.77401e-07
 3.36803e-07
 3.02203e-07
 2.72513e-07
 2.46873e-07
 2.24597e-07
 2.05137e-07
 1.88048e-07
 1.72966e-07
 1.59595e-07
 1.47691e-07
 1.37050e-07
 1.27501e-07
 8.54190e-07
 7.44146e-07
 6.49954e-07
 5.69973e-07
 5.02195e-07
 4.44683e-07
 3.95727e-07
 3.53879e-07
 3.17938e-07
 2.86918e-07
 2.60011e-07
 2.36558e-07
 2.16019e-07
 1.97949e-07
 1.81982e-07
 1.67815e-07
 1.55195e-07
 1.43910e-07
 1.33784e-07
 1.24667e-07
 7.15434e-07
 6.38635e-07
 5.69157e-07
 5.07539e-07
 4.53473e-07
 4.06276e-07
 3.65151e-07
 3.29303e-07
 2.98004e-07
 2.70609e-07
 2.46560e-07
 2.25380e-07
 2.06663e-07
 1.90065e-07
 1.75297e-07
 1.62113e-07
 1.50304e-07
 1.39694e-07
 1.30131e-07
 1.21487e-07
 5.97146e-07
 5.45122e-07
 4.95186e-07
 4.48811e-07
 4.06587e-07
 3.68601e-07
 3.34663e-07
 3.04454e-07
 2.77605e-07
 2.53746e-07
 2.32526e-07
 2.13623e-07
 1.96753e-07
 1.81664e-07
 1.68134e-07
 1.55973e-07
 1.45015e-07
 1.35116e-07
 1.26151e-07
 1.18012e-07
 4.98319e-07
 4.64166e-07
 4.29162e-07
 3.95002e-07
 3.62657e-07
 3.32614e-07
 3.05055e-07
 2.79972e-07
 2.57256e-07
 2.36740e-07
 2.18237e-07
 2.01553e-07
 1.86503e-07
 1.72916e-07
 1.60632e-07
 1.49509e-07
 1.39420e-07
 1.30253e-07
 1.21906e-07
 1.14293e-07
