scalar
part
         1
quad4
 6.59188e-07
 6.02432e-07
 5.47620e-07
 4.96401e-07
 4.49530e-07
 4.07201e-07
 3.69284e-07
 3.35480e-07
 3.05414e-07
 2.78693e-07
 2.54937e-07
 2.33792e-07
 2.14941e-07
 1.98100e-07
 1.83021e-07
 1.69489e-07
 1.57313e-07
 1.46333e-07
 1.36404e-07
 1.27405e-07
 7.74856e-07
 6.94639e-07
 6.20828e-07
 5.54518e-07
 4.95780e-07
 4.44160e-07
 3.98972e-07
 3.59464e-07
 3.24907e-07
 2.94633e-07
 2.68049e-07
 2.44643e-07
 2.23971e-07
 2.05656e-07
 1.89377e-07
 1.74861e-07
 1.61876e-07
 1.50225e-07
 1.39739e-07
 1.30274e-07
 9.10125e-07
 7.98437e-07
 7.00551e-07
 6.16014e-07
 5.43520e-07
 4.81497e-07
 4.28406e-07
 3.82856e-07
 3.43645e-07
 3.09759e-07
 2.80351e-07
 2.54717e-07
 2.32275e-07
 2.12545e-07
 1.95125e-07
 1.79684e-07
 1.65944e-07
 1.53672e-07
 1.42673e-07
 1.32783e-07
 1.06437e-06
 9.11849e-07
 7.84567e-07
 6.78874e-07
 5.91069e-07
 5.17870e-07
 4.56536e-07
 4.04842e-07
 3.61000e-07
 3.23587e-07
 2.91464e-07
 2.63721e-07
 2.39625e-07
 2.18586e-07
 2.00123e-07
 1.83843e-07
 1.69425e-07
 1.56600e-07
 1.45149e-07
 1.34884e-07
 1.23324e-06
 1.03034e-06
 8.69035e-07
 7.40096e-07
 6.36163e-07
 5.51594e-07
 4.82115e-07
 4.24495e-07
 3.76281e-07
 3.35597e-07
 3.00997e-07
 2.71356e-07
 2.45790e-07
 2.23602e-07
 2.04232e-07
 1.87231e-07
 1.72233e-07
 1.58941e-07
 1.47109e-07
 1.36533e-07
 1.40662e-06
 1.14606e-06
 9.48312e-07
 7.95716e-07
 6.76035e-07
 5.80730e-07
 5.03772e-07
 4.40839e-07
 3.88782e-07
 3.45274e-07
 3.08568e-07
 2.77337e-07
 2.50556e-07
 2.27429e-07
 2.07326e-07
 1.89748e-07
 1.74293e-07
 1.60634e-07
 1.48507e-07
 1.37692e-07
 1.56718e-06
 1.24785e-06
 1.01525e-06
 8.41125e-07
 7.07667e-07
 6.03268e-07
 5.20143e-07
 4.52929e-07
 3.97840e-07
 3.52145e-07
 3.13836e-07
 2.81414e-07
 2.53737e-07
 2.29927e-07
 2.09299e-07
 1.91314e-07
 1.75540e-07
 1.61630e-07
 1.49304e-07
 1.38329e-07
 1.69159e-06
 1.32251e-06
 1.06216e-06
 8.71710e-07
 7.28197e-07
 6.17378e-07
 5.30028e-07
 4.59961e-07
 4.02903e-07
 3.55823e-07
 3.16526e-07
 2.83388e-07
 2.55186e-07
 2.30988e-07
 2.10070e-07
 1.91867e-07
 1.75928e-07
 1.61893e-07
 1.49471e-07
 1.38424e-07
 1.75594e-06
 1.35790e-06
 1.08252e-06
 8.83752e-07
 7.35418e-07
 6.21702e-07
 5.32563e-07
 4.61370e-07
 4.03593e-07
 3.56053e-07
 3.16460e-07
 2.83133e-07
 2.54814e-07
 2.30546e-07
 2.09591e-07
 1.91371e-07
 1.75430e-07
 1.61402e-07
 1.48993e-07
 1.37963e-07
 1.74485e-06
 1.34689e-06
 1.07272e-06
 8.75318e-07
 7.28238e-07
 6.15598e-07
 5.27360e-07
 4.56914e-07
 3.99758e-07
 3.52733e-07
 3.13571e-07
 2.80606e-07
 2.52592e-07
 2.28584e-07
 2.07849e-07
 1.89819e-07
 1.74041e-07
 1.60155e-07
 1.47869e-07
 1.36947e-07
 1.65874e-06
 1.29007e-06
 1.03325e-06
 8.46779e-07
 7.06936e-07
 5.99275e-07
 5.14576e-07
 4.46715e-07
 3.91490e-07
 3.45939e-07
 3.07919e-07
 2.75854e-07
 2.48559e-07
 2.25130e-07
 2.04870e-07
 1.87231e-07
 1.71779e-07
 1.58166e-07
 1.46111e-07
 1.35385e-07
 1.51361e-06
 1.19552e-06
 9.68542e-07
 8.00739e-07
 6.73116e-07
 5.73767e-07
 4.94901e-07
 4.31247e-07
 3.79126e-07
 3.35911e-07
 2.99681e-07
 2.69010e-07
 2.42814e-07
 2.20265e-07
 2.00715e-07
 1.83656e-07
 1.68682e-07
 1.55466e-07
 1.43744e-07
 1.33299e-07
 1.33336e-06
 1.07582e-06
 8.85685e-07
 7.41396e-07
 6.29387e-07
 5.40754e-07
 4.69456e-07
 4.11276e-07
 3.63202e-07
 3.23035e-07
 2.89141e-07
 2.60284e-07
 2.35518e-07
 2.14109e-07
 1.95479e-07
 1.79168e-07
 1.64809e-07
 1.52102e-07
 1.40806e-07
 1.30719e-07
 1.14135e-06
 9.44307e-07
 7.92599e-07
 6.73645e-07
 5.78875e-07
 5.02296e-07
 4.39631e-07
 3.87768e-07
 3.44403e-07
 3.07805e-07
 2.76659e-07
 2.49946e-07
 2.26875e-07
 2.06819e-07
 1.89282e-07
 1.73862e-07
 1.60235e-07
 1.48136e-07
 1.37346e-07
 1.27685e-07
 9.55431e-07
 8.12287e-07
 6.96541e-07
 6.02227e-07
 5.24738e-07
 4.60541e-07
 4.06919e-07
 3.61776e-07
 3.23486e-07
 2.90776e-07
 2.62647e-07
 2.38306e-07
 2.17120e-07
 1.98577e-07
 1.82266e-07
 1.67850e-07
 1.55049e-07
 1.43637e-07
 1.33422e-07
 1.24244e-07
 7.86792e-07
 6.87861e-07
 6.03220e-07
 5.31139e-07
 4.69792e-07
 4.17488e-07
 3.72754e-07
 3.34343e-07
 3.01217e-07
 2.72517e-07
 2.47536e-07
 2.25692e-07
 2.06506e-07
 1.89581e-07
 1.74588e-07
 1.61254e-07
 1.49350e-07
 1.38685e-07
 1.29097e-07
 1.20449e-07
 6.40732e-07
 5.75829e-07
 5.16508e-07
 4.63365e-07
 4.16284e-07
 3.74819e-07
 3.38396e-07
 3.06417e-07
 2.78316e-07
 2.53577e-07
 2.31747e-07
 2.12430e-07
 1.95288e-07
 1.80029e-07
 1.66405e-07
 1.54202e-07
 1.43240e-07
 1.33364e-07
 1.24441e-07
 1.16356e-07
 5.18272e-07
 4.78262e-07
 4.38581e-07
 4.00839e-07
 3.65822e-07
 3.33828e-07
 3.04868e-07
 2.78801e-07
 2.55410e-07
 2.34448e-07
 2.15666e-07
 1.98827e-07
 1.83710e-07
 1.70118e-07
 1.57874e-07
 1.46821e-07
 1.36823e-07
 1.27758e-07
 1.19521e-07
 1.12021e-07
 4.17837e-07
 3.95304e-07
 3.70269e-07
 3.44589e-07
 3.19413e-07
 2.95409e-07
 2.72930e-07
 2.52125e-07
 2.33015e-07
 2.15550e-07
 1.99636e-07
 1.85158e-07
 1.71996e-07
 1.60030e-07
 1.49144e-07
 1.39233e-07
 1.30197e-07
 1.21949e-07
 1.14408e-07
 1.07503e-07
 3.36622e-07
 3.25932e-07
 3.11467e-07
 2.94944e-07
 2.77556e-07
 2.60102e-07
 2.43095e-07
 2.26847e-07
 2.11529e-07
 1.97220e-07
 1.83937e-07
 1.71660e-07
 1.60342e-07
 1.49927e-07
 1.40352e-07
 1.31550e-07
 1.23459e-07
 1.16017e-07
 1.09167e-07
 1.02857e-07
