scalar
part
         1
quad4
 5.15120e-07
 4.78477e-07
 4.41414e-07
 4.05545e-07
 3.71775e-07
 3.40538e-07
 3.11972e-07
 2.86037e-07
 2.62596e-07
 2.41461e-07
 2.22426e-07
 2.05284e-07
 1.89838e-07
 1.75906e-07
 1.63322e-07
 1.51937e-07
 1.41618e-07
 1.32248e-07
 1.23723e-07
 1.15950e-07
 6.14379e-07
 5.59602e-07
 5.07446e-07
 4.59264e-07
 4.15557e-07
 3.76343e-07
 3.41380e-07
 3.10312e-07
 2.82738e-07
 2.58264e-07
 2.36520e-07
 2.17168e-07
 1.99911e-07
 1.84488e-07
 1.70668e-07
 1.58255e-07
 1.47076e-07
 1.36983e-07
 1.27848e-07
 1.19558e-07
 7.32671e-07
 6.52947e-07
 5.81162e-07
 5.17696e-07
 4.62129e-07
 4.13703e-07
 3.71561e-07
 3.34866e-07
 3.02858e-07
 2.74865e-07
 2.50308e-07
 2.28696e-07
 2.09608e-07
 1.92693e-07
 1.77649e-07
 1.64226e-07
 1.52210e-07
 1.41417e-07
 1.31695e-07
 1.22910e-07
 8.70845e-07
 7.57870e-07
 6.61396e-07
 5.79599e-07
 5.10358e-07
 4.51653e-07
 4.01716e-07
 3.59055e-07
 3.22437e-07
 2.90848e-07
 2.63462e-07
 2.39603e-07
 2.18717e-07
 2.00350e-07
 1.84128e-07
 1.69739e-07
 1.56927e-07
 1.45475e-07
 1.35202e-07
 1.25955e-07
 1.02721e-06
 8.71846e-07
 7.45703e-07
 6.42898e-07
 5.58573e-07
 4.88884e-07
 4.30833e-07
 3.82098e-07
 3.40872e-07
 3.05747e-07
 2.75616e-07
 2.49604e-07
 2.27013e-07
 2.07283e-07
 1.89962e-07
 1.74680e-07
 1.61136e-07
 1.49081e-07
 1.38308e-07
 1.28644e-07
 1.19587e-06
 9.89755e-07
 8.30090e-07
 7.04603e-07
 6.04573e-07
 5.23777e-07
 4.57719e-07
 4.03108e-07
 3.57502e-07
 3.19064e-07
 2.86393e-07
 2.58410e-07
 2.34272e-07
 2.13316e-07
 1.95014e-07
 1.78940e-07
 1.64751e-07
 1.52168e-07
 1.40957e-07
 1.30930e-07
 1.36528e-06
 1.10351e-06
 9.09016e-07
 7.60919e-07
 6.45737e-07
 5.54502e-07
 4.81077e-07
 4.21156e-07
 3.71650e-07
 3.30299e-07
 2.95419e-07
 2.65739e-07
 2.40280e-07
 2.18284e-07
 1.99155e-07
 1.82418e-07
 1.67692e-07
 1.54669e-07
 1.43098e-07
 1.32772e-07
 1.51812e-06
 1.20249e-06
 9.75847e-07
 8.07597e-07
 6.79274e-07
 5.79184e-07
 4.99621e-07
 4.35342e-07
 3.82676e-07
 3.38989e-07
 3.02356e-07
 2.71337e-07
 2.44845e-07
 2.22042e-07
 2.02273e-07
 1.85026e-07
 1.69889e-07
 1.56532e-07
 1.44687e-07
 1.34135e-07
 1.63378e-06
 1.27521e-06
 1.02384e-06
 8.40525e-07
 7.02588e-07
 5.96131e-07
 5.12221e-07
 4.44892e-07
 3.90037e-07
 3.44749e-07
 3.06922e-07
 2.75000e-07
 2.47815e-07
 2.24472e-07
 2.04280e-07
 1.86696e-07
 1.71289e-07
 1.57713e-07
 1.45690e-07
 1.34992e-07
 1.69353e-06
 1.31183e-06
 1.04750e-06
 8.56458e-07
 7.13682e-07
 6.04074e-07
 5.18041e-07
 4.49243e-07
 3.93347e-07
 3.47305e-07
 3.08922e-07
 2.76584e-07
 2.49082e-07
 2.25496e-07
 2.05115e-07
 1.87381e-07
 1.71856e-07
 1.58185e-07
 1.46086e-07
 1.35325e-07
 1.68655e-06
 1.30686e-06
 1.04384e-06
 8.53678e-07
 7.11523e-07
 6.02362e-07
 5.16662e-07
 4.48116e-07
 3.92413e-07
 3.46523e-07
 3.08261e-07
 2.76021e-07
 2.48598e-07
 2.25077e-07
 2.04749e-07
 1.87061e-07
 1.71573e-07
 1.57935e-07
 1.45863e-07
 1.35125e-07
 1.61373e-06
 1.26081e-06
 1.01316e-06
 8.32373e-07
 6.96231e-07
 5.91081e-07
 5.08142e-07
 4.41552e-07
 3.87268e-07
 3.42428e-07
 3.04958e-07
 2.73324e-07
 2.46372e-07
 2.23222e-07
 2.03190e-07
 1.85740e-07
 1.70445e-07
 1.56966e-07
 1.45025e-07
 1.34396e-07
 1.48731e-06
 1.18000e-06
 9.58949e-07
 7.94598e-07
 6.69071e-07
 5.71034e-07
 4.93012e-07
 4.29912e-07
 3.78161e-07
 3.35196e-07
 2.99139e-07
 2.68587e-07
 2.42475e-07
 2.19985e-07
 2.00478e-07
 1.83449e-07
 1.68497e-07
 1.55297e-07
 1.43587e-07
 1.33150e-07
 1.32673e-06
 1.07476e-06
 8.87087e-07
 7.43849e-07
 6.32212e-07
 5.43618e-07
 4.72198e-07
 4.13824e-07
 3.65529e-07
 3.25139e-07
 2.91031e-07
 2.61976e-07
 2.37031e-07
 2.15460e-07
 1.96685e-07
 1.80246e-07
 1.65772e-07
 1.52964e-07
 1.41577e-07
 1.31410e-07
 1.15263e-06
 9.56755e-07
 8.04459e-07
 6.84367e-07
 5.88359e-07
 5.10610e-07
 4.46896e-07
 3.94115e-07
 3.49956e-07
 3.12674e-07
 2.80938e-07
 2.53718e-07
 2.30210e-07
 2.09776e-07
 1.91911e-07
 1.76206e-07
 1.62331e-07
 1.50015e-07
 1.39035e-07
 1.29206e-07
 9.81919e-07
 8.36449e-07
 7.17676e-07
 6.20425e-07
 5.40338e-07
 4.73920e-07
 4.18428e-07
 3.71715e-07
 3.32105e-07
 2.98286e-07
 2.69218e-07
 2.44080e-07
 2.22214e-07
 2.03089e-07
 1.86276e-07
 1.71426e-07
 1.58249e-07
 1.46509e-07
 1.36006e-07
 1.26577e-07
 8.25553e-07
 7.21621e-07
 6.32128e-07
 5.55750e-07
 4.90744e-07
 4.35378e-07
 3.88096e-07
 3.47565e-07
 3.12669e-07
 2.82485e-07
 2.56255e-07
 2.33353e-07
 2.13266e-07
 1.95571e-07
 1.79916e-07
 1.66010e-07
 1.53611e-07
 1.42514e-07
 1.32548e-07
 1.23568e-07
 6.88786e-07
 6.17019e-07
 5.51594e-07
 4.93210e-07
 4.41716e-07
 3.96567e-07
 3.57078e-07
 3.22544e-07
 2.92306e-07
 2.65774e-07
 2.42431e-07
 2.21832e-07
 2.03597e-07
 1.87402e-07
 1.72972e-07
 1.60073e-07
 1.48506e-07
 1.38103e-07
 1.28718e-07
 1.20227e-07
 5.72763e-07
 5.24808e-07
 4.78287e-07
 4.34736e-07
 3.94831e-07
 3.58741e-07
 3.26354e-07
 2.97415e-07
 2.71611e-07
 2.48614e-07
 2.28109e-07
 2.09802e-07
 1.93431e-07
 1.78762e-07
 1.65588e-07
 1.53729e-07
 1.43030e-07
 1.33352e-07
 1.24579e-07
 1.16606e-07
 4.76221e-07
 4.45329e-07
 4.13162e-07
 3.81425e-07
 3.51127e-07
 3.22802e-07
 2.96679e-07
 2.72796e-07
 2.51084e-07
 2.31409e-07
 2.13612e-07
 1.97524e-07
 1.82979e-07
 1.69820e-07
 1.57902e-07
 1.47092e-07
 1.37273e-07
 1.28339e-07
 1.20194e-07
 1.12756e-07
