scalar
part
         1
quad4
 4.28257e-07
 4.04572e-07
 3.78657e-07
 3.52248e-07
 3.26439e-07
 3.01870e-07
 2.78880e-07
 2.57609e-07
 2.38074e-07
 2.20218e-07
 2.03946e-07
 1.89140e-07
 1.75677e-07
 1.63435e-07
 1.52297e-07
 1.42154e-07
 1.32906e-07
 1.24464e-07
 1.16745e-07
 1.09676e-07
 5.19975e-07
 4.80988e-07
 4.41972e-07
 4.04612e-07
 3.69775e-07
 3.37818e-07
 3.08801e-07
 2.82615e-07
 2.59067e-07
 2.37926e-07
 2.18954e-07
 2.01922e-07
 1.86616e-07
 1.72839e-07
 1.60418e-07
 1.49199e-07
 1.39043e-07
 1.29831e-07
 1.21457e-07
 1.13829e-07
 6.31281e-07
 5.70573e-07
 5.14026e-07
 4.62705e-07
 4.16810e-07
 3.76106e-07
 3.40154e-07
 3.08451e-07
 2.80492e-07
 2.55805e-07
 2.33967e-07
 2.14603e-07
 1.97389e-07
 1.82042e-07
 1.68321e-07
 1.56019e-07
 1.44957e-07
 1.34983e-07
 1.25964e-07
 1.17788e-07
 7.64026e-07
 6.73477e-07
 5.94236e-07
 5.25692e-07
 4.66689e-07
 4.15951e-07
 3.72264e-07
 3.34550e-07
 3.01881e-07
 2.73474e-07
 2.48672e-07
 2.26929e-07
 2.07790e-07
 1.90874e-07
 1.75866e-07
 1.62501e-07
 1.50555e-07
 1.39842e-07
 1.30201e-07
 1.21500e-07
 9.18043e-07
 7.88241e-07
 6.80858e-07
 5.91942e-07
 5.18019e-07
 4.56215e-07
 4.04219e-07
 3.60189e-07
 3.22664e-07
 2.90481e-07
 2.62712e-07
 2.38616e-07
 2.17592e-07
 1.99155e-07
 1.82908e-07
 1.68526e-07
 1.55741e-07
 1.44329e-07
 1.34104e-07
 1.24910e-07
 1.08953e-06
 9.11012e-07
 7.70636e-07
 6.58884e-07
 5.68825e-07
 4.95400e-07
 4.34884e-07
 3.84508e-07
 3.42184e-07
 3.06322e-07
 2.75700e-07
 2.49362e-07
 2.26560e-07
 2.06697e-07
 1.89298e-07
 1.73976e-07
 1.60418e-07
 1.48367e-07
 1.37609e-07
 1.27967e-07
 1.26940e-06
 1.03495e-06
 8.58640e-07
 7.23005e-07
 6.16603e-07
 5.31707e-07
 4.62958e-07
 4.06553e-07
 3.59735e-07
 3.20471e-07
 2.87234e-07
 2.58862e-07
 2.34456e-07
 2.13318e-07
 1.94892e-07
 1.78736e-07
 1.64496e-07
 1.51881e-07
 1.40655e-07
 1.30622e-07
 1.44248e-06
 1.15027e-06
 9.38487e-07
 7.80074e-07
 6.58498e-07
 5.63174e-07
 4.87066e-07
 4.25346e-07
 3.74612e-07
 3.32408e-07
 2.96930e-07
 2.66824e-07
 2.41060e-07
 2.18845e-07
 1.99555e-07
 1.82701e-07
 1.67890e-07
 1.54806e-07
 1.43190e-07
 1.32831e-07
 1.58870e-06
 1.24524e-06
 1.00306e-06
 8.25622e-07
 6.91617e-07
 5.87878e-07
 5.05898e-07
 4.39976e-07
 3.86165e-07
 3.41665e-07
 3.04443e-07
 2.72993e-07
 2.46178e-07
 2.23130e-07
 2.03174e-07
 1.85782e-07
 1.70531e-07
 1.57084e-07
 1.45167e-07
 1.34556e-07
 1.68693e-06
 1.30832e-06
 1.04570e-06
 8.55630e-07
 7.13436e-07
 6.04179e-07
 5.18360e-07
 4.49690e-07
 3.93868e-07
 3.47865e-07
 3.09499e-07
 2.77164e-07
 2.49656e-07
 2.26057e-07
 2.05659e-07
 1.87907e-07
 1.72362e-07
 1.58671e-07
 1.46552e-07
 1.35771e-07
 1.72075e-06
 1.33098e-06
 1.06165e-06
 8.67292e-07
 7.22224e-07
 6.10967e-07
 5.23713e-07
 4.53988e-07
 3.97370e-07
 3.50757e-07
 3.11915e-07
 2.79203e-07
 2.51393e-07
 2.27548e-07
 2.06949e-07
 1.89031e-07
 1.73346e-07
 1.59539e-07
 1.47320e-07
 1.36455e-07
 1.68427e-06
 1.31021e-06
 1.04923e-06
 8.59608e-07
 7.17356e-07
 6.07836e-07
 5.21686e-07
 4.52679e-07
 3.96537e-07
 3.50244e-07
 3.11619e-07
 2.79056e-07
 2.51347e-07
 2.27572e-07
 2.07020e-07
 1.89133e-07
 1.73469e-07
 1.59674e-07
 1.47462e-07
 1.36599e-07
 1.58490e-06
 1.24959e-06
 1.01032e-06
 8.33623e-07
 6.99438e-07
 5.95152e-07
 5.12506e-07
 4.45908e-07
 3.91463e-07
 3.46388e-07
 3.08653e-07
 2.76750e-07
 2.49538e-07
 2.26141e-07
 2.05880e-07
 1.88220e-07
 1.72733e-07
 1.59079e-07
 1.46978e-07
 1.36206e-07
 1.44059e-06
 1.15820e-06
 9.49862e-07
 7.92181e-07
 6.70185e-07
 5.73985e-07
 4.96864e-07
 4.34135e-07
 3.82460e-07
 3.39405e-07
 3.03170e-07
 2.72396e-07
 2.46046e-07
 2.23315e-07
 2.03575e-07
 1.86325e-07
 1.71165e-07
 1.57774e-07
 1.45886e-07
 1.35287e-07
 1.27325e-06
 1.04789e-06
 8.74600e-07
 7.39302e-07
 6.32086e-07
 5.45931e-07
 4.75809e-07
 4.18069e-07
 3.70017e-07
 3.29641e-07
 2.95417e-07
 2.66174e-07
 2.41004e-07
 2.19194e-07
 2.00179e-07
 1.83506e-07
 1.68810e-07
 1.55794e-07
 1.44212e-07
 1.33864e-07
 1.10226e-06
 9.30182e-07
 7.91560e-07
 6.79390e-07
 5.87976e-07
 5.12861e-07
 4.50609e-07
 3.98582e-07
 3.54748e-07
 3.17534e-07
 2.85713e-07
 2.58318e-07
 2.34588e-07
 2.13910e-07
 1.95795e-07
 1.79843e-07
 1.65729e-07
 1.53187e-07
 1.41994e-07
 1.31967e-07
 9.41071e-07
 8.14215e-07
 7.06846e-07
 6.16534e-07
 5.40626e-07
 4.76679e-07
 4.22590e-07
 3.76616e-07
 3.37331e-07
 3.03579e-07
 2.74422e-07
 2.49103e-07
 2.27004e-07
 2.07622e-07
 1.90543e-07
 1.75429e-07
 1.61996e-07
 1.50012e-07
 1.39280e-07
 1.29635e-07
 7.96970e-07
 7.06018e-07
 6.25012e-07
 5.54058e-07
 4.92437e-07
 4.39119e-07
 3.93012e-07
 3.53092e-07
 3.18445e-07
 2.88281e-07
 2.61928e-07
 2.38818e-07
 2.18475e-07
 2.00500e-07
 1.84559e-07
 1.70370e-07
 1.57696e-07
 1.46337e-07
 1.36124e-07
 1.26912e-07
 6.72511e-07
 6.08781e-07
 5.48974e-07
 4.94356e-07
 4.45286e-07
 4.01621e-07
 3.62972e-07
 3.28844e-07
 2.98726e-07
 2.72128e-07
 2.48603e-07
 2.27752e-07
 2.09227e-07
 1.92725e-07
 1.77984e-07
 1.64779e-07
 1.52918e-07
 1.42234e-07
 1.32584e-07
 1.23845e-07
 5.67326e-07
 5.23590e-07
 4.80249e-07
 4.38932e-07
 4.00492e-07
 3.65284e-07
 3.33355e-07
 3.04578e-07
 2.78733e-07
 2.55561e-07
 2.34797e-07
 2.16184e-07
 1.99480e-07
 1.84470e-07
 1.70957e-07
 1.58770e-07
 1.47755e-07
 1.37778e-07
 1.28722e-07
 1.20485e-07
