scalar
part
         1
quad4
 5.59750e-07
 5.16597e-07
 4.73757e-07
 4.32895e-07
 3.94881e-07
 3.60075e-07
 3.28527e-07
 3.00108e-07
 2.74598e-07
 2.51738e-07
 2.31263e-07
 2.12914e-07
 1.96454e-07
 1.81666e-07
 1.68357e-07
 1.56355e-07
 1.45509e-07
 1.35687e-07
 1.26773e-07
 1.18664e-07
 6.64853e-07
 6.01619e-07
 5.42263e-07
 4.88083e-07
 4.39443e-07
 3.96200e-07
 3.57957e-07
 3.24214e-07
 2.94457e-07
 2.68195e-07
 2.44978e-07
 2.24411e-07
 2.06144e-07
 1.89877e-07
 1.75349e-07
 1.62339e-07
 1.50655e-07
 1.40131e-07
 1.30627e-07
 1.22021e-07
 7.89349e-07
 6.98711e-07
 6.18065e-07
 5.47519e-07
 4.86337e-07
 4.33465e-07
 3.87797e-07
 3.48295e-07
 3.14041e-07
 2.84239e-07
 2.58218e-07
 2.35410e-07
 2.15342e-07
 1.97615e-07
 1.81899e-07
 1.67912e-07
 1.55421e-07
 1.44228e-07
 1.34165e-07
 1.25089e-07
 9.33542e-07
 8.06714e-07
 6.99588e-07
 6.09663e-07
 5.34218e-07
 4.70760e-07
 4.17157e-07
 3.71645e-07
 3.32790e-07
 2.99432e-07
 2.70634e-07
 2.45638e-07
 2.23830e-07
 2.04709e-07
 1.87865e-07
 1.72961e-07
 1.59718e-07
 1.47904e-07
 1.37326e-07
 1.27820e-07
 1.09467e-06
 9.22291e-07
 7.83829e-07
 6.72073e-07
 5.81188e-07
 5.06636e-07
 4.44937e-07
 3.93430e-07
 3.50074e-07
 3.13291e-07
 2.81856e-07
 2.54807e-07
 2.31384e-07
 2.10980e-07
 1.93109e-07
 1.77375e-07
 1.63456e-07
 1.51088e-07
 1.40052e-07
 1.30166e-07
 1.26506e-06
 1.03919e-06
 8.66124e-07
 7.31375e-07
 6.24827e-07
 5.39355e-07
 4.69882e-07
 4.12735e-07
 3.65215e-07
 3.25312e-07
 2.91505e-07
 2.62629e-07
 2.37784e-07
 2.16260e-07
 1.97498e-07
 1.81049e-07
 1.66552e-07
 1.53713e-07
 1.42290e-07
 1.32083e-07
 1.43064e-06
 1.14803e-06
 9.40277e-07
 7.83456e-07
 6.62367e-07
 5.67024e-07
 4.90675e-07
 4.28628e-07
 3.77547e-07
 3.35009e-07
 2.99222e-07
 2.68837e-07
 2.42826e-07
 2.20392e-07
 2.00912e-07
 1.83890e-07
 1.68933e-07
 1.55720e-07
 1.43992e-07
 1.33535e-07
 1.57153e-06
 1.23715e-06
 9.99262e-07
 8.23945e-07
 6.91007e-07
 5.87801e-07
 5.06074e-07
 4.40255e-07
 3.86468e-07
 3.41953e-07
 3.04695e-07
 2.73200e-07
 2.46339e-07
 2.23247e-07
 2.03251e-07
 1.85821e-07
 1.70538e-07
 1.57062e-07
 1.45121e-07
 1.34490e-07
 1.66589e-06
 1.29491e-06
 1.03649e-06
 8.48936e-07
 7.08335e-07
 6.00141e-07
 5.15061e-07
 4.46926e-07
 3.91503e-07
 3.45807e-07
 3.07682e-07
 2.75541e-07
 2.48192e-07
 2.24726e-07
 2.04440e-07
 1.86785e-07
 1.71323e-07
 1.57705e-07
 1.45650e-07
 1.34927e-07
 1.69691e-06
 1.31282e-06
 1.04736e-06
 8.55772e-07
 7.12747e-07
 6.03039e-07
 5.16986e-07
 4.48210e-07
 3.92357e-07
 3.46367e-07
 3.08039e-07
 2.75757e-07
 2.48308e-07
 2.24773e-07
 2.04438e-07
 1.86748e-07
 1.71263e-07
 1.57630e-07
 1.45564e-07
 1.34834e-07
 1.65905e-06
 1.28814e-06
 1.03040e-06
 8.43624e-07
 7.03752e-07
 5.96196e-07
 5.11660e-07
 4.43985e-07
 3.88948e-07
 3.43577e-07
 3.05728e-07
 2.73820e-07
 2.46670e-07
 2.23374e-07
 2.03235e-07
 1.85706e-07
 1.70354e-07
 1.56832e-07
 1.44860e-07
 1.34210e-07
 1.55969e-06
 1.22457e-06
 9.87623e-07
 8.13658e-07
 6.82064e-07
 5.80065e-07
 4.99383e-07
 4.34454e-07
 3.81421e-07
 3.37542e-07
 3.00824e-07
 2.69789e-07
 2.43320e-07
 2.20564e-07
 2.00857e-07
 1.83677e-07
 1.68611e-07
 1.55325e-07
 1.43549e-07
 1.33063e-07
 1.41554e-06
 1.13084e-06
 9.23892e-07
 7.68740e-07
 6.49446e-07
 5.55776e-07
 4.80901e-07
 4.20125e-07
 3.70128e-07
 3.28512e-07
 2.93511e-07
 2.63796e-07
 2.38359e-07
 2.16417e-07
 1.97362e-07
 1.80708e-07
 1.66071e-07
 1.53137e-07
 1.41654e-07
 1.31412e-07
 1.24687e-06
 1.01812e-06
 8.45715e-07
 7.12819e-07
 6.08389e-07
 5.24947e-07
 4.57297e-07
 4.01740e-07
 3.55590e-07
 3.16860e-07
 2.84058e-07
 2.56043e-07
 2.31937e-07
 2.11050e-07
 1.92839e-07
 1.76868e-07
 1.62788e-07
 1.50313e-07
 1.39209e-07
 1.29284e-07
 1.07240e-06
 8.97537e-07
 7.59908e-07
 6.50210e-07
 5.61698e-07
 4.89453e-07
 4.29852e-07
 3.80194e-07
 3.38443e-07
 3.03046e-07
 2.72804e-07
 2.46782e-07
 2.24245e-07
 2.04608e-07
 1.87401e-07
 1.72245e-07
 1.58831e-07
 1.46906e-07
 1.36259e-07
 1.26716e-07
 9.06185e-07
 7.78266e-07
 6.72520e-07
 5.84954e-07
 5.12119e-07
 4.51190e-07
 3.99897e-07
 3.56436e-07
 3.19375e-07
 2.87575e-07
 2.60126e-07
 2.36297e-07
 2.15500e-07
 1.97257e-07
 1.81178e-07
 1.66941e-07
 1.54283e-07
 1.42983e-07
 1.32857e-07
 1.23751e-07
 7.56681e-07
 6.66711e-07
 5.88204e-07
 5.20390e-07
 4.62048e-07
 4.11885e-07
 3.68689e-07
 3.31390e-07
 2.99072e-07
 2.70962e-07
 2.46413e-07
 2.24886e-07
 2.05933e-07
 1.89179e-07
 1.74311e-07
 1.61069e-07
 1.49232e-07
 1.38615e-07
 1.29060e-07
 1.20435e-07
 6.27474e-07
 5.66507e-07
 5.10043e-07
 4.58965e-07
 4.13372e-07
 3.72978e-07
 3.37322e-07
 3.05887e-07
 2.78168e-07
 2.53694e-07
 2.32043e-07
 2.12843e-07
 1.95773e-07
 1.80554e-07
 1.66946e-07
 1.54745e-07
 1.43772e-07
 1.33878e-07
 1.24932e-07
 1.16821e-07
 5.18774e-07
 4.79058e-07
 4.39704e-07
 4.02238e-07
 3.67426e-07
 3.35564e-07
 3.06674e-07
 2.80628e-07
 2.57218e-07
 2.36210e-07
 2.17363e-07
 2.00445e-07
 1.85242e-07
 1.71560e-07
 1.59225e-07
 1.48083e-07
 1.37998e-07
 1.28850e-07
 1.20535e-07
 1.12961e-07
 4.28889e-07
 4.04255e-07
 3.77759e-07
 3.51016e-07
 3.25035e-07
 3.00397e-07
 2.77400e-07
 2.56159e-07
 2.36675e-07
 2.18882e-07
 2.02676e-07
 1.87938e-07
 1.74541e-07
 1.62362e-07
 1.51283e-07
 1.41196e-07
 1.32001e-07
 1.23607e-07
 1.15933e-07
 1.08907e-07
