scalar
part
         1
quad4
 6.10844e-07
 5.59938e-07
 5.10403e-07
 4.63842e-07
 4.21029e-07
 3.82205e-07
 3.47303e-07
 3.16086e-07
 2.88241e-07
 2.63430e-07
 2.41318e-07
 2.21594e-07
 2.03973e-07
 1.88203e-07
 1.74059e-07
 1.61346e-07
 1.49891e-07
 1.39545e-07
 1.30179e-07
 1.21680e-07
 7.19842e-07
 6.47237e-07
 5.80046e-07
 5.19397e-07
 4.65455e-07
 4.17877e-07
 3.76093e-07
 3.39454e-07
 3.07322e-07
 2.79103e-07
 2.54270e-07
 2.32359e-07
 2.12972e-07
 1.95766e-07
 1.80449e-07
 1.66770e-07
 1.54518e-07
 1.43509e-07
 1.33591e-07
 1.24628e-07
 8.47700e-07
 7.45871e-07
 6.56215e-07
 5.78476e-07
 5.11569e-07
 4.54140e-07
 4.04834e-07
 3.62417e-07
 3.25812e-07
 2.94107e-07
 2.66533e-07
 2.42453e-07
 2.21335e-07
 2.02739e-07
 1.86296e-07
 1.71701e-07
 1.58697e-07
 1.47070e-07
 1.36637e-07
 1.27246e-07
 9.94056e-07
 8.54152e-07
 7.36943e-07
 6.39264e-07
 5.57845e-07
 4.89762e-07
 4.32555e-07
 3.84215e-07
 3.43123e-07
 3.07982e-07
 2.77751e-07
 2.51596e-07
 2.28844e-07
 2.08947e-07
 1.91463e-07
 1.76028e-07
 1.62341e-07
 1.50155e-07
 1.39262e-07
 1.29489e-07
 1.15514e-06
 9.68035e-07
 8.18757e-07
 6.99019e-07
 6.02194e-07
 5.23178e-07
 4.58089e-07
 4.03978e-07
 3.58602e-07
 3.20236e-07
 2.87549e-07
 2.59502e-07
 2.35275e-07
 2.14220e-07
 1.95816e-07
 1.79645e-07
 1.65364e-07
 1.52696e-07
 1.41408e-07
 1.31311e-07
 1.32185e-06
 1.08041e-06
 8.96488e-07
 7.54082e-07
 6.42043e-07
 5.52572e-07
 4.80142e-07
 4.20777e-07
 3.71572e-07
 3.30372e-07
 2.95558e-07
 2.65891e-07
 2.40419e-07
 2.18394e-07
 1.99229e-07
 1.82454e-07
 1.67690e-07
 1.54633e-07
 1.43030e-07
 1.32674e-07
 1.47846e-06
 1.18100e-06
 9.63511e-07
 8.00143e-07
 6.74544e-07
 5.76029e-07
 4.97405e-07
 4.33698e-07
 3.81387e-07
 3.37926e-07
 3.01438e-07
 2.70516e-07
 2.44089e-07
 2.21330e-07
 2.01594e-07
 1.84372e-07
 1.69254e-07
 1.55914e-07
 1.44085e-07
 1.33546e-07
 1.60349e-06
 1.25757e-06
 1.01261e-06
 8.32816e-07
 6.96947e-07
 5.91775e-07
 5.08702e-07
 4.41945e-07
 3.87497e-07
 3.42509e-07
 3.04912e-07
 2.73172e-07
 2.46135e-07
 2.22915e-07
 2.02828e-07
 1.85334e-07
 1.70007e-07
 1.56502e-07
 1.44543e-07
 1.33903e-07
 1.67463e-06
 1.29858e-06
 1.03747e-06
 8.48451e-07
 7.07052e-07
 5.98434e-07
 5.13148e-07
 4.44933e-07
 3.89505e-07
 3.43847e-07
 3.05787e-07
 2.73723e-07
 2.46457e-07
 2.23076e-07
 2.02874e-07
 1.85300e-07
 1.69916e-07
 1.56373e-07
 1.44387e-07
 1.33730e-07
 1.67669e-06
 1.29676e-06
 1.03431e-06
 8.44959e-07
 7.03646e-07
 5.95274e-07
 5.10284e-07
 4.42367e-07
 3.87217e-07
 3.41811e-07
 3.03973e-07
 2.72106e-07
 2.45012e-07
 2.21782e-07
 2.01712e-07
 1.84254e-07
 1.68971e-07
 1.55517e-07
 1.43610e-07
 1.33023e-07
 1.60832e-06
 1.25166e-06
 1.00299e-06
 8.22328e-07
 6.86759e-07
 5.82339e-07
 5.00157e-07
 4.34289e-07
 3.80671e-07
 3.36432e-07
 2.99500e-07
 2.68345e-07
 2.41820e-07
 2.19050e-07
 1.99356e-07
 1.82207e-07
 1.67182e-07
 1.53944e-07
 1.42220e-07
 1.31788e-07
 1.48222e-06
 1.16971e-06
 9.47058e-07
 7.82627e-07
 6.57668e-07
 5.60450e-07
 4.83313e-07
 4.21076e-07
 3.70131e-07
 3.27902e-07
 2.92506e-07
 2.62546e-07
 2.36962e-07
 2.14942e-07
 1.95853e-07
 1.79198e-07
 1.64579e-07
 1.51678e-07
 1.40236e-07
 1.30041e-07
 1.31913e-06
 1.06184e-06
 8.72646e-07
 7.29499e-07
 6.18633e-07
 5.31062e-07
 4.60721e-07
 4.03390e-07
 3.56063e-07
 3.16553e-07
 2.83236e-07
 2.54888e-07
 2.30572e-07
 2.09561e-07
 1.91285e-07
 1.75290e-07
 1.61213e-07
 1.48760e-07
 1.37692e-07
 1.27811e-07
 1.14055e-06
 9.40230e-07
 7.86968e-07
 6.67386e-07
 5.72483e-07
 4.96036e-07
 4.33636e-07
 3.82099e-07
 3.39080e-07
 3.02828e-07
 2.72014e-07
 2.45614e-07
 2.22835e-07
 2.03049e-07
 1.85760e-07
 1.70568e-07
 1.57150e-07
 1.45243e-07
 1.34629e-07
 1.25130e-07
 9.63990e-07
 8.15747e-07
 6.96911e-07
 6.00745e-07
 5.22173e-07
 4.57370e-07
 4.03441e-07
 3.58177e-07
 3.19881e-07
 2.87237e-07
 2.59216e-07
 2.35007e-07
 2.13964e-07
 1.95570e-07
 1.79407e-07
 1.65134e-07
 1.52472e-07
 1.41192e-07
 1.31101e-07
 1.22042e-07
 8.01211e-07
 6.96590e-07
 6.08117e-07
 5.33470e-07
 4.70411e-07
 4.16973e-07
 3.71496e-07
 3.32608e-07
 2.99186e-07
 2.70313e-07
 2.45245e-07
 2.23372e-07
 2.04196e-07
 1.87307e-07
 1.72369e-07
 1.59100e-07
 1.47268e-07
 1.36678e-07
 1.27167e-07
 1.18595e-07
 6.58389e-07
 5.87938e-07
 5.24601e-07
 4.68573e-07
 4.19431e-07
 3.76496e-07
 3.39027e-07
 3.06307e-07
 2.77684e-07
 2.52580e-07
 2.30501e-07
 2.11018e-07
 1.93770e-07
 1.78449e-07
 1.64795e-07
 1.52586e-07
 1.41635e-07
 1.31781e-07
 1.22889e-07
 1.14840e-07
 5.37371e-07
 4.92316e-07
 4.48770e-07
 4.08102e-07
 3.70886e-07
 3.37244e-07
 3.07052e-07
 2.80065e-07
 2.55989e-07
 2.34517e-07
 2.15358e-07
 1.98240e-07
 1.82920e-07
 1.69182e-07
 1.56835e-07
 1.45713e-07
 1.35670e-07
 1.26580e-07
 1.18333e-07
 1.10832e-07
 4.37227e-07
 4.10279e-07
 3.81705e-07
 3.53227e-07
 3.25860e-07
 3.00151e-07
 2.76349e-07
 2.54518e-07
 2.34616e-07
 2.16538e-07
 2.00150e-07
 1.85307e-07
 1.71864e-07
 1.59682e-07
 1.48633e-07
 1.38597e-07
 1.29469e-07
 1.21153e-07
 1.13564e-07
 1.06626e-07
 3.55605e-07
 3.41137e-07
 3.23525e-07
 3.04423e-07
 2.84945e-07
 2.65811e-07
 2.47461e-07
 2.30141e-07
 2.13969e-07
 1.98981e-07
 1.85159e-07
 1.72452e-07
 1.60794e-07
 1.50108e-07
 1.40319e-07
 1.31348e-07
 1.23124e-07
 1.15578e-07
 1.08647e-07
 1.02274e-07
