scalar
part
         1
quad4
 3.40460e-07
 3.29527e-07
 3.14778e-07
 2.97959e-07
 2.80282e-07
 2.62557e-07
 2.45303e-07
 2.28833e-07
 2.13317e-07
 1.98833e-07
 1.85396e-07
 1.72981e-07
 1.61543e-07
 1.51022e-07
 1.41352e-07
 1.32467e-07
 1.24302e-07
 1.16794e-07
 1.09885e-07
 1.03522e-07
 4.22562e-07
 3.99616e-07
 3.74147e-07
 3.48047e-07
 3.22483e-07
 2.98132e-07
 2.75346e-07
 2.54272e-07
 2.34929e-07
 2.17262e-07
 2.01172e-07
 1.86541e-07
 1.73247e-07
 1.61164e-07
 1.50177e-07
 1.40176e-07
 1.31061e-07
 1.22743e-07
 1.15140e-07
 1.08179e-07
 5.24100e-07
 4.83421e-07
 4.43099e-07
 4.04776e-07
 3.69251e-07
 3.36819e-07
 3.07486e-07
 2.81101e-07
 2.57440e-07
 2.36249e-07
 2.17271e-07
 2.00264e-07
 1.85003e-07
 1.71285e-07
 1.58932e-07
 1.47785e-07
 1.37703e-07
 1.28565e-07
 1.20264e-07
 1.12706e-07
 6.47900e-07
 5.81954e-07
 5.21718e-07
 4.67797e-07
 4.20067e-07
 3.78066e-07
 3.41200e-07
 3.08854e-07
 2.80447e-07
 2.55453e-07
 2.33408e-07
 2.13910e-07
 1.96613e-07
 1.81221e-07
 1.67482e-07
 1.55181e-07
 1.44132e-07
 1.34180e-07
 1.25190e-07
 1.17046e-07
 7.95512e-07
 6.95030e-07
 6.09132e-07
 5.36046e-07
 4.73900e-07
 4.20959e-07
 3.75714e-07
 3.36890e-07
 3.03427e-07
 2.74449e-07
 2.49238e-07
 2.27201e-07
 2.07852e-07
 1.90788e-07
 1.75677e-07
 1.62240e-07
 1.50248e-07
 1.39506e-07
 1.29850e-07
 1.21142e-07
 9.65807e-07
 8.20479e-07
 7.03090e-07
 6.07536e-07
 5.29104e-07
 4.64179e-07
 4.09989e-07
 3.64395e-07
 3.25743e-07
 2.92739e-07
 2.64369e-07
 2.39828e-07
 2.18474e-07
 1.99790e-07
 1.83358e-07
 1.68837e-07
 1.55947e-07
 1.44456e-07
 1.34173e-07
 1.24935e-07
 1.15324e-06
 9.53336e-07
 7.99617e-07
 6.79222e-07
 5.83392e-07
 5.06020e-07
 4.42748e-07
 3.90412e-07
 3.46671e-07
 3.09772e-07
 2.78379e-07
 2.51464e-07
 2.28223e-07
 2.08025e-07
 1.90366e-07
 1.74842e-07
 1.61126e-07
 1.48949e-07
 1.38091e-07
 1.28370e-07
 1.34623e-06
 1.08529e-06
 8.92886e-07
 7.47037e-07
 6.33914e-07
 5.44463e-07
 4.72546e-07
 4.13890e-07
 3.65441e-07
 3.24974e-07
 2.90835e-07
 2.61778e-07
 2.36845e-07
 2.15296e-07
 1.96546e-07
 1.80133e-07
 1.65686e-07
 1.52903e-07
 1.41540e-07
 1.31394e-07
 1.52645e-06
 1.20480e-06
 9.75539e-07
 8.06195e-07
 6.77487e-07
 5.77345e-07
 4.97885e-07
 4.33773e-07
 3.81292e-07
 3.37789e-07
 3.01326e-07
 2.70462e-07
 2.44106e-07
 2.21421e-07
 2.01757e-07
 1.84599e-07
 1.69540e-07
 1.56250e-07
 1.44463e-07
 1.33961e-07
 1.67026e-06
 1.29845e-06
 1.03962e-06
 8.51791e-07
 7.10982e-07
 6.02611e-07
 5.17375e-07
 4.49098e-07
 3.93544e-07
 3.47726e-07
 3.09490e-07
 2.77245e-07
 2.49800e-07
 2.26245e-07
 2.05877e-07
 1.88144e-07
 1.72611e-07
 1.58927e-07
 1.46811e-07
 1.36030e-07
 1.75387e-06
 1.35375e-06
 1.07811e-06
 8.79665e-07
 7.31818e-07
 6.18596e-07
 5.29907e-07
 4.59106e-07
 4.01663e-07
 3.54404e-07
 3.15048e-07
 2.81922e-07
 2.53771e-07
 2.29646e-07
 2.08812e-07
 1.90695e-07
 1.74842e-07
 1.60890e-07
 1.48546e-07
 1.37572e-07
 1.76191e-06
 1.36291e-06
 1.08672e-06
 8.87300e-07
 7.38439e-07
 6.24297e-07
 5.34812e-07
 4.63335e-07
 4.05323e-07
 3.57586e-07
 3.17827e-07
 2.84360e-07
 2.55920e-07
 2.31549e-07
 2.10503e-07
 1.92205e-07
 1.76195e-07
 1.62106e-07
 1.49643e-07
 1.38565e-07
 1.69472e-06
 1.32570e-06
 1.06516e-06
 8.74425e-07
 7.30626e-07
 6.19541e-07
 5.31954e-07
 4.61679e-07
 4.04441e-07
 3.57205e-07
 3.17773e-07
 2.84516e-07
 2.56212e-07
 2.31923e-07
 2.10927e-07
 1.92653e-07
 1.76652e-07
 1.62562e-07
 1.50091e-07
 1.39000e-07
 1.56817e-06
 1.24954e-06
 1.01717e-06
 8.43069e-07
 7.09528e-07
 6.05005e-07
 5.21744e-07
 4.54396e-07
 3.99180e-07
 3.53369e-07
 3.14956e-07
 2.82439e-07
 2.54677e-07
 2.30791e-07
 2.10096e-07
 1.92050e-07
 1.76221e-07
 1.62263e-07
 1.49892e-07
 1.38878e-07
 1.40628e-06
 1.14667e-06
 9.49393e-07
 7.97007e-07
 6.77392e-07
 5.82076e-07
 5.05067e-07
 4.42063e-07
 3.89928e-07
 3.46341e-07
 3.09560e-07
 2.78257e-07
 2.51409e-07
 2.28221e-07
 2.08062e-07
 1.90432e-07
 1.74930e-07
 1.61228e-07
 1.49062e-07
 1.38212e-07
 1.23223e-06
 1.03026e-06
 8.69506e-07
 7.40876e-07
 6.37102e-07
 5.52600e-07
 4.83134e-07
 4.25496e-07
 3.77245e-07
 3.36514e-07
 3.01864e-07
 2.72172e-07
 2.46556e-07
 2.24320e-07
 2.04905e-07
 1.87861e-07
 1.72824e-07
 1.59496e-07
 1.47630e-07
 1.37023e-07
 1.06309e-06
 9.11383e-07
 7.84636e-07
 6.79281e-07
 5.91680e-07
 5.18596e-07
 4.57319e-07
 4.05644e-07
 3.61797e-07
 3.24364e-07
 2.92213e-07
 2.64437e-07
 2.40307e-07
 2.19232e-07
 2.00734e-07
 1.84421e-07
 1.69970e-07
 1.57115e-07
 1.45635e-07
 1.35343e-07
 9.08823e-07
 7.97790e-07
 7.00374e-07
 6.16163e-07
 5.43885e-07
 4.82001e-07
 4.28993e-07
 3.83487e-07
 3.44296e-07
 3.10411e-07
 2.80992e-07
 2.55341e-07
 2.32877e-07
 2.13122e-07
 1.95677e-07
 1.80210e-07
 1.66444e-07
 1.54147e-07
 1.43125e-07
 1.33211e-07
 7.73640e-07
 6.93934e-07
 6.20517e-07
 5.54498e-07
 4.95969e-07
 4.44493e-07
 3.99400e-07
 3.59953e-07
 3.25430e-07
 2.95173e-07
 2.68593e-07
 2.45181e-07
 2.24498e-07
 2.06168e-07
 1.89871e-07
 1.75337e-07
 1.62332e-07
 1.50662e-07
 1.40156e-07
 1.30672e-07
 6.58100e-07
 6.01736e-07
 5.47245e-07
 4.96277e-07
 4.49595e-07
 4.07406e-07
 3.69588e-07
 3.35852e-07
 3.05831e-07
 2.79137e-07
 2.55394e-07
 2.34254e-07
 2.15400e-07
 1.98552e-07
 1.83462e-07
 1.69917e-07
 1.57728e-07
 1.46732e-07
 1.36788e-07
 1.27774e-07
