scalar
part
         1
quad4
 4.48165e-07
 4.21498e-07
 3.92993e-07
 3.64377e-07
 3.36706e-07
 3.10580e-07
 2.86290e-07
 2.63935e-07
 2.43495e-07
 2.24884e-07
 2.07978e-07
 1.92639e-07
 1.78727e-07
 1.66103e-07
 1.54640e-07
 1.44220e-07
 1.34734e-07
 1.26087e-07
 1.18191e-07
 1.10968e-07
 5.41910e-07
 4.99207e-07
 4.57079e-07
 4.17150e-07
 3.80209e-07
 3.46536e-07
 3.16118e-07
 2.88788e-07
 2.64302e-07
 2.42389e-07
 2.22780e-07
 2.05217e-07
 1.89467e-07
 1.75319e-07
 1.62584e-07
 1.51098e-07
 1.40716e-07
 1.31310e-07
 1.22769e-07
 1.14997e-07
 6.55209e-07
 5.89911e-07
 5.29677e-07
 4.75420e-07
 4.27198e-07
 3.84645e-07
 3.47221e-07
 3.14340e-07
 2.85432e-07
 2.59977e-07
 2.37512e-07
 2.17633e-07
 1.99993e-07
 1.84292e-07
 1.70275e-07
 1.57724e-07
 1.46451e-07
 1.36297e-07
 1.27125e-07
 1.18818e-07
 7.89671e-07
 6.93557e-07
 6.10051e-07
 5.38246e-07
 4.76743e-07
 4.24076e-07
 3.78891e-07
 3.40002e-07
 3.06404e-07
 2.77255e-07
 2.51857e-07
 2.29630e-07
 2.10094e-07
 1.92853e-07
 1.77574e-07
 1.63983e-07
 1.51847e-07
 1.40973e-07
 1.31196e-07
 1.22377e-07
 9.44726e-07
 8.08394e-07
 6.96261e-07
 6.03868e-07
 5.27372e-07
 4.63642e-07
 4.10185e-07
 3.65034e-07
 3.26637e-07
 2.93769e-07
 2.65457e-07
 2.40924e-07
 2.19547e-07
 2.00821e-07
 1.84337e-07
 1.69758e-07
 1.56808e-07
 1.45258e-07
 1.34916e-07
 1.25623e-07
 1.11597e-06
 9.30195e-07
 7.84835e-07
 6.69594e-07
 5.77044e-07
 5.01808e-07
 4.39952e-07
 3.88567e-07
 3.45473e-07
 3.09015e-07
 2.77924e-07
 2.51215e-07
 2.28116e-07
 2.08013e-07
 1.90417e-07
 1.74933e-07
 1.61241e-07
 1.49077e-07
 1.38225e-07
 1.28504e-07
 1.29353e-06
 1.05173e-06
 8.70649e-07
 7.31819e-07
 6.23216e-07
 5.36763e-07
 4.66889e-07
 4.09654e-07
 3.62212e-07
 3.22472e-07
 2.88866e-07
 2.60205e-07
 2.35571e-07
 2.14248e-07
 1.95674e-07
 1.79397e-07
 1.65057e-07
 1.52360e-07
 1.41065e-07
 1.30974e-07
 1.46151e-06
 1.16292e-06
 9.47221e-07
 7.86294e-07
 6.63042e-07
 5.66566e-07
 4.89643e-07
 4.27335e-07
 3.76166e-07
 3.33636e-07
 2.97910e-07
 2.67611e-07
 2.41698e-07
 2.19363e-07
 1.99979e-07
 1.83049e-07
 1.68176e-07
 1.55041e-07
 1.43383e-07
 1.32990e-07
 1.59959e-06
 1.25207e-06
 1.00752e-06
 8.28641e-07
 6.93708e-07
 5.89352e-07
 5.06951e-07
 4.40733e-07
 3.86712e-07
 3.42060e-07
 3.04725e-07
 2.73191e-07
 2.46313e-07
 2.23217e-07
 2.03225e-07
 1.85804e-07
 1.70532e-07
 1.57068e-07
 1.45138e-07
 1.34518e-07
 1.68733e-06
 1.30812e-06
 1.04523e-06
 8.55058e-07
 7.12834e-07
 6.03583e-07
 5.17787e-07
 4.49149e-07
 3.93360e-07
 3.47392e-07
 3.09059e-07
 2.76755e-07
 2.49275e-07
 2.25702e-07
 2.05328e-07
 1.87598e-07
 1.72073e-07
 1.58401e-07
 1.46298e-07
 1.35533e-07
 1.71003e-06
 1.32346e-06
 1.05610e-06
 8.63048e-07
 7.18883e-07
 6.08274e-07
 5.21500e-07
 4.52138e-07
 3.95803e-07
 3.49413e-07
 3.10751e-07
 2.78185e-07
 2.50495e-07
 2.26752e-07
 2.06237e-07
 1.88391e-07
 1.72768e-07
 1.59014e-07
 1.46842e-07
 1.36017e-07
 1.66389e-06
 1.29611e-06
 1.03902e-06
 8.51949e-07
 7.11438e-07
 6.03153e-07
 5.17905e-07
 4.49572e-07
 3.93947e-07
 3.48057e-07
 3.09751e-07
 2.77445e-07
 2.49945e-07
 2.26343e-07
 2.05934e-07
 1.88168e-07
 1.72606e-07
 1.58899e-07
 1.46762e-07
 1.35965e-07
 1.55773e-06
 1.23046e-06
 9.96341e-07
 8.23084e-07
 6.91285e-07
 5.88704e-07
 5.07309e-07
 4.41652e-07
 3.87927e-07
 3.43414e-07
 3.06124e-07
 2.74578e-07
 2.47657e-07
 2.24499e-07
 2.04437e-07
 1.86943e-07
 1.71597e-07
 1.58062e-07
 1.46064e-07
 1.35380e-07
 1.40985e-06
 1.13590e-06
 9.33230e-07
 7.79466e-07
 6.60253e-07
 5.66079e-07
 4.90464e-07
 4.28879e-07
 3.78086e-07
 3.35725e-07
 3.00040e-07
 2.69710e-07
 2.43721e-07
 2.21289e-07
 2.01796e-07
 1.84753e-07
 1.69769e-07
 1.56527e-07
 1.44767e-07
 1.34278e-07
 1.24161e-06
 1.02414e-06
 8.56434e-07
 7.25154e-07
 6.20878e-07
 5.36915e-07
 4.68454e-07
 4.11991e-07
 3.64937e-07
 3.25351e-07
 2.91760e-07
 2.63030e-07
 2.38280e-07
 2.16817e-07
 1.98092e-07
 1.81662e-07
 1.67172e-07
 1.54331e-07
 1.42900e-07
 1.32682e-07
 1.07154e-06
 9.06322e-07
 7.72818e-07
 6.64488e-07
 5.75978e-07
 5.03085e-07
 4.42552e-07
 3.91871e-07
 3.49103e-07
 3.12742e-07
 2.81611e-07
 2.54781e-07
 2.31515e-07
 2.11223e-07
 1.93431e-07
 1.77752e-07
 1.63870e-07
 1.51526e-07
 1.40504e-07
 1.30624e-07
 9.12313e-07
 7.91154e-07
 6.88255e-07
 6.01436e-07
 5.28261e-07
 4.66462e-07
 4.14074e-07
 3.69456e-07
 3.31262e-07
 2.98395e-07
 2.69962e-07
 2.45239e-07
 2.23635e-07
 2.04668e-07
 1.87938e-07
 1.73120e-07
 1.59940e-07
 1.48173e-07
 1.37628e-07
 1.28145e-07
 7.70633e-07
 6.84288e-07
 6.07066e-07
 5.39184e-07
 4.80046e-07
 4.28733e-07
 3.84252e-07
 3.45653e-07
 3.12086e-07
 2.82811e-07
 2.57193e-07
 2.34695e-07
 2.14866e-07
 1.97324e-07
 1.81749e-07
 1.67873e-07
 1.55467e-07
 1.44339e-07
 1.34326e-07
 1.25288e-07
 6.48697e-07
 5.88639e-07
 5.31972e-07
 4.79995e-07
 4.33125e-07
 3.91285e-07
 3.54148e-07
 3.21274e-07
 2.92199e-07
 2.66471e-07
 2.43674e-07
 2.23437e-07
 2.05431e-07
 1.89370e-07
 1.75005e-07
 1.62124e-07
 1.50542e-07
 1.40099e-07
 1.30659e-07
 1.22103e-07
 5.45937e-07
 5.05111e-07
 4.64346e-07
 4.25264e-07
 3.88740e-07
 3.55161e-07
 3.24611e-07
 2.97000e-07
 2.72140e-07
 2.49803e-07
 2.29747e-07
 2.11736e-07
 1.95548e-07
 1.80979e-07
 1.67846e-07
 1.55986e-07
 1.45256e-07
 1.35527e-07
 1.26688e-07
 1.18640e-07
