scalar
part
         1
quad4
 5.32840e-07
 4.92576e-07
 4.52467e-07
 4.14087e-07
 3.78274e-07
 3.45393e-07
 3.15514e-07
 2.88536e-07
 2.64270e-07
 2.42484e-07
 2.22937e-07
 2.05394e-07
 1.89636e-07
 1.75461e-07
 1.62690e-07
 1.51163e-07
 1.40736e-07
 1.31286e-07
 1.22704e-07
 1.14892e-07
 6.32416e-07
 5.73394e-07
 5.17799e-07
 4.66882e-07
 4.21028e-07
 3.80144e-07
 3.43890e-07
 3.11829e-07
 2.83495e-07
 2.58441e-07
 2.36257e-07
 2.16574e-07
 1.99070e-07
 1.83464e-07
 1.69512e-07
 1.57006e-07
 1.45764e-07
 1.35632e-07
 1.26475e-07
 1.18178e-07
 7.50364e-07
 6.65755e-07
 5.90189e-07
 5.23847e-07
 4.66117e-07
 4.16076e-07
 3.72737e-07
 3.35160e-07
 3.02505e-07
 2.74042e-07
 2.49149e-07
 2.27300e-07
 2.08049e-07
 1.91027e-07
 1.75919e-07
 1.62462e-07
 1.50434e-07
 1.39649e-07
 1.29946e-07
 1.21190e-07
 8.87092e-07
 7.68680e-07
 6.68235e-07
 5.83581e-07
 5.12304e-07
 4.52162e-07
 4.01219e-07
 3.57863e-07
 3.20771e-07
 2.88868e-07
 2.61284e-07
 2.37308e-07
 2.16365e-07
 1.97983e-07
 1.81775e-07
 1.67421e-07
 1.54658e-07
 1.43265e-07
 1.33057e-07
 1.23879e-07
 1.04026e-06
 8.79209e-07
 7.49218e-07
 6.43845e-07
 5.57829e-07
 4.87043e-07
 4.28301e-07
 3.79147e-07
 3.37689e-07
 3.02457e-07
 2.72302e-07
 2.46322e-07
 2.23799e-07
 2.04161e-07
 1.86945e-07
 1.71777e-07
 1.58349e-07
 1.46411e-07
 1.35753e-07
 1.26200e-07
 1.20308e-06
 9.91708e-07
 8.28868e-07
 7.01509e-07
 6.00424e-07
 5.19080e-07
 4.52788e-07
 3.98139e-07
 3.52612e-07
 3.14322e-07
 2.81839e-07
 2.54063e-07
 2.30139e-07
 2.09396e-07
 1.91300e-07
 1.75426e-07
 1.61426e-07
 1.49021e-07
 1.37979e-07
 1.28109e-07
 1.36296e-06
 1.09760e-06
 9.01441e-07
 7.52716e-07
 6.37468e-07
 5.46463e-07
 4.73416e-07
 4.13937e-07
 3.64891e-07
 3.23992e-07
 2.89544e-07
 2.60268e-07
 2.35184e-07
 2.13534e-07
 1.94722e-07
 1.78276e-07
 1.63816e-07
 1.51038e-07
 1.39690e-07
 1.29569e-07
 1.50174e-06
 1.18604e-06
 9.60300e-07
 7.93288e-07
 6.66261e-07
 5.67405e-07
 4.88971e-07
 4.25703e-07
 3.73933e-07
 3.31040e-07
 2.95107e-07
 2.64707e-07
 2.38763e-07
 2.16446e-07
 1.97111e-07
 1.80250e-07
 1.65459e-07
 1.52414e-07
 1.40849e-07
 1.30551e-07
 1.59882e-06
 1.24585e-06
 9.99035e-07
 8.19384e-07
 6.84411e-07
 5.80366e-07
 4.98435e-07
 4.32746e-07
 3.79262e-07
 3.35129e-07
 2.98284e-07
 2.67205e-07
 2.40745e-07
 2.18033e-07
 1.98391e-07
 1.81291e-07
 1.66310e-07
 1.53113e-07
 1.41428e-07
 1.31031e-07
 1.63720e-06
 1.26832e-06
 1.01287e-06
 8.28239e-07
 6.90243e-07
 5.84293e-07
 5.01124e-07
 4.34610e-07
 3.80564e-07
 3.36042e-07
 2.98923e-07
 2.67648e-07
 2.41048e-07
 2.18234e-07
 1.98518e-07
 1.81363e-07
 1.66343e-07
 1.53117e-07
 1.41410e-07
 1.30997e-07
 1.60952e-06
 1.24981e-06
 9.99881e-07
 8.18757e-07
 6.83109e-07
 5.78789e-07
 4.96788e-07
 4.31133e-07
 3.77732e-07
 3.33705e-07
 2.96972e-07
 2.66003e-07
 2.39648e-07
 2.17032e-07
 1.97479e-07
 1.80458e-07
 1.65550e-07
 1.52418e-07
 1.40791e-07
 1.30447e-07
 1.52064e-06
 1.19283e-06
 9.61439e-07
 7.91760e-07
 6.63522e-07
 5.64188e-07
 4.85650e-07
 4.22469e-07
 3.70877e-07
 3.28199e-07
 2.92491e-07
 2.62313e-07
 2.36577e-07
 2.14452e-07
 1.95293e-07
 1.78591e-07
 1.63945e-07
 1.51029e-07
 1.39581e-07
 1.29387e-07
 1.38541e-06
 1.10510e-06
 9.01860e-07
 7.49791e-07
 6.33050e-07
 5.41493e-07
 4.68377e-07
 4.09072e-07
 3.60314e-07
 3.19749e-07
 2.85644e-07
 2.56699e-07
 2.31927e-07
 2.10565e-07
 1.92014e-07
 1.75805e-07
 1.61560e-07
 1.48974e-07
 1.37800e-07
 1.27835e-07
 1.22342e-06
 9.97299e-07
 8.27311e-07
 6.96574e-07
 5.94031e-07
 5.12223e-07
 4.45981e-07
 3.91635e-07
 3.46530e-07
 3.08703e-07
 2.76683e-07
 2.49350e-07
 2.25840e-07
 2.05476e-07
 1.87726e-07
 1.72164e-07
 1.58446e-07
 1.46295e-07
 1.35481e-07
 1.25816e-07
 1.05366e-06
 8.80502e-07
 7.44493e-07
 6.36309e-07
 5.49182e-07
 4.78183e-07
 4.19691e-07
 3.71015e-07
 3.30131e-07
 2.95498e-07
 2.65930e-07
 2.40504e-07
 2.18495e-07
 1.99325e-07
 1.82535e-07
 1.67751e-07
 1.54670e-07
 1.43043e-07
 1.32665e-07
 1.23366e-07
 8.90762e-07
 7.64092e-07
 6.59500e-07
 5.73023e-07
 5.01212e-07
 4.41231e-07
 3.90806e-07
 3.48134e-07
 3.11785e-07
 2.80625e-07
 2.53750e-07
 2.30436e-07
 2.10101e-07
 1.92273e-07
 1.76566e-07
 1.62665e-07
 1.50309e-07
 1.39282e-07
 1.29404e-07
 1.20523e-07
 7.43705e-07
 6.54729e-07
 5.77095e-07
 5.10094e-07
 4.52523e-07
 4.03086e-07
 3.60569e-07
 3.23900e-07
 2.92163e-07
 2.64584e-07
 2.40520e-07
 2.19435e-07
 2.00883e-07
 1.84492e-07
 1.69956e-07
 1.57014e-07
 1.45450e-07
 1.35081e-07
 1.25754e-07
 1.17336e-07
 6.16415e-07
 5.56256e-07
 5.00479e-07
 4.50027e-07
 4.05025e-07
 3.65193e-07
 3.30069e-07
 2.99139e-07
 2.71891e-07
 2.47856e-07
 2.26612e-07
 2.07788e-07
 1.91063e-07
 1.76162e-07
 1.62845e-07
 1.50910e-07
 1.40183e-07
 1.30514e-07
 1.21774e-07
 1.13852e-07
 5.09289e-07
 4.70222e-07
 4.31413e-07
 3.94437e-07
 3.60084e-07
 3.28661e-07
 3.00192e-07
 2.74548e-07
 2.51521e-07
 2.30875e-07
 2.12367e-07
 1.95767e-07
 1.80860e-07
 1.67453e-07
 1.55373e-07
 1.44467e-07
 1.34600e-07
 1.25655e-07
 1.17526e-07
 1.10124e-07
 4.20729e-07
 3.96602e-07
 3.70535e-07
 3.44178e-07
 3.18556e-07
 2.94263e-07
 2.71599e-07
 2.50680e-07
 2.31506e-07
 2.14010e-07
 1.98087e-07
 1.83617e-07
 1.70472e-07
 1.58530e-07
 1.47673e-07
 1.37794e-07
 1.28792e-07
 1.20578e-07
 1.13072e-07
 1.06202e-07
