scalar
part
         1
quad4
 6.60543e-07
 6.03750e-07
 5.48889e-07
 4.97612e-07
 4.50675e-07
 4.08277e-07
 3.70290e-07
 3.36418e-07
 3.06286e-07
 2.79503e-07
 2.55688e-07
 2.34489e-07
 2.15588e-07
 1.98701e-07
 1.83580e-07
 1.70009e-07
 1.57798e-07
 1.46785e-07
 1.36827e-07
 1.27801e-07
 7.76353e-07
 6.96100e-07
 6.22234e-07
 5.55852e-07
 4.97034e-07
 4.45330e-07
 4.00058e-07
 3.60469e-07
 3.25835e-07
 2.95489e-07
 2.68840e-07
 2.45372e-07
 2.24645e-07
 2.06279e-07
 1.89954e-07
 1.75397e-07
 1.62374e-07
 1.50688e-07
 1.40171e-07
 1.30677e-07
 9.11794e-07
 8.00074e-07
 7.02119e-07
 6.17493e-07
 5.44898e-07
 4.82772e-07
 4.29579e-07
 3.83932e-07
 3.44632e-07
 3.10664e-07
 2.81181e-07
 2.55479e-07
 2.32976e-07
 2.13190e-07
 1.95720e-07
 1.80234e-07
 1.66454e-07
 1.54145e-07
 1.43113e-07
 1.33193e-07
 1.06627e-06
 9.13708e-07
 7.86335e-07
 6.80524e-07
 5.92588e-07
 5.19259e-07
 4.57802e-07
 4.05992e-07
 3.62046e-07
 3.24539e-07
 2.92331e-07
 2.64513e-07
 2.40350e-07
 2.19251e-07
 2.00734e-07
 1.84407e-07
 1.69945e-07
 1.57082e-07
 1.45595e-07
 1.35299e-07
 1.23546e-06
 1.03249e-06
 8.71051e-07
 7.41945e-07
 6.37840e-07
 5.53107e-07
 4.83477e-07
 4.25721e-07
 3.77386e-07
 3.36594e-07
 3.01900e-07
 2.72176e-07
 2.46537e-07
 2.24284e-07
 2.04857e-07
 1.87805e-07
 1.72762e-07
 1.59429e-07
 1.47561e-07
 1.36952e-07
 1.40931e-06
 1.14861e-06
 9.50632e-07
 7.97795e-07
 6.77885e-07
 5.82372e-07
 5.05231e-07
 4.42137e-07
 3.89941e-07
 3.46313e-07
 3.09503e-07
 2.78181e-07
 2.51322e-07
 2.28125e-07
 2.07962e-07
 1.90330e-07
 1.74827e-07
 1.61127e-07
 1.48962e-07
 1.38114e-07
 1.57057e-06
 1.25090e-06
 1.01792e-06
 8.43457e-07
 7.09696e-07
 6.05038e-07
 5.21693e-07
 4.54294e-07
 3.99048e-07
 3.53219e-07
 3.14797e-07
 2.82277e-07
 2.54516e-07
 2.30633e-07
 2.09942e-07
 1.91901e-07
 1.76078e-07
 1.62125e-07
 1.49760e-07
 1.38752e-07
 1.69591e-06
 1.32615e-06
 1.06523e-06
 8.74297e-07
 7.30397e-07
 6.19264e-07
 5.31658e-07
 4.61381e-07
 4.04149e-07
 3.56925e-07
 3.17506e-07
 2.84264e-07
 2.55974e-07
 2.31699e-07
 2.10716e-07
 1.92455e-07
 1.76466e-07
 1.62387e-07
 1.49926e-07
 1.38845e-07
 1.76133e-06
 1.36216e-06
 1.08595e-06
 8.86565e-07
 7.37760e-07
 6.23679e-07
 5.34252e-07
 4.62828e-07
 4.04864e-07
 3.57169e-07
 3.17448e-07
 2.84014e-07
 2.55604e-07
 2.31258e-07
 2.10236e-07
 1.91958e-07
 1.75966e-07
 1.61894e-07
 1.49446e-07
 1.38381e-07
 1.75116e-06
 1.35164e-06
 1.07642e-06
 8.78287e-07
 7.30671e-07
 6.17628e-07
 5.29079e-07
 4.58388e-07
 4.01036e-07
 3.53852e-07
 3.14558e-07
 2.81483e-07
 2.53377e-07
 2.29290e-07
 2.08489e-07
 1.90400e-07
 1.74572e-07
 1.60641e-07
 1.48317e-07
 1.37360e-07
 1.66552e-06
 1.29505e-06
 1.03706e-06
 8.49801e-07
 7.09390e-07
 6.01309e-07
 5.16290e-07
 4.48179e-07
 3.92756e-07
 3.47044e-07
 3.08893e-07
 2.76718e-07
 2.49332e-07
 2.25826e-07
 2.05499e-07
 1.87803e-07
 1.72300e-07
 1.58644e-07
 1.46551e-07
 1.35791e-07
 1.52020e-06
 1.20038e-06
 9.72269e-07
 8.03688e-07
 6.75510e-07
 5.75749e-07
 4.96572e-07
 4.32673e-07
 3.80359e-07
 3.36988e-07
 3.00630e-07
 2.69852e-07
 2.43568e-07
 2.20943e-07
 2.01329e-07
 1.84214e-07
 1.69191e-07
 1.55933e-07
 1.44173e-07
 1.33695e-07
 1.33921e-06
 1.08024e-06
 8.89132e-07
 7.44154e-07
 6.31643e-07
 5.42633e-07
 4.71045e-07
 4.12638e-07
 3.64383e-07
 3.24069e-07
 2.90053e-07
 2.61095e-07
 2.36245e-07
 2.14764e-07
 1.96072e-07
 1.79708e-07
 1.65302e-07
 1.52555e-07
 1.41223e-07
 1.31104e-07
 1.14613e-06
 9.48078e-07
 7.95627e-07
 6.76119e-07
 5.80928e-07
 5.04026e-07
 4.41108e-07
 3.89042e-07
 3.45513e-07
 3.08782e-07
 2.77524e-07
 2.50718e-07
 2.27568e-07
 2.07446e-07
 1.89850e-07
 1.74380e-07
 1.60710e-07
 1.48572e-07
 1.37749e-07
 1.28058e-07
 9.59079e-07
 8.15328e-07
 6.99080e-07
 6.04361e-07
 5.26548e-07
 4.62091e-07
 4.08259e-07
 3.62944e-07
 3.24512e-07
 2.91684e-07
 2.63457e-07
 2.39033e-07
 2.17775e-07
 1.99171e-07
 1.82807e-07
 1.68344e-07
 1.55503e-07
 1.44055e-07
 1.33808e-07
 1.24602e-07
 7.89423e-07
 6.90196e-07
 6.05261e-07
 5.32916e-07
 4.71339e-07
 4.18840e-07
 3.73942e-07
 3.35393e-07
 3.02149e-07
 2.73350e-07
 2.48284e-07
 2.26367e-07
 2.07118e-07
 1.90138e-07
 1.75097e-07
 1.61721e-07
 1.49781e-07
 1.39083e-07
 1.29466e-07
 1.20792e-07
 6.42530e-07
 5.77544e-07
 5.18089e-07
 4.64796e-07
 4.17569e-07
 3.75970e-07
 3.39427e-07
 3.07343e-07
 2.79148e-07
 2.54329e-07
 2.32428e-07
 2.13050e-07
 1.95854e-07
 1.80547e-07
 1.66880e-07
 1.54641e-07
 1.43646e-07
 1.33740e-07
 1.24790e-07
 1.16681e-07
 5.19430e-07
 4.79468e-07
 4.39762e-07
 4.01957e-07
 3.66863e-07
 3.34786e-07
 3.05745e-07
 2.79602e-07
 2.56142e-07
 2.35117e-07
 2.16279e-07
 1.99389e-07
 1.84228e-07
 1.70595e-07
 1.58315e-07
 1.47229e-07
 1.37202e-07
 1.28111e-07
 1.19850e-07
 1.12329e-07
 4.18525e-07
 3.96108e-07
 3.71118e-07
 3.45437e-07
 3.20234e-07
 2.96189e-07
 2.73662e-07
 2.52807e-07
 2.33649e-07
 2.16138e-07
 2.00180e-07
 1.85663e-07
 1.72465e-07
 1.60465e-07
 1.49549e-07
 1.39610e-07
 1.30549e-07
 1.22278e-07
 1.14716e-07
 1.07792e-07
 3.36973e-07
 3.26431e-07
 3.12050e-07
 2.95566e-07
 2.78186e-07
 2.60721e-07
 2.43693e-07
 2.27418e-07
 2.12069e-07
 1.97729e-07
 1.84415e-07
 1.72108e-07
 1.60762e-07
 1.50320e-07
 1.40720e-07
 1.31896e-07
 1.23783e-07
 1.16322e-07
 1.09454e-07
 1.03127e-07
