scalar
part
         1
quad4
 3.49381e-07
 3.37266e-07
 3.21457e-07
 3.03708e-07
 2.85229e-07
 2.66820e-07
 2.48985e-07
 2.32022e-07
 2.16090e-07
 2.01254e-07
 1.87517e-07
 1.74848e-07
 1.63193e-07
 1.52485e-07
 1.42655e-07
 1.33632e-07
 1.25347e-07
 1.17735e-07
 1.10735e-07
 1.04292e-07
 4.32626e-07
 4.08155e-07
 3.81368e-07
 3.54151e-07
 3.27653e-07
 3.02523e-07
 2.79092e-07
 2.57483e-07
 2.37695e-07
 2.19657e-07
 2.03256e-07
 1.88364e-07
 1.74849e-07
 1.62579e-07
 1.51431e-07
 1.41293e-07
 1.32061e-07
 1.23641e-07
 1.15949e-07
 1.08911e-07
 5.35398e-07
 4.92761e-07
 4.50817e-07
 4.11171e-07
 3.74574e-07
 3.41275e-07
 3.11239e-07
 2.84283e-07
 2.60156e-07
 2.38582e-07
 2.19288e-07
 2.02017e-07
 1.86536e-07
 1.72633e-07
 1.60124e-07
 1.48842e-07
 1.38646e-07
 1.29410e-07
 1.21024e-07
 1.13392e-07
 6.60448e-07
 5.92020e-07
 5.29824e-07
 4.74370e-07
 4.25440e-07
 3.82496e-07
 3.44884e-07
 3.11945e-07
 2.83062e-07
 2.57682e-07
 2.35322e-07
 2.15566e-07
 1.98054e-07
 1.82484e-07
 1.68594e-07
 1.56165e-07
 1.45009e-07
 1.34964e-07
 1.25893e-07
 1.17680e-07
 8.09171e-07
 7.05620e-07
 6.17427e-07
 5.42622e-07
 4.79177e-07
 4.25245e-07
 3.79236e-07
 3.39816e-07
 3.05882e-07
 2.76529e-07
 2.51014e-07
 2.28731e-07
 2.09178e-07
 1.91946e-07
 1.76694e-07
 1.63140e-07
 1.51047e-07
 1.40219e-07
 1.30489e-07
 1.21717e-07
 9.80174e-07
 8.31214e-07
 7.11263e-07
 6.13871e-07
 5.34100e-07
 4.68183e-07
 4.13243e-07
 3.67076e-07
 3.27977e-07
 2.94621e-07
 2.65970e-07
 2.41202e-07
 2.19662e-07
 2.00825e-07
 1.84266e-07
 1.69638e-07
 1.56658e-07
 1.45091e-07
 1.34741e-07
 1.25447e-07
 1.16752e-06
 9.63621e-07
 8.07237e-07
 6.85010e-07
 5.87890e-07
 5.09583e-07
 4.45621e-07
 3.92762e-07
 3.48621e-07
 3.11409e-07
 2.79768e-07
 2.52653e-07
 2.29250e-07
 2.08920e-07
 1.91151e-07
 1.75535e-07
 1.61740e-07
 1.49497e-07
 1.38583e-07
 1.28813e-07
 1.35919e-06
 1.09432e-06
 8.99432e-07
 7.51936e-07
 6.37681e-07
 5.47426e-07
 4.74924e-07
 4.15830e-07
 3.67048e-07
 3.26322e-07
 2.91979e-07
 2.62758e-07
 2.37693e-07
 2.16035e-07
 1.97195e-07
 1.80707e-07
 1.66196e-07
 1.53359e-07
 1.41950e-07
 1.31764e-07
 1.53652e-06
 1.21168e-06
 9.80474e-07
 8.09868e-07
 6.80306e-07
 5.79564e-07
 4.99669e-07
 4.35233e-07
 3.82506e-07
 3.38811e-07
 3.02197e-07
 2.71211e-07
 2.44757e-07
 2.21992e-07
 2.02260e-07
 1.85046e-07
 1.69939e-07
 1.56608e-07
 1.44786e-07
 1.34254e-07
 1.67598e-06
 1.30241e-06
 1.04250e-06
 8.53976e-07
 7.12688e-07
 6.03978e-07
 5.18492e-07
 4.50027e-07
 3.94328e-07
 3.48396e-07
 3.10069e-07
 2.77750e-07
 2.50244e-07
 2.26638e-07
 2.06227e-07
 1.88459e-07
 1.72895e-07
 1.59184e-07
 1.47045e-07
 1.36244e-07
 1.75445e-06
 1.35438e-06
 1.07872e-06
 8.80228e-07
 7.32328e-07
 6.19056e-07
 5.30321e-07
 4.59478e-07
 4.01998e-07
 3.54708e-07
 3.15324e-07
 2.82173e-07
 2.54001e-07
 2.29857e-07
 2.09006e-07
 1.90874e-07
 1.75008e-07
 1.61043e-07
 1.48688e-07
 1.37705e-07
 1.75759e-06
 1.36032e-06
 1.08511e-06
 8.86265e-07
 7.37765e-07
 6.23856e-07
 5.34525e-07
 4.63152e-07
 4.05211e-07
 3.57524e-07
 3.17800e-07
 2.84358e-07
 2.55936e-07
 2.31577e-07
 2.10540e-07
 1.92248e-07
 1.76242e-07
 1.62156e-07
 1.49694e-07
 1.38617e-07
 1.68660e-06
 1.32045e-06
 1.06162e-06
 8.71967e-07
 7.28874e-07
 6.18266e-07
 5.31009e-07
 4.60969e-07
 4.03901e-07
 3.56791e-07
 3.17453e-07
 2.84268e-07
 2.56018e-07
 2.31773e-07
 2.10810e-07
 1.92563e-07
 1.76583e-07
 1.62510e-07
 1.50052e-07
 1.38972e-07
 1.55774e-06
 1.24243e-06
 1.01218e-06
 8.39466e-07
 7.06871e-07
 6.03007e-07
 5.20216e-07
 4.53210e-07
 3.98248e-07
 3.52628e-07
 3.14361e-07
 2.81958e-07
 2.54285e-07
 2.30470e-07
 2.09831e-07
 1.91830e-07
 1.76039e-07
 1.62111e-07
 1.49765e-07
 1.38771e-07
 1.39488e-06
 1.13852e-06
 9.43442e-07
 7.92580e-07
 6.74039e-07
 5.79496e-07
 5.03052e-07
 4.40469e-07
 3.88652e-07
 3.45309e-07
 3.08717e-07
 2.77563e-07
 2.50834e-07
 2.27740e-07
 2.07657e-07
 1.90091e-07
 1.74640e-07
 1.60981e-07
 1.48850e-07
 1.38030e-07
 1.22082e-06
 1.02173e-06
 8.63057e-07
 7.35935e-07
 6.33268e-07
 5.49587e-07
 4.80739e-07
 4.23569e-07
 3.75680e-07
 3.35232e-07
 3.00803e-07
 2.71288e-07
 2.45815e-07
 2.23694e-07
 2.04373e-07
 1.87407e-07
 1.72434e-07
 1.59159e-07
 1.47338e-07
 1.36769e-07
 1.05225e-06
 9.02951e-07
 7.78045e-07
 6.74091e-07
 5.87558e-07
 5.15293e-07
 4.54647e-07
 4.03463e-07
 3.60003e-07
 3.22876e-07
 2.90969e-07
 2.63390e-07
 2.39420e-07
 2.18477e-07
 2.00087e-07
 1.83864e-07
 1.69488e-07
 1.56696e-07
 1.45269e-07
 1.35023e-07
 8.98827e-07
 7.89742e-07
 6.93894e-07
 6.10929e-07
 5.39636e-07
 4.78531e-07
 4.26140e-07
 3.81126e-07
 3.42328e-07
 3.08761e-07
 2.79599e-07
 2.54158e-07
 2.31867e-07
 2.12255e-07
 1.94928e-07
 1.79561e-07
 1.65879e-07
 1.53653e-07
 1.42691e-07
 1.32829e-07
 7.64580e-07
 6.86421e-07
 6.14307e-07
 5.49365e-07
 4.91717e-07
 4.40959e-07
 3.96450e-07
 3.57477e-07
 3.23343e-07
 2.93403e-07
 2.67085e-07
 2.43890e-07
 2.23386e-07
 2.05206e-07
 1.89036e-07
 1.74608e-07
 1.61694e-07
 1.50100e-07
 1.39661e-07
 1.30233e-07
 6.49962e-07
 5.94818e-07
 5.41394e-07
 4.91340e-07
 4.45431e-07
 4.03887e-07
 3.66607e-07
 3.33319e-07
 3.03670e-07
 2.77286e-07
 2.53802e-07
 2.32879e-07
 2.14207e-07
 1.97513e-07
 1.82555e-07
 1.69120e-07
 1.57026e-07
 1.46112e-07
 1.36238e-07
 1.27285e-07
