scalar
part
         1
quad4
 4.56599e-07
 4.28161e-07
 3.98194e-07
 3.68388e-07
 3.39762e-07
 3.12873e-07
 2.87978e-07
 2.65145e-07
 2.44328e-07
 2.25420e-07
 2.08281e-07
 1.92759e-07
 1.78703e-07
 1.65968e-07
 1.54419e-07
 1.43932e-07
 1.34396e-07
 1.25711e-07
 1.17786e-07
 1.10544e-07
 5.50408e-07
 5.05655e-07
 4.61898e-07
 4.20694e-07
 3.82763e-07
 3.48326e-07
 3.17322e-07
 2.89542e-07
 2.64713e-07
 2.42538e-07
 2.22730e-07
 2.05017e-07
 1.89155e-07
 1.74923e-07
 1.62127e-07
 1.50597e-07
 1.40185e-07
 1.30759e-07
 1.22206e-07
 1.14429e-07
 6.63416e-07
 5.95802e-07
 5.33812e-07
 4.78241e-07
 4.29040e-07
 3.85762e-07
 3.47805e-07
 3.14531e-07
 2.85336e-07
 2.59672e-07
 2.37056e-07
 2.17072e-07
 1.99358e-07
 1.83608e-07
 1.69560e-07
 1.56992e-07
 1.45713e-07
 1.35560e-07
 1.26394e-07
 1.18098e-07
 7.97019e-07
 6.98398e-07
 6.13098e-07
 5.40021e-07
 4.77622e-07
 4.24328e-07
 3.78705e-07
 3.39515e-07
 3.05712e-07
 2.76428e-07
 2.50944e-07
 2.28666e-07
 2.09104e-07
 1.91855e-07
 1.76582e-07
 1.63004e-07
 1.50889e-07
 1.40039e-07
 1.30289e-07
 1.21499e-07
 9.50353e-07
 8.11504e-07
 6.97703e-07
 6.04214e-07
 5.27005e-07
 4.62818e-07
 4.09076e-07
 3.63754e-07
 3.25264e-07
 2.92355e-07
 2.64036e-07
 2.39519e-07
 2.18173e-07
 1.99488e-07
 1.83049e-07
 1.68519e-07
 1.55619e-07
 1.44119e-07
 1.33826e-07
 1.24581e-07
 1.11865e-06
 9.30698e-07
 7.84057e-07
 6.68081e-07
 5.75131e-07
 4.99698e-07
 4.37770e-07
 3.86388e-07
 3.43341e-07
 3.06957e-07
 2.75954e-07
 2.49339e-07
 2.26335e-07
 2.06326e-07
 1.88821e-07
 1.73424e-07
 1.59814e-07
 1.47728e-07
 1.36948e-07
 1.27295e-07
 1.29166e-06
 1.04859e-06
 8.66984e-07
 7.28013e-07
 6.19468e-07
 5.33173e-07
 4.63501e-07
 4.06483e-07
 3.59258e-07
 3.19726e-07
 2.86315e-07
 2.57834e-07
 2.33366e-07
 2.12196e-07
 1.93761e-07
 1.77611e-07
 1.63387e-07
 1.50795e-07
 1.39597e-07
 1.29595e-07
 1.45326e-06
 1.15509e-06
 9.40045e-07
 7.79815e-07
 6.57224e-07
 5.61346e-07
 4.84954e-07
 4.23110e-07
 3.72348e-07
 3.30174e-07
 2.94759e-07
 2.64734e-07
 2.39062e-07
 2.16941e-07
 1.97746e-07
 1.80984e-07
 1.66262e-07
 1.53262e-07
 1.41726e-07
 1.31443e-07
 1.58334e-06
 1.23871e-06
 9.96393e-07
 8.19245e-07
 6.85683e-07
 5.82425e-07
 5.00916e-07
 4.35430e-07
 3.82017e-07
 3.37875e-07
 3.00973e-07
 2.69807e-07
 2.43247e-07
 2.20426e-07
 2.00674e-07
 1.83464e-07
 1.68377e-07
 1.55078e-07
 1.43295e-07
 1.32805e-07
 1.66233e-06
 1.28894e-06
 1.03003e-06
 8.42714e-07
 7.02604e-07
 5.94964e-07
 5.10426e-07
 4.42788e-07
 3.87808e-07
 3.42503e-07
 3.04721e-07
 2.72879e-07
 2.45791e-07
 2.22554e-07
 2.02470e-07
 1.84991e-07
 1.69685e-07
 1.56205e-07
 1.44273e-07
 1.33659e-07
 1.67696e-06
 1.29891e-06
 1.03715e-06
 8.47976e-07
 7.06608e-07
 5.98083e-07
 5.12903e-07
 4.44788e-07
 3.89447e-07
 3.43862e-07
 3.05861e-07
 2.73845e-07
 2.46617e-07
 2.23265e-07
 2.03086e-07
 1.85529e-07
 1.70158e-07
 1.56623e-07
 1.44643e-07
 1.33989e-07
 1.62488e-06
 1.26739e-06
 1.01705e-06
 8.34613e-07
 6.97429e-07
 5.91605e-07
 5.08227e-07
 4.41347e-07
 3.86873e-07
 3.41910e-07
 3.04361e-07
 2.72681e-07
 2.45704e-07
 2.22544e-07
 2.02513e-07
 1.85070e-07
 1.69788e-07
 1.56324e-07
 1.44401e-07
 1.33792e-07
 1.51569e-06
 1.19922e-06
 9.72330e-07
 8.04118e-07
 6.75962e-07
 5.76088e-07
 4.96756e-07
 4.32702e-07
 3.80247e-07
 3.36756e-07
 3.00299e-07
 2.69442e-07
 2.43094e-07
 2.20421e-07
 2.00771e-07
 1.83630e-07
 1.68589e-07
 1.55319e-07
 1.43553e-07
 1.33073e-07
 1.36758e-06
 1.10384e-06
 9.08258e-07
 7.59572e-07
 6.44092e-07
 5.52728e-07
 4.79272e-07
 4.19378e-07
 3.69930e-07
 3.28653e-07
 2.93856e-07
 2.64260e-07
 2.38885e-07
 2.16969e-07
 1.97916e-07
 1.81251e-07
 1.66593e-07
 1.53633e-07
 1.42121e-07
 1.31849e-07
 1.20122e-06
 9.92680e-07
 8.31470e-07
 7.04999e-07
 6.04348e-07
 5.23164e-07
 4.56869e-07
 4.02120e-07
 3.56441e-07
 3.17973e-07
 2.85299e-07
 2.57331e-07
 2.33221e-07
 2.12298e-07
 1.94033e-07
 1.77999e-07
 1.63850e-07
 1.51306e-07
 1.40135e-07
 1.30145e-07
 1.03428e-06
 8.76469e-07
 7.48622e-07
 6.44636e-07
 5.59495e-07
 4.89244e-07
 4.30807e-07
 3.81808e-07
 3.40405e-07
 3.05163e-07
 2.74958e-07
 2.48901e-07
 2.26287e-07
 2.06548e-07
 1.89229e-07
 1.73957e-07
 1.60427e-07
 1.48390e-07
 1.37637e-07
 1.27994e-07
 8.78718e-07
 7.63492e-07
 6.65341e-07
 5.82309e-07
 5.12162e-07
 4.52795e-07
 4.02376e-07
 3.59364e-07
 3.22490e-07
 2.90717e-07
 2.63198e-07
 2.39244e-07
 2.18292e-07
 1.99880e-07
 1.83628e-07
 1.69222e-07
 1.56401e-07
 1.44947e-07
 1.34677e-07
 1.25436e-07
 7.40762e-07
 6.59066e-07
 5.85731e-07
 5.21064e-07
 4.64577e-07
 4.15449e-07
 3.72772e-07
 3.35671e-07
 3.03354e-07
 2.75127e-07
 2.50393e-07
 2.28646e-07
 2.09458e-07
 1.92466e-07
 1.77367e-07
 1.63903e-07
 1.51857e-07
 1.41045e-07
 1.31309e-07
 1.22517e-07
 6.22337e-07
 5.65877e-07
 5.12340e-07
 4.63044e-07
 4.18450e-07
 3.78534e-07
 3.43019e-07
 3.11516e-07
 2.83602e-07
 2.58861e-07
 2.36906e-07
 2.17391e-07
 2.00006e-07
 1.84482e-07
 1.70585e-07
 1.58111e-07
 1.46885e-07
 1.36756e-07
 1.27594e-07
 1.19284e-07
 5.22749e-07
 4.84690e-07
 4.46423e-07
 4.09550e-07
 3.74952e-07
 3.43041e-07
 3.13928e-07
 2.87552e-07
 2.63756e-07
 2.42334e-07
 2.23069e-07
 2.05742e-07
 1.90148e-07
 1.76097e-07
 1.63418e-07
 1.51956e-07
 1.41575e-07
 1.32156e-07
 1.23592e-07
 1.15789e-07
