scalar
part
         1
quad4
 5.90974e-07
 5.43194e-07
 4.96337e-07
 4.52042e-07
 4.11129e-07
 3.73891e-07
 3.40307e-07
 3.10186e-07
 2.83253e-07
 2.59200e-07
 2.37721e-07
 2.18527e-07
 2.01352e-07
 1.85957e-07
 1.72130e-07
 1.59685e-07
 1.48458e-07
 1.38307e-07
 1.29108e-07
 1.20753e-07
 6.98978e-07
 6.30044e-07
 5.65905e-07
 5.07764e-07
 4.55871e-07
 4.09964e-07
 3.69539e-07
 3.34009e-07
 3.02782e-07
 2.75306e-07
 2.51083e-07
 2.29677e-07
 2.10708e-07
 1.93851e-07
 1.78824e-07
 1.65390e-07
 1.53344e-07
 1.42510e-07
 1.32738e-07
 1.23901e-07
 8.26241e-07
 7.28647e-07
 6.42390e-07
 5.67358e-07
 5.02600e-07
 4.46878e-07
 3.98930e-07
 3.57596e-07
 3.21861e-07
 2.90856e-07
 2.63850e-07
 2.40232e-07
 2.19492e-07
 2.01206e-07
 1.85020e-07
 1.70637e-07
 1.57811e-07
 1.46332e-07
 1.36024e-07
 1.26738e-07
 9.72692e-07
 8.37534e-07
 7.23984e-07
 6.29117e-07
 5.49861e-07
 4.83448e-07
 4.27536e-07
 3.80208e-07
 3.39911e-07
 3.05398e-07
 2.75667e-07
 2.49912e-07
 2.27482e-07
 2.07847e-07
 1.90576e-07
 1.75315e-07
 1.61771e-07
 1.49702e-07
 1.38907e-07
 1.29216e-07
 1.13497e-06
 9.52935e-07
 8.07392e-07
 6.90412e-07
 5.95635e-07
 5.18150e-07
 4.54216e-07
 4.00985e-07
 3.56283e-07
 3.18439e-07
 2.86159e-07
 2.58430e-07
 2.34456e-07
 2.13601e-07
 1.95357e-07
 1.79313e-07
 1.65136e-07
 1.52550e-07
 1.41330e-07
 1.31287e-07
 1.30450e-06
 1.06805e-06
 8.87628e-07
 7.47684e-07
 6.37400e-07
 5.49194e-07
 4.77686e-07
 4.19000e-07
 3.70300e-07
 3.29480e-07
 2.94952e-07
 2.65503e-07
 2.40197e-07
 2.18300e-07
 1.99233e-07
 1.82532e-07
 1.67826e-07
 1.54812e-07
 1.43242e-07
 1.32912e-07
 1.46612e-06
 1.17292e-06
 9.58207e-07
 7.96684e-07
 6.72329e-07
 5.74664e-07
 4.96626e-07
 4.33328e-07
 3.81304e-07
 3.38044e-07
 3.01697e-07
 2.70872e-07
 2.44512e-07
 2.21797e-07
 2.02090e-07
 1.84883e-07
 1.69773e-07
 1.56434e-07
 1.44601e-07
 1.34055e-07
 1.59888e-06
 1.25546e-06
 1.01196e-06
 8.33011e-07
 6.97638e-07
 5.92749e-07
 5.09829e-07
 4.43144e-07
 3.88719e-07
 3.43723e-07
 3.06098e-07
 2.74320e-07
 2.47239e-07
 2.23972e-07
 2.03836e-07
 1.86295e-07
 1.70921e-07
 1.57373e-07
 1.45371e-07
 1.34690e-07
 1.68053e-06
 1.30405e-06
 1.04242e-06
 8.52893e-07
 7.11027e-07
 6.01996e-07
 5.16347e-07
 4.47816e-07
 3.92112e-07
 3.46214e-07
 3.07942e-07
 2.75693e-07
 2.48264e-07
 2.24739e-07
 2.04409e-07
 1.86721e-07
 1.71234e-07
 1.57599e-07
 1.45531e-07
 1.34799e-07
 1.69521e-06
 1.31090e-06
 1.04547e-06
 8.53994e-07
 7.11114e-07
 6.01553e-07
 5.15638e-07
 4.46987e-07
 3.91245e-07
 3.45354e-07
 3.07114e-07
 2.74910e-07
 2.47531e-07
 2.24057e-07
 2.03777e-07
 1.86136e-07
 1.70695e-07
 1.57101e-07
 1.45071e-07
 1.34373e-07
 1.63989e-06
 1.27462e-06
 1.02040e-06
 8.35958e-07
 6.97706e-07
 5.91316e-07
 5.07645e-07
 4.40628e-07
 3.86103e-07
 3.41137e-07
 3.03613e-07
 2.71972e-07
 2.45041e-07
 2.21928e-07
 2.01943e-07
 1.84545e-07
 1.69305e-07
 1.55880e-07
 1.43993e-07
 1.33417e-07
 1.52510e-06
 1.20052e-06
 9.70126e-07
 8.00473e-07
 6.71840e-07
 5.71948e-07
 4.92810e-07
 4.29041e-07
 3.76898e-07
 3.33716e-07
 2.97552e-07
 2.66962e-07
 2.40858e-07
 2.18402e-07
 1.98946e-07
 1.81977e-07
 1.67090e-07
 1.53957e-07
 1.42314e-07
 1.31942e-07
 1.36986e-06
 1.09858e-06
 9.00241e-07
 7.50853e-07
 6.35566e-07
 5.44767e-07
 4.72006e-07
 4.12821e-07
 3.64048e-07
 3.23388e-07
 2.89146e-07
 2.60042e-07
 2.35102e-07
 2.13571e-07
 1.94857e-07
 1.78489e-07
 1.64094e-07
 1.51367e-07
 1.40061e-07
 1.29972e-07
 1.19512e-06
 9.80558e-07
 8.17656e-07
 6.91329e-07
 5.91567e-07
 5.11528e-07
 4.46414e-07
 3.92784e-07
 3.48125e-07
 3.10566e-07
 2.78697e-07
 2.51435e-07
 2.27944e-07
 2.07564e-07
 1.89775e-07
 1.74159e-07
 1.60378e-07
 1.48158e-07
 1.37274e-07
 1.27538e-07
 1.01890e-06
 8.57423e-07
 7.29227e-07
 6.26298e-07
 5.42737e-07
 4.74180e-07
 4.17373e-07
 3.69869e-07
 3.29801e-07
 2.95737e-07
 2.66565e-07
 2.41412e-07
 2.19586e-07
 2.00538e-07
 1.83823e-07
 1.69081e-07
 1.56018e-07
 1.44392e-07
 1.34002e-07
 1.24681e-07
 8.53975e-07
 7.37808e-07
 6.40779e-07
 5.59723e-07
 4.91802e-07
 4.34626e-07
 3.86235e-07
 3.45046e-07
 3.09784e-07
 2.79426e-07
 2.53143e-07
 2.30268e-07
 2.10257e-07
 1.92669e-07
 1.77138e-07
 1.63364e-07
 1.51100e-07
 1.40137e-07
 1.30301e-07
 1.21446e-07
 7.07554e-07
 6.27444e-07
 5.56613e-07
 4.94763e-07
 4.41071e-07
 3.94554e-07
 3.54239e-07
 3.19236e-07
 2.88763e-07
 2.62150e-07
 2.38825e-07
 2.18308e-07
 2.00194e-07
 1.84142e-07
 1.69866e-07
 1.57126e-07
 1.45718e-07
 1.35468e-07
 1.26232e-07
 1.17883e-07
 5.82284e-07
 5.29362e-07
 4.79445e-07
 4.33648e-07
 3.92304e-07
 3.55332e-07
 3.22439e-07
 2.93249e-07
 2.67363e-07
 2.44395e-07
 2.23990e-07
 2.05828e-07
 1.89627e-07
 1.75141e-07
 1.62156e-07
 1.50484e-07
 1.39967e-07
 1.30466e-07
 1.21859e-07
 1.14045e-07
 4.77765e-07
 4.44510e-07
 4.10626e-07
 3.77728e-07
 3.46702e-07
 3.17967e-07
 2.91660e-07
 2.67751e-07
 2.46115e-07
 2.26586e-07
 2.08977e-07
 1.93100e-07
 1.78778e-07
 1.65845e-07
 1.54149e-07
 1.43556e-07
 1.33944e-07
 1.25207e-07
 1.17248e-07
 1.09985e-07
 3.91950e-07
 3.72466e-07
 3.50484e-07
 3.27631e-07
 3.04963e-07
 2.83129e-07
 2.62497e-07
 2.43251e-07
 2.25449e-07
 2.09078e-07
 1.94078e-07
 1.80365e-07
 1.67843e-07
 1.56414e-07
 1.45981e-07
 1.36452e-07
 1.27740e-07
 1.19767e-07
 1.12461e-07
 1.05758e-07
