scalar
part
         1
quad4
 3.41515e-07
 3.29956e-07
 3.14742e-07
 2.97586e-07
 2.79672e-07
 2.61785e-07
 2.44426e-07
 2.27892e-07
 2.12342e-07
 1.97846e-07
 1.84412e-07
 1.72012e-07
 1.60596e-07
 1.50101e-07
 1.40461e-07
 1.31608e-07
 1.23475e-07
 1.15999e-07
 1.09122e-07
 1.02790e-07
 4.22994e-07
 3.99413e-07
 3.73508e-07
 3.47118e-07
 3.21371e-07
 2.96912e-07
 2.74073e-07
 2.52983e-07
 2.33649e-07
 2.16007e-07
 1.99953e-07
 1.85365e-07
 1.72117e-07
 1.60082e-07
 1.49143e-07
 1.39189e-07
 1.30121e-07
 1.21847e-07
 1.14287e-07
 1.07366e-07
 5.23581e-07
 4.82326e-07
 4.41653e-07
 4.03135e-07
 3.67519e-07
 3.35064e-07
 3.05751e-07
 2.79414e-07
 2.55817e-07
 2.34698e-07
 2.15796e-07
 1.98864e-07
 1.83678e-07
 1.70033e-07
 1.57748e-07
 1.46666e-07
 1.36645e-07
 1.27565e-07
 1.19317e-07
 1.11810e-07
 6.45984e-07
 5.79634e-07
 5.19223e-07
 4.65269e-07
 4.17589e-07
 3.75685e-07
 3.38938e-07
 3.06722e-07
 2.78446e-07
 2.53580e-07
 2.31657e-07
 2.12273e-07
 1.95083e-07
 1.79790e-07
 1.66143e-07
 1.53925e-07
 1.42954e-07
 1.33073e-07
 1.24149e-07
 1.16065e-07
 7.91615e-07
 6.91083e-07
 6.05314e-07
 5.32445e-07
 4.70549e-07
 4.17863e-07
 3.72864e-07
 3.34271e-07
 3.01019e-07
 2.72234e-07
 2.47197e-07
 2.25317e-07
 2.06110e-07
 1.89174e-07
 1.74178e-07
 1.60846e-07
 1.48948e-07
 1.38291e-07
 1.28713e-07
 1.20076e-07
 9.59221e-07
 8.14460e-07
 6.97671e-07
 6.02685e-07
 5.24766e-07
 4.60297e-07
 4.06504e-07
 3.61258e-07
 3.22908e-07
 2.90169e-07
 2.62030e-07
 2.37692e-07
 2.16516e-07
 1.97991e-07
 1.81699e-07
 1.67303e-07
 1.54525e-07
 1.43135e-07
 1.32941e-07
 1.23785e-07
 1.14321e-06
 9.44818e-07
 7.92351e-07
 6.72978e-07
 5.77985e-07
 5.01301e-07
 4.38600e-07
 3.86740e-07
 3.43401e-07
 3.06842e-07
 2.75740e-07
 2.49075e-07
 2.26051e-07
 2.06042e-07
 1.88549e-07
 1.73172e-07
 1.59584e-07
 1.47522e-07
 1.36767e-07
 1.27138e-07
 1.33211e-06
 1.07396e-06
 8.83622e-07
 7.39328e-07
 6.27405e-07
 5.38896e-07
 4.67733e-07
 4.09687e-07
 3.61740e-07
 3.21691e-07
 2.87903e-07
 2.59143e-07
 2.34466e-07
 2.13136e-07
 1.94577e-07
 1.78330e-07
 1.64029e-07
 1.51376e-07
 1.40127e-07
 1.30083e-07
 1.50799e-06
 1.19060e-06
 9.64285e-07
 7.97051e-07
 6.69910e-07
 5.70963e-07
 4.92436e-07
 4.29064e-07
 3.77183e-07
 3.34171e-07
 2.98116e-07
 2.67594e-07
 2.41529e-07
 2.19093e-07
 1.99643e-07
 1.82671e-07
 1.67773e-07
 1.54626e-07
 1.42965e-07
 1.32575e-07
 1.64785e-06
 1.28168e-06
 1.02658e-06
 8.41363e-07
 7.02448e-07
 5.95497e-07
 5.11352e-07
 4.43932e-07
 3.89064e-07
 3.43804e-07
 3.06027e-07
 2.74165e-07
 2.47043e-07
 2.23762e-07
 2.03629e-07
 1.86100e-07
 1.70743e-07
 1.57215e-07
 1.45234e-07
 1.34574e-07
 1.72863e-06
 1.33505e-06
 1.06370e-06
 8.68218e-07
 7.22508e-07
 6.10877e-07
 5.23404e-07
 4.53552e-07
 3.96865e-07
 3.50218e-07
 3.11364e-07
 2.78654e-07
 2.50854e-07
 2.27025e-07
 2.06445e-07
 1.88546e-07
 1.72883e-07
 1.59096e-07
 1.46897e-07
 1.36052e-07
 1.73542e-06
 1.34317e-06
 1.07147e-06
 8.75179e-07
 7.28586e-07
 6.16135e-07
 5.27945e-07
 4.57479e-07
 4.00272e-07
 3.53185e-07
 3.13960e-07
 2.80935e-07
 2.52867e-07
 2.28809e-07
 2.08032e-07
 1.89965e-07
 1.74155e-07
 1.60240e-07
 1.47931e-07
 1.36988e-07
 1.66851e-06
 1.30583e-06
 1.04964e-06
 8.62007e-07
 7.20484e-07
 6.11115e-07
 5.24851e-07
 4.55616e-07
 3.99207e-07
 3.52645e-07
 3.13766e-07
 2.80969e-07
 2.53049e-07
 2.29088e-07
 2.08370e-07
 1.90337e-07
 1.74544e-07
 1.60636e-07
 1.48323e-07
 1.37373e-07
 1.54344e-06
 1.23032e-06
 1.00191e-06
 8.30706e-07
 6.99346e-07
 5.96494e-07
 5.14537e-07
 4.48222e-07
 3.93839e-07
 3.48707e-07
 3.10853e-07
 2.78803e-07
 2.51435e-07
 2.27883e-07
 2.07473e-07
 1.89673e-07
 1.74058e-07
 1.60286e-07
 1.48079e-07
 1.37209e-07
 1.38369e-06
 1.12864e-06
 9.34779e-07
 7.84996e-07
 6.67387e-07
 5.73641e-07
 4.97877e-07
 4.35873e-07
 3.84551e-07
 3.41633e-07
 3.05407e-07
 2.74570e-07
 2.48116e-07
 2.25262e-07
 2.05391e-07
 1.88011e-07
 1.72725e-07
 1.59213e-07
 1.47213e-07
 1.36509e-07
 1.21205e-06
 1.01371e-06
 8.55812e-07
 7.29434e-07
 6.27448e-07
 5.44378e-07
 4.76069e-07
 4.19373e-07
 3.71899e-07
 3.31814e-07
 2.97703e-07
 2.68467e-07
 2.43240e-07
 2.21336e-07
 2.02207e-07
 1.85412e-07
 1.70591e-07
 1.57452e-07
 1.45754e-07
 1.35295e-07
 1.04532e-06
 8.96431e-07
 7.72003e-07
 6.68548e-07
 5.82500e-07
 5.10690e-07
 4.50464e-07
 3.99660e-07
 3.56541e-07
 3.19719e-07
 2.88084e-07
 2.60748e-07
 2.36994e-07
 2.16244e-07
 1.98027e-07
 1.81959e-07
 1.67722e-07
 1.55056e-07
 1.43742e-07
 1.33598e-07
 8.93288e-07
 7.84415e-07
 6.88852e-07
 6.06211e-07
 5.35256e-07
 4.74484e-07
 4.22413e-07
 3.77698e-07
 3.39175e-07
 3.05860e-07
 2.76928e-07
 2.51695e-07
 2.29592e-07
 2.10150e-07
 1.92978e-07
 1.77749e-07
 1.64194e-07
 1.52082e-07
 1.41224e-07
 1.31457e-07
 7.60105e-07
 6.82039e-07
 6.10085e-07
 5.45348e-07
 4.87929e-07
 4.37410e-07
 3.93140e-07
 3.54399e-07
 3.20484e-07
 2.90750e-07
 2.64623e-07
 2.41604e-07
 2.21262e-07
 2.03231e-07
 1.87196e-07
 1.72892e-07
 1.60092e-07
 1.48602e-07
 1.38257e-07
 1.28916e-07
 6.46309e-07
 5.91188e-07
 5.37844e-07
 4.87913e-07
 4.42154e-07
 4.00778e-07
 3.63674e-07
 3.30562e-07
 3.01085e-07
 2.74867e-07
 2.51541e-07
 2.30765e-07
 2.12231e-07
 1.95665e-07
 1.80825e-07
 1.67501e-07
 1.55507e-07
 1.44686e-07
 1.34899e-07
 1.26024e-07
