scalar
part
         1
quad4
 5.10213e-07
 4.74211e-07
 4.37718e-07
 4.02346e-07
 3.69004e-07
 3.38134e-07
 3.09879e-07
 2.84210e-07
 2.60994e-07
 2.40051e-07
 2.21179e-07
 2.04178e-07
 1.88853e-07
 1.75025e-07
 1.62531e-07
 1.51224e-07
 1.40974e-07
 1.31663e-07
 1.23190e-07
 1.15464e-07
 6.08876e-07
 5.54915e-07
 5.03460e-07
 4.55870e-07
 4.12660e-07
 3.73860e-07
 3.39243e-07
 3.08462e-07
 2.81130e-07
 2.56858e-07
 2.35284e-07
 2.16078e-07
 1.98944e-07
 1.83626e-07
 1.69897e-07
 1.57562e-07
 1.46451e-07
 1.36418e-07
 1.27334e-07
 1.19090e-07
 7.26533e-07
 6.47841e-07
 5.76909e-07
 5.14138e-07
 4.59138e-07
 4.11173e-07
 3.69406e-07
 3.33019e-07
 3.01264e-07
 2.73481e-07
 2.49099e-07
 2.27633e-07
 2.08670e-07
 1.91859e-07
 1.76906e-07
 1.63560e-07
 1.51610e-07
 1.40875e-07
 1.31203e-07
 1.22463e-07
 8.64069e-07
 7.52384e-07
 6.56928e-07
 5.75933e-07
 5.07322e-07
 4.49118e-07
 3.99580e-07
 3.57240e-07
 3.20882e-07
 2.89506e-07
 2.62295e-07
 2.38582e-07
 2.17818e-07
 1.99555e-07
 1.83420e-07
 1.69106e-07
 1.56358e-07
 1.44961e-07
 1.34736e-07
 1.25532e-07
 1.01987e-06
 8.66075e-07
 7.41115e-07
 6.39204e-07
 5.55562e-07
 4.86399e-07
 4.28760e-07
 3.80350e-07
 3.39384e-07
 3.04470e-07
 2.74511e-07
 2.48640e-07
 2.26167e-07
 2.06535e-07
 1.89297e-07
 1.74086e-07
 1.60603e-07
 1.48601e-07
 1.37873e-07
 1.28248e-07
 1.18816e-06
 9.83875e-07
 8.25526e-07
 7.00994e-07
 6.01672e-07
 5.21409e-07
 4.55760e-07
 4.01467e-07
 3.56112e-07
 3.17875e-07
 2.85367e-07
 2.57517e-07
 2.33489e-07
 2.12625e-07
 1.94400e-07
 1.78392e-07
 1.64260e-07
 1.51724e-07
 1.40556e-07
 1.30565e-07
 1.35755e-06
 1.09779e-06
 9.04671e-07
 7.57537e-07
 6.43048e-07
 5.52325e-07
 4.79286e-07
 4.19662e-07
 3.70388e-07
 3.29222e-07
 2.94491e-07
 2.64931e-07
 2.39572e-07
 2.17660e-07
 1.98600e-07
 1.81922e-07
 1.67246e-07
 1.54267e-07
 1.42734e-07
 1.32441e-07
 1.51091e-06
 1.19729e-06
 9.71956e-07
 8.04599e-07
 6.76906e-07
 5.77274e-07
 4.98053e-07
 4.34035e-07
 3.81572e-07
 3.38046e-07
 3.01541e-07
 2.70628e-07
 2.44223e-07
 2.21491e-07
 2.01784e-07
 1.84587e-07
 1.69494e-07
 1.56175e-07
 1.44363e-07
 1.33840e-07
 1.62776e-06
 1.27092e-06
 1.02065e-06
 8.38065e-07
 7.00642e-07
 5.94558e-07
 5.10924e-07
 4.43807e-07
 3.89117e-07
 3.43959e-07
 3.06237e-07
 2.74401e-07
 2.47287e-07
 2.24003e-07
 2.03861e-07
 1.86319e-07
 1.70948e-07
 1.57405e-07
 1.45409e-07
 1.34734e-07
 1.68935e-06
 1.30879e-06
 1.04521e-06
 8.54662e-07
 7.12240e-07
 6.02891e-07
 5.17053e-07
 4.48406e-07
 3.92629e-07
 3.46682e-07
 3.08377e-07
 2.76103e-07
 2.48655e-07
 2.25114e-07
 2.04771e-07
 1.87070e-07
 1.71573e-07
 1.57927e-07
 1.45849e-07
 1.35107e-07
 1.68458e-06
 1.30529e-06
 1.04256e-06
 8.52619e-07
 7.10631e-07
 6.01602e-07
 5.16005e-07
 4.47544e-07
 3.91910e-07
 3.46077e-07
 3.07863e-07
 2.75664e-07
 2.48276e-07
 2.24785e-07
 2.04483e-07
 1.86817e-07
 1.71349e-07
 1.57728e-07
 1.45672e-07
 1.34948e-07
 1.61393e-06
 1.26070e-06
 1.01290e-06
 8.32057e-07
 6.95897e-07
 5.90749e-07
 5.07822e-07
 4.41249e-07
 3.86984e-07
 3.42162e-07
 3.04709e-07
 2.73092e-07
 2.46157e-07
 2.23021e-07
 2.03002e-07
 1.85564e-07
 1.70281e-07
 1.56812e-07
 1.44880e-07
 1.34261e-07
 1.48930e-06
 1.18115e-06
 9.59612e-07
 7.94968e-07
 6.69260e-07
 5.71110e-07
 4.93016e-07
 4.29869e-07
 3.78089e-07
 3.35106e-07
 2.99038e-07
 2.68480e-07
 2.42365e-07
 2.19875e-07
 2.00369e-07
 1.83342e-07
 1.68393e-07
 1.55196e-07
 1.43489e-07
 1.33056e-07
 1.32995e-06
 1.07687e-06
 8.88493e-07
 7.44799e-07
 6.32859e-07
 5.44060e-07
 4.72497e-07
 4.14023e-07
 3.65657e-07
 3.25215e-07
 2.91070e-07
 2.61989e-07
 2.37024e-07
 2.15438e-07
 1.96653e-07
 1.80205e-07
 1.65726e-07
 1.52915e-07
 1.41525e-07
 1.31357e-07
 1.15655e-06
 9.59501e-07
 8.06408e-07
 6.85770e-07
 5.89380e-07
 5.11361e-07
 4.47453e-07
 3.94529e-07
 3.50264e-07
 3.12903e-07
 2.81108e-07
 2.53842e-07
 2.30299e-07
 2.09838e-07
 1.91952e-07
 1.76230e-07
 1.62342e-07
 1.50016e-07
 1.39027e-07
 1.29192e-07
 9.86126e-07
 8.39544e-07
 7.19975e-07
 6.22149e-07
 5.41643e-07
 4.74919e-07
 4.19197e-07
 3.72312e-07
 3.32571e-07
 2.98651e-07
 2.69505e-07
 2.44306e-07
 2.22392e-07
 2.03228e-07
 1.86385e-07
 1.71510e-07
 1.58314e-07
 1.46557e-07
 1.36042e-07
 1.26602e-07
 8.29760e-07
 7.24850e-07
 6.34616e-07
 5.57679e-07
 4.92249e-07
 4.36561e-07
 3.89032e-07
 3.48311e-07
 3.13267e-07
 2.82967e-07
 2.56645e-07
 2.33670e-07
 2.13524e-07
 1.95781e-07
 1.80088e-07
 1.66151e-07
 1.53726e-07
 1.42607e-07
 1.32624e-07
 1.23629e-07
 6.92826e-07
 6.20231e-07
 5.54148e-07
 4.95246e-07
 4.43345e-07
 3.97878e-07
 3.58138e-07
 3.23406e-07
 2.93011e-07
 2.66353e-07
 2.42908e-07
 2.22227e-07
 2.03926e-07
 1.87676e-07
 1.73201e-07
 1.60265e-07
 1.48668e-07
 1.38238e-07
 1.28831e-07
 1.20322e-07
 5.76551e-07
 5.27909e-07
 4.80820e-07
 4.36805e-07
 3.96525e-07
 3.60131e-07
 3.27499e-07
 2.98362e-07
 2.72398e-07
 2.49270e-07
 2.28658e-07
 2.10264e-07
 1.93821e-07
 1.79091e-07
 1.65867e-07
 1.53967e-07
 1.43233e-07
 1.33526e-07
 1.24727e-07
 1.16733e-07
 4.79721e-07
 4.48267e-07
 4.15618e-07
 3.83475e-07
 3.52837e-07
 3.24231e-07
 2.97876e-07
 2.73802e-07
 2.51930e-07
 2.32124e-07
 2.14218e-07
 1.98040e-07
 1.83419e-07
 1.70197e-07
 1.58225e-07
 1.47371e-07
 1.37514e-07
 1.28546e-07
 1.20374e-07
 1.12913e-07
