scalar
part
         1
quad4
 5.03923e-07
 4.68715e-07
 4.32932e-07
 3.98183e-07
 3.65379e-07
 3.34971e-07
 3.07112e-07
 2.81780e-07
 2.58853e-07
 2.38156e-07
 2.19496e-07
 2.02677e-07
 1.87509e-07
 1.73817e-07
 1.61442e-07
 1.50238e-07
 1.40078e-07
 1.30847e-07
 1.22444e-07
 1.14781e-07
 6.01785e-07
 5.48842e-07
 4.98266e-07
 4.51423e-07
 4.08841e-07
 3.70567e-07
 3.36392e-07
 3.05981e-07
 2.78960e-07
 2.54951e-07
 2.33600e-07
 2.14583e-07
 1.97611e-07
 1.82432e-07
 1.68824e-07
 1.56593e-07
 1.45573e-07
 1.35619e-07
 1.26605e-07
 1.18423e-07
 7.18573e-07
 6.41181e-07
 5.71325e-07
 5.09439e-07
 4.55161e-07
 4.07786e-07
 3.66503e-07
 3.30515e-07
 2.99090e-07
 2.71582e-07
 2.47431e-07
 2.26159e-07
 2.07361e-07
 1.90690e-07
 1.75858e-07
 1.62616e-07
 1.50756e-07
 1.40100e-07
 1.30497e-07
 1.21817e-07
 8.55218e-07
 7.45167e-07
 6.51009e-07
 5.71040e-07
 5.03243e-07
 4.45686e-07
 3.96668e-07
 3.54749e-07
 3.18734e-07
 2.87640e-07
 2.60663e-07
 2.37146e-07
 2.16546e-07
 1.98422e-07
 1.82406e-07
 1.68195e-07
 1.55535e-07
 1.44215e-07
 1.34057e-07
 1.24912e-07
 1.01019e-06
 8.58404e-07
 7.34964e-07
 6.34211e-07
 5.51458e-07
 4.82987e-07
 4.25891e-07
 3.77913e-07
 3.37296e-07
 3.02664e-07
 2.72937e-07
 2.47259e-07
 2.24947e-07
 2.05451e-07
 1.88328e-07
 1.73217e-07
 1.59819e-07
 1.47890e-07
 1.37226e-07
 1.27657e-07
 1.17785e-06
 9.75946e-07
 8.19310e-07
 6.96033e-07
 5.97647e-07
 5.18095e-07
 4.52995e-07
 3.99132e-07
 3.54119e-07
 3.16158e-07
 2.83874e-07
 2.56210e-07
 2.32336e-07
 2.11602e-07
 1.93486e-07
 1.77572e-07
 1.63520e-07
 1.51054e-07
 1.39946e-07
 1.30008e-07
 1.34702e-06
 1.08991e-06
 8.98620e-07
 7.52776e-07
 6.39225e-07
 5.49200e-07
 4.76692e-07
 4.17479e-07
 3.68530e-07
 3.27623e-07
 2.93103e-07
 2.63716e-07
 2.38500e-07
 2.16708e-07
 1.97750e-07
 1.81158e-07
 1.66557e-07
 1.53642e-07
 1.42165e-07
 1.31921e-07
 1.50080e-06
 1.18990e-06
 9.66354e-07
 8.00230e-07
 6.73417e-07
 5.74431e-07
 4.95698e-07
 4.32055e-07
 3.79886e-07
 3.36594e-07
 3.00280e-07
 2.69523e-07
 2.43246e-07
 2.20623e-07
 2.01007e-07
 1.83888e-07
 1.68862e-07
 1.55601e-07
 1.43839e-07
 1.33360e-07
 1.61889e-06
 1.26449e-06
 1.01580e-06
 8.34283e-07
 6.97617e-07
 5.92087e-07
 5.08870e-07
 4.42074e-07
 3.87636e-07
 3.42679e-07
 3.05121e-07
 2.73419e-07
 2.46417e-07
 2.23227e-07
 2.03164e-07
 1.85691e-07
 1.70379e-07
 1.56885e-07
 1.44934e-07
 1.34299e-07
 1.68251e-06
 1.30377e-06
 1.04137e-06
 8.51630e-07
 7.09786e-07
 6.00864e-07
 5.15351e-07
 4.46957e-07
 3.91380e-07
 3.45595e-07
 3.07422e-07
 2.75258e-07
 2.47901e-07
 2.24438e-07
 2.04161e-07
 1.86517e-07
 1.71069e-07
 1.57466e-07
 1.45426e-07
 1.34717e-07
 1.68029e-06
 1.30196e-06
 1.03990e-06
 8.50444e-07
 7.08819e-07
 6.00068e-07
 5.14690e-07
 4.46404e-07
 3.90913e-07
 3.45197e-07
 3.07081e-07
 2.74963e-07
 2.47645e-07
 2.24214e-07
 2.03964e-07
 1.86343e-07
 1.70915e-07
 1.57329e-07
 1.45303e-07
 1.34606e-07
 1.61224e-06
 1.25911e-06
 1.01146e-06
 8.30767e-07
 6.94748e-07
 5.89724e-07
 5.06907e-07
 4.40429e-07
 3.86245e-07
 3.41495e-07
 3.04104e-07
 2.72541e-07
 2.45653e-07
 2.22559e-07
 2.02577e-07
 1.85172e-07
 1.69918e-07
 1.56475e-07
 1.44566e-07
 1.33968e-07
 1.48984e-06
 1.18112e-06
 9.59297e-07
 7.94516e-07
 6.68749e-07
 5.70582e-07
 4.92494e-07
 4.29365e-07
 3.77608e-07
 3.34651e-07
 2.98610e-07
 2.68078e-07
 2.41989e-07
 2.19522e-07
 2.00038e-07
 1.83032e-07
 1.68101e-07
 1.54922e-07
 1.43231e-07
 1.32813e-07
 1.33213e-06
 1.07808e-06
 8.89128e-07
 7.45080e-07
 6.32922e-07
 5.43988e-07
 4.72342e-07
 4.13818e-07
 3.65423e-07
 3.24966e-07
 2.90815e-07
 2.61733e-07
 2.36772e-07
 2.15193e-07
 1.96415e-07
 1.79976e-07
 1.65506e-07
 1.52704e-07
 1.41323e-07
 1.31163e-07
 1.15977e-06
 9.61598e-07
 8.07772e-07
 6.86646e-07
 5.89929e-07
 5.11687e-07
 4.47625e-07
 3.94596e-07
 3.50257e-07
 3.12846e-07
 2.81015e-07
 2.53726e-07
 2.30167e-07
 2.09696e-07
 1.91804e-07
 1.76080e-07
 1.62192e-07
 1.49866e-07
 1.38880e-07
 1.29048e-07
 9.89886e-07
 8.42198e-07
 7.21850e-07
 6.23475e-07
 5.42578e-07
 4.75573e-07
 4.19649e-07
 3.72616e-07
 3.32768e-07
 2.98767e-07
 2.69562e-07
 2.44320e-07
 2.22372e-07
 2.03185e-07
 1.86324e-07
 1.71436e-07
 1.58230e-07
 1.46467e-07
 1.35948e-07
 1.26505e-07
 8.33717e-07
 7.27799e-07
 6.36814e-07
 5.59318e-07
 4.93473e-07
 4.37475e-07
 3.89713e-07
 3.48816e-07
 3.13638e-07
 2.83236e-07
 2.56836e-07
 2.33800e-07
 2.13608e-07
 1.95829e-07
 1.80107e-07
 1.66148e-07
 1.53706e-07
 1.42574e-07
 1.32580e-07
 1.23577e-07
 6.96760e-07
 6.23289e-07
 5.56519e-07
 4.97084e-07
 4.44771e-07
 3.98985e-07
 3.58998e-07
 3.24074e-07
 2.93529e-07
 2.66753e-07
 2.43216e-07
 2.22462e-07
 2.04102e-07
 1.87806e-07
 1.73294e-07
 1.60328e-07
 1.48707e-07
 1.38258e-07
 1.28836e-07
 1.20314e-07
 5.80332e-07
 5.30949e-07
 4.83254e-07
 4.38751e-07
 3.98079e-07
 3.61373e-07
 3.28492e-07
 2.99157e-07
 2.73034e-07
 2.49780e-07
 2.29065e-07
 2.10589e-07
 1.94079e-07
 1.79295e-07
 1.66027e-07
 1.54091e-07
 1.43327e-07
 1.33595e-07
 1.24777e-07
 1.16766e-07
 4.83283e-07
 4.51212e-07
 4.18039e-07
 3.85459e-07
 3.54461e-07
 3.25559e-07
 2.98962e-07
 2.74691e-07
 2.52659e-07
 2.32722e-07
 2.14708e-07
 1.98442e-07
 1.83748e-07
 1.70466e-07
 1.58444e-07
 1.47549e-07
 1.37657e-07
 1.28661e-07
 1.20465e-07
 1.12983e-07
