scalar
part
         1
quad4
 3.86978e-07
 3.69392e-07
 3.48789e-07
 3.26922e-07
 3.04951e-07
 2.83604e-07
 2.63306e-07
 2.44284e-07
 2.26628e-07
 2.10346e-07
 1.95395e-07
 1.81702e-07
 1.69180e-07
 1.57737e-07
 1.47280e-07
 1.37719e-07
 1.28973e-07
 1.20962e-07
 1.13617e-07
 1.06874e-07
 4.74324e-07
 4.42971e-07
 4.10370e-07
 3.78320e-07
 3.47840e-07
 3.19447e-07
 2.93343e-07
 2.69542e-07
 2.47951e-07
 2.28425e-07
 2.10791e-07
 1.94873e-07
 1.80497e-07
 1.67504e-07
 1.55746e-07
 1.45088e-07
 1.35412e-07
 1.26612e-07
 1.18593e-07
 1.11271e-07
 5.81256e-07
 5.30027e-07
 4.81121e-07
 4.35897e-07
 3.94850e-07
 3.58003e-07
 3.25130e-07
 2.95896e-07
 2.69928e-07
 2.46859e-07
 2.26343e-07
 2.08066e-07
 1.91752e-07
 1.77155e-07
 1.64063e-07
 1.52291e-07
 1.41679e-07
 1.32088e-07
 1.23397e-07
 1.15504e-07
 7.10103e-07
 6.31122e-07
 5.60773e-07
 4.99045e-07
 4.45281e-07
 3.98593e-07
 3.58060e-07
 3.22824e-07
 2.92120e-07
 2.65283e-07
 2.41748e-07
 2.21035e-07
 2.02739e-07
 1.86521e-07
 1.72093e-07
 1.59214e-07
 1.47677e-07
 1.37310e-07
 1.27966e-07
 1.19517e-07
 8.61520e-07
 7.45392e-07
 6.47985e-07
 5.66394e-07
 4.97904e-07
 4.40179e-07
 3.91284e-07
 3.49641e-07
 3.13974e-07
 2.83256e-07
 2.56654e-07
 2.33496e-07
 2.13234e-07
 1.95421e-07
 1.79689e-07
 1.65736e-07
 1.53309e-07
 1.42199e-07
 1.32231e-07
 1.23256e-07
 1.03296e-06
 8.69763e-07
 7.39959e-07
 6.35633e-07
 5.50890e-07
 4.81342e-07
 4.23706e-07
 3.75503e-07
 3.34844e-07
 3.00276e-07
 2.70672e-07
 2.45144e-07
 2.22994e-07
 2.03662e-07
 1.86697e-07
 1.71734e-07
 1.58474e-07
 1.46673e-07
 1.36126e-07
 1.26664e-07
 1.21694e-06
 9.98237e-07
 8.32186e-07
 7.03452e-07
 6.01825e-07
 5.20318e-07
 4.54032e-07
 3.99451e-07
 3.54011e-07
 3.15803e-07
 2.83388e-07
 2.55663e-07
 2.31774e-07
 2.11051e-07
 1.92964e-07
 1.77086e-07
 1.63076e-07
 1.50653e-07
 1.39587e-07
 1.29690e-07
 1.39987e-06
 1.12165e-06
 9.18505e-07
 7.65674e-07
 6.47842e-07
 5.55111e-07
 4.80848e-07
 4.20473e-07
 3.70738e-07
 3.29291e-07
 2.94394e-07
 2.64742e-07
 2.39336e-07
 2.17406e-07
 1.98347e-07
 1.81681e-07
 1.67024e-07
 1.54066e-07
 1.42556e-07
 1.32286e-07
 1.56234e-06
 1.22828e-06
 9.91643e-07
 8.17660e-07
 6.85902e-07
 5.83679e-07
 5.02754e-07
 4.37583e-07
 3.84321e-07
 3.40229e-07
 3.03314e-07
 2.72099e-07
 2.45467e-07
 2.22562e-07
 2.02719e-07
 1.85417e-07
 1.70238e-07
 1.56850e-07
 1.44981e-07
 1.34410e-07
 1.68187e-06
 1.30565e-06
 1.04431e-06
 8.54962e-07
 7.13189e-07
 6.04182e-07
 5.18512e-07
 4.49932e-07
 3.94161e-07
 3.48186e-07
 3.09833e-07
 2.77501e-07
 2.49989e-07
 2.26383e-07
 2.05975e-07
 1.88212e-07
 1.72655e-07
 1.58952e-07
 1.46821e-07
 1.36028e-07
 1.73856e-06
 1.34336e-06
 1.07069e-06
 8.74142e-07
 7.27576e-07
 6.15253e-07
 5.27214e-07
 4.56897e-07
 3.99823e-07
 3.52851e-07
 3.13722e-07
 2.80777e-07
 2.52775e-07
 2.28772e-07
 2.08039e-07
 1.90007e-07
 1.74226e-07
 1.60336e-07
 1.48045e-07
 1.37117e-07
 1.72225e-06
 1.33624e-06
 1.06790e-06
 8.73505e-07
 7.28011e-07
 6.16209e-07
 5.28403e-07
 4.58162e-07
 4.01082e-07
 3.54061e-07
 3.14862e-07
 2.81838e-07
 2.53756e-07
 2.29676e-07
 2.08870e-07
 1.90770e-07
 1.74926e-07
 1.60979e-07
 1.48636e-07
 1.37661e-07
 1.63724e-06
 1.28617e-06
 1.03687e-06
 8.53507e-07
 7.14728e-07
 6.07174e-07
 5.22142e-07
 4.53759e-07
 3.97953e-07
 3.51820e-07
 3.13251e-07
 2.80681e-07
 2.52928e-07
 2.29089e-07
 2.08461e-07
 1.90494e-07
 1.74750e-07
 1.60877e-07
 1.48590e-07
 1.37656e-07
 1.50073e-06
 1.20157e-06
 9.82026e-07
 8.16637e-07
 6.89192e-07
 5.89043e-07
 5.08995e-07
 4.44055e-07
 3.90679e-07
 3.46294e-07
 3.09005e-07
 2.77385e-07
 2.50347e-07
 2.27052e-07
 2.06844e-07
 1.89203e-07
 1.73714e-07
 1.60043e-07
 1.47916e-07
 1.37111e-07
 1.33564e-06
 1.09450e-06
 9.10089e-07
 7.66821e-07
 6.53792e-07
 5.63322e-07
 4.89942e-07
 4.29702e-07
 3.79704e-07
 3.37793e-07
 3.02342e-07
 2.72108e-07
 2.46129e-07
 2.23652e-07
 2.04082e-07
 1.86944e-07
 1.71855e-07
 1.58504e-07
 1.46637e-07
 1.36042e-07
 1.16309e-06
 9.77261e-07
 8.28402e-07
 7.08580e-07
 6.11393e-07
 5.31875e-07
 4.66226e-07
 4.11548e-07
 3.65620e-07
 3.26734e-07
 2.93563e-07
 2.65070e-07
 2.40436e-07
 2.19009e-07
 2.00268e-07
 1.83789e-07
 1.69228e-07
 1.56305e-07
 1.44785e-07
 1.34476e-07
 9.98172e-07
 8.59870e-07
 7.43540e-07
 6.46243e-07
 5.64885e-07
 4.96662e-07
 4.39199e-07
 3.90540e-07
 3.49100e-07
 3.13604e-07
 2.83025e-07
 2.56536e-07
 2.33467e-07
 2.13275e-07
 1.95517e-07
 1.79826e-07
 1.65904e-07
 1.53500e-07
 1.42406e-07
 1.32448e-07
 8.49345e-07
 7.49129e-07
 6.60529e-07
 5.83420e-07
 5.16835e-07
 4.59514e-07
 4.10173e-07
 3.67628e-07
 3.30839e-07
 2.98917e-07
 2.71112e-07
 2.46795e-07
 2.25443e-07
 2.06620e-07
 1.89960e-07
 1.75159e-07
 1.61962e-07
 1.50153e-07
 1.39550e-07
 1.30000e-07
 7.19916e-07
 6.48798e-07
 5.82684e-07
 5.22770e-07
 4.69293e-07
 4.21981e-07
 3.80314e-07
 3.43689e-07
 3.11499e-07
 2.83175e-07
 2.58206e-07
 2.36142e-07
 2.16593e-07
 1.99221e-07
 1.83739e-07
 1.69900e-07
 1.57492e-07
 1.46335e-07
 1.36275e-07
 1.27178e-07
 6.09931e-07
 5.60341e-07
 5.11824e-07
 4.66018e-07
 4.23738e-07
 3.85269e-07
 3.50584e-07
 3.19480e-07
 2.91672e-07
 2.66841e-07
 2.44671e-07
 2.24862e-07
 2.07140e-07
 1.91257e-07
 1.76995e-07
 1.64161e-07
 1.52585e-07
 1.42122e-07
 1.32641e-07
 1.24031e-07
