scalar
part
         1
quad4
 3.36758e-07
 3.26232e-07
 3.11868e-07
 2.95400e-07
 2.78037e-07
 2.60588e-07
 2.43574e-07
 2.27310e-07
 2.11973e-07
 1.97642e-07
 1.84337e-07
 1.72037e-07
 1.60698e-07
 1.50262e-07
 1.40667e-07
 1.31847e-07
 1.23739e-07
 1.16281e-07
 1.09417e-07
 1.03092e-07
 4.18263e-07
 3.95871e-07
 3.70906e-07
 3.45249e-07
 3.20067e-07
 2.96041e-07
 2.73531e-07
 2.52691e-07
 2.33546e-07
 2.16046e-07
 2.00098e-07
 1.85589e-07
 1.72398e-07
 1.60405e-07
 1.49495e-07
 1.39560e-07
 1.30504e-07
 1.22237e-07
 1.14678e-07
 1.07757e-07
 5.19111e-07
 4.79187e-07
 4.39517e-07
 4.01744e-07
 3.66678e-07
 3.34625e-07
 3.05604e-07
 2.79479e-07
 2.56033e-07
 2.35021e-07
 2.16194e-07
 1.99313e-07
 1.84159e-07
 1.70534e-07
 1.58259e-07
 1.47179e-07
 1.37156e-07
 1.28069e-07
 1.19812e-07
 1.12293e-07
 6.42141e-07
 5.77213e-07
 5.17808e-07
 4.64558e-07
 4.17366e-07
 3.75796e-07
 3.39277e-07
 3.07213e-07
 2.79035e-07
 2.54229e-07
 2.32340e-07
 2.12972e-07
 1.95784e-07
 1.80485e-07
 1.66824e-07
 1.54590e-07
 1.43599e-07
 1.33698e-07
 1.24751e-07
 1.16645e-07
 7.88954e-07
 6.89811e-07
 6.04945e-07
 5.32653e-07
 4.71120e-07
 4.18655e-07
 3.73785e-07
 3.35258e-07
 3.02033e-07
 2.73248e-07
 2.48194e-07
 2.26288e-07
 2.07047e-07
 1.90075e-07
 1.75041e-07
 1.61670e-07
 1.49734e-07
 1.39041e-07
 1.29427e-07
 1.20756e-07
 9.58526e-07
 8.14891e-07
 6.98731e-07
 6.04078e-07
 5.26316e-07
 4.61898e-07
 4.08096e-07
 3.62806e-07
 3.24393e-07
 2.91581e-07
 2.63367e-07
 2.38953e-07
 2.17704e-07
 1.99108e-07
 1.82751e-07
 1.68293e-07
 1.55457e-07
 1.44013e-07
 1.33770e-07
 1.24567e-07
 1.14549e-06
 9.47600e-07
 7.95255e-07
 6.75824e-07
 5.80690e-07
 5.03830e-07
 4.40944e-07
 3.88903e-07
 3.45395e-07
 3.08679e-07
 2.77435e-07
 2.50640e-07
 2.27499e-07
 2.07384e-07
 1.89795e-07
 1.74330e-07
 1.60664e-07
 1.48531e-07
 1.37711e-07
 1.28023e-07
 1.33853e-06
 1.07975e-06
 8.88753e-07
 7.43858e-07
 6.31405e-07
 5.42439e-07
 4.70883e-07
 4.12502e-07
 3.64267e-07
 3.23968e-07
 2.89965e-07
 2.61018e-07
 2.36177e-07
 2.14703e-07
 1.96017e-07
 1.79658e-07
 1.65257e-07
 1.52515e-07
 1.41186e-07
 1.31070e-07
 1.51952e-06
 1.19989e-06
 9.71902e-07
 8.03403e-07
 6.75282e-07
 5.75563e-07
 4.96417e-07
 4.32543e-07
 3.80247e-07
 3.36891e-07
 3.00546e-07
 2.69778e-07
 2.43502e-07
 2.20884e-07
 2.01276e-07
 1.84166e-07
 1.69148e-07
 1.55893e-07
 1.44137e-07
 1.33662e-07
 1.66491e-06
 1.29461e-06
 1.03673e-06
 8.49540e-07
 7.09180e-07
 6.01136e-07
 5.16145e-07
 4.48057e-07
 3.92651e-07
 3.46953e-07
 3.08813e-07
 2.76648e-07
 2.49269e-07
 2.25769e-07
 2.05448e-07
 1.87757e-07
 1.72259e-07
 1.58606e-07
 1.46516e-07
 1.35759e-07
 1.75069e-06
 1.35129e-06
 1.07615e-06
 8.78064e-07
 7.30488e-07
 6.17474e-07
 5.28949e-07
 4.58277e-07
 4.00939e-07
 3.53767e-07
 3.14484e-07
 2.81417e-07
 2.53318e-07
 2.29237e-07
 2.08441e-07
 1.90357e-07
 1.74532e-07
 1.60605e-07
 1.48283e-07
 1.37329e-07
 1.76102e-06
 1.36190e-06
 1.08574e-06
 8.86385e-07
 7.37607e-07
 6.23548e-07
 5.34139e-07
 4.62729e-07
 4.04777e-07
 3.57093e-07
 3.17380e-07
 2.83953e-07
 2.55549e-07
 2.31208e-07
 2.10191e-07
 1.91917e-07
 1.75928e-07
 1.61859e-07
 1.49414e-07
 1.38352e-07
 1.69576e-06
 1.32599e-06
 1.06508e-06
 8.74162e-07
 7.30277e-07
 6.19157e-07
 5.31563e-07
 4.61296e-07
 4.04073e-07
 3.56857e-07
 3.17444e-07
 2.84208e-07
 2.55923e-07
 2.31653e-07
 2.10674e-07
 1.92417e-07
 1.76431e-07
 1.62355e-07
 1.49896e-07
 1.38817e-07
 1.57053e-06
 1.25082e-06
 1.01783e-06
 8.43365e-07
 7.09607e-07
 6.04954e-07
 5.21616e-07
 4.54223e-07
 3.98983e-07
 3.53160e-07
 3.14743e-07
 2.82227e-07
 2.54470e-07
 2.30591e-07
 2.09903e-07
 1.91865e-07
 1.76045e-07
 1.62094e-07
 1.49732e-07
 1.38725e-07
 1.40935e-06
 1.14859e-06
 9.50589e-07
 7.97739e-07
 6.77823e-07
 5.82310e-07
 5.05170e-07
 4.42080e-07
 3.89887e-07
 3.46262e-07
 3.09456e-07
 2.78137e-07
 2.51281e-07
 2.28087e-07
 2.07927e-07
 1.90297e-07
 1.74797e-07
 1.61098e-07
 1.48936e-07
 1.38089e-07
 1.23554e-06
 1.03251e-06
 8.71042e-07
 7.41917e-07
 6.37802e-07
 5.53063e-07
 4.83432e-07
 4.25676e-07
 3.77342e-07
 3.36552e-07
 3.01860e-07
 2.72138e-07
 2.46501e-07
 2.24250e-07
 2.04825e-07
 1.87775e-07
 1.72734e-07
 1.59403e-07
 1.47536e-07
 1.36929e-07
 1.06636e-06
 9.13752e-07
 7.86348e-07
 6.80516e-07
 5.92568e-07
 5.19231e-07
 4.57770e-07
 4.05958e-07
 3.62012e-07
 3.24504e-07
 2.92298e-07
 2.64480e-07
 2.40319e-07
 2.19221e-07
 2.00706e-07
 1.84380e-07
 1.69920e-07
 1.57058e-07
 1.45573e-07
 1.35278e-07
 9.11887e-07
 8.00128e-07
 7.02145e-07
 6.17499e-07
 5.44891e-07
 4.82756e-07
 4.29557e-07
 3.83907e-07
 3.44605e-07
 3.10636e-07
 2.81153e-07
 2.55451e-07
 2.32949e-07
 2.13164e-07
 1.95696e-07
 1.80210e-07
 1.66431e-07
 1.54124e-07
 1.43093e-07
 1.33173e-07
 7.76441e-07
 6.96157e-07
 6.22267e-07
 5.55868e-07
 4.97037e-07
 4.45324e-07
 4.00045e-07
 3.60452e-07
 3.25815e-07
 2.95468e-07
 2.68817e-07
 2.45350e-07
 2.24622e-07
 2.06257e-07
 1.89933e-07
 1.75376e-07
 1.62354e-07
 1.50669e-07
 1.40152e-07
 1.30659e-07
 6.60623e-07
 6.03806e-07
 5.48925e-07
 4.97633e-07
 4.50684e-07
 4.08277e-07
 3.70284e-07
 3.36407e-07
 3.06272e-07
 2.79486e-07
 2.55670e-07
 2.34471e-07
 2.15569e-07
 1.98682e-07
 1.83561e-07
 1.69990e-07
 1.57780e-07
 1.46767e-07
 1.36810e-07
 1.27784e-07
