scalar
part
         1
quad4
 6.24474e-07
 5.71965e-07
 5.20970e-07
 4.73115e-07
 4.29170e-07
 3.89366e-07
 3.53620e-07
 3.21678e-07
 2.93209e-07
 2.67860e-07
 2.45285e-07
 2.25160e-07
 2.07191e-07
 1.91118e-07
 1.76708e-07
 1.63761e-07
 1.52100e-07
 1.41573e-07
 1.32045e-07
 1.23402e-07
 7.35660e-07
 6.60898e-07
 5.91824e-07
 5.29562e-07
 4.74252e-07
 4.25522e-07
 3.82766e-07
 3.45309e-07
 3.12483e-07
 2.83677e-07
 2.58342e-07
 2.36002e-07
 2.16246e-07
 1.98721e-07
 1.83125e-07
 1.69205e-07
 1.56740e-07
 1.45544e-07
 1.35460e-07
 1.26350e-07
 8.66023e-07
 7.61311e-07
 6.69249e-07
 5.89527e-07
 5.20992e-07
 4.62227e-07
 4.11820e-07
 3.68492e-07
 3.31130e-07
 2.98790e-07
 2.70682e-07
 2.46148e-07
 2.24644e-07
 2.05715e-07
 1.88985e-07
 1.74141e-07
 1.60920e-07
 1.49102e-07
 1.38501e-07
 1.28962e-07
 1.01514e-06
 8.71436e-07
 7.51207e-07
 6.51136e-07
 5.67818e-07
 4.98217e-07
 4.39787e-07
 3.90453e-07
 3.48547e-07
 3.12733e-07
 2.81941e-07
 2.55313e-07
 2.32161e-07
 2.11924e-07
 1.94147e-07
 1.78458e-07
 1.64551e-07
 1.52173e-07
 1.41111e-07
 1.31189e-07
 1.17908e-06
 9.87083e-07
 8.34115e-07
 7.11571e-07
 6.12588e-07
 5.31891e-07
 4.65475e-07
 4.10305e-07
 3.64071e-07
 3.25004e-07
 2.91738e-07
 2.63207e-07
 2.38574e-07
 2.17173e-07
 1.98475e-07
 1.82049e-07
 1.67549e-07
 1.54688e-07
 1.43233e-07
 1.32987e-07
 1.34842e-06
 1.10092e-06
 9.12658e-07
 7.67078e-07
 6.52670e-07
 5.61395e-07
 4.87567e-07
 4.27100e-07
 3.77014e-07
 3.35101e-07
 2.99701e-07
 2.69549e-07
 2.43669e-07
 2.21301e-07
 2.01843e-07
 1.84816e-07
 1.69835e-07
 1.56588e-07
 1.44819e-07
 1.34318e-07
 1.50691e-06
 1.20238e-06
 9.80047e-07
 8.13255e-07
 6.85163e-07
 5.84785e-07
 5.04736e-07
 4.39918e-07
 3.86726e-07
 3.42556e-07
 3.05488e-07
 2.74087e-07
 2.47261e-07
 2.24165e-07
 2.04143e-07
 1.86674e-07
 1.71345e-07
 1.57821e-07
 1.45830e-07
 1.35149e-07
 1.63250e-06
 1.27893e-06
 1.02892e-06
 8.45640e-07
 7.07277e-07
 6.00263e-07
 5.15794e-07
 4.47955e-07
 3.92652e-07
 3.46978e-07
 3.08822e-07
 2.76621e-07
 2.49198e-07
 2.25655e-07
 2.05292e-07
 1.87562e-07
 1.72030e-07
 1.58349e-07
 1.46234e-07
 1.35457e-07
 1.70236e-06
 1.31884e-06
 1.05289e-06
 8.60559e-07
 7.16806e-07
 6.06456e-07
 5.19859e-07
 4.50629e-07
 3.94398e-07
 3.48096e-07
 3.09510e-07
 2.77012e-07
 2.49384e-07
 2.25697e-07
 2.05235e-07
 1.87437e-07
 1.71860e-07
 1.58148e-07
 1.46015e-07
 1.35228e-07
 1.70127e-06
 1.31487e-06
 1.04821e-06
 8.55957e-07
 7.12564e-07
 6.02652e-07
 5.16489e-07
 4.47657e-07
 3.91781e-07
 3.45788e-07
 3.07471e-07
 2.75205e-07
 2.47777e-07
 2.24264e-07
 2.03953e-07
 1.86287e-07
 1.70824e-07
 1.57212e-07
 1.45168e-07
 1.34458e-07
 1.62843e-06
 1.26688e-06
 1.01492e-06
 8.31923e-07
 6.94645e-07
 5.88935e-07
 5.05755e-07
 4.39100e-07
 3.84850e-07
 3.40095e-07
 3.02737e-07
 2.71227e-07
 2.44402e-07
 2.21376e-07
 2.01463e-07
 1.84124e-07
 1.68934e-07
 1.55551e-07
 1.43700e-07
 1.33154e-07
 1.49743e-06
 1.18175e-06
 9.56801e-07
 7.90666e-07
 6.64409e-07
 5.66180e-07
 4.88242e-07
 4.25359e-07
 3.73887e-07
 3.31221e-07
 2.95460e-07
 2.65191e-07
 2.39345e-07
 2.17099e-07
 1.97815e-07
 1.80990e-07
 1.66222e-07
 1.53190e-07
 1.41632e-07
 1.31334e-07
 1.32984e-06
 1.07082e-06
 8.80232e-07
 7.35972e-07
 6.24205e-07
 5.35900e-07
 4.64955e-07
 4.07122e-07
 3.59376e-07
 3.19511e-07
 2.85892e-07
 2.57285e-07
 2.32745e-07
 2.11540e-07
 1.93094e-07
 1.76950e-07
 1.62741e-07
 1.50172e-07
 1.39000e-07
 1.29025e-07
 1.14759e-06
 9.46556e-07
 7.92605e-07
 6.72396e-07
 5.76938e-07
 5.00005e-07
 4.37184e-07
 3.85281e-07
 3.41946e-07
 3.05419e-07
 2.74365e-07
 2.47756e-07
 2.24792e-07
 2.04844e-07
 1.87411e-07
 1.72092e-07
 1.58560e-07
 1.46551e-07
 1.35846e-07
 1.26264e-07
 9.68275e-07
 8.19942e-07
 7.00898e-07
 6.04467e-07
 5.25613e-07
 4.60532e-07
 4.06339e-07
 3.60831e-07
 3.22313e-07
 2.89468e-07
 2.61266e-07
 2.36895e-07
 2.15706e-07
 1.97180e-07
 1.80899e-07
 1.66519e-07
 1.53761e-07
 1.42394e-07
 1.32225e-07
 1.23094e-07
 8.03526e-07
 6.99157e-07
 6.10775e-07
 5.36111e-07
 4.72970e-07
 4.19414e-07
 3.73801e-07
 3.34772e-07
 3.01209e-07
 2.72201e-07
 2.47005e-07
 2.25013e-07
 2.05726e-07
 1.88736e-07
 1.73703e-07
 1.60348e-07
 1.48437e-07
 1.37775e-07
 1.28197e-07
 1.19564e-07
 6.59342e-07
 5.89305e-07
 5.26225e-07
 4.70336e-07
 4.21249e-07
 3.78313e-07
 3.40807e-07
 3.08027e-07
 2.79331e-07
 2.54148e-07
 2.31987e-07
 2.12423e-07
 1.95097e-07
 1.79701e-07
 1.65976e-07
 1.53700e-07
 1.42686e-07
 1.32773e-07
 1.23826e-07
 1.15726e-07
 5.37404e-07
 4.92821e-07
 4.49612e-07
 4.09171e-07
 3.72097e-07
 3.38534e-07
 3.08377e-07
 2.81393e-07
 2.57297e-07
 2.35792e-07
 2.16590e-07
 1.99425e-07
 1.84055e-07
 1.70266e-07
 1.57868e-07
 1.46697e-07
 1.36606e-07
 1.27470e-07
 1.19179e-07
 1.11637e-07
 4.36652e-07
 4.10178e-07
 3.81968e-07
 3.53759e-07
 3.26584e-07
 3.01006e-07
 2.77287e-07
 2.55505e-07
 2.35625e-07
 2.17550e-07
 2.01151e-07
 1.86289e-07
 1.72820e-07
 1.60608e-07
 1.49526e-07
 1.39456e-07
 1.30294e-07
 1.21945e-07
 1.14322e-07
 1.07352e-07
 3.54638e-07
 3.40617e-07
 3.23367e-07
 3.04548e-07
 2.85286e-07
 2.66313e-07
 2.48078e-07
 2.30837e-07
 2.14718e-07
 1.99761e-07
 1.85953e-07
 1.73249e-07
 1.61585e-07
 1.50887e-07
 1.41081e-07
 1.32090e-07
 1.23844e-07
 1.16275e-07
 1.09320e-07
 1.02924e-07
