scalar
part
         1
quad4
 4.78151e-07
 4.45156e-07
 4.11431e-07
 3.78573e-07
 3.47494e-07
 3.18650e-07
 2.92205e-07
 2.68146e-07
 2.46364e-07
 2.26697e-07
 2.08962e-07
 1.92974e-07
 1.78554e-07
 1.65537e-07
 1.53769e-07
 1.43115e-07
 1.33452e-07
 1.24672e-07
 1.16679e-07
 1.09389e-07
 5.71918e-07
 5.21928e-07
 4.74016e-07
 4.29558e-07
 3.89104e-07
 3.52724e-07
 3.20228e-07
 2.91309e-07
 2.65609e-07
 2.42774e-07
 2.22465e-07
 2.04376e-07
 1.88232e-07
 1.73793e-07
 1.60847e-07
 1.49211e-07
 1.38726e-07
 1.29254e-07
 1.20676e-07
 1.12889e-07
 6.83893e-07
 6.10419e-07
 5.43991e-07
 4.85098e-07
 4.33430e-07
 3.88331e-07
 3.49033e-07
 3.14777e-07
 2.84868e-07
 2.58688e-07
 2.35704e-07
 2.15461e-07
 1.97571e-07
 1.81707e-07
 1.67591e-07
 1.54988e-07
 1.43700e-07
 1.33557e-07
 1.24416e-07
 1.16153e-07
 8.14905e-07
 7.10022e-07
 6.20250e-07
 5.44013e-07
 4.79395e-07
 4.24554e-07
 3.77861e-07
 3.37940e-07
 3.03647e-07
 2.74045e-07
 2.48364e-07
 2.25977e-07
 2.06369e-07
 1.89117e-07
 1.73871e-07
 1.60342e-07
 1.48289e-07
 1.37512e-07
 1.27840e-07
 1.19131e-07
 9.63316e-07
 8.18315e-07
 7.00457e-07
 6.04321e-07
 5.25409e-07
 4.60148e-07
 4.05751e-07
 3.60054e-07
 3.21375e-07
 2.88402e-07
 2.60100e-07
 2.35655e-07
 2.14413e-07
 1.95853e-07
 1.79551e-07
 1.65162e-07
 1.52405e-07
 1.41045e-07
 1.30890e-07
 1.21776e-07
 1.12340e-06
 9.30366e-07
 7.80782e-07
 6.63169e-07
 5.69373e-07
 4.93572e-07
 4.31566e-07
 3.80277e-07
 3.37422e-07
 3.01283e-07
 2.70551e-07
 2.44216e-07
 2.21488e-07
 2.01748e-07
 1.84500e-07
 1.69346e-07
 1.55964e-07
 1.44091e-07
 1.33511e-07
 1.24044e-07
 1.28396e-06
 1.03839e-06
 8.55924e-07
 7.16936e-07
 6.08790e-07
 5.23085e-07
 4.54074e-07
 3.97723e-07
 3.51142e-07
 3.12214e-07
 2.79361e-07
 2.51392e-07
 2.27390e-07
 2.06644e-07
 1.88594e-07
 1.72795e-07
 1.58889e-07
 1.46588e-07
 1.35655e-07
 1.25894e-07
 1.42833e-06
 1.13226e-06
 9.19569e-07
 7.61584e-07
 6.41013e-07
 5.46907e-07
 4.72052e-07
 4.11539e-07
 3.61928e-07
 3.20752e-07
 2.86206e-07
 2.56941e-07
 2.31935e-07
 2.10401e-07
 1.91726e-07
 1.75425e-07
 1.61115e-07
 1.48483e-07
 1.37278e-07
 1.27293e-07
 1.53699e-06
 1.20111e-06
 9.65359e-07
 7.93234e-07
 6.63587e-07
 5.63436e-07
 4.84428e-07
 4.20985e-07
 3.69260e-07
 3.26529e-07
 2.90818e-07
 2.60666e-07
 2.34975e-07
 2.12906e-07
 1.93808e-07
 1.77171e-07
 1.62588e-07
 1.49735e-07
 1.38348e-07
 1.28213e-07
 1.59268e-06
 1.23584e-06
 9.88181e-07
 8.08856e-07
 6.74641e-07
 5.71474e-07
 4.90411e-07
 4.25528e-07
 3.72770e-07
 3.29282e-07
 2.93006e-07
 2.62427e-07
 2.36408e-07
 2.14083e-07
 1.94783e-07
 1.77985e-07
 1.63273e-07
 1.50315e-07
 1.38843e-07
 1.28637e-07
 1.58594e-06
 1.23159e-06
 9.85347e-07
 8.06883e-07
 6.73217e-07
 5.70416e-07
 4.89605e-07
 4.24900e-07
 3.72273e-07
 3.28882e-07
 2.92679e-07
 2.62157e-07
 2.36182e-07
 2.13892e-07
 1.94621e-07
 1.77846e-07
 1.63153e-07
 1.50211e-07
 1.38752e-07
 1.28557e-07
 1.51823e-06
 1.18907e-06
 9.57241e-07
 7.87531e-07
 6.59444e-07
 5.60341e-07
 4.82061e-07
 4.19137e-07
 3.67792e-07
 3.25345e-07
 2.89849e-07
 2.59864e-07
 2.34305e-07
 2.12340e-07
 1.93326e-07
 1.76757e-07
 1.62230e-07
 1.49424e-07
 1.38076e-07
 1.27973e-07
 1.40123e-06
 1.11432e-06
 9.07194e-07
 7.52746e-07
 6.34513e-07
 5.42004e-07
 4.68273e-07
 4.08571e-07
 3.59558e-07
 3.18833e-07
 2.84632e-07
 2.55635e-07
 2.30840e-07
 2.09474e-07
 1.90935e-07
 1.74746e-07
 1.60526e-07
 1.47970e-07
 1.36829e-07
 1.26897e-07
 1.25281e-06
 1.01691e-06
 8.40658e-07
 7.05786e-07
 6.00447e-07
 5.16707e-07
 4.49105e-07
 3.93788e-07
 3.47979e-07
 3.09637e-07
 2.77237e-07
 2.49622e-07
 2.25901e-07
 2.05380e-07
 1.87513e-07
 1.71864e-07
 1.58082e-07
 1.45883e-07
 1.35036e-07
 1.25349e-07
 1.09174e-06
 9.07535e-07
 7.63994e-07
 6.50582e-07
 5.59759e-07
 4.86103e-07
 4.25672e-07
 3.75558e-07
 3.33595e-07
 2.98143e-07
 2.67947e-07
 2.42035e-07
 2.19646e-07
 2.00179e-07
 1.83153e-07
 1.68182e-07
 1.54952e-07
 1.43207e-07
 1.32733e-07
 1.23357e-07
 9.33414e-07
 7.95770e-07
 6.83287e-07
 5.91085e-07
 5.15073e-07
 4.51972e-07
 3.99203e-07
 3.54748e-07
 3.17030e-07
 2.84806e-07
 2.57097e-07
 2.33124e-07
 2.12264e-07
 1.94014e-07
 1.77967e-07
 1.63789e-07
 1.51208e-07
 1.39995e-07
 1.29964e-07
 1.20957e-07
 7.87870e-07
 6.88781e-07
 6.03518e-07
 5.30751e-07
 4.68801e-07
 4.16015e-07
 3.70916e-07
 3.32239e-07
 2.98926e-07
 2.70102e-07
 2.45045e-07
 2.23161e-07
 2.03964e-07
 1.87048e-07
 1.72081e-07
 1.58784e-07
 1.46926e-07
 1.36313e-07
 1.26781e-07
 1.18191e-07
 6.60051e-07
 5.90990e-07
 5.28202e-07
 4.72250e-07
 4.22936e-07
 3.79713e-07
 3.41911e-07
 3.08852e-07
 2.79904e-07
 2.54502e-07
 2.32150e-07
 2.12424e-07
 1.94961e-07
 1.79450e-07
 1.65628e-07
 1.53273e-07
 1.42194e-07
 1.32228e-07
 1.23238e-07
 1.15104e-07
 5.51156e-07
 5.04472e-07
 4.59431e-07
 4.17399e-07
 3.78962e-07
 3.44243e-07
 3.13110e-07
 2.85306e-07
 2.60522e-07
 2.38440e-07
 2.18753e-07
 2.01180e-07
 1.85466e-07
 1.71387e-07
 1.58744e-07
 1.47364e-07
 1.37097e-07
 1.27812e-07
 1.19394e-07
 1.11745e-07
 4.60162e-07
 4.29628e-07
 3.98138e-07
 3.67247e-07
 3.37863e-07
 3.10458e-07
 2.85224e-07
 2.62182e-07
 2.41251e-07
 2.22297e-07
 2.05160e-07
 1.89675e-07
 1.75679e-07
 1.63021e-07
 1.51558e-07
 1.41164e-07
 1.31724e-07
 1.23136e-07
 1.15309e-07
 1.08162e-07
