scalar
part
         1
quad4
 5.73930e-07
 5.28628e-07
 4.83988e-07
 4.41614e-07
 4.02330e-07
 3.66456e-07
 3.34007e-07
 3.04827e-07
 2.78673e-07
 2.55267e-07
 2.34327e-07
 2.15582e-07
 1.98784e-07
 1.83706e-07
 1.70147e-07
 1.57930e-07
 1.46898e-07
 1.36915e-07
 1.27860e-07
 1.19630e-07
 6.78964e-07
 6.13427e-07
 5.52180e-07
 4.96438e-07
 4.46505e-07
 4.02187e-07
 3.63048e-07
 3.28557e-07
 2.98175e-07
 2.71386e-07
 2.47727e-07
 2.26785e-07
 2.08201e-07
 1.91664e-07
 1.76906e-07
 1.63699e-07
 1.51845e-07
 1.41175e-07
 1.31545e-07
 1.22829e-07
 8.02901e-07
 7.09913e-07
 6.27364e-07
 5.55266e-07
 4.92812e-07
 4.38895e-07
 3.92366e-07
 3.52154e-07
 3.17310e-07
 2.87019e-07
 2.60589e-07
 2.37439e-07
 2.17083e-07
 1.99114e-07
 1.83192e-07
 1.69031e-07
 1.56391e-07
 1.45071e-07
 1.34898e-07
 1.25728e-07
 9.45891e-07
 8.16836e-07
 7.07910e-07
 6.16521e-07
 5.39885e-07
 4.75457e-07
 4.21062e-07
 3.74903e-07
 3.35518e-07
 3.01723e-07
 2.72565e-07
 2.47270e-07
 2.25213e-07
 2.05884e-07
 1.88865e-07
 1.73814e-07
 1.60447e-07
 1.48528e-07
 1.37859e-07
 1.28276e-07
 1.10506e-06
 9.30800e-07
 7.90775e-07
 6.77737e-07
 5.85808e-07
 5.10410e-07
 4.48028e-07
 3.95968e-07
 3.52164e-07
 3.15016e-07
 2.83284e-07
 2.55991e-07
 2.32368e-07
 2.11798e-07
 1.93789e-07
 1.77940e-07
 1.63925e-07
 1.51476e-07
 1.40372e-07
 1.30429e-07
 1.27270e-06
 1.04554e-06
 8.71283e-07
 7.35528e-07
 6.28154e-07
 5.42017e-07
 4.72010e-07
 4.14437e-07
 3.66576e-07
 3.26400e-07
 2.92373e-07
 2.63320e-07
 2.38331e-07
 2.16690e-07
 1.97833e-07
 1.81306e-07
 1.66744e-07
 1.53852e-07
 1.42385e-07
 1.32143e-07
 1.43488e-06
 1.15170e-06
 9.43247e-07
 7.85788e-07
 6.64163e-07
 5.68390e-07
 4.91700e-07
 4.29385e-07
 3.78095e-07
 3.35393e-07
 2.99478e-07
 2.68993e-07
 2.42904e-07
 2.20408e-07
 2.00880e-07
 1.83821e-07
 1.68834e-07
 1.55599e-07
 1.43853e-07
 1.33383e-07
 1.57185e-06
 1.23767e-06
 9.99665e-07
 8.24164e-07
 6.91052e-07
 5.87704e-07
 5.05870e-07
 4.39972e-07
 3.86130e-07
 3.41577e-07
 3.04295e-07
 2.72787e-07
 2.45920e-07
 2.22827e-07
 2.02835e-07
 1.85412e-07
 1.70137e-07
 1.56671e-07
 1.44741e-07
 1.34120e-07
 1.66181e-06
 1.29183e-06
 1.03398e-06
 8.46784e-07
 7.06441e-07
 5.98446e-07
 5.13529e-07
 4.45530e-07
 3.90224e-07
 3.44631e-07
 3.06596e-07
 2.74536e-07
 2.47258e-07
 2.23857e-07
 2.03629e-07
 1.86026e-07
 1.70612e-07
 1.57038e-07
 1.45023e-07
 1.34336e-07
 1.68776e-06
 1.30569e-06
 1.04163e-06
 8.51049e-07
 7.08779e-07
 5.99654e-07
 5.14061e-07
 4.45656e-07
 3.90105e-07
 3.44366e-07
 3.06249e-07
 2.74145e-07
 2.46850e-07
 2.23446e-07
 2.03226e-07
 1.85637e-07
 1.70240e-07
 1.56685e-07
 1.44688e-07
 1.34021e-07
 1.64407e-06
 1.27659e-06
 1.02126e-06
 8.36225e-07
 6.97651e-07
 5.91086e-07
 5.07322e-07
 4.40259e-07
 3.85716e-07
 3.40748e-07
 3.03232e-07
 2.71603e-07
 2.44687e-07
 2.21591e-07
 2.01623e-07
 1.84242e-07
 1.69019e-07
 1.55610e-07
 1.43737e-07
 1.33175e-07
 1.53855e-06
 1.20853e-06
 9.75077e-07
 8.03614e-07
 6.73866e-07
 5.73265e-07
 4.93663e-07
 4.29584e-07
 3.77231e-07
 3.33904e-07
 2.97638e-07
 2.66978e-07
 2.40823e-07
 2.18333e-07
 1.98853e-07
 1.81868e-07
 1.66970e-07
 1.53830e-07
 1.42182e-07
 1.31809e-07
 1.38877e-06
 1.11066e-06
 9.08206e-07
 7.56246e-07
 6.39298e-07
 5.47396e-07
 4.73883e-07
 4.14175e-07
 3.65030e-07
 3.24104e-07
 2.89665e-07
 2.60417e-07
 2.35369e-07
 2.13756e-07
 1.94980e-07
 1.78565e-07
 1.64133e-07
 1.51379e-07
 1.40051e-07
 1.29946e-07
 1.21582e-06
 9.94624e-07
 8.27412e-07
 6.98231e-07
 5.96539e-07
 5.15168e-07
 4.49115e-07
 3.94812e-07
 3.49662e-07
 3.11742e-07
 2.79601e-07
 2.52134e-07
 2.28485e-07
 2.07983e-07
 1.90099e-07
 1.74408e-07
 1.60568e-07
 1.48301e-07
 1.37379e-07
 1.27614e-07
 1.03884e-06
 8.71794e-07
 7.39683e-07
 6.33996e-07
 5.48475e-07
 4.78509e-07
 4.20678e-07
 3.72417e-07
 3.31784e-07
 2.97294e-07
 2.67796e-07
 2.42390e-07
 2.20369e-07
 2.01166e-07
 1.84328e-07
 1.69488e-07
 1.56347e-07
 1.44657e-07
 1.34215e-07
 1.24852e-07
 8.71814e-07
 7.51397e-07
 6.51124e-07
 5.67633e-07
 4.97891e-07
 4.39349e-07
 3.89930e-07
 3.47960e-07
 3.12101e-07
 2.81280e-07
 2.54637e-07
 2.31479e-07
 2.11245e-07
 1.93478e-07
 1.77803e-07
 1.63913e-07
 1.51554e-07
 1.40513e-07
 1.30613e-07
 1.21705e-07
 7.22864e-07
 6.39698e-07
 5.66342e-07
 5.02471e-07
 4.47187e-07
 3.99425e-07
 3.58138e-07
 3.22375e-07
 2.91305e-07
 2.64220e-07
 2.40521e-07
 2.19704e-07
 2.01349e-07
 1.85102e-07
 1.70668e-07
 1.57797e-07
 1.46282e-07
 1.35944e-07
 1.26634e-07
 1.18223e-07
 5.95145e-07
 5.40108e-07
 4.88302e-07
 4.40897e-07
 3.98222e-07
 3.60162e-07
 3.26391e-07
 2.96492e-07
 2.70035e-07
 2.46606e-07
 2.25827e-07
 2.07362e-07
 1.90913e-07
 1.76223e-07
 1.63069e-07
 1.51259e-07
 1.40626e-07
 1.31028e-07
 1.22340e-07
 1.14457e-07
 4.88478e-07
 4.53790e-07
 4.18529e-07
 3.84388e-07
 3.52281e-07
 3.22627e-07
 2.95552e-07
 2.71003e-07
 2.48839e-07
 2.28873e-07
 2.10903e-07
 1.94729e-07
 1.80159e-07
 1.67020e-07
 1.55152e-07
 1.44415e-07
 1.34682e-07
 1.25842e-07
 1.17797e-07
 1.10460e-07
 4.00872e-07
 3.80427e-07
 3.57456e-07
 3.33658e-07
 3.10130e-07
 2.87537e-07
 2.66249e-07
 2.46440e-07
 2.28162e-07
 2.11388e-07
 1.96049e-07
 1.82050e-07
 1.69288e-07
 1.57656e-07
 1.47052e-07
 1.37377e-07
 1.28541e-07
 1.20463e-07
 1.13068e-07
 1.06287e-07
