scalar
part
         1
quad4
 5.13847e-07
 4.77279e-07
 4.40295e-07
 4.04505e-07
 3.70811e-07
 3.39646e-07
 3.11147e-07
 2.85275e-07
 2.61891e-07
 2.40808e-07
 2.21821e-07
 2.04723e-07
 1.89317e-07
 1.75421e-07
 1.62870e-07
 1.51515e-07
 1.41224e-07
 1.31878e-07
 1.23376e-07
 1.15625e-07
 6.12817e-07
 5.58162e-07
 5.06126e-07
 4.58056e-07
 4.14453e-07
 3.75334e-07
 3.40458e-07
 3.09467e-07
 2.81964e-07
 2.57553e-07
 2.35865e-07
 2.16564e-07
 1.99353e-07
 1.83971e-07
 1.70189e-07
 1.57809e-07
 1.46661e-07
 1.36595e-07
 1.27485e-07
 1.19218e-07
 7.30751e-07
 6.51218e-07
 5.79607e-07
 5.16297e-07
 4.60869e-07
 4.12566e-07
 3.70533e-07
 3.33934e-07
 3.02011e-07
 2.74092e-07
 2.49602e-07
 2.28048e-07
 2.09013e-07
 1.92144e-07
 1.77142e-07
 1.63757e-07
 1.51773e-07
 1.41011e-07
 1.31316e-07
 1.22556e-07
 8.68487e-07
 7.55798e-07
 6.59571e-07
 5.77987e-07
 5.08928e-07
 4.50379e-07
 4.00577e-07
 3.58033e-07
 3.21515e-07
 2.90014e-07
 2.62704e-07
 2.38912e-07
 2.18085e-07
 1.99770e-07
 1.83594e-07
 1.69246e-07
 1.56471e-07
 1.45051e-07
 1.34808e-07
 1.25588e-07
 1.02433e-06
 8.69377e-07
 7.43575e-07
 6.41052e-07
 5.56961e-07
 4.87466e-07
 4.29580e-07
 3.80983e-07
 3.39875e-07
 3.04852e-07
 2.74808e-07
 2.48871e-07
 2.26346e-07
 2.06673e-07
 1.89402e-07
 1.74165e-07
 1.60662e-07
 1.48642e-07
 1.37900e-07
 1.28265e-07
 1.19237e-06
 9.86838e-07
 8.27633e-07
 7.02509e-07
 6.02772e-07
 5.22214e-07
 4.56351e-07
 4.01902e-07
 3.56432e-07
 3.18109e-07
 2.85536e-07
 2.57636e-07
 2.33571e-07
 2.12678e-07
 1.94430e-07
 1.78405e-07
 1.64259e-07
 1.51713e-07
 1.40536e-07
 1.30539e-07
 1.36108e-06
 1.10011e-06
 9.06214e-07
 7.58574e-07
 6.43748e-07
 5.52796e-07
 4.79599e-07
 4.19864e-07
 3.70511e-07
 3.29288e-07
 2.94517e-07
 2.64928e-07
 2.39548e-07
 2.17620e-07
 1.98550e-07
 1.81864e-07
 1.67183e-07
 1.54201e-07
 1.42665e-07
 1.32371e-07
 1.51318e-06
 1.19860e-06
 9.72704e-07
 8.05009e-07
 6.77108e-07
 5.77345e-07
 4.98042e-07
 4.33971e-07
 3.81475e-07
 3.37929e-07
 3.01413e-07
 2.70494e-07
 2.44086e-07
 2.21354e-07
 2.01649e-07
 1.84456e-07
 1.69366e-07
 1.56051e-07
 1.44244e-07
 1.33725e-07
 1.62812e-06
 1.27085e-06
 1.02039e-06
 8.37720e-07
 7.00266e-07
 5.94177e-07
 5.10554e-07
 4.43454e-07
 3.88784e-07
 3.43646e-07
 3.05945e-07
 2.74128e-07
 2.47032e-07
 2.23766e-07
 2.03639e-07
 1.86112e-07
 1.70754e-07
 1.57223e-07
 1.45238e-07
 1.34574e-07
 1.68727e-06
 1.30710e-06
 1.04380e-06
 8.53483e-07
 7.11238e-07
 6.02030e-07
 5.16306e-07
 4.47752e-07
 3.92052e-07
 3.46169e-07
 3.07918e-07
 2.75690e-07
 2.48282e-07
 2.24775e-07
 2.04461e-07
 1.86786e-07
 1.71312e-07
 1.57686e-07
 1.45626e-07
 1.34900e-07
 1.67992e-06
 1.30190e-06
 1.03999e-06
 8.50596e-07
 7.09001e-07
 6.00261e-07
 5.14883e-07
 4.46591e-07
 3.91091e-07
 3.45366e-07
 3.07240e-07
 2.75112e-07
 2.47785e-07
 2.24345e-07
 2.04087e-07
 1.86458e-07
 1.71023e-07
 1.57430e-07
 1.45398e-07
 1.34696e-07
 1.60704e-06
 1.25580e-06
 1.00926e-06
 8.29259e-07
 6.93684e-07
 5.88958e-07
 5.06346e-07
 4.40013e-07
 3.85934e-07
 3.41261e-07
 3.03928e-07
 2.72408e-07
 2.45553e-07
 2.22485e-07
 2.02523e-07
 1.85133e-07
 1.69891e-07
 1.56458e-07
 1.44557e-07
 1.33965e-07
 1.48090e-06
 1.17513e-06
 9.55135e-07
 7.91531e-07
 6.66551e-07
 5.68928e-07
 4.91227e-07
 4.28378e-07
 3.76830e-07
 3.34030e-07
 2.98110e-07
 2.67671e-07
 2.41655e-07
 2.19247e-07
 1.99810e-07
 1.82841e-07
 1.67942e-07
 1.54788e-07
 1.43118e-07
 1.32718e-07
 1.32084e-06
 1.07020e-06
 8.83456e-07
 7.40898e-07
 6.29769e-07
 5.41565e-07
 4.70449e-07
 4.12317e-07
 3.64217e-07
 3.23987e-07
 2.90011e-07
 2.61068e-07
 2.36217e-07
 2.14726e-07
 1.96020e-07
 1.79640e-07
 1.65219e-07
 1.52457e-07
 1.41110e-07
 1.30978e-07
 1.14741e-06
 9.52603e-07
 8.01092e-07
 6.81590e-07
 5.86035e-07
 5.08640e-07
 4.45207e-07
 3.92651e-07
 3.48676e-07
 3.11546e-07
 2.79937e-07
 2.52825e-07
 2.29407e-07
 2.09051e-07
 1.91253e-07
 1.75607e-07
 1.61783e-07
 1.49511e-07
 1.38570e-07
 1.28777e-07
 9.77417e-07
 8.32758e-07
 7.14616e-07
 6.17859e-07
 5.38162e-07
 4.72057e-07
 4.16816e-07
 3.70309e-07
 3.30870e-07
 2.97192e-07
 2.68244e-07
 2.43208e-07
 2.21428e-07
 2.02377e-07
 1.85629e-07
 1.70835e-07
 1.57708e-07
 1.46011e-07
 1.35547e-07
 1.26152e-07
 8.21730e-07
 7.18396e-07
 6.29393e-07
 5.53415e-07
 4.88736e-07
 4.33638e-07
 3.86577e-07
 3.46229e-07
 3.11487e-07
 2.81434e-07
 2.55314e-07
 2.32507e-07
 2.12501e-07
 1.94876e-07
 1.79283e-07
 1.65431e-07
 1.53079e-07
 1.42024e-07
 1.32095e-07
 1.23148e-07
 6.85569e-07
 6.14232e-07
 5.49177e-07
 4.91109e-07
 4.39882e-07
 3.94958e-07
 3.55659e-07
 3.21286e-07
 2.91186e-07
 2.64771e-07
 2.41529e-07
 2.21017e-07
 2.02857e-07
 1.86728e-07
 1.72356e-07
 1.59508e-07
 1.47987e-07
 1.37623e-07
 1.28274e-07
 1.19815e-07
 5.70067e-07
 5.22414e-07
 4.76168e-07
 4.32862e-07
 3.93171e-07
 3.57266e-07
 3.25040e-07
 2.96240e-07
 2.70556e-07
 2.47663e-07
 2.27249e-07
 2.09021e-07
 1.92720e-07
 1.78111e-07
 1.64991e-07
 1.53181e-07
 1.42524e-07
 1.32884e-07
 1.24145e-07
 1.16202e-07
 4.73961e-07
 4.43279e-07
 4.11313e-07
 3.79763e-07
 3.49633e-07
 3.21459e-07
 2.95469e-07
 2.71705e-07
 2.50096e-07
 2.30513e-07
 2.12797e-07
 1.96780e-07
 1.82298e-07
 1.69195e-07
 1.57327e-07
 1.46562e-07
 1.36782e-07
 1.27883e-07
 1.19771e-07
 1.12362e-07
