scalar
part
         1
quad4
 6.45137e-07
 5.90098e-07
 5.36825e-07
 4.86963e-07
 4.41273e-07
 3.99965e-07
 3.62928e-07
 3.29879e-07
 3.00462e-07
 2.74300e-07
 2.51025e-07
 2.30296e-07
 2.11805e-07
 1.95277e-07
 1.80472e-07
 1.67179e-07
 1.55214e-07
 1.44418e-07
 1.34653e-07
 1.25800e-07
 7.59192e-07
 6.81134e-07
 6.09200e-07
 5.44498e-07
 4.87126e-07
 4.36661e-07
 3.92448e-07
 3.53764e-07
 3.19905e-07
 2.90223e-07
 2.64145e-07
 2.41170e-07
 2.20869e-07
 2.02874e-07
 1.86872e-07
 1.72597e-07
 1.59823e-07
 1.48357e-07
 1.38034e-07
 1.28712e-07
 8.92740e-07
 7.83755e-07
 6.88135e-07
 6.05483e-07
 5.34546e-07
 4.73811e-07
 4.21785e-07
 3.77120e-07
 3.38648e-07
 3.05381e-07
 2.76494e-07
 2.51301e-07
 2.29236e-07
 2.09828e-07
 1.92686e-07
 1.77485e-07
 1.63953e-07
 1.51864e-07
 1.41025e-07
 1.31275e-07
 1.04524e-06
 8.96063e-07
 7.71480e-07
 6.67957e-07
 5.81896e-07
 5.10104e-07
 4.49912e-07
 3.99149e-07
 3.56073e-07
 3.19294e-07
 2.87700e-07
 2.60401e-07
 2.36681e-07
 2.15961e-07
 1.97772e-07
 1.81728e-07
 1.67513e-07
 1.54866e-07
 1.43569e-07
 1.33441e-07
 1.21250e-06
 1.01365e-06
 8.55490e-07
 7.28988e-07
 6.26958e-07
 5.43888e-07
 4.75601e-07
 4.18938e-07
 3.71501e-07
 3.31452e-07
 2.97377e-07
 2.68173e-07
 2.42975e-07
 2.21097e-07
 2.01992e-07
 1.85218e-07
 1.70416e-07
 1.57294e-07
 1.45610e-07
 1.35164e-07
 1.38463e-06
 1.12886e-06
 9.34642e-07
 7.84691e-07
 6.67016e-07
 5.73256e-07
 4.97504e-07
 4.35524e-07
 3.84231e-07
 3.41343e-07
 3.05145e-07
 2.74334e-07
 2.47905e-07
 2.25073e-07
 2.05221e-07
 1.87858e-07
 1.72587e-07
 1.59088e-07
 1.47100e-07
 1.36407e-07
 1.54470e-06
 1.23073e-06
 1.00192e-06
 8.30533e-07
 6.99097e-07
 5.96222e-07
 5.14268e-07
 4.47970e-07
 3.93607e-07
 3.48496e-07
 3.10664e-07
 2.78633e-07
 2.51282e-07
 2.27747e-07
 2.07351e-07
 1.89564e-07
 1.73960e-07
 1.60198e-07
 1.47999e-07
 1.37137e-07
 1.66981e-06
 1.30632e-06
 1.04976e-06
 8.61962e-07
 7.20367e-07
 6.10971e-07
 5.24701e-07
 4.55471e-07
 3.99074e-07
 3.52523e-07
 3.13656e-07
 2.80870e-07
 2.52961e-07
 2.29009e-07
 2.08300e-07
 1.90274e-07
 1.74488e-07
 1.60585e-07
 1.48279e-07
 1.37332e-07
 1.73649e-06
 1.34366e-06
 1.07170e-06
 8.75279e-07
 7.28620e-07
 6.16136e-07
 5.27930e-07
 4.57456e-07
 4.00247e-07
 3.53161e-07
 3.13937e-07
 2.80914e-07
 2.52847e-07
 2.28792e-07
 2.08017e-07
 1.89951e-07
 1.74143e-07
 1.60230e-07
 1.47922e-07
 1.36980e-07
 1.72949e-06
 1.33562e-06
 1.06409e-06
 8.68507e-07
 7.22728e-07
 6.11050e-07
 5.23543e-07
 4.53666e-07
 3.96961e-07
 3.50299e-07
 3.11434e-07
 2.78715e-07
 2.50907e-07
 2.27073e-07
 2.06487e-07
 1.88584e-07
 1.72917e-07
 1.59127e-07
 1.46926e-07
 1.36078e-07
 1.64888e-06
 1.28251e-06
 1.02726e-06
 8.41912e-07
 7.02899e-07
 5.95870e-07
 5.11665e-07
 4.44197e-07
 3.89290e-07
 3.43999e-07
 3.06196e-07
 2.74313e-07
 2.47172e-07
 2.23876e-07
 2.03731e-07
 1.86191e-07
 1.70825e-07
 1.57288e-07
 1.45301e-07
 1.34635e-07
 1.50971e-06
 1.19196e-06
 9.65372e-07
 7.97934e-07
 6.70635e-07
 5.71565e-07
 4.92940e-07
 4.29491e-07
 3.77547e-07
 3.34484e-07
 2.98387e-07
 2.67831e-07
 2.41737e-07
 2.19276e-07
 1.99805e-07
 1.82815e-07
 1.67903e-07
 1.54743e-07
 1.43071e-07
 1.32670e-07
 1.33489e-06
 1.07603e-06
 8.85223e-07
 7.40601e-07
 6.28436e-07
 5.39744e-07
 4.68439e-07
 4.10283e-07
 3.62247e-07
 3.22125e-07
 2.88279e-07
 2.59470e-07
 2.34752e-07
 2.13388e-07
 1.94800e-07
 1.78529e-07
 1.64207e-07
 1.51535e-07
 1.40271e-07
 1.30213e-07
 1.14709e-06
 9.47640e-07
 7.94494e-07
 6.74656e-07
 5.79331e-07
 5.02401e-07
 4.39511e-07
 3.87504e-07
 3.44049e-07
 3.07397e-07
 2.76219e-07
 2.49491e-07
 2.26415e-07
 2.06363e-07
 1.88833e-07
 1.73424e-07
 1.59809e-07
 1.47724e-07
 1.36949e-07
 1.27303e-07
 9.63983e-07
 8.17938e-07
 7.00306e-07
 6.04742e-07
 5.26410e-07
 4.61635e-07
 4.07611e-07
 3.62185e-07
 3.23693e-07
 2.90840e-07
 2.62609e-07
 2.38195e-07
 2.16956e-07
 1.98377e-07
 1.82041e-07
 1.67607e-07
 1.54797e-07
 1.43378e-07
 1.33161e-07
 1.23983e-07
 7.96926e-07
 6.95033e-07
 6.08338e-07
 5.34818e-07
 4.72450e-07
 4.19413e-07
 3.74147e-07
 3.35346e-07
 3.01930e-07
 2.73014e-07
 2.47869e-07
 2.25901e-07
 2.06621e-07
 1.89623e-07
 1.74576e-07
 1.61200e-07
 1.49264e-07
 1.38575e-07
 1.28968e-07
 1.20306e-07
 6.51517e-07
 5.83853e-07
 5.22507e-07
 4.67875e-07
 4.19693e-07
 3.77409e-07
 3.40371e-07
 3.07927e-07
 2.79469e-07
 2.54457e-07
 2.32414e-07
 2.12932e-07
 1.95660e-07
 1.80298e-07
 1.66592e-07
 1.54325e-07
 1.43312e-07
 1.33395e-07
 1.24438e-07
 1.16327e-07
 5.29082e-07
 4.86633e-07
 4.45072e-07
 4.05888e-07
 3.69766e-07
 3.36921e-07
 3.07303e-07
 2.80725e-07
 2.56934e-07
 2.35658e-07
 2.16627e-07
 1.99590e-07
 1.84314e-07
 1.70594e-07
 1.58246e-07
 1.47109e-07
 1.37042e-07
 1.27921e-07
 1.19639e-07
 1.12100e-07
 4.28290e-07
 4.03669e-07
 3.76955e-07
 3.49938e-07
 3.23701e-07
 2.98857e-07
 2.75711e-07
 2.54375e-07
 2.34842e-07
 2.17037e-07
 2.00848e-07
 1.86148e-07
 1.72805e-07
 1.60691e-07
 1.49684e-07
 1.39672e-07
 1.30553e-07
 1.22236e-07
 1.14638e-07
 1.07684e-07
 3.46508e-07
 3.34063e-07
 3.18136e-07
 3.00408e-07
 2.82034e-07
 2.63778e-07
 2.46120e-07
 2.29341e-07
 2.13592e-07
 1.98930e-07
 1.85358e-07
 1.72842e-07
 1.61328e-07
 1.50751e-07
 1.41040e-07
 1.32125e-07
 1.23939e-07
 1.16417e-07
 1.09500e-07
 1.03133e-07
