scalar
part
         1
quad4
 4.63664e-07
 4.34135e-07
 4.03343e-07
 3.72899e-07
 3.43764e-07
 3.16459e-07
 2.91215e-07
 2.68083e-07
 2.47007e-07
 2.27870e-07
 2.10528e-07
 1.94826e-07
 1.80608e-07
 1.67728e-07
 1.56047e-07
 1.45442e-07
 1.35798e-07
 1.27014e-07
 1.19001e-07
 1.11678e-07
 5.57268e-07
 5.11427e-07
 4.66881e-07
 4.25078e-07
 3.86674e-07
 3.51847e-07
 3.20512e-07
 2.92446e-07
 2.67365e-07
 2.44967e-07
 2.24959e-07
 2.07067e-07
 1.91044e-07
 1.76666e-07
 1.63739e-07
 1.52091e-07
 1.41570e-07
 1.32046e-07
 1.23405e-07
 1.15547e-07
 6.69747e-07
 6.01172e-07
 5.38511e-07
 4.82432e-07
 4.32821e-07
 3.89197e-07
 3.50936e-07
 3.17392e-07
 2.87955e-07
 2.62074e-07
 2.39262e-07
 2.19100e-07
 2.01225e-07
 1.85331e-07
 1.71152e-07
 1.58465e-07
 1.47079e-07
 1.36828e-07
 1.27574e-07
 1.19197e-07
 8.02443e-07
 7.03171e-07
 6.17418e-07
 5.43977e-07
 4.81258e-07
 4.27670e-07
 3.81776e-07
 3.42333e-07
 3.08299e-07
 2.78802e-07
 2.53123e-07
 2.30669e-07
 2.10948e-07
 1.93554e-07
 1.78150e-07
 1.64454e-07
 1.52232e-07
 1.41285e-07
 1.31447e-07
 1.22577e-07
 9.54540e-07
 8.15565e-07
 7.01624e-07
 6.07948e-07
 5.30516e-07
 4.66088e-07
 4.12100e-07
 3.66539e-07
 3.27822e-07
 2.94702e-07
 2.66190e-07
 2.41496e-07
 2.19990e-07
 2.01160e-07
 1.84591e-07
 1.69943e-07
 1.56936e-07
 1.45339e-07
 1.34960e-07
 1.25635e-07
 1.12152e-06
 9.34124e-07
 7.87682e-07
 6.71683e-07
 5.78584e-07
 5.02940e-07
 4.40776e-07
 3.89156e-07
 3.45881e-07
 3.09283e-07
 2.78083e-07
 2.51290e-07
 2.28124e-07
 2.07969e-07
 1.90333e-07
 1.74818e-07
 1.61102e-07
 1.48919e-07
 1.38053e-07
 1.28322e-07
 1.29368e-06
 1.05177e-06
 8.70587e-07
 7.31663e-07
 6.22979e-07
 5.36460e-07
 4.66534e-07
 4.09261e-07
 3.61794e-07
 3.22037e-07
 2.88423e-07
 2.59758e-07
 2.35125e-07
 2.13807e-07
 1.95240e-07
 1.78972e-07
 1.64642e-07
 1.51956e-07
 1.40672e-07
 1.30593e-07
 1.45569e-06
 1.15877e-06
 9.44069e-07
 7.83773e-07
 6.60943e-07
 5.64764e-07
 4.88063e-07
 4.25926e-07
 3.74894e-07
 3.32478e-07
 2.96846e-07
 2.66630e-07
 2.40788e-07
 2.18517e-07
 1.99189e-07
 1.82309e-07
 1.67482e-07
 1.54388e-07
 1.42768e-07
 1.32409e-07
 1.58812e-06
 1.24389e-06
 1.00136e-06
 8.23788e-07
 6.89759e-07
 5.86057e-07
 5.04145e-07
 4.38305e-07
 3.84584e-07
 3.40174e-07
 3.03040e-07
 2.71673e-07
 2.44938e-07
 2.21964e-07
 2.02077e-07
 1.84749e-07
 1.69557e-07
 1.56165e-07
 1.44299e-07
 1.33736e-07
 1.67137e-06
 1.29650e-06
 1.03637e-06
 8.48053e-07
 7.07144e-07
 5.98860e-07
 5.13798e-07
 4.45731e-07
 3.90397e-07
 3.44795e-07
 3.06763e-07
 2.74710e-07
 2.47441e-07
 2.24048e-07
 2.03828e-07
 1.86231e-07
 1.70822e-07
 1.57251e-07
 1.45238e-07
 1.34552e-07
 1.69115e-06
 1.30922e-06
 1.04500e-06
 8.54167e-07
 7.11627e-07
 6.02242e-07
 5.16410e-07
 4.47789e-07
 3.92046e-07
 3.46137e-07
 3.07870e-07
 2.75633e-07
 2.48219e-07
 2.24709e-07
 2.04395e-07
 1.86721e-07
 1.71247e-07
 1.57624e-07
 1.45566e-07
 1.34842e-07
 1.64340e-06
 1.28002e-06
 1.02617e-06
 8.41512e-07
 7.02835e-07
 5.95965e-07
 5.11825e-07
 4.44374e-07
 3.89459e-07
 3.44149e-07
 3.06322e-07
 2.74414e-07
 2.47249e-07
 2.23931e-07
 2.03765e-07
 1.86207e-07
 1.70826e-07
 1.57276e-07
 1.45277e-07
 1.34602e-07
 1.53631e-06
 1.21308e-06
 9.82157e-07
 8.11403e-07
 6.81564e-07
 5.80530e-07
 5.00368e-07
 4.35703e-07
 3.82784e-07
 3.38933e-07
 3.02192e-07
 2.71105e-07
 2.44570e-07
 2.21741e-07
 2.01960e-07
 1.84707e-07
 1.69571e-07
 1.56218e-07
 1.44380e-07
 1.33837e-07
 1.38769e-06
 1.11759e-06
 9.18061e-07
 7.66828e-07
 6.49643e-07
 5.57098e-07
 4.82800e-07
 4.22287e-07
 3.72373e-07
 3.30738e-07
 2.95660e-07
 2.65838e-07
 2.40280e-07
 2.18214e-07
 1.99035e-07
 1.82263e-07
 1.67514e-07
 1.54476e-07
 1.42896e-07
 1.32564e-07
 1.21886e-06
 1.00518e-06
 8.40576e-07
 7.11821e-07
 6.09598e-07
 5.27305e-07
 4.60209e-07
 4.04869e-07
 3.58744e-07
 3.19932e-07
 2.86989e-07
 2.58807e-07
 2.34522e-07
 2.13457e-07
 1.95074e-07
 1.78939e-07
 1.64706e-07
 1.52089e-07
 1.40854e-07
 1.30809e-07
 1.04849e-06
 8.87013e-07
 7.56552e-07
 6.50707e-07
 5.64235e-07
 4.93016e-07
 4.33866e-07
 3.84333e-07
 3.42523e-07
 3.06966e-07
 2.76512e-07
 2.50258e-07
 2.27483e-07
 2.07613e-07
 1.90184e-07
 1.74821e-07
 1.61214e-07
 1.49110e-07
 1.38299e-07
 1.28606e-07
 8.89393e-07
 7.71829e-07
 6.71856e-07
 5.87440e-07
 5.16250e-07
 4.56097e-07
 4.05081e-07
 3.61613e-07
 3.24386e-07
 2.92335e-07
 2.64597e-07
 2.40467e-07
 2.19372e-07
 2.00843e-07
 1.84493e-07
 1.70005e-07
 1.57114e-07
 1.45600e-07
 1.35278e-07
 1.25993e-07
 7.48280e-07
 6.65273e-07
 5.90794e-07
 5.25186e-07
 4.67946e-07
 4.18222e-07
 3.75078e-07
 3.37609e-07
 3.05001e-07
 2.76542e-07
 2.51623e-07
 2.29725e-07
 2.10414e-07
 1.93321e-07
 1.78137e-07
 1.64601e-07
 1.52494e-07
 1.41630e-07
 1.31849e-07
 1.23017e-07
 6.27268e-07
 5.70210e-07
 5.16052e-07
 4.66183e-07
 4.21093e-07
 3.80761e-07
 3.44906e-07
 3.13125e-07
 2.84986e-07
 2.60061e-07
 2.37957e-07
 2.18319e-07
 2.00832e-07
 1.85224e-07
 1.71255e-07
 1.58721e-07
 1.47444e-07
 1.37272e-07
 1.28071e-07
 1.19728e-07
 5.25673e-07
 4.87475e-07
 4.48955e-07
 4.11791e-07
 3.76910e-07
 3.44739e-07
 3.15401e-07
 2.88832e-07
 2.64873e-07
 2.43316e-07
 2.23937e-07
 2.06516e-07
 1.90842e-07
 1.76724e-07
 1.63988e-07
 1.52478e-07
 1.42056e-07
 1.32601e-07
 1.24005e-07
 1.16175e-07
