scalar
part
         1
quad4
 4.10898e-07
 3.89819e-07
 3.66166e-07
 3.41686e-07
 3.17503e-07
 2.94296e-07
 2.72441e-07
 2.52116e-07
 2.33369e-07
 2.16173e-07
 2.00453e-07
 1.86112e-07
 1.73041e-07
 1.61130e-07
 1.50274e-07
 1.40373e-07
 1.31332e-07
 1.23067e-07
 1.15502e-07
 1.08567e-07
 5.00847e-07
 4.65108e-07
 4.28812e-07
 3.93697e-07
 3.60698e-07
 3.30240e-07
 3.02446e-07
 2.77258e-07
 2.54528e-07
 2.34060e-07
 2.15645e-07
 1.99075e-07
 1.84154e-07
 1.70701e-07
 1.58553e-07
 1.47564e-07
 1.37605e-07
 1.28562e-07
 1.20332e-07
 1.12829e-07
 6.10415e-07
 5.53718e-07
 5.00396e-07
 4.51639e-07
 4.07779e-07
 3.68689e-07
 3.34022e-07
 3.03347e-07
 2.76215e-07
 2.52198e-07
 2.30906e-07
 2.11991e-07
 1.95146e-07
 1.80106e-07
 1.66643e-07
 1.54556e-07
 1.43677e-07
 1.33858e-07
 1.24972e-07
 1.16910e-07
 7.41661e-07
 6.55980e-07
 5.80469e-07
 5.14775e-07
 4.57957e-07
 4.08902e-07
 3.66523e-07
 3.29833e-07
 2.97974e-07
 2.70212e-07
 2.45929e-07
 2.24606e-07
 2.05811e-07
 1.89178e-07
 1.74405e-07
 1.61235e-07
 1.49454e-07
 1.38879e-07
 1.29357e-07
 1.20756e-07
 8.94776e-07
 7.70688e-07
 6.67458e-07
 5.81582e-07
 5.09906e-07
 4.49784e-07
 3.99061e-07
 3.56008e-07
 3.19241e-07
 2.87653e-07
 2.60357e-07
 2.36639e-07
 2.15922e-07
 1.97734e-07
 1.81693e-07
 1.67481e-07
 1.54837e-07
 1.43544e-07
 1.33420e-07
 1.24311e-07
 1.06649e-06
 8.94318e-07
 7.58301e-07
 6.49598e-07
 5.61713e-07
 4.89866e-07
 4.30518e-07
 3.81019e-07
 3.39364e-07
 3.04020e-07
 2.73802e-07
 2.47785e-07
 2.25240e-07
 2.05585e-07
 1.88355e-07
 1.73172e-07
 1.59729e-07
 1.47774e-07
 1.37096e-07
 1.27522e-07
 1.24840e-06
 1.02038e-06
 8.48238e-07
 7.15391e-07
 6.10907e-07
 5.27365e-07
 4.59593e-07
 4.03908e-07
 3.57630e-07
 3.18777e-07
 2.85858e-07
 2.57734e-07
 2.33525e-07
 2.12544e-07
 1.94245e-07
 1.78193e-07
 1.64037e-07
 1.51492e-07
 1.40324e-07
 1.30340e-07
 1.42597e-06
 1.13934e-06
 9.30971e-07
 7.74747e-07
 6.54625e-07
 5.60299e-07
 4.84894e-07
 4.23681e-07
 3.73319e-07
 3.31395e-07
 2.96128e-07
 2.66185e-07
 2.40549e-07
 2.18433e-07
 1.99223e-07
 1.82433e-07
 1.67673e-07
 1.54630e-07
 1.43048e-07
 1.32718e-07
 1.57937e-06
 1.23944e-06
 9.99301e-07
 8.23114e-07
 6.89905e-07
 5.86691e-07
 5.05069e-07
 4.39393e-07
 3.85758e-07
 3.41385e-07
 3.04255e-07
 2.72872e-07
 2.46108e-07
 2.23098e-07
 2.03170e-07
 1.85799e-07
 1.70564e-07
 1.57129e-07
 1.45221e-07
 1.34617e-07
 1.68686e-06
 1.30872e-06
 1.04629e-06
 8.56287e-07
 7.14097e-07
 6.04816e-07
 5.18960e-07
 4.50251e-07
 3.94388e-07
 3.48347e-07
 3.09945e-07
 2.77577e-07
 2.50039e-07
 2.26412e-07
 2.05989e-07
 1.88215e-07
 1.72649e-07
 1.58940e-07
 1.46803e-07
 1.36007e-07
 1.73048e-06
 1.33785e-06
 1.06672e-06
 8.71183e-07
 7.25295e-07
 6.13449e-07
 5.25757e-07
 4.55699e-07
 3.98822e-07
 3.52004e-07
 3.12998e-07
 2.80151e-07
 2.52229e-07
 2.28292e-07
 2.07614e-07
 1.89629e-07
 1.73887e-07
 1.60030e-07
 1.47769e-07
 1.36866e-07
 1.70254e-06
 1.32287e-06
 1.05841e-06
 8.66506e-07
 7.22693e-07
 6.12067e-07
 5.25108e-07
 4.55494e-07
 3.98887e-07
 3.52232e-07
 3.13319e-07
 2.80523e-07
 2.52625e-07
 2.28694e-07
 2.08012e-07
 1.90016e-07
 1.74259e-07
 1.60384e-07
 1.48104e-07
 1.37182e-07
 1.60914e-06
 1.26667e-06
 1.02282e-06
 8.43051e-07
 7.06740e-07
 6.00933e-07
 5.17170e-07
 4.49733e-07
 3.94643e-07
 3.49066e-07
 3.10933e-07
 2.78709e-07
 2.51236e-07
 2.27626e-07
 2.07186e-07
 1.89376e-07
 1.73763e-07
 1.60001e-07
 1.47809e-07
 1.36956e-07
 1.46796e-06
 1.17806e-06
 9.64682e-07
 8.03517e-07
 6.79045e-07
 5.81044e-07
 5.02581e-07
 4.38835e-07
 3.86373e-07
 3.42702e-07
 3.05976e-07
 2.74806e-07
 2.48133e-07
 2.25137e-07
 2.05175e-07
 1.87740e-07
 1.72423e-07
 1.58898e-07
 1.46896e-07
 1.36198e-07
 1.30137e-06
 1.06901e-06
 8.90754e-07
 7.51889e-07
 6.42060e-07
 5.53959e-07
 4.82363e-07
 4.23487e-07
 3.74548e-07
 3.33470e-07
 2.98683e-07
 2.68984e-07
 2.43440e-07
 2.21322e-07
 2.02049e-07
 1.85159e-07
 1.70280e-07
 1.57106e-07
 1.45390e-07
 1.34926e-07
 1.12952e-06
 9.51362e-07
 8.08200e-07
 6.92626e-07
 5.98636e-07
 5.21550e-07
 4.57774e-07
 4.04553e-07
 3.59773e-07
 3.21802e-07
 2.89367e-07
 2.61473e-07
 2.37329e-07
 2.16309e-07
 1.97906e-07
 1.81711e-07
 1.67391e-07
 1.54673e-07
 1.43328e-07
 1.33170e-07
 9.66562e-07
 8.34660e-07
 7.23331e-07
 6.29925e-07
 5.51597e-07
 4.85747e-07
 4.30152e-07
 3.82976e-07
 3.42724e-07
 3.08187e-07
 2.78389e-07
 2.52541e-07
 2.30003e-07
 2.10253e-07
 1.92865e-07
 1.77487e-07
 1.63831e-07
 1.51654e-07
 1.40756e-07
 1.30967e-07
 8.20287e-07
 7.25261e-07
 6.40908e-07
 5.67236e-07
 5.03419e-07
 4.48325e-07
 4.00781e-07
 3.59691e-07
 3.24088e-07
 2.93137e-07
 2.66132e-07
 2.42480e-07
 2.21683e-07
 2.03325e-07
 1.87059e-07
 1.72593e-07
 1.59681e-07
 1.48117e-07
 1.37726e-07
 1.28360e-07
 6.93572e-07
 6.26599e-07
 5.64018e-07
 5.07067e-07
 4.56053e-07
 4.10775e-07
 3.70789e-07
 3.35552e-07
 3.04513e-07
 2.77145e-07
 2.52975e-07
 2.31582e-07
 2.12597e-07
 1.95705e-07
 1.80630e-07
 1.67139e-07
 1.55031e-07
 1.44133e-07
 1.34297e-07
 1.25395e-07
 5.86224e-07
 5.39922e-07
 4.94310e-07
 4.51019e-07
 4.10887e-07
 3.74241e-07
 3.41094e-07
 3.11287e-07
 2.84571e-07
 2.60663e-07
 2.39273e-07
 2.20126e-07
 2.02968e-07
 1.87567e-07
 1.73719e-07
 1.61241e-07
 1.49973e-07
 1.39777e-07
 1.30530e-07
 1.22124e-07
