scalar
part
         1
quad4
 6.16007e-07
 5.65592e-07
 5.16345e-07
 4.69904e-07
 4.27080e-07
 3.88149e-07
 3.53072e-07
 3.21638e-07
 2.93550e-07
 2.68482e-07
 2.46111e-07
 2.26132e-07
 2.08263e-07
 1.92255e-07
 1.77885e-07
 1.64958e-07
 1.53301e-07
 1.42767e-07
 1.33225e-07
 1.24561e-07
 7.26703e-07
 6.54539e-07
 5.87530e-07
 5.26864e-07
 4.72761e-07
 4.24928e-07
 3.82832e-07
 3.45850e-07
 3.13363e-07
 2.84792e-07
 2.59616e-07
 2.37377e-07
 2.17680e-07
 2.00183e-07
 1.84594e-07
 1.70662e-07
 1.58175e-07
 1.46950e-07
 1.36829e-07
 1.27680e-07
 8.56877e-07
 7.55342e-07
 6.65660e-07
 5.87672e-07
 5.20378e-07
 4.62484e-07
 4.12679e-07
 3.69757e-07
 3.32660e-07
 3.00485e-07
 2.72470e-07
 2.47979e-07
 2.26481e-07
 2.07534e-07
 1.90770e-07
 1.75880e-07
 1.62605e-07
 1.50730e-07
 1.40070e-07
 1.30470e-07
 1.00643e-06
 8.66486e-07
 7.48871e-07
 6.50572e-07
 5.68431e-07
 4.99593e-07
 4.41644e-07
 3.92596e-07
 3.50844e-07
 3.15096e-07
 2.84310e-07
 2.57650e-07
 2.34440e-07
 2.14129e-07
 1.96270e-07
 1.80495e-07
 1.66500e-07
 1.54034e-07
 1.42887e-07
 1.32882e-07
 1.17194e-06
 9.84130e-07
 8.33795e-07
 7.12867e-07
 6.14846e-07
 5.34690e-07
 4.68548e-07
 4.13483e-07
 3.67250e-07
 3.28119e-07
 2.94750e-07
 2.66095e-07
 2.41328e-07
 2.19790e-07
 2.00956e-07
 1.84398e-07
 1.69771e-07
 1.56791e-07
 1.45222e-07
 1.34870e-07
 1.34479e-06
 1.10137e-06
 9.15336e-07
 7.70909e-07
 6.57031e-07
 5.65930e-07
 4.92073e-07
 4.31465e-07
 3.81179e-07
 3.39041e-07
 3.03407e-07
 2.73025e-07
 2.46925e-07
 2.24348e-07
 2.04695e-07
 1.87486e-07
 1.72338e-07
 1.58936e-07
 1.47024e-07
 1.36392e-07
 1.50966e-06
 1.20804e-06
 9.86854e-07
 8.20331e-07
 6.92080e-07
 5.91346e-07
 5.10862e-07
 4.45592e-07
 3.91959e-07
 3.47375e-07
 3.09926e-07
 2.78176e-07
 2.51034e-07
 2.27652e-07
 2.07372e-07
 1.89670e-07
 1.74130e-07
 1.60415e-07
 1.48251e-07
 1.37414e-07
 1.64517e-06
 1.29176e-06
 1.04096e-06
 8.56594e-07
 7.17122e-07
 6.09073e-07
 5.23675e-07
 4.55019e-07
 3.99002e-07
 3.52705e-07
 3.14006e-07
 2.81331e-07
 2.53492e-07
 2.29583e-07
 2.08897e-07
 1.90881e-07
 1.75095e-07
 1.61186e-07
 1.48868e-07
 1.37909e-07
 1.72825e-06
 1.34040e-06
 1.07093e-06
 8.75786e-07
 7.29780e-07
 6.17615e-07
 5.29543e-07
 4.59103e-07
 4.01869e-07
 3.54728e-07
 3.15434e-07
 2.82333e-07
 2.54188e-07
 2.30056e-07
 2.09206e-07
 1.91070e-07
 1.75195e-07
 1.61221e-07
 1.48855e-07
 1.37860e-07
 1.74182e-06
 1.34567e-06
 1.07240e-06
 8.75465e-07
 7.28625e-07
 6.16103e-07
 5.27918e-07
 4.57487e-07
 4.00326e-07
 3.53284e-07
 3.14099e-07
 2.81108e-07
 2.53067e-07
 2.29032e-07
 2.08272e-07
 1.90218e-07
 1.74417e-07
 1.60509e-07
 1.48203e-07
 1.37262e-07
 1.68199e-06
 1.30590e-06
 1.04460e-06
 8.55256e-07
 7.13471e-07
 6.04447e-07
 5.18758e-07
 4.50158e-07
 3.94369e-07
 3.48377e-07
 3.10009e-07
 2.77662e-07
 2.50138e-07
 2.26521e-07
 2.06103e-07
 1.88331e-07
 1.72765e-07
 1.59056e-07
 1.46917e-07
 1.36119e-07
 1.55950e-06
 1.22655e-06
 9.90547e-07
 8.16947e-07
 6.85431e-07
 5.83365e-07
 5.02546e-07
 4.37448e-07
 3.84235e-07
 3.40179e-07
 3.03290e-07
 2.72092e-07
 2.45473e-07
 2.22577e-07
 2.02742e-07
 1.85444e-07
 1.70269e-07
 1.56883e-07
 1.45015e-07
 1.34445e-07
 1.39476e-06
 1.11829e-06
 9.16217e-07
 7.64068e-07
 6.46686e-07
 5.54263e-07
 4.80215e-07
 4.19994e-07
 3.70372e-07
 3.29009e-07
 2.94175e-07
 2.64571e-07
 2.39203e-07
 2.17302e-07
 1.98266e-07
 1.81618e-07
 1.66975e-07
 1.54030e-07
 1.42529e-07
 1.32266e-07
 1.21042e-06
 9.93735e-07
 8.28987e-07
 7.01122e-07
 6.00092e-07
 5.19006e-07
 4.53021e-07
 3.98663e-07
 3.53388e-07
 3.15306e-07
 2.82987e-07
 2.55338e-07
 2.31508e-07
 2.10833e-07
 1.92783e-07
 1.76937e-07
 1.62951e-07
 1.50549e-07
 1.39500e-07
 1.29617e-07
 1.02581e-06
 8.64596e-07
 7.36152e-07
 6.32776e-07
 5.48709e-07
 4.79653e-07
 4.22379e-07
 3.74447e-07
 3.33995e-07
 2.99587e-07
 2.70106e-07
 2.44678e-07
 2.22606e-07
 2.03336e-07
 1.86423e-07
 1.71502e-07
 1.58277e-07
 1.46504e-07
 1.35981e-07
 1.26540e-07
 8.54309e-07
 7.39958e-07
 6.43843e-07
 5.63198e-07
 4.95407e-07
 4.38206e-07
 3.89706e-07
 3.48366e-07
 3.12935e-07
 2.82400e-07
 2.55944e-07
 2.32903e-07
 2.12735e-07
 1.94998e-07
 1.79329e-07
 1.65427e-07
 1.53044e-07
 1.41970e-07
 1.32032e-07
 1.23083e-07
 7.03178e-07
 6.25706e-07
 5.56516e-07
 4.95674e-07
 4.42589e-07
 3.96424e-07
 3.56298e-07
 3.21380e-07
 2.90927e-07
 2.64289e-07
 2.40915e-07
 2.20332e-07
 2.02142e-07
 1.86011e-07
 1.71656e-07
 1.58836e-07
 1.47349e-07
 1.37025e-07
 1.27716e-07
 1.19299e-07
 5.74800e-07
 5.24813e-07
 4.76907e-07
 4.32478e-07
 3.92064e-07
 3.55718e-07
 3.23244e-07
 2.94329e-07
 2.68618e-07
 2.45757e-07
 2.25409e-07
 2.07271e-07
 1.91071e-07
 1.76569e-07
 1.63556e-07
 1.51851e-07
 1.41295e-07
 1.31751e-07
 1.23102e-07
 1.15243e-07
 4.68410e-07
 4.38061e-07
 4.06302e-07
 3.74948e-07
 3.45038e-07
 3.17111e-07
 2.91386e-07
 2.67894e-07
 2.46558e-07
 2.27241e-07
 2.09779e-07
 1.94003e-07
 1.79747e-07
 1.66854e-07
 1.55180e-07
 1.44594e-07
 1.34978e-07
 1.26230e-07
 1.18255e-07
 1.10972e-07
 3.81614e-07
 3.64831e-07
 3.44928e-07
 3.23659e-07
 3.02192e-07
 2.81267e-07
 2.61322e-07
 2.42593e-07
 2.25181e-07
 2.09104e-07
 1.94324e-07
 1.80775e-07
 1.68374e-07
 1.57034e-07
 1.46664e-07
 1.37178e-07
 1.28495e-07
 1.20540e-07
 1.13242e-07
 1.06540e-07
