scalar
part
         1
quad4
 5.19430e-07
 4.81035e-07
 4.42574e-07
 4.05618e-07
 3.71021e-07
 3.39170e-07
 3.10160e-07
 2.83914e-07
 2.60264e-07
 2.38998e-07
 2.19892e-07
 2.02723e-07
 1.87283e-07
 1.73380e-07
 1.60843e-07
 1.49516e-07
 1.39263e-07
 1.29964e-07
 1.21513e-07
 1.13817e-07
 6.17535e-07
 5.60863e-07
 5.07269e-07
 4.58027e-07
 4.13563e-07
 3.73826e-07
 3.38520e-07
 3.07242e-07
 2.79557e-07
 2.55042e-07
 2.33308e-07
 2.14003e-07
 1.96818e-07
 1.81482e-07
 1.67760e-07
 1.55450e-07
 1.44378e-07
 1.34391e-07
 1.25360e-07
 1.17173e-07
 7.33978e-07
 6.52303e-07
 5.79135e-07
 5.14731e-07
 4.58560e-07
 4.09774e-07
 3.67446e-07
 3.30689e-07
 2.98702e-07
 2.70786e-07
 2.46344e-07
 2.24869e-07
 2.05931e-07
 1.89171e-07
 1.74284e-07
 1.61016e-07
 1.49150e-07
 1.38502e-07
 1.28919e-07
 1.20266e-07
 8.69300e-07
 7.54495e-07
 6.56866e-07
 5.74401e-07
 5.04828e-07
 4.46019e-07
 3.96127e-07
 3.53605e-07
 3.17182e-07
 2.85819e-07
 2.58674e-07
 2.35059e-07
 2.14414e-07
 1.96281e-07
 1.80282e-07
 1.66105e-07
 1.53492e-07
 1.42226e-07
 1.32129e-07
 1.23046e-07
 1.02140e-06
 8.64661e-07
 7.37868e-07
 6.34879e-07
 5.50658e-07
 4.81238e-07
 4.23547e-07
 3.75213e-07
 3.34400e-07
 2.99682e-07
 2.69941e-07
 2.44298e-07
 2.22052e-07
 2.02642e-07
 1.85616e-07
 1.70608e-07
 1.57316e-07
 1.45493e-07
 1.34933e-07
 1.25466e-07
 1.18387e-06
 9.77407e-07
 8.18018e-07
 6.93126e-07
 5.93835e-07
 5.13820e-07
 4.48529e-07
 3.94645e-07
 3.49713e-07
 3.11892e-07
 2.79782e-07
 2.52306e-07
 2.28628e-07
 2.08086e-07
 1.90158e-07
 1.74423e-07
 1.60541e-07
 1.48236e-07
 1.37279e-07
 1.27482e-07
 1.34462e-06
 1.08443e-06
 8.91716e-07
 7.45354e-07
 6.31772e-07
 5.41971e-07
 4.69813e-07
 4.11004e-07
 3.62472e-07
 3.21973e-07
 2.87842e-07
 2.58819e-07
 2.33940e-07
 2.12458e-07
 1.93785e-07
 1.77454e-07
 1.63092e-07
 1.50396e-07
 1.39118e-07
 1.29057e-07
 1.48601e-06
 1.17512e-06
 9.52419e-07
 7.87421e-07
 6.61777e-07
 5.63900e-07
 4.86179e-07
 4.23441e-07
 3.72075e-07
 3.29494e-07
 2.93805e-07
 2.63601e-07
 2.37814e-07
 2.15626e-07
 1.96396e-07
 1.79623e-07
 1.64907e-07
 1.51923e-07
 1.40412e-07
 1.30159e-07
 1.58776e-06
 1.23834e-06
 9.93700e-07
 8.15450e-07
 6.81422e-07
 5.78038e-07
 4.96583e-07
 4.31247e-07
 3.78030e-07
 3.34103e-07
 2.97420e-07
 2.66468e-07
 2.40112e-07
 2.17484e-07
 1.97912e-07
 1.80869e-07
 1.65938e-07
 1.52782e-07
 1.41132e-07
 1.30765e-07
 1.63258e-06
 1.26517e-06
 1.01062e-06
 8.26559e-07
 6.88951e-07
 5.83274e-07
 5.00303e-07
 4.33936e-07
 3.80003e-07
 3.35568e-07
 2.98519e-07
 2.67300e-07
 2.40745e-07
 2.17968e-07
 1.98283e-07
 1.81154e-07
 1.66156e-07
 1.52949e-07
 1.41258e-07
 1.30860e-07
 1.61214e-06
 1.25144e-06
 1.00094e-06
 8.19467e-07
 6.83599e-07
 5.79134e-07
 4.97034e-07
 4.31310e-07
 3.77860e-07
 3.33798e-07
 2.97039e-07
 2.66049e-07
 2.39680e-07
 2.17053e-07
 1.97491e-07
 1.80464e-07
 1.65551e-07
 1.52415e-07
 1.40785e-07
 1.30439e-07
 1.52995e-06
 1.19895e-06
 9.65654e-07
 7.94774e-07
 6.65741e-07
 5.65863e-07
 4.86942e-07
 4.23482e-07
 3.71684e-07
 3.28850e-07
 2.93023e-07
 2.62751e-07
 2.36942e-07
 2.14758e-07
 1.95551e-07
 1.78811e-07
 1.64132e-07
 1.51190e-07
 1.39720e-07
 1.29508e-07
 1.39976e-06
 1.11486e-06
 9.08760e-07
 7.54826e-07
 6.36824e-07
 5.44387e-07
 4.70639e-07
 4.10869e-07
 3.61763e-07
 3.20933e-07
 2.86621e-07
 2.57515e-07
 2.32614e-07
 2.11147e-07
 1.92512e-07
 1.76233e-07
 1.61930e-07
 1.49296e-07
 1.38082e-07
 1.28083e-07
 1.24080e-06
 1.00956e-06
 8.36221e-07
 7.03215e-07
 5.99094e-07
 5.16159e-07
 4.49093e-07
 3.94134e-07
 3.48562e-07
 3.10376e-07
 2.78075e-07
 2.50519e-07
 2.26829e-07
 2.06321e-07
 1.88452e-07
 1.72792e-07
 1.58993e-07
 1.46773e-07
 1.35901e-07
 1.26187e-07
 1.07224e-06
 8.94135e-07
 7.54696e-07
 6.44092e-07
 5.55224e-07
 4.82949e-07
 4.23507e-07
 3.74110e-07
 3.32671e-07
 2.97604e-07
 2.67694e-07
 2.41994e-07
 2.19763e-07
 2.00413e-07
 1.83474e-07
 1.68567e-07
 1.55382e-07
 1.43669e-07
 1.33217e-07
 1.23854e-07
 9.09245e-07
 7.78170e-07
 6.70354e-07
 5.81502e-07
 5.07922e-07
 4.46607e-07
 3.95166e-07
 3.51708e-07
 3.14745e-07
 2.83099e-07
 2.55836e-07
 2.32209e-07
 2.11619e-07
 1.93580e-07
 1.77699e-07
 1.63653e-07
 1.51175e-07
 1.40045e-07
 1.30079e-07
 1.21123e-07
 7.61291e-07
 6.68595e-07
 5.88094e-07
 5.18888e-07
 4.59617e-07
 4.08863e-07
 3.65317e-07
 3.27837e-07
 2.95454e-07
 2.67358e-07
 2.42876e-07
 2.21449e-07
 2.02616e-07
 1.85993e-07
 1.71263e-07
 1.58158e-07
 1.46456e-07
 1.35971e-07
 1.26543e-07
 1.18039e-07
 6.32702e-07
 5.69498e-07
 5.11261e-07
 4.58840e-07
 4.12270e-07
 3.71187e-07
 3.35062e-07
 3.03326e-07
 2.75428e-07
 2.50862e-07
 2.29184e-07
 2.10001e-07
 1.92979e-07
 1.77829e-07
 1.64303e-07
 1.52192e-07
 1.41315e-07
 1.31517e-07
 1.22667e-07
 1.14650e-07
 5.24136e-07
 4.82618e-07
 4.41745e-07
 4.03059e-07
 3.67298e-07
 3.34721e-07
 3.05307e-07
 2.78887e-07
 2.55223e-07
 2.34049e-07
 2.15103e-07
 1.98138e-07
 1.82924e-07
 1.69259e-07
 1.56960e-07
 1.45868e-07
 1.35842e-07
 1.26759e-07
 1.18512e-07
 1.11008e-07
 4.34144e-07
 4.08061e-07
 3.80286e-07
 3.52466e-07
 3.25606e-07
 3.00272e-07
 2.76736e-07
 2.55087e-07
 2.35303e-07
 2.17294e-07
 2.00940e-07
 1.86105e-07
 1.72652e-07
 1.60447e-07
 1.49367e-07
 1.39295e-07
 1.30127e-07
 1.21770e-07
 1.14140e-07
 1.07162e-07
