scalar
part
         1
quad4
 3.97651e-07
 3.77384e-07
 3.54715e-07
 3.31270e-07
 3.08097e-07
 2.85835e-07
 2.64842e-07
 2.45290e-07
 2.27230e-07
 2.10640e-07
 1.95454e-07
 1.81582e-07
 1.68924e-07
 1.57378e-07
 1.46844e-07
 1.37227e-07
 1.28440e-07
 1.20400e-07
 1.13036e-07
 1.06281e-07
 4.84118e-07
 4.49876e-07
 4.15157e-07
 3.81561e-07
 3.49956e-07
 3.20742e-07
 2.94039e-07
 2.69800e-07
 2.47891e-07
 2.28132e-07
 2.10330e-07
 1.94291e-07
 1.79832e-07
 1.66781e-07
 1.54985e-07
 1.44305e-07
 1.34618e-07
 1.25815e-07
 1.17799e-07
 1.10486e-07
 5.89315e-07
 5.35160e-07
 4.84240e-07
 4.37632e-07
 3.95636e-07
 3.58136e-07
 3.24816e-07
 2.95278e-07
 2.69107e-07
 2.45904e-07
 2.25304e-07
 2.06979e-07
 1.90641e-07
 1.76039e-07
 1.62954e-07
 1.51198e-07
 1.40608e-07
 1.31043e-07
 1.22382e-07
 1.14519e-07
 7.15239e-07
 6.33610e-07
 5.61598e-07
 4.98828e-07
 4.44418e-07
 3.97336e-07
 3.56572e-07
 3.21211e-07
 2.90449e-07
 2.63599e-07
 2.40081e-07
 2.19403e-07
 2.01155e-07
 1.84990e-07
 1.70619e-07
 1.57798e-07
 1.46320e-07
 1.36010e-07
 1.26722e-07
 1.18327e-07
 8.62198e-07
 7.44215e-07
 6.45836e-07
 5.63770e-07
 4.95084e-07
 4.37320e-07
 3.88473e-07
 3.46925e-07
 3.11378e-07
 2.80789e-07
 2.54319e-07
 2.31291e-07
 2.11153e-07
 1.93457e-07
 1.77837e-07
 1.63987e-07
 1.51657e-07
 1.40638e-07
 1.30753e-07
 1.21856e-07
 1.02741e-06
 8.63852e-07
 7.34184e-07
 6.30194e-07
 5.45853e-07
 4.76711e-07
 4.19459e-07
 3.71609e-07
 3.31270e-07
 2.96989e-07
 2.67642e-07
 2.42346e-07
 2.20403e-07
 2.01256e-07
 1.84459e-07
 1.69647e-07
 1.56524e-07
 1.44847e-07
 1.34413e-07
 1.25055e-07
 1.20348e-06
 9.86693e-07
 8.22288e-07
 6.94915e-07
 5.94404e-07
 5.13815e-07
 4.48288e-07
 3.94341e-07
 3.49435e-07
 3.11681e-07
 2.79654e-07
 2.52266e-07
 2.28669e-07
 2.08202e-07
 1.90340e-07
 1.74662e-07
 1.60829e-07
 1.48564e-07
 1.37641e-07
 1.27872e-07
 1.37746e-06
 1.10402e-06
 9.04291e-07
 7.53958e-07
 6.38007e-07
 5.46728e-07
 4.73609e-07
 4.14153e-07
 3.65168e-07
 3.24342e-07
 2.89966e-07
 2.60754e-07
 2.35726e-07
 2.14121e-07
 1.95344e-07
 1.78925e-07
 1.64485e-07
 1.51719e-07
 1.40380e-07
 1.30262e-07
 1.53121e-06
 1.20485e-06
 9.73340e-07
 8.02936e-07
 6.73780e-07
 5.73511e-07
 4.94093e-07
 4.30110e-07
 3.77802e-07
 3.34489e-07
 2.98220e-07
 2.67545e-07
 2.41370e-07
 2.18856e-07
 1.99350e-07
 1.82340e-07
 1.67417e-07
 1.54253e-07
 1.42582e-07
 1.32188e-07
 1.64390e-06
 1.27751e-06
 1.02258e-06
 8.37657e-07
 6.99066e-07
 5.92427e-07
 5.08571e-07
 4.41410e-07
 3.86772e-07
 3.41716e-07
 3.04119e-07
 2.72417e-07
 2.45436e-07
 2.22281e-07
 2.02260e-07
 1.84831e-07
 1.69565e-07
 1.56117e-07
 1.44210e-07
 1.33616e-07
 1.69679e-06
 1.31217e-06
 1.04651e-06
 8.54867e-07
 7.11853e-07
 6.02187e-07
 5.16187e-07
 4.47467e-07
 3.91668e-07
 3.45730e-07
 3.07451e-07
 2.75213e-07
 2.47805e-07
 2.24305e-07
 2.04004e-07
 1.86344e-07
 1.70886e-07
 1.57277e-07
 1.45234e-07
 1.34525e-07
 1.67981e-06
 1.30376e-06
 1.04236e-06
 8.52951e-07
 7.11151e-07
 6.02153e-07
 5.16520e-07
 4.47994e-07
 3.92289e-07
 3.46387e-07
 3.08109e-07
 2.75853e-07
 2.48416e-07
 2.24883e-07
 2.04546e-07
 1.86850e-07
 1.71357e-07
 1.57715e-07
 1.45641e-07
 1.34902e-07
 1.59631e-06
 1.25384e-06
 1.01092e-06
 8.32331e-07
 6.97192e-07
 5.92459e-07
 5.09645e-07
 4.43034e-07
 3.88659e-07
 3.43699e-07
 3.06100e-07
 2.74340e-07
 2.47271e-07
 2.24013e-07
 2.03884e-07
 1.86347e-07
 1.70975e-07
 1.57428e-07
 1.45427e-07
 1.34746e-07
 1.46231e-06
 1.17031e-06
 9.56385e-07
 7.95387e-07
 6.71392e-07
 5.73978e-07
 4.96120e-07
 4.32952e-07
 3.81024e-07
 3.37835e-07
 3.01542e-07
 2.70758e-07
 2.44429e-07
 2.21739e-07
 2.02051e-07
 1.84859e-07
 1.69761e-07
 1.56431e-07
 1.44604e-07
 1.34065e-07
 1.29999e-06
 1.06480e-06
 8.85245e-07
 7.45914e-07
 6.36066e-07
 5.48177e-07
 4.76902e-07
 4.18390e-07
 3.69822e-07
 3.29103e-07
 2.94653e-07
 2.65265e-07
 2.40007e-07
 2.18148e-07
 1.99112e-07
 1.82436e-07
 1.67750e-07
 1.54752e-07
 1.43196e-07
 1.32876e-07
 1.13018e-06
 9.49332e-07
 8.04654e-07
 6.88309e-07
 5.94004e-07
 5.16873e-07
 4.53206e-07
 4.00179e-07
 3.55635e-07
 3.17914e-07
 2.85732e-07
 2.58080e-07
 2.34168e-07
 2.13363e-07
 1.95159e-07
 1.79149e-07
 1.64999e-07
 1.52437e-07
 1.41235e-07
 1.31208e-07
 9.67921e-07
 8.33806e-07
 7.21059e-07
 6.26808e-07
 5.48025e-07
 4.81977e-07
 4.26349e-07
 3.79243e-07
 3.39121e-07
 3.04747e-07
 2.75128e-07
 2.49463e-07
 2.27106e-07
 2.07531e-07
 1.90309e-07
 1.75088e-07
 1.61579e-07
 1.49539e-07
 1.38767e-07
 1.29096e-07
 8.21655e-07
 7.24950e-07
 6.39408e-07
 5.64945e-07
 5.00640e-07
 4.45276e-07
 3.97614e-07
 3.56509e-07
 3.20958e-07
 2.90102e-07
 2.63217e-07
 2.39697e-07
 2.19039e-07
 2.00820e-07
 1.84690e-07
 1.70355e-07
 1.57568e-07
 1.46122e-07
 1.35842e-07
 1.26580e-07
 6.94668e-07
 6.26475e-07
 5.62955e-07
 5.05325e-07
 4.53851e-07
 4.08284e-07
 3.68138e-07
 3.32835e-07
 3.01794e-07
 2.74470e-07
 2.50373e-07
 2.29072e-07
 2.10190e-07
 1.93405e-07
 1.78440e-07
 1.65057e-07
 1.53054e-07
 1.42257e-07
 1.32518e-07
 1.23708e-07
 5.86979e-07
 5.39810e-07
 4.93480e-07
 4.49635e-07
 4.09099e-07
 3.72176e-07
 3.38855e-07
 3.08954e-07
 2.82203e-07
 2.58302e-07
 2.36951e-07
 2.17864e-07
 2.00779e-07
 1.85460e-07
 1.71698e-07
 1.59308e-07
 1.48128e-07
 1.38018e-07
 1.28853e-07
 1.20528e-07
