scalar
part
         1
quad4
 6.14447e-07
 5.64248e-07
 5.15190e-07
 4.68914e-07
 4.26231e-07
 3.87419e-07
 3.52444e-07
 3.21094e-07
 2.93078e-07
 2.68071e-07
 2.45752e-07
 2.25816e-07
 2.07984e-07
 1.92008e-07
 1.77665e-07
 1.64761e-07
 1.53126e-07
 1.42609e-07
 1.33083e-07
 1.24432e-07
 7.24966e-07
 6.53073e-07
 5.86297e-07
 5.25825e-07
 4.71883e-07
 4.24185e-07
 3.82199e-07
 3.45309e-07
 3.12898e-07
 2.84389e-07
 2.59266e-07
 2.37072e-07
 2.17412e-07
 1.99947e-07
 1.84384e-07
 1.70476e-07
 1.58009e-07
 1.46801e-07
 1.36695e-07
 1.27559e-07
 8.54955e-07
 7.53762e-07
 6.64359e-07
 5.86598e-07
 5.19486e-07
 4.61739e-07
 4.12053e-07
 3.69227e-07
 3.32209e-07
 3.00097e-07
 2.72136e-07
 2.47688e-07
 2.26227e-07
 2.07311e-07
 1.90573e-07
 1.75705e-07
 1.62450e-07
 1.50591e-07
 1.39946e-07
 1.30358e-07
 1.00433e-06
 8.64812e-07
 7.47527e-07
 6.49486e-07
 5.67544e-07
 4.98864e-07
 4.41038e-07
 3.92089e-07
 3.50416e-07
 3.14730e-07
 2.83997e-07
 2.57380e-07
 2.34205e-07
 2.13924e-07
 1.96090e-07
 1.80335e-07
 1.66358e-07
 1.53907e-07
 1.42773e-07
 1.32780e-07
 1.16971e-06
 9.82403e-07
 8.32446e-07
 7.11800e-07
 6.13990e-07
 5.33996e-07
 4.67979e-07
 4.13011e-07
 3.66854e-07
 3.27784e-07
 2.94465e-07
 2.65850e-07
 2.41115e-07
 2.19605e-07
 2.00793e-07
 1.84255e-07
 1.69644e-07
 1.56677e-07
 1.45120e-07
 1.34779e-07
 1.34250e-06
 1.09966e-06
 9.14038e-07
 7.69903e-07
 6.56239e-07
 5.65296e-07
 4.91558e-07
 4.31041e-07
 3.80827e-07
 3.38744e-07
 3.03156e-07
 2.72810e-07
 2.46739e-07
 2.24186e-07
 2.04553e-07
 1.87361e-07
 1.72227e-07
 1.58837e-07
 1.46936e-07
 1.36313e-07
 1.50745e-06
 1.20645e-06
 9.85679e-07
 8.19439e-07
 6.91388e-07
 5.90798e-07
 5.10421e-07
 4.45231e-07
 3.91661e-07
 3.47125e-07
 3.09714e-07
 2.77995e-07
 2.50877e-07
 2.27517e-07
 2.07253e-07
 1.89566e-07
 1.74038e-07
 1.60333e-07
 1.48177e-07
 1.37347e-07
 1.64326e-06
 1.29042e-06
 1.03999e-06
 8.55871e-07
 7.16567e-07
 6.08636e-07
 5.23326e-07
 4.54735e-07
 3.98767e-07
 3.52508e-07
 3.13839e-07
 2.81188e-07
 2.53369e-07
 2.29476e-07
 2.08803e-07
 1.90798e-07
 1.75022e-07
 1.61121e-07
 1.48810e-07
 1.37856e-07
 1.72687e-06
 1.33946e-06
 1.07026e-06
 8.75284e-07
 7.29395e-07
 6.17313e-07
 5.29301e-07
 4.58905e-07
 4.01705e-07
 3.54590e-07
 3.15316e-07
 2.82233e-07
 2.54101e-07
 2.29979e-07
 2.09139e-07
 1.91011e-07
 1.75143e-07
 1.61174e-07
 1.48813e-07
 1.37822e-07
 1.74119e-06
 1.34524e-06
 1.07208e-06
 8.75222e-07
 7.28435e-07
 6.15951e-07
 5.27793e-07
 4.57384e-07
 4.00238e-07
 3.53209e-07
 3.14034e-07
 2.81051e-07
 2.53018e-07
 2.28988e-07
 2.08233e-07
 1.90182e-07
 1.74385e-07
 1.60480e-07
 1.48177e-07
 1.37238e-07
 1.68220e-06
 1.30601e-06
 1.04466e-06
 8.55289e-07
 7.13487e-07
 6.04452e-07
 5.18756e-07
 4.50152e-07
 3.94360e-07
 3.48367e-07
 3.09998e-07
 2.77651e-07
 2.50127e-07
 2.26509e-07
 2.06092e-07
 1.88320e-07
 1.72755e-07
 1.59045e-07
 1.46907e-07
 1.36109e-07
 1.56050e-06
 1.22719e-06
 9.90978e-07
 8.17248e-07
 6.85646e-07
 5.83523e-07
 5.02664e-07
 4.37538e-07
 3.84305e-07
 3.40233e-07
 3.03332e-07
 2.72126e-07
 2.45500e-07
 2.22598e-07
 2.02759e-07
 1.85457e-07
 1.70280e-07
 1.56891e-07
 1.45022e-07
 1.34450e-07
 1.39635e-06
 1.11936e-06
 9.16960e-07
 7.64602e-07
 6.47082e-07
 5.54562e-07
 4.80446e-07
 4.20174e-07
 3.70515e-07
 3.29124e-07
 2.94269e-07
 2.64648e-07
 2.39266e-07
 2.17355e-07
 1.98310e-07
 1.81655e-07
 1.67007e-07
 1.54057e-07
 1.42552e-07
 1.32286e-07
 1.21236e-06
 9.95090e-07
 8.29963e-07
 7.01843e-07
 6.00637e-07
 5.19425e-07
 4.53350e-07
 3.98924e-07
 3.53599e-07
 3.15477e-07
 2.83128e-07
 2.55455e-07
 2.31606e-07
 2.10916e-07
 1.92854e-07
 1.76997e-07
 1.63003e-07
 1.50593e-07
 1.39539e-07
 1.29651e-07
 1.02789e-06
 8.66110e-07
 7.37278e-07
 6.33629e-07
 5.49368e-07
 4.80168e-07
 4.22789e-07
 3.74777e-07
 3.34264e-07
 2.99808e-07
 2.70290e-07
 2.44832e-07
 2.22736e-07
 2.03447e-07
 1.86517e-07
 1.71583e-07
 1.58348e-07
 1.46566e-07
 1.36035e-07
 1.26587e-07
 8.56375e-07
 7.41525e-07
 6.45046e-07
 5.64133e-07
 4.96144e-07
 4.38793e-07
 3.90179e-07
 3.48752e-07
 3.13252e-07
 2.82664e-07
 2.56165e-07
 2.33089e-07
 2.12894e-07
 1.95134e-07
 1.79446e-07
 1.65529e-07
 1.53132e-07
 1.42047e-07
 1.32100e-07
 1.23143e-07
 7.05144e-07
 6.27251e-07
 5.57737e-07
 4.96647e-07
 4.43371e-07
 3.97058e-07
 3.56817e-07
 3.21808e-07
 2.91283e-07
 2.64588e-07
 2.41167e-07
 2.20546e-07
 2.02326e-07
 1.86170e-07
 1.71793e-07
 1.58955e-07
 1.47454e-07
 1.37117e-07
 1.27797e-07
 1.19370e-07
 5.76619e-07
 5.26289e-07
 4.78105e-07
 4.33455e-07
 3.92864e-07
 3.56377e-07
 3.23791e-07
 2.94786e-07
 2.69003e-07
 2.46082e-07
 2.25687e-07
 2.07509e-07
 1.91276e-07
 1.76747e-07
 1.63711e-07
 1.51986e-07
 1.41414e-07
 1.31856e-07
 1.23195e-07
 1.15326e-07
 4.70067e-07
 4.39442e-07
 4.07451e-07
 3.75904e-07
 3.45836e-07
 3.17779e-07
 2.91948e-07
 2.68370e-07
 2.46963e-07
 2.27586e-07
 2.10076e-07
 1.94260e-07
 1.79970e-07
 1.67048e-07
 1.55350e-07
 1.44743e-07
 1.35110e-07
 1.26346e-07
 1.18359e-07
 1.11064e-07
 3.83110e-07
 3.66107e-07
 3.46012e-07
 3.24578e-07
 3.02973e-07
 2.81930e-07
 2.61888e-07
 2.43077e-07
 2.25597e-07
 2.09463e-07
 1.94635e-07
 1.81045e-07
 1.68610e-07
 1.57241e-07
 1.46846e-07
 1.37339e-07
 1.28638e-07
 1.20667e-07
 1.13355e-07
 1.06641e-07
