scalar
part
         1
quad4
 6.13552e-07
 5.62607e-07
 5.13002e-07
 4.66347e-07
 4.23420e-07
 3.84470e-07
 3.49436e-07
 3.18087e-07
 2.90113e-07
 2.65177e-07
 2.42947e-07
 2.23112e-07
 2.05388e-07
 1.89523e-07
 1.75290e-07
 1.62495e-07
 1.50965e-07
 1.40551e-07
 1.31121e-07
 1.22564e-07
 7.22925e-07
 6.50279e-07
 5.83000e-07
 5.22225e-07
 4.68132e-07
 4.20392e-07
 3.78442e-07
 3.41640e-07
 3.09350e-07
 2.80983e-07
 2.56011e-07
 2.33973e-07
 2.14468e-07
 1.97154e-07
 1.81738e-07
 1.67969e-07
 1.55635e-07
 1.44552e-07
 1.34564e-07
 1.25539e-07
 8.51267e-07
 7.49389e-07
 6.59608e-07
 5.81693e-07
 5.14583e-07
 4.56940e-07
 4.07423e-07
 3.64802e-07
 3.28007e-07
 2.96126e-07
 2.68391e-07
 2.44164e-07
 2.22913e-07
 2.04195e-07
 1.87643e-07
 1.72949e-07
 1.59856e-07
 1.48147e-07
 1.37641e-07
 1.28183e-07
 9.98280e-07
 8.58293e-07
 7.40888e-07
 6.42950e-07
 5.61250e-07
 4.92884e-07
 4.35407e-07
 3.86816e-07
 3.45494e-07
 3.10145e-07
 2.79727e-07
 2.53404e-07
 2.30501e-07
 2.10470e-07
 1.92866e-07
 1.77322e-07
 1.63539e-07
 1.51265e-07
 1.40293e-07
 1.30449e-07
 1.16030e-06
 9.73008e-07
 8.23396e-07
 7.03269e-07
 6.06049e-07
 5.26658e-07
 4.61225e-07
 4.06805e-07
 3.61153e-07
 3.22543e-07
 2.89641e-07
 2.61404e-07
 2.37009e-07
 2.15806e-07
 1.97270e-07
 1.80982e-07
 1.66598e-07
 1.53836e-07
 1.42465e-07
 1.32293e-07
 1.32839e-06
 1.08649e-06
 9.01990e-07
 7.58992e-07
 6.46402e-07
 5.56437e-07
 4.83574e-07
 4.23832e-07
 3.74301e-07
 3.32820e-07
 2.97761e-07
 2.67882e-07
 2.42225e-07
 2.20038e-07
 2.00730e-07
 1.83830e-07
 1.68955e-07
 1.55799e-07
 1.44108e-07
 1.33674e-07
 1.48697e-06
 1.18852e-06
 9.70043e-07
 8.05796e-07
 6.79444e-07
 5.80293e-07
 5.01134e-07
 4.36977e-07
 3.84287e-07
 3.40505e-07
 3.03743e-07
 2.72587e-07
 2.45958e-07
 2.23024e-07
 2.03136e-07
 1.85780e-07
 1.70546e-07
 1.57102e-07
 1.45180e-07
 1.34560e-07
 1.61463e-06
 1.26680e-06
 1.02029e-06
 8.39247e-07
 7.02389e-07
 5.96423e-07
 5.12709e-07
 4.45429e-07
 3.90550e-07
 3.45204e-07
 3.07305e-07
 2.75311e-07
 2.48057e-07
 2.24651e-07
 2.04402e-07
 1.86769e-07
 1.71319e-07
 1.57707e-07
 1.45652e-07
 1.34927e-07
 1.68879e-06
 1.30962e-06
 1.04628e-06
 8.55618e-07
 7.12987e-07
 6.03422e-07
 5.17394e-07
 4.48588e-07
 3.92682e-07
 3.46634e-07
 3.08249e-07
 2.75913e-07
 2.48418e-07
 2.24841e-07
 2.04472e-07
 1.86752e-07
 1.71242e-07
 1.57588e-07
 1.45505e-07
 1.34761e-07
 1.69362e-06
 1.30936e-06
 1.04405e-06
 8.52716e-07
 7.09964e-07
 6.00518e-07
 5.14706e-07
 4.46144e-07
 3.90481e-07
 3.44659e-07
 3.06480e-07
 2.74329e-07
 2.46997e-07
 2.23565e-07
 2.03322e-07
 1.85715e-07
 1.70303e-07
 1.56736e-07
 1.44731e-07
 1.34055e-07
 1.62695e-06
 1.26522e-06
 1.01331e-06
 8.30433e-07
 6.93297e-07
 5.87725e-07
 5.04671e-07
 4.38128e-07
 3.83976e-07
 3.39307e-07
 3.02024e-07
 2.70579e-07
 2.43812e-07
 2.20836e-07
 2.00967e-07
 1.83667e-07
 1.68512e-07
 1.55161e-07
 1.43338e-07
 1.32817e-07
 1.50098e-06
 1.18339e-06
 9.57443e-07
 7.90773e-07
 6.64226e-07
 5.65843e-07
 4.87825e-07
 4.24908e-07
 3.73426e-07
 3.30765e-07
 2.95018e-07
 2.64768e-07
 2.38941e-07
 2.16716e-07
 1.97453e-07
 1.80648e-07
 1.65900e-07
 1.52886e-07
 1.41345e-07
 1.31063e-07
 1.33653e-06
 1.07479e-06
 8.82603e-07
 7.37375e-07
 6.25007e-07
 5.36323e-07
 4.65134e-07
 4.07145e-07
 3.59297e-07
 3.19367e-07
 2.85707e-07
 2.57075e-07
 2.32521e-07
 2.11310e-07
 1.92862e-07
 1.76720e-07
 1.62516e-07
 1.49952e-07
 1.38786e-07
 1.28819e-07
 1.15561e-06
 9.51823e-07
 7.96096e-07
 6.74724e-07
 5.78494e-07
 5.01039e-07
 4.37861e-07
 3.85711e-07
 3.42203e-07
 3.05554e-07
 2.74413e-07
 2.47743e-07
 2.24735e-07
 2.04757e-07
 1.87302e-07
 1.71968e-07
 1.58427e-07
 1.46412e-07
 1.35704e-07
 1.26121e-07
 9.76349e-07
 8.25667e-07
 7.04962e-07
 6.07363e-07
 5.27685e-07
 4.62017e-07
 4.07404e-07
 3.61592e-07
 3.22851e-07
 2.89843e-07
 2.61519e-07
 2.37057e-07
 2.15800e-07
 1.97224e-07
 1.80904e-07
 1.66495e-07
 1.53716e-07
 1.42332e-07
 1.32151e-07
 1.23011e-07
 8.10970e-07
 7.04783e-07
 6.14998e-07
 5.39276e-07
 4.75344e-07
 4.21198e-07
 3.75145e-07
 3.35784e-07
 3.01971e-07
 2.72773e-07
 2.47431e-07
 2.25327e-07
 2.05954e-07
 1.88896e-07
 1.73811e-07
 1.60415e-07
 1.48472e-07
 1.37785e-07
 1.28187e-07
 1.19538e-07
 6.65895e-07
 5.94530e-07
 5.30337e-07
 4.73551e-07
 4.23756e-07
 3.80267e-07
 3.42331e-07
 3.09217e-07
 2.80260e-07
 2.54874e-07
 2.32553e-07
 2.12864e-07
 1.95438e-07
 1.79963e-07
 1.66175e-07
 1.53848e-07
 1.42793e-07
 1.32848e-07
 1.23874e-07
 1.15754e-07
 5.43044e-07
 4.97522e-07
 4.53463e-07
 4.12293e-07
 3.74613e-07
 3.40557e-07
 3.10001e-07
 2.82696e-07
 2.58344e-07
 2.36633e-07
 2.17266e-07
 1.99968e-07
 1.84490e-07
 1.70614e-07
 1.58146e-07
 1.46916e-07
 1.36778e-07
 1.27603e-07
 1.19281e-07
 1.11713e-07
 4.41468e-07
 4.14337e-07
 3.85491e-07
 3.56706e-07
 3.29029e-07
 3.03024e-07
 2.78948e-07
 2.56870e-07
 2.36746e-07
 2.18471e-07
 2.01908e-07
 1.86910e-07
 1.73330e-07
 1.61027e-07
 1.49869e-07
 1.39737e-07
 1.30523e-07
 1.22130e-07
 1.14472e-07
 1.07471e-07
 3.58751e-07
 3.44271e-07
 3.26550e-07
 3.07281e-07
 2.87611e-07
 2.68276e-07
 2.49729e-07
 2.32222e-07
 2.15878e-07
 2.00732e-07
 1.86765e-07
 1.73929e-07
 1.62153e-07
 1.51363e-07
 1.41478e-07
 1.32422e-07
 1.24121e-07
 1.16505e-07
 1.09512e-07
 1.03082e-07
