scalar
part
         1
quad4
 4.49708e-07
 4.22133e-07
 3.93057e-07
 3.64094e-07
 3.36222e-07
 3.09987e-07
 2.85644e-07
 2.63271e-07
 2.42835e-07
 2.24239e-07
 2.07354e-07
 1.92040e-07
 1.78152e-07
 1.65554e-07
 1.54117e-07
 1.43720e-07
 1.34257e-07
 1.25631e-07
 1.17755e-07
 1.10552e-07
 5.41809e-07
 4.98415e-07
 4.55946e-07
 4.15880e-07
 3.78916e-07
 3.45279e-07
 3.14926e-07
 2.87672e-07
 2.63263e-07
 2.41425e-07
 2.21884e-07
 2.04385e-07
 1.88692e-07
 1.74595e-07
 1.61907e-07
 1.50463e-07
 1.40119e-07
 1.30747e-07
 1.22237e-07
 1.14494e-07
 6.52755e-07
 5.87223e-07
 5.27044e-07
 4.72970e-07
 4.24973e-07
 3.82647e-07
 3.45433e-07
 3.12738e-07
 2.83993e-07
 2.58679e-07
 2.36335e-07
 2.16561e-07
 1.99012e-07
 1.83390e-07
 1.69442e-07
 1.56951e-07
 1.45732e-07
 1.35626e-07
 1.26497e-07
 1.18228e-07
 7.84027e-07
 6.88481e-07
 6.05635e-07
 5.34454e-07
 4.73495e-07
 4.21285e-07
 3.76477e-07
 3.37899e-07
 3.04556e-07
 2.75619e-07
 2.50397e-07
 2.28318e-07
 2.08907e-07
 1.91772e-07
 1.76586e-07
 1.63073e-07
 1.51007e-07
 1.40194e-07
 1.30471e-07
 1.21701e-07
 9.35051e-07
 8.00512e-07
 6.89864e-07
 5.98647e-07
 5.23067e-07
 4.60049e-07
 4.07148e-07
 3.62435e-07
 3.24388e-07
 2.91802e-07
 2.63720e-07
 2.39377e-07
 2.18158e-07
 1.99566e-07
 1.83196e-07
 1.68715e-07
 1.55850e-07
 1.44373e-07
 1.34097e-07
 1.24861e-07
 1.10168e-06
 9.19326e-07
 7.76433e-07
 6.62975e-07
 5.71728e-07
 4.97457e-07
 4.36330e-07
 3.85505e-07
 3.42847e-07
 3.06736e-07
 2.75925e-07
 2.49445e-07
 2.26535e-07
 2.06590e-07
 1.89129e-07
 1.73761e-07
 1.60168e-07
 1.48090e-07
 1.37314e-07
 1.27659e-07
 1.27472e-06
 1.03812e-06
 8.60479e-07
 7.23993e-07
 6.17031e-07
 5.31760e-07
 4.62758e-07
 4.06183e-07
 3.59251e-07
 3.19912e-07
 2.86629e-07
 2.58229e-07
 2.33811e-07
 2.12670e-07
 1.94248e-07
 1.78102e-07
 1.63874e-07
 1.51274e-07
 1.40065e-07
 1.30049e-07
 1.43935e-06
 1.14738e-06
 9.35822e-07
 7.77617e-07
 6.56226e-07
 5.61070e-07
 4.85114e-07
 4.23533e-07
 3.72924e-07
 3.30836e-07
 2.95463e-07
 2.65453e-07
 2.39777e-07
 2.17642e-07
 1.98426e-07
 1.81640e-07
 1.66891e-07
 1.53863e-07
 1.42300e-07
 1.31989e-07
 1.57643e-06
 1.23592e-06
 9.95680e-07
 8.19588e-07
 6.86560e-07
 5.83559e-07
 5.02155e-07
 4.36691e-07
 3.83255e-07
 3.39065e-07
 3.02104e-07
 2.70876e-07
 2.44251e-07
 2.21368e-07
 2.01557e-07
 1.84291e-07
 1.69152e-07
 1.55805e-07
 1.43977e-07
 1.33446e-07
 1.66613e-06
 1.29292e-06
 1.03380e-06
 8.46135e-07
 7.05667e-07
 5.97694e-07
 5.12858e-07
 4.44959e-07
 3.89754e-07
 3.44252e-07
 3.06300e-07
 2.74310e-07
 2.47094e-07
 2.23743e-07
 2.03559e-07
 1.85992e-07
 1.70608e-07
 1.57059e-07
 1.45064e-07
 1.34395e-07
 1.69317e-06
 1.31044e-06
 1.04577e-06
 8.54671e-07
 7.11960e-07
 6.02464e-07
 5.16558e-07
 4.47887e-07
 3.92109e-07
 3.46175e-07
 3.07889e-07
 2.75639e-07
 2.48216e-07
 2.24700e-07
 2.04380e-07
 1.86703e-07
 1.71227e-07
 1.57602e-07
 1.45543e-07
 1.34818e-07
 1.65217e-06
 1.28579e-06
 1.03015e-06
 8.44356e-07
 7.04929e-07
 5.97545e-07
 5.13042e-07
 4.45327e-07
 3.90218e-07
 3.44760e-07
 3.06819e-07
 2.74823e-07
 2.47588e-07
 2.24215e-07
 2.04004e-07
 1.86410e-07
 1.70999e-07
 1.57424e-07
 1.45404e-07
 1.34711e-07
 1.55024e-06
 1.22257e-06
 9.88875e-07
 8.16312e-07
 6.85248e-07
 5.83357e-07
 5.02579e-07
 4.37460e-07
 3.84202e-07
 3.40091e-07
 3.03149e-07
 2.71903e-07
 2.45242e-07
 2.22311e-07
 2.02446e-07
 1.85125e-07
 1.69932e-07
 1.56533e-07
 1.44655e-07
 1.34078e-07
 1.40477e-06
 1.12966e-06
 9.26850e-07
 7.73390e-07
 6.54652e-07
 5.60997e-07
 4.85886e-07
 4.24766e-07
 3.74391e-07
 3.32400e-07
 2.97042e-07
 2.67000e-07
 2.41264e-07
 2.19053e-07
 1.99757e-07
 1.82887e-07
 1.68057e-07
 1.54951e-07
 1.43313e-07
 1.32933e-07
 1.23728e-06
 1.01871e-06
 8.50721e-07
 7.19571e-07
 6.15622e-07
 5.32063e-07
 4.64021e-07
 4.07963e-07
 3.61285e-07
 3.22041e-07
 2.88756e-07
 2.60300e-07
 2.35794e-07
 2.14548e-07
 1.96016e-07
 1.79758e-07
 1.65421e-07
 1.52716e-07
 1.41408e-07
 1.31300e-07
 1.06693e-06
 9.01077e-07
 7.67408e-07
 6.59197e-07
 5.70961e-07
 4.98411e-07
 4.38245e-07
 3.87926e-07
 3.45501e-07
 3.09456e-07
 2.78613e-07
 2.52044e-07
 2.29012e-07
 2.08931e-07
 1.91328e-07
 1.75818e-07
 1.62088e-07
 1.49880e-07
 1.38980e-07
 1.29211e-07
 9.07040e-07
 7.85753e-07
 6.82909e-07
 5.96285e-07
 5.23392e-07
 4.61918e-07
 4.09869e-07
 3.65585e-07
 3.27710e-07
 2.95139e-07
 2.66979e-07
 2.42505e-07
 2.21126e-07
 2.02362e-07
 1.85817e-07
 1.71164e-07
 1.58134e-07
 1.46502e-07
 1.36078e-07
 1.26706e-07
 7.64704e-07
 6.78629e-07
 6.01674e-07
 5.34085e-07
 4.75266e-07
 4.24282e-07
 3.80129e-07
 3.41848e-07
 3.08583e-07
 2.79589e-07
 2.54230e-07
 2.31971e-07
 2.12358e-07
 1.95013e-07
 1.79618e-07
 1.65904e-07
 1.53645e-07
 1.42650e-07
 1.32757e-07
 1.23829e-07
 6.42303e-07
 5.82762e-07
 5.26515e-07
 4.74916e-07
 4.28404e-07
 3.86906e-07
 3.50095e-07
 3.17530e-07
 2.88744e-07
 2.63286e-07
 2.40738e-07
 2.20730e-07
 2.02932e-07
 1.87062e-07
 1.72871e-07
 1.60148e-07
 1.48709e-07
 1.38397e-07
 1.29076e-07
 1.20628e-07
 5.39307e-07
 4.99116e-07
 4.58860e-07
 4.20212e-07
 3.84074e-07
 3.50848e-07
 3.20625e-07
 2.93316e-07
 2.68737e-07
 2.46659e-07
 2.26843e-07
 2.09051e-07
 1.93064e-07
 1.78679e-07
 1.65715e-07
 1.54009e-07
 1.43419e-07
 1.33818e-07
 1.25095e-07
 1.17155e-07
