scalar
part
         1
quad4
 5.55880e-07
 5.13280e-07
 4.70924e-07
 4.30477e-07
 3.92815e-07
 3.58307e-07
 3.27009e-07
 2.98800e-07
 2.73466e-07
 2.50755e-07
 2.30404e-07
 2.12162e-07
 1.95792e-07
 1.81081e-07
 1.67838e-07
 1.55893e-07
 1.45096e-07
 1.35317e-07
 1.26439e-07
 1.18363e-07
 6.60571e-07
 5.98029e-07
 5.39258e-07
 4.85563e-07
 4.37325e-07
 3.94412e-07
 3.56439e-07
 3.22920e-07
 2.93348e-07
 2.67239e-07
 2.44150e-07
 2.23689e-07
 2.05512e-07
 1.89321e-07
 1.74859e-07
 1.61904e-07
 1.50267e-07
 1.39784e-07
 1.30316e-07
 1.21740e-07
 7.84652e-07
 6.94873e-07
 6.14923e-07
 5.44936e-07
 4.84201e-07
 4.31687e-07
 3.86307e-07
 3.47039e-07
 3.12973e-07
 2.83326e-07
 2.57432e-07
 2.34730e-07
 2.14750e-07
 1.97097e-07
 1.81443e-07
 1.67509e-07
 1.55063e-07
 1.43909e-07
 1.33879e-07
 1.24832e-07
 9.28469e-07
 8.02687e-07
 6.96373e-07
 6.07075e-07
 5.32116e-07
 4.69036e-07
 4.15730e-07
 3.70454e-07
 3.31788e-07
 2.98581e-07
 2.69906e-07
 2.45012e-07
 2.23287e-07
 2.04236e-07
 1.87450e-07
 1.72595e-07
 1.59394e-07
 1.47617e-07
 1.37069e-07
 1.27589e-07
 1.08933e-06
 9.18189e-07
 7.80640e-07
 6.69561e-07
 5.79184e-07
 5.05016e-07
 4.43613e-07
 3.92335e-07
 3.49159e-07
 3.12520e-07
 2.81201e-07
 2.54246e-07
 2.30900e-07
 2.10560e-07
 1.92742e-07
 1.77052e-07
 1.63171e-07
 1.50835e-07
 1.39826e-07
 1.29964e-07
 1.25966e-06
 1.03520e-06
 8.63099e-07
 7.29044e-07
 6.22998e-07
 5.37898e-07
 4.68704e-07
 4.11769e-07
 3.64415e-07
 3.24641e-07
 2.90938e-07
 2.62146e-07
 2.37368e-07
 2.15900e-07
 1.97184e-07
 1.80774e-07
 1.66310e-07
 1.53498e-07
 1.42098e-07
 1.31912e-07
 1.42555e-06
 1.14439e-06
 9.37594e-07
 7.81429e-07
 6.60801e-07
 5.65791e-07
 4.89687e-07
 4.27825e-07
 3.76885e-07
 3.34458e-07
 2.98757e-07
 2.68442e-07
 2.42488e-07
 2.20100e-07
 2.00657e-07
 1.83667e-07
 1.68736e-07
 1.55546e-07
 1.43837e-07
 1.33396e-07
 1.56723e-06
 1.23418e-06
 9.97119e-07
 8.22353e-07
 6.89792e-07
 5.86852e-07
 5.05319e-07
 4.39644e-07
 3.85967e-07
 3.41536e-07
 3.04344e-07
 2.72903e-07
 2.46084e-07
 2.23027e-07
 2.03059e-07
 1.85654e-07
 1.70390e-07
 1.56932e-07
 1.45005e-07
 1.34386e-07
 1.66295e-06
 1.29292e-06
 1.03508e-06
 8.47895e-07
 7.07545e-07
 5.99527e-07
 5.14574e-07
 4.46532e-07
 3.91180e-07
 3.45538e-07
 3.07456e-07
 2.75349e-07
 2.48027e-07
 2.24583e-07
 2.04316e-07
 1.86676e-07
 1.71227e-07
 1.57620e-07
 1.45574e-07
 1.34859e-07
 1.69579e-06
 1.31205e-06
 1.04681e-06
 8.55364e-07
 7.12434e-07
 6.02793e-07
 5.16789e-07
 4.48049e-07
 3.92223e-07
 3.46254e-07
 3.07943e-07
 2.75674e-07
 2.48237e-07
 2.24710e-07
 2.04383e-07
 1.86700e-07
 1.71219e-07
 1.57591e-07
 1.45529e-07
 1.34803e-07
 1.65991e-06
 1.28869e-06
 1.03077e-06
 8.43880e-07
 7.03936e-07
 5.96331e-07
 5.11761e-07
 4.44062e-07
 3.89007e-07
 3.43624e-07
 3.05765e-07
 2.73849e-07
 2.46693e-07
 2.23393e-07
 2.03250e-07
 1.85718e-07
 1.70363e-07
 1.56840e-07
 1.44866e-07
 1.34215e-07
 1.56235e-06
 1.22634e-06
 9.88854e-07
 8.14546e-07
 6.82724e-07
 5.80569e-07
 4.99775e-07
 4.34764e-07
 3.81670e-07
 3.37745e-07
 3.00992e-07
 2.69928e-07
 2.43437e-07
 2.20663e-07
 2.00941e-07
 1.83750e-07
 1.68673e-07
 1.55379e-07
 1.43596e-07
 1.33105e-07
 1.41952e-06
 1.13358e-06
 9.25847e-07
 7.70178e-07
 6.50532e-07
 5.56614e-07
 4.81561e-07
 4.20652e-07
 3.70555e-07
 3.28864e-07
 2.93802e-07
 2.64041e-07
 2.38565e-07
 2.16594e-07
 1.97513e-07
 1.80839e-07
 1.66185e-07
 1.53237e-07
 1.41741e-07
 1.31489e-07
 1.25164e-06
 1.02152e-06
 8.48208e-07
 7.14691e-07
 6.09825e-07
 5.26071e-07
 4.58190e-07
 4.02461e-07
 3.56179e-07
 3.17347e-07
 2.84464e-07
 2.56386e-07
 2.32228e-07
 2.11300e-07
 1.93054e-07
 1.77055e-07
 1.62951e-07
 1.50456e-07
 1.39335e-07
 1.29396e-07
 1.07748e-06
 9.01298e-07
 7.62745e-07
 6.52389e-07
 5.63400e-07
 4.90803e-07
 4.30937e-07
 3.81078e-07
 3.39172e-07
 3.03653e-07
 2.73314e-07
 2.47214e-07
 2.24614e-07
 2.04925e-07
 1.87676e-07
 1.72485e-07
 1.59041e-07
 1.47091e-07
 1.36422e-07
 1.26861e-07
 9.11235e-07
 7.82141e-07
 6.75528e-07
 5.87318e-07
 5.14001e-07
 4.52705e-07
 4.01131e-07
 3.57452e-07
 3.20220e-07
 2.88283e-07
 2.60725e-07
 2.36808e-07
 2.15939e-07
 1.97636e-07
 1.81507e-07
 1.67229e-07
 1.54536e-07
 1.43206e-07
 1.33055e-07
 1.23927e-07
 7.61492e-07
 6.70528e-07
 5.91249e-07
 5.22837e-07
 4.64033e-07
 4.13508e-07
 3.70028e-07
 3.32504e-07
 3.00007e-07
 2.71752e-07
 2.47086e-07
 2.25464e-07
 2.06431e-07
 1.89611e-07
 1.74689e-07
 1.61400e-07
 1.49524e-07
 1.38873e-07
 1.29290e-07
 1.20641e-07
 6.31940e-07
 5.70156e-07
 5.13029e-07
 4.61416e-07
 4.15396e-07
 3.74660e-07
 3.38727e-07
 3.07070e-07
 2.79170e-07
 2.54548e-07
 2.32776e-07
 2.13476e-07
 1.96322e-07
 1.81033e-07
 1.67366e-07
 1.55114e-07
 1.44099e-07
 1.34169e-07
 1.25191e-07
 1.17053e-07
 5.22858e-07
 4.82481e-07
 4.42568e-07
 4.04637e-07
 3.69441e-07
 3.37263e-07
 3.08113e-07
 2.81852e-07
 2.58265e-07
 2.37110e-07
 2.18141e-07
 2.01121e-07
 1.85832e-07
 1.72077e-07
 1.59681e-07
 1.48486e-07
 1.38356e-07
 1.29169e-07
 1.20820e-07
 1.13217e-07
 4.32590e-07
 4.07425e-07
 3.80465e-07
 3.53324e-07
 3.27004e-07
 3.02080e-07
 2.78843e-07
 2.57401e-07
 2.37748e-07
 2.19812e-07
 2.03486e-07
 1.88646e-07
 1.75163e-07
 1.62910e-07
 1.51768e-07
 1.41627e-07
 1.32385e-07
 1.23950e-07
 1.16241e-07
 1.09184e-07
