scalar
part
         1
quad4
 5.77837e-07
 5.32089e-07
 4.86982e-07
 4.44174e-07
 4.04508e-07
 3.68311e-07
 3.35593e-07
 3.06193e-07
 2.79858e-07
 2.56304e-07
 2.35243e-07
 2.16398e-07
 1.99516e-07
 1.84369e-07
 1.70752e-07
 1.58485e-07
 1.47411e-07
 1.37390e-07
 1.28304e-07
 1.20045e-07
 6.84813e-07
 6.18344e-07
 5.56259e-07
 4.99808e-07
 4.49295e-07
 4.04511e-07
 3.65001e-07
 3.30215e-07
 2.99597e-07
 2.72620e-07
 2.48808e-07
 2.27742e-07
 2.09056e-07
 1.92434e-07
 1.77605e-07
 1.64338e-07
 1.52432e-07
 1.41718e-07
 1.32049e-07
 1.23300e-07
 8.11182e-07
 7.16543e-07
 6.32655e-07
 5.59505e-07
 4.96238e-07
 4.41696e-07
 3.94686e-07
 3.54101e-07
 3.18967e-07
 2.88446e-07
 2.61833e-07
 2.38535e-07
 2.18059e-07
 1.99990e-07
 1.83985e-07
 1.69753e-07
 1.57054e-07
 1.45681e-07
 1.35464e-07
 1.26254e-07
 9.57051e-07
 8.25360e-07
 7.14467e-07
 6.21631e-07
 5.43930e-07
 4.78714e-07
 4.23730e-07
 3.77125e-07
 3.37397e-07
 3.03335e-07
 2.73965e-07
 2.48501e-07
 2.26306e-07
 2.06863e-07
 1.89750e-07
 1.74619e-07
 1.61184e-07
 1.49205e-07
 1.38486e-07
 1.28858e-07
 1.11933e-06
 9.41214e-07
 7.98526e-07
 6.83636e-07
 5.90403e-07
 5.14071e-07
 4.51005e-07
 3.98437e-07
 3.54245e-07
 3.16799e-07
 2.84831e-07
 2.57350e-07
 2.33574e-07
 2.12878e-07
 1.94763e-07
 1.78825e-07
 1.64735e-07
 1.52220e-07
 1.41059e-07
 1.31066e-07
 1.28983e-06
 1.05754e-06
 8.79981e-07
 7.42037e-07
 6.33174e-07
 5.45994e-07
 4.75238e-07
 4.17111e-07
 3.68833e-07
 3.28334e-07
 2.94054e-07
 2.64798e-07
 2.39643e-07
 2.17865e-07
 1.98893e-07
 1.82269e-07
 1.67625e-07
 1.54661e-07
 1.43131e-07
 1.32834e-07
 1.45386e-06
 1.16462e-06
 9.52461e-07
 7.92636e-07
 6.69437e-07
 5.72576e-07
 4.95108e-07
 4.32220e-07
 3.80496e-07
 3.37458e-07
 3.01278e-07
 2.70579e-07
 2.44314e-07
 2.21673e-07
 2.02022e-07
 1.84859e-07
 1.69783e-07
 1.56470e-07
 1.44657e-07
 1.34127e-07
 1.59087e-06
 1.25051e-06
 1.00884e-06
 8.31032e-07
 6.96391e-07
 5.91983e-07
 5.09385e-07
 4.42920e-07
 3.88645e-07
 3.43752e-07
 3.06199e-07
 2.74470e-07
 2.47422e-07
 2.24177e-07
 2.04055e-07
 1.86522e-07
 1.71151e-07
 1.57603e-07
 1.45600e-07
 1.34916e-07
 1.67875e-06
 1.30356e-06
 1.04258e-06
 8.53380e-07
 7.11678e-07
 6.02718e-07
 5.17090e-07
 4.48552e-07
 3.92825e-07
 3.46896e-07
 3.08591e-07
 2.76307e-07
 2.48843e-07
 2.25284e-07
 2.04923e-07
 1.87204e-07
 1.71690e-07
 1.58029e-07
 1.45936e-07
 1.35181e-07
 1.70114e-06
 1.31562e-06
 1.04932e-06
 8.57189e-07
 7.13808e-07
 6.03854e-07
 5.17626e-07
 4.48722e-07
 3.92772e-07
 3.46708e-07
 3.08324e-07
 2.75996e-07
 2.48512e-07
 2.24947e-07
 2.04589e-07
 1.86879e-07
 1.71378e-07
 1.57731e-07
 1.45653e-07
 1.34914e-07
 1.65384e-06
 1.28469e-06
 1.02800e-06
 8.41882e-07
 7.02449e-07
 5.95195e-07
 5.10875e-07
 4.43357e-07
 3.88439e-07
 3.43158e-07
 3.05379e-07
 2.73527e-07
 2.46421e-07
 2.23161e-07
 2.03051e-07
 1.85546e-07
 1.70213e-07
 1.56709e-07
 1.44751e-07
 1.34114e-07
 1.54596e-06
 1.21534e-06
 9.81119e-07
 8.08907e-07
 6.78490e-07
 5.77310e-07
 4.97214e-07
 4.32716e-07
 3.80007e-07
 3.36377e-07
 2.99853e-07
 2.68970e-07
 2.42624e-07
 2.19967e-07
 2.00341e-07
 1.83229e-07
 1.68218e-07
 1.54979e-07
 1.43243e-07
 1.32792e-07
 1.39550e-06
 1.11699e-06
 9.13951e-07
 7.61379e-07
 6.43852e-07
 5.51428e-07
 4.77458e-07
 4.17353e-07
 3.67864e-07
 3.26641e-07
 2.91945e-07
 2.62474e-07
 2.37232e-07
 2.15450e-07
 1.96525e-07
 1.79980e-07
 1.65432e-07
 1.52575e-07
 1.41156e-07
 1.30969e-07
 1.22315e-06
 1.00116e-06
 8.33233e-07
 7.03406e-07
 6.01133e-07
 5.19248e-07
 4.52745e-07
 3.98050e-07
 3.52560e-07
 3.14343e-07
 2.81945e-07
 2.54253e-07
 2.30407e-07
 2.09733e-07
 1.91697e-07
 1.75872e-07
 1.61914e-07
 1.49542e-07
 1.38525e-07
 1.28675e-07
 1.04728e-06
 8.78901e-07
 7.45816e-07
 6.39356e-07
 5.53194e-07
 4.82686e-07
 4.24390e-07
 3.75729e-07
 3.34751e-07
 2.99961e-07
 2.70201e-07
 2.44568e-07
 2.22347e-07
 2.02968e-07
 1.85976e-07
 1.70999e-07
 1.57736e-07
 1.45938e-07
 1.35399e-07
 1.25949e-07
 8.81295e-07
 7.59135e-07
 6.57643e-07
 5.73238e-07
 5.02775e-07
 4.43646e-07
 3.93737e-07
 3.51351e-07
 3.15137e-07
 2.84009e-07
 2.57101e-07
 2.33711e-07
 2.13274e-07
 1.95328e-07
 1.79495e-07
 1.65466e-07
 1.52983e-07
 1.41831e-07
 1.31832e-07
 1.22835e-07
 7.33015e-07
 6.47916e-07
 5.73190e-07
 5.08302e-07
 4.52232e-07
 4.03841e-07
 3.62037e-07
 3.25842e-07
 2.94406e-07
 2.67008e-07
 2.43037e-07
 2.21984e-07
 2.03422e-07
 1.86994e-07
 1.72400e-07
 1.59388e-07
 1.47746e-07
 1.37295e-07
 1.27884e-07
 1.19382e-07
 6.05534e-07
 5.48568e-07
 4.95353e-07
 4.46886e-07
 4.03387e-07
 3.64672e-07
 3.30366e-07
 3.00023e-07
 2.73191e-07
 2.49442e-07
 2.28388e-07
 2.09683e-07
 1.93025e-07
 1.78152e-07
 1.64836e-07
 1.52882e-07
 1.42121e-07
 1.32408e-07
 1.23618e-07
 1.15642e-07
 4.98740e-07
 4.62257e-07
 4.25633e-07
 3.90442e-07
 3.57508e-07
 3.27192e-07
 2.99575e-07
 2.74577e-07
 2.52034e-07
 2.31746e-07
 2.13498e-07
 1.97082e-07
 1.82302e-07
 1.68978e-07
 1.56947e-07
 1.46065e-07
 1.36202e-07
 1.27247e-07
 1.19098e-07
 1.11668e-07
 4.10750e-07
 3.88708e-07
 3.64478e-07
 3.39682e-07
 3.15354e-07
 2.92112e-07
 2.70288e-07
 2.50033e-07
 2.31377e-07
 2.14282e-07
 1.98665e-07
 1.84426e-07
 1.71453e-07
 1.59636e-07
 1.48868e-07
 1.39047e-07
 1.30082e-07
 1.21888e-07
 1.14388e-07
 1.07514e-07
