scalar
part
         1
quad4
 4.96995e-07
 4.62859e-07
 4.28007e-07
 3.94051e-07
 3.61916e-07
 3.32067e-07
 3.04673e-07
 2.79727e-07
 2.57120e-07
 2.36689e-07
 2.18251e-07
 2.01616e-07
 1.86603e-07
 1.73041e-07
 1.60775e-07
 1.49665e-07
 1.39583e-07
 1.30419e-07
 1.22074e-07
 1.14459e-07
 5.94269e-07
 5.42640e-07
 4.93167e-07
 4.47235e-07
 4.05398e-07
 3.67731e-07
 3.34048e-07
 3.04038e-07
 2.77343e-07
 2.53601e-07
 2.32468e-07
 2.13630e-07
 1.96807e-07
 1.81752e-07
 1.68246e-07
 1.56102e-07
 1.45154e-07
 1.35261e-07
 1.26299e-07
 1.18161e-07
 7.10523e-07
 6.34727e-07
 5.66158e-07
 5.05296e-07
 4.51829e-07
 4.05096e-07
 3.64322e-07
 3.28738e-07
 2.97635e-07
 2.70385e-07
 2.46443e-07
 2.25340e-07
 2.06679e-07
 1.90122e-07
 1.75383e-07
 1.62218e-07
 1.50422e-07
 1.39820e-07
 1.30262e-07
 1.21620e-07
 8.46781e-07
 7.38633e-07
 6.45938e-07
 5.67086e-07
 5.00143e-07
 4.43241e-07
 3.94728e-07
 3.53200e-07
 3.17491e-07
 2.86637e-07
 2.59851e-07
 2.36486e-07
 2.16009e-07
 1.97983e-07
 1.82048e-07
 1.67902e-07
 1.55296e-07
 1.44020e-07
 1.33899e-07
 1.24785e-07
 1.00166e-06
 8.52072e-07
 7.30228e-07
 6.30639e-07
 5.48741e-07
 4.80903e-07
 4.24282e-07
 3.76662e-07
 3.36318e-07
 3.01897e-07
 2.72334e-07
 2.46784e-07
 2.24573e-07
 2.05158e-07
 1.88099e-07
 1.73039e-07
 1.59683e-07
 1.47788e-07
 1.37151e-07
 1.27606e-07
 1.16977e-06
 9.70241e-07
 8.15231e-07
 6.93082e-07
 5.95489e-07
 5.16503e-07
 4.51812e-07
 3.98251e-07
 3.53461e-07
 3.15667e-07
 2.83511e-07
 2.55944e-07
 2.32145e-07
 2.11469e-07
 1.93398e-07
 1.77519e-07
 1.63495e-07
 1.51050e-07
 1.39960e-07
 1.30035e-07
 1.34020e-06
 1.08541e-06
 8.95596e-07
 7.50719e-07
 6.37815e-07
 5.48232e-07
 4.76032e-07
 4.17036e-07
 3.68242e-07
 3.27447e-07
 2.93008e-07
 2.63680e-07
 2.38508e-07
 2.16748e-07
 1.97813e-07
 1.81238e-07
 1.66649e-07
 1.53743e-07
 1.42271e-07
 1.32031e-07
 1.49636e-06
 1.18729e-06
 9.64819e-07
 7.99348e-07
 6.72942e-07
 5.74214e-07
 4.95646e-07
 4.32110e-07
 3.80010e-07
 3.36763e-07
 3.00476e-07
 2.69734e-07
 2.43466e-07
 2.20846e-07
 2.01229e-07
 1.84107e-07
 1.69076e-07
 1.55809e-07
 1.44041e-07
 1.33555e-07
 1.61804e-06
 1.26445e-06
 1.01615e-06
 8.34817e-07
 6.98227e-07
 5.92717e-07
 5.09492e-07
 4.42673e-07
 3.88204e-07
 3.43215e-07
 3.05624e-07
 2.73890e-07
 2.46857e-07
 2.23639e-07
 2.03550e-07
 1.86052e-07
 1.70717e-07
 1.57203e-07
 1.45233e-07
 1.34580e-07
 1.68623e-06
 1.30681e-06
 1.04388e-06
 8.53733e-07
 7.11572e-07
 6.02398e-07
 5.16682e-07
 4.48122e-07
 3.92408e-07
 3.46509e-07
 3.08239e-07
 2.75993e-07
 2.48566e-07
 2.25042e-07
 2.04712e-07
 1.87022e-07
 1.71533e-07
 1.57894e-07
 1.45822e-07
 1.35085e-07
 1.68884e-06
 1.30817e-06
 1.04461e-06
 8.54134e-07
 7.11787e-07
 6.02506e-07
 5.16728e-07
 4.48132e-07
 3.92397e-07
 3.46485e-07
 3.08209e-07
 2.75960e-07
 2.48532e-07
 2.25007e-07
 2.04678e-07
 1.86990e-07
 1.71503e-07
 1.57866e-07
 1.45795e-07
 1.35060e-07
 1.62498e-06
 1.26815e-06
 1.01816e-06
 8.35918e-07
 6.98815e-07
 5.93010e-07
 5.09612e-07
 4.42692e-07
 3.88164e-07
 3.43141e-07
 3.05531e-07
 2.73789e-07
 2.46753e-07
 2.23536e-07
 2.03450e-07
 1.85956e-07
 1.70626e-07
 1.57118e-07
 1.45153e-07
 1.34505e-07
 1.50545e-06
 1.19228e-06
 9.67590e-07
 8.00875e-07
 6.73754e-07
 5.74607e-07
 4.95791e-07
 4.32108e-07
 3.79922e-07
 3.36627e-07
 3.00314e-07
 2.69561e-07
 2.43290e-07
 2.20672e-07
 2.01061e-07
 1.83947e-07
 1.68925e-07
 1.55667e-07
 1.43907e-07
 1.33430e-07
 1.34910e-06
 1.09049e-06
 8.98483e-07
 7.52319e-07
 6.38649e-07
 5.48607e-07
 4.76131e-07
 4.16971e-07
 3.68080e-07
 3.27232e-07
 2.92766e-07
 2.63428e-07
 2.38256e-07
 2.16502e-07
 1.97577e-07
 1.81014e-07
 1.66437e-07
 1.53544e-07
 1.42085e-07
 1.31856e-07
 1.17681e-06
 9.74447e-07
 8.17667e-07
 6.94418e-07
 5.96144e-07
 5.16738e-07
 4.51790e-07
 3.98075e-07
 3.53197e-07
 3.15355e-07
 2.83178e-07
 2.55605e-07
 2.31812e-07
 2.11147e-07
 1.93091e-07
 1.77229e-07
 1.63221e-07
 1.50794e-07
 1.39720e-07
 1.29811e-07
 1.00614e-06
 8.54856e-07
 7.31837e-07
 6.31464e-07
 5.49057e-07
 4.80894e-07
 4.24072e-07
 3.76333e-07
 3.35923e-07
 3.01471e-07
 2.71898e-07
 2.46353e-07
 2.24155e-07
 2.04759e-07
 1.87721e-07
 1.72683e-07
 1.59348e-07
 1.47475e-07
 1.36859e-07
 1.27333e-07
 8.48723e-07
 7.39851e-07
 6.46560e-07
 5.67268e-07
 5.00021e-07
 4.42919e-07
 3.94283e-07
 3.52686e-07
 3.16944e-07
 2.86083e-07
 2.59305e-07
 2.35957e-07
 2.15504e-07
 1.97505e-07
 1.81597e-07
 1.67480e-07
 1.54901e-07
 1.43652e-07
 1.33556e-07
 1.24465e-07
 7.10334e-07
 6.34503e-07
 5.65803e-07
 5.04806e-07
 4.51233e-07
 4.04429e-07
 3.63617e-07
 3.28021e-07
 2.96925e-07
 2.69695e-07
 2.45781e-07
 2.24711e-07
 2.06086e-07
 1.89565e-07
 1.74861e-07
 1.61731e-07
 1.49968e-07
 1.39397e-07
 1.29868e-07
 1.21253e-07
 5.92470e-07
 5.41230e-07
 4.91952e-07
 4.46119e-07
 4.04342e-07
 3.66720e-07
 3.33080e-07
 3.03114e-07
 2.76466e-07
 2.52772e-07
 2.31688e-07
 2.12900e-07
 1.96125e-07
 1.81116e-07
 1.67654e-07
 1.55551e-07
 1.44642e-07
 1.34785e-07
 1.25856e-07
 1.17749e-07
 4.94074e-07
 4.60550e-07
 4.26094e-07
 3.92401e-07
 3.60450e-07
 3.30738e-07
 3.03455e-07
 2.78603e-07
 2.56080e-07
 2.35725e-07
 2.17357e-07
 2.00787e-07
 1.85835e-07
 1.72329e-07
 1.60115e-07
 1.49052e-07
 1.39015e-07
 1.29892e-07
 1.21584e-07
 1.14004e-07
