scalar
part
         1
quad4
 6.06438e-07
 5.57300e-07
 5.09186e-07
 4.63733e-07
 4.21757e-07
 3.83549e-07
 3.49086e-07
 3.18171e-07
 2.90524e-07
 2.65830e-07
 2.43777e-07
 2.24069e-07
 2.06433e-07
 1.90624e-07
 1.76427e-07
 1.63648e-07
 1.52122e-07
 1.41701e-07
 1.32258e-07
 1.23682e-07
 7.15987e-07
 6.45447e-07
 5.79832e-07
 5.20339e-07
 4.67217e-07
 4.20200e-07
 3.78781e-07
 3.42362e-07
 3.10344e-07
 2.82165e-07
 2.57319e-07
 2.35358e-07
 2.15897e-07
 1.98601e-07
 1.83184e-07
 1.69401e-07
 1.57042e-07
 1.45927e-07
 1.35904e-07
 1.26840e-07
 8.44946e-07
 7.45467e-07
 6.57476e-07
 5.80865e-07
 5.14686e-07
 4.57695e-07
 4.08623e-07
 3.66299e-07
 3.29692e-07
 2.97921e-07
 2.70241e-07
 2.46030e-07
 2.24767e-07
 2.06019e-07
 1.89424e-07
 1.74679e-07
 1.61529e-07
 1.49761e-07
 1.39195e-07
 1.29676e-07
 9.93298e-07
 8.55922e-07
 7.40323e-07
 6.43602e-07
 5.62698e-07
 4.94836e-07
 4.37659e-07
 3.89231e-07
 3.47978e-07
 3.12636e-07
 2.82183e-07
 2.55799e-07
 2.32818e-07
 2.12700e-07
 1.95005e-07
 1.79368e-07
 1.65492e-07
 1.53128e-07
 1.42069e-07
 1.32141e-07
 1.15779e-06
 9.73094e-07
 8.25088e-07
 7.05911e-07
 6.09217e-07
 5.30079e-07
 4.64728e-07
 4.10284e-07
 3.64544e-07
 3.25809e-07
 2.92763e-07
 2.64372e-07
 2.39822e-07
 2.18467e-07
 1.99786e-07
 1.83358e-07
 1.68842e-07
 1.55956e-07
 1.44469e-07
 1.34188e-07
 1.33004e-06
 1.09024e-06
 9.06781e-07
 7.64206e-07
 6.51690e-07
 5.61605e-07
 4.88522e-07
 4.28512e-07
 3.78695e-07
 3.36930e-07
 3.01596e-07
 2.71459e-07
 2.45559e-07
 2.23149e-07
 2.03636e-07
 1.86545e-07
 1.71497e-07
 1.58181e-07
 1.46344e-07
 1.35776e-07
 1.49510e-06
 1.19741e-06
 9.78866e-07
 8.14178e-07
 6.87237e-07
 5.87460e-07
 5.07692e-07
 4.42968e-07
 3.89760e-07
 3.45509e-07
 3.08328e-07
 2.76795e-07
 2.49830e-07
 2.26596e-07
 2.06439e-07
 1.88841e-07
 1.73388e-07
 1.59748e-07
 1.47649e-07
 1.36868e-07
 1.63197e-06
 1.28237e-06
 1.03403e-06
 8.51318e-07
 7.12998e-07
 6.05779e-07
 5.20995e-07
 4.52803e-07
 3.97145e-07
 3.51129e-07
 3.12655e-07
 2.80161e-07
 2.52471e-07
 2.28684e-07
 2.08101e-07
 1.90172e-07
 1.74460e-07
 1.60614e-07
 1.48351e-07
 1.37439e-07
 1.71784e-06
 1.33309e-06
 1.06556e-06
 8.71699e-07
 7.26581e-07
 6.15052e-07
 5.27449e-07
 4.57363e-07
 4.00404e-07
 3.53478e-07
 3.14356e-07
 2.81396e-07
 2.53366e-07
 2.29329e-07
 2.08559e-07
 1.90491e-07
 1.74674e-07
 1.60750e-07
 1.48427e-07
 1.37469e-07
 1.73549e-06
 1.34113e-06
 1.06899e-06
 8.72812e-07
 7.26506e-07
 6.14374e-07
 5.26480e-07
 4.56274e-07
 3.99288e-07
 3.52387e-07
 3.13315e-07
 2.80418e-07
 2.52455e-07
 2.28486e-07
 2.07782e-07
 1.89774e-07
 1.74014e-07
 1.60142e-07
 1.47867e-07
 1.36953e-07
 1.68040e-06
 1.30447e-06
 1.04334e-06
 8.54162e-07
 7.12514e-07
 6.03606e-07
 5.18015e-07
 4.49498e-07
 3.93779e-07
 3.47847e-07
 3.09530e-07
 2.77229e-07
 2.49744e-07
 2.26160e-07
 2.05772e-07
 1.88027e-07
 1.72485e-07
 1.58795e-07
 1.46676e-07
 1.35894e-07
 1.56244e-06
 1.22815e-06
 9.91415e-07
 8.17393e-07
 6.85626e-07
 5.83409e-07
 5.02496e-07
 4.37341e-07
 3.84094e-07
 3.40018e-07
 3.03118e-07
 2.71917e-07
 2.45297e-07
 2.22404e-07
 2.02572e-07
 1.85280e-07
 1.70110e-07
 1.56730e-07
 1.44869e-07
 1.34304e-07
 1.40126e-06
 1.12243e-06
 9.18939e-07
 7.65900e-07
 6.47942e-07
 5.55133e-07
 4.80822e-07
 4.20416e-07
 3.70662e-07
 3.29205e-07
 2.94303e-07
 2.64648e-07
 2.39242e-07
 2.17313e-07
 1.98256e-07
 1.81592e-07
 1.66938e-07
 1.53984e-07
 1.42477e-07
 1.32210e-07
 1.21922e-06
 9.99711e-07
 8.33154e-07
 7.04094e-07
 6.02253e-07
 5.20602e-07
 4.54216e-07
 3.99567e-07
 3.54078e-07
 3.15836e-07
 2.83396e-07
 2.55654e-07
 2.31752e-07
 2.11021e-07
 1.92927e-07
 1.77045e-07
 1.63032e-07
 1.50607e-07
 1.39540e-07
 1.29643e-07
 1.03573e-06
 8.71689e-07
 7.41315e-07
 6.36599e-07
 5.51586e-07
 4.81847e-07
 4.24074e-07
 3.75772e-07
 3.35040e-07
 3.00418e-07
 2.70773e-07
 2.45215e-07
 2.23041e-07
 2.03690e-07
 1.86711e-07
 1.71738e-07
 1.58470e-07
 1.46662e-07
 1.36111e-07
 1.26645e-07
 8.64489e-07
 7.47566e-07
 6.49590e-07
 5.67589e-07
 4.98803e-07
 4.40861e-07
 3.91804e-07
 3.50041e-07
 3.14283e-07
 2.83495e-07
 2.56839e-07
 2.33639e-07
 2.13344e-07
 1.95505e-07
 1.79753e-07
 1.65783e-07
 1.53343e-07
 1.42223e-07
 1.32246e-07
 1.23264e-07
 7.13066e-07
 6.33387e-07
 5.62511e-07
 5.00386e-07
 4.46322e-07
 3.99407e-07
 3.58701e-07
 3.23331e-07
 2.92523e-07
 2.65605e-07
 2.42006e-07
 2.21242e-07
 2.02907e-07
 1.86656e-07
 1.72202e-07
 1.59301e-07
 1.47747e-07
 1.37366e-07
 1.28009e-07
 1.19551e-07
 5.84095e-07
 5.32278e-07
 4.82905e-07
 4.37314e-07
 3.95980e-07
 3.58908e-07
 3.25858e-07
 2.96485e-07
 2.70408e-07
 2.47250e-07
 2.26663e-07
 2.08330e-07
 1.91969e-07
 1.77335e-07
 1.64212e-07
 1.52415e-07
 1.41781e-07
 1.32173e-07
 1.23468e-07
 1.15562e-07
 4.76979e-07
 4.45142e-07
 4.12139e-07
 3.79761e-07
 3.49016e-07
 3.20409e-07
 2.94132e-07
 2.70192e-07
 2.48489e-07
 2.28872e-07
 2.11163e-07
 1.95184e-07
 1.80758e-07
 1.67724e-07
 1.55931e-07
 1.45245e-07
 1.35545e-07
 1.26724e-07
 1.18688e-07
 1.11352e-07
 3.89427e-07
 3.71445e-07
 3.50502e-07
 3.28349e-07
 3.06139e-07
 2.84594e-07
 2.64133e-07
 2.44976e-07
 2.27209e-07
 2.10835e-07
 1.95808e-07
 1.82052e-07
 1.69477e-07
 1.57990e-07
 1.47496e-07
 1.37905e-07
 1.29132e-07
 1.21099e-07
 1.13735e-07
 1.06976e-07
