scalar
part
         1
quad4
 4.20174e-07
 3.97709e-07
 3.72852e-07
 3.47344e-07
 3.22294e-07
 2.98360e-07
 2.75899e-07
 2.55069e-07
 2.35901e-07
 2.18352e-07
 2.02336e-07
 1.87746e-07
 1.74465e-07
 1.62377e-07
 1.51369e-07
 1.41338e-07
 1.32186e-07
 1.23826e-07
 1.16178e-07
 1.09171e-07
 5.11080e-07
 4.73611e-07
 4.35865e-07
 3.99553e-07
 3.65572e-07
 3.34313e-07
 3.05865e-07
 2.80143e-07
 2.56975e-07
 2.36147e-07
 2.17433e-07
 2.00615e-07
 1.85487e-07
 1.71860e-07
 1.59566e-07
 1.48453e-07
 1.38388e-07
 1.29254e-07
 1.20946e-07
 1.13376e-07
 6.21594e-07
 5.62757e-07
 5.07713e-07
 4.57586e-07
 4.12638e-07
 3.72683e-07
 3.37329e-07
 3.06103e-07
 2.78527e-07
 2.54151e-07
 2.32565e-07
 2.13409e-07
 1.96365e-07
 1.81160e-07
 1.67558e-07
 1.55355e-07
 1.44377e-07
 1.34474e-07
 1.25517e-07
 1.17393e-07
 7.53664e-07
 6.65382e-07
 5.87875e-07
 5.20656e-07
 4.62667e-07
 4.12709e-07
 3.69628e-07
 3.32388e-07
 3.00094e-07
 2.71984e-07
 2.47422e-07
 2.25873e-07
 2.06892e-07
 1.90106e-07
 1.75206e-07
 1.61930e-07
 1.50060e-07
 1.39410e-07
 1.29824e-07
 1.21168e-07
 9.07293e-07
 7.80145e-07
 6.74688e-07
 5.87181e-07
 5.14297e-07
 4.53271e-07
 4.01863e-07
 3.58284e-07
 3.21108e-07
 2.89198e-07
 2.61647e-07
 2.37724e-07
 2.16841e-07
 1.98518e-07
 1.82365e-07
 1.68060e-07
 1.55339e-07
 1.43981e-07
 1.33802e-07
 1.24647e-07
 1.07893e-06
 9.03346e-07
 7.64985e-07
 6.54640e-07
 5.65583e-07
 4.92885e-07
 4.32906e-07
 3.82932e-07
 3.40914e-07
 3.05289e-07
 2.74851e-07
 2.48660e-07
 2.25975e-07
 2.06206e-07
 1.88884e-07
 1.73625e-07
 1.60119e-07
 1.48110e-07
 1.37388e-07
 1.27777e-07
 1.25980e-06
 1.02831e-06
 8.53916e-07
 7.19559e-07
 6.14036e-07
 5.29758e-07
 4.61455e-07
 4.05377e-07
 3.58805e-07
 3.19726e-07
 2.86633e-07
 2.58372e-07
 2.34055e-07
 2.12987e-07
 1.94617e-07
 1.78508e-07
 1.64305e-07
 1.51721e-07
 1.40520e-07
 1.30509e-07
 1.43502e-06
 1.14536e-06
 9.35134e-07
 7.77713e-07
 6.56795e-07
 5.61920e-07
 4.86127e-07
 4.24634e-07
 3.74065e-07
 3.31985e-07
 2.96600e-07
 2.66566e-07
 2.40857e-07
 2.18685e-07
 1.99430e-07
 1.82603e-07
 1.67814e-07
 1.54746e-07
 1.43144e-07
 1.32797e-07
 1.58465e-06
 1.24276e-06
 1.00148e-06
 8.24594e-07
 6.90934e-07
 5.87421e-07
 5.05593e-07
 4.39774e-07
 3.86036e-07
 3.41588e-07
 3.04403e-07
 2.72979e-07
 2.46183e-07
 2.23149e-07
 2.03203e-07
 1.85818e-07
 1.70572e-07
 1.57128e-07
 1.45214e-07
 1.34605e-07
 1.68725e-06
 1.30876e-06
 1.04617e-06
 8.56093e-07
 7.13871e-07
 6.04581e-07
 5.18728e-07
 4.50027e-07
 3.94176e-07
 3.48147e-07
 3.09757e-07
 2.77401e-07
 2.49874e-07
 2.26259e-07
 2.05845e-07
 1.88080e-07
 1.72522e-07
 1.58821e-07
 1.46691e-07
 1.35902e-07
 1.72566e-06
 1.33446e-06
 1.06423e-06
 8.69273e-07
 7.23791e-07
 6.12236e-07
 5.24760e-07
 4.54865e-07
 3.98116e-07
 3.51399e-07
 3.12473e-07
 2.79692e-07
 2.51824e-07
 2.27933e-07
 2.07293e-07
 1.89340e-07
 1.73627e-07
 1.59794e-07
 1.47553e-07
 1.36668e-07
 1.69317e-06
 1.31640e-06
 1.05373e-06
 8.62998e-07
 7.19985e-07
 6.09926e-07
 5.23380e-07
 4.54075e-07
 3.97705e-07
 3.51233e-07
 3.12467e-07
 2.79789e-07
 2.51986e-07
 2.28134e-07
 2.07518e-07
 1.89576e-07
 1.73866e-07
 1.60031e-07
 1.47785e-07
 1.36893e-07
 1.59657e-06
 1.25783e-06
 1.01637e-06
 8.38194e-07
 7.02986e-07
 5.97966e-07
 5.14781e-07
 4.47777e-07
 3.93020e-07
 3.47701e-07
 3.09772e-07
 2.77713e-07
 2.50374e-07
 2.26873e-07
 2.06525e-07
 1.88791e-07
 1.73243e-07
 1.59536e-07
 1.47390e-07
 1.36579e-07
 1.45370e-06
 1.16773e-06
 9.56986e-07
 7.97639e-07
 6.74458e-07
 5.77395e-07
 4.99630e-07
 4.36413e-07
 3.84359e-07
 3.41007e-07
 3.04535e-07
 2.73570e-07
 2.47064e-07
 2.24205e-07
 2.04358e-07
 1.87018e-07
 1.71782e-07
 1.58325e-07
 1.46382e-07
 1.35735e-07
 1.28668e-06
 1.05799e-06
 8.82335e-07
 7.45337e-07
 6.36875e-07
 5.49791e-07
 4.78965e-07
 4.20681e-07
 3.72204e-07
 3.31492e-07
 2.96997e-07
 2.67535e-07
 2.42186e-07
 2.20227e-07
 2.01088e-07
 1.84311e-07
 1.69526e-07
 1.56434e-07
 1.44787e-07
 1.34382e-07
 1.11525e-06
 9.40287e-07
 7.99508e-07
 6.85720e-07
 5.93080e-07
 5.17026e-07
 4.54047e-07
 4.01450e-07
 3.57165e-07
 3.19589e-07
 2.87474e-07
 2.59840e-07
 2.35912e-07
 2.15070e-07
 1.96816e-07
 1.80748e-07
 1.66535e-07
 1.53908e-07
 1.42642e-07
 1.32552e-07
 9.53204e-07
 8.23955e-07
 7.14706e-07
 6.22925e-07
 5.45868e-07
 4.81015e-07
 4.26210e-07
 3.79663e-07
 3.39918e-07
 3.05791e-07
 2.76329e-07
 2.50757e-07
 2.28448e-07
 2.08889e-07
 1.91663e-07
 1.76422e-07
 1.62883e-07
 1.50806e-07
 1.39994e-07
 1.30280e-07
 8.08057e-07
 7.15174e-07
 6.32582e-07
 5.60339e-07
 4.97676e-07
 4.43514e-07
 3.96724e-07
 3.56248e-07
 3.21146e-07
 2.90607e-07
 2.63944e-07
 2.40575e-07
 2.20016e-07
 2.01858e-07
 1.85762e-07
 1.71440e-07
 1.58652e-07
 1.47195e-07
 1.36897e-07
 1.27611e-07
 6.82518e-07
 6.17252e-07
 5.56131e-07
 5.00408e-07
 4.50415e-07
 4.05986e-07
 3.66701e-07
 3.32047e-07
 3.01491e-07
 2.74528e-07
 2.50696e-07
 2.29587e-07
 2.10843e-07
 1.94154e-07
 1.79254e-07
 1.65913e-07
 1.53934e-07
 1.43148e-07
 1.33409e-07
 1.24592e-07
 5.76300e-07
 5.31350e-07
 4.86934e-07
 4.44681e-07
 4.05440e-07
 3.69550e-07
 3.37044e-07
 3.07778e-07
 2.81519e-07
 2.57998e-07
 2.36936e-07
 2.18069e-07
 2.01149e-07
 1.85953e-07
 1.72281e-07
 1.59955e-07
 1.48819e-07
 1.38738e-07
 1.29591e-07
 1.21273e-07
