scalar
part
         1
quad4
 3.56350e-07
 3.42353e-07
 3.25099e-07
 3.06255e-07
 2.86951e-07
 2.67922e-07
 2.49624e-07
 2.32316e-07
 2.16127e-07
 2.01100e-07
 1.87223e-07
 1.74452e-07
 1.62723e-07
 1.51964e-07
 1.42099e-07
 1.33053e-07
 1.24755e-07
 1.17137e-07
 1.10137e-07
 1.03698e-07
 4.38980e-07
 4.12461e-07
 3.84183e-07
 3.55891e-07
 3.28621e-07
 3.02941e-07
 2.79117e-07
 2.57231e-07
 2.37249e-07
 2.19076e-07
 2.02585e-07
 1.87634e-07
 1.74083e-07
 1.61794e-07
 1.50641e-07
 1.40505e-07
 1.31282e-07
 1.22875e-07
 1.15200e-07
 1.08180e-07
 5.40537e-07
 4.95799e-07
 4.52426e-07
 4.11816e-07
 3.74573e-07
 3.40845e-07
 3.10528e-07
 2.83394e-07
 2.59158e-07
 2.37522e-07
 2.18199e-07
 2.00923e-07
 1.85451e-07
 1.71568e-07
 1.59085e-07
 1.47834e-07
 1.37671e-07
 1.28469e-07
 1.20118e-07
 1.12521e-07
 6.63528e-07
 5.93162e-07
 5.29773e-07
 4.73595e-07
 4.24238e-07
 3.81053e-07
 3.43319e-07
 3.10333e-07
 2.81448e-07
 2.56097e-07
 2.33782e-07
 2.14081e-07
 1.96631e-07
 1.81123e-07
 1.67296e-07
 1.54928e-07
 1.43831e-07
 1.33843e-07
 1.24827e-07
 1.16665e-07
 8.09078e-07
 7.04116e-07
 6.15214e-07
 5.40093e-07
 4.76548e-07
 4.22637e-07
 3.76711e-07
 3.37406e-07
 3.03601e-07
 2.74380e-07
 2.48995e-07
 2.26836e-07
 2.07401e-07
 1.90279e-07
 1.75128e-07
 1.61668e-07
 1.49662e-07
 1.38915e-07
 1.29259e-07
 1.20556e-07
 9.75586e-07
 8.26262e-07
 7.06399e-07
 6.09284e-07
 5.29854e-07
 4.64286e-07
 4.09678e-07
 3.63816e-07
 3.24993e-07
 2.91885e-07
 2.63456e-07
 2.38886e-07
 2.17523e-07
 1.98845e-07
 1.82429e-07
 1.67930e-07
 1.55065e-07
 1.43603e-07
 1.33348e-07
 1.24140e-07
 1.15713e-06
 9.54518e-07
 7.99338e-07
 6.78150e-07
 5.81903e-07
 5.04326e-07
 4.40972e-07
 3.88627e-07
 3.44920e-07
 3.08078e-07
 2.76754e-07
 2.49914e-07
 2.26750e-07
 2.06629e-07
 1.89044e-07
 1.73590e-07
 1.59940e-07
 1.47826e-07
 1.37028e-07
 1.27362e-07
 1.34209e-06
 1.08069e-06
 8.88337e-07
 7.42738e-07
 6.29932e-07
 5.40805e-07
 4.69200e-07
 4.10829e-07
 3.62640e-07
 3.22406e-07
 2.88476e-07
 2.59605e-07
 2.34840e-07
 2.13440e-07
 1.94825e-07
 1.78533e-07
 1.64195e-07
 1.51511e-07
 1.40237e-07
 1.30172e-07
 1.51279e-06
 1.19369e-06
 9.66343e-07
 7.98463e-07
 6.70896e-07
 5.71659e-07
 4.92929e-07
 4.29414e-07
 3.77429e-07
 3.34340e-07
 2.98228e-07
 2.67664e-07
 2.41567e-07
 2.19106e-07
 1.99637e-07
 1.82651e-07
 1.67744e-07
 1.54588e-07
 1.42921e-07
 1.32526e-07
 1.64696e-06
 1.28086e-06
 1.02584e-06
 8.40692e-07
 7.01839e-07
 5.94944e-07
 5.10849e-07
 4.43473e-07
 3.88644e-07
 3.43419e-07
 3.05673e-07
 2.73839e-07
 2.46741e-07
 2.23482e-07
 2.03369e-07
 1.85857e-07
 1.70517e-07
 1.57003e-07
 1.45036e-07
 1.34388e-07
 1.72252e-06
 1.33058e-06
 1.06029e-06
 8.65545e-07
 7.20356e-07
 6.09109e-07
 5.21927e-07
 4.52300e-07
 3.95792e-07
 3.49288e-07
 3.10550e-07
 2.77936e-07
 2.50216e-07
 2.26455e-07
 2.05932e-07
 1.88083e-07
 1.72462e-07
 1.58712e-07
 1.46546e-07
 1.35729e-07
 1.72528e-06
 1.33568e-06
 1.06577e-06
 8.70730e-07
 7.25035e-07
 6.13249e-07
 5.25561e-07
 4.55482e-07
 3.98579e-07
 3.51735e-07
 3.12706e-07
 2.79841e-07
 2.51906e-07
 2.27959e-07
 2.07275e-07
 1.89287e-07
 1.73545e-07
 1.59689e-07
 1.47430e-07
 1.36531e-07
 1.65573e-06
 1.29614e-06
 1.04215e-06
 8.56100e-07
 7.15747e-07
 6.07256e-07
 5.21662e-07
 4.52947e-07
 3.96950e-07
 3.50716e-07
 3.12102e-07
 2.79522e-07
 2.51783e-07
 2.27971e-07
 2.07380e-07
 1.89454e-07
 1.73752e-07
 1.59922e-07
 1.47678e-07
 1.36787e-07
 1.52916e-06
 1.21920e-06
 9.93135e-07
 8.23695e-07
 6.93665e-07
 5.91832e-07
 5.10666e-07
 4.44973e-07
 3.91084e-07
 3.46349e-07
 3.08819e-07
 2.77035e-07
 2.49887e-07
 2.26519e-07
 2.06265e-07
 1.88597e-07
 1.73095e-07
 1.59419e-07
 1.47296e-07
 1.36500e-07
 1.36879e-06
 1.11674e-06
 9.25206e-07
 7.77222e-07
 6.61012e-07
 5.68360e-07
 4.93459e-07
 4.32143e-07
 3.81375e-07
 3.38906e-07
 3.03048e-07
 2.72515e-07
 2.46315e-07
 2.23675e-07
 2.03984e-07
 1.86756e-07
 1.71602e-07
 1.58203e-07
 1.46301e-07
 1.35683e-07
 1.19714e-06
 1.00153e-06
 8.45833e-07
 7.21202e-07
 6.20609e-07
 5.38652e-07
 4.71237e-07
 4.15265e-07
 3.68380e-07
 3.28778e-07
 2.95068e-07
 2.66165e-07
 2.41217e-07
 2.19549e-07
 2.00620e-07
 1.83996e-07
 1.69323e-07
 1.56311e-07
 1.44723e-07
 1.34360e-07
 1.03081e-06
 8.84355e-07
 7.61929e-07
 6.60111e-07
 5.75399e-07
 5.04679e-07
 4.45344e-07
 3.95272e-07
 3.52758e-07
 3.16438e-07
 2.85223e-07
 2.58239e-07
 2.34782e-07
 2.14285e-07
 1.96283e-07
 1.80400e-07
 1.66323e-07
 1.53795e-07
 1.42602e-07
 1.32564e-07
 8.79455e-07
 7.72695e-07
 6.78915e-07
 5.97768e-07
 5.28059e-07
 4.68325e-07
 4.17117e-07
 3.73122e-07
 3.35203e-07
 3.02395e-07
 2.73890e-07
 2.49018e-07
 2.27224e-07
 2.08045e-07
 1.91099e-07
 1.76066e-07
 1.62680e-07
 1.50717e-07
 1.39987e-07
 1.30333e-07
 7.47105e-07
 6.70843e-07
 6.00450e-07
 5.37050e-07
 4.80769e-07
 4.31216e-07
 3.87764e-07
 3.49716e-07
 3.16389e-07
 2.87155e-07
 2.61454e-07
 2.38799e-07
 2.18770e-07
 2.01007e-07
 1.85206e-07
 1.71104e-07
 1.58480e-07
 1.47144e-07
 1.36934e-07
 1.27713e-07
 6.34214e-07
 5.80615e-07
 5.28618e-07
 4.79866e-07
 4.35131e-07
 3.94640e-07
 3.58297e-07
 3.25840e-07
 2.96926e-07
 2.71192e-07
 2.48283e-07
 2.27867e-07
 2.09645e-07
 1.93349e-07
 1.78744e-07
 1.65625e-07
 1.53812e-07
 1.43149e-07
 1.33501e-07
 1.24751e-07
