scalar
part
         1
quad4
 3.91568e-07
 3.72123e-07
 3.50079e-07
 3.27119e-07
 3.04335e-07
 2.82395e-07
 2.61676e-07
 2.42362e-07
 2.24513e-07
 2.08113e-07
 1.93098e-07
 1.79383e-07
 1.66869e-07
 1.55454e-07
 1.45041e-07
 1.35536e-07
 1.26850e-07
 1.18906e-07
 1.11629e-07
 1.04955e-07
 4.77617e-07
 4.44294e-07
 4.10248e-07
 3.77166e-07
 3.45968e-07
 3.17093e-07
 2.90681e-07
 2.66697e-07
 2.45016e-07
 2.25464e-07
 2.07849e-07
 1.91981e-07
 1.77678e-07
 1.64770e-07
 1.53105e-07
 1.42545e-07
 1.32968e-07
 1.24267e-07
 1.16345e-07
 1.09118e-07
 5.82477e-07
 5.29292e-07
 4.79062e-07
 4.32976e-07
 3.91400e-07
 3.54254e-07
 3.21244e-07
 2.91983e-07
 2.66060e-07
 2.43083e-07
 2.22688e-07
 2.04550e-07
 1.88383e-07
 1.73937e-07
 1.60995e-07
 1.49369e-07
 1.38898e-07
 1.29442e-07
 1.20881e-07
 1.13110e-07
 7.08162e-07
 6.27478e-07
 5.56129e-07
 4.93873e-07
 4.39891e-07
 3.93183e-07
 3.52754e-07
 3.17696e-07
 2.87209e-07
 2.60610e-07
 2.37319e-07
 2.16848e-07
 1.98788e-07
 1.82794e-07
 1.68578e-07
 1.55898e-07
 1.44548e-07
 1.34356e-07
 1.25174e-07
 1.16877e-07
 8.54942e-07
 7.37771e-07
 6.39994e-07
 5.58431e-07
 4.90193e-07
 4.32838e-07
 3.84365e-07
 3.43159e-07
 3.07922e-07
 2.77615e-07
 2.51400e-07
 2.28602e-07
 2.08672e-07
 1.91164e-07
 1.75712e-07
 1.62016e-07
 1.49824e-07
 1.38931e-07
 1.29160e-07
 1.20367e-07
 1.01985e-06
 8.56909e-07
 7.27791e-07
 6.24328e-07
 5.40490e-07
 4.71821e-07
 4.15006e-07
 3.67553e-07
 3.27572e-07
 2.93614e-07
 2.64555e-07
 2.39516e-07
 2.17804e-07
 1.98863e-07
 1.82251e-07
 1.67605e-07
 1.54631e-07
 1.43088e-07
 1.32776e-07
 1.23527e-07
 1.19510e-06
 9.78820e-07
 8.15030e-07
 6.88305e-07
 5.88425e-07
 5.08423e-07
 4.43427e-07
 3.89955e-07
 3.45470e-07
 3.08088e-07
 2.76390e-07
 2.49291e-07
 2.25950e-07
 2.05710e-07
 1.88049e-07
 1.72550e-07
 1.58877e-07
 1.46756e-07
 1.35961e-07
 1.26308e-07
 1.36713e-06
 1.09450e-06
 8.95721e-07
 7.46332e-07
 6.31246e-07
 5.40732e-07
 4.68281e-07
 4.09402e-07
 3.60916e-07
 3.20522e-07
 2.86519e-07
 2.57632e-07
 2.32887e-07
 2.11531e-07
 1.92973e-07
 1.76746e-07
 1.62477e-07
 1.49864e-07
 1.38661e-07
 1.28666e-07
 1.51718e-06
 1.19274e-06
 9.62954e-07
 7.94018e-07
 6.66084e-07
 5.66829e-07
 4.88252e-07
 4.24972e-07
 3.73253e-07
 3.30438e-07
 2.94592e-07
 2.64279e-07
 2.38416e-07
 2.16173e-07
 1.96903e-07
 1.80099e-07
 1.65358e-07
 1.52356e-07
 1.40828e-07
 1.30561e-07
 1.62435e-06
 1.26196e-06
 1.00997e-06
 8.27247e-07
 6.90340e-07
 5.85016e-07
 5.02202e-07
 4.35881e-07
 3.81929e-07
 3.37441e-07
 3.00318e-07
 2.69016e-07
 2.42375e-07
 2.19513e-07
 1.99744e-07
 1.82535e-07
 1.67461e-07
 1.54183e-07
 1.42425e-07
 1.31964e-07
 1.67080e-06
 1.29285e-06
 1.03156e-06
 8.42941e-07
 7.02108e-07
 5.94069e-07
 5.09316e-07
 4.41574e-07
 3.86556e-07
 3.41252e-07
 3.03496e-07
 2.71693e-07
 2.44651e-07
 2.21464e-07
 2.01430e-07
 1.84001e-07
 1.68745e-07
 1.55312e-07
 1.43425e-07
 1.32853e-07
 1.64820e-06
 1.28114e-06
 1.02537e-06
 8.39708e-07
 7.00526e-07
 5.93429e-07
 5.09221e-07
 4.41793e-07
 3.86951e-07
 3.41741e-07
 3.04026e-07
 2.72235e-07
 2.45188e-07
 2.21983e-07
 2.01926e-07
 1.84471e-07
 1.69187e-07
 1.55727e-07
 1.43813e-07
 1.33216e-07
 1.56154e-06
 1.22918e-06
 9.92584e-07
 8.18185e-07
 6.85947e-07
 5.83301e-07
 5.02037e-07
 4.36608e-07
 3.83157e-07
 3.38930e-07
 3.01925e-07
 2.70653e-07
 2.43989e-07
 2.21072e-07
 2.01233e-07
 1.83944e-07
 1.68787e-07
 1.55426e-07
 1.43588e-07
 1.33051e-07
 1.42744e-06
 1.14522e-06
 9.37618e-07
 7.80881e-07
 6.59867e-07
 5.64609e-07
 4.88354e-07
 4.26409e-07
 3.75433e-07
 3.33001e-07
 2.97318e-07
 2.67035e-07
 2.41121e-07
 2.18779e-07
 1.99385e-07
 1.82445e-07
 1.67564e-07
 1.54423e-07
 1.42762e-07
 1.32367e-07
 1.26753e-06
 1.04076e-06
 8.66940e-07
 7.31605e-07
 6.24621e-07
 5.38835e-07
 4.69141e-07
 4.11844e-07
 3.64227e-07
 3.24265e-07
 2.90427e-07
 2.61541e-07
 2.36699e-07
 2.15190e-07
 1.96449e-07
 1.80026e-07
 1.65558e-07
 1.52749e-07
 1.41358e-07
 1.31184e-07
 1.10159e-06
 9.27387e-07
 7.87514e-07
 6.74674e-07
 5.82962e-07
 5.07782e-07
 4.45609e-07
 3.93744e-07
 3.50118e-07
 3.13134e-07
 2.81550e-07
 2.54391e-07
 2.30888e-07
 2.10428e-07
 1.92517e-07
 1.76758e-07
 1.62823e-07
 1.50448e-07
 1.39410e-07
 1.29527e-07
 9.43663e-07
 8.14476e-07
 7.05526e-07
 6.14185e-07
 5.37639e-07
 4.73324e-07
 4.19053e-07
 3.73020e-07
 3.33759e-07
 3.00083e-07
 2.71035e-07
 2.45844e-07
 2.23883e-07
 2.04643e-07
 1.87705e-07
 1.72729e-07
 1.59430e-07
 1.47574e-07
 1.36963e-07
 1.27434e-07
 8.01562e-07
 7.08347e-07
 6.25674e-07
 5.53526e-07
 4.91074e-07
 4.37194e-07
 3.90724e-07
 3.50582e-07
 3.15816e-07
 2.85604e-07
 2.59253e-07
 2.36180e-07
 2.15898e-07
 1.97999e-07
 1.82142e-07
 1.68042e-07
 1.55459e-07
 1.44191e-07
 1.34068e-07
 1.24944e-07
 6.78254e-07
 6.12452e-07
 5.51028e-07
 4.95179e-07
 4.45190e-07
 4.00855e-07
 3.61726e-07
 3.27264e-07
 2.96921e-07
 2.70180e-07
 2.46573e-07
 2.25684e-07
 2.07153e-07
 1.90669e-07
 1.75962e-07
 1.62803e-07
 1.50995e-07
 1.40369e-07
 1.30780e-07
 1.22103e-07
 5.73661e-07
 5.28088e-07
 4.83249e-07
 4.40736e-07
 4.01362e-07
 3.65434e-07
 3.32961e-07
 3.03777e-07
 2.77634e-07
 2.54250e-07
 2.33339e-07
 2.14628e-07
 1.97865e-07
 1.82824e-07
 1.69303e-07
 1.57124e-07
 1.46128e-07
 1.36180e-07
 1.27159e-07
 1.18961e-07
