scalar
part
         1
quad4
 4.58559e-07
 4.29304e-07
 3.98705e-07
 3.68421e-07
 3.39439e-07
 3.12291e-07
 2.87212e-07
 2.64252e-07
 2.43352e-07
 2.24393e-07
 2.07227e-07
 1.91697e-07
 1.77646e-07
 1.64925e-07
 1.53396e-07
 1.42935e-07
 1.33427e-07
 1.24772e-07
 1.16879e-07
 1.09668e-07
 5.51751e-07
 5.06141e-07
 4.61758e-07
 4.20107e-07
 3.81866e-07
 3.47222e-07
 3.16086e-07
 2.88230e-07
 2.63363e-07
 2.41180e-07
 2.21383e-07
 2.03695e-07
 1.87866e-07
 1.73674e-07
 1.60921e-07
 1.49436e-07
 1.39069e-07
 1.29688e-07
 1.21180e-07
 1.13446e-07
 6.63787e-07
 5.95338e-07
 5.32784e-07
 4.76848e-07
 4.27425e-07
 3.84025e-07
 3.46014e-07
 3.12733e-07
 2.83563e-07
 2.57944e-07
 2.35386e-07
 2.15466e-07
 1.97820e-07
 1.82139e-07
 1.68160e-07
 1.55659e-07
 1.44444e-07
 1.34353e-07
 1.25246e-07
 1.17005e-07
 7.95928e-07
 6.96602e-07
 6.10893e-07
 5.37606e-07
 4.75128e-07
 4.21838e-07
 3.76271e-07
 3.37167e-07
 3.03467e-07
 2.74294e-07
 2.48922e-07
 2.26755e-07
 2.07302e-07
 1.90155e-07
 1.74978e-07
 1.61492e-07
 1.49461e-07
 1.38691e-07
 1.29015e-07
 1.20294e-07
 9.47143e-07
 8.07903e-07
 6.93985e-07
 6.00539e-07
 5.23463e-07
 4.59456e-07
 4.05913e-07
 3.60794e-07
 3.22502e-07
 2.89782e-07
 2.61640e-07
 2.37288e-07
 2.16093e-07
 1.97547e-07
 1.81236e-07
 1.66823e-07
 1.54030e-07
 1.42628e-07
 1.32426e-07
 1.23263e-07
 1.11249e-06
 9.24739e-07
 7.78458e-07
 6.62901e-07
 5.70377e-07
 4.95352e-07
 4.33802e-07
 3.82764e-07
 3.40027e-07
 3.03921e-07
 2.73167e-07
 2.46775e-07
 2.23969e-07
 2.04139e-07
 1.86794e-07
 1.71542e-07
 1.58062e-07
 1.46093e-07
 1.35420e-07
 1.25864e-07
 1.28159e-06
 1.03970e-06
 8.59148e-07
 7.21107e-07
 6.13364e-07
 5.27757e-07
 4.58673e-07
 4.02160e-07
 3.55370e-07
 3.16213e-07
 2.83129e-07
 2.54932e-07
 2.30713e-07
 2.09762e-07
 1.91521e-07
 1.75543e-07
 1.61473e-07
 1.49018e-07
 1.37943e-07
 1.28052e-07
 1.43834e-06
 1.14274e-06
 9.29692e-07
 7.71028e-07
 6.49684e-07
 5.54811e-07
 4.79240e-07
 4.18075e-07
 3.67880e-07
 3.26183e-07
 2.91174e-07
 2.61497e-07
 2.36124e-07
 2.14264e-07
 1.95297e-07
 1.78735e-07
 1.64189e-07
 1.51346e-07
 1.39950e-07
 1.29791e-07
 1.56292e-06
 1.22262e-06
 9.83400e-07
 8.08529e-07
 6.76693e-07
 5.74776e-07
 4.94329e-07
 4.29699e-07
 3.76984e-07
 3.33421e-07
 2.97003e-07
 2.66247e-07
 2.40036e-07
 2.17516e-07
 1.98024e-07
 1.81040e-07
 1.66152e-07
 1.53028e-07
 1.41400e-07
 1.31049e-07
 1.63641e-06
 1.26921e-06
 1.01451e-06
 8.30165e-07
 6.92247e-07
 5.86269e-07
 5.03020e-07
 4.36403e-07
 3.82247e-07
 3.37615e-07
 3.00391e-07
 2.69016e-07
 2.42324e-07
 2.19424e-07
 1.99630e-07
 1.82403e-07
 1.67316e-07
 1.54030e-07
 1.42268e-07
 1.31804e-07
 1.64645e-06
 1.27611e-06
 1.01947e-06
 8.33852e-07
 6.95065e-07
 5.88472e-07
 5.04776e-07
 4.37825e-07
 3.83415e-07
 3.38586e-07
 3.01207e-07
 2.69709e-07
 2.42917e-07
 2.19935e-07
 2.00074e-07
 1.82791e-07
 1.67657e-07
 1.54331e-07
 1.42535e-07
 1.32043e-07
 1.59148e-06
 1.24250e-06
 9.97804e-07
 8.19304e-07
 6.84965e-07
 5.81266e-07
 4.99514e-07
 4.33907e-07
 3.80446e-07
 3.36303e-07
 2.99428e-07
 2.68307e-07
 2.41800e-07
 2.19038e-07
 1.99347e-07
 1.82197e-07
 1.67170e-07
 1.53928e-07
 1.42200e-07
 1.31763e-07
 1.48145e-06
 1.17342e-06
 9.52261e-07
 7.88098e-07
 6.62898e-07
 5.65244e-07
 4.87618e-07
 4.24902e-07
 3.73514e-07
 3.30888e-07
 2.95141e-07
 2.64873e-07
 2.39021e-07
 2.16767e-07
 1.97474e-07
 1.80641e-07
 1.65868e-07
 1.52831e-07
 1.41270e-07
 1.30970e-07
 1.33431e-06
 1.07826e-06
 8.88094e-07
 7.43329e-07
 6.30764e-07
 5.41617e-07
 4.69882e-07
 4.11346e-07
 3.62988e-07
 3.22598e-07
 2.88531e-07
 2.59542e-07
 2.34678e-07
 2.13196e-07
 1.94513e-07
 1.78167e-07
 1.63786e-07
 1.51068e-07
 1.39767e-07
 1.29683e-07
 1.17020e-06
 9.68220e-07
 8.11835e-07
 6.88973e-07
 5.91071e-07
 5.12016e-07
 4.47396e-07
 3.93985e-07
 3.49389e-07
 3.11807e-07
 2.79867e-07
 2.52513e-07
 2.28919e-07
 2.08437e-07
 1.90549e-07
 1.74841e-07
 1.60975e-07
 1.48678e-07
 1.37724e-07
 1.27926e-07
 1.00618e-06
 8.53711e-07
 7.29975e-07
 6.29178e-07
 5.46535e-07
 4.78261e-07
 4.21407e-07
 3.73690e-07
 3.33336e-07
 2.98960e-07
 2.69477e-07
 2.44028e-07
 2.21929e-07
 2.02631e-07
 1.85690e-07
 1.70746e-07
 1.57502e-07
 1.45715e-07
 1.35181e-07
 1.25733e-07
 8.53756e-07
 7.42731e-07
 6.47970e-07
 5.67668e-07
 4.99723e-07
 4.42142e-07
 3.93181e-07
 3.51368e-07
 3.15488e-07
 2.84544e-07
 2.57724e-07
 2.34362e-07
 2.13915e-07
 1.95937e-07
 1.80060e-07
 1.65980e-07
 1.53444e-07
 1.42239e-07
 1.32189e-07
 1.23145e-07
 7.18835e-07
 6.40378e-07
 5.69775e-07
 5.07390e-07
 4.52800e-07
 4.05248e-07
 3.63885e-07
 3.27884e-07
 2.96491e-07
 2.69045e-07
 2.44976e-07
 2.23797e-07
 2.05096e-07
 1.88527e-07
 1.73794e-07
 1.60650e-07
 1.48885e-07
 1.38320e-07
 1.28803e-07
 1.20205e-07
 6.03186e-07
 5.49194e-07
 4.97827e-07
 4.50406e-07
 4.07416e-07
 3.68867e-07
 3.34516e-07
 3.04004e-07
 2.76936e-07
 2.52919e-07
 2.31588e-07
 2.12610e-07
 1.95691e-07
 1.80572e-07
 1.67029e-07
 1.54866e-07
 1.43915e-07
 1.34028e-07
 1.25081e-07
 1.16963e-07
 5.06054e-07
 4.69866e-07
 4.33305e-07
 3.97954e-07
 3.64697e-07
 3.33955e-07
 3.05859e-07
 2.80365e-07
 2.57332e-07
 2.36573e-07
 2.17885e-07
 2.01060e-07
 1.85906e-07
 1.72240e-07
 1.59899e-07
 1.48737e-07
 1.38622e-07
 1.29438e-07
 1.21084e-07
 1.13469e-07
