scalar
part
         1
quad4
 6.38379e-07
 5.84235e-07
 5.31754e-07
 4.82580e-07
 4.37482e-07
 3.96680e-07
 3.60072e-07
 3.27390e-07
 2.98284e-07
 2.72387e-07
 2.49338e-07
 2.28803e-07
 2.10478e-07
 1.94093e-07
 1.79412e-07
 1.66226e-07
 1.54355e-07
 1.43641e-07
 1.33949e-07
 1.25159e-07
 7.51740e-07
 6.74793e-07
 6.03810e-07
 5.39912e-07
 4.83213e-07
 4.33311e-07
 3.89568e-07
 3.51276e-07
 3.17745e-07
 2.88340e-07
 2.62494e-07
 2.39716e-07
 2.19583e-07
 2.01732e-07
 1.85853e-07
 1.71685e-07
 1.59003e-07
 1.47617e-07
 1.37363e-07
 1.28103e-07
 8.84582e-07
 7.76964e-07
 6.82476e-07
 6.00749e-07
 5.30567e-07
 4.70447e-07
 4.18924e-07
 3.74672e-07
 3.36539e-07
 3.03554e-07
 2.74902e-07
 2.49907e-07
 2.28008e-07
 2.08741e-07
 1.91719e-07
 1.76622e-07
 1.63179e-07
 1.51167e-07
 1.40395e-07
 1.30704e-07
 1.03642e-06
 8.88905e-07
 7.65641e-07
 6.63161e-07
 5.77926e-07
 5.06791e-07
 4.47124e-07
 3.96784e-07
 3.54052e-07
 3.17555e-07
 2.86193e-07
 2.59086e-07
 2.35527e-07
 2.14944e-07
 1.96869e-07
 1.80924e-07
 1.66793e-07
 1.54219e-07
 1.42985e-07
 1.32912e-07
 1.20316e-06
 1.00628e-06
 8.49614e-07
 7.24251e-07
 6.23096e-07
 5.40705e-07
 4.72950e-07
 4.16709e-07
 3.69608e-07
 3.29832e-07
 2.95979e-07
 2.66959e-07
 2.41913e-07
 2.20163e-07
 2.01165e-07
 1.84482e-07
 1.69759e-07
 1.56704e-07
 1.45078e-07
 1.34682e-07
 1.37506e-06
 1.12153e-06
 9.28934e-07
 7.80174e-07
 6.63386e-07
 5.70298e-07
 4.95062e-07
 4.33485e-07
 3.82510e-07
 3.39877e-07
 3.03885e-07
 2.73242e-07
 2.46952e-07
 2.24236e-07
 2.04481e-07
 1.87200e-07
 1.71999e-07
 1.58561e-07
 1.46624e-07
 1.35976e-07
 1.53538e-06
 1.22381e-06
 9.96645e-07
 8.26430e-07
 6.95840e-07
 5.93593e-07
 5.12113e-07
 4.46179e-07
 3.92101e-07
 3.47216e-07
 3.09566e-07
 2.77683e-07
 2.50454e-07
 2.27019e-07
 2.06708e-07
 1.88992e-07
 1.73449e-07
 1.59739e-07
 1.47585e-07
 1.36762e-07
 1.66145e-06
 1.30027e-06
 1.04524e-06
 8.58486e-07
 7.17631e-07
 6.08774e-07
 5.22906e-07
 4.53983e-07
 3.97823e-07
 3.51461e-07
 3.12744e-07
 2.80080e-07
 2.52272e-07
 2.28403e-07
 2.07763e-07
 1.89796e-07
 1.74060e-07
 1.60200e-07
 1.47930e-07
 1.37016e-07
 1.72995e-06
 1.33902e-06
 1.06825e-06
 8.72638e-07
 7.26543e-07
 6.14467e-07
 5.26562e-07
 4.56319e-07
 3.99288e-07
 3.52342e-07
 3.13231e-07
 2.80300e-07
 2.52309e-07
 2.28316e-07
 2.07594e-07
 1.89573e-07
 1.73803e-07
 1.59923e-07
 1.47643e-07
 1.36726e-07
 1.72562e-06
 1.33282e-06
 1.06199e-06
 8.66870e-07
 7.21419e-07
 6.09980e-07
 5.22653e-07
 4.52914e-07
 3.96318e-07
 3.49743e-07
 3.10949e-07
 2.78288e-07
 2.50528e-07
 2.26734e-07
 2.06183e-07
 1.88310e-07
 1.72668e-07
 1.58900e-07
 1.46718e-07
 1.35887e-07
 1.64816e-06
 1.28184e-06
 1.02665e-06
 8.41371e-07
 7.02416e-07
 5.95440e-07
 5.11280e-07
 4.43851e-07
 3.88978e-07
 3.43716e-07
 3.05939e-07
 2.74079e-07
 2.46958e-07
 2.23680e-07
 2.03549e-07
 1.86023e-07
 1.70670e-07
 1.57144e-07
 1.45166e-07
 1.34509e-07
 1.51211e-06
 1.19340e-06
 9.66262e-07
 7.98491e-07
 6.70983e-07
 5.71778e-07
 4.93063e-07
 4.29554e-07
 3.77569e-07
 3.34478e-07
 2.98361e-07
 2.67792e-07
 2.41688e-07
 2.19222e-07
 1.99747e-07
 1.82755e-07
 1.67842e-07
 1.54681e-07
 1.43010e-07
 1.32610e-07
 1.33986e-06
 1.07930e-06
 8.87454e-07
 7.42166e-07
 6.29559e-07
 5.40565e-07
 4.69047e-07
 4.10738e-07
 3.62591e-07
 3.22386e-07
 2.88477e-07
 2.59621e-07
 2.34866e-07
 2.13474e-07
 1.94864e-07
 1.78575e-07
 1.64239e-07
 1.51556e-07
 1.40283e-07
 1.30218e-07
 1.15382e-06
 9.52296e-07
 7.97804e-07
 6.77070e-07
 5.81128e-07
 5.03763e-07
 4.40559e-07
 3.88322e-07
 3.44694e-07
 3.07910e-07
 2.76631e-07
 2.49824e-07
 2.26686e-07
 2.06584e-07
 1.89014e-07
 1.73573e-07
 1.59932e-07
 1.47825e-07
 1.37032e-07
 1.27371e-07
 9.71677e-07
 8.23486e-07
 7.04391e-07
 6.07808e-07
 5.28751e-07
 4.63450e-07
 4.09038e-07
 3.63321e-07
 3.24607e-07
 2.91582e-07
 2.63217e-07
 2.38696e-07
 2.17373e-07
 1.98726e-07
 1.82334e-07
 1.67854e-07
 1.55006e-07
 1.43557e-07
 1.33313e-07
 1.24113e-07
 8.04935e-07
 7.01039e-07
 6.12903e-07
 5.38336e-07
 4.75197e-07
 4.21585e-07
 3.75885e-07
 3.36750e-07
 3.03076e-07
 2.73957e-07
 2.48652e-07
 2.26556e-07
 2.07171e-07
 1.90090e-07
 1.74972e-07
 1.61539e-07
 1.49555e-07
 1.38826e-07
 1.29186e-07
 1.20496e-07
 6.59404e-07
 5.89981e-07
 5.27303e-07
 4.71663e-07
 4.22714e-07
 3.79841e-07
 3.42347e-07
 3.09546e-07
 2.80807e-07
 2.55571e-07
 2.33348e-07
 2.13721e-07
 1.96330e-07
 1.80871e-07
 1.67084e-07
 1.54749e-07
 1.43679e-07
 1.33714e-07
 1.24717e-07
 1.16571e-07
 5.36587e-07
 4.92648e-07
 4.49908e-07
 4.09796e-07
 3.72943e-07
 3.39522e-07
 3.09448e-07
 2.82507e-07
 2.58424e-07
 2.36911e-07
 2.17689e-07
 2.00493e-07
 1.85088e-07
 1.71260e-07
 1.58822e-07
 1.47610e-07
 1.37479e-07
 1.28303e-07
 1.19975e-07
 1.12397e-07
 4.35281e-07
 4.09426e-07
 3.81696e-07
 3.53850e-07
 3.26941e-07
 3.01553e-07
 2.77966e-07
 2.56270e-07
 2.36444e-07
 2.18398e-07
 2.02011e-07
 1.87147e-07
 1.73667e-07
 1.61438e-07
 1.50334e-07
 1.40240e-07
 1.31052e-07
 1.22675e-07
 1.15026e-07
 1.08028e-07
 3.52936e-07
 3.39483e-07
 3.22694e-07
 3.04241e-07
 2.85263e-07
 2.66505e-07
 2.48431e-07
 2.31308e-07
 2.15272e-07
 2.00371e-07
 1.86600e-07
 1.73917e-07
 1.62262e-07
 1.51565e-07
 1.41753e-07
 1.32752e-07
 1.24492e-07
 1.16907e-07
 1.09935e-07
 1.03520e-07
