scalar
part
         1
quad4
 4.95565e-07
 4.61829e-07
 4.27186e-07
 3.93333e-07
 3.61246e-07
 3.31419e-07
 3.04039e-07
 2.79107e-07
 2.56515e-07
 2.36104e-07
 2.17687e-07
 2.01076e-07
 1.86089e-07
 1.72554e-07
 1.60314e-07
 1.49229e-07
 1.39173e-07
 1.30034e-07
 1.21712e-07
 1.14119e-07
 5.94123e-07
 5.42616e-07
 4.93112e-07
 4.47092e-07
 4.05160e-07
 3.67410e-07
 3.33665e-07
 3.03613e-07
 2.76893e-07
 2.53140e-07
 2.32007e-07
 2.13177e-07
 1.96368e-07
 1.81329e-07
 1.67842e-07
 1.55718e-07
 1.44791e-07
 1.34918e-07
 1.25976e-07
 1.17856e-07
 7.12152e-07
 6.35988e-07
 5.67019e-07
 5.05805e-07
 4.52058e-07
 4.05116e-07
 3.64192e-07
 3.28505e-07
 2.97336e-07
 2.70046e-07
 2.46083e-07
 2.24973e-07
 2.06313e-07
 1.89764e-07
 1.75036e-07
 1.61886e-07
 1.50105e-07
 1.39519e-07
 1.29977e-07
 1.21351e-07
 8.50693e-07
 7.41414e-07
 6.47807e-07
 5.68272e-07
 5.00835e-07
 4.43586e-07
 3.94835e-07
 3.53146e-07
 3.17332e-07
 2.86412e-07
 2.59586e-07
 2.36198e-07
 2.15713e-07
 1.97687e-07
 1.81757e-07
 1.67620e-07
 1.55025e-07
 1.43762e-07
 1.33654e-07
 1.24553e-07
 1.00822e-06
 8.56454e-07
 7.33078e-07
 6.32440e-07
 5.49835e-07
 4.81522e-07
 4.24585e-07
 3.76757e-07
 3.36276e-07
 3.01768e-07
 2.72151e-07
 2.46569e-07
 2.24342e-07
 2.04920e-07
 1.87862e-07
 1.72807e-07
 1.59458e-07
 1.47572e-07
 1.36946e-07
 1.27411e-07
 1.17892e-06
 9.76010e-07
 8.18847e-07
 6.95326e-07
 5.96855e-07
 5.17304e-07
 4.52247e-07
 3.98449e-07
 3.53506e-07
 3.15614e-07
 2.83397e-07
 2.55792e-07
 2.31972e-07
 2.11286e-07
 1.93212e-07
 1.77334e-07
 1.63314e-07
 1.50877e-07
 1.39793e-07
 1.29877e-07
 1.35110e-06
 1.09192e-06
 8.99534e-07
 7.53111e-07
 6.39260e-07
 5.49088e-07
 4.76515e-07
 4.17283e-07
 3.68337e-07
 3.27445e-07
 2.92945e-07
 2.63581e-07
 2.38387e-07
 2.16614e-07
 1.97675e-07
 1.81099e-07
 1.66513e-07
 1.53610e-07
 1.42144e-07
 1.31909e-07
 1.50715e-06
 1.19345e-06
 9.68433e-07
 8.01501e-07
 6.74230e-07
 5.74978e-07
 4.96086e-07
 4.32346e-07
 3.80117e-07
 3.36788e-07
 3.00449e-07
 2.69676e-07
 2.43388e-07
 2.20757e-07
 2.01135e-07
 1.84012e-07
 1.68981e-07
 1.55717e-07
 1.43952e-07
 1.33470e-07
 1.62616e-06
 1.26894e-06
 1.01872e-06
 8.36330e-07
 6.99127e-07
 5.93252e-07
 5.09804e-07
 4.42846e-07
 3.88290e-07
 3.43246e-07
 3.05619e-07
 2.73864e-07
 2.46817e-07
 2.23591e-07
 2.03498e-07
 1.85998e-07
 1.70663e-07
 1.57151e-07
 1.45182e-07
 1.34531e-07
 1.68931e-06
 1.30849e-06
 1.04484e-06
 8.54301e-07
 7.11914e-07
 6.02605e-07
 5.16808e-07
 4.48197e-07
 3.92450e-07
 3.46530e-07
 3.08247e-07
 2.75992e-07
 2.48560e-07
 2.25032e-07
 2.04700e-07
 1.87009e-07
 1.71520e-07
 1.57881e-07
 1.45809e-07
 1.35072e-07
 1.68592e-06
 1.30661e-06
 1.04374e-06
 8.53642e-07
 7.11507e-07
 6.02350e-07
 5.16646e-07
 4.48095e-07
 3.92387e-07
 3.46492e-07
 3.08226e-07
 2.75982e-07
 2.48557e-07
 2.25035e-07
 2.04706e-07
 1.87017e-07
 1.71529e-07
 1.57891e-07
 1.45820e-07
 1.35083e-07
 1.61703e-06
 1.26378e-06
 1.01568e-06
 8.34479e-07
 6.97976e-07
 5.92526e-07
 5.09343e-07
 4.42555e-07
 3.88110e-07
 3.43138e-07
 3.05560e-07
 2.73838e-07
 2.46813e-07
 2.23602e-07
 2.03518e-07
 1.86024e-07
 1.70693e-07
 1.57183e-07
 1.45215e-07
 1.34564e-07
 1.49482e-06
 1.18623e-06
 9.64069e-07
 7.98797e-07
 6.72526e-07
 5.73893e-07
 4.95394e-07
 4.31909e-07
 3.79847e-07
 3.36629e-07
 3.00365e-07
 2.69641e-07
 2.43387e-07
 2.20778e-07
 2.01171e-07
 1.84057e-07
 1.69032e-07
 1.55771e-07
 1.44008e-07
 1.33525e-07
 1.33836e-06
 1.08410e-06
 8.94637e-07
 7.50000e-07
 6.37264e-07
 5.47801e-07
 4.75689e-07
 4.16760e-07
 3.68016e-07
 3.27260e-07
 2.92852e-07
 2.63549e-07
 2.38397e-07
 2.16652e-07
 1.97731e-07
 1.81167e-07
 1.66587e-07
 1.53688e-07
 1.42223e-07
 1.31988e-07
 1.16780e-06
 9.68790e-07
 8.14138e-07
 6.92243e-07
 5.94835e-07
 5.15985e-07
 4.51396e-07
 3.97911e-07
 3.53182e-07
 3.15435e-07
 2.83316e-07
 2.55778e-07
 2.32004e-07
 2.11347e-07
 1.93293e-07
 1.77427e-07
 1.63414e-07
 1.50980e-07
 1.39897e-07
 1.29980e-07
 9.99716e-07
 8.50578e-07
 7.29069e-07
 6.29729e-07
 5.48018e-07
 4.80321e-07
 4.23808e-07
 3.76272e-07
 3.35994e-07
 3.01625e-07
 2.72104e-07
 2.46588e-07
 2.24405e-07
 2.05012e-07
 1.87973e-07
 1.72929e-07
 1.59586e-07
 1.47702e-07
 1.37076e-07
 1.27538e-07
 8.44927e-07
 7.37163e-07
 6.44765e-07
 5.66144e-07
 4.99380e-07
 4.42617e-07
 3.94213e-07
 3.52772e-07
 3.17132e-07
 2.86334e-07
 2.59593e-07
 2.36264e-07
 2.15818e-07
 1.97817e-07
 1.81903e-07
 1.67775e-07
 1.55184e-07
 1.43921e-07
 1.33811e-07
 1.24706e-07
 7.08804e-07
 6.33323e-07
 5.65009e-07
 5.04353e-07
 4.51051e-07
 4.04450e-07
 3.63782e-07
 3.28283e-07
 2.97250e-07
 2.70057e-07
 2.46162e-07
 2.25098e-07
 2.06469e-07
 1.89939e-07
 1.75222e-07
 1.62076e-07
 1.50297e-07
 1.39709e-07
 1.30162e-07
 1.21531e-07
 5.92700e-07
 5.41325e-07
 4.92066e-07
 4.46313e-07
 4.04624e-07
 3.67079e-07
 3.33496e-07
 3.03568e-07
 2.76941e-07
 2.53255e-07
 2.32169e-07
 2.13371e-07
 1.96581e-07
 1.81554e-07
 1.68072e-07
 1.55947e-07
 1.45017e-07
 1.35139e-07
 1.26190e-07
 1.18063e-07
 4.95575e-07
 4.61641e-07
 4.26967e-07
 3.93165e-07
 3.61160e-07
 3.31420e-07
 3.04119e-07
 2.79250e-07
 2.56708e-07
 2.36332e-07
 2.17940e-07
 2.01345e-07
 1.86365e-07
 1.72831e-07
 1.60590e-07
 1.49500e-07
 1.39436e-07
 1.30288e-07
 1.21956e-07
 1.14353e-07
