scalar
part
         1
quad4
 6.30694e-07
 5.77475e-07
 5.25831e-07
 4.77396e-07
 4.32942e-07
 3.92696e-07
 3.56567e-07
 3.24295e-07
 2.95542e-07
 2.69947e-07
 2.47159e-07
 2.26849e-07
 2.08720e-07
 1.92505e-07
 1.77972e-07
 1.64917e-07
 1.53160e-07
 1.42547e-07
 1.32944e-07
 1.24233e-07
 7.42925e-07
 6.67197e-07
 5.97277e-07
 5.34285e-07
 4.78355e-07
 4.29099e-07
 3.85899e-07
 3.48066e-07
 3.14922e-07
 2.85844e-07
 2.60278e-07
 2.37739e-07
 2.17810e-07
 2.00136e-07
 1.84411e-07
 1.70376e-07
 1.57812e-07
 1.46528e-07
 1.36366e-07
 1.27186e-07
 8.74497e-07
 7.68479e-07
 6.75324e-07
 5.94696e-07
 5.25416e-07
 4.66037e-07
 4.15123e-07
 3.71374e-07
 3.33660e-07
 3.01025e-07
 2.72667e-07
 2.47921e-07
 2.26235e-07
 2.07150e-07
 1.90285e-07
 1.75323e-07
 1.61999e-07
 1.50090e-07
 1.39410e-07
 1.29799e-07
 1.02496e-06
 8.79521e-07
 7.57905e-07
 6.56732e-07
 5.72535e-07
 5.02230e-07
 4.43232e-07
 3.93435e-07
 3.51148e-07
 3.15017e-07
 2.83960e-07
 2.57110e-07
 2.33768e-07
 2.13369e-07
 1.95453e-07
 1.79644e-07
 1.65632e-07
 1.53161e-07
 1.42018e-07
 1.32024e-07
 1.19032e-06
 9.96068e-07
 8.41388e-07
 7.17537e-07
 6.17547e-07
 5.36063e-07
 4.69024e-07
 4.13354e-07
 3.66715e-07
 3.27316e-07
 2.93775e-07
 2.65013e-07
 2.40185e-07
 2.18619e-07
 1.99779e-07
 1.83231e-07
 1.68625e-07
 1.55671e-07
 1.44134e-07
 1.33817e-07
 1.36101e-06
 1.11068e-06
 9.20391e-07
 7.73318e-07
 6.57791e-07
 5.65662e-07
 4.91170e-07
 4.30178e-07
 3.79671e-07
 3.37416e-07
 3.01734e-07
 2.71348e-07
 2.45272e-07
 2.22737e-07
 2.03136e-07
 1.85987e-07
 1.70900e-07
 1.57560e-07
 1.45711e-07
 1.35138e-07
 1.52056e-06
 1.21268e-06
 9.88047e-07
 8.19623e-07
 6.90340e-07
 5.89067e-07
 5.08333e-07
 4.42979e-07
 3.89361e-07
 3.44846e-07
 3.07496e-07
 2.75862e-07
 2.48840e-07
 2.25579e-07
 2.05416e-07
 1.87827e-07
 1.72393e-07
 1.58777e-07
 1.46706e-07
 1.35956e-07
 1.64662e-06
 1.28937e-06
 1.03693e-06
 8.51959e-07
 7.12384e-07
 6.04472e-07
 5.19320e-07
 4.50951e-07
 3.95227e-07
 3.49215e-07
 3.10783e-07
 2.78354e-07
 2.50740e-07
 2.27035e-07
 2.06535e-07
 1.88688e-07
 1.73054e-07
 1.59284e-07
 1.47092e-07
 1.36246e-07
 1.71612e-06
 1.32893e-06
 1.06059e-06
 8.66630e-07
 7.21711e-07
 6.10500e-07
 5.23249e-07
 4.53511e-07
 3.96879e-07
 3.50253e-07
 3.11403e-07
 2.78687e-07
 2.50875e-07
 2.27034e-07
 2.06440e-07
 1.88529e-07
 1.72854e-07
 1.59057e-07
 1.46850e-07
 1.35996e-07
 1.71381e-06
 1.32413e-06
 1.05532e-06
 8.61595e-07
 7.17143e-07
 6.06445e-07
 5.19681e-07
 4.50381e-07
 3.94133e-07
 3.47840e-07
 3.09276e-07
 2.76805e-07
 2.49206e-07
 2.25548e-07
 2.05112e-07
 1.87338e-07
 1.71783e-07
 1.58090e-07
 1.45974e-07
 1.35202e-07
 1.63909e-06
 1.27493e-06
 1.02122e-06
 8.36985e-07
 6.98801e-07
 5.92408e-07
 5.08701e-07
 4.41630e-07
 3.87046e-07
 3.42020e-07
 3.04438e-07
 2.72740e-07
 2.45758e-07
 2.22597e-07
 2.02568e-07
 1.85129e-07
 1.69852e-07
 1.56394e-07
 1.44475e-07
 1.33870e-07
 1.50596e-06
 1.18842e-06
 9.62163e-07
 7.95064e-07
 6.68079e-07
 5.69288e-07
 4.90906e-07
 4.27668e-07
 3.75906e-07
 3.33002e-07
 2.97043e-07
 2.66606e-07
 2.40617e-07
 2.18250e-07
 1.98861e-07
 1.81944e-07
 1.67096e-07
 1.53994e-07
 1.42374e-07
 1.32020e-07
 1.33634e-06
 1.07613e-06
 8.84640e-07
 7.39681e-07
 6.27364e-07
 5.38620e-07
 4.67319e-07
 4.09194e-07
 3.61205e-07
 3.21138e-07
 2.87347e-07
 2.58594e-07
 2.33929e-07
 2.12616e-07
 1.94075e-07
 1.77849e-07
 1.63568e-07
 1.50934e-07
 1.39704e-07
 1.29679e-07
 1.15237e-06
 9.50643e-07
 7.96124e-07
 6.75444e-07
 5.79597e-07
 5.02338e-07
 4.39244e-07
 3.87111e-07
 3.43581e-07
 3.06887e-07
 2.75689e-07
 2.48955e-07
 2.25884e-07
 2.05841e-07
 1.88325e-07
 1.72932e-07
 1.59336e-07
 1.47269e-07
 1.36512e-07
 1.26884e-07
 9.71693e-07
 8.23006e-07
 7.03638e-07
 6.06917e-07
 5.27806e-07
 4.62498e-07
 4.08106e-07
 3.62424e-07
 3.23754e-07
 2.90776e-07
 2.62457e-07
 2.37983e-07
 2.16703e-07
 1.98097e-07
 1.81744e-07
 1.67300e-07
 1.54485e-07
 1.43067e-07
 1.32851e-07
 1.23678e-07
 8.05912e-07
 7.01401e-07
 6.12863e-07
 5.38041e-07
 4.74745e-07
 4.21042e-07
 3.75294e-07
 3.36139e-07
 3.02463e-07
 2.73353e-07
 2.48065e-07
 2.25990e-07
 2.06629e-07
 1.89571e-07
 1.74478e-07
 1.61069e-07
 1.49108e-07
 1.38401e-07
 1.28782e-07
 1.20112e-07
 6.60964e-07
 5.90911e-07
 5.27784e-07
 4.71828e-07
 4.22661e-07
 3.79641e-07
 3.42049e-07
 3.09186e-07
 2.80410e-07
 2.55152e-07
 2.32921e-07
 2.13293e-07
 1.95908e-07
 1.80457e-07
 1.66682e-07
 1.54360e-07
 1.43304e-07
 1.33353e-07
 1.24370e-07
 1.16238e-07
 5.38466e-07
 4.93938e-07
 4.50749e-07
 4.10301e-07
 3.73202e-07
 3.39601e-07
 3.09397e-07
 2.82363e-07
 2.58215e-07
 2.36658e-07
 2.17406e-07
 2.00193e-07
 1.84777e-07
 1.70945e-07
 1.58507e-07
 1.47298e-07
 1.37172e-07
 1.28004e-07
 1.19682e-07
 1.12113e-07
 4.37306e-07
 4.10925e-07
 3.82774e-07
 3.54598e-07
 3.27433e-07
 3.01850e-07
 2.78114e-07
 2.56307e-07
 2.36397e-07
 2.18290e-07
 2.01857e-07
 1.86960e-07
 1.73458e-07
 1.61213e-07
 1.50100e-07
 1.40000e-07
 1.30810e-07
 1.22433e-07
 1.14786e-07
 1.07792e-07
 3.54997e-07
 3.41086e-07
 3.23916e-07
 3.05152e-07
 2.85925e-07
 2.66968e-07
 2.48738e-07
 2.31492e-07
 2.15360e-07
 2.00386e-07
 1.86558e-07
 1.73832e-07
 1.62144e-07
 1.51423e-07
 1.41593e-07
 1.32579e-07
 1.24311e-07
 1.16720e-07
 1.09745e-07
 1.03328e-07
