scalar
part
         1
quad4
 5.91138e-07
 5.43497e-07
 4.96735e-07
 4.52503e-07
 4.11628e-07
 3.74410e-07
 3.40833e-07
 3.10711e-07
 2.83769e-07
 2.59704e-07
 2.38210e-07
 2.18999e-07
 2.01805e-07
 1.86392e-07
 1.72546e-07
 1.60083e-07
 1.48838e-07
 1.38671e-07
 1.29455e-07
 1.21084e-07
 6.99493e-07
 6.30664e-07
 5.66585e-07
 5.08474e-07
 4.56588e-07
 4.10673e-07
 3.70232e-07
 3.34678e-07
 3.03425e-07
 2.75920e-07
 2.51668e-07
 2.30233e-07
 2.11236e-07
 1.94352e-07
 1.79299e-07
 1.65840e-07
 1.53770e-07
 1.42914e-07
 1.33123e-07
 1.24266e-07
 8.27242e-07
 7.29687e-07
 6.43430e-07
 5.68373e-07
 5.03578e-07
 4.47809e-07
 3.99812e-07
 3.58428e-07
 3.22644e-07
 2.91591e-07
 2.64540e-07
 2.40879e-07
 2.20099e-07
 2.01776e-07
 1.85556e-07
 1.71142e-07
 1.58286e-07
 1.46780e-07
 1.36447e-07
 1.27137e-07
 9.74354e-07
 8.39117e-07
 7.25470e-07
 6.30501e-07
 5.51144e-07
 4.84634e-07
 4.28632e-07
 3.81219e-07
 3.40845e-07
 3.06262e-07
 2.76468e-07
 2.50655e-07
 2.28173e-07
 2.08490e-07
 1.91176e-07
 1.75875e-07
 1.62295e-07
 1.50194e-07
 1.39368e-07
 1.29650e-07
 1.13750e-06
 9.55199e-07
 8.09418e-07
 6.92228e-07
 5.97266e-07
 5.19621e-07
 4.55546e-07
 4.02191e-07
 3.57381e-07
 3.19442e-07
 2.87077e-07
 2.59274e-07
 2.35232e-07
 2.14318e-07
 1.96021e-07
 1.79930e-07
 1.65710e-07
 1.53086e-07
 1.41830e-07
 1.31756e-07
 1.30813e-06
 1.07114e-06
 8.90285e-07
 7.49991e-07
 6.39419e-07
 5.50974e-07
 4.79267e-07
 4.20412e-07
 3.71568e-07
 3.30625e-07
 2.95990e-07
 2.66448e-07
 2.41061e-07
 2.19093e-07
 1.99962e-07
 1.83206e-07
 1.68450e-07
 1.55392e-07
 1.43782e-07
 1.33415e-07
 1.47109e-06
 1.17697e-06
 9.61573e-07
 7.99528e-07
 6.74764e-07
 5.76772e-07
 4.98469e-07
 4.34952e-07
 3.82746e-07
 3.39333e-07
 3.02855e-07
 2.71919e-07
 2.45462e-07
 2.22664e-07
 2.02884e-07
 1.85613e-07
 1.70446e-07
 1.57056e-07
 1.45178e-07
 1.34592e-07
 1.60535e-06
 1.26056e-06
 1.01608e-06
 8.36415e-07
 7.00499e-07
 5.95188e-07
 5.11933e-07
 4.44979e-07
 3.90332e-07
 3.45153e-07
 3.07375e-07
 2.75467e-07
 2.48274e-07
 2.24911e-07
 2.04693e-07
 1.87079e-07
 1.71642e-07
 1.58037e-07
 1.45985e-07
 1.35260e-07
 1.68857e-06
 1.31021e-06
 1.04730e-06
 8.56848e-07
 7.14304e-07
 6.04756e-07
 5.18704e-07
 4.49853e-07
 3.93890e-07
 3.47779e-07
 3.09332e-07
 2.76935e-07
 2.49380e-07
 2.25747e-07
 2.05325e-07
 1.87556e-07
 1.72000e-07
 1.58303e-07
 1.46180e-07
 1.35399e-07
 1.70471e-06
 1.31803e-06
 1.05103e-06
 8.58454e-07
 7.14771e-07
 6.04606e-07
 5.18226e-07
 4.49209e-07
 3.93174e-07
 3.47044e-07
 3.08608e-07
 2.76239e-07
 2.48721e-07
 2.25129e-07
 2.04748e-07
 1.87020e-07
 1.71502e-07
 1.57841e-07
 1.45753e-07
 1.35003e-07
 1.65053e-06
 1.28254e-06
 1.02653e-06
 8.40837e-07
 7.01682e-07
 5.94619e-07
 5.10432e-07
 4.43011e-07
 3.88163e-07
 3.42937e-07
 3.05199e-07
 2.73378e-07
 2.46298e-07
 2.23058e-07
 2.02964e-07
 1.85472e-07
 1.70151e-07
 1.56655e-07
 1.44705e-07
 1.34073e-07
 1.53639e-06
 1.20894e-06
 9.76636e-07
 8.05652e-07
 6.76055e-07
 5.75443e-07
 4.95754e-07
 4.31553e-07
 3.79067e-07
 3.35607e-07
 2.99214e-07
 2.68435e-07
 2.42172e-07
 2.19582e-07
 2.00010e-07
 1.82943e-07
 1.67970e-07
 1.54762e-07
 1.43052e-07
 1.32623e-07
 1.38125e-06
 1.10717e-06
 9.06926e-07
 7.56194e-07
 6.39924e-07
 5.48387e-07
 4.75058e-07
 4.15427e-07
 3.66297e-07
 3.25349e-07
 2.90869e-07
 2.61569e-07
 2.36463e-07
 2.14792e-07
 1.95958e-07
 1.79487e-07
 1.65003e-07
 1.52198e-07
 1.40823e-07
 1.30674e-07
 1.20609e-06
 9.88994e-07
 8.24310e-07
 6.96693e-07
 5.95973e-07
 5.15204e-07
 4.49523e-07
 3.95445e-07
 3.50426e-07
 3.12574e-07
 2.80463e-07
 2.53001e-07
 2.29340e-07
 2.08817e-07
 1.90905e-07
 1.75183e-07
 1.61310e-07
 1.49010e-07
 1.38056e-07
 1.28258e-07
 1.02911e-06
 8.65457e-07
 7.35673e-07
 6.31560e-07
 5.47099e-07
 4.77845e-07
 4.20490e-07
 3.72547e-07
 3.32125e-07
 2.97770e-07
 2.68357e-07
 2.43002e-07
 2.21007e-07
 2.01813e-07
 1.84974e-07
 1.70125e-07
 1.56968e-07
 1.45261e-07
 1.34799e-07
 1.25415e-07
 8.63219e-07
 7.45272e-07
 6.46885e-07
 5.64781e-07
 4.96043e-07
 4.38221e-07
 3.89313e-07
 3.47706e-07
 3.12103e-07
 2.81461e-07
 2.54942e-07
 2.31869e-07
 2.11690e-07
 1.93957e-07
 1.78302e-07
 1.64421e-07
 1.52063e-07
 1.41018e-07
 1.31110e-07
 1.22191e-07
 7.15776e-07
 6.34253e-07
 5.62296e-07
 4.99546e-07
 4.45133e-07
 3.98032e-07
 3.57241e-07
 3.21848e-07
 2.91052e-07
 2.64168e-07
 2.40616e-07
 2.19906e-07
 2.01627e-07
 1.85434e-07
 1.71036e-07
 1.58190e-07
 1.46688e-07
 1.36357e-07
 1.27049e-07
 1.18636e-07
 5.89515e-07
 5.35495e-07
 4.84665e-07
 4.38113e-07
 3.96145e-07
 3.58656e-07
 3.25335e-07
 2.95787e-07
 2.69600e-07
 2.46378e-07
 2.25757e-07
 2.07411e-07
 1.91052e-07
 1.76429e-07
 1.63324e-07
 1.51549e-07
 1.40940e-07
 1.31358e-07
 1.22680e-07
 1.14802e-07
 4.84087e-07
 4.49990e-07
 4.15376e-07
 3.81855e-07
 3.50299e-07
 3.21115e-07
 2.94428e-07
 2.70195e-07
 2.48284e-07
 2.28520e-07
 2.10708e-07
 1.94657e-07
 1.80184e-07
 1.67119e-07
 1.55309e-07
 1.44615e-07
 1.34914e-07
 1.26097e-07
 1.18069e-07
 1.10744e-07
 3.97466e-07
 3.77339e-07
 3.54780e-07
 3.31418e-07
 3.08305e-07
 2.86086e-07
 2.65122e-07
 2.45587e-07
 2.27537e-07
 2.10950e-07
 1.95763e-07
 1.81887e-07
 1.69223e-07
 1.57669e-07
 1.47126e-07
 1.37500e-07
 1.28702e-07
 1.20653e-07
 1.13279e-07
 1.06514e-07
