scalar
part
         1
quad4
 5.07543e-07
 4.71567e-07
 4.35048e-07
 3.99645e-07
 3.66293e-07
 3.35440e-07
 3.07231e-07
 2.81629e-07
 2.58498e-07
 2.37651e-07
 2.18883e-07
 2.01988e-07
 1.86771e-07
 1.73049e-07
 1.60658e-07
 1.49451e-07
 1.39295e-07
 1.30074e-07
 1.21686e-07
 1.14041e-07
 6.06549e-07
 5.52406e-07
 5.00772e-07
 4.53053e-07
 4.09776e-07
 3.70968e-07
 3.36389e-07
 3.05683e-07
 2.78447e-07
 2.54288e-07
 2.32835e-07
 2.13752e-07
 1.96742e-07
 1.81544e-07
 1.67931e-07
 1.55707e-07
 1.44701e-07
 1.34767e-07
 1.25775e-07
 1.17618e-07
 7.24682e-07
 6.45475e-07
 5.74150e-07
 5.11131e-07
 4.56007e-07
 4.08015e-07
 3.66293e-07
 3.29997e-07
 2.98362e-07
 2.70715e-07
 2.46478e-07
 2.25158e-07
 2.06337e-07
 1.89665e-07
 1.74843e-07
 1.61621e-07
 1.49787e-07
 1.39161e-07
 1.29590e-07
 1.20944e-07
 8.62739e-07
 7.50061e-07
 6.53957e-07
 5.72595e-07
 5.03825e-07
 4.45601e-07
 3.96135e-07
 3.53922e-07
 3.17721e-07
 2.86518e-07
 2.59483e-07
 2.35943e-07
 2.15347e-07
 1.97241e-07
 1.81255e-07
 1.67080e-07
 1.54461e-07
 1.43183e-07
 1.33069e-07
 1.23966e-07
 1.01885e-06
 8.63500e-07
 7.37655e-07
 6.35314e-07
 5.51530e-07
 4.82402e-07
 4.24897e-07
 3.76676e-07
 3.35924e-07
 3.01230e-07
 2.71488e-07
 2.45825e-07
 2.23548e-07
 2.04098e-07
 1.87029e-07
 1.71973e-07
 1.58633e-07
 1.46761e-07
 1.36152e-07
 1.26637e-07
 1.18674e-06
 9.80442e-07
 8.21127e-07
 6.96236e-07
 5.96892e-07
 5.16786e-07
 4.51383e-07
 3.97374e-07
 3.52311e-07
 3.14357e-07
 2.82117e-07
 2.54517e-07
 2.30718e-07
 2.10063e-07
 1.92028e-07
 1.76193e-07
 1.62217e-07
 1.49824e-07
 1.38785e-07
 1.28911e-07
 1.35424e-06
 1.09251e-06
 8.98706e-07
 7.51518e-07
 6.37275e-07
 5.46926e-07
 4.74303e-07
 4.15094e-07
 3.66212e-07
 3.25407e-07
 2.91005e-07
 2.61741e-07
 2.36647e-07
 2.14973e-07
 1.96126e-07
 1.79639e-07
 1.65135e-07
 1.52310e-07
 1.40915e-07
 1.30747e-07
 1.50340e-06
 1.18888e-06
 9.63706e-07
 7.96914e-07
 6.69911e-07
 5.70969e-07
 4.92391e-07
 4.28952e-07
 3.77001e-07
 3.33926e-07
 2.97817e-07
 2.67250e-07
 2.41149e-07
 2.18685e-07
 1.99213e-07
 1.82226e-07
 1.67319e-07
 1.54165e-07
 1.42501e-07
 1.32111e-07
 1.61343e-06
 1.25811e-06
 1.00949e-06
 8.28399e-07
 6.92266e-07
 5.87270e-07
 5.04549e-07
 4.38198e-07
 3.84152e-07
 3.39540e-07
 3.02282e-07
 2.70845e-07
 2.44073e-07
 2.21086e-07
 2.01203e-07
 1.83888e-07
 1.68717e-07
 1.55349e-07
 1.43510e-07
 1.32975e-07
 1.66643e-06
 1.29087e-06
 1.03084e-06
 8.42909e-07
 7.02458e-07
 5.94628e-07
 5.09987e-07
 4.42297e-07
 3.87296e-07
 3.41988e-07
 3.04214e-07
 2.72388e-07
 2.45318e-07
 2.22101e-07
 2.02038e-07
 1.84579e-07
 1.69294e-07
 1.55834e-07
 1.43920e-07
 1.33324e-07
 1.65334e-06
 1.28254e-06
 1.02523e-06
 8.38966e-07
 6.99587e-07
 5.92477e-07
 5.08335e-07
 4.41002e-07
 3.86263e-07
 3.41152e-07
 3.03528e-07
 2.71817e-07
 2.44839e-07
 2.21696e-07
 2.01691e-07
 1.84281e-07
 1.69035e-07
 1.55608e-07
 1.43722e-07
 1.33149e-07
 1.57694e-06
 1.23447e-06
 9.93390e-07
 8.16987e-07
 6.83905e-07
 5.80974e-07
 4.99696e-07
 4.34383e-07
 3.81102e-07
 3.37064e-07
 3.00247e-07
 2.69151e-07
 2.42650e-07
 2.19879e-07
 2.00170e-07
 1.82998e-07
 1.67944e-07
 1.54674e-07
 1.42918e-07
 1.32452e-07
 1.45044e-06
 1.15350e-06
 9.39076e-07
 7.79172e-07
 6.56754e-07
 5.60969e-07
 4.84629e-07
 4.22815e-07
 3.72071e-07
 3.29910e-07
 2.94503e-07
 2.64487e-07
 2.38821e-07
 2.16706e-07
 1.97518e-07
 1.80763e-07
 1.66047e-07
 1.53054e-07
 1.41524e-07
 1.31247e-07
 1.29291e-06
 1.04987e-06
 8.68151e-07
 7.29025e-07
 6.20318e-07
 5.33872e-07
 4.64066e-07
 4.06934e-07
 3.59613e-07
 3.20002e-07
 2.86525e-07
 2.57990e-07
 2.33478e-07
 2.12271e-07
 1.93806e-07
 1.77632e-07
 1.63388e-07
 1.50780e-07
 1.39569e-07
 1.29556e-07
 1.12378e-06
 9.34733e-07
 7.87283e-07
 6.70687e-07
 5.77250e-07
 5.01429e-07
 4.39189e-07
 3.87556e-07
 3.44305e-07
 3.07754e-07
 2.76614e-07
 2.49886e-07
 2.26789e-07
 2.06702e-07
 1.89133e-07
 1.73682e-07
 1.60026e-07
 1.47902e-07
 1.37089e-07
 1.27409e-07
 9.58682e-07
 8.17910e-07
 7.02747e-07
 6.08252e-07
 5.30279e-07
 4.65498e-07
 4.11287e-07
 3.65591e-07
 3.26798e-07
 2.93643e-07
 2.65122e-07
 2.40438e-07
 2.18954e-07
 2.00153e-07
 1.83617e-07
 1.69005e-07
 1.56036e-07
 1.44476e-07
 1.34133e-07
 1.24845e-07
 8.07624e-07
 7.06628e-07
 6.19612e-07
 5.45259e-07
 4.81888e-07
 4.27839e-07
 3.81620e-07
 3.41953e-07
 3.07766e-07
 2.78167e-07
 2.52424e-07
 2.29931e-07
 2.10191e-07
 1.92792e-07
 1.77392e-07
 1.63707e-07
 1.51500e-07
 1.40571e-07
 1.30754e-07
 1.21906e-07
 6.75409e-07
 6.05280e-07
 5.41412e-07
 4.84414e-07
 4.34110e-07
 3.89967e-07
 3.51321e-07
 3.17493e-07
 2.87847e-07
 2.61813e-07
 2.38892e-07
 2.18653e-07
 2.00726e-07
 1.84796e-07
 1.70596e-07
 1.57897e-07
 1.46507e-07
 1.36258e-07
 1.27011e-07
 1.18642e-07
 5.63058e-07
 5.15861e-07
 4.70215e-07
 4.27537e-07
 3.88443e-07
 3.53079e-07
 3.21329e-07
 2.92943e-07
 2.67616e-07
 2.45031e-07
 2.24880e-07
 2.06881e-07
 1.90776e-07
 1.76339e-07
 1.63369e-07
 1.51690e-07
 1.41149e-07
 1.31612e-07
 1.22963e-07
 1.15102e-07
 4.69367e-07
 4.38677e-07
 4.06909e-07
 3.75658e-07
 3.45868e-07
 3.18034e-07
 2.92367e-07
 2.68898e-07
 2.47555e-07
 2.28208e-07
 2.10700e-07
 1.94868e-07
 1.80548e-07
 1.67589e-07
 1.55847e-07
 1.45195e-07
 1.35516e-07
 1.26707e-07
 1.18674e-07
 1.11338e-07
