scalar
part
         1
quad4
 4.80667e-07
 4.48664e-07
 4.15708e-07
 3.83405e-07
 3.52693e-07
 3.24060e-07
 2.97701e-07
 2.73636e-07
 2.51777e-07
 2.31984e-07
 2.14091e-07
 1.97923e-07
 1.83311e-07
 1.70095e-07
 1.58129e-07
 1.47279e-07
 1.37425e-07
 1.28460e-07
 1.20290e-07
 1.12830e-07
 5.75958e-07
 5.27044e-07
 4.79901e-07
 4.35937e-07
 3.95749e-07
 3.59458e-07
 3.26922e-07
 2.97869e-07
 2.71975e-07
 2.48906e-07
 2.28341e-07
 2.09985e-07
 1.93572e-07
 1.78868e-07
 1.65664e-07
 1.53781e-07
 1.43060e-07
 1.33364e-07
 1.24575e-07
 1.16588e-07
 6.90096e-07
 6.17736e-07
 5.51999e-07
 4.93450e-07
 4.41863e-07
 3.96660e-07
 3.57133e-07
 3.22571e-07
 2.92310e-07
 2.65759e-07
 2.42399e-07
 2.21785e-07
 2.03537e-07
 1.87330e-07
 1.72890e-07
 1.59983e-07
 1.48409e-07
 1.38000e-07
 1.28610e-07
 1.20115e-07
 8.24235e-07
 7.20374e-07
 6.31061e-07
 5.54869e-07
 4.90023e-07
 4.34782e-07
 3.87595e-07
 3.47135e-07
 3.12291e-07
 2.82146e-07
 2.55945e-07
 2.33065e-07
 2.12996e-07
 1.95314e-07
 1.79670e-07
 1.65774e-07
 1.53382e-07
 1.42293e-07
 1.32333e-07
 1.23360e-07
 9.77232e-07
 8.32861e-07
 7.14942e-07
 6.18321e-07
 5.38691e-07
 4.72604e-07
 4.17351e-07
 3.70814e-07
 3.31336e-07
 2.97615e-07
 2.68624e-07
 2.43546e-07
 2.21728e-07
 2.02643e-07
 1.85863e-07
 1.71040e-07
 1.57887e-07
 1.46167e-07
 1.35684e-07
 1.26270e-07
 1.14407e-06
 9.50653e-07
 8.00008e-07
 6.81034e-07
 5.85793e-07
 5.08581e-07
 4.45250e-07
 3.92748e-07
 3.48796e-07
 3.11673e-07
 2.80060e-07
 2.52938e-07
 2.29508e-07
 2.09140e-07
 1.91329e-07
 1.75670e-07
 1.61834e-07
 1.49552e-07
 1.38602e-07
 1.28800e-07
 1.31442e-06
 1.06633e-06
 8.81078e-07
 7.39403e-07
 6.28807e-07
 5.40930e-07
 4.70017e-07
 4.12013e-07
 3.63995e-07
 3.23817e-07
 2.89875e-07
 2.60954e-07
 2.36117e-07
 2.14635e-07
 1.95935e-07
 1.79560e-07
 1.65141e-07
 1.52381e-07
 1.41036e-07
 1.30905e-07
 1.47226e-06
 1.16987e-06
 9.51774e-07
 7.89279e-07
 6.64976e-07
 5.67780e-07
 4.90357e-07
 4.27696e-07
 3.76278e-07
 3.33571e-07
 2.97718e-07
 2.67330e-07
 2.41354e-07
 2.18976e-07
 1.99564e-07
 1.82616e-07
 1.67733e-07
 1.54594e-07
 1.42937e-07
 1.32547e-07
 1.59784e-06
 1.25001e-06
 1.00537e-06
 8.26503e-07
 6.91639e-07
 5.87380e-07
 5.05089e-07
 4.38983e-07
 3.85071e-07
 3.40524e-07
 3.03288e-07
 2.71846e-07
 2.45053e-07
 2.22036e-07
 2.02117e-07
 1.84763e-07
 1.69553e-07
 1.56146e-07
 1.44269e-07
 1.33697e-07
 1.67199e-06
 1.29646e-06
 1.03603e-06
 8.47586e-07
 7.06629e-07
 5.98338e-07
 5.13290e-07
 4.45246e-07
 3.89939e-07
 3.44366e-07
 3.06363e-07
 2.74336e-07
 2.47093e-07
 2.23723e-07
 2.03524e-07
 1.85947e-07
 1.70556e-07
 1.57002e-07
 1.45004e-07
 1.34332e-07
 1.68178e-06
 1.30259e-06
 1.04009e-06
 8.50395e-07
 7.08645e-07
 5.99830e-07
 5.14422e-07
 4.46123e-07
 3.90632e-07
 3.44922e-07
 3.06815e-07
 2.74709e-07
 2.47403e-07
 2.23984e-07
 2.03746e-07
 1.86137e-07
 1.70720e-07
 1.57144e-07
 1.45128e-07
 1.34441e-07
 1.62502e-06
 1.26732e-06
 1.01698e-06
 8.34610e-07
 6.97498e-07
 5.91738e-07
 5.08408e-07
 4.41564e-07
 3.87115e-07
 3.42167e-07
 3.04628e-07
 2.72951e-07
 2.45976e-07
 2.22813e-07
 2.02777e-07
 1.85329e-07
 1.70041e-07
 1.56570e-07
 1.44639e-07
 1.34023e-07
 1.51136e-06
 1.19559e-06
 9.69416e-07
 8.01815e-07
 6.74154e-07
 5.74673e-07
 4.95649e-07
 4.31837e-07
 3.79573e-07
 3.36231e-07
 2.99894e-07
 2.69132e-07
 2.42860e-07
 2.20248e-07
 2.00646e-07
 1.83545e-07
 1.68536e-07
 1.55292e-07
 1.43547e-07
 1.33084e-07
 1.35908e-06
 1.09698e-06
 9.02760e-07
 7.55170e-07
 6.40557e-07
 5.49877e-07
 4.76962e-07
 4.17495e-07
 3.68389e-07
 3.27386e-07
 2.92809e-07
 2.63392e-07
 2.38163e-07
 2.16368e-07
 1.97414e-07
 1.80831e-07
 1.66242e-07
 1.53339e-07
 1.41876e-07
 1.31645e-07
 1.18915e-06
 9.83045e-07
 8.23743e-07
 6.98766e-07
 5.99289e-07
 5.19030e-07
 4.53470e-07
 3.99308e-07
 3.54101e-07
 3.16014e-07
 2.83651e-07
 2.55938e-07
 2.32038e-07
 2.11290e-07
 1.93170e-07
 1.77258e-07
 1.63212e-07
 1.50755e-07
 1.39658e-07
 1.29732e-07
 1.01948e-06
 8.64648e-07
 7.39090e-07
 6.36886e-07
 5.53148e-07
 4.84007e-07
 4.26458e-07
 3.78173e-07
 3.37349e-07
 3.02578e-07
 2.72760e-07
 2.47023e-07
 2.24675e-07
 2.05159e-07
 1.88026e-07
 1.72912e-07
 1.59517e-07
 1.47594e-07
 1.36939e-07
 1.27380e-07
 8.62136e-07
 7.50128e-07
 6.54464e-07
 5.73382e-07
 5.04781e-07
 4.46650e-07
 3.97227e-07
 3.55023e-07
 3.18809e-07
 2.87578e-07
 2.60508e-07
 2.36928e-07
 2.16289e-07
 1.98141e-07
 1.82112e-07
 1.67895e-07
 1.55236e-07
 1.43920e-07
 1.33769e-07
 1.24632e-07
 7.23272e-07
 6.44774e-07
 5.73958e-07
 5.11297e-07
 4.56420e-07
 4.08593e-07
 3.66977e-07
 3.30745e-07
 2.99145e-07
 2.71512e-07
 2.47274e-07
 2.25943e-07
 2.07105e-07
 1.90411e-07
 1.75564e-07
 1.62317e-07
 1.50456e-07
 1.39803e-07
 1.30206e-07
 1.21534e-07
 6.04640e-07
 5.51184e-07
 5.00073e-07
 4.52745e-07
 4.09757e-07
 3.71157e-07
 3.36729e-07
 3.06126e-07
 2.78962e-07
 2.54849e-07
 2.33423e-07
 2.14354e-07
 1.97348e-07
 1.82147e-07
 1.68526e-07
 1.56289e-07
 1.45269e-07
 1.35318e-07
 1.26310e-07
 1.18135e-07
 5.05351e-07
 4.70008e-07
 4.33992e-07
 3.98984e-07
 3.65937e-07
 3.35317e-07
 3.07284e-07
 2.81814e-07
 2.58780e-07
 2.38003e-07
 2.19284e-07
 2.02423e-07
 1.87228e-07
 1.73518e-07
 1.61133e-07
 1.49926e-07
 1.39766e-07
 1.30539e-07
 1.22143e-07
 1.14487e-07
