scalar
part
         1
quad4
 5.73935e-07
 5.28729e-07
 4.84099e-07
 4.41701e-07
 4.02386e-07
 3.66485e-07
 3.34018e-07
 3.04828e-07
 2.78672e-07
 2.55269e-07
 2.34335e-07
 2.15598e-07
 1.98809e-07
 1.83741e-07
 1.70192e-07
 1.57984e-07
 1.46961e-07
 1.36985e-07
 1.27937e-07
 1.19712e-07
 6.80475e-07
 6.14688e-07
 5.53181e-07
 4.97214e-07
 4.47103e-07
 4.02650e-07
 3.63413e-07
 3.28854e-07
 2.98424e-07
 2.71603e-07
 2.47922e-07
 2.26966e-07
 2.08373e-07
 1.91831e-07
 1.77070e-07
 1.63860e-07
 1.52005e-07
 1.41334e-07
 1.31703e-07
 1.22986e-07
 8.06395e-07
 7.12608e-07
 6.29414e-07
 5.56824e-07
 4.94008e-07
 4.39829e-07
 3.93113e-07
 3.52766e-07
 3.17825e-07
 2.87464e-07
 2.60982e-07
 2.37795e-07
 2.17410e-07
 1.99419e-07
 1.83479e-07
 1.69304e-07
 1.56652e-07
 1.45321e-07
 1.35139e-07
 1.25961e-07
 9.51840e-07
 8.21196e-07
 7.11119e-07
 6.18917e-07
 5.41710e-07
 4.76881e-07
 4.22202e-07
 3.75841e-07
 3.36308e-07
 3.02405e-07
 2.73165e-07
 2.47807e-07
 2.25701e-07
 2.06332e-07
 1.89281e-07
 1.74203e-07
 1.60813e-07
 1.48874e-07
 1.38188e-07
 1.28589e-07
 1.11379e-06
 9.36922e-07
 7.95162e-07
 6.80964e-07
 5.88253e-07
 5.12320e-07
 4.49562e-07
 3.97234e-07
 3.53233e-07
 3.15940e-07
 2.84095e-07
 2.56715e-07
 2.33021e-07
 2.12394e-07
 1.94338e-07
 1.78449e-07
 1.64399e-07
 1.51920e-07
 1.40790e-07
 1.30823e-07
 1.28415e-06
 1.05329e-06
 8.76732e-07
 7.39508e-07
 6.31171e-07
 5.44382e-07
 4.73922e-07
 4.16023e-07
 3.67923e-07
 3.27564e-07
 2.93397e-07
 2.64232e-07
 2.39152e-07
 2.17437e-07
 1.98516e-07
 1.81936e-07
 1.67329e-07
 1.54396e-07
 1.42894e-07
 1.32620e-07
 1.44838e-06
 1.16064e-06
 9.49498e-07
 7.90370e-07
 6.67665e-07
 5.71163e-07
 4.93963e-07
 4.31278e-07
 3.79711e-07
 3.36797e-07
 3.00714e-07
 2.70095e-07
 2.43895e-07
 2.21307e-07
 2.01700e-07
 1.84574e-07
 1.69530e-07
 1.56243e-07
 1.44453e-07
 1.33943e-07
 1.58606e-06
 1.24712e-06
 1.00636e-06
 8.29157e-07
 6.94937e-07
 5.90831e-07
 5.08454e-07
 4.42156e-07
 3.88008e-07
 3.43216e-07
 3.05742e-07
 2.74077e-07
 2.47081e-07
 2.23878e-07
 2.03792e-07
 1.86289e-07
 1.70944e-07
 1.57417e-07
 1.45433e-07
 1.34765e-07
 1.67516e-06
 1.30106e-06
 1.04077e-06
 8.52015e-07
 7.10619e-07
 6.01877e-07
 5.16409e-07
 4.47990e-07
 3.92356e-07
 3.46499e-07
 3.08251e-07
 2.76013e-07
 2.48587e-07
 2.25059e-07
 2.04724e-07
 1.87027e-07
 1.71531e-07
 1.57886e-07
 1.45807e-07
 1.35064e-07
 1.69924e-06
 1.31428e-06
 1.04832e-06
 8.56421e-07
 7.13200e-07
 6.03362e-07
 5.17220e-07
 4.48381e-07
 3.92482e-07
 3.46459e-07
 3.08107e-07
 2.75807e-07
 2.48344e-07
 2.24798e-07
 2.04455e-07
 1.86759e-07
 1.71269e-07
 1.57632e-07
 1.45563e-07
 1.34831e-07
 1.65385e-06
 1.28461e-06
 1.02788e-06
 8.41750e-07
 7.02316e-07
 5.95068e-07
 5.10755e-07
 4.43245e-07
 3.88335e-07
 3.43062e-07
 3.05290e-07
 2.73444e-07
 2.46344e-07
 2.23089e-07
 2.02984e-07
 1.85484e-07
 1.70156e-07
 1.56655e-07
 1.44701e-07
 1.34066e-07
 1.54774e-06
 1.21645e-06
 9.81842e-07
 8.09392e-07
 6.78822e-07
 5.77540e-07
 4.97376e-07
 4.32830e-07
 3.80087e-07
 3.36432e-07
 2.99890e-07
 2.68994e-07
 2.42637e-07
 2.19973e-07
 2.00342e-07
 1.83225e-07
 1.68212e-07
 1.54970e-07
 1.43233e-07
 1.32779e-07
 1.39863e-06
 1.11908e-06
 9.15398e-07
 7.62409e-07
 6.44604e-07
 5.51989e-07
 4.77883e-07
 4.17680e-07
 3.68119e-07
 3.26841e-07
 2.92104e-07
 2.62601e-07
 2.37334e-07
 2.15532e-07
 1.96591e-07
 1.80033e-07
 1.65476e-07
 1.52610e-07
 1.41184e-07
 1.30991e-07
 1.22712e-06
 1.00394e-06
 8.35232e-07
 7.04878e-07
 6.02240e-07
 5.20095e-07
 4.53404e-07
 3.98570e-07
 3.52975e-07
 3.14678e-07
 2.82217e-07
 2.54477e-07
 2.30592e-07
 2.09887e-07
 1.91826e-07
 1.75981e-07
 1.62006e-07
 1.49619e-07
 1.38592e-07
 1.28732e-07
 1.05164e-06
 8.82088e-07
 7.48187e-07
 6.41151e-07
 5.54576e-07
 4.83765e-07
 4.25245e-07
 3.76414e-07
 3.35306e-07
 3.00415e-07
 2.70577e-07
 2.44881e-07
 2.22609e-07
 2.03190e-07
 1.86164e-07
 1.71160e-07
 1.57874e-07
 1.46056e-07
 1.35502e-07
 1.26039e-07
 8.85713e-07
 7.62491e-07
 6.60221e-07
 5.75242e-07
 5.04352e-07
 4.44901e-07
 3.94747e-07
 3.52173e-07
 3.15811e-07
 2.84568e-07
 2.57567e-07
 2.34103e-07
 2.13606e-07
 1.95610e-07
 1.79738e-07
 1.65675e-07
 1.53163e-07
 1.41988e-07
 1.31969e-07
 1.22955e-07
 7.37279e-07
 6.51271e-07
 5.75844e-07
 5.10416e-07
 4.53930e-07
 4.05217e-07
 3.63162e-07
 3.26769e-07
 2.95176e-07
 2.67652e-07
 2.43580e-07
 2.22445e-07
 2.03816e-07
 1.87332e-07
 1.72691e-07
 1.59640e-07
 1.47966e-07
 1.37488e-07
 1.28053e-07
 1.19531e-07
 6.09531e-07
 5.51811e-07
 4.97987e-07
 4.49033e-07
 4.05146e-07
 3.66122e-07
 3.31568e-07
 3.01026e-07
 2.74034e-07
 2.50155e-07
 2.28994e-07
 2.10201e-07
 1.93471e-07
 1.78537e-07
 1.65170e-07
 1.53173e-07
 1.42376e-07
 1.32633e-07
 1.23816e-07
 1.15818e-07
 5.02422e-07
 4.65324e-07
 4.28184e-07
 3.92564e-07
 3.59279e-07
 3.28675e-07
 3.00822e-07
 2.75630e-07
 2.52929e-07
 2.32509e-07
 2.14153e-07
 1.97647e-07
 1.82791e-07
 1.69403e-07
 1.57319e-07
 1.46391e-07
 1.36489e-07
 1.27501e-07
 1.19323e-07
 1.11869e-07
 4.14107e-07
 3.91568e-07
 3.66906e-07
 3.41741e-07
 3.17101e-07
 2.93596e-07
 2.71553e-07
 2.51114e-07
 2.32306e-07
 2.15081e-07
 1.99357e-07
 1.85026e-07
 1.71977e-07
 1.60094e-07
 1.49270e-07
 1.39403e-07
 1.30397e-07
 1.22168e-07
 1.14637e-07
 1.07736e-07
