scalar
part
         1
quad4
 4.22303e-07
 3.99465e-07
 3.74292e-07
 3.48521e-07
 3.23254e-07
 2.99143e-07
 2.76537e-07
 2.55588e-07
 2.36324e-07
 2.18697e-07
 2.02617e-07
 1.87975e-07
 1.74651e-07
 1.62527e-07
 1.51490e-07
 1.41435e-07
 1.32263e-07
 1.23886e-07
 1.16224e-07
 1.09206e-07
 5.13339e-07
 4.75422e-07
 4.37310e-07
 4.00703e-07
 3.66487e-07
 3.35041e-07
 3.06444e-07
 2.80604e-07
 2.57341e-07
 2.36437e-07
 2.17663e-07
 2.00797e-07
 1.85629e-07
 1.71971e-07
 1.59650e-07
 1.48516e-07
 1.38434e-07
 1.29286e-07
 1.20967e-07
 1.13387e-07
 6.23939e-07
 5.64573e-07
 5.09115e-07
 4.58667e-07
 4.13471e-07
 3.73326e-07
 3.37824e-07
 3.06484e-07
 2.78819e-07
 2.54374e-07
 2.32734e-07
 2.13534e-07
 1.96457e-07
 1.81225e-07
 1.67601e-07
 1.55381e-07
 1.44390e-07
 1.34476e-07
 1.25510e-07
 1.17379e-07
 7.56016e-07
 6.67125e-07
 5.89166e-07
 5.21611e-07
 4.63373e-07
 4.13231e-07
 3.70012e-07
 3.32668e-07
 3.00295e-07
 2.72126e-07
 2.47518e-07
 2.25934e-07
 2.06926e-07
 1.90120e-07
 1.75204e-07
 1.61916e-07
 1.50037e-07
 1.39379e-07
 1.29788e-07
 1.21128e-07
 9.09513e-07
 7.81698e-07
 6.75774e-07
 5.87939e-07
 5.14823e-07
 4.53631e-07
 4.02105e-07
 3.58439e-07
 3.21201e-07
 2.89245e-07
 2.61661e-07
 2.37713e-07
 2.16812e-07
 1.98476e-07
 1.82313e-07
 1.68002e-07
 1.55277e-07
 1.43916e-07
 1.33735e-07
 1.24579e-07
 1.08080e-06
 9.04547e-07
 7.65749e-07
 6.55117e-07
 5.65868e-07
 4.93040e-07
 4.32974e-07
 3.82940e-07
 3.40882e-07
 3.05229e-07
 2.74773e-07
 2.48570e-07
 2.25877e-07
 2.06104e-07
 1.88780e-07
 1.73520e-07
 1.60015e-07
 1.48008e-07
 1.37288e-07
 1.27680e-07
 1.26101e-06
 1.02896e-06
 8.54222e-07
 7.19664e-07
 6.14018e-07
 5.29667e-07
 4.61320e-07
 4.05217e-07
 3.58632e-07
 3.19548e-07
 2.86454e-07
 2.58196e-07
 2.33884e-07
 2.12821e-07
 1.94458e-07
 1.78355e-07
 1.64159e-07
 1.51581e-07
 1.40387e-07
 1.30382e-07
 1.43520e-06
 1.14523e-06
 9.34847e-07
 7.77361e-07
 6.56420e-07
 5.61546e-07
 4.85765e-07
 4.24289e-07
 3.73740e-07
 3.31681e-07
 2.96316e-07
 2.66300e-07
 2.40609e-07
 2.18453e-07
 1.99213e-07
 1.82400e-07
 1.67624e-07
 1.54569e-07
 1.42977e-07
 1.32640e-07
 1.58343e-06
 1.24165e-06
 1.00049e-06
 8.23721e-07
 6.90165e-07
 5.86741e-07
 5.04989e-07
 4.39236e-07
 3.85553e-07
 3.41153e-07
 3.04009e-07
 2.72621e-07
 2.45857e-07
 2.22851e-07
 2.02929e-07
 1.85565e-07
 1.70338e-07
 1.56912e-07
 1.45013e-07
 1.34417e-07
 1.68440e-06
 1.30657e-06
 1.04443e-06
 8.54672e-07
 7.12692e-07
 6.03587e-07
 5.17878e-07
 4.49292e-07
 3.93534e-07
 3.47581e-07
 3.09255e-07
 2.76953e-07
 2.49471e-07
 2.25894e-07
 2.05514e-07
 1.87778e-07
 1.72246e-07
 1.58567e-07
 1.46457e-07
 1.35685e-07
 1.72123e-06
 1.33122e-06
 1.06175e-06
 8.67325e-07
 7.22218e-07
 6.10940e-07
 5.23673e-07
 4.53941e-07
 3.97321e-07
 3.50707e-07
 3.11866e-07
 2.79155e-07
 2.51346e-07
 2.27504e-07
 2.06907e-07
 1.88990e-07
 1.73308e-07
 1.59502e-07
 1.47285e-07
 1.36422e-07
 1.68749e-06
 1.31229e-06
 1.05064e-06
 8.60591e-07
 7.18063e-07
 6.08357e-07
 5.22078e-07
 4.52977e-07
 3.96768e-07
 3.50424e-07
 3.11762e-07
 2.79169e-07
 2.51437e-07
 2.27645e-07
 2.07078e-07
 1.89180e-07
 1.73507e-07
 1.59705e-07
 1.47487e-07
 1.36619e-07
 1.59016e-06
 1.25315e-06
 1.01282e-06
 8.35433e-07
 7.00783e-07
 5.96173e-07
 5.13296e-07
 4.46529e-07
 3.91958e-07
 3.46787e-07
 3.08979e-07
 2.77018e-07
 2.49761e-07
 2.26328e-07
 2.06037e-07
 1.88353e-07
 1.72847e-07
 1.59176e-07
 1.47062e-07
 1.36278e-07
 1.44706e-06
 1.16277e-06
 9.53178e-07
 7.94646e-07
 6.72056e-07
 5.75433e-07
 4.98002e-07
 4.35044e-07
 3.83194e-07
 3.40006e-07
 3.03666e-07
 2.72810e-07
 2.46393e-07
 2.23610e-07
 2.03826e-07
 1.86540e-07
 1.71351e-07
 1.57935e-07
 1.46026e-07
 1.35410e-07
 1.28022e-06
 1.05302e-06
 8.78441e-07
 7.42232e-07
 6.34357e-07
 5.47718e-07
 4.77236e-07
 4.19222e-07
 3.70959e-07
 3.30419e-07
 2.96065e-07
 2.66719e-07
 2.41466e-07
 2.19588e-07
 2.00518e-07
 1.83799e-07
 1.69065e-07
 1.56015e-07
 1.44406e-07
 1.34035e-07
 1.10921e-06
 9.35500e-07
 7.95671e-07
 6.82605e-07
 5.90521e-07
 5.14898e-07
 4.52259e-07
 3.99932e-07
 3.55863e-07
 3.18464e-07
 2.86494e-07
 2.58980e-07
 2.35152e-07
 2.14395e-07
 1.96213e-07
 1.80206e-07
 1.66047e-07
 1.53465e-07
 1.42240e-07
 1.32184e-07
 9.47703e-07
 8.19469e-07
 7.11026e-07
 6.19883e-07
 5.43331e-07
 4.78882e-07
 4.24400e-07
 3.78115e-07
 3.38583e-07
 3.04632e-07
 2.75315e-07
 2.49864e-07
 2.27658e-07
 2.08186e-07
 1.91033e-07
 1.75856e-07
 1.62372e-07
 1.50343e-07
 1.39572e-07
 1.29895e-07
 8.03129e-07
 7.11048e-07
 6.29122e-07
 5.57425e-07
 4.95210e-07
 4.41414e-07
 3.94924e-07
 3.54695e-07
 3.19798e-07
 2.89430e-07
 2.62909e-07
 2.39661e-07
 2.19204e-07
 2.01134e-07
 1.85112e-07
 1.70855e-07
 1.58123e-07
 1.46715e-07
 1.36459e-07
 1.27211e-07
 6.78142e-07
 6.13501e-07
 5.52921e-07
 4.97658e-07
 4.48053e-07
 4.03949e-07
 3.64938e-07
 3.30512e-07
 3.00149e-07
 2.73348e-07
 2.49653e-07
 2.28661e-07
 2.10018e-07
 1.93415e-07
 1.78590e-07
 1.65313e-07
 1.53391e-07
 1.42653e-07
 1.32958e-07
 1.24179e-07
 5.72429e-07
 5.27964e-07
 4.83983e-07
 4.42113e-07
 4.03203e-07
 3.67598e-07
 3.35335e-07
 3.06277e-07
 2.80196e-07
 2.56827e-07
 2.35897e-07
 2.17142e-07
 2.00319e-07
 1.85207e-07
 1.71607e-07
 1.59345e-07
 1.48266e-07
 1.38233e-07
 1.29130e-07
 1.20850e-07
