scalar
part
         1
quad4
 5.41182e-07
 4.99186e-07
 4.57592e-07
 4.17976e-07
 3.81159e-07
 3.47476e-07
 3.16962e-07
 2.89487e-07
 2.64833e-07
 2.42747e-07
 2.22970e-07
 2.05251e-07
 1.89360e-07
 1.75086e-07
 1.62241e-07
 1.50660e-07
 1.40196e-07
 1.30720e-07
 1.22122e-07
 1.14302e-07
 6.41425e-07
 5.80217e-07
 5.22836e-07
 4.70498e-07
 4.23539e-07
 3.81805e-07
 3.44906e-07
 3.12358e-07
 2.83659e-07
 2.58335e-07
 2.35950e-07
 2.16122e-07
 1.98514e-07
 1.82835e-07
 1.68835e-07
 1.56297e-07
 1.45038e-07
 1.34899e-07
 1.25742e-07
 1.17451e-07
 7.59836e-07
 6.72504e-07
 5.94839e-07
 5.26917e-07
 4.68018e-07
 4.17124e-07
 3.73165e-07
 3.35143e-07
 3.02172e-07
 2.73487e-07
 2.48442e-07
 2.26490e-07
 2.07175e-07
 1.90115e-07
 1.74989e-07
 1.61528e-07
 1.49508e-07
 1.38736e-07
 1.29052e-07
 1.20319e-07
 8.96547e-07
 7.74846e-07
 6.72041e-07
 5.85726e-07
 5.13295e-07
 4.52360e-07
 4.00878e-07
 3.57161e-07
 3.19834e-07
 2.87784e-07
 2.60113e-07
 2.36093e-07
 2.15135e-07
 1.96758e-07
 1.80570e-07
 1.66245e-07
 1.53517e-07
 1.42162e-07
 1.31994e-07
 1.22857e-07
 1.04875e-06
 8.83964e-07
 7.51524e-07
 6.44566e-07
 5.57539e-07
 4.86120e-07
 4.26992e-07
 3.77616e-07
 3.36041e-07
 3.00763e-07
 2.70608e-07
 2.44656e-07
 2.22180e-07
 2.02599e-07
 1.85446e-07
 1.70343e-07
 1.56981e-07
 1.45108e-07
 1.34512e-07
 1.25020e-07
 1.20894e-06
 9.93826e-07
 8.28805e-07
 7.00203e-07
 5.98435e-07
 5.16744e-07
 4.50307e-07
 3.95632e-07
 3.50151e-07
 3.11946e-07
 2.79568e-07
 2.51907e-07
 2.28101e-07
 2.07474e-07
 1.89491e-07
 1.73722e-07
 1.59823e-07
 1.47511e-07
 1.36557e-07
 1.26768e-07
 1.36368e-06
 1.09546e-06
 8.97978e-07
 7.48721e-07
 6.33351e-07
 5.42434e-07
 4.69576e-07
 4.10330e-07
 3.61530e-07
 3.20873e-07
 2.86655e-07
 2.57594e-07
 2.32708e-07
 2.11239e-07
 1.92592e-07
 1.76296e-07
 1.61973e-07
 1.49318e-07
 1.38084e-07
 1.28066e-07
 1.49408e-06
 1.17784e-06
 9.52394e-07
 7.85989e-07
 6.59644e-07
 5.61452e-07
 4.83627e-07
 4.20903e-07
 3.69613e-07
 3.27140e-07
 2.91575e-07
 2.61499e-07
 2.35838e-07
 2.13771e-07
 1.94656e-07
 1.77991e-07
 1.63374e-07
 1.50484e-07
 1.39059e-07
 1.28885e-07
 1.57968e-06
 1.23003e-06
 9.85886e-07
 8.08351e-07
 6.75058e-07
 5.72357e-07
 4.91512e-07
 4.26710e-07
 3.73959e-07
 3.30436e-07
 2.94105e-07
 2.63460e-07
 2.37372e-07
 2.14980e-07
 1.95616e-07
 1.78756e-07
 1.63988e-07
 1.50977e-07
 1.39457e-07
 1.29207e-07
 1.60496e-06
 1.24423e-06
 9.94213e-07
 8.13368e-07
 6.78122e-07
 5.74229e-07
 4.92638e-07
 4.27360e-07
 3.74300e-07
 3.30576e-07
 2.94114e-07
 2.63384e-07
 2.37242e-07
 2.14816e-07
 1.95432e-07
 1.78563e-07
 1.63791e-07
 1.50781e-07
 1.39264e-07
 1.29020e-07
 1.56523e-06
 1.21813e-06
 9.76153e-07
 8.00356e-07
 6.68438e-07
 5.66829e-07
 4.86855e-07
 4.22756e-07
 3.70575e-07
 3.27520e-07
 2.91575e-07
 2.61252e-07
 2.35435e-07
 2.13270e-07
 1.94100e-07
 1.77407e-07
 1.62781e-07
 1.49894e-07
 1.38481e-07
 1.28325e-07
 1.46800e-06
 1.15551e-06
 9.33777e-07
 7.70523e-07
 6.46749e-07
 5.50632e-07
 4.74481e-07
 4.13116e-07
 3.62937e-07
 3.21377e-07
 2.86570e-07
 2.57126e-07
 2.31997e-07
 2.10379e-07
 1.91648e-07
 1.75310e-07
 1.60976e-07
 1.48330e-07
 1.37118e-07
 1.27130e-07
 1.32936e-06
 1.06484e-06
 8.71825e-07
 7.26674e-07
 6.14789e-07
 5.26751e-07
 4.56253e-07
 3.98943e-07
 3.51737e-07
 3.12399e-07
 2.79280e-07
 2.51139e-07
 2.27029e-07
 2.06219e-07
 1.88134e-07
 1.72320e-07
 1.58413e-07
 1.46119e-07
 1.35198e-07
 1.25455e-07
 1.16849e-06
 9.56763e-07
 7.96535e-07
 6.72613e-07
 5.74962e-07
 4.96756e-07
 4.33224e-07
 3.80961e-07
 3.37483e-07
 3.00949e-07
 2.69972e-07
 2.43489e-07
 2.20681e-07
 2.00904e-07
 1.83647e-07
 1.68504e-07
 1.55145e-07
 1.43303e-07
 1.32757e-07
 1.23327e-07
 1.00293e-06
 8.41776e-07
 7.14374e-07
 6.12450e-07
 5.29956e-07
 4.62446e-07
 4.06627e-07
 3.60032e-07
 3.20791e-07
 2.87474e-07
 2.58973e-07
 2.34422e-07
 2.13138e-07
 1.94575e-07
 1.78297e-07
 1.63948e-07
 1.51241e-07
 1.39936e-07
 1.29838e-07
 1.20782e-07
 8.45738e-07
 7.28477e-07
 6.31041e-07
 5.50013e-07
 4.82378e-07
 4.25629e-07
 3.77735e-07
 3.37067e-07
 3.02322e-07
 2.72461e-07
 2.46648e-07
 2.24212e-07
 2.04608e-07
 1.87395e-07
 1.72209e-07
 1.58753e-07
 1.46779e-07
 1.36083e-07
 1.26492e-07
 1.17862e-07
 7.04717e-07
 6.22817e-07
 5.50890e-07
 4.88441e-07
 4.34492e-07
 3.87944e-07
 3.47744e-07
 3.12947e-07
 2.82731e-07
 2.56402e-07
 2.33370e-07
 2.13145e-07
 1.95316e-07
 1.79537e-07
 1.65521e-07
 1.53026e-07
 1.41847e-07
 1.31812e-07
 1.22776e-07
 1.14614e-07
 5.83101e-07
 5.28133e-07
 4.76780e-07
 4.30020e-07
 3.88069e-07
 3.50747e-07
 3.17688e-07
 2.88460e-07
 2.62623e-07
 2.39762e-07
 2.19500e-07
 2.01504e-07
 1.85481e-07
 1.71176e-07
 1.58372e-07
 1.46879e-07
 1.36534e-07
 1.27198e-07
 1.18750e-07
 1.11085e-07
 4.80983e-07
 4.45671e-07
 4.10230e-07
 3.76191e-07
 3.44353e-07
 3.15063e-07
 2.88395e-07
 2.64268e-07
 2.42521e-07
 2.22958e-07
 2.05369e-07
 1.89551e-07
 1.75313e-07
 1.62482e-07
 1.50899e-07
 1.40424e-07
 1.30932e-07
 1.22315e-07
 1.14475e-07
 1.07328e-07
 3.96690e-07
 3.75265e-07
 3.51736e-07
 3.27682e-07
 3.04102e-07
 2.81592e-07
 2.60473e-07
 2.40884e-07
 2.22854e-07
 2.06340e-07
 1.91263e-07
 1.77521e-07
 1.65006e-07
 1.53611e-07
 1.43230e-07
 1.33766e-07
 1.25128e-07
 1.17235e-07
 1.10012e-07
 1.03392e-07
