scalar
part
         1
quad4
 5.77949e-07
 5.31816e-07
 4.86431e-07
 4.43427e-07
 4.03630e-07
 3.67348e-07
 3.34583e-07
 3.05160e-07
 2.78822e-07
 2.55278e-07
 2.34236e-07
 2.15418e-07
 1.98566e-07
 1.83452e-07
 1.69868e-07
 1.57636e-07
 1.46596e-07
 1.36609e-07
 1.27555e-07
 1.19328e-07
 6.84210e-07
 6.17407e-07
 5.55105e-07
 4.98523e-07
 4.47940e-07
 4.03129e-07
 3.63621e-07
 3.28859e-07
 2.98277e-07
 2.71345e-07
 2.47583e-07
 2.26568e-07
 2.07935e-07
 1.91365e-07
 1.76588e-07
 1.63369e-07
 1.51511e-07
 1.40842e-07
 1.31215e-07
 1.22506e-07
 8.09564e-07
 7.14713e-07
 6.30724e-07
 5.57549e-07
 4.94306e-07
 4.39818e-07
 3.92881e-07
 3.52378e-07
 3.17330e-07
 2.86896e-07
 2.60369e-07
 2.37154e-07
 2.16756e-07
 1.98762e-07
 1.82826e-07
 1.68660e-07
 1.56021e-07
 1.44706e-07
 1.34541e-07
 1.25381e-07
 9.54031e-07
 8.22356e-07
 7.11558e-07
 6.18858e-07
 5.41315e-07
 4.76263e-07
 4.21441e-07
 3.74993e-07
 3.35412e-07
 3.01488e-07
 2.72246e-07
 2.46899e-07
 2.24812e-07
 2.05468e-07
 1.88445e-07
 1.73397e-07
 1.60037e-07
 1.48129e-07
 1.37473e-07
 1.27905e-07
 1.11443e-06
 9.36713e-07
 7.94417e-07
 6.79895e-07
 5.86999e-07
 5.10973e-07
 4.48182e-07
 3.95859e-07
 3.51887e-07
 3.14636e-07
 2.82843e-07
 2.55518e-07
 2.31880e-07
 2.11310e-07
 1.93308e-07
 1.77472e-07
 1.63472e-07
 1.51041e-07
 1.39956e-07
 1.30031e-07
 1.28251e-06
 1.05120e-06
 8.74449e-07
 7.37182e-07
 6.28886e-07
 5.42186e-07
 4.71837e-07
 4.14059e-07
 3.66081e-07
 3.25842e-07
 2.91787e-07
 2.62728e-07
 2.37747e-07
 2.16123e-07
 1.97286e-07
 1.80783e-07
 1.66247e-07
 1.53380e-07
 1.41937e-07
 1.31719e-07
 1.44356e-06
 1.15610e-06
 9.45311e-07
 7.86548e-07
 6.64192e-07
 5.68011e-07
 4.91101e-07
 4.28676e-07
 3.77340e-07
 3.34631e-07
 2.98730e-07
 2.68272e-07
 2.42216e-07
 2.19757e-07
 2.00265e-07
 1.83242e-07
 1.68290e-07
 1.55088e-07
 1.43374e-07
 1.32933e-07
 1.57712e-06
 1.23959e-06
 9.99942e-07
 8.23642e-07
 6.90152e-07
 5.86645e-07
 5.04766e-07
 4.38883e-07
 3.85086e-07
 3.40592e-07
 3.03374e-07
 2.71930e-07
 2.45125e-07
 2.22090e-07
 2.02151e-07
 1.84777e-07
 1.69548e-07
 1.56124e-07
 1.44231e-07
 1.33645e-07
 1.66132e-06
 1.29013e-06
 1.03191e-06
 8.44691e-07
 7.04460e-07
 5.96624e-07
 5.11875e-07
 4.44038e-07
 3.88880e-07
 3.43418e-07
 3.05501e-07
 2.73543e-07
 2.46357e-07
 2.23036e-07
 2.02879e-07
 1.85339e-07
 1.69980e-07
 1.56456e-07
 1.44485e-07
 1.33837e-07
 1.68021e-06
 1.29985e-06
 1.03700e-06
 8.47296e-07
 7.05683e-07
 5.97062e-07
 5.11862e-07
 4.43768e-07
 3.88468e-07
 3.42934e-07
 3.04987e-07
 2.73025e-07
 2.45849e-07
 2.22547e-07
 2.02414e-07
 1.84900e-07
 1.69568e-07
 1.56070e-07
 1.44124e-07
 1.33501e-07
 1.63011e-06
 1.26700e-06
 1.01431e-06
 8.30974e-07
 6.93553e-07
 5.87802e-07
 5.04634e-07
 4.38018e-07
 3.83819e-07
 3.39123e-07
 3.01823e-07
 2.70370e-07
 2.43599e-07
 2.20624e-07
 2.00757e-07
 1.83463e-07
 1.68313e-07
 1.54968e-07
 1.43151e-07
 1.32637e-07
 1.52054e-06
 1.19639e-06
 9.66471e-07
 7.97256e-07
 6.69007e-07
 5.69446e-07
 4.90591e-07
 4.27062e-07
 3.75126e-07
 3.32121e-07
 2.96110e-07
 2.65653e-07
 2.39664e-07
 2.17310e-07
 1.97943e-07
 1.81054e-07
 1.66237e-07
 1.53167e-07
 1.41579e-07
 1.31258e-07
 1.36972e-06
 1.09756e-06
 8.98831e-07
 7.49303e-07
 6.34000e-07
 5.43249e-07
 4.70564e-07
 4.11467e-07
 3.62784e-07
 3.22213e-07
 2.88053e-07
 2.59027e-07
 2.34159e-07
 2.12693e-07
 1.94039e-07
 1.77726e-07
 1.63381e-07
 1.50699e-07
 1.39435e-07
 1.29384e-07
 1.19820e-06
 9.81990e-07
 8.18125e-07
 6.91232e-07
 5.91141e-07
 5.10914e-07
 4.45699e-07
 3.92022e-07
 3.47348e-07
 3.09795e-07
 2.77944e-07
 2.50709e-07
 2.27246e-07
 2.06898e-07
 1.89140e-07
 1.73555e-07
 1.59804e-07
 1.47614e-07
 1.36757e-07
 1.27048e-07
 1.02402e-06
 8.60601e-07
 7.31140e-07
 6.27382e-07
 5.43273e-07
 4.74354e-07
 4.17308e-07
 3.69645e-07
 3.29475e-07
 2.95346e-07
 2.66135e-07
 2.40960e-07
 2.19125e-07
 2.00076e-07
 1.83366e-07
 1.68633e-07
 1.55581e-07
 1.43968e-07
 1.33592e-07
 1.24286e-07
 8.60195e-07
 7.42100e-07
 6.43713e-07
 5.61702e-07
 4.93108e-07
 4.35455e-07
 3.86726e-07
 3.45295e-07
 3.09861e-07
 2.79379e-07
 2.53009e-07
 2.30072e-07
 2.10018e-07
 1.92400e-07
 1.76850e-07
 1.63066e-07
 1.50795e-07
 1.39830e-07
 1.29995e-07
 1.21144e-07
 7.14227e-07
 6.32354e-07
 5.60205e-07
 4.97376e-07
 4.42959e-07
 3.95904e-07
 3.55188e-07
 3.19886e-07
 2.89190e-07
 2.62409e-07
 2.38958e-07
 2.18345e-07
 2.00159e-07
 1.84054e-07
 1.69738e-07
 1.56968e-07
 1.45539e-07
 1.35274e-07
 1.26027e-07
 1.17671e-07
 5.88993e-07
 5.34536e-07
 4.83412e-07
 4.36675e-07
 3.94606e-07
 3.57074e-07
 3.23750e-07
 2.94227e-07
 2.68084e-07
 2.44916e-07
 2.24356e-07
 2.06073e-07
 1.89778e-07
 1.75218e-07
 1.62175e-07
 1.50458e-07
 1.39906e-07
 1.30377e-07
 1.21749e-07
 1.13918e-07
 4.84267e-07
 4.49710e-07
 4.14757e-07
 3.80995e-07
 3.49277e-07
 3.19991e-07
 2.93246e-07
 2.68989e-07
 2.47077e-07
 2.27328e-07
 2.09543e-07
 1.93527e-07
 1.79093e-07
 1.66069e-07
 1.54302e-07
 1.43650e-07
 1.33992e-07
 1.25216e-07
 1.17227e-07
 1.09940e-07
 3.98115e-07
 3.77543e-07
 3.54634e-07
 3.31006e-07
 3.07698e-07
 2.85340e-07
 2.64280e-07
 2.44686e-07
 2.26601e-07
 2.10000e-07
 1.94812e-07
 1.80946e-07
 1.68300e-07
 1.56769e-07
 1.46252e-07
 1.36654e-07
 1.27886e-07
 1.19867e-07
 1.12523e-07
 1.05788e-07
