scalar
part
         1
quad4
 4.33863e-07
 4.08800e-07
 3.81769e-07
 3.54470e-07
 3.27959e-07
 3.02844e-07
 2.79431e-07
 2.57834e-07
 2.38051e-07
 2.20007e-07
 2.03594e-07
 1.88684e-07
 1.75145e-07
 1.62849e-07
 1.51673e-07
 1.41506e-07
 1.32245e-07
 1.23797e-07
 1.16078e-07
 1.09014e-07
 5.25327e-07
 4.84786e-07
 4.44563e-07
 4.06279e-07
 3.70742e-07
 3.38263e-07
 3.08857e-07
 2.82386e-07
 2.58631e-07
 2.37342e-07
 2.18267e-07
 2.01165e-07
 1.85813e-07
 1.72010e-07
 1.59577e-07
 1.48355e-07
 1.38205e-07
 1.29004e-07
 1.20646e-07
 1.13036e-07
 6.36015e-07
 5.73611e-07
 5.15814e-07
 4.63584e-07
 4.17039e-07
 3.75873e-07
 3.39600e-07
 3.07677e-07
 2.79572e-07
 2.54793e-07
 2.32900e-07
 2.13509e-07
 1.96288e-07
 1.80948e-07
 1.67244e-07
 1.54965e-07
 1.43931e-07
 1.33988e-07
 1.25002e-07
 1.16859e-07
 7.67591e-07
 6.75298e-07
 5.94857e-07
 5.25502e-07
 4.65963e-07
 4.14878e-07
 3.70976e-07
 3.33137e-07
 3.00405e-07
 2.71977e-07
 2.47183e-07
 2.25466e-07
 2.06365e-07
 1.89496e-07
 1.74538e-07
 1.61225e-07
 1.49332e-07
 1.38671e-07
 1.29082e-07
 1.20429e-07
 9.19644e-07
 7.88237e-07
 6.79862e-07
 5.90354e-07
 5.16098e-07
 4.54127e-07
 4.02069e-07
 3.58043e-07
 3.20563e-07
 2.88448e-07
 2.60763e-07
 2.36755e-07
 2.15822e-07
 1.97476e-07
 1.81316e-07
 1.67018e-07
 1.54313e-07
 1.42976e-07
 1.32822e-07
 1.23695e-07
 1.08808e-06
 9.08428e-07
 7.67503e-07
 6.55541e-07
 5.65463e-07
 4.92125e-07
 4.31752e-07
 3.81544e-07
 3.39397e-07
 3.03712e-07
 2.73258e-07
 2.47081e-07
 2.24428e-07
 2.04705e-07
 1.87434e-07
 1.72230e-07
 1.58780e-07
 1.46829e-07
 1.36162e-07
 1.26606e-07
 1.26354e-06
 1.02893e-06
 8.52827e-07
 7.17558e-07
 6.11574e-07
 5.27097e-07
 4.58745e-07
 4.02705e-07
 3.56218e-07
 3.17251e-07
 2.84280e-07
 2.56145e-07
 2.31953e-07
 2.11005e-07
 1.92750e-07
 1.76748e-07
 1.62646e-07
 1.50157e-07
 1.39044e-07
 1.29114e-07
 1.43072e-06
 1.13998e-06
 9.29511e-07
 7.72239e-07
 6.51631e-07
 5.57124e-07
 4.81707e-07
 4.20573e-07
 3.70338e-07
 3.28563e-07
 2.93454e-07
 2.63667e-07
 2.38182e-07
 2.16211e-07
 1.97136e-07
 1.80473e-07
 1.65830e-07
 1.52896e-07
 1.41415e-07
 1.31177e-07
 1.56984e-06
 1.23007e-06
 9.90613e-07
 8.15241e-07
 6.82830e-07
 5.80348e-07
 4.99375e-07
 4.34272e-07
 3.81136e-07
 3.37199e-07
 3.00450e-07
 2.69402e-07
 2.42932e-07
 2.20181e-07
 2.00484e-07
 1.83317e-07
 1.68265e-07
 1.54994e-07
 1.43233e-07
 1.32762e-07
 1.66056e-06
 1.28817e-06
 1.02978e-06
 8.42735e-07
 7.02773e-07
 5.95211e-07
 5.10711e-07
 4.43089e-07
 3.88112e-07
 3.42802e-07
 3.05010e-07
 2.73157e-07
 2.46056e-07
 2.22806e-07
 2.02708e-07
 1.85217e-07
 1.69899e-07
 1.56408e-07
 1.44465e-07
 1.33841e-07
 1.68769e-06
 1.30638e-06
 1.04262e-06
 8.52133e-07
 7.09861e-07
 6.00692e-07
 5.15037e-07
 4.46564e-07
 3.90946e-07
 3.45143e-07
 3.06967e-07
 2.74809e-07
 2.47464e-07
 2.24016e-07
 2.03755e-07
 1.86129e-07
 1.70698e-07
 1.57112e-07
 1.45089e-07
 1.34396e-07
 1.64656e-06
 1.28231e-06
 1.02779e-06
 8.42635e-07
 7.03597e-07
 5.96465e-07
 5.12135e-07
 4.44545e-07
 3.89529e-07
 3.44144e-07
 3.06262e-07
 2.74315e-07
 2.47122e-07
 2.23783e-07
 2.03603e-07
 1.86036e-07
 1.70650e-07
 1.57096e-07
 1.45096e-07
 1.34421e-07
 1.54515e-06
 1.21988e-06
 9.87373e-07
 8.15417e-07
 6.84673e-07
 5.82954e-07
 5.02271e-07
 4.37205e-07
 3.83976e-07
 3.39882e-07
 3.02950e-07
 2.71711e-07
 2.45055e-07
 2.22128e-07
 2.02267e-07
 1.84950e-07
 1.69761e-07
 1.56365e-07
 1.44492e-07
 1.33919e-07
 1.40123e-06
 1.12818e-06
 9.26357e-07
 7.73369e-07
 6.54839e-07
 5.61260e-07
 4.86160e-07
 4.25020e-07
 3.74612e-07
 3.32584e-07
 2.97190e-07
 2.67115e-07
 2.41349e-07
 2.19113e-07
 1.99794e-07
 1.82906e-07
 1.68060e-07
 1.54941e-07
 1.43292e-07
 1.32902e-07
 1.23605e-06
 1.01877e-06
 8.51375e-07
 7.20465e-07
 6.16571e-07
 5.32974e-07
 4.64855e-07
 4.08704e-07
 3.61932e-07
 3.22600e-07
 2.89235e-07
 2.60709e-07
 2.36141e-07
 2.14841e-07
 1.96262e-07
 1.79964e-07
 1.65593e-07
 1.52859e-07
 1.41525e-07
 1.31395e-07
 1.06823e-06
 9.02787e-07
 7.69252e-07
 6.61007e-07
 5.72650e-07
 4.99942e-07
 4.39607e-07
 3.89124e-07
 3.46548e-07
 3.10368e-07
 2.79404e-07
 2.52729e-07
 2.29606e-07
 2.09446e-07
 1.91773e-07
 1.76203e-07
 1.62422e-07
 1.50169e-07
 1.39230e-07
 1.29427e-07
 9.10595e-07
 7.89009e-07
 6.85875e-07
 5.98956e-07
 5.25772e-07
 4.64022e-07
 4.11718e-07
 3.67205e-07
 3.29126e-07
 2.96375e-07
 2.68058e-07
 2.43448e-07
 2.21951e-07
 2.03084e-07
 1.86449e-07
 1.71719e-07
 1.58621e-07
 1.46930e-07
 1.36455e-07
 1.27038e-07
 7.70022e-07
 6.83168e-07
 6.05604e-07
 5.37510e-07
 4.78257e-07
 4.26896e-07
 3.82414e-07
 3.43847e-07
 3.10332e-07
 2.81121e-07
 2.55574e-07
 2.33150e-07
 2.13396e-07
 1.95927e-07
 1.80424e-07
 1.66616e-07
 1.54276e-07
 1.43210e-07
 1.33254e-07
 1.24271e-07
 6.48842e-07
 5.88260e-07
 5.31207e-07
 4.78958e-07
 4.31907e-07
 3.89955e-07
 3.52756e-07
 3.19859e-07
 2.90786e-07
 2.65079e-07
 2.42317e-07
 2.22122e-07
 2.04162e-07
 1.88151e-07
 1.73837e-07
 1.61007e-07
 1.49474e-07
 1.39079e-07
 1.29686e-07
 1.21174e-07
 5.46589e-07
 5.05259e-07
 4.64101e-07
 4.24723e-07
 3.87982e-07
 3.54250e-07
 3.23598e-07
 2.95923e-07
 2.71029e-07
 2.48679e-07
 2.28627e-07
 2.10631e-07
 1.94466e-07
 1.79926e-07
 1.66826e-07
 1.55001e-07
 1.44306e-07
 1.34613e-07
 1.25810e-07
 1.17797e-07
