scalar
part
         1
quad4
 4.38329e-07
 4.11820e-07
 3.83745e-07
 3.55698e-07
 3.28653e-07
 3.03155e-07
 2.79469e-07
 2.57677e-07
 2.37755e-07
 2.19614e-07
 2.03133e-07
 1.88176e-07
 1.74608e-07
 1.62293e-07
 1.51109e-07
 1.40939e-07
 1.31680e-07
 1.23238e-07
 1.15527e-07
 1.08474e-07
 5.28422e-07
 4.86509e-07
 4.45371e-07
 4.06483e-07
 3.70549e-07
 3.37810e-07
 3.08239e-07
 2.81664e-07
 2.57847e-07
 2.36525e-07
 2.17436e-07
 2.00334e-07
 1.84991e-07
 1.71203e-07
 1.58790e-07
 1.47590e-07
 1.37463e-07
 1.28286e-07
 1.19952e-07
 1.12367e-07
 6.37000e-07
 5.73504e-07
 5.15077e-07
 4.62498e-07
 4.15771e-07
 3.74524e-07
 3.38229e-07
 3.06319e-07
 2.78248e-07
 2.53513e-07
 2.31671e-07
 2.12333e-07
 1.95165e-07
 1.79877e-07
 1.66224e-07
 1.53993e-07
 1.43005e-07
 1.33105e-07
 1.24160e-07
 1.16057e-07
 7.65533e-07
 6.72747e-07
 5.92173e-07
 5.22860e-07
 4.63442e-07
 4.12511e-07
 3.68768e-07
 3.31085e-07
 2.98499e-07
 2.70205e-07
 2.45533e-07
 2.23928e-07
 2.04928e-07
 1.88151e-07
 1.73277e-07
 1.60041e-07
 1.48218e-07
 1.37621e-07
 1.28090e-07
 1.19492e-07
 9.13486e-07
 7.82616e-07
 6.74854e-07
 5.85927e-07
 5.12182e-07
 4.50650e-07
 3.98965e-07
 3.55256e-07
 3.18046e-07
 2.86164e-07
 2.58678e-07
 2.34845e-07
 2.14064e-07
 1.95852e-07
 1.79811e-07
 1.65619e-07
 1.53008e-07
 1.41757e-07
 1.31680e-07
 1.22622e-07
 1.07683e-06
 8.99220e-07
 7.59900e-07
 6.49181e-07
 5.60070e-07
 4.87492e-07
 4.27725e-07
 3.78006e-07
 3.36261e-07
 3.00909e-07
 2.70735e-07
 2.44796e-07
 2.22348e-07
 2.02801e-07
 1.85684e-07
 1.70615e-07
 1.57286e-07
 1.45440e-07
 1.34869e-07
 1.25397e-07
 1.24659e-06
 1.01592e-06
 8.42555e-07
 7.09249e-07
 6.04708e-07
 5.21319e-07
 4.53806e-07
 3.98427e-07
 3.52471e-07
 3.13938e-07
 2.81326e-07
 2.53492e-07
 2.29555e-07
 2.08826e-07
 1.90759e-07
 1.74922e-07
 1.60965e-07
 1.48602e-07
 1.37602e-07
 1.27772e-07
 1.40831e-06
 1.12340e-06
 9.16766e-07
 7.62126e-07
 6.43396e-07
 5.50276e-07
 4.75912e-07
 4.15597e-07
 3.66013e-07
 3.24764e-07
 2.90088e-07
 2.60662e-07
 2.35480e-07
 2.13766e-07
 1.94914e-07
 1.78442e-07
 1.63967e-07
 1.51180e-07
 1.39829e-07
 1.29707e-07
 1.54325e-06
 1.21071e-06
 9.75878e-07
 8.03630e-07
 6.73428e-07
 5.72566e-07
 4.92820e-07
 4.28666e-07
 3.76282e-07
 3.32952e-07
 2.96701e-07
 2.66066e-07
 2.39942e-07
 2.17486e-07
 1.98041e-07
 1.81092e-07
 1.66229e-07
 1.53124e-07
 1.41509e-07
 1.31167e-07
 1.63197e-06
 1.26721e-06
 1.01374e-06
 8.30047e-07
 6.92473e-07
 5.86677e-07
 5.03519e-07
 4.36942e-07
 3.82796e-07
 3.38157e-07
 3.00916e-07
 2.69520e-07
 2.42804e-07
 2.19879e-07
 2.00060e-07
 1.82809e-07
 1.67700e-07
 1.54393e-07
 1.42610e-07
 1.32128e-07
 1.65947e-06
 1.28510e-06
 1.02601e-06
 8.38820e-07
 6.98960e-07
 5.91606e-07
 5.07351e-07
 4.39979e-07
 3.85243e-07
 3.40158e-07
 3.02572e-07
 2.70907e-07
 2.43976e-07
 2.20880e-07
 2.00920e-07
 1.83554e-07
 1.68350e-07
 1.54962e-07
 1.43112e-07
 1.32573e-07
 1.62034e-06
 1.26167e-06
 1.01122e-06
 8.29102e-07
 6.92370e-07
 5.87022e-07
 5.04095e-07
 4.37627e-07
 3.83519e-07
 3.38879e-07
 3.01616e-07
 2.70185e-07
 2.43429e-07
 2.20463e-07
 2.00603e-07
 1.83312e-07
 1.68166e-07
 1.54823e-07
 1.43008e-07
 1.32496e-07
 1.52143e-06
 1.20036e-06
 9.71236e-07
 8.01964e-07
 6.73347e-07
 5.73327e-07
 4.94011e-07
 4.30056e-07
 3.77739e-07
 3.34401e-07
 2.98101e-07
 2.67394e-07
 2.41190e-07
 2.18650e-07
 1.99122e-07
 1.82094e-07
 1.67157e-07
 1.53982e-07
 1.42303e-07
 1.31902e-07
 1.37967e-06
 1.10985e-06
 9.10829e-07
 7.60182e-07
 6.43581e-07
 5.51588e-07
 4.77793e-07
 4.17732e-07
 3.68222e-07
 3.26947e-07
 2.92188e-07
 2.62650e-07
 2.37345e-07
 2.15505e-07
 1.96528e-07
 1.79938e-07
 1.65352e-07
 1.52461e-07
 1.41014e-07
 1.30803e-07
 1.21609e-06
 1.00149e-06
 8.36495e-07
 7.07646e-07
 6.05495e-07
 5.23365e-07
 4.56475e-07
 4.01358e-07
 3.55457e-07
 3.16863e-07
 2.84126e-07
 2.56136e-07
 2.32030e-07
 2.11130e-07
 1.92898e-07
 1.76903e-07
 1.62797e-07
 1.50297e-07
 1.39170e-07
 1.29224e-07
 1.04945e-06
 8.86423e-07
 7.55011e-07
 6.48609e-07
 5.61834e-07
 4.90476e-07
 4.31291e-07
 3.81788e-07
 3.40047e-07
 3.04581e-07
 2.74232e-07
 2.48086e-07
 2.25421e-07
 2.05658e-07
 1.88333e-07
 1.73068e-07
 1.59555e-07
 1.47539e-07
 1.36811e-07
 1.27195e-07
 8.92839e-07
 7.73476e-07
 6.72264e-07
 5.87011e-07
 5.15268e-07
 4.54761e-07
 4.03527e-07
 3.59936e-07
 3.22650e-07
 2.90585e-07
 2.62862e-07
 2.38767e-07
 2.17720e-07
 1.99246e-07
 1.82956e-07
 1.68529e-07
 1.55700e-07
 1.44247e-07
 1.33984e-07
 1.24756e-07
 7.53276e-07
 6.68452e-07
 5.92633e-07
 5.26050e-07
 4.68109e-07
 4.17889e-07
 3.74397e-07
 3.36691e-07
 3.03925e-07
 2.75366e-07
 2.50389e-07
 2.28464e-07
 2.09146e-07
 1.92062e-07
 1.76898e-07
 1.63390e-07
 1.51315e-07
 1.40486e-07
 1.30742e-07
 1.21949e-07
 6.33147e-07
 5.74381e-07
 5.18895e-07
 4.68010e-07
 4.22149e-07
 3.81240e-07
 3.44954e-07
 3.12856e-07
 2.84485e-07
 2.59395e-07
 2.37174e-07
 2.17456e-07
 1.99918e-07
 1.84280e-07
 1.70297e-07
 1.57760e-07
 1.46489e-07
 1.36329e-07
 1.27145e-07
 1.18822e-07
 5.31977e-07
 4.92237e-07
 4.52468e-07
 4.14309e-07
 3.78642e-07
 3.45857e-07
 3.16041e-07
 2.89105e-07
 2.64865e-07
 2.43093e-07
 2.23553e-07
 2.06012e-07
 1.90250e-07
 1.76069e-07
 1.63289e-07
 1.51750e-07
 1.41311e-07
 1.31848e-07
 1.23251e-07
 1.15425e-07
