scalar
part
         1
quad4
 3.88853e-07
 3.69740e-07
 3.48090e-07
 3.25528e-07
 3.03113e-07
 2.81498e-07
 2.61055e-07
 2.41971e-07
 2.24309e-07
 2.08059e-07
 1.93163e-07
 1.79541e-07
 1.67099e-07
 1.55739e-07
 1.45366e-07
 1.35890e-07
 1.27226e-07
 1.19295e-07
 1.12026e-07
 1.05356e-07
 4.74235e-07
 4.41461e-07
 4.07993e-07
 3.75450e-07
 3.44723e-07
 3.16242e-07
 2.90149e-07
 2.66420e-07
 2.44939e-07
 2.25540e-07
 2.08043e-07
 1.92263e-07
 1.78024e-07
 1.65163e-07
 1.53531e-07
 1.42993e-07
 1.33429e-07
 1.24734e-07
 1.16814e-07
 1.09585e-07
 5.78271e-07
 5.25970e-07
 4.76570e-07
 4.31199e-07
 3.90206e-07
 3.53522e-07
 3.20868e-07
 2.91877e-07
 2.66157e-07
 2.43330e-07
 2.23043e-07
 2.04983e-07
 1.88869e-07
 1.74458e-07
 1.61537e-07
 1.49922e-07
 1.39454e-07
 1.29996e-07
 1.21428e-07
 1.13647e-07
 7.03023e-07
 6.23705e-07
 5.53506e-07
 4.92159e-07
 4.38869e-07
 3.92676e-07
 3.52623e-07
 3.17835e-07
 2.87540e-07
 2.61075e-07
 2.37874e-07
 2.17461e-07
 1.99436e-07
 1.83460e-07
 1.69251e-07
 1.56568e-07
 1.45209e-07
 1.35004e-07
 1.25806e-07
 1.17490e-07
 8.48920e-07
 7.33744e-07
 6.37469e-07
 5.56993e-07
 4.89523e-07
 4.32701e-07
 3.84593e-07
 3.43632e-07
 3.08556e-07
 2.78351e-07
 2.52195e-07
 2.29427e-07
 2.09507e-07
 1.91995e-07
 1.76530e-07
 1.62814e-07
 1.50599e-07
 1.39679e-07
 1.29882e-07
 1.21061e-07
 1.01337e-06
 8.53094e-07
 7.25770e-07
 6.23489e-07
 5.40418e-07
 4.72239e-07
 4.15729e-07
 3.68460e-07
 3.28583e-07
 2.94675e-07
 2.65631e-07
 2.40584e-07
 2.18849e-07
 1.99877e-07
 1.83228e-07
 1.68542e-07
 1.55528e-07
 1.43945e-07
 1.33592e-07
 1.24305e-07
 1.18925e-06
 9.76069e-07
 8.14133e-07
 6.88501e-07
 5.89255e-07
 5.09606e-07
 4.44794e-07
 3.91402e-07
 3.46933e-07
 3.09528e-07
 2.77786e-07
 2.50630e-07
 2.27227e-07
 2.06922e-07
 1.89197e-07
 1.73635e-07
 1.59902e-07
 1.47724e-07
 1.36876e-07
 1.27173e-07
 1.36387e-06
 1.09409e-06
 8.96758e-07
 7.48082e-07
 6.33313e-07
 5.42902e-07
 4.70439e-07
 4.11487e-07
 3.62898e-07
 3.22389e-07
 2.88269e-07
 2.59267e-07
 2.34412e-07
 2.12953e-07
 1.94300e-07
 1.77985e-07
 1.63636e-07
 1.50948e-07
 1.39677e-07
 1.29619e-07
 1.51929e-06
 1.19620e-06
 9.66805e-07
 7.97840e-07
 6.69703e-07
 5.70180e-07
 4.91325e-07
 4.27775e-07
 3.75808e-07
 3.32767e-07
 2.96718e-07
 2.66224e-07
 2.40200e-07
 2.17812e-07
 1.98414e-07
 1.81496e-07
 1.66652e-07
 1.53557e-07
 1.41946e-07
 1.31603e-07
 1.63459e-06
 1.27068e-06
 1.01736e-06
 8.33538e-07
 6.95736e-07
 5.89681e-07
 5.06267e-07
 4.39450e-07
 3.85085e-07
 3.40249e-07
 3.02832e-07
 2.71278e-07
 2.44421e-07
 2.21371e-07
 2.01440e-07
 1.84088e-07
 1.68889e-07
 1.55499e-07
 1.43643e-07
 1.33094e-07
 1.69067e-06
 1.30748e-06
 1.04280e-06
 8.51849e-07
 7.09353e-07
 6.00081e-07
 5.14389e-07
 4.45914e-07
 3.90313e-07
 3.44537e-07
 3.06392e-07
 2.74267e-07
 2.46955e-07
 2.23537e-07
 2.03306e-07
 1.85708e-07
 1.70303e-07
 1.56742e-07
 1.44740e-07
 1.34068e-07
 1.67689e-06
 1.30124e-06
 1.04018e-06
 8.51063e-07
 7.09504e-07
 6.00708e-07
 5.15243e-07
 4.46859e-07
 3.91274e-07
 3.45475e-07
 3.07285e-07
 2.75105e-07
 2.47735e-07
 2.24260e-07
 2.03973e-07
 1.86322e-07
 1.70869e-07
 1.57263e-07
 1.45221e-07
 1.34511e-07
 1.59616e-06
 1.25328e-06
 1.01017e-06
 8.31511e-07
 6.96365e-07
 5.91654e-07
 5.08878e-07
 4.42310e-07
 3.87981e-07
 3.43066e-07
 3.05510e-07
 2.73790e-07
 2.46758e-07
 2.23535e-07
 2.03437e-07
 1.85929e-07
 1.70584e-07
 1.57061e-07
 1.45082e-07
 1.34422e-07
 1.46423e-06
 1.17132e-06
 9.56844e-07
 7.95506e-07
 6.71303e-07
 5.73763e-07
 4.95829e-07
 4.32619e-07
 3.80668e-07
 3.37472e-07
 3.01179e-07
 2.70401e-07
 2.44082e-07
 2.21404e-07
 2.01728e-07
 1.84549e-07
 1.69464e-07
 1.56148e-07
 1.44334e-07
 1.33807e-07
 1.30330e-06
 1.06697e-06
 8.86650e-07
 7.46804e-07
 6.36607e-07
 5.48478e-07
 4.77038e-07
 4.18412e-07
 3.69765e-07
 3.28992e-07
 2.94505e-07
 2.65093e-07
 2.39819e-07
 2.17951e-07
 1.98909e-07
 1.82232e-07
 1.67547e-07
 1.54552e-07
 1.42999e-07
 1.32684e-07
 1.13431e-06
 9.52269e-07
 8.06745e-07
 6.89794e-07
 5.95052e-07
 5.17605e-07
 4.53708e-07
 4.00513e-07
 3.55844e-07
 3.18032e-07
 2.85780e-07
 2.58078e-07
 2.34128e-07
 2.13295e-07
 1.95071e-07
 1.79046e-07
 1.64886e-07
 1.52315e-07
 1.41109e-07
 1.31079e-07
 9.72433e-07
 8.37198e-07
 7.23606e-07
 6.28721e-07
 5.49462e-07
 4.83054e-07
 4.27155e-07
 3.79842e-07
 3.39562e-07
 3.05067e-07
 2.75354e-07
 2.49616e-07
 2.27203e-07
 2.07584e-07
 1.90327e-07
 1.75080e-07
 1.61549e-07
 1.49493e-07
 1.38709e-07
 1.29028e-07
 8.26268e-07
 7.28560e-07
 6.42225e-07
 5.67143e-07
 5.02355e-07
 4.46616e-07
 3.98661e-07
 3.57326e-07
 3.21595e-07
 2.90596e-07
 2.63598e-07
 2.39989e-07
 2.19259e-07
 2.00983e-07
 1.84807e-07
 1.70434e-07
 1.57618e-07
 1.46148e-07
 1.35849e-07
 1.26571e-07
 6.99201e-07
 6.30137e-07
 5.65903e-07
 5.07694e-07
 4.55753e-07
 4.09813e-07
 3.69367e-07
 3.33823e-07
 3.02589e-07
 2.75110e-07
 2.50888e-07
 2.29484e-07
 2.10519e-07
 1.93666e-07
 1.78646e-07
 1.65217e-07
 1.53177e-07
 1.42349e-07
 1.32584e-07
 1.23753e-07
 5.91325e-07
 5.43415e-07
 4.96456e-07
 4.52084e-07
 4.11113e-07
 3.73831e-07
 3.40216e-07
 3.10073e-07
 2.83124e-07
 2.59061e-07
 2.37576e-07
 2.18379e-07
 2.01203e-07
 1.85808e-07
 1.71983e-07
 1.59540e-07
 1.48317e-07
 1.38170e-07
 1.28975e-07
 1.20624e-07
