scalar
part
         1
quad4
 4.76342e-07
 4.45055e-07
 4.12716e-07
 3.80934e-07
 3.50658e-07
 3.22385e-07
 2.96323e-07
 2.72501e-07
 2.50843e-07
 2.31214e-07
 2.13456e-07
 1.97400e-07
 1.82880e-07
 1.69741e-07
 1.57838e-07
 1.47041e-07
 1.37231e-07
 1.28303e-07
 1.20164e-07
 1.12730e-07
 5.71337e-07
 5.23290e-07
 4.76867e-07
 4.33492e-07
 3.93781e-07
 3.57874e-07
 3.25647e-07
 2.96843e-07
 2.71148e-07
 2.48239e-07
 2.27804e-07
 2.09553e-07
 1.93226e-07
 1.78592e-07
 1.65445e-07
 1.53609e-07
 1.42926e-07
 1.33262e-07
 1.24499e-07
 1.16535e-07
 6.85244e-07
 6.13919e-07
 5.49009e-07
 4.91110e-07
 4.40033e-07
 3.95227e-07
 3.56011e-07
 3.21692e-07
 2.91623e-07
 2.65222e-07
 2.41981e-07
 2.21462e-07
 2.03290e-07
 1.87144e-07
 1.72752e-07
 1.59884e-07
 1.48343e-07
 1.37959e-07
 1.28590e-07
 1.20112e-07
 8.19285e-07
 7.16635e-07
 6.28241e-07
 5.52743e-07
 4.88419e-07
 4.33572e-07
 3.86683e-07
 3.46449e-07
 3.11779e-07
 2.81768e-07
 2.55669e-07
 2.32869e-07
 2.12862e-07
 1.95229e-07
 1.79623e-07
 1.65757e-07
 1.53389e-07
 1.42317e-07
 1.32372e-07
 1.23410e-07
 9.72428e-07
 8.29416e-07
 7.12471e-07
 6.16549e-07
 5.37422e-07
 4.71699e-07
 4.16712e-07
 3.70370e-07
 3.31036e-07
 2.97423e-07
 2.68512e-07
 2.43495e-07
 2.21721e-07
 2.02670e-07
 1.85915e-07
 1.71111e-07
 1.57972e-07
 1.46263e-07
 1.35786e-07
 1.26378e-07
 1.13982e-06
 9.47814e-07
 7.98119e-07
 6.79786e-07
 5.84983e-07
 5.08071e-07
 4.44950e-07
 3.92594e-07
 3.48745e-07
 3.11694e-07
 2.80133e-07
 2.53046e-07
 2.29641e-07
 2.09289e-07
 1.91488e-07
 1.75836e-07
 1.62003e-07
 1.49722e-07
 1.38771e-07
 1.28967e-07
 1.31131e-06
 1.06451e-06
 8.80051e-07
 7.38870e-07
 6.28587e-07
 5.40908e-07
 4.70121e-07
 4.12196e-07
 3.64226e-07
 3.24077e-07
 2.90151e-07
 2.61235e-07
 2.36399e-07
 2.14914e-07
 1.96208e-07
 1.79824e-07
 1.65396e-07
 1.52627e-07
 1.41273e-07
 1.31133e-07
 1.47107e-06
 1.16955e-06
 9.51907e-07
 7.89652e-07
 6.65469e-07
 5.68327e-07
 4.90920e-07
 4.28254e-07
 3.76819e-07
 3.34089e-07
 2.98210e-07
 2.67796e-07
 2.41793e-07
 2.19390e-07
 1.99954e-07
 1.82983e-07
 1.68079e-07
 1.54920e-07
 1.43244e-07
 1.32837e-07
 1.59941e-06
 1.25164e-06
 1.00693e-06
 8.27937e-07
 6.92942e-07
 5.88557e-07
 5.06151e-07
 4.39942e-07
 3.85939e-07
 3.41312e-07
 3.04006e-07
 2.72501e-07
 2.45654e-07
 2.22589e-07
 2.02626e-07
 1.85234e-07
 1.69989e-07
 1.56551e-07
 1.44646e-07
 1.34049e-07
 1.67694e-06
 1.30035e-06
 1.03917e-06
 8.50168e-07
 7.08790e-07
 6.00173e-07
 5.14867e-07
 4.46616e-07
 3.91140e-07
 3.45428e-07
 3.07308e-07
 2.75183e-07
 2.47855e-07
 2.24413e-07
 2.04153e-07
 1.86521e-07
 1.71083e-07
 1.57487e-07
 1.45452e-07
 1.34747e-07
 1.69020e-06
 1.30876e-06
 1.04480e-06
 8.54113e-07
 7.11652e-07
 6.02312e-07
 5.16504e-07
 4.47896e-07
 3.92159e-07
 3.46251e-07
 3.07982e-07
 2.75742e-07
 2.48324e-07
 2.24810e-07
 2.04491e-07
 1.86812e-07
 1.71335e-07
 1.57707e-07
 1.45645e-07
 1.34917e-07
 1.63635e-06
 1.27546e-06
 1.02308e-06
 8.39347e-07
 7.01274e-07
 5.94812e-07
 5.10958e-07
 4.43711e-07
 3.88946e-07
 3.43747e-07
 3.06005e-07
 2.74161e-07
 2.47047e-07
 2.23768e-07
 2.03634e-07
 1.86101e-07
 1.70740e-07
 1.57207e-07
 1.45222e-07
 1.34557e-07
 1.52455e-06
 1.20514e-06
 9.76585e-07
 8.07369e-07
 6.78565e-07
 5.78251e-07
 4.98604e-07
 4.34314e-07
 3.81676e-07
 3.38038e-07
 3.01462e-07
 2.70503e-07
 2.44070e-07
 2.21322e-07
 2.01607e-07
 1.84408e-07
 1.69315e-07
 1.56000e-07
 1.44192e-07
 1.33674e-07
 1.37301e-06
 1.10727e-06
 9.10592e-07
 7.61285e-07
 6.45438e-07
 5.53846e-07
 4.80242e-07
 4.20245e-07
 3.70723e-07
 3.29388e-07
 2.94544e-07
 2.64907e-07
 2.39497e-07
 2.17551e-07
 1.98469e-07
 1.81778e-07
 1.67095e-07
 1.54112e-07
 1.42579e-07
 1.32287e-07
 1.20287e-06
 9.93482e-07
 8.31847e-07
 7.05183e-07
 6.04461e-07
 5.23266e-07
 4.56988e-07
 4.02267e-07
 3.56617e-07
 3.18176e-07
 2.85525e-07
 2.57576e-07
 2.33479e-07
 2.12567e-07
 1.94309e-07
 1.78279e-07
 1.64132e-07
 1.51588e-07
 1.40415e-07
 1.30422e-07
 1.03239e-06
 8.74779e-07
 7.47142e-07
 6.43374e-07
 5.58446e-07
 4.88389e-07
 4.30124e-07
 3.81274e-07
 3.39997e-07
 3.04861e-07
 2.74744e-07
 2.48760e-07
 2.26205e-07
 2.06516e-07
 1.89237e-07
 1.73998e-07
 1.60495e-07
 1.48479e-07
 1.37743e-07
 1.28114e-07
 8.73935e-07
 7.59666e-07
 6.62228e-07
 5.79756e-07
 5.10064e-07
 4.51071e-07
 4.00960e-07
 3.58203e-07
 3.21542e-07
 2.89944e-07
 2.62572e-07
 2.38740e-07
 2.17890e-07
 1.99563e-07
 1.83382e-07
 1.69035e-07
 1.56264e-07
 1.44851e-07
 1.34615e-07
 1.25404e-07
 7.33856e-07
 6.53570e-07
 5.81284e-07
 5.17426e-07
 4.61578e-07
 4.12964e-07
 3.70706e-07
 3.33949e-07
 3.01917e-07
 2.73926e-07
 2.49389e-07
 2.27807e-07
 2.08757e-07
 1.91882e-07
 1.76881e-07
 1.63501e-07
 1.51525e-07
 1.40773e-07
 1.31088e-07
 1.22339e-07
 6.14039e-07
 5.59188e-07
 5.06881e-07
 4.58544e-07
 4.14712e-07
 3.75410e-07
 3.40396e-07
 3.09306e-07
 2.81733e-07
 2.57277e-07
 2.35562e-07
 2.16247e-07
 1.99032e-07
 1.83652e-07
 1.69876e-07
 1.57507e-07
 1.46370e-07
 1.36318e-07
 1.27221e-07
 1.18968e-07
 5.13658e-07
 4.77233e-07
 4.40256e-07
 4.04409e-07
 3.70641e-07
 3.39404e-07
 3.10847e-07
 2.84931e-07
 2.61518e-07
 2.40418e-07
 2.21424e-07
 2.04327e-07
 1.88928e-07
 1.75044e-07
 1.62506e-07
 1.51167e-07
 1.40892e-07
 1.31563e-07
 1.23077e-07
 1.15342e-07
