scalar
part
         1
quad4
 4.80457e-07
 4.48971e-07
 4.16283e-07
 3.84097e-07
 3.53416e-07
 3.24768e-07
 2.98372e-07
 2.74261e-07
 2.52356e-07
 2.32518e-07
 2.14583e-07
 1.98378e-07
 1.83734e-07
 1.70489e-07
 1.58498e-07
 1.47625e-07
 1.37752e-07
 1.28769e-07
 1.20583e-07
 1.13109e-07
 5.77489e-07
 5.28783e-07
 4.81626e-07
 4.37544e-07
 3.97200e-07
 3.60749e-07
 3.28063e-07
 2.98878e-07
 2.72870e-07
 2.49704e-07
 2.29057e-07
 2.10631e-07
 1.94160e-07
 1.79405e-07
 1.66159e-07
 1.54238e-07
 1.43485e-07
 1.33761e-07
 1.24947e-07
 1.16939e-07
 6.94021e-07
 6.21312e-07
 5.55120e-07
 4.96119e-07
 4.44130e-07
 3.98584e-07
 3.58775e-07
 3.23981e-07
 2.93533e-07
 2.66828e-07
 2.43342e-07
 2.22624e-07
 2.04290e-07
 1.88012e-07
 1.73511e-07
 1.60552e-07
 1.48934e-07
 1.38486e-07
 1.29062e-07
 1.20538e-07
 8.31275e-07
 7.26177e-07
 6.35780e-07
 5.58702e-07
 4.93152e-07
 4.37361e-07
 3.89745e-07
 3.48948e-07
 3.13840e-07
 2.83484e-07
 2.57113e-07
 2.34096e-07
 2.13914e-07
 1.96138e-07
 1.80416e-07
 1.66454e-07
 1.54005e-07
 1.42867e-07
 1.32865e-07
 1.23854e-07
 9.88031e-07
 8.41160e-07
 7.21354e-07
 6.23336e-07
 5.42672e-07
 4.75817e-07
 4.19988e-07
 3.73012e-07
 3.33195e-07
 2.99209e-07
 2.70008e-07
 2.44761e-07
 2.22805e-07
 2.03606e-07
 1.86731e-07
 1.71828e-07
 1.58607e-07
 1.46828e-07
 1.36293e-07
 1.26835e-07
 1.15891e-06
 9.61437e-07
 8.08019e-07
 6.87127e-07
 5.90538e-07
 5.12359e-07
 4.48321e-07
 3.95291e-07
 3.50937e-07
 3.13502e-07
 2.81644e-07
 2.54325e-07
 2.30735e-07
 2.10235e-07
 1.92314e-07
 1.76562e-07
 1.62647e-07
 1.50297e-07
 1.39288e-07
 1.29434e-07
 1.33282e-06
 1.07914e-06
 8.90340e-07
 7.46327e-07
 6.34143e-07
 5.45153e-07
 4.73439e-07
 4.14842e-07
 3.66376e-07
 3.25851e-07
 2.91637e-07
 2.62496e-07
 2.37481e-07
 2.15853e-07
 1.97030e-07
 1.80550e-07
 1.66043e-07
 1.53206e-07
 1.41794e-07
 1.31606e-07
 1.49267e-06
 1.18375e-06
 9.61682e-07
 7.96654e-07
 6.70659e-07
 5.72289e-07
 4.94024e-07
 4.30740e-07
 3.78849e-07
 3.35775e-07
 2.99632e-07
 2.69010e-07
 2.42842e-07
 2.20306e-07
 2.00760e-07
 1.83699e-07
 1.68719e-07
 1.55496e-07
 1.43766e-07
 1.33312e-07
 1.61774e-06
 1.26358e-06
 1.01516e-06
 8.33876e-07
 6.97393e-07
 5.92001e-07
 5.08886e-07
 4.42164e-07
 3.87778e-07
 3.42859e-07
 3.05326e-07
 2.73642e-07
 2.46649e-07
 2.23465e-07
 2.03405e-07
 1.85930e-07
 1.70616e-07
 1.57119e-07
 1.45163e-07
 1.34522e-07
 1.68870e-06
 1.30838e-06
 1.04496e-06
 8.54535e-07
 7.12198e-07
 6.02908e-07
 5.17110e-07
 4.48491e-07
 3.92732e-07
 3.46796e-07
 3.08498e-07
 2.76228e-07
 2.48781e-07
 2.25239e-07
 2.04894e-07
 1.87191e-07
 1.71691e-07
 1.58042e-07
 1.45960e-07
 1.35214e-07
 1.69360e-06
 1.31197e-06
 1.04767e-06
 8.56629e-07
 7.13847e-07
 6.04228e-07
 5.18184e-07
 4.49374e-07
 3.93467e-07
 3.47415e-07
 3.09023e-07
 2.76678e-07
 2.49169e-07
 2.25576e-07
 2.05189e-07
 1.87450e-07
 1.71919e-07
 1.58245e-07
 1.46141e-07
 1.35376e-07
 1.63195e-06
 1.27407e-06
 1.02311e-06
 8.40035e-07
 7.02256e-07
 5.95903e-07
 5.12063e-07
 4.44783e-07
 3.89963e-07
 3.44699e-07
 3.06890e-07
 2.74981e-07
 2.47805e-07
 2.24470e-07
 2.04283e-07
 1.86703e-07
 1.71299e-07
 1.57725e-07
 1.45704e-07
 1.35007e-07
 1.51485e-06
 1.20031e-06
 9.74341e-07
 8.06526e-07
 6.78495e-07
 5.78604e-07
 4.99183e-07
 4.35007e-07
 3.82415e-07
 3.38785e-07
 3.02194e-07
 2.71209e-07
 2.44743e-07
 2.21959e-07
 2.02207e-07
 1.84973e-07
 1.69846e-07
 1.56497e-07
 1.44660e-07
 1.34113e-07
 1.36113e-06
 1.10060e-06
 9.06926e-07
 7.59382e-07
 6.44583e-07
 5.53620e-07
 4.80392e-07
 4.20617e-07
 3.71220e-07
 3.29953e-07
 2.95138e-07
 2.65508e-07
 2.40089e-07
 2.18126e-07
 1.99022e-07
 1.82306e-07
 1.67598e-07
 1.54590e-07
 1.43031e-07
 1.32715e-07
 1.19132e-06
 9.86427e-07
 8.27613e-07
 7.02727e-07
 6.03130e-07
 5.22651e-07
 4.56828e-07
 4.02394e-07
 3.56924e-07
 3.18591e-07
 2.86003e-07
 2.58086e-07
 2.34000e-07
 2.13087e-07
 1.94819e-07
 1.78774e-07
 1.64609e-07
 1.52045e-07
 1.40852e-07
 1.30838e-07
 1.02262e-06
 8.68349e-07
 7.43014e-07
 6.40807e-07
 5.56928e-07
 4.87574e-07
 4.29780e-07
 3.81241e-07
 3.40169e-07
 3.05166e-07
 2.75131e-07
 2.49197e-07
 2.26668e-07
 2.06989e-07
 1.89710e-07
 1.74464e-07
 1.60949e-07
 1.48919e-07
 1.38166e-07
 1.28520e-07
 8.66427e-07
 7.54384e-07
 6.58634e-07
 5.77397e-07
 5.08588e-07
 4.50218e-07
 4.00543e-07
 3.58089e-07
 3.21634e-07
 2.90177e-07
 2.62896e-07
 2.39123e-07
 2.18308e-07
 1.99999e-07
 1.83825e-07
 1.69477e-07
 1.56698e-07
 1.45274e-07
 1.35026e-07
 1.25800e-07
 7.28541e-07
 6.49587e-07
 5.78427e-07
 5.15464e-07
 4.60299e-07
 4.12194e-07
 3.70309e-07
 3.33821e-07
 3.01980e-07
 2.74122e-07
 2.49677e-07
 2.28156e-07
 2.09144e-07
 1.92292e-07
 1.77301e-07
 1.63923e-07
 1.51944e-07
 1.41183e-07
 1.31488e-07
 1.22727e-07
 6.10584e-07
 5.56431e-07
 5.04803e-07
 4.57061e-07
 4.13717e-07
 3.74801e-07
 3.40083e-07
 3.09215e-07
 2.81807e-07
 2.57469e-07
 2.35837e-07
 2.16580e-07
 1.99402e-07
 1.84045e-07
 1.70281e-07
 1.57916e-07
 1.46777e-07
 1.36719e-07
 1.27613e-07
 1.19350e-07
 5.11665e-07
 4.75525e-07
 4.38902e-07
 4.03412e-07
 3.69962e-07
 3.38996e-07
 3.10657e-07
 2.84913e-07
 2.61630e-07
 2.40629e-07
 2.21705e-07
 2.04658e-07
 1.89293e-07
 1.75429e-07
 1.62903e-07
 1.51567e-07
 1.41291e-07
 1.31957e-07
 1.23464e-07
 1.15719e-07
