scalar
part
         1
quad4
 6.31408e-07
 5.78201e-07
 5.26547e-07
 4.78090e-07
 4.33607e-07
 3.93329e-07
 3.57167e-07
 3.24862e-07
 2.96077e-07
 2.70452e-07
 2.47635e-07
 2.27297e-07
 2.09142e-07
 1.92904e-07
 1.78349e-07
 1.65272e-07
 1.53496e-07
 1.42865e-07
 1.33245e-07
 1.24519e-07
 7.44035e-07
 6.68255e-07
 5.98270e-07
 5.35211e-07
 4.79215e-07
 4.29897e-07
 3.86639e-07
 3.48752e-07
 3.15560e-07
 2.86437e-07
 2.60830e-07
 2.38254e-07
 2.18291e-07
 2.00586e-07
 1.84833e-07
 1.70772e-07
 1.58184e-07
 1.46878e-07
 1.36696e-07
 1.27498e-07
 8.76127e-07
 7.69954e-07
 6.76654e-07
 5.95896e-07
 5.26501e-07
 4.67020e-07
 4.16018e-07
 3.72191e-07
 3.34408e-07
 3.01712e-07
 2.73300e-07
 2.48507e-07
 2.26777e-07
 2.07653e-07
 1.90753e-07
 1.75760e-07
 1.62408e-07
 1.50473e-07
 1.39769e-07
 1.30137e-07
 1.02726e-06
 8.81508e-07
 7.59634e-07
 6.58247e-07
 5.73873e-07
 5.03420e-07
 4.44296e-07
 3.94392e-07
 3.52014e-07
 3.15804e-07
 2.84679e-07
 2.57769e-07
 2.34374e-07
 2.13928e-07
 1.95970e-07
 1.80123e-07
 1.66078e-07
 1.53577e-07
 1.42406e-07
 1.32388e-07
 1.19345e-06
 9.98661e-07
 8.43574e-07
 7.19405e-07
 6.19162e-07
 5.37474e-07
 4.70268e-07
 4.14460e-07
 3.67704e-07
 3.28207e-07
 2.94581e-07
 2.65746e-07
 2.40855e-07
 2.19233e-07
 2.00344e-07
 1.83753e-07
 1.69108e-07
 1.56120e-07
 1.44552e-07
 1.34207e-07
 1.36511e-06
 1.11396e-06
 9.23080e-07
 7.75565e-07
 6.59700e-07
 5.67306e-07
 4.92601e-07
 4.31436e-07
 3.80786e-07
 3.38411e-07
 3.02628e-07
 2.72156e-07
 2.46006e-07
 2.23406e-07
 2.03749e-07
 1.86550e-07
 1.71420e-07
 1.58041e-07
 1.46157e-07
 1.35554e-07
 1.52572e-06
 1.21669e-06
 9.91264e-07
 8.22265e-07
 6.92551e-07
 5.90947e-07
 5.09953e-07
 4.44390e-07
 3.90601e-07
 3.45945e-07
 3.08478e-07
 2.76744e-07
 2.49637e-07
 2.26303e-07
 2.06076e-07
 1.88431e-07
 1.72949e-07
 1.59290e-07
 1.47181e-07
 1.36396e-07
 1.65285e-06
 1.29411e-06
 1.04067e-06
 8.54989e-07
 7.14891e-07
 6.06583e-07
 5.21124e-07
 4.52510e-07
 3.96590e-07
 3.50415e-07
 3.11849e-07
 2.79307e-07
 2.51598e-07
 2.27811e-07
 2.07241e-07
 1.89332e-07
 1.73645e-07
 1.59827e-07
 1.47594e-07
 1.36711e-07
 1.72335e-06
 1.33435e-06
 1.06482e-06
 8.70022e-07
 7.24495e-07
 6.12827e-07
 5.25224e-07
 4.55209e-07
 3.98355e-07
 3.51548e-07
 3.12548e-07
 2.79707e-07
 2.51790e-07
 2.27859e-07
 2.07188e-07
 1.89211e-07
 1.73477e-07
 1.59629e-07
 1.47377e-07
 1.36483e-07
 1.72186e-06
 1.33013e-06
 1.05997e-06
 8.65304e-07
 7.20171e-07
 6.08963e-07
 5.21810e-07
 4.52204e-07
 3.95711e-07
 3.49220e-07
 3.10493e-07
 2.77887e-07
 2.50173e-07
 2.26418e-07
 2.05899e-07
 1.88054e-07
 1.72436e-07
 1.58689e-07
 1.46525e-07
 1.35710e-07
 1.64773e-06
 1.28137e-06
 1.02619e-06
 8.40945e-07
 7.02026e-07
 5.95085e-07
 5.10958e-07
 4.43559e-07
 3.88712e-07
 3.43474e-07
 3.05718e-07
 2.73876e-07
 2.46771e-07
 2.23508e-07
 2.03390e-07
 1.85876e-07
 1.70533e-07
 1.57017e-07
 1.45048e-07
 1.34398e-07
 1.51490e-06
 1.19511e-06
 9.67346e-07
 7.99195e-07
 6.71446e-07
 5.72082e-07
 4.93261e-07
 4.29679e-07
 3.77643e-07
 3.34517e-07
 2.98375e-07
 2.67787e-07
 2.41671e-07
 2.19195e-07
 1.99713e-07
 1.82717e-07
 1.67801e-07
 1.54638e-07
 1.42965e-07
 1.32565e-07
 1.34525e-06
 1.08286e-06
 8.89900e-07
 7.43895e-07
 6.30811e-07
 5.41488e-07
 4.69740e-07
 4.11264e-07
 3.62994e-07
 3.22698e-07
 2.88720e-07
 2.59810e-07
 2.35014e-07
 2.13589e-07
 1.94954e-07
 1.78645e-07
 1.64292e-07
 1.51597e-07
 1.40313e-07
 1.30239e-07
 1.16093e-06
 9.57232e-07
 8.01330e-07
 6.79651e-07
 5.83058e-07
 5.05232e-07
 4.41696e-07
 3.89213e-07
 3.45400e-07
 3.08477e-07
 2.77089e-07
 2.50197e-07
 2.26992e-07
 2.06836e-07
 1.89223e-07
 1.73746e-07
 1.60077e-07
 1.47947e-07
 1.37134e-07
 1.27457e-07
 9.79684e-07
 8.29285e-07
 7.08677e-07
 6.11035e-07
 5.31223e-07
 4.65373e-07
 4.10555e-07
 3.64532e-07
 3.25585e-07
 2.92379e-07
 2.63872e-07
 2.39240e-07
 2.17826e-07
 1.99106e-07
 1.82655e-07
 1.68128e-07
 1.55239e-07
 1.43756e-07
 1.33484e-07
 1.24261e-07
 8.13191e-07
 7.07257e-07
 6.17645e-07
 5.42001e-07
 4.78066e-07
 4.23860e-07
 3.77709e-07
 3.38228e-07
 3.04286e-07
 2.74955e-07
 2.49483e-07
 2.27252e-07
 2.07759e-07
 1.90589e-07
 1.75398e-07
 1.61904e-07
 1.49871e-07
 1.39099e-07
 1.29423e-07
 1.20702e-07
 6.67479e-07
 5.96279e-07
 5.32250e-07
 4.75580e-07
 4.25845e-07
 3.82368e-07
 3.44404e-07
 3.11236e-07
 2.82207e-07
 2.56739e-07
 2.34330e-07
 2.14551e-07
 1.97037e-07
 1.81476e-07
 1.67605e-07
 1.55200e-07
 1.44071e-07
 1.34056e-07
 1.25016e-07
 1.16834e-07
 5.44231e-07
 4.98798e-07
 4.54868e-07
 4.13815e-07
 3.76220e-07
 3.42211e-07
 3.11670e-07
 2.84355e-07
 2.59972e-07
 2.38216e-07
 2.18795e-07
 2.01438e-07
 1.85898e-07
 1.71959e-07
 1.59428e-07
 1.48137e-07
 1.37939e-07
 1.28708e-07
 1.20331e-07
 1.12711e-07
 4.42375e-07
 4.15288e-07
 3.86538e-07
 3.57856e-07
 3.30267e-07
 3.04326e-07
 2.80289e-07
 2.58227e-07
 2.38101e-07
 2.19809e-07
 2.03218e-07
 1.88185e-07
 1.74564e-07
 1.62216e-07
 1.51013e-07
 1.40834e-07
 1.31574e-07
 1.23136e-07
 1.15433e-07
 1.08390e-07
 3.59439e-07
 3.44983e-07
 3.27334e-07
 3.08153e-07
 2.88566e-07
 2.69300e-07
 2.50804e-07
 2.33330e-07
 2.17002e-07
 2.01858e-07
 1.87883e-07
 1.75029e-07
 1.63230e-07
 1.52411e-07
 1.42494e-07
 1.33405e-07
 1.25069e-07
 1.17418e-07
 1.10389e-07
 1.03925e-07
