scalar
part
         1
quad4
 6.43521e-07
 5.89066e-07
 5.36275e-07
 4.86792e-07
 4.41389e-07
 4.00291e-07
 3.63401e-07
 3.30453e-07
 3.01100e-07
 2.74975e-07
 2.51717e-07
 2.30991e-07
 2.12493e-07
 1.95952e-07
 1.81128e-07
 1.67813e-07
 1.55825e-07
 1.45005e-07
 1.35215e-07
 1.26337e-07
 7.57149e-07
 6.79906e-07
 6.08605e-07
 5.44373e-07
 4.87338e-07
 4.37106e-07
 3.93048e-07
 3.54462e-07
 3.20659e-07
 2.91004e-07
 2.64932e-07
 2.41950e-07
 2.21632e-07
 2.03614e-07
 1.87586e-07
 1.73283e-07
 1.60479e-07
 1.48983e-07
 1.38630e-07
 1.29281e-07
 8.90256e-07
 7.82386e-07
 6.87575e-07
 6.05483e-07
 5.34924e-07
 4.74432e-07
 4.22556e-07
 3.77976e-07
 3.39544e-07
 3.06287e-07
 2.77391e-07
 2.52177e-07
 2.30082e-07
 2.10640e-07
 1.93462e-07
 1.78224e-07
 1.64656e-07
 1.52531e-07
 1.41657e-07
 1.31875e-07
 1.04240e-06
 8.94698e-07
 7.71096e-07
 6.68203e-07
 5.82533e-07
 5.10972e-07
 4.50905e-07
 4.00199e-07
 3.57138e-07
 3.20345e-07
 2.88720e-07
 2.61381e-07
 2.37616e-07
 2.16849e-07
 1.98613e-07
 1.82522e-07
 1.68263e-07
 1.55574e-07
 1.44237e-07
 1.34071e-07
 1.20960e-06
 1.01257e-06
 8.55506e-07
 7.29644e-07
 6.27971e-07
 5.45084e-07
 4.76873e-07
 4.20223e-07
 3.72760e-07
 3.32665e-07
 2.98532e-07
 2.69266e-07
 2.44004e-07
 2.22065e-07
 2.02900e-07
 1.86069e-07
 1.71214e-07
 1.58043e-07
 1.46313e-07
 1.35825e-07
 1.38229e-06
 1.12852e-06
 9.35371e-07
 7.85965e-07
 6.68540e-07
 5.74866e-07
 4.99109e-07
 4.37077e-07
 3.85707e-07
 3.42731e-07
 3.06444e-07
 2.75544e-07
 2.49031e-07
 2.26120e-07
 2.06195e-07
 1.88764e-07
 1.73432e-07
 1.59877e-07
 1.47837e-07
 1.37096e-07
 1.54395e-06
 1.23176e-06
 1.00374e-06
 8.32647e-07
 7.01264e-07
 5.98325e-07
 5.16255e-07
 4.49819e-07
 3.95315e-07
 3.50068e-07
 3.12109e-07
 2.79962e-07
 2.52505e-07
 2.28873e-07
 2.08390e-07
 1.90525e-07
 1.74850e-07
 1.61024e-07
 1.48768e-07
 1.37854e-07
 1.67201e-06
 1.30942e-06
 1.05303e-06
 8.65107e-07
 7.23278e-07
 6.13620e-07
 5.27094e-07
 4.57628e-07
 4.01018e-07
 3.54279e-07
 3.15246e-07
 2.82314e-07
 2.54276e-07
 2.30210e-07
 2.09401e-07
 1.91286e-07
 1.75420e-07
 1.61447e-07
 1.49077e-07
 1.38074e-07
 1.74286e-06
 1.34937e-06
 1.07666e-06
 8.79556e-07
 7.32314e-07
 6.19342e-07
 5.30727e-07
 4.59913e-07
 4.02418e-07
 3.55091e-07
 3.15662e-07
 2.82464e-07
 2.54247e-07
 2.30062e-07
 2.09173e-07
 1.91008e-07
 1.75113e-07
 1.61123e-07
 1.48747e-07
 1.37744e-07
 1.74043e-06
 1.34400e-06
 1.07071e-06
 8.73871e-07
 7.27158e-07
 6.14769e-07
 5.26709e-07
 4.56393e-07
 3.99334e-07
 3.52383e-07
 3.13278e-07
 2.80358e-07
 2.52380e-07
 2.28401e-07
 2.07691e-07
 1.89680e-07
 1.73919e-07
 1.60047e-07
 1.47773e-07
 1.36860e-07
 1.66349e-06
 1.29305e-06
 1.03523e-06
 8.48153e-07
 7.07923e-07
 6.00004e-07
 5.15128e-07
 4.47141e-07
 3.91825e-07
 3.46205e-07
 3.08134e-07
 2.76030e-07
 2.48704e-07
 2.25251e-07
 2.04972e-07
 1.87317e-07
 1.71852e-07
 1.58228e-07
 1.46165e-07
 1.35431e-07
 1.52611e-06
 1.20368e-06
 9.74133e-07
 8.04718e-07
 6.76039e-07
 5.75971e-07
 4.96602e-07
 4.32583e-07
 3.80194e-07
 3.36776e-07
 3.00392e-07
 2.69600e-07
 2.43309e-07
 2.20684e-07
 2.01073e-07
 1.83963e-07
 1.68948e-07
 1.55697e-07
 1.43946e-07
 1.33477e-07
 1.35105e-06
 1.08782e-06
 8.94132e-07
 7.47534e-07
 6.33970e-07
 5.44256e-07
 4.72186e-07
 4.13442e-07
 3.64947e-07
 3.24460e-07
 2.90317e-07
 2.61266e-07
 2.36346e-07
 2.14813e-07
 1.96082e-07
 1.79688e-07
 1.65261e-07
 1.52497e-07
 1.41153e-07
 1.31025e-07
 1.16152e-06
 9.58591e-07
 8.02980e-07
 6.81374e-07
 5.84754e-07
 5.06856e-07
 4.43229e-07
 3.90650e-07
 3.46744e-07
 3.09730e-07
 2.78258e-07
 2.51288e-07
 2.28011e-07
 2.07789e-07
 1.90116e-07
 1.74584e-07
 1.60864e-07
 1.48687e-07
 1.37831e-07
 1.28114e-07
 9.75991e-07
 8.27497e-07
 7.07975e-07
 6.10964e-07
 5.31524e-07
 4.65892e-07
 4.11198e-07
 3.65242e-07
 3.26326e-07
 2.93129e-07
 2.64616e-07
 2.39968e-07
 2.18533e-07
 1.99789e-07
 1.83313e-07
 1.68758e-07
 1.55843e-07
 1.44334e-07
 1.34038e-07
 1.24790e-07
 8.06424e-07
 7.03000e-07
 6.14985e-07
 5.40373e-07
 4.77119e-07
 4.23368e-07
 3.77524e-07
 3.38254e-07
 3.04455e-07
 2.75222e-07
 2.49815e-07
 2.27628e-07
 2.08162e-07
 1.91007e-07
 1.75824e-07
 1.62332e-07
 1.50295e-07
 1.39518e-07
 1.29834e-07
 1.21104e-07
 6.58781e-07
 5.90276e-07
 5.28089e-07
 4.72691e-07
 4.23844e-07
 3.80995e-07
 3.43481e-07
 3.10639e-07
 2.81848e-07
 2.56554e-07
 2.34275e-07
 2.14592e-07
 1.97148e-07
 1.81640e-07
 1.67807e-07
 1.55429e-07
 1.44320e-07
 1.34318e-07
 1.25287e-07
 1.17110e-07
 5.34515e-07
 4.91691e-07
 4.49650e-07
 4.09969e-07
 3.73377e-07
 3.40107e-07
 3.10116e-07
 2.83213e-07
 2.59141e-07
 2.37624e-07
 2.18385e-07
 2.01168e-07
 1.85737e-07
 1.71882e-07
 1.59417e-07
 1.48178e-07
 1.38020e-07
 1.28820e-07
 1.20467e-07
 1.12866e-07
 4.32297e-07
 4.07588e-07
 3.80647e-07
 3.53338e-07
 3.26791e-07
 3.01644e-07
 2.78216e-07
 2.56624e-07
 2.36863e-07
 2.18856e-07
 2.02489e-07
 1.87633e-07
 1.74153e-07
 1.61918e-07
 1.50804e-07
 1.40698e-07
 1.31496e-07
 1.23105e-07
 1.15441e-07
 1.08428e-07
 3.49435e-07
 3.37068e-07
 3.21078e-07
 3.03204e-07
 2.84643e-07
 2.66184e-07
 2.48323e-07
 2.31351e-07
 2.15421e-07
 2.00596e-07
 1.86875e-07
 1.74227e-07
 1.62593e-07
 1.51909e-07
 1.42103e-07
 1.33104e-07
 1.24842e-07
 1.17253e-07
 1.10275e-07
 1.03852e-07
