scalar
part
         1
quad4
 5.29328e-07
 4.90604e-07
 4.51624e-07
 4.14067e-07
 3.78851e-07
 3.46399e-07
 3.16824e-07
 2.90057e-07
 2.65931e-07
 2.44234e-07
 2.24737e-07
 2.07216e-07
 1.91457e-07
 1.77267e-07
 1.64468e-07
 1.52905e-07
 1.42437e-07
 1.32942e-07
 1.24312e-07
 1.16451e-07
 6.31312e-07
 5.73596e-07
 5.18883e-07
 4.68553e-07
 4.23083e-07
 3.82439e-07
 3.46326e-07
 3.14335e-07
 2.86021e-07
 2.60952e-07
 2.38728e-07
 2.18989e-07
 2.01418e-07
 1.85738e-07
 1.71708e-07
 1.59123e-07
 1.47801e-07
 1.37590e-07
 1.28356e-07
 1.19984e-07
 7.52715e-07
 6.68892e-07
 5.93752e-07
 5.27614e-07
 4.69949e-07
 4.19886e-07
 3.76470e-07
 3.38781e-07
 3.05995e-07
 2.77390e-07
 2.52351e-07
 2.30355e-07
 2.10961e-07
 1.93798e-07
 1.78556e-07
 1.64971e-07
 1.52822e-07
 1.41922e-07
 1.32110e-07
 1.23251e-07
 8.94183e-07
 7.75623e-07
 6.74880e-07
 5.89869e-07
 5.18219e-07
 4.57708e-07
 4.06412e-07
 3.62721e-07
 3.25317e-07
 2.93124e-07
 2.65269e-07
 2.41045e-07
 2.19871e-07
 2.01277e-07
 1.84873e-07
 1.70339e-07
 1.57409e-07
 1.45862e-07
 1.35512e-07
 1.26202e-07
 1.05353e-06
 8.90875e-07
 7.59547e-07
 6.53061e-07
 5.66108e-07
 4.94525e-07
 4.35097e-07
 3.85348e-07
 3.43368e-07
 3.07676e-07
 2.77114e-07
 2.50772e-07
 2.27925e-07
 2.07996e-07
 1.90518e-07
 1.75113e-07
 1.61471e-07
 1.49338e-07
 1.38502e-07
 1.28787e-07
 1.22395e-06
 1.00894e-06
 8.43409e-07
 7.13998e-07
 6.11300e-07
 5.28657e-07
 4.61299e-07
 4.05759e-07
 3.59479e-07
 3.20545e-07
 2.87507e-07
 2.59247e-07
 2.34899e-07
 2.13783e-07
 1.95356e-07
 1.79186e-07
 1.64923e-07
 1.52281e-07
 1.41025e-07
 1.30961e-07
 1.39249e-06
 1.12100e-06
 9.20563e-07
 7.68711e-07
 6.51091e-07
 5.58234e-07
 4.83706e-07
 4.23020e-07
 3.72975e-07
 3.31238e-07
 2.96079e-07
 2.66193e-07
 2.40583e-07
 2.18474e-07
 1.99261e-07
 1.82460e-07
 1.67687e-07
 1.54628e-07
 1.43031e-07
 1.32685e-07
 1.54033e-06
 1.21585e-06
 9.84139e-07
 8.12867e-07
 6.82675e-07
 5.81392e-07
 5.01050e-07
 4.36251e-07
 3.83232e-07
 3.39303e-07
 3.02502e-07
 2.71366e-07
 2.44793e-07
 2.21932e-07
 2.02125e-07
 1.84851e-07
 1.69697e-07
 1.56329e-07
 1.44479e-07
 1.33924e-07
 1.64611e-06
 1.28184e-06
 1.02745e-06
 8.42446e-07
 7.03537e-07
 5.96506e-07
 5.12250e-07
 4.44715e-07
 3.89737e-07
 3.44377e-07
 3.06512e-07
 2.74574e-07
 2.47385e-07
 2.24048e-07
 2.03866e-07
 1.86295e-07
 1.70903e-07
 1.57344e-07
 1.45337e-07
 1.34655e-07
 1.69212e-06
 1.30986e-06
 1.04545e-06
 8.54493e-07
 7.11872e-07
 6.02430e-07
 5.16558e-07
 4.47907e-07
 3.92142e-07
 3.46217e-07
 3.07936e-07
 2.75688e-07
 2.48266e-07
 2.24750e-07
 2.04430e-07
 1.86751e-07
 1.71274e-07
 1.57647e-07
 1.45587e-07
 1.34860e-07
 1.67043e-06
 1.29588e-06
 1.03594e-06
 8.47744e-07
 7.06914e-07
 5.98684e-07
 5.13661e-07
 4.45622e-07
 3.90308e-07
 3.44722e-07
 3.06703e-07
 2.74659e-07
 2.47398e-07
 2.24011e-07
 2.03797e-07
 1.86204e-07
 1.70798e-07
 1.57230e-07
 1.45220e-07
 1.34536e-07
 1.58546e-06
 1.24210e-06
 1.00011e-06
 8.22876e-07
 6.89075e-07
 5.85529e-07
 5.03731e-07
 4.37974e-07
 3.84315e-07
 3.39953e-07
 3.02856e-07
 2.71518e-07
 2.44806e-07
 2.21851e-07
 2.01980e-07
 1.84664e-07
 1.69483e-07
 1.56100e-07
 1.44242e-07
 1.33685e-07
 1.45177e-06
 1.15606e-06
 9.42128e-07
 7.82337e-07
 6.59853e-07
 5.63919e-07
 4.87395e-07
 4.25388e-07
 3.74455e-07
 3.32115e-07
 2.96544e-07
 2.66375e-07
 2.40571e-07
 2.18330e-07
 1.99028e-07
 1.82169e-07
 1.67359e-07
 1.54279e-07
 1.42672e-07
 1.32324e-07
 1.28902e-06
 1.04844e-06
 8.68137e-07
 7.29817e-07
 6.21557e-07
 5.35344e-07
 4.65644e-07
 4.08540e-07
 3.61202e-07
 3.21546e-07
 2.88011e-07
 2.59409e-07
 2.34827e-07
 2.13551e-07
 1.95018e-07
 1.78779e-07
 1.64472e-07
 1.51806e-07
 1.40540e-07
 1.30475e-07
 1.11658e-06
 9.30458e-07
 7.84911e-07
 6.69549e-07
 5.76913e-07
 5.01611e-07
 4.39705e-07
 3.88281e-07
 3.45157e-07
 3.08679e-07
 2.77574e-07
 2.50857e-07
 2.27753e-07
 2.07649e-07
 1.90054e-07
 1.74575e-07
 1.60888e-07
 1.48731e-07
 1.37886e-07
 1.28173e-07
 9.49645e-07
 8.11801e-07
 6.98697e-07
 6.05643e-07
 5.28679e-07
 4.64604e-07
 4.10889e-07
 3.65540e-07
 3.26990e-07
 2.94002e-07
 2.65596e-07
 2.40989e-07
 2.19554e-07
 2.00782e-07
 1.84261e-07
 1.69654e-07
 1.56682e-07
 1.45114e-07
 1.34759e-07
 1.25456e-07
 7.97791e-07
 6.99474e-07
 6.14464e-07
 5.41599e-07
 4.79327e-07
 4.26088e-07
 3.80467e-07
 3.41242e-07
 3.07381e-07
 2.78025e-07
 2.52460e-07
 2.30099e-07
 2.10455e-07
 1.93126e-07
 1.77775e-07
 1.64124e-07
 1.51940e-07
 1.41026e-07
 1.31216e-07
 1.22371e-07
 6.65436e-07
 5.97645e-07
 5.35621e-07
 4.80055e-07
 4.30856e-07
 3.87562e-07
 3.49567e-07
 3.16238e-07
 2.86976e-07
 2.61237e-07
 2.38543e-07
 2.18478e-07
 2.00685e-07
 1.84859e-07
 1.70738e-07
 1.58099e-07
 1.46754e-07
 1.36540e-07
 1.27317e-07
 1.18966e-07
 5.53335e-07
 5.08126e-07
 4.64114e-07
 4.22758e-07
 3.84722e-07
 3.50199e-07
 3.19115e-07
 2.91256e-07
 2.66345e-07
 2.44089e-07
 2.24199e-07
 2.06406e-07
 1.90465e-07
 1.76159e-07
 1.63291e-07
 1.51694e-07
 1.41217e-07
 1.31731e-07
 1.23123e-07
 1.15293e-07
 4.60104e-07
 4.31081e-07
 4.00732e-07
 3.70670e-07
 3.41860e-07
 3.14829e-07
 2.89816e-07
 2.66878e-07
 2.45964e-07
 2.26965e-07
 2.09739e-07
 1.94135e-07
 1.80001e-07
 1.67192e-07
 1.55572e-07
 1.45019e-07
 1.35421e-07
 1.26677e-07
 1.18698e-07
 1.11404e-07
