scalar
part
         1
quad4
 3.51044e-07
 3.37906e-07
 3.21329e-07
 3.03019e-07
 2.84141e-07
 2.65457e-07
 2.47441e-07
 2.30367e-07
 2.14376e-07
 1.99517e-07
 1.85785e-07
 1.73140e-07
 1.61522e-07
 1.50860e-07
 1.41081e-07
 1.32113e-07
 1.23884e-07
 1.16328e-07
 1.09384e-07
 1.02995e-07
 4.33253e-07
 4.07743e-07
 3.80231e-07
 3.52526e-07
 3.25714e-07
 3.00399e-07
 2.76872e-07
 2.55231e-07
 2.35455e-07
 2.17457e-07
 2.01117e-07
 1.86297e-07
 1.72860e-07
 1.60672e-07
 1.49608e-07
 1.39552e-07
 1.30399e-07
 1.22056e-07
 1.14439e-07
 1.07471e-07
 5.34453e-07
 4.90865e-07
 4.48330e-07
 4.08346e-07
 3.71585e-07
 3.38236e-07
 3.08228e-07
 2.81347e-07
 2.57324e-07
 2.35869e-07
 2.16702e-07
 1.99561e-07
 1.84208e-07
 1.70429e-07
 1.58038e-07
 1.46869e-07
 1.36779e-07
 1.27643e-07
 1.19350e-07
 1.11806e-07
 6.57196e-07
 5.88084e-07
 5.25576e-07
 4.70044e-07
 4.21180e-07
 3.78384e-07
 3.40965e-07
 3.08239e-07
 2.79575e-07
 2.54410e-07
 2.32257e-07
 2.12696e-07
 1.95368e-07
 1.79967e-07
 1.66236e-07
 1.53952e-07
 1.42930e-07
 1.33009e-07
 1.24054e-07
 1.15946e-07
 8.02642e-07
 6.98964e-07
 6.10947e-07
 5.36471e-07
 4.73422e-07
 4.19905e-07
 3.74301e-07
 3.35265e-07
 3.01687e-07
 2.72660e-07
 2.47442e-07
 2.25428e-07
 2.06120e-07
 1.89108e-07
 1.74056e-07
 1.60683e-07
 1.48754e-07
 1.38075e-07
 1.28482e-07
 1.19834e-07
 9.69168e-07
 8.21070e-07
 7.02057e-07
 6.05576e-07
 5.26643e-07
 4.61476e-07
 4.07202e-07
 3.61619e-07
 3.23033e-07
 2.90128e-07
 2.61874e-07
 2.37455e-07
 2.16224e-07
 1.97661e-07
 1.81346e-07
 1.66936e-07
 1.54151e-07
 1.42759e-07
 1.32567e-07
 1.23416e-07
 1.15071e-06
 9.49213e-07
 7.94850e-07
 6.74300e-07
 5.78567e-07
 5.01413e-07
 4.38413e-07
 3.86364e-07
 3.42909e-07
 3.06281e-07
 2.75141e-07
 2.48460e-07
 2.25433e-07
 2.05431e-07
 1.87951e-07
 1.72590e-07
 1.59021e-07
 1.46979e-07
 1.36245e-07
 1.26637e-07
 1.33535e-06
 1.07504e-06
 8.83549e-07
 7.38647e-07
 6.26410e-07
 5.37753e-07
 4.66535e-07
 4.08488e-07
 3.60570e-07
 3.20566e-07
 2.86831e-07
 2.58127e-07
 2.33506e-07
 2.12230e-07
 1.93724e-07
 1.77527e-07
 1.63272e-07
 1.50662e-07
 1.39454e-07
 1.29448e-07
 1.50501e-06
 1.18729e-06
 9.61031e-07
 7.94006e-07
 6.67119e-07
 5.68427e-07
 4.90138e-07
 4.26983e-07
 3.75295e-07
 3.32455e-07
 2.96552e-07
 2.66164e-07
 2.40218e-07
 2.17887e-07
 1.98530e-07
 1.81642e-07
 1.66820e-07
 1.53740e-07
 1.42140e-07
 1.31804e-07
 1.63720e-06
 1.27326e-06
 1.01978e-06
 8.35754e-07
 6.97747e-07
 5.91501e-07
 5.07916e-07
 4.40946e-07
 3.86445e-07
 3.41489e-07
 3.03966e-07
 2.72319e-07
 2.45379e-07
 2.22255e-07
 2.02258e-07
 1.84847e-07
 1.69594e-07
 1.56157e-07
 1.44257e-07
 1.33669e-07
 1.71009e-06
 1.32148e-06
 1.05335e-06
 8.60069e-07
 7.15925e-07
 6.05449e-07
 5.18852e-07
 4.49680e-07
 3.93531e-07
 3.47318e-07
 3.08818e-07
 2.76401e-07
 2.48846e-07
 2.25225e-07
 2.04821e-07
 1.87074e-07
 1.71542e-07
 1.57870e-07
 1.45772e-07
 1.35016e-07
 1.71029e-06
 1.32517e-06
 1.05801e-06
 8.64758e-07
 7.20298e-07
 6.09396e-07
 5.22363e-07
 4.52784e-07
 3.96270e-07
 3.49736e-07
 3.10956e-07
 2.78297e-07
 2.50532e-07
 2.26729e-07
 2.06167e-07
 1.88283e-07
 1.72631e-07
 1.58854e-07
 1.46663e-07
 1.35825e-07
 1.63921e-06
 1.28471e-06
 1.03382e-06
 8.49781e-07
 7.10793e-07
 6.03267e-07
 5.18380e-07
 4.50198e-07
 3.94611e-07
 3.48701e-07
 3.10347e-07
 2.77978e-07
 2.50414e-07
 2.26748e-07
 2.06280e-07
 1.88459e-07
 1.72848e-07
 1.59097e-07
 1.46921e-07
 1.36090e-07
 1.51257e-06
 1.20757e-06
 9.84636e-07
 8.17251e-07
 6.88629e-07
 5.87793e-07
 5.07356e-07
 4.42210e-07
 3.88742e-07
 3.44338e-07
 3.07072e-07
 2.75502e-07
 2.48530e-07
 2.25309e-07
 2.05178e-07
 1.87615e-07
 1.72203e-07
 1.58606e-07
 1.46551e-07
 1.35814e-07
 1.35338e-06
 1.10563e-06
 9.16946e-07
 7.70899e-07
 6.56044e-07
 5.64366e-07
 4.90184e-07
 4.29411e-07
 3.79061e-07
 3.36921e-07
 3.01325e-07
 2.71005e-07
 2.44980e-07
 2.22485e-07
 2.02916e-07
 1.85793e-07
 1.70727e-07
 1.57405e-07
 1.45570e-07
 1.35011e-07
 1.18366e-06
 9.91453e-07
 8.38145e-07
 7.15215e-07
 6.15851e-07
 5.34799e-07
 4.68062e-07
 4.12608e-07
 3.66126e-07
 3.26842e-07
 2.93387e-07
 2.64691e-07
 2.39913e-07
 2.18387e-07
 1.99578e-07
 1.83055e-07
 1.68469e-07
 1.55532e-07
 1.44009e-07
 1.33704e-07
 1.01951e-06
 8.75562e-07
 7.55024e-07
 6.54617e-07
 5.70963e-07
 5.01045e-07
 4.42326e-07
 3.92731e-07
 3.50592e-07
 3.14572e-07
 2.83599e-07
 2.56812e-07
 2.33519e-07
 2.13158e-07
 1.95272e-07
 1.79486e-07
 1.65493e-07
 1.53038e-07
 1.41908e-07
 1.31925e-07
 8.70234e-07
 7.65245e-07
 6.72884e-07
 5.92855e-07
 5.24019e-07
 4.64968e-07
 4.14298e-07
 3.70730e-07
 3.33151e-07
 3.00618e-07
 2.72337e-07
 2.47651e-07
 2.26010e-07
 2.06961e-07
 1.90124e-07
 1.75184e-07
 1.61878e-07
 1.49984e-07
 1.39315e-07
 1.29714e-07
 7.39719e-07
 6.64660e-07
 5.95294e-07
 5.32745e-07
 4.77161e-07
 4.28171e-07
 3.85174e-07
 3.47496e-07
 3.14470e-07
 2.85482e-07
 2.59985e-07
 2.37500e-07
 2.17613e-07
 1.99971e-07
 1.84271e-07
 1.70257e-07
 1.57708e-07
 1.46438e-07
 1.36286e-07
 1.27115e-07
 6.28361e-07
 5.75554e-07
 5.24278e-07
 4.76157e-07
 4.31959e-07
 3.91918e-07
 3.55952e-07
 3.23806e-07
 2.95152e-07
 2.69635e-07
 2.46907e-07
 2.26644e-07
 2.08551e-07
 1.92365e-07
 1.77855e-07
 1.64817e-07
 1.53075e-07
 1.42473e-07
 1.32879e-07
 1.24176e-07
