scalar
part
         1
quad4
 6.55763e-07
 5.99447e-07
 5.45030e-07
 4.94157e-07
 4.47584e-07
 4.05509e-07
 3.67809e-07
 3.34189e-07
 3.04279e-07
 2.77691e-07
 2.54048e-07
 2.33001e-07
 2.14233e-07
 1.97464e-07
 1.82448e-07
 1.68970e-07
 1.56843e-07
 1.45903e-07
 1.36012e-07
 1.27045e-07
 7.70909e-07
 6.91276e-07
 6.17969e-07
 5.52083e-07
 4.93701e-07
 4.42376e-07
 3.97433e-07
 3.58130e-07
 3.23744e-07
 2.93613e-07
 2.67151e-07
 2.43846e-07
 2.23261e-07
 2.05021e-07
 1.88806e-07
 1.74346e-07
 1.61410e-07
 1.49801e-07
 1.39352e-07
 1.29919e-07
 9.05593e-07
 7.94676e-07
 6.97423e-07
 6.13402e-07
 5.41323e-07
 4.79638e-07
 4.26820e-07
 3.81494e-07
 3.42467e-07
 3.08733e-07
 2.79451e-07
 2.53923e-07
 2.31571e-07
 2.11917e-07
 1.94562e-07
 1.79177e-07
 1.65485e-07
 1.53256e-07
 1.42294e-07
 1.32436e-07
 1.05921e-06
 9.07693e-07
 7.81194e-07
 6.76113e-07
 5.88785e-07
 5.15961e-07
 4.54926e-07
 4.03470e-07
 3.59821e-07
 3.22566e-07
 2.90573e-07
 2.62937e-07
 2.38932e-07
 2.17970e-07
 1.99572e-07
 1.83348e-07
 1.68977e-07
 1.56195e-07
 1.44779e-07
 1.34546e-07
 1.22748e-06
 1.02583e-06
 8.65473e-07
 7.37235e-07
 6.33832e-07
 5.49670e-07
 4.80506e-07
 4.23135e-07
 3.75119e-07
 3.34595e-07
 3.00126e-07
 2.70592e-07
 2.45117e-07
 2.23004e-07
 2.03698e-07
 1.86751e-07
 1.71800e-07
 1.58549e-07
 1.46752e-07
 1.36207e-07
 1.40035e-06
 1.14133e-06
 9.44655e-07
 7.92831e-07
 6.73716e-07
 5.78834e-07
 5.02199e-07
 4.39516e-07
 3.87657e-07
 3.44307e-07
 3.07730e-07
 2.76603e-07
 2.49910e-07
 2.26855e-07
 2.06814e-07
 1.89288e-07
 1.73878e-07
 1.60258e-07
 1.48165e-07
 1.37379e-07
 1.56067e-06
 1.24308e-06
 1.01163e-06
 8.38314e-07
 7.05430e-07
 6.01451e-07
 5.18643e-07
 4.51671e-07
 3.96772e-07
 3.51228e-07
 3.13042e-07
 2.80719e-07
 2.53124e-07
 2.29383e-07
 2.08814e-07
 1.90878e-07
 1.75146e-07
 1.61273e-07
 1.48978e-07
 1.38032e-07
 1.68526e-06
 1.31796e-06
 1.05876e-06
 8.69085e-07
 7.26117e-07
 6.15693e-07
 5.28637e-07
 4.58795e-07
 4.01912e-07
 3.54972e-07
 3.15788e-07
 2.82741e-07
 2.54615e-07
 2.30480e-07
 2.09616e-07
 1.91458e-07
 1.75558e-07
 1.61557e-07
 1.49164e-07
 1.38143e-07
 1.75031e-06
 1.35387e-06
 1.07951e-06
 8.81424e-07
 7.33567e-07
 6.20196e-07
 5.31315e-07
 4.60320e-07
 4.02698e-07
 3.55280e-07
 3.15787e-07
 2.82541e-07
 2.54290e-07
 2.30079e-07
 2.09172e-07
 1.90993e-07
 1.75087e-07
 1.61090e-07
 1.48708e-07
 1.37701e-07
 1.74038e-06
 1.34364e-06
 1.07025e-06
 8.73376e-07
 7.26674e-07
 6.14311e-07
 5.26282e-07
 4.55999e-07
 3.98971e-07
 3.52050e-07
 3.12972e-07
 2.80076e-07
 2.52121e-07
 2.28161e-07
 2.07469e-07
 1.89474e-07
 1.73728e-07
 1.59868e-07
 1.47606e-07
 1.36705e-07
 1.65571e-06
 1.28773e-06
 1.03140e-06
 8.45278e-07
 7.05694e-07
 5.98231e-07
 5.13687e-07
 4.45948e-07
 3.90823e-07
 3.45352e-07
 3.07399e-07
 2.75390e-07
 2.48143e-07
 2.24756e-07
 2.04531e-07
 1.86922e-07
 1.71496e-07
 1.57906e-07
 1.45872e-07
 1.35164e-07
 1.51196e-06
 1.19409e-06
 9.67318e-07
 7.99686e-07
 6.72205e-07
 5.72973e-07
 4.94206e-07
 4.30633e-07
 3.78581e-07
 3.35424e-07
 2.99244e-07
 2.68615e-07
 2.42457e-07
 2.19939e-07
 2.00418e-07
 1.83383e-07
 1.68431e-07
 1.55234e-07
 1.43529e-07
 1.33099e-07
 1.33283e-06
 1.07518e-06
 8.85026e-07
 7.40759e-07
 6.28790e-07
 5.40202e-07
 4.68950e-07
 4.10814e-07
 3.62780e-07
 3.22649e-07
 2.88786e-07
 2.59959e-07
 2.35219e-07
 2.13833e-07
 1.95224e-07
 1.78932e-07
 1.64589e-07
 1.51899e-07
 1.40616e-07
 1.30541e-07
 1.14160e-06
 9.44268e-07
 7.92400e-07
 6.73364e-07
 5.78555e-07
 5.01964e-07
 4.39301e-07
 3.87448e-07
 3.44096e-07
 3.07515e-07
 2.76385e-07
 2.49689e-07
 2.26633e-07
 2.06593e-07
 1.89069e-07
 1.73663e-07
 1.60048e-07
 1.47960e-07
 1.37181e-07
 1.27529e-07
 9.56161e-07
 8.12663e-07
 6.96689e-07
 6.02229e-07
 5.24650e-07
 4.60398e-07
 4.06745e-07
 3.61585e-07
 3.23286e-07
 2.90575e-07
 2.62449e-07
 2.38113e-07
 2.16933e-07
 1.98399e-07
 1.82096e-07
 1.67686e-07
 1.54894e-07
 1.43489e-07
 1.33281e-07
 1.24110e-07
 7.87777e-07
 6.88496e-07
 6.03608e-07
 5.31354e-07
 4.69887e-07
 4.17501e-07
 3.72711e-07
 3.34264e-07
 3.01113e-07
 2.72398e-07
 2.47408e-07
 2.25560e-07
 2.06372e-07
 1.89447e-07
 1.74456e-07
 1.61125e-07
 1.49225e-07
 1.38564e-07
 1.28981e-07
 1.20337e-07
 6.41825e-07
 5.76610e-07
 5.17051e-07
 4.63729e-07
 4.16516e-07
 3.74955e-07
 3.38462e-07
 3.06433e-07
 2.78295e-07
 2.53530e-07
 2.31681e-07
 2.12352e-07
 1.95202e-07
 1.79938e-07
 1.66310e-07
 1.54106e-07
 1.43144e-07
 1.33269e-07
 1.24347e-07
 1.16264e-07
 5.19386e-07
 4.79111e-07
 4.39214e-07
 4.01301e-07
 3.66153e-07
 3.34057e-07
 3.05019e-07
 2.78894e-07
 2.55458e-07
 2.34463e-07
 2.15656e-07
 1.98798e-07
 1.83667e-07
 1.70065e-07
 1.57814e-07
 1.46756e-07
 1.36754e-07
 1.27687e-07
 1.19449e-07
 1.11949e-07
 4.18925e-07
 3.96170e-07
 3.70947e-07
 3.45112e-07
 3.19810e-07
 2.95706e-07
 2.73147e-07
 2.52279e-07
 2.33121e-07
 2.15617e-07
 1.99673e-07
 1.85172e-07
 1.71992e-07
 1.60011e-07
 1.49115e-07
 1.39196e-07
 1.30154e-07
 1.21901e-07
 1.14357e-07
 1.07449e-07
 3.37658e-07
 3.26785e-07
 3.12159e-07
 2.95498e-07
 2.77994e-07
 2.60445e-07
 2.43360e-07
 2.27049e-07
 2.11680e-07
 1.97330e-07
 1.84014e-07
 1.71710e-07
 1.60371e-07
 1.49939e-07
 1.40350e-07
 1.31538e-07
 1.23439e-07
 1.15990e-07
 1.09135e-07
 1.02821e-07
