scalar
part
         1
quad4
 5.37583e-07
 4.97870e-07
 4.58094e-07
 4.19873e-07
 3.84088e-07
 3.51140e-07
 3.21126e-07
 2.93968e-07
 2.69493e-07
 2.47482e-07
 2.27704e-07
 2.09931e-07
 1.93946e-07
 1.79551e-07
 1.66570e-07
 1.54841e-07
 1.44224e-07
 1.34594e-07
 1.25842e-07
 1.17871e-07
 6.39364e-07
 5.80718e-07
 5.25261e-07
 4.74304e-07
 4.28287e-07
 3.87157e-07
 3.50609e-07
 3.18226e-07
 2.89560e-07
 2.64174e-07
 2.41666e-07
 2.21672e-07
 2.03872e-07
 1.87987e-07
 1.73773e-07
 1.61022e-07
 1.49551e-07
 1.39206e-07
 1.29851e-07
 1.21370e-07
 7.60268e-07
 6.75702e-07
 5.99945e-07
 5.33256e-07
 4.75086e-07
 4.24557e-07
 3.80713e-07
 3.42634e-07
 3.09495e-07
 2.80572e-07
 2.55246e-07
 2.32993e-07
 2.13369e-07
 1.96001e-07
 1.80574e-07
 1.66825e-07
 1.54528e-07
 1.43494e-07
 1.33562e-07
 1.24596e-07
 9.00937e-07
 7.81987e-07
 6.80828e-07
 5.95373e-07
 5.23271e-07
 4.62317e-07
 4.10601e-07
 3.66522e-07
 3.28762e-07
 2.96249e-07
 2.68106e-07
 2.43624e-07
 2.22221e-07
 2.03421e-07
 1.86834e-07
 1.72137e-07
 1.59061e-07
 1.47383e-07
 1.36915e-07
 1.27500e-07
 1.05930e-06
 8.96760e-07
 7.65263e-07
 6.58444e-07
 5.71083e-07
 4.99072e-07
 4.39226e-07
 3.89084e-07
 3.46746e-07
 3.10730e-07
 2.79879e-07
 2.53279e-07
 2.30203e-07
 2.10071e-07
 1.92412e-07
 1.76847e-07
 1.63062e-07
 1.50800e-07
 1.39850e-07
 1.30032e-07
 1.22887e-06
 1.01451e-06
 8.49017e-07
 7.19336e-07
 6.16237e-07
 5.33155e-07
 4.65365e-07
 4.09422e-07
 3.62776e-07
 3.23514e-07
 2.90184e-07
 2.61667e-07
 2.37093e-07
 2.15775e-07
 1.97172e-07
 1.80845e-07
 1.66443e-07
 1.53677e-07
 1.42310e-07
 1.32148e-07
 1.39728e-06
 1.12670e-06
 9.26307e-07
 7.74128e-07
 6.56047e-07
 5.62703e-07
 4.87710e-07
 4.26600e-07
 3.76176e-07
 3.34105e-07
 2.98653e-07
 2.68511e-07
 2.42678e-07
 2.20373e-07
 2.00987e-07
 1.84035e-07
 1.69127e-07
 1.55950e-07
 1.44247e-07
 1.33807e-07
 1.54632e-06
 1.22233e-06
 9.90333e-07
 8.18506e-07
 6.87706e-07
 5.85846e-07
 5.04984e-07
 4.39730e-07
 3.86317e-07
 3.42049e-07
 3.04955e-07
 2.73567e-07
 2.46774e-07
 2.23724e-07
 2.03751e-07
 1.86332e-07
 1.71050e-07
 1.57570e-07
 1.45619e-07
 1.34976e-07
 1.65485e-06
 1.28976e-06
 1.03436e-06
 8.48403e-07
 7.08665e-07
 6.00933e-07
 5.16093e-07
 4.48068e-07
 3.92681e-07
 3.46979e-07
 3.08823e-07
 2.76638e-07
 2.49238e-07
 2.25719e-07
 2.05380e-07
 1.87672e-07
 1.72160e-07
 1.58496e-07
 1.46396e-07
 1.35631e-07
 1.70448e-06
 1.31949e-06
 1.05313e-06
 8.60748e-07
 7.17051e-07
 6.06783e-07
 5.20263e-07
 4.51096e-07
 3.94914e-07
 3.48646e-07
 3.10082e-07
 2.77597e-07
 2.49974e-07
 2.26287e-07
 2.05820e-07
 1.88015e-07
 1.72427e-07
 1.58704e-07
 1.46558e-07
 1.35756e-07
 1.68587e-06
 1.30685e-06
 1.04414e-06
 8.54117e-07
 7.12017e-07
 6.02869e-07
 5.17159e-07
 4.48593e-07
 3.92865e-07
 3.46948e-07
 3.08659e-07
 2.76393e-07
 2.48946e-07
 2.25402e-07
 2.05053e-07
 1.87345e-07
 1.71840e-07
 1.58185e-07
 1.46098e-07
 1.35346e-07
 1.60208e-06
 1.25344e-06
 1.00829e-06
 8.29048e-07
 6.93901e-07
 5.89414e-07
 5.06933e-07
 4.40664e-07
 3.86612e-07
 3.41941e-07
 3.04596e-07
 2.73057e-07
 2.46177e-07
 2.23082e-07
 2.03093e-07
 1.85675e-07
 1.70407e-07
 1.56947e-07
 1.45022e-07
 1.34407e-07
 1.46715e-06
 1.16654e-06
 9.49616e-07
 7.87921e-07
 6.64169e-07
 5.67356e-07
 4.90203e-07
 4.27732e-07
 3.76446e-07
 3.33833e-07
 2.98044e-07
 2.67700e-07
 2.41752e-07
 2.19391e-07
 1.99988e-07
 1.83043e-07
 1.68158e-07
 1.55015e-07
 1.43351e-07
 1.32953e-07
 1.30124e-06
 1.05698e-06
 8.74327e-07
 7.34455e-07
 6.25143e-07
 5.38196e-07
 4.67969e-07
 4.10477e-07
 3.62846e-07
 3.22964e-07
 2.89250e-07
 2.60505e-07
 2.35806e-07
 2.14433e-07
 1.95818e-07
 1.79510e-07
 1.65144e-07
 1.52426e-07
 1.41114e-07
 1.31009e-07
 1.12472e-06
 9.36462e-07
 7.89407e-07
 6.72989e-07
 5.79608e-07
 5.03771e-07
 4.41476e-07
 3.89763e-07
 3.46421e-07
 3.09773e-07
 2.78536e-07
 2.51712e-07
 2.28521e-07
 2.08345e-07
 1.90690e-07
 1.75159e-07
 1.61428e-07
 1.49232e-07
 1.38353e-07
 1.28610e-07
 9.53752e-07
 8.15144e-07
 7.01366e-07
 6.07776e-07
 5.30400e-07
 4.66016e-07
 4.12067e-07
 3.66540e-07
 3.27854e-07
 2.94760e-07
 2.66271e-07
 2.41597e-07
 2.20106e-07
 2.01289e-07
 1.84730e-07
 1.70090e-07
 1.57089e-07
 1.45497e-07
 1.35120e-07
 1.25797e-07
 7.98474e-07
 7.00395e-07
 6.15391e-07
 5.42447e-07
 4.80076e-07
 4.26744e-07
 3.81044e-07
 3.41755e-07
 3.07842e-07
 2.78443e-07
 2.52845e-07
 2.30457e-07
 2.10791e-07
 1.93443e-07
 1.78076e-07
 1.64411e-07
 1.52215e-07
 1.41289e-07
 1.31469e-07
 1.22614e-07
 6.63511e-07
 5.96576e-07
 5.35033e-07
 4.79741e-07
 4.30700e-07
 3.87502e-07
 3.49566e-07
 3.16277e-07
 2.87042e-07
 2.61324e-07
 2.38645e-07
 2.18592e-07
 2.00808e-07
 1.84989e-07
 1.70874e-07
 1.58240e-07
 1.46898e-07
 1.36686e-07
 1.27464e-07
 1.19114e-07
 5.49584e-07
 5.05543e-07
 4.62301e-07
 4.21458e-07
 3.83771e-07
 3.49492e-07
 3.18582e-07
 2.90852e-07
 2.66039e-07
 2.43859e-07
 2.24029e-07
 2.06285e-07
 1.90383e-07
 1.76108e-07
 1.63268e-07
 1.51692e-07
 1.41234e-07
 1.31763e-07
 1.23167e-07
 1.15347e-07
 4.55176e-07
 4.27428e-07
 3.97990e-07
 3.68581e-07
 3.40245e-07
 3.13564e-07
 2.88814e-07
 2.66076e-07
 2.45319e-07
 2.26443e-07
 2.09316e-07
 1.93793e-07
 1.79724e-07
 1.66970e-07
 1.55396e-07
 1.44881e-07
 1.35314e-07
 1.26598e-07
 1.18642e-07
 1.11368e-07
