scalar
part
         1
quad4
 3.58054e-07
 3.44577e-07
 3.27588e-07
 3.08836e-07
 2.89516e-07
 2.70406e-07
 2.51990e-07
 2.34547e-07
 2.18217e-07
 2.03051e-07
 1.89041e-07
 1.76144e-07
 1.64298e-07
 1.53431e-07
 1.43467e-07
 1.34330e-07
 1.25949e-07
 1.18255e-07
 1.11185e-07
 1.04682e-07
 4.42079e-07
 4.15927e-07
 3.87735e-07
 3.59364e-07
 3.31924e-07
 3.06033e-07
 2.81985e-07
 2.59876e-07
 2.39682e-07
 2.21313e-07
 2.04643e-07
 1.89529e-07
 1.75831e-07
 1.63409e-07
 1.52136e-07
 1.41892e-07
 1.32571e-07
 1.24076e-07
 1.16321e-07
 1.09230e-07
 5.45573e-07
 5.00880e-07
 4.57290e-07
 4.16340e-07
 3.78717e-07
 3.44609e-07
 3.13936e-07
 2.86476e-07
 2.61948e-07
 2.40052e-07
 2.20500e-07
 2.03021e-07
 1.87370e-07
 1.73328e-07
 1.60704e-07
 1.49328e-07
 1.39054e-07
 1.29752e-07
 1.21311e-07
 1.13633e-07
 6.71162e-07
 6.00270e-07
 5.36196e-07
 4.79315e-07
 4.29302e-07
 3.85533e-07
 3.47288e-07
 3.13860e-07
 2.84596e-07
 2.58917e-07
 2.36322e-07
 2.16377e-07
 1.98715e-07
 1.83023e-07
 1.69034e-07
 1.56525e-07
 1.45302e-07
 1.35203e-07
 1.26087e-07
 1.17836e-07
 8.20043e-07
 7.13643e-07
 6.23395e-07
 5.47102e-07
 4.82572e-07
 4.27840e-07
 3.81236e-07
 3.41367e-07
 3.07093e-07
 2.77477e-07
 2.51760e-07
 2.29318e-07
 2.09641e-07
 1.92310e-07
 1.76978e-07
 1.63360e-07
 1.51216e-07
 1.40347e-07
 1.30583e-07
 1.21784e-07
 9.90521e-07
 8.38468e-07
 7.16419e-07
 6.17586e-07
 5.36808e-07
 4.70175e-07
 4.14720e-07
 3.68176e-07
 3.28798e-07
 2.95234e-07
 2.66425e-07
 2.41536e-07
 2.19903e-07
 2.00995e-07
 1.84380e-07
 1.69709e-07
 1.56694e-07
 1.45100e-07
 1.34729e-07
 1.25418e-07
 1.17629e-06
 9.69370e-07
 8.11080e-07
 6.87617e-07
 5.89673e-07
 5.10808e-07
 4.46458e-07
 3.93327e-07
 3.48992e-07
 3.11640e-07
 2.79897e-07
 2.52708e-07
 2.29251e-07
 2.08880e-07
 1.91082e-07
 1.75445e-07
 1.61635e-07
 1.49381e-07
 1.38460e-07
 1.28685e-07
 1.36495e-06
 1.09770e-06
 9.01420e-07
 7.53087e-07
 6.38314e-07
 5.47730e-07
 4.75017e-07
 4.15787e-07
 3.66916e-07
 3.26133e-07
 2.91756e-07
 2.62514e-07
 2.37438e-07
 2.15775e-07
 1.96935e-07
 1.80451e-07
 1.65945e-07
 1.53115e-07
 1.41713e-07
 1.31534e-07
 1.53774e-06
 1.21184e-06
 9.80119e-07
 8.09272e-07
 6.79605e-07
 5.78831e-07
 4.98941e-07
 4.34529e-07
 3.81835e-07
 3.38178e-07
 3.01602e-07
 2.70654e-07
 2.44236e-07
 2.21504e-07
 2.01804e-07
 1.84618e-07
 1.69538e-07
 1.56232e-07
 1.44433e-07
 1.33921e-07
 1.67150e-06
 1.29877e-06
 1.03949e-06
 8.51456e-07
 7.10551e-07
 6.02144e-07
 5.16903e-07
 4.48637e-07
 3.93102e-07
 3.47308e-07
 3.09096e-07
 2.76875e-07
 2.49453e-07
 2.25920e-07
 2.05572e-07
 1.87859e-07
 1.72343e-07
 1.58676e-07
 1.46574e-07
 1.35808e-07
 1.74404e-06
 1.34685e-06
 1.07302e-06
 8.75776e-07
 7.28756e-07
 6.16127e-07
 5.27877e-07
 4.57408e-07
 4.00223e-07
 3.53169e-07
 3.13977e-07
 2.80984e-07
 2.52945e-07
 2.28912e-07
 2.08155e-07
 1.90105e-07
 1.74308e-07
 1.60405e-07
 1.48103e-07
 1.37166e-07
 1.74214e-06
 1.34938e-06
 1.07701e-06
 8.80056e-07
 7.32871e-07
 6.19909e-07
 5.31280e-07
 4.60440e-07
 4.02915e-07
 3.55556e-07
 3.16096e-07
 2.82868e-07
 2.54624e-07
 2.30412e-07
 2.09500e-07
 1.91314e-07
 1.75398e-07
 1.61391e-07
 1.48997e-07
 1.37979e-07
 1.66781e-06
 1.30702e-06
 1.05165e-06
 8.64325e-07
 7.22865e-07
 6.13437e-07
 5.27057e-07
 4.57684e-07
 4.01132e-07
 3.54430e-07
 3.15418e-07
 2.82499e-07
 2.54467e-07
 2.30402e-07
 2.09591e-07
 1.91473e-07
 1.75602e-07
 1.61624e-07
 1.49248e-07
 1.38239e-07
 1.53748e-06
 1.22758e-06
 1.00097e-06
 8.30798e-07
 7.00015e-07
 5.97479e-07
 5.15684e-07
 4.49441e-07
 3.95073e-07
 3.49923e-07
 3.12033e-07
 2.79937e-07
 2.52516e-07
 2.28911e-07
 2.08448e-07
 1.90596e-07
 1.74931e-07
 1.61111e-07
 1.48860e-07
 1.37948e-07
 1.37465e-06
 1.12323e-06
 9.31647e-07
 7.83308e-07
 6.66622e-07
 5.73467e-07
 4.98081e-07
 4.36317e-07
 3.85145e-07
 3.42316e-07
 3.06139e-07
 2.75323e-07
 2.48874e-07
 2.26013e-07
 2.06126e-07
 1.88725e-07
 1.73415e-07
 1.59878e-07
 1.47852e-07
 1.37122e-07
 1.20162e-06
 1.00673e-06
 8.51201e-07
 7.26438e-07
 6.25560e-07
 5.43253e-07
 4.75472e-07
 4.19142e-07
 3.71922e-07
 3.32012e-07
 2.98022e-07
 2.68867e-07
 2.43693e-07
 2.21822e-07
 2.02712e-07
 1.85925e-07
 1.71105e-07
 1.57962e-07
 1.46255e-07
 1.35785e-07
 1.03461e-06
 8.88734e-07
 7.66518e-07
 6.64672e-07
 5.79791e-07
 5.08828e-07
 4.49218e-07
 3.98863e-07
 3.56072e-07
 3.19491e-07
 2.88033e-07
 2.60826e-07
 2.37167e-07
 2.16484e-07
 1.98316e-07
 1.82281e-07
 1.68068e-07
 1.55416e-07
 1.44110e-07
 1.33969e-07
 8.82922e-07
 7.76557e-07
 6.82949e-07
 6.01806e-07
 5.31991e-07
 4.72083e-07
 4.20664e-07
 3.76444e-07
 3.38298e-07
 3.05269e-07
 2.76555e-07
 2.51488e-07
 2.29512e-07
 2.10167e-07
 1.93068e-07
 1.77895e-07
 1.64381e-07
 1.52302e-07
 1.41466e-07
 1.31715e-07
 7.50395e-07
 6.74366e-07
 6.04081e-07
 5.40682e-07
 4.84324e-07
 4.34639e-07
 3.91023e-07
 3.52793e-07
 3.19278e-07
 2.89857e-07
 2.63975e-07
 2.41149e-07
 2.20959e-07
 2.03047e-07
 1.87106e-07
 1.72876e-07
 1.60134e-07
 1.48689e-07
 1.38380e-07
 1.29067e-07
 6.37376e-07
 5.83891e-07
 5.31944e-07
 4.83178e-07
 4.38377e-07
 3.97778e-07
 3.61302e-07
 3.28695e-07
 2.99624e-07
 2.73731e-07
 2.50666e-07
 2.30100e-07
 2.11735e-07
 1.95305e-07
 1.80575e-07
 1.67338e-07
 1.55417e-07
 1.44653e-07
 1.34912e-07
 1.26075e-07
