scalar
part
         1
quad4
 6.49957e-07
 5.94314e-07
 5.40502e-07
 4.90165e-07
 4.44064e-07
 4.02402e-07
 3.65061e-07
 3.31753e-07
 3.02115e-07
 2.75762e-07
 2.52324e-07
 2.31454e-07
 2.12842e-07
 1.96209e-07
 1.81312e-07
 1.67939e-07
 1.55903e-07
 1.45046e-07
 1.35227e-07
 1.26325e-07
 7.64597e-07
 6.85771e-07
 6.13173e-07
 5.47905e-07
 4.90056e-07
 4.39189e-07
 3.94639e-07
 3.55672e-07
 3.21574e-07
 2.91690e-07
 2.65441e-07
 2.42320e-07
 2.21894e-07
 2.03791e-07
 1.87697e-07
 1.73341e-07
 1.60497e-07
 1.48969e-07
 1.38592e-07
 1.29223e-07
 8.98772e-07
 7.88816e-07
 6.92389e-07
 6.09070e-07
 5.37587e-07
 4.76404e-07
 4.24009e-07
 3.79040e-07
 3.40315e-07
 3.06837e-07
 2.77773e-07
 2.52431e-07
 2.30240e-07
 2.10723e-07
 1.93488e-07
 1.78207e-07
 1.64606e-07
 1.52456e-07
 1.41565e-07
 1.31768e-07
 1.05191e-06
 9.01522e-07
 7.75972e-07
 6.71680e-07
 5.85005e-07
 5.12723e-07
 4.52136e-07
 4.01052e-07
 3.57715e-07
 3.20720e-07
 2.88947e-07
 2.61498e-07
 2.37652e-07
 2.16825e-07
 1.98544e-07
 1.82422e-07
 1.68139e-07
 1.55433e-07
 1.44085e-07
 1.33912e-07
 1.21976e-06
 1.01943e-06
 8.60141e-07
 7.32773e-07
 6.30075e-07
 5.46483e-07
 4.77784e-07
 4.20793e-07
 3.73091e-07
 3.32827e-07
 2.98574e-07
 2.69223e-07
 2.43902e-07
 2.21921e-07
 2.02727e-07
 1.85878e-07
 1.71011e-07
 1.57832e-07
 1.46100e-07
 1.35611e-07
 1.39233e-06
 1.13482e-06
 9.39328e-07
 7.88440e-07
 6.70062e-07
 5.75766e-07
 4.99599e-07
 4.37294e-07
 3.85741e-07
 3.42644e-07
 3.06275e-07
 2.75323e-07
 2.48776e-07
 2.25846e-07
 2.05911e-07
 1.88476e-07
 1.73144e-07
 1.59593e-07
 1.47559e-07
 1.36825e-07
 1.55255e-06
 1.23663e-06
 1.00647e-06
 8.34118e-07
 7.01979e-07
 5.98579e-07
 5.16225e-07
 4.49615e-07
 3.95007e-07
 3.49699e-07
 3.11708e-07
 2.79546e-07
 2.52087e-07
 2.28460e-07
 2.07988e-07
 1.90135e-07
 1.74475e-07
 1.60664e-07
 1.48424e-07
 1.37525e-07
 1.67734e-06
 1.31185e-06
 1.05396e-06
 8.65237e-07
 7.22982e-07
 6.13101e-07
 5.26465e-07
 4.56953e-07
 4.00334e-07
 3.53607e-07
 3.14597e-07
 2.81694e-07
 2.53688e-07
 2.29655e-07
 2.08877e-07
 1.90793e-07
 1.74956e-07
 1.61010e-07
 1.48666e-07
 1.37687e-07
 1.74309e-06
 1.34845e-06
 1.07532e-06
 8.78093e-07
 7.30868e-07
 6.17971e-07
 5.29452e-07
 4.58740e-07
 4.01342e-07
 3.54105e-07
 3.14760e-07
 2.81637e-07
 2.53487e-07
 2.29362e-07
 2.08528e-07
 1.90412e-07
 1.74560e-07
 1.60610e-07
 1.48269e-07
 1.37298e-07
 1.73455e-06
 1.33932e-06
 1.06692e-06
 8.70733e-07
 7.24525e-07
 6.12531e-07
 5.24784e-07
 4.54721e-07
 3.97869e-07
 3.51089e-07
 3.12127e-07
 2.79327e-07
 2.51453e-07
 2.27562e-07
 2.06928e-07
 1.88984e-07
 1.73280e-07
 1.59459e-07
 1.47231e-07
 1.36359e-07
 1.65196e-06
 1.28489e-06
 1.02916e-06
 8.43461e-07
 7.04187e-07
 5.96959e-07
 5.12597e-07
 4.45004e-07
 3.89996e-07
 3.44622e-07
 3.06749e-07
 2.74808e-07
 2.47618e-07
 2.24280e-07
 2.04097e-07
 1.86526e-07
 1.71132e-07
 1.57571e-07
 1.45562e-07
 1.34876e-07
 1.51074e-06
 1.19297e-06
 9.66307e-07
 7.98781e-07
 6.71396e-07
 5.72247e-07
 4.93552e-07
 4.30042e-07
 3.78045e-07
 3.34936e-07
 2.98798e-07
 2.68206e-07
 2.42080e-07
 2.19592e-07
 2.00096e-07
 1.83084e-07
 1.68152e-07
 1.54974e-07
 1.43286e-07
 1.32872e-07
 1.33413e-06
 1.07579e-06
 8.85255e-07
 7.40777e-07
 6.28686e-07
 5.40029e-07
 4.68737e-07
 4.10580e-07
 3.62537e-07
 3.22405e-07
 2.88546e-07
 2.59724e-07
 2.34992e-07
 2.13615e-07
 1.95014e-07
 1.78731e-07
 1.64398e-07
 1.51716e-07
 1.40441e-07
 1.30375e-07
 1.14499e-06
 9.46392e-07
 7.93759e-07
 6.74241e-07
 5.79119e-07
 5.02319e-07
 4.39514e-07
 3.87562e-07
 3.44142e-07
 3.07512e-07
 2.76347e-07
 2.49627e-07
 2.26555e-07
 2.06503e-07
 1.88972e-07
 1.73560e-07
 1.59943e-07
 1.47854e-07
 1.37074e-07
 1.27423e-07
 9.61038e-07
 8.15969e-07
 6.98981e-07
 6.03846e-07
 5.25806e-07
 4.61232e-07
 4.07349e-07
 3.62023e-07
 3.23602e-07
 2.90800e-07
 2.62606e-07
 2.38218e-07
 2.16999e-07
 1.98433e-07
 1.82107e-07
 1.67680e-07
 1.54873e-07
 1.43458e-07
 1.33241e-07
 1.24065e-07
 7.93535e-07
 6.92611e-07
 6.06597e-07
 5.33558e-07
 4.71534e-07
 4.18746e-07
 3.73661e-07
 3.34993e-07
 3.01676e-07
 2.72834e-07
 2.47746e-07
 2.25821e-07
 2.06573e-07
 1.89601e-07
 1.74572e-07
 1.61211e-07
 1.49286e-07
 1.38606e-07
 1.29006e-07
 1.20349e-07
 6.47972e-07
 5.81194e-07
 5.20506e-07
 4.66362e-07
 4.18545e-07
 3.76533e-07
 3.39701e-07
 3.07412e-07
 2.79074e-07
 2.54154e-07
 2.32183e-07
 2.12757e-07
 1.95529e-07
 1.80202e-07
 1.66524e-07
 1.54279e-07
 1.43283e-07
 1.33380e-07
 1.24435e-07
 1.16332e-07
 5.25571e-07
 4.83894e-07
 4.42936e-07
 4.04218e-07
 3.68456e-07
 3.35890e-07
 3.06489e-07
 2.80080e-07
 2.56422e-07
 2.35250e-07
 2.16303e-07
 1.99331e-07
 1.84109e-07
 1.70432e-07
 1.58118e-07
 1.47010e-07
 1.36966e-07
 1.27864e-07
 1.19597e-07
 1.12071e-07
 4.24924e-07
 4.00957e-07
 3.74776e-07
 3.48186e-07
 3.22291e-07
 2.97720e-07
 2.74791e-07
 2.53629e-07
 2.34235e-07
 2.16542e-07
 2.00444e-07
 1.85817e-07
 1.72534e-07
 1.60469e-07
 1.49502e-07
 1.39524e-07
 1.30433e-07
 1.22139e-07
 1.14559e-07
 1.07622e-07
 3.43344e-07
 3.31445e-07
 3.15978e-07
 2.98632e-07
 2.80573e-07
 2.62575e-07
 2.45127e-07
 2.28521e-07
 2.12912e-07
 1.98366e-07
 1.84888e-07
 1.72451e-07
 1.61001e-07
 1.50477e-07
 1.40811e-07
 1.31934e-07
 1.23779e-07
 1.16284e-07
 1.09389e-07
 1.03040e-07
