scalar
part
         1
quad4
 6.47465e-07
 5.92633e-07
 5.39488e-07
 4.89679e-07
 4.43983e-07
 4.02622e-07
 3.65499e-07
 3.32345e-07
 3.02810e-07
 2.76525e-07
 2.53126e-07
 2.32275e-07
 2.13666e-07
 1.97026e-07
 1.82115e-07
 1.68722e-07
 1.56664e-07
 1.45781e-07
 1.35936e-07
 1.27008e-07
 7.61744e-07
 6.83988e-07
 6.12223e-07
 5.47579e-07
 4.90182e-07
 4.39634e-07
 3.95301e-07
 3.56477e-07
 3.22467e-07
 2.92633e-07
 2.66404e-07
 2.43284e-07
 2.22846e-07
 2.04722e-07
 1.88600e-07
 1.74214e-07
 1.61337e-07
 1.49775e-07
 1.39364e-07
 1.29961e-07
 8.95616e-07
 7.87052e-07
 6.91637e-07
 6.09028e-07
 5.38026e-07
 4.77159e-07
 4.24963e-07
 3.80110e-07
 3.41446e-07
 3.07989e-07
 2.78921e-07
 2.53557e-07
 2.31333e-07
 2.11778e-07
 1.94500e-07
 1.79175e-07
 1.65529e-07
 1.53335e-07
 1.42401e-07
 1.32564e-07
 1.04865e-06
 9.00011e-07
 7.75632e-07
 6.72096e-07
 5.85894e-07
 5.13892e-07
 4.53458e-07
 4.02445e-07
 3.59124e-07
 3.22112e-07
 2.90301e-07
 2.62801e-07
 2.38898e-07
 2.18011e-07
 1.99670e-07
 1.83488e-07
 1.69148e-07
 1.56388e-07
 1.44988e-07
 1.34766e-07
 1.21683e-06
 1.01857e-06
 8.60526e-07
 7.33881e-07
 6.31579e-07
 5.48182e-07
 4.79557e-07
 4.22565e-07
 3.74818e-07
 3.34486e-07
 3.00153e-07
 2.70717e-07
 2.45310e-07
 2.23245e-07
 2.03971e-07
 1.87046e-07
 1.72108e-07
 1.58863e-07
 1.47069e-07
 1.36523e-07
 1.39059e-06
 1.13522e-06
 9.40857e-07
 7.90517e-07
 6.72366e-07
 5.78118e-07
 5.01901e-07
 4.39496e-07
 3.87822e-07
 3.44593e-07
 3.08094e-07
 2.77017e-07
 2.50352e-07
 2.27311e-07
 2.07275e-07
 1.89747e-07
 1.74329e-07
 1.60699e-07
 1.48594e-07
 1.37795e-07
 1.55330e-06
 1.23911e-06
 1.00963e-06
 8.37462e-07
 7.05262e-07
 6.01691e-07
 5.19124e-07
 4.52290e-07
 3.97464e-07
 3.51954e-07
 3.13775e-07
 2.81444e-07
 2.53832e-07
 2.30067e-07
 2.09471e-07
 1.91507e-07
 1.75746e-07
 1.61845e-07
 1.49523e-07
 1.38550e-07
 1.68226e-06
 1.31728e-06
 1.05923e-06
 8.70100e-07
 7.27383e-07
 6.17050e-07
 5.30001e-07
 4.60122e-07
 4.03179e-07
 3.56169e-07
 3.16912e-07
 2.83794e-07
 2.55599e-07
 2.31400e-07
 2.10476e-07
 1.92262e-07
 1.76311e-07
 1.62263e-07
 1.49826e-07
 1.38765e-07
 1.75370e-06
 1.35751e-06
 1.08299e-06
 8.84612e-07
 7.36444e-07
 6.22777e-07
 5.33628e-07
 4.62395e-07
 4.04565e-07
 3.56965e-07
 3.17313e-07
 2.83929e-07
 2.55556e-07
 2.31238e-07
 2.10236e-07
 1.91973e-07
 1.75992e-07
 1.61929e-07
 1.49487e-07
 1.38426e-07
 1.75134e-06
 1.35211e-06
 1.07698e-06
 8.78859e-07
 7.31222e-07
 6.18144e-07
 5.29556e-07
 4.58827e-07
 4.01439e-07
 3.54221e-07
 3.14897e-07
 2.81795e-07
 2.53664e-07
 2.29555e-07
 2.08734e-07
 1.90627e-07
 1.74783e-07
 1.60838e-07
 1.48500e-07
 1.37531e-07
 1.67387e-06
 1.30079e-06
 1.04122e-06
 8.52936e-07
 7.11828e-07
 6.03254e-07
 5.17874e-07
 4.49493e-07
 3.93862e-07
 3.47987e-07
 3.09706e-07
 2.77426e-07
 2.49953e-07
 2.26375e-07
 2.05989e-07
 1.88241e-07
 1.72696e-07
 1.59002e-07
 1.46876e-07
 1.36088e-07
 1.53544e-06
 1.21075e-06
 9.79669e-07
 8.09172e-07
 6.79702e-07
 5.79036e-07
 4.99204e-07
 4.34821e-07
 3.82139e-07
 3.38483e-07
 3.01901e-07
 2.70944e-07
 2.44514e-07
 2.21770e-07
 2.02057e-07
 1.84859e-07
 1.69766e-07
 1.56449e-07
 1.44638e-07
 1.34116e-07
 1.35900e-06
 1.09401e-06
 8.99072e-07
 7.51569e-07
 6.37325e-07
 5.47090e-07
 4.74611e-07
 4.15540e-07
 3.66780e-07
 3.26074e-07
 2.91751e-07
 2.62547e-07
 2.37498e-07
 2.15854e-07
 1.97027e-07
 1.80551e-07
 1.66051e-07
 1.53224e-07
 1.41823e-07
 1.31645e-07
 1.16800e-06
 9.63806e-07
 8.07255e-07
 6.84933e-07
 5.87760e-07
 5.09426e-07
 4.45450e-07
 3.92588e-07
 3.48448e-07
 3.11241e-07
 2.79606e-07
 2.52498e-07
 2.29103e-07
 2.08780e-07
 1.91018e-07
 1.75409e-07
 1.61622e-07
 1.49385e-07
 1.38477e-07
 1.28713e-07
 9.81086e-07
 8.31761e-07
 7.11575e-07
 6.14032e-07
 5.34163e-07
 4.68182e-07
 4.13201e-07
 3.67008e-07
 3.27893e-07
 2.94527e-07
 2.65871e-07
 2.41101e-07
 2.19561e-07
 2.00725e-07
 1.84168e-07
 1.69543e-07
 1.56566e-07
 1.45002e-07
 1.34656e-07
 1.25365e-07
 8.10325e-07
 7.06402e-07
 6.17950e-07
 5.42965e-07
 4.79395e-07
 4.25376e-07
 3.79305e-07
 3.39842e-07
 3.05877e-07
 2.76503e-07
 2.50973e-07
 2.28680e-07
 2.09121e-07
 1.91884e-07
 1.76630e-07
 1.63074e-07
 1.50981e-07
 1.40153e-07
 1.30424e-07
 1.21654e-07
 6.61708e-07
 5.92936e-07
 5.30486e-07
 4.74844e-07
 4.25776e-07
 3.82731e-07
 3.45045e-07
 3.12051e-07
 2.83126e-07
 2.57716e-07
 2.35334e-07
 2.15561e-07
 1.98037e-07
 1.82457e-07
 1.68561e-07
 1.56127e-07
 1.44967e-07
 1.34920e-07
 1.25848e-07
 1.17634e-07
 5.36676e-07
 4.93739e-07
 4.51560e-07
 4.11732e-07
 3.74996e-07
 3.41590e-07
 3.11473e-07
 2.84455e-07
 2.60280e-07
 2.38668e-07
 2.19346e-07
 2.02053e-07
 1.86554e-07
 1.72639e-07
 1.60119e-07
 1.48830e-07
 1.38627e-07
 1.29386e-07
 1.20997e-07
 1.13362e-07
 4.33871e-07
 4.09144e-07
 3.82149e-07
 3.54764e-07
 3.28132e-07
 3.02897e-07
 2.79382e-07
 2.57707e-07
 2.37867e-07
 2.19787e-07
 2.03354e-07
 1.88436e-07
 1.74900e-07
 1.62613e-07
 1.51453e-07
 1.41304e-07
 1.32063e-07
 1.23636e-07
 1.15939e-07
 1.08897e-07
 3.50565e-07
 3.38236e-07
 3.22245e-07
 3.04345e-07
 2.85743e-07
 2.67232e-07
 2.49315e-07
 2.32286e-07
 2.16300e-07
 2.01420e-07
 1.87648e-07
 1.74951e-07
 1.63272e-07
 1.52546e-07
 1.42700e-07
 1.33664e-07
 1.25369e-07
 1.17749e-07
 1.10742e-07
 1.04293e-07
