scalar
part
         1
quad4
 5.42986e-07
 5.02434e-07
 4.61929e-07
 4.23085e-07
 3.86777e-07
 3.53391e-07
 3.23013e-07
 2.95553e-07
 2.70828e-07
 2.48610e-07
 2.28660e-07
 2.10742e-07
 1.94637e-07
 1.80142e-07
 1.67075e-07
 1.55274e-07
 1.44597e-07
 1.34915e-07
 1.26119e-07
 1.18110e-07
 6.45224e-07
 5.85549e-07
 5.29227e-07
 4.77557e-07
 4.30956e-07
 3.89352e-07
 3.52418e-07
 3.19722e-07
 2.90802e-07
 2.65209e-07
 2.42530e-07
 2.22397e-07
 2.04482e-07
 1.88501e-07
 1.74208e-07
 1.61390e-07
 1.49864e-07
 1.39471e-07
 1.30077e-07
 1.21561e-07
 7.66545e-07
 6.80726e-07
 6.03960e-07
 5.36468e-07
 4.77663e-07
 4.26632e-07
 3.82391e-07
 3.43998e-07
 3.10607e-07
 2.81483e-07
 2.55995e-07
 2.33611e-07
 2.13881e-07
 1.96425e-07
 1.80927e-07
 1.67118e-07
 1.54772e-07
 1.43697e-07
 1.33732e-07
 1.24736e-07
 9.07511e-07
 7.87068e-07
 6.84761e-07
 5.98431e-07
 5.25660e-07
 4.64195e-07
 4.12086e-07
 3.67702e-07
 3.29705e-07
 2.97005e-07
 2.68715e-07
 2.44116e-07
 2.22618e-07
 2.03743e-07
 1.87095e-07
 1.72347e-07
 1.59230e-07
 1.47518e-07
 1.37023e-07
 1.27584e-07
 1.06593e-06
 9.01672e-07
 7.68924e-07
 6.61194e-07
 5.73165e-07
 5.00660e-07
 4.40445e-07
 3.90026e-07
 3.47476e-07
 3.11298e-07
 2.80322e-07
 2.53623e-07
 2.30471e-07
 2.10277e-07
 1.92570e-07
 1.76965e-07
 1.63149e-07
 1.50862e-07
 1.39891e-07
 1.30057e-07
 1.23514e-06
 1.01892e-06
 8.52149e-07
 7.21587e-07
 6.17871e-07
 5.34350e-07
 4.66243e-07
 4.10069e-07
 3.63252e-07
 3.23862e-07
 2.90436e-07
 2.61845e-07
 2.37214e-07
 2.15854e-07
 1.97217e-07
 1.80865e-07
 1.66442e-07
 1.53660e-07
 1.42282e-07
 1.32110e-07
 1.40253e-06
 1.13014e-06
 9.28593e-07
 7.75663e-07
 6.57083e-07
 5.63399e-07
 4.88172e-07
 4.26897e-07
 3.76357e-07
 3.34203e-07
 2.98691e-07
 2.68506e-07
 2.42641e-07
 2.20314e-07
 2.00912e-07
 1.83949e-07
 1.69034e-07
 1.55852e-07
 1.44145e-07
 1.33704e-07
 1.54966e-06
 1.22425e-06
 9.91427e-07
 8.19103e-07
 6.87997e-07
 5.85944e-07
 5.04962e-07
 4.39631e-07
 3.86170e-07
 3.41873e-07
 3.04761e-07
 2.73365e-07
 2.46570e-07
 2.23520e-07
 2.03550e-07
 1.86136e-07
 1.70860e-07
 1.57386e-07
 1.45442e-07
 1.34806e-07
 1.65530e-06
 1.28962e-06
 1.03395e-06
 8.47869e-07
 7.08090e-07
 6.00357e-07
 5.15534e-07
 4.47537e-07
 3.92182e-07
 3.46511e-07
 3.08387e-07
 2.76231e-07
 2.48859e-07
 2.25365e-07
 2.05049e-07
 1.87363e-07
 1.71871e-07
 1.58225e-07
 1.46142e-07
 1.35393e-07
 1.70127e-06
 1.31689e-06
 1.05100e-06
 8.58964e-07
 7.15540e-07
 6.05488e-07
 5.19141e-07
 4.50115e-07
 3.94049e-07
 3.47879e-07
 3.09396e-07
 2.76981e-07
 2.49417e-07
 2.25782e-07
 2.05359e-07
 1.87593e-07
 1.72039e-07
 1.58346e-07
 1.46227e-07
 1.35449e-07
 1.67881e-06
 1.30172e-06
 1.04025e-06
 8.51069e-07
 7.09565e-07
 6.00855e-07
 5.15476e-07
 4.47165e-07
 3.91640e-07
 3.45884e-07
 3.07727e-07
 2.75570e-07
 2.48214e-07
 2.24747e-07
 2.04463e-07
 1.86811e-07
 1.71354e-07
 1.57741e-07
 1.45691e-07
 1.34972e-07
 1.59168e-06
 1.24606e-06
 1.00281e-06
 8.24841e-07
 6.90578e-07
 5.86729e-07
 5.04721e-07
 4.38814e-07
 3.85043e-07
 3.40594e-07
 3.03428e-07
 2.72035e-07
 2.45276e-07
 2.22282e-07
 2.02377e-07
 1.85032e-07
 1.69826e-07
 1.56420e-07
 1.44542e-07
 1.33967e-07
 1.45449e-06
 1.15748e-06
 9.42887e-07
 7.82760e-07
 6.60106e-07
 5.64088e-07
 4.87524e-07
 4.25502e-07
 3.74565e-07
 3.32226e-07
 2.96658e-07
 2.66493e-07
 2.40693e-07
 2.18455e-07
 1.99154e-07
 1.82297e-07
 1.67487e-07
 1.54408e-07
 1.42799e-07
 1.32449e-07
 1.28753e-06
 1.04696e-06
 8.66766e-07
 7.28604e-07
 6.20512e-07
 5.34460e-07
 4.64904e-07
 4.07925e-07
 3.60694e-07
 3.21129e-07
 2.87670e-07
 2.59132e-07
 2.34603e-07
 2.13372e-07
 1.94876e-07
 1.78668e-07
 1.64388e-07
 1.51743e-07
 1.40495e-07
 1.30446e-07
 1.11099e-06
 9.26111e-07
 7.81435e-07
 6.66726e-07
 5.74597e-07
 4.99698e-07
 4.38117e-07
 3.86956e-07
 3.44049e-07
 3.07747e-07
 2.76789e-07
 2.50193e-07
 2.27191e-07
 2.07172e-07
 1.89649e-07
 1.74230e-07
 1.60595e-07
 1.48481e-07
 1.37673e-07
 1.27992e-07
 9.40690e-07
 8.04970e-07
 6.93338e-07
 6.01352e-07
 5.25190e-07
 4.61736e-07
 4.08508e-07
 3.63548e-07
 3.25313e-07
 2.92583e-07
 2.64389e-07
 2.39958e-07
 2.18669e-07
 2.00020e-07
 1.83603e-07
 1.69084e-07
 1.56186e-07
 1.44683e-07
 1.34383e-07
 1.25127e-07
 7.86443e-07
 6.90729e-07
 6.07572e-07
 5.36067e-07
 4.74821e-07
 4.22373e-07
 3.77374e-07
 3.38645e-07
 3.05185e-07
 2.76155e-07
 2.50860e-07
 2.28723e-07
 2.09266e-07
 1.92094e-07
 1.76876e-07
 1.63339e-07
 1.51252e-07
 1.40421e-07
 1.30683e-07
 1.21899e-07
 6.52649e-07
 5.87598e-07
 5.27597e-07
 4.73554e-07
 4.25522e-07
 3.83138e-07
 3.45863e-07
 3.13112e-07
 2.84318e-07
 2.58963e-07
 2.36587e-07
 2.16786e-07
 1.99216e-07
 1.83577e-07
 1.69615e-07
 1.57112e-07
 1.45884e-07
 1.35770e-07
 1.26634e-07
 1.18358e-07
 5.39887e-07
 4.97326e-07
 4.55347e-07
 4.15563e-07
 3.78759e-07
 3.45212e-07
 3.14910e-07
 2.87684e-07
 2.63291e-07
 2.41462e-07
 2.21927e-07
 2.04432e-07
 1.88742e-07
 1.74648e-07
 1.61962e-07
 1.50520e-07
 1.40177e-07
 1.30807e-07
 1.22299e-07
 1.14557e-07
 4.46568e-07
 4.19974e-07
 3.91558e-07
 3.63035e-07
 3.35460e-07
 3.09425e-07
 2.85221e-07
 2.62947e-07
 2.42582e-07
 2.24040e-07
 2.07196e-07
 1.91914e-07
 1.78053e-07
 1.65477e-07
 1.54057e-07
 1.43675e-07
 1.34225e-07
 1.25610e-07
 1.17744e-07
 1.10549e-07
