scalar
part
         1
quad4
 3.52487e-07
 3.39167e-07
 3.22425e-07
 3.03968e-07
 2.84963e-07
 2.66169e-07
 2.48060e-07
 2.30907e-07
 2.14847e-07
 1.99931e-07
 1.86150e-07
 1.73462e-07
 1.61808e-07
 1.51115e-07
 1.41310e-07
 1.32318e-07
 1.24069e-07
 1.16495e-07
 1.09536e-07
 1.03133e-07
 4.34898e-07
 4.09151e-07
 3.81429e-07
 3.53546e-07
 3.26583e-07
 3.01142e-07
 2.77510e-07
 2.55781e-07
 2.35931e-07
 2.17872e-07
 2.01479e-07
 1.86616e-07
 1.73142e-07
 1.60923e-07
 1.49831e-07
 1.39752e-07
 1.30579e-07
 1.22218e-07
 1.14585e-07
 1.07604e-07
 5.36324e-07
 4.92424e-07
 4.49628e-07
 4.09429e-07
 3.72492e-07
 3.39001e-07
 3.08876e-07
 2.81900e-07
 2.57799e-07
 2.36280e-07
 2.17059e-07
 1.99873e-07
 1.84482e-07
 1.70672e-07
 1.58253e-07
 1.47062e-07
 1.36952e-07
 1.27798e-07
 1.19491e-07
 1.11934e-07
 6.59305e-07
 5.89789e-07
 5.26961e-07
 4.71175e-07
 4.22111e-07
 3.79158e-07
 3.41613e-07
 3.08786e-07
 2.80041e-07
 2.54810e-07
 2.32603e-07
 2.12997e-07
 1.95631e-07
 1.80200e-07
 1.66441e-07
 1.54136e-07
 1.43094e-07
 1.33157e-07
 1.24187e-07
 1.16066e-07
 8.04980e-07
 7.00793e-07
 6.12391e-07
 5.37626e-07
 4.74356e-07
 4.20669e-07
 3.74934e-07
 3.35795e-07
 3.02134e-07
 2.73042e-07
 2.47771e-07
 2.25713e-07
 2.06368e-07
 1.89327e-07
 1.74249e-07
 1.60854e-07
 1.48908e-07
 1.38213e-07
 1.28606e-07
 1.19947e-07
 9.71683e-07
 8.22967e-07
 7.03515e-07
 6.06717e-07
 5.27551e-07
 4.62210e-07
 4.07803e-07
 3.62118e-07
 3.23453e-07
 2.90485e-07
 2.62179e-07
 2.37719e-07
 2.16454e-07
 1.97863e-07
 1.81524e-07
 1.67094e-07
 1.54292e-07
 1.42886e-07
 1.32682e-07
 1.23520e-07
 1.15328e-06
 9.51091e-07
 7.96256e-07
 6.75379e-07
 5.79414e-07
 5.02091e-07
 4.38965e-07
 3.86820e-07
 3.43290e-07
 3.06604e-07
 2.75418e-07
 2.48698e-07
 2.25641e-07
 2.05613e-07
 1.88112e-07
 1.72733e-07
 1.59149e-07
 1.47094e-07
 1.36349e-07
 1.26731e-07
 1.33780e-06
 1.07677e-06
 8.84819e-07
 7.39609e-07
 6.27159e-07
 5.38348e-07
 4.67018e-07
 4.08887e-07
 3.60904e-07
 3.20848e-07
 2.87073e-07
 2.58336e-07
 2.33688e-07
 2.12391e-07
 1.93865e-07
 1.77653e-07
 1.63385e-07
 1.50764e-07
 1.39546e-07
 1.29531e-07
 1.50707e-06
 1.18872e-06
 9.62075e-07
 7.94795e-07
 6.67732e-07
 5.68916e-07
 4.90535e-07
 4.27312e-07
 3.75572e-07
 3.32690e-07
 2.96754e-07
 2.66340e-07
 2.40371e-07
 2.18023e-07
 1.98651e-07
 1.81750e-07
 1.66917e-07
 1.53828e-07
 1.42219e-07
 1.31876e-07
 1.63862e-06
 1.27426e-06
 1.02052e-06
 8.36321e-07
 6.98195e-07
 5.91864e-07
 5.08214e-07
 4.41196e-07
 3.86658e-07
 3.41672e-07
 3.04125e-07
 2.72458e-07
 2.45502e-07
 2.22364e-07
 2.02356e-07
 1.84935e-07
 1.69674e-07
 1.56229e-07
 1.44324e-07
 1.33730e-07
 1.71070e-06
 1.32197e-06
 1.05374e-06
 8.60387e-07
 7.16190e-07
 6.05673e-07
 5.19044e-07
 4.49846e-07
 3.93676e-07
 3.47445e-07
 3.08931e-07
 2.76502e-07
 2.48937e-07
 2.25307e-07
 2.04895e-07
 1.87142e-07
 1.71605e-07
 1.57928e-07
 1.45825e-07
 1.35064e-07
 1.71011e-06
 1.32513e-06
 1.05804e-06
 8.64823e-07
 7.20376e-07
 6.09479e-07
 5.22446e-07
 4.52863e-07
 3.96346e-07
 3.49807e-07
 3.11023e-07
 2.78360e-07
 2.50590e-07
 2.26783e-07
 2.06218e-07
 1.88331e-07
 1.72675e-07
 1.58895e-07
 1.46702e-07
 1.35861e-07
 1.63838e-06
 1.28423e-06
 1.03353e-06
 8.49614e-07
 7.10697e-07
 6.03217e-07
 5.18358e-07
 4.50194e-07
 3.94620e-07
 3.48717e-07
 3.10368e-07
 2.78003e-07
 2.50440e-07
 2.26775e-07
 2.06307e-07
 1.88486e-07
 1.72875e-07
 1.59123e-07
 1.46946e-07
 1.36114e-07
 1.51132e-06
 1.20677e-06
 9.84104e-07
 8.16892e-07
 6.88384e-07
 5.87624e-07
 5.07239e-07
 4.42130e-07
 3.88688e-07
 3.44302e-07
 3.07050e-07
 2.75490e-07
 2.48525e-07
 2.25309e-07
 2.05182e-07
 1.87622e-07
 1.72212e-07
 1.58617e-07
 1.46562e-07
 1.35826e-07
 1.35193e-06
 1.10463e-06
 9.16241e-07
 7.70396e-07
 6.55680e-07
 5.64099e-07
 4.89987e-07
 4.29263e-07
 3.78951e-07
 3.36838e-07
 3.01263e-07
 2.70958e-07
 2.44945e-07
 2.22460e-07
 2.02898e-07
 1.85781e-07
 1.70719e-07
 1.57401e-07
 1.45569e-07
 1.35011e-07
 1.18215e-06
 9.90357e-07
 8.37338e-07
 7.14615e-07
 6.15400e-07
 5.34456e-07
 4.67799e-07
 4.12405e-07
 3.65967e-07
 3.26718e-07
 2.93289e-07
 2.64613e-07
 2.39852e-07
 2.18338e-07
 1.99539e-07
 1.83025e-07
 1.68445e-07
 1.55514e-07
 1.43995e-07
 1.33693e-07
 1.01805e-06
 8.74450e-07
 7.54173e-07
 6.53961e-07
 5.70455e-07
 5.00648e-07
 4.42013e-07
 3.92483e-07
 3.50394e-07
 3.14413e-07
 2.83470e-07
 2.56708e-07
 2.33434e-07
 2.13088e-07
 1.95214e-07
 1.79439e-07
 1.65455e-07
 1.53006e-07
 1.41882e-07
 1.31904e-07
 8.68875e-07
 7.64167e-07
 6.72031e-07
 5.92177e-07
 5.23480e-07
 4.64536e-07
 4.13950e-07
 3.70448e-07
 3.32922e-07
 3.00430e-07
 2.72183e-07
 2.47523e-07
 2.25904e-07
 2.06872e-07
 1.90050e-07
 1.75122e-07
 1.61826e-07
 1.49940e-07
 1.39278e-07
 1.29683e-07
 7.38477e-07
 6.63643e-07
 5.94465e-07
 5.32070e-07
 4.76610e-07
 4.27720e-07
 3.84804e-07
 3.47191e-07
 3.14218e-07
 2.85273e-07
 2.59810e-07
 2.37353e-07
 2.17489e-07
 1.99866e-07
 1.84183e-07
 1.70182e-07
 1.57644e-07
 1.46383e-07
 1.36239e-07
 1.27075e-07
 6.27240e-07
 5.74611e-07
 5.23490e-07
 4.75499e-07
 4.31411e-07
 3.91462e-07
 3.55571e-07
 3.23487e-07
 2.94884e-07
 2.69409e-07
 2.46716e-07
 2.26482e-07
 2.08413e-07
 1.92247e-07
 1.77754e-07
 1.64730e-07
 1.53000e-07
 1.42409e-07
 1.32823e-07
 1.24128e-07
