scalar
part
         1
quad4
 4.30817e-07
 4.05894e-07
 3.79147e-07
 3.52191e-07
 3.26029e-07
 3.01240e-07
 2.78117e-07
 2.56770e-07
 2.37199e-07
 2.19332e-07
 2.03065e-07
 1.88274e-07
 1.74834e-07
 1.62617e-07
 1.51507e-07
 1.41393e-07
 1.32175e-07
 1.23761e-07
 1.16070e-07
 1.09028e-07
 5.20885e-07
 4.80812e-07
 4.41159e-07
 4.03446e-07
 3.68431e-07
 3.36404e-07
 3.07378e-07
 2.81221e-07
 2.57720e-07
 2.36638e-07
 2.17728e-07
 2.00759e-07
 1.85513e-07
 1.71795e-07
 1.59430e-07
 1.48262e-07
 1.38155e-07
 1.28989e-07
 1.20658e-07
 1.13069e-07
 6.29759e-07
 5.68356e-07
 5.11541e-07
 4.60182e-07
 4.14366e-07
 3.73795e-07
 3.37997e-07
 3.06449e-07
 2.78638e-07
 2.54090e-07
 2.32378e-07
 2.13129e-07
 1.96018e-07
 1.80765e-07
 1.67129e-07
 1.54903e-07
 1.43911e-07
 1.33999e-07
 1.25038e-07
 1.16915e-07
 7.59111e-07
 6.68616e-07
 5.89706e-07
 5.21582e-07
 4.63002e-07
 4.12655e-07
 3.69316e-07
 3.31904e-07
 2.99497e-07
 2.71316e-07
 2.46710e-07
 2.25137e-07
 2.06146e-07
 1.89361e-07
 1.74468e-07
 1.61204e-07
 1.49349e-07
 1.38717e-07
 1.29149e-07
 1.20513e-07
 9.08689e-07
 7.80160e-07
 6.73968e-07
 5.86075e-07
 5.12997e-07
 4.51885e-07
 4.00453e-07
 3.56886e-07
 3.19743e-07
 2.87878e-07
 2.60377e-07
 2.36507e-07
 2.15677e-07
 1.97407e-07
 1.81305e-07
 1.67050e-07
 1.54376e-07
 1.43063e-07
 1.32927e-07
 1.23811e-07
 1.07485e-06
 8.99319e-07
 7.61226e-07
 6.51202e-07
 5.62456e-07
 4.90042e-07
 4.30315e-07
 3.80562e-07
 3.38739e-07
 3.03286e-07
 2.73001e-07
 2.46945e-07
 2.24380e-07
 2.04721e-07
 1.87496e-07
 1.72325e-07
 1.58899e-07
 1.46964e-07
 1.36309e-07
 1.26759e-07
 1.24907e-06
 1.01965e-06
 8.46805e-07
 7.13614e-07
 6.08981e-07
 5.25396e-07
 4.57642e-07
 4.02009e-07
 3.55802e-07
 3.17029e-07
 2.84193e-07
 2.56153e-07
 2.32026e-07
 2.11123e-07
 1.92899e-07
 1.76918e-07
 1.62829e-07
 1.50346e-07
 1.39237e-07
 1.29307e-07
 1.41722e-06
 1.13195e-06
 9.24648e-07
 7.69269e-07
 6.49826e-07
 5.56054e-07
 4.81107e-07
 4.20279e-07
 3.70245e-07
 3.28602e-07
 2.93579e-07
 2.63848e-07
 2.38399e-07
 2.16448e-07
 1.97385e-07
 1.80725e-07
 1.66083e-07
 1.53146e-07
 1.41659e-07
 1.31415e-07
 1.56056e-06
 1.22510e-06
 9.87947e-07
 8.13862e-07
 6.82193e-07
 5.80147e-07
 4.99433e-07
 4.34482e-07
 3.81434e-07
 3.37546e-07
 3.00821e-07
 2.69780e-07
 2.43308e-07
 2.20549e-07
 2.00841e-07
 1.83661e-07
 1.68594e-07
 1.55307e-07
 1.43532e-07
 1.33046e-07
 1.65887e-06
 1.28795e-06
 1.03023e-06
 8.43463e-07
 7.03607e-07
 5.96065e-07
 5.11543e-07
 4.43879e-07
 3.88853e-07
 3.43491e-07
 3.05650e-07
 2.73749e-07
 2.46605e-07
 2.23314e-07
 2.03180e-07
 1.85655e-07
 1.70306e-07
 1.56788e-07
 1.44819e-07
 1.34172e-07
 1.69560e-06
 1.31189e-06
 1.04667e-06
 8.55236e-07
 7.12322e-07
 6.02694e-07
 5.16701e-07
 4.47971e-07
 3.92153e-07
 3.46191e-07
 3.07887e-07
 2.75623e-07
 2.48190e-07
 2.24667e-07
 2.04344e-07
 1.86663e-07
 1.71186e-07
 1.57560e-07
 1.45500e-07
 1.34776e-07
 1.66359e-06
 1.29331e-06
 1.03532e-06
 8.48052e-07
 7.07647e-07
 5.99592e-07
 5.14616e-07
 4.46558e-07
 3.91194e-07
 3.45545e-07
 3.07457e-07
 2.75346e-07
 2.48022e-07
 2.24576e-07
 2.04307e-07
 1.86666e-07
 1.71216e-07
 1.57610e-07
 1.45564e-07
 1.34848e-07
 1.56853e-06
 1.23503e-06
 9.97704e-07
 8.22765e-07
 6.90090e-07
 5.87071e-07
 5.05483e-07
 4.39768e-07
 3.86062e-07
 3.41610e-07
 3.04402e-07
 2.72947e-07
 2.46119e-07
 2.23054e-07
 2.03081e-07
 1.85670e-07
 1.70403e-07
 1.56942e-07
 1.45012e-07
 1.34391e-07
 1.42727e-06
 1.14559e-06
 9.38447e-07
 7.82052e-07
 6.61266e-07
 5.66145e-07
 4.89961e-07
 4.28039e-07
 3.77055e-07
 3.34594e-07
 2.98867e-07
 2.68532e-07
 2.42561e-07
 2.20160e-07
 2.00708e-07
 1.83709e-07
 1.68772e-07
 1.55576e-07
 1.43862e-07
 1.33417e-07
 1.26159e-06
 1.03660e-06
 8.64136e-07
 7.29824e-07
 6.23596e-07
 5.38362e-07
 4.69070e-07
 4.12062e-07
 3.64651e-07
 3.24834e-07
 2.91096e-07
 2.62277e-07
 2.37478e-07
 2.15992e-07
 1.97262e-07
 1.80840e-07
 1.66366e-07
 1.53546e-07
 1.42140e-07
 1.31948e-07
 1.09132e-06
 9.19688e-07
 7.81784e-07
 6.70446e-07
 5.79877e-07
 5.05566e-07
 4.44054e-07
 3.92693e-07
 3.49452e-07
 3.12762e-07
 2.81402e-07
 2.54414e-07
 2.31042e-07
 2.10681e-07
 1.92845e-07
 1.77141e-07
 1.63247e-07
 1.50901e-07
 1.39884e-07
 1.30014e-07
 9.30402e-07
 8.04200e-07
 6.97564e-07
 6.08019e-07
 5.32871e-07
 4.69646e-07
 4.16227e-07
 3.70862e-07
 3.32126e-07
 2.98863e-07
 2.70144e-07
 2.45212e-07
 2.23458e-07
 2.04382e-07
 1.87576e-07
 1.72704e-07
 1.59489e-07
 1.47699e-07
 1.37141e-07
 1.27653e-07
 7.86475e-07
 6.96344e-07
 6.16113e-07
 5.45902e-07
 4.84989e-07
 4.32335e-07
 3.86843e-07
 3.47485e-07
 3.13347e-07
 2.83641e-07
 2.57700e-07
 2.34958e-07
 2.14945e-07
 1.97266e-07
 1.81589e-07
 1.67636e-07
 1.55175e-07
 1.44007e-07
 1.33965e-07
 1.24909e-07
 6.62256e-07
 5.99427e-07
 5.40415e-07
 4.86523e-07
 4.38123e-07
 3.95078e-07
 3.56998e-07
 3.23391e-07
 2.93747e-07
 2.67579e-07
 2.44441e-07
 2.23939e-07
 2.05729e-07
 1.89509e-07
 1.75023e-07
 1.62048e-07
 1.50393e-07
 1.39896e-07
 1.30414e-07
 1.21828e-07
 5.57420e-07
 5.14588e-07
 4.72031e-07
 4.31412e-07
 3.93606e-07
 3.58978e-07
 3.27579e-07
 2.99286e-07
 2.73883e-07
 2.51113e-07
 2.30713e-07
 2.12429e-07
 1.96025e-07
 1.81285e-07
 1.68017e-07
 1.56050e-07
 1.45235e-07
 1.35440e-07
 1.26549e-07
 1.18461e-07
