scalar
part
         1
quad4
 3.96612e-07
 3.76091e-07
 3.53246e-07
 3.29689e-07
 3.06455e-07
 2.84171e-07
 2.63186e-07
 2.43661e-07
 2.25643e-07
 2.09105e-07
 1.93976e-07
 1.80165e-07
 1.67569e-07
 1.56085e-07
 1.45611e-07
 1.36053e-07
 1.27321e-07
 1.19336e-07
 1.12023e-07
 1.05317e-07
 4.82357e-07
 4.47908e-07
 4.13070e-07
 3.79424e-07
 3.47817e-07
 3.18638e-07
 2.91994e-07
 2.67830e-07
 2.46005e-07
 2.26335e-07
 2.08622e-07
 1.92672e-07
 1.78298e-07
 1.65330e-07
 1.53612e-07
 1.43006e-07
 1.33389e-07
 1.24652e-07
 1.16698e-07
 1.09443e-07
 5.86565e-07
 5.32304e-07
 4.81367e-07
 4.34806e-07
 3.92899e-07
 3.55515e-07
 3.22326e-07
 2.92924e-07
 2.66889e-07
 2.43820e-07
 2.23347e-07
 2.05143e-07
 1.88919e-07
 1.74422e-07
 1.61436e-07
 1.49772e-07
 1.39266e-07
 1.29780e-07
 1.21191e-07
 1.13396e-07
 7.11144e-07
 6.29596e-07
 5.57737e-07
 4.95165e-07
 4.40974e-07
 3.94117e-07
 3.53576e-07
 3.18428e-07
 2.87867e-07
 2.61204e-07
 2.37857e-07
 2.17338e-07
 1.99234e-07
 1.83201e-07
 1.68951e-07
 1.56240e-07
 1.44862e-07
 1.34645e-07
 1.25440e-07
 1.17123e-07
 8.56298e-07
 7.38711e-07
 6.40752e-07
 5.59104e-07
 4.90816e-07
 4.33423e-07
 3.84915e-07
 3.43675e-07
 3.08404e-07
 2.78064e-07
 2.51816e-07
 2.28986e-07
 2.09027e-07
 1.91492e-07
 1.76015e-07
 1.62295e-07
 1.50083e-07
 1.39170e-07
 1.29381e-07
 1.20572e-07
 1.01912e-06
 8.56472e-07
 7.27622e-07
 6.24357e-07
 5.40650e-07
 4.72062e-07
 4.15291e-07
 3.67859e-07
 3.27883e-07
 2.93920e-07
 2.64850e-07
 2.39798e-07
 2.18069e-07
 1.99113e-07
 1.82484e-07
 1.67822e-07
 1.54834e-07
 1.43277e-07
 1.32952e-07
 1.23691e-07
 1.19212e-06
 9.77022e-07
 8.13995e-07
 6.87753e-07
 5.88174e-07
 5.08357e-07
 4.43475e-07
 3.90071e-07
 3.45624e-07
 3.08262e-07
 2.76572e-07
 2.49474e-07
 2.26129e-07
 2.05883e-07
 1.88214e-07
 1.72707e-07
 1.59025e-07
 1.46895e-07
 1.36092e-07
 1.26431e-07
 1.36231e-06
 1.09168e-06
 8.94063e-07
 7.45362e-07
 6.30691e-07
 5.40433e-07
 4.68140e-07
 4.09360e-07
 3.60935e-07
 3.20578e-07
 2.86599e-07
 2.57724e-07
 2.32985e-07
 2.11631e-07
 1.93072e-07
 1.76843e-07
 1.62571e-07
 1.49955e-07
 1.38747e-07
 1.28748e-07
 1.51174e-06
 1.18961e-06
 9.61085e-07
 7.92877e-07
 6.65379e-07
 5.66391e-07
 4.87984e-07
 4.24812e-07
 3.73164e-07
 3.30396e-07
 2.94581e-07
 2.64289e-07
 2.38440e-07
 2.16205e-07
 1.96940e-07
 1.80140e-07
 1.65401e-07
 1.52399e-07
 1.40871e-07
 1.30603e-07
 1.62003e-06
 1.25941e-06
 1.00838e-06
 8.26217e-07
 6.89651e-07
 5.84543e-07
 5.01872e-07
 4.35647e-07
 3.81762e-07
 3.37320e-07
 3.00231e-07
 2.68953e-07
 2.42331e-07
 2.19482e-07
 1.99723e-07
 1.82522e-07
 1.67454e-07
 1.54180e-07
 1.42426e-07
 1.31967e-07
 1.66920e-06
 1.29166e-06
 1.03067e-06
 8.42257e-07
 7.01576e-07
 5.93649e-07
 5.08981e-07
 4.41304e-07
 3.86336e-07
 3.41072e-07
 3.03346e-07
 2.71568e-07
 2.44546e-07
 2.21375e-07
 2.01355e-07
 1.83938e-07
 1.68690e-07
 1.55266e-07
 1.43384e-07
 1.32818e-07
 1.64992e-06
 1.28166e-06
 1.02538e-06
 8.39497e-07
 7.00233e-07
 5.93118e-07
 5.08920e-07
 4.41513e-07
 3.86698e-07
 3.41514e-07
 3.03825e-07
 2.72056e-07
 2.45029e-07
 2.21842e-07
 2.01801e-07
 1.84360e-07
 1.69088e-07
 1.55639e-07
 1.43734e-07
 1.33145e-07
 1.56594e-06
 1.23119e-06
 9.93416e-07
 8.18432e-07
 6.85901e-07
 5.83112e-07
 5.01784e-07
 4.36333e-07
 3.82882e-07
 3.38668e-07
 3.01680e-07
 2.70427e-07
 2.43782e-07
 2.20884e-07
 2.01061e-07
 1.83788e-07
 1.68646e-07
 1.55298e-07
 1.43472e-07
 1.32945e-07
 1.43311e-06
 1.14809e-06
 9.38999e-07
 7.81459e-07
 6.60009e-07
 5.64517e-07
 4.88141e-07
 4.26138e-07
 3.75140e-07
 3.32707e-07
 2.97033e-07
 2.66765e-07
 2.40869e-07
 2.18546e-07
 1.99170e-07
 1.82248e-07
 1.67384e-07
 1.54258e-07
 1.42611e-07
 1.32229e-07
 1.27313e-06
 1.04381e-06
 8.68511e-07
 7.32326e-07
 6.24854e-07
 5.38790e-07
 4.68942e-07
 4.11565e-07
 3.63911e-07
 3.23938e-07
 2.90104e-07
 2.61231e-07
 2.36406e-07
 2.14915e-07
 1.96194e-07
 1.79790e-07
 1.65340e-07
 1.52549e-07
 1.41173e-07
 1.31014e-07
 1.10624e-06
 9.30065e-07
 7.88957e-07
 6.75355e-07
 5.83180e-07
 5.07724e-07
 4.45390e-07
 3.93438e-07
 3.49770e-07
 3.12772e-07
 2.81189e-07
 2.54042e-07
 2.30555e-07
 2.10115e-07
 1.92224e-07
 1.76485e-07
 1.62571e-07
 1.50214e-07
 1.39194e-07
 1.29328e-07
 9.47004e-07
 8.16485e-07
 7.06625e-07
 6.14682e-07
 5.37751e-07
 4.73197e-07
 4.18782e-07
 3.72670e-07
 3.33369e-07
 2.99679e-07
 2.70634e-07
 2.45455e-07
 2.23511e-07
 2.04292e-07
 1.87376e-07
 1.72422e-07
 1.59145e-07
 1.47309e-07
 1.36718e-07
 1.27206e-07
 8.03598e-07
 7.09592e-07
 6.26324e-07
 5.53756e-07
 4.91020e-07
 4.36957e-07
 3.90374e-07
 3.50170e-07
 3.15374e-07
 2.85154e-07
 2.58809e-07
 2.35751e-07
 2.15488e-07
 1.97611e-07
 1.81778e-07
 1.67702e-07
 1.55142e-07
 1.43897e-07
 1.33794e-07
 1.24690e-07
 6.79166e-07
 6.12971e-07
 5.51214e-07
 4.95109e-07
 4.44939e-07
 4.00483e-07
 3.61279e-07
 3.26777e-07
 2.96419e-07
 2.69680e-07
 2.46084e-07
 2.25214e-07
 2.06706e-07
 1.90246e-07
 1.75565e-07
 1.62432e-07
 1.50649e-07
 1.40047e-07
 1.30480e-07
 1.21824e-07
 5.73686e-07
 5.27986e-07
 4.83008e-07
 4.40374e-07
 4.00908e-07
 3.64919e-07
 3.32410e-07
 3.03211e-07
 2.77069e-07
 2.53697e-07
 2.32805e-07
 2.14118e-07
 1.97382e-07
 1.82369e-07
 1.68876e-07
 1.56723e-07
 1.45754e-07
 1.35831e-07
 1.26834e-07
 1.18658e-07
