scalar
part
         1
quad4
 5.85291e-07
 5.38967e-07
 4.93354e-07
 4.50078e-07
 4.09974e-07
 3.73362e-07
 3.40254e-07
 3.10488e-07
 2.83814e-07
 2.59947e-07
 2.38597e-07
 2.19489e-07
 2.02368e-07
 1.87001e-07
 1.73185e-07
 1.60738e-07
 1.49499e-07
 1.39329e-07
 1.30107e-07
 1.21724e-07
 6.92319e-07
 6.25357e-07
 5.62810e-07
 5.05906e-07
 4.54947e-07
 4.09730e-07
 3.69805e-07
 3.34630e-07
 3.03649e-07
 2.76337e-07
 2.52220e-07
 2.30875e-07
 2.11936e-07
 1.95086e-07
 1.80050e-07
 1.66596e-07
 1.54521e-07
 1.43653e-07
 1.33845e-07
 1.24970e-07
 8.18612e-07
 7.23655e-07
 6.39389e-07
 5.65811e-07
 5.02090e-07
 4.47090e-07
 3.99636e-07
 3.58632e-07
 3.23108e-07
 2.92230e-07
 2.65292e-07
 2.41700e-07
 2.20959e-07
 2.02652e-07
 1.86432e-07
 1.72007e-07
 1.59134e-07
 1.47605e-07
 1.37246e-07
 1.27909e-07
 9.64338e-07
 8.32598e-07
 7.21434e-07
 6.28188e-07
 5.50010e-07
 4.84298e-07
 4.28830e-07
 3.81769e-07
 3.41620e-07
 3.07175e-07
 2.77460e-07
 2.51686e-07
 2.29214e-07
 2.09523e-07
 1.92189e-07
 1.76860e-07
 1.63247e-07
 1.51109e-07
 1.40247e-07
 1.30491e-07
 1.12658e-06
 9.48733e-07
 8.05850e-07
 6.90526e-07
 5.96758e-07
 5.19866e-07
 4.56260e-07
 4.03187e-07
 3.58538e-07
 3.20681e-07
 2.88346e-07
 2.60540e-07
 2.36475e-07
 2.15523e-07
 1.97181e-07
 1.81042e-07
 1.66771e-07
 1.54096e-07
 1.42791e-07
 1.32669e-07
 1.29753e-06
 1.06569e-06
 8.87874e-07
 7.49379e-07
 6.39861e-07
 5.52021e-07
 4.80646e-07
 4.21958e-07
 3.73179e-07
 3.32239e-07
 2.97570e-07
 2.67974e-07
 2.42520e-07
 2.20480e-07
 2.01277e-07
 1.84449e-07
 1.69624e-07
 1.56499e-07
 1.44826e-07
 1.34401e-07
 1.46300e-06
 1.17393e-06
 9.61205e-07
 8.00558e-07
 6.76504e-07
 5.78841e-07
 5.00656e-07
 4.37140e-07
 3.84870e-07
 3.41361e-07
 3.04772e-07
 2.73721e-07
 2.47150e-07
 2.24242e-07
 2.04358e-07
 1.86990e-07
 1.71733e-07
 1.58261e-07
 1.46306e-07
 1.35650e-07
 1.60286e-06
 1.26163e-06
 1.01870e-06
 8.39626e-07
 7.03851e-07
 5.98465e-07
 5.15039e-07
 4.47875e-07
 3.93011e-07
 3.47620e-07
 3.09644e-07
 2.77553e-07
 2.50194e-07
 2.26680e-07
 2.06326e-07
 1.88590e-07
 1.73042e-07
 1.59337e-07
 1.47195e-07
 1.36388e-07
 1.69482e-06
 1.31690e-06
 1.05365e-06
 8.62625e-07
 7.19471e-07
 6.09349e-07
 5.22785e-07
 4.53486e-07
 3.97135e-07
 3.50689e-07
 3.11951e-07
 2.79302e-07
 2.51528e-07
 2.27703e-07
 2.07113e-07
 1.89195e-07
 1.73508e-07
 1.59694e-07
 1.47468e-07
 1.36594e-07
 1.72141e-06
 1.33101e-06
 1.06139e-06
 8.66897e-07
 7.21778e-07
 6.10511e-07
 5.23266e-07
 4.53560e-07
 3.96966e-07
 3.50377e-07
 3.11560e-07
 2.78872e-07
 2.51084e-07
 2.27260e-07
 2.06680e-07
 1.88779e-07
 1.73111e-07
 1.59318e-07
 1.47113e-07
 1.36260e-07
 1.67677e-06
 1.30123e-06
 1.04051e-06
 8.51686e-07
 7.10349e-07
 6.01704e-07
 5.16335e-07
 4.48006e-07
 3.92446e-07
 3.46651e-07
 3.08451e-07
 2.76251e-07
 2.48853e-07
 2.25347e-07
 2.05026e-07
 1.87340e-07
 1.71850e-07
 1.58208e-07
 1.46130e-07
 1.35386e-07
 1.56880e-06
 1.23160e-06
 9.93260e-07
 8.18320e-07
 6.86009e-07
 5.83463e-07
 5.02350e-07
 4.37073e-07
 3.83755e-07
 3.39638e-07
 3.02718e-07
 2.71509e-07
 2.44891e-07
 2.22005e-07
 2.02184e-07
 1.84903e-07
 1.69748e-07
 1.56382e-07
 1.44534e-07
 1.33984e-07
 1.41552e-06
 1.13150e-06
 9.24887e-07
 7.69897e-07
 6.50673e-07
 5.57019e-07
 4.82130e-07
 4.21320e-07
 3.71280e-07
 3.29616e-07
 2.94564e-07
 2.64799e-07
 2.39311e-07
 2.17322e-07
 1.98220e-07
 1.81523e-07
 1.66844e-07
 1.53872e-07
 1.42351e-07
 1.32075e-07
 1.23859e-06
 1.01286e-06
 8.42314e-07
 7.10621e-07
 6.06992e-07
 5.24099e-07
 4.56830e-07
 4.01542e-07
 3.55582e-07
 3.16988e-07
 2.84282e-07
 2.56336e-07
 2.32277e-07
 2.11422e-07
 1.93232e-07
 1.77273e-07
 1.63199e-07
 1.50725e-07
 1.39620e-07
 1.29691e-07
 1.05764e-06
 8.87338e-07
 7.52697e-07
 6.45021e-07
 5.57916e-07
 4.86673e-07
 4.27800e-07
 3.78680e-07
 3.37332e-07
 3.02240e-07
 2.72231e-07
 2.46388e-07
 2.23990e-07
 2.04461e-07
 1.87339e-07
 1.72250e-07
 1.58888e-07
 1.47003e-07
 1.36388e-07
 1.26869e-07
 8.87006e-07
 7.64381e-07
 6.62281e-07
 5.77281e-07
 5.06291e-07
 4.46713e-07
 3.96427e-07
 3.53727e-07
 3.17249e-07
 2.85901e-07
 2.58805e-07
 2.35255e-07
 2.14681e-07
 1.96616e-07
 1.80680e-07
 1.66560e-07
 1.53996e-07
 1.42773e-07
 1.32711e-07
 1.23657e-07
 7.34965e-07
 6.50385e-07
 5.75770e-07
 5.10800e-07
 4.54568e-07
 4.05990e-07
 3.64001e-07
 3.27633e-07
 2.96041e-07
 2.68502e-07
 2.44408e-07
 2.23246e-07
 2.04587e-07
 1.88073e-07
 1.73402e-07
 1.60321e-07
 1.48618e-07
 1.38112e-07
 1.28650e-07
 1.20103e-07
 6.04702e-07
 5.48816e-07
 4.96186e-07
 4.48014e-07
 4.04642e-07
 3.65960e-07
 3.31635e-07
 3.01247e-07
 2.74357e-07
 2.50546e-07
 2.29429e-07
 2.10663e-07
 1.93948e-07
 1.79021e-07
 1.65655e-07
 1.53655e-07
 1.42851e-07
 1.33099e-07
 1.24272e-07
 1.16262e-07
 4.95994e-07
 4.60842e-07
 4.25073e-07
 3.90421e-07
 3.57821e-07
 3.27707e-07
 3.00206e-07
 2.75271e-07
 2.52757e-07
 2.32475e-07
 2.14220e-07
 1.97789e-07
 1.82988e-07
 1.69641e-07
 1.57586e-07
 1.46679e-07
 1.36792e-07
 1.27812e-07
 1.19640e-07
 1.12188e-07
 4.06776e-07
 3.86119e-07
 3.62863e-07
 3.38744e-07
 3.14883e-07
 2.91960e-07
 2.70355e-07
 2.50248e-07
 2.31692e-07
 2.14662e-07
 1.99087e-07
 1.84872e-07
 1.71913e-07
 1.60101e-07
 1.49332e-07
 1.39507e-07
 1.30535e-07
 1.22331e-07
 1.14821e-07
 1.07935e-07
