scalar
part
         1
quad4
 5.90430e-07
 5.43551e-07
 4.97428e-07
 4.53695e-07
 4.13185e-07
 3.76217e-07
 3.42798e-07
 3.12761e-07
 2.85852e-07
 2.61779e-07
 2.40251e-07
 2.20986e-07
 2.03727e-07
 1.88240e-07
 1.74318e-07
 1.61776e-07
 1.50453e-07
 1.40209e-07
 1.30919e-07
 1.22477e-07
 6.98253e-07
 6.30551e-07
 5.67349e-07
 5.09875e-07
 4.58426e-07
 4.12788e-07
 3.72505e-07
 3.37022e-07
 3.05778e-07
 2.78240e-07
 2.53927e-07
 2.32414e-07
 2.13328e-07
 1.96349e-07
 1.81202e-07
 1.67648e-07
 1.55486e-07
 1.44541e-07
 1.34664e-07
 1.25727e-07
 8.25461e-07
 7.29520e-07
 6.44419e-07
 5.70139e-07
 5.05832e-07
 4.50343e-07
 4.02480e-07
 3.61131e-07
 3.25316e-07
 2.94192e-07
 2.67044e-07
 2.43272e-07
 2.22375e-07
 2.03934e-07
 1.87596e-07
 1.73069e-07
 1.60106e-07
 1.48497e-07
 1.38068e-07
 1.28668e-07
 9.72205e-07
 8.39174e-07
 7.26960e-07
 6.32865e-07
 5.53999e-07
 4.87726e-07
 4.31798e-07
 3.84356e-07
 3.43892e-07
 3.09183e-07
 2.79244e-07
 2.53280e-07
 2.30646e-07
 2.10816e-07
 1.93360e-07
 1.77926e-07
 1.64220e-07
 1.52002e-07
 1.41068e-07
 1.31248e-07
 1.13554e-06
 9.56020e-07
 8.11847e-07
 6.95517e-07
 6.00957e-07
 5.23436e-07
 4.59323e-07
 4.05840e-07
 3.60853e-07
 3.22717e-07
 2.90149e-07
 2.62145e-07
 2.37912e-07
 2.16817e-07
 1.98352e-07
 1.82105e-07
 1.67741e-07
 1.54984e-07
 1.43608e-07
 1.33421e-07
 1.30755e-06
 1.07362e-06
 8.94271e-07
 7.54618e-07
 6.44214e-07
 5.55687e-07
 4.83768e-07
 4.24645e-07
 3.75513e-07
 3.34283e-07
 2.99374e-07
 2.69576e-07
 2.43952e-07
 2.21767e-07
 2.02440e-07
 1.85504e-07
 1.70585e-07
 1.57378e-07
 1.45634e-07
 1.35145e-07
 1.47392e-06
 1.18237e-06
 9.67876e-07
 8.05947e-07
 6.80936e-07
 5.82544e-07
 5.03791e-07
 4.39825e-07
 3.87194e-07
 3.43391e-07
 3.06560e-07
 2.75306e-07
 2.48564e-07
 2.25512e-07
 2.05504e-07
 1.88029e-07
 1.72680e-07
 1.59127e-07
 1.47101e-07
 1.36382e-07
 1.61434e-06
 1.27031e-06
 1.02546e-06
 8.45035e-07
 7.08267e-07
 6.02136e-07
 5.18135e-07
 4.50520e-07
 3.95295e-07
 3.49612e-07
 3.11396e-07
 2.79106e-07
 2.51579e-07
 2.27923e-07
 2.07448e-07
 1.89607e-07
 1.73968e-07
 1.60184e-07
 1.47973e-07
 1.37104e-07
 1.70633e-06
 1.32548e-06
 1.06028e-06
 8.67903e-07
 7.23767e-07
 6.12912e-07
 5.25787e-07
 4.56049e-07
 3.99349e-07
 3.52620e-07
 3.13649e-07
 2.80807e-07
 2.52871e-07
 2.28910e-07
 2.08202e-07
 1.90184e-07
 1.74408e-07
 1.60519e-07
 1.48225e-07
 1.37292e-07
 1.73231e-06
 1.33912e-06
 1.06765e-06
 8.71890e-07
 7.25849e-07
 6.13893e-07
 5.26121e-07
 4.56002e-07
 3.99078e-07
 3.52223e-07
 3.13187e-07
 2.80316e-07
 2.52374e-07
 2.28421e-07
 2.07729e-07
 1.89732e-07
 1.73980e-07
 1.60115e-07
 1.47845e-07
 1.36936e-07
 1.68644e-06
 1.30852e-06
 1.04620e-06
 8.56257e-07
 7.14102e-07
 6.04840e-07
 5.18996e-07
 4.50292e-07
 3.94432e-07
 3.48392e-07
 3.09990e-07
 2.77621e-07
 2.50081e-07
 2.26453e-07
 2.06028e-07
 1.88252e-07
 1.72684e-07
 1.58973e-07
 1.46835e-07
 1.36037e-07
 1.57686e-06
 1.23783e-06
 9.98225e-07
 8.22368e-07
 6.89373e-07
 5.86303e-07
 5.04780e-07
 4.39176e-07
 3.85592e-07
 3.41257e-07
 3.04156e-07
 2.72795e-07
 2.46048e-07
 2.23050e-07
 2.03134e-07
 1.85770e-07
 1.70542e-07
 1.57112e-07
 1.45208e-07
 1.34608e-07
 1.42186e-06
 1.13658e-06
 9.29053e-07
 7.73368e-07
 6.53608e-07
 5.59531e-07
 4.84304e-07
 4.23220e-07
 3.72954e-07
 3.31102e-07
 2.95891e-07
 2.65992e-07
 2.40389e-07
 2.18300e-07
 1.99113e-07
 1.82340e-07
 1.67595e-07
 1.54564e-07
 1.42992e-07
 1.32669e-07
 1.24332e-06
 1.01683e-06
 8.45683e-07
 7.13505e-07
 6.09484e-07
 5.26270e-07
 4.58737e-07
 4.03228e-07
 3.57083e-07
 3.18332e-07
 2.85492e-07
 2.57430e-07
 2.33271e-07
 2.12330e-07
 1.94063e-07
 1.78038e-07
 1.63904e-07
 1.51378e-07
 1.40225e-07
 1.30254e-07
 1.06100e-06
 8.90317e-07
 7.55328e-07
 6.47347e-07
 5.59978e-07
 4.88509e-07
 4.29440e-07
 3.80152e-07
 3.38658e-07
 3.03439e-07
 2.73320e-07
 2.47382e-07
 2.24899e-07
 2.05296e-07
 1.88107e-07
 1.72959e-07
 1.59545e-07
 1.47613e-07
 1.36956e-07
 1.27400e-07
 8.89281e-07
 7.66525e-07
 6.64267e-07
 5.79103e-07
 5.07956e-07
 4.48230e-07
 3.97810e-07
 3.54989e-07
 3.18402e-07
 2.86956e-07
 2.59774e-07
 2.36147e-07
 2.15503e-07
 1.97376e-07
 1.81384e-07
 1.67214e-07
 1.54605e-07
 1.43341e-07
 1.33241e-07
 1.24154e-07
 7.36413e-07
 6.51860e-07
 5.77215e-07
 5.12186e-07
 4.55878e-07
 4.07218e-07
 3.65146e-07
 3.28697e-07
 2.97029e-07
 2.69419e-07
 2.45260e-07
 2.24037e-07
 2.05323e-07
 1.88759e-07
 1.74042e-07
 1.60919e-07
 1.49177e-07
 1.38636e-07
 1.29143e-07
 1.20566e-07
 6.05542e-07
 5.49771e-07
 4.97193e-07
 4.49032e-07
 4.05644e-07
 3.66929e-07
 3.32563e-07
 3.02128e-07
 2.75191e-07
 2.51331e-07
 2.30168e-07
 2.11358e-07
 1.94601e-07
 1.79634e-07
 1.66232e-07
 1.54197e-07
 1.43362e-07
 1.33580e-07
 1.24726e-07
 1.16691e-07
 4.96398e-07
 4.61404e-07
 4.25734e-07
 3.91138e-07
 3.58563e-07
 3.28454e-07
 3.00943e-07
 2.75988e-07
 2.53449e-07
 2.33138e-07
 2.14853e-07
 1.98392e-07
 1.83561e-07
 1.70185e-07
 1.58101e-07
 1.47167e-07
 1.37255e-07
 1.28251e-07
 1.20056e-07
 1.12583e-07
 4.06873e-07
 3.86389e-07
 3.63255e-07
 3.39219e-07
 3.15410e-07
 2.92517e-07
 2.70926e-07
 2.50820e-07
 2.32257e-07
 2.15214e-07
 1.99623e-07
 1.85390e-07
 1.72410e-07
 1.60578e-07
 1.49788e-07
 1.39943e-07
 1.30951e-07
 1.22729e-07
 1.15200e-07
 1.08296e-07
