scalar
part
         1
quad4
 4.37361e-07
 4.11523e-07
 3.83972e-07
 3.56323e-07
 3.29570e-07
 3.04281e-07
 2.80736e-07
 2.59034e-07
 2.39163e-07
 2.21043e-07
 2.04562e-07
 1.89590e-07
 1.75994e-07
 1.63645e-07
 1.52421e-07
 1.42209e-07
 1.32905e-07
 1.24417e-07
 1.16662e-07
 1.09564e-07
 5.28138e-07
 4.86918e-07
 4.46292e-07
 4.07766e-07
 3.72077e-07
 3.39492e-07
 3.10008e-07
 2.83470e-07
 2.59655e-07
 2.38310e-07
 2.19181e-07
 2.02028e-07
 1.86627e-07
 1.72777e-07
 1.60299e-07
 1.49035e-07
 1.38846e-07
 1.29607e-07
 1.21214e-07
 1.13571e-07
 6.37736e-07
 5.74906e-07
 5.16928e-07
 4.64630e-07
 4.18059e-07
 3.76880e-07
 3.40591e-07
 3.08646e-07
 2.80511e-07
 2.55696e-07
 2.33765e-07
 2.14333e-07
 1.97069e-07
 1.81687e-07
 1.67943e-07
 1.55624e-07
 1.44553e-07
 1.34574e-07
 1.25554e-07
 1.17379e-07
 7.67762e-07
 6.75521e-07
 5.95249e-07
 5.26066e-07
 4.66662e-07
 4.15669e-07
 3.71820e-07
 3.34003e-07
 3.01271e-07
 2.72826e-07
 2.48006e-07
 2.26256e-07
 2.07119e-07
 1.90211e-07
 1.75216e-07
 1.61865e-07
 1.49936e-07
 1.39240e-07
 1.29618e-07
 1.20935e-07
 9.17855e-07
 7.87245e-07
 6.79510e-07
 5.90464e-07
 5.16518e-07
 4.54744e-07
 4.02801e-07
 3.58835e-07
 3.21377e-07
 2.89260e-07
 2.61556e-07
 2.37521e-07
 2.16555e-07
 1.98172e-07
 1.81976e-07
 1.67641e-07
 1.54900e-07
 1.43530e-07
 1.33344e-07
 1.24186e-07
 1.08420e-06
 9.06301e-07
 7.66542e-07
 6.55325e-07
 5.65710e-07
 4.92648e-07
 4.32433e-07
 3.82306e-07
 3.40191e-07
 3.04508e-07
 2.74038e-07
 2.47833e-07
 2.25147e-07
 2.05387e-07
 1.88079e-07
 1.72838e-07
 1.59353e-07
 1.47368e-07
 1.36669e-07
 1.27083e-07
 1.25803e-06
 1.02612e-06
 8.51607e-07
 7.17268e-07
 6.11821e-07
 5.27647e-07
 4.59456e-07
 4.03492e-07
 3.57030e-07
 3.18058e-07
 2.85064e-07
 2.56897e-07
 2.32667e-07
 2.11679e-07
 1.93385e-07
 1.77345e-07
 1.63207e-07
 1.50682e-07
 1.39537e-07
 1.29577e-07
 1.42500e-06
 1.13739e-06
 9.28604e-07
 7.72234e-07
 6.52106e-07
 5.57846e-07
 4.82543e-07
 4.21448e-07
 3.71210e-07
 3.29409e-07
 2.94261e-07
 2.64431e-07
 2.38900e-07
 2.16883e-07
 1.97766e-07
 1.81061e-07
 1.66380e-07
 1.53410e-07
 1.41896e-07
 1.31627e-07
 1.56622e-06
 1.22898e-06
 9.90733e-07
 8.15935e-07
 6.83781e-07
 5.81392e-07
 5.00430e-07
 4.35295e-07
 3.82106e-07
 3.38109e-07
 3.01298e-07
 2.70189e-07
 2.43661e-07
 2.20857e-07
 2.01111e-07
 1.83899e-07
 1.68805e-07
 1.55496e-07
 1.43701e-07
 1.33199e-07
 1.66160e-06
 1.28984e-06
 1.03159e-06
 8.44493e-07
 7.04407e-07
 5.96702e-07
 5.12060e-07
 4.44306e-07
 3.89211e-07
 3.43795e-07
 3.05910e-07
 2.73975e-07
 2.46802e-07
 2.23488e-07
 2.03334e-07
 1.85792e-07
 1.70430e-07
 1.56899e-07
 1.44920e-07
 1.34264e-07
 1.69503e-06
 1.31158e-06
 1.04651e-06
 8.55159e-07
 7.12293e-07
 6.02694e-07
 5.16719e-07
 4.47999e-07
 3.92187e-07
 3.46228e-07
 3.07925e-07
 2.75662e-07
 2.48229e-07
 2.24705e-07
 2.04381e-07
 1.86699e-07
 1.71220e-07
 1.57593e-07
 1.45532e-07
 1.34806e-07
 1.65993e-06
 1.29092e-06
 1.03370e-06
 8.46901e-07
 7.06809e-07
 5.98969e-07
 5.14142e-07
 4.46193e-07
 3.90908e-07
 3.45318e-07
 3.07276e-07
 2.75200e-07
 2.47903e-07
 2.24479e-07
 2.04228e-07
 1.86600e-07
 1.71162e-07
 1.57564e-07
 1.45526e-07
 1.34817e-07
 1.56250e-06
 1.23094e-06
 9.94818e-07
 8.20665e-07
 6.88521e-07
 5.85874e-07
 5.04552e-07
 4.39032e-07
 3.85472e-07
 3.41131e-07
 3.04009e-07
 2.72622e-07
 2.45848e-07
 2.22826e-07
 2.02887e-07
 1.85505e-07
 1.70261e-07
 1.56820e-07
 1.44906e-07
 1.34299e-07
 1.41977e-06
 1.14029e-06
 9.34602e-07
 7.79189e-07
 6.59086e-07
 5.64453e-07
 4.88626e-07
 4.26971e-07
 3.76188e-07
 3.33882e-07
 2.98278e-07
 2.68039e-07
 2.42145e-07
 2.19807e-07
 2.00405e-07
 1.83449e-07
 1.68546e-07
 1.55379e-07
 1.43690e-07
 1.33266e-07
 1.25344e-06
 1.03061e-06
 8.59655e-07
 7.26406e-07
 6.20943e-07
 5.36271e-07
 4.67398e-07
 4.10708e-07
 3.63541e-07
 3.23915e-07
 2.90329e-07
 2.61630e-07
 2.36928e-07
 2.15522e-07
 1.96857e-07
 1.80490e-07
 1.66061e-07
 1.53279e-07
 1.41905e-07
 1.31741e-07
 1.08311e-06
 9.13433e-07
 7.76960e-07
 6.66677e-07
 5.76894e-07
 5.03177e-07
 4.42117e-07
 3.91106e-07
 3.48139e-07
 3.11666e-07
 2.80479e-07
 2.53631e-07
 2.30373e-07
 2.10105e-07
 1.92347e-07
 1.76707e-07
 1.62868e-07
 1.50568e-07
 1.39590e-07
 1.29753e-07
 9.22517e-07
 7.97981e-07
 6.92630e-07
 6.04073e-07
 5.29688e-07
 4.67054e-07
 4.14098e-07
 3.69098e-07
 3.30651e-07
 2.97621e-07
 2.69090e-07
 2.44312e-07
 2.22684e-07
 2.03713e-07
 1.86994e-07
 1.72196e-07
 1.59043e-07
 1.47305e-07
 1.36792e-07
 1.27343e-07
 7.79111e-07
 6.90358e-07
 6.11240e-07
 5.41918e-07
 4.81715e-07
 4.29626e-07
 3.84587e-07
 3.45593e-07
 3.11750e-07
 2.82285e-07
 2.56540e-07
 2.33961e-07
 2.14083e-07
 1.96516e-07
 1.80934e-07
 1.67061e-07
 1.54667e-07
 1.43558e-07
 1.33566e-07
 1.24552e-07
 6.55495e-07
 5.93786e-07
 5.35715e-07
 4.82602e-07
 4.34843e-07
 3.92323e-07
 3.54673e-07
 3.21419e-07
 2.92066e-07
 2.66137e-07
 2.43199e-07
 2.22864e-07
 2.04793e-07
 1.88691e-07
 1.74304e-07
 1.61414e-07
 1.49832e-07
 1.39397e-07
 1.29970e-07
 1.21430e-07
 5.51274e-07
 5.09342e-07
 4.67570e-07
 4.27622e-07
 3.90383e-07
 3.56231e-07
 3.25232e-07
 2.97273e-07
 2.72149e-07
 2.49614e-07
 2.29412e-07
 2.11295e-07
 1.95032e-07
 1.80411e-07
 1.67246e-07
 1.55367e-07
 1.44628e-07
 1.34898e-07
 1.26064e-07
 1.18026e-07
