scalar
part
         1
quad4
 3.90084e-07
 3.70521e-07
 3.48510e-07
 3.25665e-07
 3.03033e-07
 2.81255e-07
 2.60693e-07
 2.41522e-07
 2.23801e-07
 2.07512e-07
 1.92593e-07
 1.78958e-07
 1.66513e-07
 1.55156e-07
 1.44791e-07
 1.35326e-07
 1.26676e-07
 1.18760e-07
 1.11507e-07
 1.04854e-07
 4.75174e-07
 4.41916e-07
 4.08076e-07
 3.75257e-07
 3.44331e-07
 3.15709e-07
 2.89521e-07
 2.65732e-07
 2.44216e-07
 2.24801e-07
 2.07301e-07
 1.91527e-07
 1.77302e-07
 1.64458e-07
 1.52847e-07
 1.42331e-07
 1.32792e-07
 1.24121e-07
 1.16224e-07
 1.09019e-07
 5.78737e-07
 5.25939e-07
 4.76183e-07
 4.30567e-07
 3.89413e-07
 3.52630e-07
 3.19922e-07
 2.90908e-07
 2.65187e-07
 2.42373e-07
 2.22110e-07
 2.04079e-07
 1.87998e-07
 1.73622e-07
 1.60736e-07
 1.49157e-07
 1.38725e-07
 1.29300e-07
 1.20765e-07
 1.13015e-07
 7.02752e-07
 6.22974e-07
 5.52479e-07
 4.90957e-07
 4.37577e-07
 3.91350e-07
 3.51302e-07
 3.16542e-07
 2.86290e-07
 2.59875e-07
 2.36730e-07
 2.16374e-07
 1.98405e-07
 1.82485e-07
 1.68328e-07
 1.55695e-07
 1.44384e-07
 1.34223e-07
 1.25066e-07
 1.16790e-07
 8.47542e-07
 7.32030e-07
 6.35594e-07
 5.55069e-07
 4.87621e-07
 4.30861e-07
 3.82838e-07
 3.41972e-07
 3.06995e-07
 2.76886e-07
 2.50824e-07
 2.28145e-07
 2.08308e-07
 1.90873e-07
 1.75480e-07
 1.61829e-07
 1.49675e-07
 1.38811e-07
 1.29065e-07
 1.20291e-07
 1.01038e-06
 8.50045e-07
 7.22803e-07
 6.20676e-07
 5.37791e-07
 4.69805e-07
 4.13485e-07
 3.66395e-07
 3.26683e-07
 2.92926e-07
 2.64020e-07
 2.39098e-07
 2.17475e-07
 1.98604e-07
 1.82046e-07
 1.67443e-07
 1.54504e-07
 1.42988e-07
 1.32697e-07
 1.23466e-07
 1.18401e-06
 9.71280e-07
 8.09816e-07
 6.84635e-07
 5.85797e-07
 5.06511e-07
 4.42016e-07
 3.88902e-07
 3.44676e-07
 3.07483e-07
 2.75926e-07
 2.48933e-07
 2.25673e-07
 2.05495e-07
 1.87882e-07
 1.72421e-07
 1.58777e-07
 1.46679e-07
 1.35904e-07
 1.26265e-07
 1.35565e-06
 1.08715e-06
 8.90858e-07
 7.43025e-07
 6.28943e-07
 5.39096e-07
 4.67099e-07
 4.08536e-07
 3.60274e-07
 3.20041e-07
 2.86158e-07
 2.57359e-07
 2.32680e-07
 2.11373e-07
 1.92854e-07
 1.76657e-07
 1.62412e-07
 1.49817e-07
 1.38628e-07
 1.28644e-07
 1.50746e-06
 1.18680e-06
 9.59165e-07
 7.91515e-07
 6.64384e-07
 5.65647e-07
 4.87417e-07
 4.24373e-07
 3.72819e-07
 3.30121e-07
 2.94360e-07
 2.64110e-07
 2.38294e-07
 2.16085e-07
 1.96841e-07
 1.80058e-07
 1.65332e-07
 1.52341e-07
 1.40823e-07
 1.30563e-07
 1.61889e-06
 1.25874e-06
 1.00797e-06
 8.25961e-07
 6.89492e-07
 5.84445e-07
 5.01814e-07
 4.35616e-07
 3.81750e-07
 3.37321e-07
 3.00240e-07
 2.68968e-07
 2.42350e-07
 2.19503e-07
 1.99746e-07
 1.82546e-07
 1.67478e-07
 1.54204e-07
 1.42450e-07
 1.31992e-07
 1.67147e-06
 1.29326e-06
 1.03184e-06
 8.43149e-07
 7.02277e-07
 5.94213e-07
 5.09443e-07
 4.41689e-07
 3.86662e-07
 3.41350e-07
 3.03586e-07
 2.71778e-07
 2.44731e-07
 2.21539e-07
 2.01501e-07
 1.84068e-07
 1.68808e-07
 1.55372e-07
 1.43482e-07
 1.32907e-07
 1.65526e-06
 1.28534e-06
 1.02803e-06
 8.41477e-07
 7.01756e-07
 5.94318e-07
 5.09884e-07
 4.42302e-07
 3.87352e-07
 3.42064e-07
 3.04292e-07
 2.72458e-07
 2.45377e-07
 2.22146e-07
 2.02068e-07
 1.84596e-07
 1.69298e-07
 1.55827e-07
 1.43903e-07
 1.33298e-07
 1.57353e-06
 1.23652e-06
 9.97300e-07
 8.21351e-07
 6.88151e-07
 5.84885e-07
 5.03208e-07
 4.37496e-07
 3.83844e-07
 3.39474e-07
 3.02362e-07
 2.71011e-07
 2.44286e-07
 2.21322e-07
 2.01445e-07
 1.84126e-07
 1.68946e-07
 1.55565e-07
 1.43711e-07
 1.33161e-07
 1.44202e-06
 1.15453e-06
 9.43789e-07
 7.85110e-07
 6.62853e-07
 5.66774e-07
 4.89963e-07
 4.27630e-07
 3.76378e-07
 3.33745e-07
 2.97914e-07
 2.67518e-07
 2.41518e-07
 2.19110e-07
 1.99664e-07
 1.82683e-07
 1.67769e-07
 1.54601e-07
 1.42917e-07
 1.32504e-07
 1.28252e-06
 1.05083e-06
 8.73866e-07
 7.36486e-07
 6.28140e-07
 5.41427e-07
 4.71088e-07
 4.13334e-07
 3.65386e-07
 3.25180e-07
 2.91160e-07
 2.62136e-07
 2.37188e-07
 2.15596e-07
 1.96790e-07
 1.80315e-07
 1.65805e-07
 1.52963e-07
 1.41544e-07
 1.31347e-07
 1.11552e-06
 9.37244e-07
 7.94577e-07
 6.79811e-07
 5.86759e-07
 5.10633e-07
 4.47782e-07
 3.95426e-07
 3.51438e-07
 3.14184e-07
 2.82395e-07
 2.55079e-07
 2.31455e-07
 2.10899e-07
 1.92913e-07
 1.77093e-07
 1.63110e-07
 1.50694e-07
 1.39624e-07
 1.29714e-07
 9.55815e-07
 8.23521e-07
 7.12276e-07
 6.19258e-07
 5.41489e-07
 4.76277e-07
 4.21344e-07
 3.74819e-07
 3.35186e-07
 3.01228e-07
 2.71964e-07
 2.46605e-07
 2.24512e-07
 2.05167e-07
 1.88147e-07
 1.73103e-07
 1.59750e-07
 1.47849e-07
 1.37202e-07
 1.27642e-07
 8.11760e-07
 7.16296e-07
 6.31841e-07
 5.58314e-07
 4.94806e-07
 4.40122e-07
 3.93038e-07
 3.52427e-07
 3.17299e-07
 2.86807e-07
 2.60237e-07
 2.36991e-07
 2.16572e-07
 1.98563e-07
 1.82619e-07
 1.68447e-07
 1.55806e-07
 1.44491e-07
 1.34328e-07
 1.25170e-07
 6.86617e-07
 6.19244e-07
 5.56488e-07
 4.99550e-07
 4.48688e-07
 4.03661e-07
 3.63986e-07
 3.29095e-07
 2.98413e-07
 2.71404e-07
 2.47583e-07
 2.26524e-07
 2.07857e-07
 1.91261e-07
 1.76465e-07
 1.63232e-07
 1.51364e-07
 1.40688e-07
 1.31057e-07
 1.22345e-07
 5.80431e-07
 5.33786e-07
 4.87980e-07
 4.44633e-07
 4.04559e-07
 3.68056e-07
 3.35113e-07
 3.05549e-07
 2.79098e-07
 2.55466e-07
 2.34353e-07
 2.15479e-07
 1.98583e-07
 1.83433e-07
 1.69823e-07
 1.57569e-07
 1.46512e-07
 1.36513e-07
 1.27449e-07
 1.19215e-07
