scalar
part
         1
quad4
 5.76120e-07
 5.30438e-07
 4.85418e-07
 4.42705e-07
 4.03138e-07
 3.67036e-07
 3.34410e-07
 3.05095e-07
 2.78839e-07
 2.55359e-07
 2.34364e-07
 2.15581e-07
 1.98756e-07
 1.83659e-07
 1.70089e-07
 1.57865e-07
 1.46830e-07
 1.36845e-07
 1.27791e-07
 1.19562e-07
 6.82571e-07
 6.16255e-07
 5.54331e-07
 4.98037e-07
 4.47674e-07
 4.03027e-07
 3.63642e-07
 3.28970e-07
 2.98454e-07
 2.71568e-07
 2.47839e-07
 2.26847e-07
 2.08228e-07
 1.91666e-07
 1.76892e-07
 1.63673e-07
 1.51812e-07
 1.41138e-07
 1.31506e-07
 1.22790e-07
 8.08272e-07
 7.13918e-07
 6.30296e-07
 5.57387e-07
 4.94334e-07
 4.39982e-07
 3.93138e-07
 3.52699e-07
 3.17692e-07
 2.87284e-07
 2.60770e-07
 2.37561e-07
 2.17162e-07
 1.99163e-07
 1.83220e-07
 1.69044e-07
 1.56394e-07
 1.45067e-07
 1.34890e-07
 1.25718e-07
 9.53307e-07
 8.22092e-07
 7.11610e-07
 6.19122e-07
 5.41717e-07
 4.76751e-07
 4.21980e-07
 3.75558e-07
 3.35987e-07
 3.02060e-07
 2.72808e-07
 2.47446e-07
 2.25341e-07
 2.05978e-07
 1.88935e-07
 1.73866e-07
 1.60486e-07
 1.48558e-07
 1.37883e-07
 1.28296e-07
 1.11457e-06
 9.37201e-07
 7.95110e-07
 6.80701e-07
 5.87859e-07
 5.11847e-07
 4.49048e-07
 3.96702e-07
 3.52698e-07
 3.15411e-07
 2.83579e-07
 2.56216e-07
 2.32541e-07
 2.11935e-07
 1.93898e-07
 1.78030e-07
 1.64000e-07
 1.51540e-07
 1.40428e-07
 1.30478e-07
 1.28390e-06
 1.05270e-06
 8.75962e-07
 7.38654e-07
 6.30289e-07
 5.43507e-07
 4.73073e-07
 4.15210e-07
 3.67150e-07
 3.26835e-07
 2.92710e-07
 2.63587e-07
 2.38546e-07
 2.16867e-07
 1.97981e-07
 1.81432e-07
 1.66855e-07
 1.53950e-07
 1.42473e-07
 1.32222e-07
 1.44664e-06
 1.15890e-06
 9.47826e-07
 7.88804e-07
 6.66216e-07
 5.69831e-07
 4.92741e-07
 4.30159e-07
 3.78685e-07
 3.35855e-07
 2.99847e-07
 2.69295e-07
 2.43156e-07
 2.20623e-07
 2.01066e-07
 1.83984e-07
 1.68980e-07
 1.55730e-07
 1.43973e-07
 1.33493e-07
 1.58236e-06
 1.24394e-06
 1.00362e-06
 8.26777e-07
 6.92857e-07
 5.89001e-07
 5.06834e-07
 4.40713e-07
 3.86716e-07
 3.42052e-07
 3.04690e-07
 2.73121e-07
 2.46208e-07
 2.23080e-07
 2.03058e-07
 1.85612e-07
 1.70318e-07
 1.56837e-07
 1.44893e-07
 1.34262e-07
 1.66910e-06
 1.29624e-06
 1.03684e-06
 8.48759e-07
 7.07873e-07
 5.99529e-07
 5.14379e-07
 4.46218e-07
 3.90795e-07
 3.45114e-07
 3.07013e-07
 2.74900e-07
 2.47581e-07
 2.24146e-07
 2.03891e-07
 1.86264e-07
 1.70830e-07
 1.57239e-07
 1.45209e-07
 1.34509e-07
 1.69064e-06
 1.30775e-06
 1.04319e-06
 8.52285e-07
 7.09791e-07
 6.00503e-07
 5.14787e-07
 4.46286e-07
 3.90658e-07
 3.44857e-07
 3.06689e-07
 2.74542e-07
 2.47210e-07
 2.23774e-07
 2.03527e-07
 1.85913e-07
 1.70495e-07
 1.56921e-07
 1.44908e-07
 1.34226e-07
 1.64292e-06
 1.27651e-06
 1.02164e-06
 8.36801e-07
 6.98294e-07
 5.91734e-07
 5.07948e-07
 4.40849e-07
 3.86265e-07
 3.41257e-07
 3.03702e-07
 2.72036e-07
 2.45087e-07
 2.21960e-07
 2.01965e-07
 1.84559e-07
 1.69312e-07
 1.55883e-07
 1.43991e-07
 1.33412e-07
 1.53507e-06
 1.20712e-06
 9.74707e-07
 8.03766e-07
 6.74277e-07
 5.73796e-07
 4.94240e-07
 4.30166e-07
 3.77797e-07
 3.34444e-07
 2.98147e-07
 2.67454e-07
 2.41268e-07
 2.18747e-07
 1.99238e-07
 1.82226e-07
 1.67303e-07
 1.54141e-07
 1.42472e-07
 1.32080e-07
 1.38507e-06
 1.10900e-06
 9.07654e-07
 7.56293e-07
 6.39663e-07
 5.47921e-07
 4.74480e-07
 4.14794e-07
 3.65643e-07
 3.24695e-07
 2.90227e-07
 2.60946e-07
 2.35865e-07
 2.14219e-07
 1.95411e-07
 1.78967e-07
 1.64508e-07
 1.51728e-07
 1.40377e-07
 1.30250e-07
 1.21349e-06
 9.93612e-07
 8.27198e-07
 6.98479e-07
 5.97043e-07
 5.15802e-07
 4.49805e-07
 3.95514e-07
 3.50352e-07
 3.12404e-07
 2.80229e-07
 2.52725e-07
 2.29038e-07
 2.08499e-07
 1.90580e-07
 1.74856e-07
 1.60985e-07
 1.48690e-07
 1.37742e-07
 1.27952e-07
 1.03858e-06
 8.71947e-07
 7.40153e-07
 6.34671e-07
 5.49264e-07
 4.79348e-07
 4.21524e-07
 3.73244e-07
 3.32578e-07
 2.98046e-07
 2.68502e-07
 2.43051e-07
 2.20985e-07
 2.01739e-07
 1.84861e-07
 1.69984e-07
 1.56808e-07
 1.45086e-07
 1.34615e-07
 1.25225e-07
 8.73626e-07
 7.52844e-07
 6.52420e-07
 5.68852e-07
 4.99053e-07
 4.40455e-07
 3.90975e-07
 3.48942e-07
 3.13019e-07
 2.82135e-07
 2.55432e-07
 2.32217e-07
 2.11928e-07
 1.94111e-07
 1.78390e-07
 1.64457e-07
 1.52059e-07
 1.40982e-07
 1.31050e-07
 1.22112e-07
 7.26343e-07
 6.42305e-07
 5.68440e-07
 5.04249e-07
 4.48747e-07
 4.00822e-07
 3.59403e-07
 3.23528e-07
 2.92360e-07
 2.65188e-07
 2.41410e-07
 2.20522e-07
 2.02102e-07
 1.85796e-07
 1.71309e-07
 1.58391e-07
 1.46831e-07
 1.36454e-07
 1.27107e-07
 1.18663e-07
 5.99775e-07
 5.43612e-07
 4.91075e-07
 4.43179e-07
 4.00158e-07
 3.61844e-07
 3.27876e-07
 2.97818e-07
 2.71229e-07
 2.47688e-07
 2.26812e-07
 2.08260e-07
 1.91736e-07
 1.76979e-07
 1.63765e-07
 1.51901e-07
 1.41219e-07
 1.31577e-07
 1.22849e-07
 1.14930e-07
 4.93788e-07
 4.57904e-07
 4.21809e-07
 3.87076e-07
 3.54538e-07
 3.24563e-07
 2.97238e-07
 2.72491e-07
 2.50166e-07
 2.30065e-07
 2.11980e-07
 1.95706e-07
 1.81050e-07
 1.67835e-07
 1.55901e-07
 1.45104e-07
 1.35317e-07
 1.26429e-07
 1.18341e-07
 1.10965e-07
 4.06494e-07
 3.84896e-07
 3.61073e-07
 3.36642e-07
 3.12639e-07
 2.89681e-07
 2.68108e-07
 2.48071e-07
 2.29608e-07
 2.12680e-07
 1.97211e-07
 1.83102e-07
 1.70244e-07
 1.58528e-07
 1.47850e-07
 1.38110e-07
 1.29217e-07
 1.21087e-07
 1.13645e-07
 1.06822e-07
