scalar
part
         1
quad4
 6.57225e-07
 6.00920e-07
 5.46488e-07
 4.95578e-07
 4.48952e-07
 4.06814e-07
 3.69045e-07
 3.35354e-07
 3.05373e-07
 2.78716e-07
 2.55007e-07
 2.33897e-07
 2.15070e-07
 1.98247e-07
 1.83180e-07
 1.69655e-07
 1.57484e-07
 1.46505e-07
 1.36576e-07
 1.27576e-07
 7.72609e-07
 6.92985e-07
 6.19650e-07
 5.53708e-07
 4.95250e-07
 4.43839e-07
 3.98806e-07
 3.59412e-07
 3.24938e-07
 2.94723e-07
 2.68182e-07
 2.44804e-07
 2.24151e-07
 2.05849e-07
 1.89577e-07
 1.75064e-07
 1.62080e-07
 1.50427e-07
 1.39938e-07
 1.30468e-07
 9.07601e-07
 7.96686e-07
 6.99380e-07
 6.15270e-07
 5.43083e-07
 4.81280e-07
 4.28344e-07
 3.82903e-07
 3.43767e-07
 3.09932e-07
 2.80557e-07
 2.54943e-07
 2.32514e-07
 2.12789e-07
 1.95370e-07
 1.79927e-07
 1.66183e-07
 1.53906e-07
 1.42900e-07
 1.33002e-07
 1.06164e-06
 9.10094e-07
 7.83496e-07
 6.78274e-07
 5.90789e-07
 5.17806e-07
 4.56615e-07
 4.05014e-07
 3.61233e-07
 3.23857e-07
 2.91754e-07
 2.64021e-07
 2.39928e-07
 2.18886e-07
 2.00417e-07
 1.84130e-07
 1.69701e-07
 1.56867e-07
 1.45404e-07
 1.35129e-07
 1.23049e-06
 1.02875e-06
 8.68204e-07
 7.39746e-07
 6.36117e-07
 5.51737e-07
 4.82374e-07
 4.24823e-07
 3.76646e-07
 3.35979e-07
 3.01383e-07
 2.71737e-07
 2.46163e-07
 2.23962e-07
 2.04578e-07
 1.87562e-07
 1.72549e-07
 1.59242e-07
 1.47395e-07
 1.36805e-07
 1.40420e-06
 1.14492e-06
 9.47914e-07
 7.95747e-07
 6.76311e-07
 5.81141e-07
 5.04253e-07
 4.41349e-07
 3.89297e-07
 3.45781e-07
 3.09059e-07
 2.77807e-07
 2.51003e-07
 2.27852e-07
 2.07726e-07
 1.90126e-07
 1.74649e-07
 1.60970e-07
 1.48823e-07
 1.37991e-07
 1.56570e-06
 1.24753e-06
 1.01551e-06
 8.41681e-07
 7.08356e-07
 6.04004e-07
 5.20881e-07
 4.53645e-07
 3.98521e-07
 3.52787e-07
 3.14438e-07
 2.81976e-07
 2.54260e-07
 2.30415e-07
 2.09754e-07
 1.91738e-07
 1.75936e-07
 1.62001e-07
 1.49650e-07
 1.38654e-07
 1.69181e-06
 1.32342e-06
 1.06332e-06
 8.72919e-07
 7.29372e-07
 6.18482e-07
 5.31049e-07
 4.60898e-07
 4.03759e-07
 3.56606e-07
 3.17242e-07
 2.84043e-07
 2.55787e-07
 2.31541e-07
 2.10580e-07
 1.92338e-07
 1.76364e-07
 1.62297e-07
 1.49847e-07
 1.38775e-07
 1.75861e-06
 1.36039e-06
 1.08474e-06
 8.85698e-07
 7.37121e-07
 6.23195e-07
 5.33877e-07
 4.62532e-07
 4.04626e-07
 3.56975e-07
 3.17288e-07
 2.83880e-07
 2.55491e-07
 2.31162e-07
 2.10154e-07
 1.91887e-07
 1.75904e-07
 1.61840e-07
 1.49398e-07
 1.38339e-07
 1.75026e-06
 1.35106e-06
 1.07603e-06
 8.78004e-07
 7.30462e-07
 6.17469e-07
 5.28956e-07
 4.58291e-07
 4.00958e-07
 3.53788e-07
 3.14506e-07
 2.81440e-07
 2.53341e-07
 2.29259e-07
 2.08462e-07
 1.90377e-07
 1.74552e-07
 1.60624e-07
 1.48301e-07
 1.37346e-07
 1.66656e-06
 1.29571e-06
 1.03751e-06
 8.50115e-07
 7.09619e-07
 6.01481e-07
 5.16423e-07
 4.48284e-07
 3.92840e-07
 3.47112e-07
 3.08949e-07
 2.76765e-07
 2.49371e-07
 2.25859e-07
 2.05528e-07
 1.87828e-07
 1.72322e-07
 1.58663e-07
 1.46567e-07
 1.35806e-07
 1.52288e-06
 1.20214e-06
 9.73481e-07
 8.04556e-07
 6.76151e-07
 5.76236e-07
 4.96949e-07
 4.32972e-07
 3.80599e-07
 3.37184e-07
 3.00792e-07
 2.69988e-07
 2.43682e-07
 2.21040e-07
 2.01412e-07
 1.84286e-07
 1.69254e-07
 1.55988e-07
 1.44222e-07
 1.33738e-07
 1.34299e-06
 1.08282e-06
 8.90952e-07
 7.45481e-07
 6.32637e-07
 5.43396e-07
 4.71642e-07
 4.13114e-07
 3.64768e-07
 3.24384e-07
 2.90315e-07
 2.61315e-07
 2.36431e-07
 2.14922e-07
 1.96208e-07
 1.79826e-07
 1.65405e-07
 1.52646e-07
 1.41303e-07
 1.31175e-07
 1.15044e-06
 9.51142e-07
 7.97860e-07
 6.77786e-07
 5.82200e-07
 5.05015e-07
 4.41890e-07
 3.89670e-07
 3.46025e-07
 3.09204e-07
 2.77876e-07
 2.51015e-07
 2.27820e-07
 2.07661e-07
 1.90036e-07
 1.74542e-07
 1.60851e-07
 1.48696e-07
 1.37858e-07
 1.28155e-07
 9.63488e-07
 8.18593e-07
 7.01539e-07
 6.06243e-07
 5.28013e-07
 4.63249e-07
 4.09186e-07
 3.63697e-07
 3.25130e-07
 2.92198e-07
 2.63888e-07
 2.39397e-07
 2.18085e-07
 1.99438e-07
 1.83038e-07
 1.68545e-07
 1.55679e-07
 1.44210e-07
 1.33945e-07
 1.24724e-07
 7.93640e-07
 6.93451e-07
 6.07793e-07
 5.34906e-07
 4.72920e-07
 4.20111e-07
 3.74975e-07
 3.36241e-07
 3.02853e-07
 2.73939e-07
 2.48781e-07
 2.26790e-07
 2.07480e-07
 1.90451e-07
 1.75369e-07
 1.61959e-07
 1.49989e-07
 1.39267e-07
 1.29629e-07
 1.20937e-07
 6.46415e-07
 5.80655e-07
 5.20584e-07
 4.66807e-07
 4.19201e-07
 3.77305e-07
 3.40528e-07
 3.08258e-07
 2.79915e-07
 2.54976e-07
 2.32978e-07
 2.13521e-07
 1.96260e-07
 1.80899e-07
 1.67188e-07
 1.54910e-07
 1.43883e-07
 1.33950e-07
 1.24977e-07
 1.16848e-07
 5.22933e-07
 4.82364e-07
 4.42150e-07
 4.03928e-07
 3.68495e-07
 3.36143e-07
 3.06881e-07
 2.80558e-07
 2.56951e-07
 2.35807e-07
 2.16870e-07
 1.99899e-07
 1.84670e-07
 1.70980e-07
 1.58652e-07
 1.47526e-07
 1.37464e-07
 1.28344e-07
 1.20058e-07
 1.12515e-07
 4.21649e-07
 3.98761e-07
 3.73359e-07
 3.47327e-07
 3.21828e-07
 2.97537e-07
 2.74806e-07
 2.53782e-07
 2.34483e-07
 2.16855e-07
 2.00800e-07
 1.86201e-07
 1.72934e-07
 1.60877e-07
 1.49911e-07
 1.39930e-07
 1.30834e-07
 1.22531e-07
 1.14943e-07
 1.07995e-07
 3.39745e-07
 3.28839e-07
 3.14128e-07
 2.97351e-07
 2.79719e-07
 2.62038e-07
 2.44825e-07
 2.28393e-07
 2.12913e-07
 1.98462e-07
 1.85054e-07
 1.72666e-07
 1.61252e-07
 1.50752e-07
 1.41102e-07
 1.32235e-07
 1.24086e-07
 1.16592e-07
 1.09697e-07
 1.03345e-07
