scalar
part
         1
quad4
 6.60369e-07
 6.03497e-07
 5.48579e-07
 4.97263e-07
 4.50303e-07
 4.07895e-07
 3.69907e-07
 3.36040e-07
 3.05919e-07
 2.79149e-07
 2.55350e-07
 2.34167e-07
 2.15281e-07
 1.98410e-07
 1.83305e-07
 1.69749e-07
 1.57553e-07
 1.46553e-07
 1.36608e-07
 1.27594e-07
 7.76166e-07
 6.95807e-07
 6.21868e-07
 5.55441e-07
 4.96601e-07
 4.44890e-07
 3.99622e-07
 3.60044e-07
 3.25427e-07
 2.95099e-07
 2.68470e-07
 2.45023e-07
 2.24315e-07
 2.05969e-07
 1.89662e-07
 1.75122e-07
 1.62115e-07
 1.50445e-07
 1.39942e-07
 1.30461e-07
 9.11576e-07
 7.99715e-07
 7.01673e-07
 6.17000e-07
 5.44386e-07
 4.82261e-07
 4.29080e-07
 3.83454e-07
 3.44177e-07
 3.10234e-07
 2.80776e-07
 2.55100e-07
 2.32621e-07
 2.12858e-07
 1.95410e-07
 1.79944e-07
 1.66181e-07
 1.53890e-07
 1.42874e-07
 1.32968e-07
 1.06597e-06
 9.13241e-07
 7.85773e-07
 6.79920e-07
 5.91978e-07
 5.18663e-07
 4.57231e-07
 4.05452e-07
 3.61540e-07
 3.24066e-07
 2.91891e-07
 2.64104e-07
 2.39970e-07
 2.18897e-07
 2.00405e-07
 1.84100e-07
 1.69659e-07
 1.56815e-07
 1.45346e-07
 1.35066e-07
 1.23501e-06
 1.03185e-06
 8.70321e-07
 7.41195e-07
 6.37107e-07
 5.52408e-07
 4.82822e-07
 4.25113e-07
 3.76824e-07
 3.36076e-07
 3.01422e-07
 2.71736e-07
 2.46131e-07
 2.23909e-07
 2.04510e-07
 1.87483e-07
 1.72463e-07
 1.59152e-07
 1.47302e-07
 1.36711e-07
 1.40856e-06
 1.14769e-06
 9.49670e-07
 7.96859e-07
 6.77003e-07
 5.81557e-07
 5.04484e-07
 4.41456e-07
 3.89321e-07
 3.45748e-07
 3.08988e-07
 2.77710e-07
 2.50891e-07
 2.27729e-07
 2.07598e-07
 1.89994e-07
 1.74517e-07
 1.60839e-07
 1.48695e-07
 1.37865e-07
 1.56931e-06
 1.24958e-06
 1.01666e-06
 8.42295e-07
 7.08646e-07
 6.04095e-07
 5.20849e-07
 4.53538e-07
 3.98369e-07
 3.52608e-07
 3.14245e-07
 2.81777e-07
 2.54061e-07
 2.30218e-07
 2.09562e-07
 1.91552e-07
 1.75756e-07
 1.61828e-07
 1.49485e-07
 1.38496e-07
 1.69388e-06
 1.32430e-06
 1.06360e-06
 8.72880e-07
 7.29165e-07
 6.18189e-07
 5.30716e-07
 4.60551e-07
 4.03414e-07
 3.56270e-07
 3.16920e-07
 2.83736e-07
 2.55497e-07
 2.31267e-07
 2.10322e-07
 1.92095e-07
 1.76135e-07
 1.62082e-07
 1.49645e-07
 1.38584e-07
 1.75832e-06
 1.35971e-06
 1.08394e-06
 8.84890e-07
 7.36351e-07
 6.22479e-07
 5.33219e-07
 4.61931e-07
 4.04078e-07
 3.56476e-07
 3.16832e-07
 2.83463e-07
 2.55109e-07
 2.30811e-07
 2.09830e-07
 1.91588e-07
 1.75627e-07
 1.61582e-07
 1.49159e-07
 1.38115e-07
 1.74717e-06
 1.34862e-06
 1.07406e-06
 8.76384e-07
 7.29108e-07
 6.16320e-07
 5.27969e-07
 4.57436e-07
 4.00209e-07
 3.53127e-07
 3.13918e-07
 2.80914e-07
 2.52868e-07
 2.28831e-07
 2.08073e-07
 1.90022e-07
 1.74226e-07
 1.60325e-07
 1.48025e-07
 1.37091e-07
 1.66081e-06
 1.29161e-06
 1.03444e-06
 8.47732e-07
 7.07715e-07
 5.99924e-07
 5.15126e-07
 4.47187e-07
 3.91900e-07
 3.46298e-07
 3.08236e-07
 2.76136e-07
 2.48812e-07
 2.25359e-07
 2.05077e-07
 1.87420e-07
 1.71951e-07
 1.58324e-07
 1.46256e-07
 1.35519e-07
 1.51526e-06
 1.19678e-06
 9.69534e-07
 8.01543e-07
 6.73782e-07
 5.74327e-07
 4.95381e-07
 4.31661e-07
 3.79488e-07
 3.36230e-07
 2.99965e-07
 2.69264e-07
 2.43043e-07
 2.20472e-07
 2.00904e-07
 1.83828e-07
 1.68840e-07
 1.55611e-07
 1.43878e-07
 1.33423e-07
 1.33450e-06
 1.07674e-06
 8.86441e-07
 7.42028e-07
 6.29923e-07
 5.41215e-07
 4.69856e-07
 4.11627e-07
 3.63513e-07
 3.23312e-07
 2.89388e-07
 2.60507e-07
 2.35721e-07
 2.14294e-07
 1.95647e-07
 1.79323e-07
 1.64952e-07
 1.52235e-07
 1.40929e-07
 1.30833e-07
 1.14197e-06
 9.44880e-07
 7.93111e-07
 6.74098e-07
 5.79276e-07
 5.02652e-07
 4.39949e-07
 3.88052e-07
 3.44659e-07
 3.08037e-07
 2.76869e-07
 2.50138e-07
 2.27050e-07
 2.06980e-07
 1.89430e-07
 1.73999e-07
 1.60362e-07
 1.48254e-07
 1.37456e-07
 1.27788e-07
 9.55626e-07
 8.12550e-07
 6.96824e-07
 6.02507e-07
 5.25007e-07
 4.60794e-07
 4.07154e-07
 3.61994e-07
 3.23686e-07
 2.90962e-07
 2.62819e-07
 2.38465e-07
 2.17267e-07
 1.98715e-07
 1.82394e-07
 1.67969e-07
 1.55161e-07
 1.43741e-07
 1.33520e-07
 1.24336e-07
 7.86663e-07
 6.87870e-07
 6.03306e-07
 5.31267e-07
 4.69939e-07
 4.17643e-07
 3.72910e-07
 3.34496e-07
 3.01365e-07
 2.72658e-07
 2.47670e-07
 2.25819e-07
 2.06626e-07
 1.89694e-07
 1.74695e-07
 1.61355e-07
 1.49446e-07
 1.38776e-07
 1.29183e-07
 1.20530e-07
 6.40381e-07
 5.75649e-07
 5.16437e-07
 4.63363e-07
 4.16325e-07
 3.74887e-07
 3.38480e-07
 3.06510e-07
 2.78413e-07
 2.53675e-07
 2.31844e-07
 2.12526e-07
 1.95381e-07
 1.80119e-07
 1.66491e-07
 1.54285e-07
 1.43320e-07
 1.33440e-07
 1.24514e-07
 1.16425e-07
 5.17782e-07
 4.77950e-07
 4.38392e-07
 4.00734e-07
 3.65776e-07
 3.33821e-07
 3.04888e-07
 2.78840e-07
 2.55461e-07
 2.34507e-07
 2.15730e-07
 1.98894e-07
 1.83778e-07
 1.70186e-07
 1.57941e-07
 1.46887e-07
 1.36887e-07
 1.27820e-07
 1.19582e-07
 1.12080e-07
 4.17272e-07
 3.94906e-07
 3.69996e-07
 3.44407e-07
 3.19297e-07
 2.95341e-07
 2.72897e-07
 2.52116e-07
 2.33025e-07
 2.15574e-07
 1.99669e-07
 1.85197e-07
 1.72040e-07
 1.60077e-07
 1.49193e-07
 1.39282e-07
 1.30247e-07
 1.21999e-07
 1.14457e-07
 1.07551e-07
 3.36023e-07
 3.25485e-07
 3.11139e-07
 2.94706e-07
 2.77386e-07
 2.59984e-07
 2.43017e-07
 2.26799e-07
 2.11504e-07
 1.97212e-07
 1.83942e-07
 1.71674e-07
 1.60364e-07
 1.49954e-07
 1.40383e-07
 1.31584e-07
 1.23495e-07
 1.16054e-07
 1.09205e-07
 1.02895e-07
