scalar
part
         1
quad4
 4.48335e-07
 4.20951e-07
 3.92043e-07
 3.63225e-07
 3.35477e-07
 3.09346e-07
 2.85092e-07
 2.62794e-07
 2.42420e-07
 2.23877e-07
 2.07037e-07
 1.91761e-07
 1.77906e-07
 1.65336e-07
 1.53923e-07
 1.43547e-07
 1.34102e-07
 1.25491e-07
 1.17629e-07
 1.10437e-07
 5.40286e-07
 4.97131e-07
 4.54865e-07
 4.14970e-07
 3.78147e-07
 3.44627e-07
 3.14371e-07
 2.87196e-07
 2.62854e-07
 2.41070e-07
 2.21576e-07
 2.04115e-07
 1.88455e-07
 1.74386e-07
 1.61722e-07
 1.50299e-07
 1.39971e-07
 1.30615e-07
 1.22119e-07
 1.14387e-07
 6.51077e-07
 5.85844e-07
 5.25908e-07
 4.72031e-07
 4.24193e-07
 3.81994e-07
 3.44884e-07
 3.12273e-07
 2.83596e-07
 2.58338e-07
 2.36040e-07
 2.16305e-07
 1.98788e-07
 1.83193e-07
 1.69268e-07
 1.56797e-07
 1.45595e-07
 1.35503e-07
 1.26387e-07
 1.18128e-07
 7.82204e-07
 6.87025e-07
 6.04464e-07
 5.33505e-07
 4.72720e-07
 4.20646e-07
 3.75946e-07
 3.37453e-07
 3.04179e-07
 2.75298e-07
 2.50121e-07
 2.28079e-07
 2.08700e-07
 1.91591e-07
 1.76426e-07
 1.62932e-07
 1.50881e-07
 1.40082e-07
 1.30370e-07
 1.21610e-07
 9.33116e-07
 7.99014e-07
 6.88691e-07
 5.97716e-07
 5.22319e-07
 4.59441e-07
 4.06648e-07
 3.62020e-07
 3.24039e-07
 2.91506e-07
 2.63467e-07
 2.39160e-07
 2.17970e-07
 1.99402e-07
 1.83052e-07
 1.68588e-07
 1.55737e-07
 1.44273e-07
 1.34007e-07
 1.24780e-07
 1.09970e-06
 9.17844e-07
 7.75303e-07
 6.62097e-07
 5.71034e-07
 4.96901e-07
 4.35877e-07
 3.85131e-07
 3.42536e-07
 3.06474e-07
 2.75702e-07
 2.49254e-07
 2.26369e-07
 2.06447e-07
 1.89003e-07
 1.73649e-07
 1.60069e-07
 1.48003e-07
 1.37235e-07
 1.27589e-07
 1.27281e-06
 1.03674e-06
 8.59453e-07
 7.23211e-07
 6.16422e-07
 5.31277e-07
 4.62368e-07
 4.05863e-07
 3.58986e-07
 3.19690e-07
 2.86440e-07
 2.58068e-07
 2.33672e-07
 2.12549e-07
 1.94142e-07
 1.78008e-07
 1.63791e-07
 1.51201e-07
 1.39999e-07
 1.29990e-07
 1.43768e-06
 1.14621e-06
 9.34970e-07
 7.76976e-07
 6.55732e-07
 5.60681e-07
 4.84802e-07
 4.23278e-07
 3.72713e-07
 3.30659e-07
 2.95313e-07
 2.65325e-07
 2.39667e-07
 2.17546e-07
 1.98342e-07
 1.81565e-07
 1.66825e-07
 1.53804e-07
 1.42247e-07
 1.31942e-07
 1.57520e-06
 1.23508e-06
 9.95069e-07
 8.19132e-07
 6.86209e-07
 5.83283e-07
 5.01933e-07
 4.36510e-07
 3.83104e-07
 3.38939e-07
 3.01997e-07
 2.70784e-07
 2.44172e-07
 2.21299e-07
 2.01496e-07
 1.84237e-07
 1.69104e-07
 1.55762e-07
 1.43938e-07
 1.33411e-07
 1.66550e-06
 1.29249e-06
 1.03348e-06
 8.45895e-07
 7.05480e-07
 5.97545e-07
 5.12736e-07
 4.44858e-07
 3.89669e-07
 3.44180e-07
 3.06238e-07
 2.74256e-07
 2.47046e-07
 2.23702e-07
 2.03522e-07
 1.85959e-07
 1.70578e-07
 1.57032e-07
 1.45040e-07
 1.34372e-07
 1.69324e-06
 1.31046e-06
 1.04577e-06
 8.54661e-07
 7.11946e-07
 6.02448e-07
 5.16541e-07
 4.47869e-07
 3.92091e-07
 3.46158e-07
 3.07874e-07
 2.75624e-07
 2.48202e-07
 2.24686e-07
 2.04368e-07
 1.86691e-07
 1.71216e-07
 1.57591e-07
 1.45533e-07
 1.34809e-07
 1.65288e-06
 1.28625e-06
 1.03046e-06
 8.44572e-07
 7.05084e-07
 5.97659e-07
 5.13127e-07
 4.45392e-07
 3.90267e-07
 3.44798e-07
 3.06849e-07
 2.74846e-07
 2.47607e-07
 2.24229e-07
 2.04016e-07
 1.86419e-07
 1.71006e-07
 1.57430e-07
 1.45409e-07
 1.34715e-07
 1.55145e-06
 1.22338e-06
 9.89448e-07
 8.16727e-07
 6.85556e-07
 5.83590e-07
 5.02760e-07
 4.37602e-07
 3.84315e-07
 3.40182e-07
 3.03223e-07
 2.71964e-07
 2.45292e-07
 2.22353e-07
 2.02482e-07
 1.85155e-07
 1.69958e-07
 1.56554e-07
 1.44674e-07
 1.34094e-07
 1.40629e-06
 1.13073e-06
 9.27625e-07
 7.73965e-07
 6.55089e-07
 5.61334e-07
 4.86151e-07
 4.24978e-07
 3.74562e-07
 3.32540e-07
 2.97158e-07
 2.67096e-07
 2.41345e-07
 2.19122e-07
 1.99815e-07
 1.82937e-07
 1.68100e-07
 1.54988e-07
 1.43346e-07
 1.32961e-07
 1.23894e-06
 1.01993e-06
 8.51631e-07
 7.20264e-07
 6.16158e-07
 5.32484e-07
 4.64358e-07
 4.08235e-07
 3.61507e-07
 3.22224e-07
 2.88909e-07
 2.60429e-07
 2.35903e-07
 2.14641e-07
 1.96095e-07
 1.79827e-07
 1.65481e-07
 1.52769e-07
 1.41454e-07
 1.31340e-07
 1.06862e-06
 9.02356e-07
 7.68393e-07
 6.59965e-07
 5.71567e-07
 4.98896e-07
 4.38637e-07
 3.88247e-07
 3.45765e-07
 3.09677e-07
 2.78799e-07
 2.52201e-07
 2.29146e-07
 2.09046e-07
 1.91427e-07
 1.75904e-07
 1.62163e-07
 1.49946e-07
 1.39038e-07
 1.29263e-07
 9.08659e-07
 7.87028e-07
 6.83919e-07
 5.97092e-07
 5.24042e-07
 4.62446e-07
 4.10302e-07
 3.65944e-07
 3.28009e-07
 2.95390e-07
 2.67192e-07
 2.42686e-07
 2.21282e-07
 2.02497e-07
 1.85934e-07
 1.71266e-07
 1.58224e-07
 1.46580e-07
 1.36148e-07
 1.26768e-07
 7.66218e-07
 6.79858e-07
 6.02674e-07
 5.34902e-07
 4.75936e-07
 4.24836e-07
 3.80589e-07
 3.42234e-07
 3.08908e-07
 2.79865e-07
 2.54466e-07
 2.32173e-07
 2.12533e-07
 1.95165e-07
 1.79750e-07
 1.66020e-07
 1.53747e-07
 1.42740e-07
 1.32837e-07
 1.23901e-07
 6.43695e-07
 5.83922e-07
 5.27481e-07
 4.75721e-07
 4.29076e-07
 3.87470e-07
 3.50570e-07
 3.17933e-07
 2.89088e-07
 2.63580e-07
 2.40991e-07
 2.20948e-07
 2.03122e-07
 1.87228e-07
 1.73017e-07
 1.60276e-07
 1.48823e-07
 1.38498e-07
 1.29166e-07
 1.20709e-07
 5.40573e-07
 5.00196e-07
 4.59778e-07
 4.20991e-07
 3.84736e-07
 3.51411e-07
 3.21106e-07
 2.93728e-07
 2.69091e-07
 2.46966e-07
 2.27108e-07
 2.09283e-07
 1.93267e-07
 1.78857e-07
 1.65872e-07
 1.54148e-07
 1.43542e-07
 1.33928e-07
 1.25194e-07
 1.17243e-07
