scalar
part
         1
quad4
 5.14394e-07
 4.77770e-07
 4.40632e-07
 4.04660e-07
 3.70793e-07
 3.39481e-07
 3.10865e-07
 2.84905e-07
 2.61459e-07
 2.40336e-07
 2.21324e-07
 2.04214e-07
 1.88807e-07
 1.74917e-07
 1.62376e-07
 1.51035e-07
 1.40760e-07
 1.31432e-07
 1.22948e-07
 1.15216e-07
 6.14689e-07
 5.59621e-07
 5.07148e-07
 4.58686e-07
 4.14760e-07
 3.75389e-07
 3.40326e-07
 3.09200e-07
 2.81602e-07
 2.57129e-07
 2.35403e-07
 2.16082e-07
 1.98864e-07
 1.83483e-07
 1.69709e-07
 1.57342e-07
 1.46209e-07
 1.36160e-07
 1.27068e-07
 1.18819e-07
 7.34351e-07
 6.53841e-07
 5.81393e-07
 5.17419e-07
 4.61491e-07
 4.12822e-07
 3.70527e-07
 3.33748e-07
 3.01701e-07
 2.73704e-07
 2.49165e-07
 2.27584e-07
 2.08538e-07
 1.91668e-07
 1.76674e-07
 1.63300e-07
 1.51331e-07
 1.40586e-07
 1.30909e-07
 1.22167e-07
 8.74176e-07
 7.59697e-07
 6.62118e-07
 5.79556e-07
 5.09807e-07
 4.50781e-07
 4.00653e-07
 3.57891e-07
 3.21231e-07
 2.89639e-07
 2.62275e-07
 2.38454e-07
 2.17615e-07
 1.99300e-07
 1.83132e-07
 1.68797e-07
 1.56036e-07
 1.44635e-07
 1.34410e-07
 1.25208e-07
 1.03225e-06
 8.74469e-07
 7.46740e-07
 6.42926e-07
 5.57980e-07
 4.87923e-07
 4.29670e-07
 3.80837e-07
 3.39580e-07
 3.04465e-07
 2.74369e-07
 2.48407e-07
 2.25873e-07
 2.06203e-07
 1.88942e-07
 1.73720e-07
 1.60233e-07
 1.48232e-07
 1.37510e-07
 1.27894e-07
 1.20216e-06
 9.92709e-07
 8.31070e-07
 7.04432e-07
 6.03748e-07
 5.22598e-07
 4.56367e-07
 4.01691e-07
 3.56084e-07
 3.17682e-07
 2.85068e-07
 2.57152e-07
 2.33085e-07
 2.12201e-07
 1.93968e-07
 1.77961e-07
 1.63835e-07
 1.51309e-07
 1.40154e-07
 1.30177e-07
 1.37152e-06
 1.10590e-06
 9.09357e-07
 7.60176e-07
 6.44443e-07
 5.52953e-07
 4.79439e-07
 4.19520e-07
 3.70066e-07
 3.28791e-07
 2.94000e-07
 2.64410e-07
 2.39041e-07
 2.17131e-07
 1.98082e-07
 1.81419e-07
 1.66762e-07
 1.53803e-07
 1.42290e-07
 1.32017e-07
 1.52206e-06
 1.20305e-06
 9.74820e-07
 8.05860e-07
 6.77263e-07
 5.77118e-07
 4.97609e-07
 4.33435e-07
 3.80893e-07
 3.37337e-07
 3.00831e-07
 2.69932e-07
 2.43551e-07
 2.20849e-07
 2.01173e-07
 1.84009e-07
 1.68947e-07
 1.55659e-07
 1.43876e-07
 1.33380e-07
 1.63268e-06
 1.27257e-06
 1.02075e-06
 8.37418e-07
 6.99654e-07
 5.93433e-07
 5.09770e-07
 4.42677e-07
 3.88038e-07
 3.42943e-07
 3.05287e-07
 2.73517e-07
 2.46466e-07
 2.23242e-07
 2.03154e-07
 1.85663e-07
 1.70338e-07
 1.56836e-07
 1.44879e-07
 1.34239e-07
 1.68531e-06
 1.30506e-06
 1.04190e-06
 8.51771e-07
 7.09724e-07
 6.00695e-07
 5.15130e-07
 4.46713e-07
 3.91129e-07
 3.45347e-07
 3.07182e-07
 2.75029e-07
 2.47684e-07
 2.24233e-07
 2.03968e-07
 1.86336e-07
 1.70899e-07
 1.57307e-07
 1.45276e-07
 1.34576e-07
 1.67098e-06
 1.29593e-06
 1.03576e-06
 8.47457e-07
 7.06584e-07
 5.98343e-07
 5.13324e-07
 4.45298e-07
 3.90001e-07
 3.44433e-07
 3.06432e-07
 2.74405e-07
 2.47161e-07
 2.23790e-07
 2.03589e-07
 1.86010e-07
 1.70616e-07
 1.57060e-07
 1.45059e-07
 1.34385e-07
 1.59271e-06
 1.24669e-06
 1.00313e-06
 8.24933e-07
 6.90509e-07
 5.86548e-07
 5.04464e-07
 4.38507e-07
 3.84704e-07
 3.40237e-07
 3.03063e-07
 2.71667e-07
 2.44911e-07
 2.21922e-07
 2.02026e-07
 1.84690e-07
 1.69494e-07
 1.56099e-07
 1.44231e-07
 1.33667e-07
 1.46407e-06
 1.16432e-06
 9.47870e-07
 7.86451e-07
 6.62874e-07
 5.66184e-07
 4.89122e-07
 4.26726e-07
 3.75505e-07
 3.32948e-07
 2.97210e-07
 2.66913e-07
 2.41007e-07
 2.18687e-07
 1.99320e-07
 1.82410e-07
 1.67558e-07
 1.54445e-07
 1.42809e-07
 1.32437e-07
 1.30439e-06
 1.05924e-06
 8.75932e-07
 7.35576e-07
 6.25901e-07
 5.38681e-07
 4.68248e-07
 4.10601e-07
 3.62854e-07
 3.22884e-07
 2.89105e-07
 2.60312e-07
 2.35578e-07
 2.14179e-07
 1.95547e-07
 1.79227e-07
 1.64854e-07
 1.52132e-07
 1.40819e-07
 1.30716e-07
 1.13329e-06
 9.42713e-07
 7.94057e-07
 6.76495e-07
 5.82273e-07
 5.05810e-07
 4.43038e-07
 3.90960e-07
 3.47335e-07
 3.10466e-07
 2.79054e-07
 2.52093e-07
 2.28793e-07
 2.08529e-07
 1.90805e-07
 1.75218e-07
 1.61442e-07
 1.49210e-07
 1.38302e-07
 1.28536e-07
 9.66456e-07
 8.24620e-07
 7.08573e-07
 6.13341e-07
 5.34749e-07
 4.69447e-07
 4.14795e-07
 3.68723e-07
 3.29608e-07
 2.96175e-07
 2.67414e-07
 2.42521e-07
 2.20854e-07
 2.01892e-07
 1.85215e-07
 1.70478e-07
 1.57397e-07
 1.45737e-07
 1.35305e-07
 1.25936e-07
 8.13934e-07
 7.12222e-07
 6.24577e-07
 5.49677e-07
 4.85830e-07
 4.31368e-07
 3.84791e-07
 3.44812e-07
 3.10352e-07
 2.80515e-07
 2.54563e-07
 2.31886e-07
 2.11983e-07
 1.94440e-07
 1.78911e-07
 1.65112e-07
 1.52802e-07
 1.41782e-07
 1.31881e-07
 1.22959e-07
 6.80511e-07
 6.09918e-07
 5.45618e-07
 4.88224e-07
 4.37563e-07
 3.93100e-07
 3.54168e-07
 3.20085e-07
 2.90213e-07
 2.63978e-07
 2.40878e-07
 2.20478e-07
 2.02407e-07
 1.86350e-07
 1.72034e-07
 1.59233e-07
 1.47749e-07
 1.37416e-07
 1.28092e-07
 1.19654e-07
 5.67179e-07
 5.19696e-07
 4.73762e-07
 4.30806e-07
 3.91451e-07
 3.55845e-07
 3.23871e-07
 2.95281e-07
 2.69769e-07
 2.47016e-07
 2.26713e-07
 2.08576e-07
 1.92348e-07
 1.77798e-07
 1.64726e-07
 1.52954e-07
 1.42328e-07
 1.32715e-07
 1.23997e-07
 1.16072e-07
 4.72699e-07
 4.41844e-07
 4.09894e-07
 3.78456e-07
 3.48479e-07
 3.20465e-07
 2.94627e-07
 2.70998e-07
 2.49505e-07
 2.30020e-07
 2.12386e-07
 1.96437e-07
 1.82010e-07
 1.68953e-07
 1.57122e-07
 1.46387e-07
 1.36633e-07
 1.27754e-07
 1.19659e-07
 1.12264e-07
