scalar
part
         1
quad4
 6.52848e-07
 5.96843e-07
 5.42707e-07
 4.92087e-07
 4.45740e-07
 4.03866e-07
 3.66343e-07
 3.32879e-07
 3.03107e-07
 2.76640e-07
 2.53104e-07
 2.32150e-07
 2.13464e-07
 1.96768e-07
 1.81816e-07
 1.68394e-07
 1.56317e-07
 1.45422e-07
 1.35570e-07
 1.26639e-07
 7.67816e-07
 6.88535e-07
 6.15544e-07
 5.49941e-07
 4.91807e-07
 4.40701e-07
 3.95950e-07
 3.56814e-07
 3.22573e-07
 2.92568e-07
 2.66216e-07
 2.43008e-07
 2.22507e-07
 2.04340e-07
 1.88189e-07
 1.73786e-07
 1.60899e-07
 1.49335e-07
 1.38925e-07
 1.29527e-07
 9.02341e-07
 7.91816e-07
 6.94914e-07
 6.11203e-07
 5.39397e-07
 4.77947e-07
 4.25334e-07
 3.80184e-07
 3.41308e-07
 3.07705e-07
 2.78535e-07
 2.53105e-07
 2.30837e-07
 2.11256e-07
 1.93966e-07
 1.78637e-07
 1.64994e-07
 1.52808e-07
 1.41885e-07
 1.32060e-07
 1.05583e-06
 9.04738e-07
 7.78624e-07
 6.73881e-07
 5.86847e-07
 5.14275e-07
 4.53455e-07
 4.02182e-07
 3.58689e-07
 3.21566e-07
 2.89687e-07
 2.62149e-07
 2.38227e-07
 2.17337e-07
 1.99002e-07
 1.82833e-07
 1.68510e-07
 1.55769e-07
 1.44390e-07
 1.34190e-07
 1.22399e-06
 1.02281e-06
 8.62871e-07
 7.35000e-07
 6.31911e-07
 5.48013e-07
 4.79073e-07
 4.21888e-07
 3.74029e-07
 3.33638e-07
 2.99280e-07
 2.69842e-07
 2.44449e-07
 2.22406e-07
 2.03160e-07
 1.86265e-07
 1.71360e-07
 1.58149e-07
 1.46387e-07
 1.35873e-07
 1.39680e-06
 1.13828e-06
 9.42062e-07
 7.90632e-07
 6.71846e-07
 5.77238e-07
 5.00828e-07
 4.38332e-07
 3.86627e-07
 3.43406e-07
 3.06937e-07
 2.75902e-07
 2.49286e-07
 2.26298e-07
 2.06314e-07
 1.88837e-07
 1.73469e-07
 1.59887e-07
 1.47826e-07
 1.37069e-07
 1.55707e-06
 1.24004e-06
 1.00910e-06
 8.36201e-07
 7.03655e-07
 5.99950e-07
 5.17363e-07
 4.50573e-07
 3.95821e-07
 3.50399e-07
 3.12314e-07
 2.80077e-07
 2.52554e-07
 2.28874e-07
 2.08357e-07
 1.90466e-07
 1.74773e-07
 1.60934e-07
 1.48669e-07
 1.37749e-07
 1.68164e-06
 1.31502e-06
 1.05637e-06
 8.67122e-07
 7.24489e-07
 6.14328e-07
 5.27482e-07
 4.57807e-07
 4.01060e-07
 3.54231e-07
 3.15138e-07
 2.82167e-07
 2.54106e-07
 2.30025e-07
 2.09208e-07
 1.91090e-07
 1.75224e-07
 1.61253e-07
 1.48887e-07
 1.37889e-07
 1.74683e-06
 1.35117e-06
 1.07737e-06
 8.79693e-07
 7.32146e-07
 6.19013e-07
 5.30317e-07
 4.59468e-07
 4.01963e-07
 3.54641e-07
 3.15226e-07
 2.82046e-07
 2.53849e-07
 2.29685e-07
 2.08817e-07
 1.90672e-07
 1.74796e-07
 1.60824e-07
 1.48465e-07
 1.37478e-07
 1.73737e-06
 1.34138e-06
 1.06849e-06
 8.71969e-07
 7.25524e-07
 6.13353e-07
 5.25473e-07
 4.55307e-07
 3.98372e-07
 3.51526e-07
 3.12511e-07
 2.79667e-07
 2.51755e-07
 2.27832e-07
 2.07172e-07
 1.89205e-07
 1.73482e-07
 1.59643e-07
 1.47399e-07
 1.36514e-07
 1.65359e-06
 1.28615e-06
 1.03016e-06
 8.44282e-07
 7.04871e-07
 5.97539e-07
 5.13094e-07
 4.45435e-07
 3.90374e-07
 3.44955e-07
 3.07046e-07
 2.75074e-07
 2.47857e-07
 2.24497e-07
 2.04295e-07
 1.86706e-07
 1.71298e-07
 1.57723e-07
 1.45702e-07
 1.35007e-07
 1.51111e-06
 1.19339e-06
 9.66719e-07
 7.99168e-07
 6.71753e-07
 5.72574e-07
 4.93850e-07
 4.30314e-07
 3.78292e-07
 3.35162e-07
 2.99005e-07
 2.68396e-07
 2.42255e-07
 2.19753e-07
 2.00245e-07
 1.83223e-07
 1.68281e-07
 1.55094e-07
 1.43398e-07
 1.32977e-07
 1.33340e-06
 1.07544e-06
 8.85110e-07
 7.40750e-07
 6.28727e-07
 5.40109e-07
 4.68839e-07
 4.10694e-07
 3.62656e-07
 3.22524e-07
 2.88663e-07
 2.59838e-07
 2.35102e-07
 2.13721e-07
 1.95116e-07
 1.78828e-07
 1.64490e-07
 1.51803e-07
 1.40525e-07
 1.30454e-07
 1.14344e-06
 9.45417e-07
 7.93141e-07
 6.73850e-07
 5.78875e-07
 5.02172e-07
 4.39432e-07
 3.87525e-07
 3.44136e-07
 3.07528e-07
 2.76378e-07
 2.49667e-07
 2.26602e-07
 2.06554e-07
 1.89026e-07
 1.73615e-07
 1.59998e-07
 1.47909e-07
 1.37129e-07
 1.27477e-07
 9.58957e-07
 8.14549e-07
 6.97997e-07
 6.03156e-07
 5.25319e-07
 4.60887e-07
 4.07104e-07
 3.61851e-07
 3.23483e-07
 2.90720e-07
 2.62555e-07
 2.38189e-07
 2.16985e-07
 1.98432e-07
 1.82115e-07
 1.67695e-07
 1.54894e-07
 1.43482e-07
 1.33268e-07
 1.24094e-07
 7.91183e-07
 6.90913e-07
 6.05358e-07
 5.32645e-07
 4.70854e-07
 4.18236e-07
 3.73277e-07
 3.34702e-07
 3.01456e-07
 2.72667e-07
 2.47620e-07
 2.25726e-07
 2.06503e-07
 1.89550e-07
 1.74537e-07
 1.61188e-07
 1.49273e-07
 1.38600e-07
 1.29006e-07
 1.20354e-07
 6.45536e-07
 5.79355e-07
 5.19110e-07
 4.65295e-07
 4.17722e-07
 3.75896e-07
 3.39203e-07
 3.07022e-07
 2.78766e-07
 2.53910e-07
 2.31990e-07
 2.12604e-07
 1.95407e-07
 1.80106e-07
 1.66448e-07
 1.54220e-07
 1.43238e-07
 1.33345e-07
 1.24409e-07
 1.16314e-07
 5.23172e-07
 4.82015e-07
 4.41461e-07
 4.03056e-07
 3.67536e-07
 3.35158e-07
 3.05904e-07
 2.79609e-07
 2.56042e-07
 2.34942e-07
 2.16052e-07
 1.99126e-07
 1.83941e-07
 1.70294e-07
 1.58006e-07
 1.46918e-07
 1.36890e-07
 1.27802e-07
 1.19547e-07
 1.12031e-07
 4.22633e-07
 3.99106e-07
 3.73282e-07
 3.46979e-07
 3.21313e-07
 2.96924e-07
 2.74142e-07
 2.53097e-07
 2.33797e-07
 2.16180e-07
 2.00144e-07
 1.85568e-07
 1.72326e-07
 1.60295e-07
 1.49357e-07
 1.39402e-07
 1.30330e-07
 1.22053e-07
 1.14487e-07
 1.07561e-07
 3.41197e-07
 3.29664e-07
 3.14505e-07
 2.97415e-07
 2.79567e-07
 2.61741e-07
 2.44435e-07
 2.27944e-07
 2.12430e-07
 1.97961e-07
 1.84548e-07
 1.72164e-07
 1.60759e-07
 1.50271e-07
 1.40636e-07
 1.31784e-07
 1.23652e-07
 1.16175e-07
 1.09296e-07
 1.02961e-07
