scalar
part
         1
quad4
 3.89194e-07
 3.69001e-07
 3.46473e-07
 3.23228e-07
 3.00306e-07
 2.78333e-07
 2.57655e-07
 2.38433e-07
 2.20708e-07
 2.04451e-07
 1.89591e-07
 1.76034e-07
 1.63678e-07
 1.52419e-07
 1.42157e-07
 1.32796e-07
 1.24248e-07
 1.16434e-07
 1.09281e-07
 1.02723e-07
 4.73326e-07
 4.39401e-07
 4.05045e-07
 3.71858e-07
 3.40696e-07
 3.11947e-07
 2.85718e-07
 2.61950e-07
 2.40500e-07
 2.21184e-07
 2.03803e-07
 1.88162e-07
 1.74075e-07
 1.61372e-07
 1.49901e-07
 1.39523e-07
 1.30116e-07
 1.21572e-07
 1.13798e-07
 1.06708e-07
 5.75544e-07
 5.22069e-07
 4.71840e-07
 4.25937e-07
 3.84651e-07
 3.47852e-07
 3.15211e-07
 2.86323e-07
 2.60764e-07
 2.38133e-07
 2.18065e-07
 2.00232e-07
 1.84347e-07
 1.70162e-07
 1.57460e-07
 1.46056e-07
 1.35789e-07
 1.26520e-07
 1.18132e-07
 1.10520e-07
 6.97645e-07
 6.17245e-07
 5.46403e-07
 4.84759e-07
 4.31422e-07
 3.85350e-07
 3.45529e-07
 3.11036e-07
 2.81070e-07
 2.54947e-07
 2.32088e-07
 2.12009e-07
 1.94303e-07
 1.78630e-07
 1.64706e-07
 1.52289e-07
 1.41179e-07
 1.31205e-07
 1.22222e-07
 1.14107e-07
 8.39669e-07
 7.23744e-07
 6.27240e-07
 5.46890e-07
 4.79768e-07
 4.23417e-07
 3.75840e-07
 3.35427e-07
 3.00893e-07
 2.71206e-07
 2.45540e-07
 2.23228e-07
 2.03730e-07
 1.86607e-07
 1.71499e-07
 1.58111e-07
 1.46196e-07
 1.35552e-07
 1.26007e-07
 1.17418e-07
 9.98470e-07
 8.38250e-07
 7.11489e-07
 6.10037e-07
 5.27907e-07
 4.60687e-07
 4.05103e-07
 3.58702e-07
 3.19623e-07
 2.86442e-07
 2.58057e-07
 2.33604e-07
 2.12404e-07
 1.93915e-07
 1.77700e-07
 1.63407e-07
 1.50748e-07
 1.39486e-07
 1.29426e-07
 1.20404e-07
 1.16622e-06
 9.54759e-07
 7.94750e-07
 6.71025e-07
 5.73552e-07
 4.95503e-07
 4.32111e-07
 3.79970e-07
 3.36599e-07
 3.00158e-07
 2.69261e-07
 2.42850e-07
 2.20103e-07
 2.00380e-07
 1.83171e-07
 1.68069e-07
 1.54747e-07
 1.42938e-07
 1.32421e-07
 1.23017e-07
 1.32963e-06
 1.06452e-06
 8.71230e-07
 7.25967e-07
 6.14055e-07
 5.26033e-07
 4.55573e-07
 3.98309e-07
 3.51150e-07
 3.11860e-07
 2.78785e-07
 2.50685e-07
 2.26613e-07
 2.05836e-07
 1.87782e-07
 1.71995e-07
 1.58113e-07
 1.45841e-07
 1.34941e-07
 1.25216e-07
 1.47071e-06
 1.15681e-06
 9.34332e-07
 7.70677e-07
 6.46685e-07
 5.50449e-07
 4.74237e-07
 4.12843e-07
 3.62653e-07
 3.21095e-07
 2.86295e-07
 2.56862e-07
 2.31745e-07
 2.10141e-07
 1.91423e-07
 1.75098e-07
 1.60776e-07
 1.48142e-07
 1.36940e-07
 1.26963e-07
 1.56974e-06
 1.22072e-06
 9.77694e-07
 8.01285e-07
 6.68997e-07
 5.67155e-07
 4.87032e-07
 4.22835e-07
 3.70590e-07
 3.27492e-07
 2.91519e-07
 2.61178e-07
 2.35348e-07
 2.13177e-07
 1.94003e-07
 1.77308e-07
 1.62682e-07
 1.49796e-07
 1.38384e-07
 1.28230e-07
 1.61034e-06
 1.24767e-06
 9.96505e-07
 8.14942e-07
 6.79227e-07
 5.75018e-07
 4.93208e-07
 4.27774e-07
 3.74602e-07
 3.30796e-07
 2.94272e-07
 2.63495e-07
 2.37318e-07
 2.14865e-07
 1.95461e-07
 1.78576e-07
 1.63791e-07
 1.50772e-07
 1.39248e-07
 1.28998e-07
 1.58514e-06
 1.23390e-06
 9.88697e-07
 8.10431e-07
 6.76624e-07
 5.73553e-07
 4.92437e-07
 4.27434e-07
 3.74529e-07
 3.30890e-07
 2.94467e-07
 2.63751e-07
 2.37606e-07
 2.15169e-07
 1.95768e-07
 1.78879e-07
 1.64086e-07
 1.51056e-07
 1.39520e-07
 1.29256e-07
 1.49929e-06
 1.18190e-06
 9.55556e-07
 7.88459e-07
 6.61590e-07
 5.62998e-07
 4.84867e-07
 4.21905e-07
 3.70430e-07
 3.27810e-07
 2.92129e-07
 2.61958e-07
 2.36222e-07
 2.14093e-07
 1.94927e-07
 1.78220e-07
 1.63568e-07
 1.50649e-07
 1.39199e-07
 1.29005e-07
 1.36874e-06
 1.09966e-06
 9.01401e-07
 7.51499e-07
 6.35609e-07
 5.44277e-07
 4.71089e-07
 4.11579e-07
 3.62568e-07
 3.21741e-07
 2.87385e-07
 2.58211e-07
 2.33232e-07
 2.11686e-07
 1.92976e-07
 1.76626e-07
 1.62258e-07
 1.49565e-07
 1.38298e-07
 1.28253e-07
 1.21408e-06
 9.98188e-07
 8.32451e-07
 7.03231e-07
 6.00949e-07
 5.18835e-07
 4.52053e-07
 3.97097e-07
 3.51385e-07
 3.12991e-07
 2.80458e-07
 2.52668e-07
 2.28755e-07
 2.08039e-07
 1.89980e-07
 1.74147e-07
 1.60194e-07
 1.47836e-07
 1.36842e-07
 1.27019e-07
 1.05409e-06
 8.88513e-07
 7.55367e-07
 6.47802e-07
 5.60262e-07
 4.88416e-07
 4.28933e-07
 3.79263e-07
 3.37445e-07
 3.01964e-07
 2.71640e-07
 2.45546e-07
 2.22951e-07
 2.03270e-07
 1.86032e-07
 1.70856e-07
 1.57433e-07
 1.45506e-07
 1.34864e-07
 1.25333e-07
 9.02111e-07
 7.79565e-07
 6.76045e-07
 5.89125e-07
 5.16184e-07
 4.54820e-07
 4.02979e-07
 3.58961e-07
 3.21381e-07
 2.89119e-07
 2.61268e-07
 2.37097e-07
 2.16011e-07
 1.97526e-07
 1.81244e-07
 1.66840e-07
 1.54043e-07
 1.42628e-07
 1.32409e-07
 1.23227e-07
 7.65529e-07
 6.77335e-07
 5.98955e-07
 5.30434e-07
 4.71030e-07
 4.19710e-07
 3.75391e-07
 3.37065e-07
 3.03837e-07
 2.74934e-07
 2.49703e-07
 2.27594e-07
 2.08144e-07
 1.90968e-07
 1.75742e-07
 1.62196e-07
 1.50101e-07
 1.39265e-07
 1.29525e-07
 1.20742e-07
 6.47129e-07
 5.85081e-07
 5.27003e-07
 4.74083e-07
 4.26631e-07
 3.84479e-07
 3.47225e-07
 3.14375e-07
 2.85418e-07
 2.59873e-07
 2.37300e-07
 2.17310e-07
 1.99562e-07
 1.83763e-07
 1.69658e-07
 1.57031e-07
 1.45693e-07
 1.35485e-07
 1.26268e-07
 1.17924e-07
 5.46786e-07
 5.04005e-07
 4.61752e-07
 4.21580e-07
 3.84290e-07
 3.50203e-07
 3.19343e-07
 2.91571e-07
 2.66662e-07
 2.44357e-07
 2.24391e-07
 2.06508e-07
 1.90475e-07
 1.76077e-07
 1.63125e-07
 1.51450e-07
 1.40904e-07
 1.31357e-07
 1.22695e-07
 1.14820e-07
