scalar
part
         1
quad4
 5.01323e-07
 4.66590e-07
 4.31213e-07
 3.96802e-07
 3.64277e-07
 3.34097e-07
 3.06424e-07
 2.81242e-07
 2.58436e-07
 2.37837e-07
 2.19256e-07
 2.02500e-07
 1.87384e-07
 1.73733e-07
 1.61391e-07
 1.50215e-07
 1.40076e-07
 1.30863e-07
 1.22474e-07
 1.14821e-07
 5.99075e-07
 5.46696e-07
 4.96585e-07
 4.50116e-07
 4.07834e-07
 3.69798e-07
 3.35810e-07
 3.05547e-07
 2.78642e-07
 2.54725e-07
 2.33445e-07
 2.14485e-07
 1.97558e-07
 1.82414e-07
 1.68833e-07
 1.56624e-07
 1.45621e-07
 1.35680e-07
 1.26676e-07
 1.18501e-07
 7.15820e-07
 6.39089e-07
 5.69753e-07
 5.08270e-07
 4.54303e-07
 4.07165e-07
 3.66064e-07
 3.30214e-07
 2.98895e-07
 2.71467e-07
 2.47378e-07
 2.26153e-07
 2.07389e-07
 1.90746e-07
 1.75934e-07
 1.62707e-07
 1.50858e-07
 1.40209e-07
 1.30611e-07
 1.21935e-07
 8.52542e-07
 7.43244e-07
 6.49647e-07
 5.70093e-07
 5.02601e-07
 4.45268e-07
 3.96414e-07
 3.54615e-07
 3.18687e-07
 2.87657e-07
 2.60727e-07
 2.37243e-07
 2.16667e-07
 1.98560e-07
 1.82555e-07
 1.68350e-07
 1.55695e-07
 1.44376e-07
 1.34219e-07
 1.25072e-07
 1.00779e-06
 8.56820e-07
 7.33949e-07
 6.33591e-07
 5.51113e-07
 4.82831e-07
 4.25867e-07
 3.77980e-07
 3.37423e-07
 3.02833e-07
 2.73133e-07
 2.47472e-07
 2.25169e-07
 2.05678e-07
 1.88556e-07
 1.73442e-07
 1.60040e-07
 1.48106e-07
 1.37437e-07
 1.27862e-07
 1.17604e-06
 9.74939e-07
 8.18815e-07
 6.95866e-07
 5.97689e-07
 5.18268e-07
 4.53248e-07
 3.99434e-07
 3.54447e-07
 3.16498e-07
 2.84217e-07
 2.56549e-07
 2.32668e-07
 2.11924e-07
 1.93797e-07
 1.77870e-07
 1.63806e-07
 1.51327e-07
 1.40208e-07
 1.30258e-07
 1.34625e-06
 1.08979e-06
 8.98848e-07
 7.53197e-07
 6.39745e-07
 5.49763e-07
 4.77266e-07
 4.18047e-07
 3.69080e-07
 3.28150e-07
 2.93603e-07
 2.64190e-07
 2.38948e-07
 2.17130e-07
 1.98148e-07
 1.81533e-07
 1.66910e-07
 1.53975e-07
 1.42479e-07
 1.32217e-07
 1.50164e-06
 1.19099e-06
 9.67514e-07
 8.01371e-07
 6.74500e-07
 5.75440e-07
 4.96630e-07
 4.32913e-07
 3.80674e-07
 3.37319e-07
 3.00947e-07
 2.70137e-07
 2.43814e-07
 2.21148e-07
 2.01493e-07
 1.84340e-07
 1.69283e-07
 1.55994e-07
 1.44206e-07
 1.33704e-07
 1.62192e-06
 1.26712e-06
 1.01807e-06
 8.36244e-07
 6.99322e-07
 5.93578e-07
 5.10183e-07
 4.43237e-07
 3.88673e-07
 3.43609e-07
 3.05958e-07
 2.74177e-07
 2.47105e-07
 2.23856e-07
 2.03741e-07
 1.86220e-07
 1.70867e-07
 1.57338e-07
 1.45354e-07
 1.34689e-07
 1.68813e-06
 1.30812e-06
 1.04484e-06
 8.54459e-07
 7.12138e-07
 6.02850e-07
 5.17051e-07
 4.48428e-07
 3.92666e-07
 3.46728e-07
 3.08428e-07
 2.76157e-07
 2.48710e-07
 2.25169e-07
 2.04825e-07
 1.87123e-07
 1.71624e-07
 1.57977e-07
 1.45897e-07
 1.35153e-07
 1.68848e-06
 1.30800e-06
 1.04454e-06
 8.54110e-07
 7.11793e-07
 6.02529e-07
 5.16761e-07
 4.48170e-07
 3.92437e-07
 3.46526e-07
 3.08249e-07
 2.75999e-07
 2.48570e-07
 2.25044e-07
 2.04713e-07
 1.87023e-07
 1.71534e-07
 1.57896e-07
 1.45824e-07
 1.35087e-07
 1.62250e-06
 1.26655e-06
 1.01708e-06
 8.35164e-07
 6.98273e-07
 5.92611e-07
 5.09313e-07
 4.42464e-07
 3.87988e-07
 3.43004e-07
 3.05423e-07
 2.73704e-07
 2.46685e-07
 2.23482e-07
 2.03407e-07
 1.85922e-07
 1.70599e-07
 1.57096e-07
 1.45135e-07
 1.34491e-07
 1.50134e-06
 1.18950e-06
 9.65649e-07
 7.99473e-07
 6.72714e-07
 5.73818e-07
 4.95182e-07
 4.31630e-07
 3.79541e-07
 3.36320e-07
 3.00064e-07
 2.69355e-07
 2.43119e-07
 2.20530e-07
 2.00941e-07
 1.83846e-07
 1.68839e-07
 1.55593e-07
 1.43844e-07
 1.33376e-07
 1.34397e-06
 1.08690e-06
 8.95885e-07
 7.50394e-07
 6.37192e-07
 5.47482e-07
 4.75247e-07
 4.16267e-07
 3.67512e-07
 3.26767e-07
 2.92383e-07
 2.63109e-07
 2.37988e-07
 2.16275e-07
 1.97384e-07
 1.80848e-07
 1.66295e-07
 1.53420e-07
 1.41977e-07
 1.31762e-07
 1.17123e-06
 9.70373e-07
 8.14632e-07
 6.92114e-07
 5.94364e-07
 5.15340e-07
 4.50677e-07
 3.97177e-07
 3.52464e-07
 3.14751e-07
 2.82675e-07
 2.55183e-07
 2.31455e-07
 2.10842e-07
 1.92830e-07
 1.77003e-07
 1.63026e-07
 1.50623e-07
 1.39570e-07
 1.29680e-07
 1.00053e-06
 8.50600e-07
 7.28568e-07
 6.28921e-07
 5.47052e-07
 4.79294e-07
 4.22779e-07
 3.75278e-07
 3.35053e-07
 3.00746e-07
 2.71290e-07
 2.45839e-07
 2.23717e-07
 2.04383e-07
 1.87396e-07
 1.72401e-07
 1.59103e-07
 1.47260e-07
 1.36670e-07
 1.27166e-07
 8.43341e-07
 7.35623e-07
 6.43217e-07
 5.64605e-07
 4.97879e-07
 4.41181e-07
 3.92859e-07
 3.51510e-07
 3.15964e-07
 2.85260e-07
 2.58608e-07
 2.35363e-07
 2.14995e-07
 1.97066e-07
 1.81216e-07
 1.67147e-07
 1.54610e-07
 1.43396e-07
 1.33330e-07
 1.24264e-07
 7.05319e-07
 6.30439e-07
 5.62504e-07
 5.02117e-07
 4.49029e-07
 4.02611e-07
 3.62107e-07
 3.26758e-07
 2.95861e-07
 2.68794e-07
 2.45012e-07
 2.24051e-07
 2.05516e-07
 1.89071e-07
 1.74430e-07
 1.61354e-07
 1.49636e-07
 1.39104e-07
 1.29608e-07
 1.21021e-07
 5.87876e-07
 5.37406e-07
 4.88773e-07
 4.43474e-07
 4.02135e-07
 3.64870e-07
 3.31522e-07
 3.01796e-07
 2.75345e-07
 2.51813e-07
 2.30864e-07
 2.12188e-07
 1.95507e-07
 1.80576e-07
 1.67181e-07
 1.55135e-07
 1.44274e-07
 1.34459e-07
 1.25566e-07
 1.17489e-07
 4.89906e-07
 4.57001e-07
 4.23081e-07
 3.89846e-07
 3.58282e-07
 3.28895e-07
 3.01883e-07
 2.77258e-07
 2.54923e-07
 2.34727e-07
 2.16492e-07
 2.00035e-07
 1.85177e-07
 1.71752e-07
 1.59607e-07
 1.48603e-07
 1.38616e-07
 1.29537e-07
 1.21267e-07
 1.13720e-07
