scalar
part
         1
quad4
 4.77916e-07
 4.46153e-07
 4.13426e-07
 3.81335e-07
 3.50817e-07
 3.22358e-07
 2.96156e-07
 2.72230e-07
 2.50496e-07
 2.30814e-07
 2.13020e-07
 1.96940e-07
 1.82406e-07
 1.69261e-07
 1.57358e-07
 1.46565e-07
 1.36762e-07
 1.27843e-07
 1.19715e-07
 1.12293e-07
 5.72705e-07
 5.24130e-07
 4.77296e-07
 4.33608e-07
 3.93664e-07
 3.57588e-07
 3.25240e-07
 2.96353e-07
 2.70603e-07
 2.47661e-07
 2.27208e-07
 2.08950e-07
 1.92625e-07
 1.77997e-07
 1.64862e-07
 1.53040e-07
 1.42374e-07
 1.32728e-07
 1.23983e-07
 1.16037e-07
 6.86246e-07
 6.14358e-07
 5.49034e-07
 4.90840e-07
 4.39558e-07
 3.94615e-07
 3.55312e-07
 3.20943e-07
 2.90848e-07
 2.64440e-07
 2.41205e-07
 2.20700e-07
 2.02547e-07
 1.86425e-07
 1.72059e-07
 1.59218e-07
 1.47703e-07
 1.37346e-07
 1.28003e-07
 1.19550e-07
 8.19687e-07
 7.16477e-07
 6.27705e-07
 5.51963e-07
 4.87490e-07
 4.32562e-07
 3.85637e-07
 3.45397e-07
 3.10742e-07
 2.80758e-07
 2.54694e-07
 2.31934e-07
 2.11968e-07
 1.94376e-07
 1.78812e-07
 1.64986e-07
 1.52657e-07
 1.41622e-07
 1.31712e-07
 1.22783e-07
 9.71894e-07
 8.28399e-07
 7.11176e-07
 6.15112e-07
 5.35931e-07
 4.70211e-07
 4.15260e-07
 3.68973e-07
 3.29705e-07
 2.96162e-07
 2.67322e-07
 2.42373e-07
 2.20666e-07
 2.01677e-07
 1.84982e-07
 1.70233e-07
 1.57145e-07
 1.45483e-07
 1.35051e-07
 1.25684e-07
 1.13788e-06
 9.45603e-07
 7.95830e-07
 6.77530e-07
 5.82818e-07
 5.06028e-07
 4.43038e-07
 3.90814e-07
 3.47093e-07
 3.10162e-07
 2.78712e-07
 2.51728e-07
 2.28417e-07
 2.08150e-07
 1.90428e-07
 1.74847e-07
 1.61079e-07
 1.48857e-07
 1.37960e-07
 1.28205e-07
 1.30735e-06
 1.06071e-06
 8.76513e-07
 7.35629e-07
 6.25640e-07
 5.38237e-07
 4.67701e-07
 4.10001e-07
 3.62232e-07
 3.22260e-07
 2.88491e-07
 2.59715e-07
 2.35002e-07
 2.13627e-07
 1.95019e-07
 1.78724e-07
 1.64375e-07
 1.51677e-07
 1.40386e-07
 1.30304e-07
 1.46438e-06
 1.16375e-06
 9.46879e-07
 7.85283e-07
 6.61655e-07
 5.64977e-07
 4.87961e-07
 4.25625e-07
 3.74471e-07
 3.31980e-07
 2.96308e-07
 2.66071e-07
 2.40223e-07
 2.17956e-07
 1.98638e-07
 1.81772e-07
 1.66961e-07
 1.53885e-07
 1.42283e-07
 1.31943e-07
 1.58932e-06
 1.24350e-06
 1.00024e-06
 8.22352e-07
 6.88213e-07
 5.84505e-07
 5.02642e-07
 4.36875e-07
 3.83237e-07
 3.38913e-07
 3.01863e-07
 2.70576e-07
 2.43914e-07
 2.21009e-07
 2.01186e-07
 1.83915e-07
 1.68777e-07
 1.55434e-07
 1.43613e-07
 1.33091e-07
 1.66312e-06
 1.28976e-06
 1.03078e-06
 8.43365e-07
 7.03159e-07
 5.95435e-07
 5.10825e-07
 4.43127e-07
 3.88098e-07
 3.42751e-07
 3.04935e-07
 2.73064e-07
 2.45953e-07
 2.22696e-07
 2.02594e-07
 1.85100e-07
 1.69782e-07
 1.56292e-07
 1.44350e-07
 1.33728e-07
 1.67292e-06
 1.29591e-06
 1.03487e-06
 8.46199e-07
 7.05199e-07
 5.96947e-07
 5.11974e-07
 4.44019e-07
 3.88804e-07
 3.43318e-07
 3.05397e-07
 2.73446e-07
 2.46271e-07
 2.22964e-07
 2.02822e-07
 1.85295e-07
 1.69950e-07
 1.56438e-07
 1.44478e-07
 1.33840e-07
 1.61656e-06
 1.26090e-06
 1.01193e-06
 8.30536e-07
 6.94141e-07
 5.88923e-07
 5.06013e-07
 4.39502e-07
 3.85320e-07
 3.40591e-07
 3.03232e-07
 2.71707e-07
 2.44859e-07
 2.21806e-07
 2.01864e-07
 1.84497e-07
 1.69280e-07
 1.55871e-07
 1.43995e-07
 1.33427e-07
 1.50362e-06
 1.18962e-06
 9.64668e-07
 7.97951e-07
 6.70947e-07
 5.71970e-07
 4.93339e-07
 4.29841e-07
 3.77830e-07
 3.34697e-07
 2.98533e-07
 2.67915e-07
 2.41767e-07
 2.19260e-07
 1.99750e-07
 1.82727e-07
 1.67787e-07
 1.54604e-07
 1.42913e-07
 1.32497e-07
 1.35227e-06
 1.09159e-06
 8.98408e-07
 7.51583e-07
 6.37551e-07
 5.47322e-07
 4.74765e-07
 4.15586e-07
 3.66715e-07
 3.25906e-07
 2.91492e-07
 2.62212e-07
 2.37100e-07
 2.15406e-07
 1.96539e-07
 1.80032e-07
 1.65508e-07
 1.52665e-07
 1.41253e-07
 1.31068e-07
 1.18333e-06
 9.78323e-07
 8.19844e-07
 6.95499e-07
 5.96516e-07
 5.16651e-07
 4.51407e-07
 3.97504e-07
 3.52510e-07
 3.14601e-07
 2.82388e-07
 2.54803e-07
 2.31012e-07
 2.10358e-07
 1.92321e-07
 1.76480e-07
 1.62498e-07
 1.50097e-07
 1.39049e-07
 1.29167e-07
 1.01463e-06
 8.60591e-07
 7.35661e-07
 6.33961e-07
 5.50629e-07
 4.81820e-07
 4.24543e-07
 3.76485e-07
 3.35850e-07
 3.01240e-07
 2.71558e-07
 2.45938e-07
 2.23691e-07
 2.04262e-07
 1.87207e-07
 1.72160e-07
 1.58824e-07
 1.46955e-07
 1.36346e-07
 1.26830e-07
 8.58159e-07
 7.46696e-07
 6.51494e-07
 5.70799e-07
 5.02522e-07
 4.44663e-07
 3.95468e-07
 3.53458e-07
 3.17410e-07
 2.86320e-07
 2.59372e-07
 2.35898e-07
 2.15351e-07
 1.97283e-07
 1.81325e-07
 1.67171e-07
 1.54567e-07
 1.43301e-07
 1.33195e-07
 1.24098e-07
 7.20036e-07
 6.41900e-07
 5.71412e-07
 5.09039e-07
 4.54413e-07
 4.06804e-07
 3.65376e-07
 3.29307e-07
 2.97848e-07
 2.70338e-07
 2.46208e-07
 2.24971e-07
 2.06216e-07
 1.89594e-07
 1.74813e-07
 1.61622e-07
 1.49813e-07
 1.39207e-07
 1.29651e-07
 1.21016e-07
 6.02016e-07
 5.48792e-07
 4.97905e-07
 4.50787e-07
 4.07988e-07
 3.69559e-07
 3.35282e-07
 3.04814e-07
 2.77769e-07
 2.53761e-07
 2.32428e-07
 2.13441e-07
 1.96508e-07
 1.81373e-07
 1.67811e-07
 1.55627e-07
 1.44654e-07
 1.34745e-07
 1.25776e-07
 1.17636e-07
 5.03224e-07
 4.68022e-07
 4.32155e-07
 3.97295e-07
 3.64388e-07
 3.33898e-07
 3.05985e-07
 2.80623e-07
 2.57687e-07
 2.36999e-07
 2.18360e-07
 2.01571e-07
 1.86440e-07
 1.72789e-07
 1.60456e-07
 1.49296e-07
 1.39179e-07
 1.29991e-07
 1.21630e-07
 1.14007e-07
