scalar
part
         1
quad4
 6.31987e-07
 5.79397e-07
 5.28222e-07
 4.80108e-07
 4.35850e-07
 3.95701e-07
 3.59593e-07
 3.27289e-07
 2.98465e-07
 2.72775e-07
 2.49877e-07
 2.29448e-07
 2.11196e-07
 1.94859e-07
 1.80206e-07
 1.67035e-07
 1.55167e-07
 1.44448e-07
 1.34745e-07
 1.25940e-07
 7.44561e-07
 6.69635e-07
 6.00265e-07
 5.37613e-07
 4.81858e-07
 4.32657e-07
 3.89427e-07
 3.51507e-07
 3.18240e-07
 2.89019e-07
 2.63298e-07
 2.40601e-07
 2.20517e-07
 2.02691e-07
 1.86821e-07
 1.72648e-07
 1.59953e-07
 1.48548e-07
 1.38271e-07
 1.28985e-07
 8.76705e-07
 7.71684e-07
 6.79142e-07
 5.98836e-07
 5.29671e-07
 4.70268e-07
 4.19242e-07
 3.75328e-07
 3.37422e-07
 3.04581e-07
 2.76015e-07
 2.51066e-07
 2.29185e-07
 2.09915e-07
 1.92876e-07
 1.77753e-07
 1.64278e-07
 1.52230e-07
 1.41421e-07
 1.31691e-07
 1.02817e-06
 8.83890e-07
 7.62881e-07
 6.61936e-07
 5.77729e-07
 5.07270e-07
 4.48040e-07
 3.97972e-07
 3.55401e-07
 3.18988e-07
 2.87659e-07
 2.60552e-07
 2.36971e-07
 2.16350e-07
 1.98230e-07
 1.82233e-07
 1.68049e-07
 1.55420e-07
 1.44133e-07
 1.34007e-07
 1.19526e-06
 1.00220e-06
 8.47960e-07
 7.24115e-07
 6.23892e-07
 5.42056e-07
 4.74616e-07
 4.18537e-07
 3.71501e-07
 3.31728e-07
 2.97841e-07
 2.68762e-07
 2.43646e-07
 2.21818e-07
 2.02741e-07
 1.85978e-07
 1.71177e-07
 1.58048e-07
 1.46351e-07
 1.35888e-07
 1.36890e-06
 1.11941e-06
 9.29107e-07
 7.81619e-07
 6.65507e-07
 5.72745e-07
 4.97632e-07
 4.36058e-07
 3.85020e-07
 3.42286e-07
 3.06175e-07
 2.75406e-07
 2.48990e-07
 2.26151e-07
 2.06280e-07
 1.88888e-07
 1.73584e-07
 1.60050e-07
 1.48025e-07
 1.37294e-07
 1.53315e-06
 1.22503e-06
 9.99501e-07
 8.29988e-07
 6.99620e-07
 5.97348e-07
 5.15722e-07
 4.49585e-07
 3.95284e-07
 3.50175e-07
 3.12309e-07
 2.80224e-07
 2.52808e-07
 2.29201e-07
 2.08733e-07
 1.90875e-07
 1.75201e-07
 1.61373e-07
 1.49112e-07
 1.38190e-07
 1.66597e-06
 1.30637e-06
 1.05163e-06
 8.64638e-07
 7.23347e-07
 6.13999e-07
 5.27650e-07
 4.58278e-07
 4.01713e-07
 3.54989e-07
 3.15951e-07
 2.83003e-07
 2.54943e-07
 2.30851e-07
 2.10014e-07
 1.91871e-07
 1.75977e-07
 1.61977e-07
 1.49580e-07
 1.38553e-07
 1.74390e-06
 1.35123e-06
 1.07878e-06
 8.81685e-07
 7.34347e-07
 6.21237e-07
 5.32474e-07
 4.61516e-07
 4.03886e-07
 3.56435e-07
 3.16895e-07
 2.83596e-07
 2.55289e-07
 2.31023e-07
 2.10063e-07
 1.91833e-07
 1.75878e-07
 1.61836e-07
 1.49412e-07
 1.38366e-07
 1.75015e-06
 1.35156e-06
 1.07677e-06
 8.78821e-07
 7.31280e-07
 6.18253e-07
 5.29692e-07
 4.58976e-07
 4.01591e-07
 3.54372e-07
 3.15044e-07
 2.81937e-07
 2.53800e-07
 2.29684e-07
 2.08857e-07
 1.90744e-07
 1.74893e-07
 1.60942e-07
 1.48599e-07
 1.37625e-07
 1.68196e-06
 1.30630e-06
 1.04517e-06
 8.55884e-07
 7.14098e-07
 6.05048e-07
 5.19322e-07
 4.50683e-07
 3.94856e-07
 3.48827e-07
 3.10424e-07
 2.78046e-07
 2.50494e-07
 2.26850e-07
 2.06409e-07
 1.88616e-07
 1.73031e-07
 1.59304e-07
 1.47149e-07
 1.36336e-07
 1.55168e-06
 1.22174e-06
 9.87466e-07
 8.14918e-07
 6.84068e-07
 5.82439e-07
 5.01914e-07
 4.37018e-07
 3.83948e-07
 3.39992e-07
 3.03176e-07
 2.72032e-07
 2.45452e-07
 2.22584e-07
 2.02770e-07
 1.85487e-07
 1.70323e-07
 1.56945e-07
 1.45084e-07
 1.34517e-07
 1.38096e-06
 1.10920e-06
 9.09995e-07
 7.59682e-07
 6.43518e-07
 5.51927e-07
 4.78463e-07
 4.18661e-07
 3.69346e-07
 3.28212e-07
 2.93552e-07
 2.64080e-07
 2.38814e-07
 2.16994e-07
 1.98022e-07
 1.81424e-07
 1.66823e-07
 1.53910e-07
 1.42436e-07
 1.32195e-07
 1.19295e-06
 9.81637e-07
 8.20375e-07
 6.94839e-07
 5.95409e-07
 5.15450e-07
 4.50277e-07
 3.96515e-07
 3.51687e-07
 3.13943e-07
 2.81886e-07
 2.54440e-07
 2.30771e-07
 2.10224e-07
 1.92278e-07
 1.76515e-07
 1.62598e-07
 1.50251e-07
 1.39250e-07
 1.29405e-07
 1.00672e-06
 8.50776e-07
 7.25955e-07
 6.25115e-07
 5.42855e-07
 4.75110e-07
 4.18804e-07
 3.71599e-07
 3.31700e-07
 2.97719e-07
 2.68572e-07
 2.43407e-07
 2.21546e-07
 2.02447e-07
 1.85671e-07
 1.70864e-07
 1.57733e-07
 1.46038e-07
 1.35580e-07
 1.26193e-07
 8.35106e-07
 7.25470e-07
 6.32790e-07
 5.54661e-07
 4.88732e-07
 4.32923e-07
 3.85478e-07
 3.44946e-07
 3.10141e-07
 2.80098e-07
 2.54031e-07
 2.31301e-07
 2.11385e-07
 1.93853e-07
 1.78352e-07
 1.64589e-07
 1.52321e-07
 1.41345e-07
 1.31489e-07
 1.22608e-07
 6.84779e-07
 6.11303e-07
 5.45183e-07
 4.86692e-07
 4.35410e-07
 3.90636e-07
 3.51590e-07
 3.17518e-07
 2.87732e-07
 2.61627e-07
 2.38680e-07
 2.18443e-07
 2.00537e-07
 1.84638e-07
 1.70475e-07
 1.57815e-07
 1.46464e-07
 1.36253e-07
 1.27040e-07
 1.18705e-07
 5.57679e-07
 5.10971e-07
 4.65708e-07
 4.23388e-07
 3.84648e-07
 3.49631e-07
 3.18217e-07
 2.90149e-07
 2.65120e-07
 2.42810e-07
 2.22913e-07
 2.05143e-07
 1.89247e-07
 1.74998e-07
 1.62196e-07
 1.50668e-07
 1.40261e-07
 1.30845e-07
 1.22304e-07
 1.14538e-07
 4.52749e-07
 4.25045e-07
 3.95509e-07
 3.65994e-07
 3.37594e-07
 3.10898e-07
 2.86179e-07
 2.63509e-07
 2.42846e-07
 2.24082e-07
 2.07078e-07
 1.91682e-07
 1.77743e-07
 1.65116e-07
 1.53665e-07
 1.43269e-07
 1.33815e-07
 1.25204e-07
 1.17347e-07
 1.10166e-07
 3.67425e-07
 3.52759e-07
 3.34699e-07
 3.15006e-07
 2.94871e-07
 2.75062e-07
 2.56049e-07
 2.38097e-07
 2.21334e-07
 2.05798e-07
 1.91472e-07
 1.78304e-07
 1.66226e-07
 1.55158e-07
 1.45020e-07
 1.35732e-07
 1.27218e-07
 1.19408e-07
 1.12237e-07
 1.05644e-07
