scalar
part
         1
quad4
 3.40567e-07
 3.29077e-07
 3.13953e-07
 2.96893e-07
 2.79073e-07
 2.61274e-07
 2.43992e-07
 2.27525e-07
 2.12034e-07
 1.97588e-07
 1.84196e-07
 1.71831e-07
 1.60444e-07
 1.49975e-07
 1.40356e-07
 1.31520e-07
 1.23402e-07
 1.15939e-07
 1.09072e-07
 1.02749e-07
 4.21853e-07
 3.98389e-07
 3.72616e-07
 3.46358e-07
 3.20732e-07
 2.96380e-07
 2.73632e-07
 2.52619e-07
 2.33349e-07
 2.15760e-07
 1.99751e-07
 1.85199e-07
 1.71981e-07
 1.59971e-07
 1.49052e-07
 1.39116e-07
 1.30061e-07
 1.21799e-07
 1.14248e-07
 1.07336e-07
 5.22205e-07
 4.81139e-07
 4.40658e-07
 4.02316e-07
 3.66852e-07
 3.34524e-07
 3.05316e-07
 2.79064e-07
 2.55536e-07
 2.34472e-07
 2.15615e-07
 1.98720e-07
 1.83563e-07
 1.69941e-07
 1.57676e-07
 1.46609e-07
 1.36601e-07
 1.27531e-07
 1.19292e-07
 1.11792e-07
 6.44333e-07
 5.78281e-07
 5.18140e-07
 4.64412e-07
 4.16917e-07
 3.75159e-07
 3.38528e-07
 3.06402e-07
 2.78197e-07
 2.53386e-07
 2.31507e-07
 2.12157e-07
 1.94994e-07
 1.79723e-07
 1.66092e-07
 1.53889e-07
 1.42929e-07
 1.33057e-07
 1.24139e-07
 1.16061e-07
 7.89681e-07
 6.89592e-07
 6.04182e-07
 5.31591e-07
 4.69907e-07
 4.17381e-07
 3.72503e-07
 3.34000e-07
 3.00817e-07
 2.72084e-07
 2.47087e-07
 2.25238e-07
 2.06054e-07
 1.89136e-07
 1.74154e-07
 1.60833e-07
 1.48944e-07
 1.38294e-07
 1.28720e-07
 1.20087e-07
 9.57064e-07
 8.12913e-07
 6.96568e-07
 6.01899e-07
 5.24207e-07
 4.59898e-07
 4.06222e-07
 3.61059e-07
 3.22771e-07
 2.90076e-07
 2.61970e-07
 2.37657e-07
 2.16499e-07
 1.97987e-07
 1.81705e-07
 1.67317e-07
 1.54544e-07
 1.43158e-07
 1.32967e-07
 1.23813e-07
 1.14102e-06
 9.43382e-07
 7.91404e-07
 6.72353e-07
 5.77575e-07
 5.01035e-07
 4.38432e-07
 3.86639e-07
 3.43346e-07
 3.06820e-07
 2.75741e-07
 2.49092e-07
 2.26079e-07
 2.06077e-07
 1.88589e-07
 1.73215e-07
 1.59629e-07
 1.47568e-07
 1.36813e-07
 1.27184e-07
 1.33030e-06
 1.07290e-06
 8.83008e-07
 7.38981e-07
 6.27221e-07
 5.38814e-07
 4.67714e-07
 4.09709e-07
 3.61787e-07
 3.21753e-07
 2.87974e-07
 2.59219e-07
 2.34543e-07
 2.13213e-07
 1.94653e-07
 1.78405e-07
 1.64102e-07
 1.51446e-07
 1.40194e-07
 1.30147e-07
 1.50714e-06
 1.19027e-06
 9.64206e-07
 7.97105e-07
 6.70031e-07
 5.71116e-07
 4.92601e-07
 4.29232e-07
 3.77347e-07
 3.34328e-07
 2.98265e-07
 2.67735e-07
 2.41661e-07
 2.19217e-07
 1.99758e-07
 1.82779e-07
 1.67875e-07
 1.54721e-07
 1.43054e-07
 1.32658e-07
 1.64862e-06
 1.28239e-06
 1.02722e-06
 8.41923e-07
 7.02936e-07
 5.95923e-07
 5.11725e-07
 4.44261e-07
 3.89355e-07
 3.44064e-07
 3.06259e-07
 2.74374e-07
 2.47231e-07
 2.23933e-07
 2.03785e-07
 1.86243e-07
 1.70875e-07
 1.57335e-07
 1.45346e-07
 1.34678e-07
 1.73143e-06
 1.33702e-06
 1.06516e-06
 8.69341e-07
 7.23396e-07
 6.11597e-07
 5.23998e-07
 4.54051e-07
 3.97290e-07
 3.50584e-07
 3.11682e-07
 2.78933e-07
 2.51101e-07
 2.27245e-07
 2.06642e-07
 1.88724e-07
 1.73044e-07
 1.59243e-07
 1.47032e-07
 1.36175e-07
 1.74020e-06
 1.34637e-06
 1.07374e-06
 8.76855e-07
 7.29868e-07
 6.17144e-07
 5.28756e-07
 4.58145e-07
 4.00827e-07
 3.53655e-07
 3.14363e-07
 2.81283e-07
 2.53171e-07
 2.29077e-07
 2.08270e-07
 1.90177e-07
 1.74345e-07
 1.60413e-07
 1.48087e-07
 1.37130e-07
 1.67474e-06
 1.31000e-06
 1.05258e-06
 8.64158e-07
 7.22114e-07
 6.12384e-07
 5.25861e-07
 4.56436e-07
 3.99885e-07
 3.53214e-07
 3.14248e-07
 2.81383e-07
 2.53409e-07
 2.29402e-07
 2.08647e-07
 1.90583e-07
 1.74763e-07
 1.60833e-07
 1.48502e-07
 1.37534e-07
 1.55034e-06
 1.23506e-06
 1.00529e-06
 8.33207e-07
 7.01246e-07
 5.97973e-07
 5.15713e-07
 4.49176e-07
 3.94624e-07
 3.49362e-07
 3.11408e-07
 2.79277e-07
 2.51844e-07
 2.28239e-07
 2.07786e-07
 1.89950e-07
 1.74304e-07
 1.60506e-07
 1.48277e-07
 1.37389e-07
 1.39059e-06
 1.13356e-06
 9.38380e-07
 7.87699e-07
 6.69465e-07
 5.75271e-07
 4.99179e-07
 4.36931e-07
 3.85424e-07
 3.42362e-07
 3.06023e-07
 2.75096e-07
 2.48570e-07
 2.25657e-07
 2.05737e-07
 1.88316e-07
 1.72996e-07
 1.59455e-07
 1.47430e-07
 1.36705e-07
 1.21849e-06
 1.01849e-06
 8.59418e-07
 7.32202e-07
 6.29610e-07
 5.46095e-07
 4.77453e-07
 4.20505e-07
 3.72836e-07
 3.32599e-07
 2.98369e-07
 2.69036e-07
 2.43731e-07
 2.21763e-07
 2.02581e-07
 1.85742e-07
 1.70884e-07
 1.57714e-07
 1.45988e-07
 1.35506e-07
 1.05107e-06
 9.00874e-07
 7.75463e-07
 6.71270e-07
 5.84667e-07
 5.12437e-07
 4.51888e-07
 4.00834e-07
 3.57520e-07
 3.20544e-07
 2.88786e-07
 2.61350e-07
 2.37515e-07
 2.16698e-07
 1.98425e-07
 1.82310e-07
 1.68034e-07
 1.55334e-07
 1.43991e-07
 1.33823e-07
 8.98290e-07
 7.88426e-07
 6.92071e-07
 6.08808e-07
 5.37365e-07
 4.76212e-07
 4.23840e-07
 3.78888e-07
 3.40176e-07
 3.06709e-07
 2.77654e-07
 2.52320e-07
 2.30135e-07
 2.10624e-07
 1.93395e-07
 1.78118e-07
 1.64521e-07
 1.52375e-07
 1.41487e-07
 1.31694e-07
 7.64396e-07
 6.85593e-07
 6.13019e-07
 5.47771e-07
 4.89937e-07
 4.39082e-07
 3.94541e-07
 3.55580e-07
 3.21487e-07
 2.91608e-07
 2.65361e-07
 2.42243e-07
 2.21820e-07
 2.03720e-07
 1.87627e-07
 1.73274e-07
 1.60432e-07
 1.48906e-07
 1.38531e-07
 1.29164e-07
 6.49966e-07
 5.94304e-07
 5.40481e-07
 4.90139e-07
 4.44034e-07
 4.02369e-07
 3.65026e-07
 3.31715e-07
 3.02075e-07
 2.75720e-07
 2.52280e-07
 2.31410e-07
 2.12796e-07
 1.96163e-07
 1.81265e-07
 1.67892e-07
 1.55857e-07
 1.45000e-07
 1.35181e-07
 1.26280e-07
