scalar
part
         1
quad4
 3.59543e-07
 3.45855e-07
 3.28679e-07
 3.09767e-07
 2.90309e-07
 2.71084e-07
 2.52571e-07
 2.35046e-07
 2.18647e-07
 2.03423e-07
 1.89364e-07
 1.76426e-07
 1.64546e-07
 1.53649e-07
 1.43659e-07
 1.34501e-07
 1.26101e-07
 1.18391e-07
 1.11307e-07
 1.04792e-07
 4.43739e-07
 4.17319e-07
 3.88900e-07
 3.60339e-07
 3.32742e-07
 3.06721e-07
 2.82566e-07
 2.60370e-07
 2.40104e-07
 2.21676e-07
 2.04955e-07
 1.89800e-07
 1.76067e-07
 1.63616e-07
 1.52317e-07
 1.42053e-07
 1.32713e-07
 1.24203e-07
 1.16434e-07
 1.09331e-07
 5.47410e-07
 5.02381e-07
 4.58516e-07
 4.17346e-07
 3.79545e-07
 3.45295e-07
 3.14508e-07
 2.86956e-07
 2.62354e-07
 2.40398e-07
 2.20796e-07
 2.03276e-07
 1.87590e-07
 1.73520e-07
 1.60872e-07
 1.49476e-07
 1.39184e-07
 1.29868e-07
 1.21414e-07
 1.13725e-07
 6.73168e-07
 6.01859e-07
 5.37460e-07
 4.80328e-07
 4.30121e-07
 3.86200e-07
 3.47837e-07
 3.14315e-07
 2.84977e-07
 2.59239e-07
 2.36595e-07
 2.16611e-07
 1.98916e-07
 1.83197e-07
 1.69187e-07
 1.56658e-07
 1.45419e-07
 1.35306e-07
 1.26179e-07
 1.17919e-07
 8.22179e-07
 7.15276e-07
 6.24657e-07
 5.48090e-07
 4.83355e-07
 4.28469e-07
 3.81746e-07
 3.41786e-07
 3.07439e-07
 2.77768e-07
 2.52005e-07
 2.29526e-07
 2.09819e-07
 1.92463e-07
 1.77112e-07
 1.63477e-07
 1.51319e-07
 1.40437e-07
 1.30663e-07
 1.21855e-07
 9.92705e-07
 8.40075e-07
 7.17624e-07
 6.18507e-07
 5.37523e-07
 4.70740e-07
 4.15173e-07
 3.68544e-07
 3.29100e-07
 2.95485e-07
 2.66635e-07
 2.41714e-07
 2.20055e-07
 2.01125e-07
 1.84492e-07
 1.69806e-07
 1.56780e-07
 1.45175e-07
 1.34796e-07
 1.25477e-07
 1.17837e-06
 9.70847e-07
 8.12155e-07
 6.88419e-07
 5.90286e-07
 5.11284e-07
 4.46835e-07
 3.93630e-07
 3.49239e-07
 3.11844e-07
 2.80067e-07
 2.52851e-07
 2.29373e-07
 2.08984e-07
 1.91172e-07
 1.75522e-07
 1.61703e-07
 1.49441e-07
 1.38512e-07
 1.28731e-07
 1.36673e-06
 1.09891e-06
 9.02280e-07
 7.53715e-07
 6.38785e-07
 5.48093e-07
 4.75301e-07
 4.16013e-07
 3.67099e-07
 3.26284e-07
 2.91880e-07
 2.62618e-07
 2.37526e-07
 2.15850e-07
 1.97000e-07
 1.80506e-07
 1.65993e-07
 1.53157e-07
 1.41750e-07
 1.31567e-07
 1.53897e-06
 1.21265e-06
 9.80680e-07
 8.09675e-07
 6.79904e-07
 5.79058e-07
 4.99117e-07
 4.34668e-07
 3.81947e-07
 3.38269e-07
 3.01677e-07
 2.70717e-07
 2.44288e-07
 2.21549e-07
 2.01842e-07
 1.84651e-07
 1.69566e-07
 1.56257e-07
 1.44454e-07
 1.33940e-07
 1.67197e-06
 1.29906e-06
 1.03969e-06
 8.51597e-07
 7.10654e-07
 6.02221e-07
 5.16962e-07
 4.48682e-07
 3.93138e-07
 3.47336e-07
 3.09119e-07
 2.76894e-07
 2.49469e-07
 2.25933e-07
 2.05583e-07
 1.87868e-07
 1.72351e-07
 1.58683e-07
 1.46580e-07
 1.35812e-07
 1.74365e-06
 1.34659e-06
 1.07284e-06
 8.75643e-07
 7.28654e-07
 6.16048e-07
 5.27814e-07
 4.57357e-07
 4.00181e-07
 3.53134e-07
 3.13948e-07
 2.80959e-07
 2.52923e-07
 2.28893e-07
 2.08139e-07
 1.90090e-07
 1.74295e-07
 1.60393e-07
 1.48093e-07
 1.37157e-07
 1.74097e-06
 1.34860e-06
 1.07646e-06
 8.79659e-07
 7.32573e-07
 6.19679e-07
 5.31099e-07
 4.60296e-07
 4.02797e-07
 3.55458e-07
 3.16014e-07
 2.82799e-07
 2.54565e-07
 2.30362e-07
 2.09457e-07
 1.91275e-07
 1.75365e-07
 1.61361e-07
 1.48971e-07
 1.37955e-07
 1.66607e-06
 1.30582e-06
 1.05080e-06
 8.63700e-07
 7.22393e-07
 6.13072e-07
 5.26769e-07
 4.57452e-07
 4.00943e-07
 3.54274e-07
 3.15288e-07
 2.82388e-07
 2.54373e-07
 2.30321e-07
 2.09521e-07
 1.91411e-07
 1.75549e-07
 1.61576e-07
 1.49205e-07
 1.38201e-07
 1.53540e-06
 1.22611e-06
 9.99902e-07
 8.29995e-07
 6.99400e-07
 5.96998e-07
 5.15302e-07
 4.49131e-07
 3.94819e-07
 3.49713e-07
 3.11857e-07
 2.79787e-07
 2.52389e-07
 2.28801e-07
 2.08352e-07
 1.90513e-07
 1.74858e-07
 1.61047e-07
 1.48802e-07
 1.37897e-07
 1.37247e-06
 1.12162e-06
 9.30440e-07
 7.82384e-07
 6.65901e-07
 5.72896e-07
 4.97622e-07
 4.35943e-07
 3.84837e-07
 3.42059e-07
 3.05922e-07
 2.75139e-07
 2.48716e-07
 2.25876e-07
 2.06007e-07
 1.88621e-07
 1.73324e-07
 1.59797e-07
 1.47780e-07
 1.37059e-07
 1.19948e-06
 1.00509e-06
 8.49933e-07
 7.25444e-07
 6.24770e-07
 5.42618e-07
 4.74955e-07
 4.18717e-07
 3.71568e-07
 3.31715e-07
 2.97771e-07
 2.68653e-07
 2.43508e-07
 2.21662e-07
 2.02572e-07
 1.85802e-07
 1.70997e-07
 1.57866e-07
 1.46170e-07
 1.35709e-07
 1.03259e-06
 8.87135e-07
 7.65246e-07
 6.63651e-07
 5.78965e-07
 5.08153e-07
 4.48661e-07
 3.98400e-07
 3.55684e-07
 3.19163e-07
 2.87753e-07
 2.60586e-07
 2.36959e-07
 2.16304e-07
 1.98158e-07
 1.82143e-07
 1.67945e-07
 1.55307e-07
 1.44013e-07
 1.33883e-07
 8.81070e-07
 7.75045e-07
 6.81712e-07
 6.00792e-07
 5.31154e-07
 4.71388e-07
 4.20084e-07
 3.75957e-07
 3.37885e-07
 3.04917e-07
 2.76252e-07
 2.51227e-07
 2.29285e-07
 2.09969e-07
 1.92894e-07
 1.77742e-07
 1.64245e-07
 1.52180e-07
 1.41358e-07
 1.31618e-07
 7.48721e-07
 6.72962e-07
 6.02905e-07
 5.39698e-07
 4.83498e-07
 4.33943e-07
 3.90433e-07
 3.52291e-07
 3.18849e-07
 2.89488e-07
 2.63656e-07
 2.40872e-07
 2.20717e-07
 2.02834e-07
 1.86919e-07
 1.72710e-07
 1.59986e-07
 1.48558e-07
 1.38262e-07
 1.28961e-07
 6.35874e-07
 5.82602e-07
 5.30842e-07
 4.82238e-07
 4.37574e-07
 3.97092e-07
 3.60714e-07
 3.28189e-07
 2.99187e-07
 2.73352e-07
 2.50336e-07
 2.29811e-07
 2.11481e-07
 1.95081e-07
 1.80376e-07
 1.67162e-07
 1.55259e-07
 1.44512e-07
 1.34785e-07
 1.25961e-07
