scalar
part
         1
quad4
 6.57453e-07
 6.00897e-07
 5.46267e-07
 4.95210e-07
 4.48481e-07
 4.06275e-07
 3.68465e-07
 3.34754e-07
 3.04768e-07
 2.78117e-07
 2.54420e-07
 2.33328e-07
 2.14522e-07
 1.97721e-07
 1.82677e-07
 1.69175e-07
 1.57027e-07
 1.46070e-07
 1.36163e-07
 1.27183e-07
 7.72899e-07
 6.92938e-07
 6.19353e-07
 5.53237e-07
 4.94666e-07
 4.43188e-07
 3.98120e-07
 3.58715e-07
 3.24245e-07
 2.94046e-07
 2.67527e-07
 2.44175e-07
 2.23551e-07
 2.05277e-07
 1.89034e-07
 1.74550e-07
 1.61592e-07
 1.49966e-07
 1.39501e-07
 1.30055e-07
 9.07923e-07
 7.96562e-07
 6.98953e-07
 6.14648e-07
 5.42347e-07
 4.80486e-07
 4.27528e-07
 3.82090e-07
 3.42974e-07
 3.09167e-07
 2.79826e-07
 2.54250e-07
 2.31857e-07
 2.12169e-07
 1.94786e-07
 1.79376e-07
 1.65664e-07
 1.53417e-07
 1.42440e-07
 1.32568e-07
 1.06191e-06
 9.09799e-07
 7.82854e-07
 6.77434e-07
 5.89850e-07
 5.16830e-07
 4.55643e-07
 4.04068e-07
 3.60326e-07
 3.22996e-07
 2.90942e-07
 2.63258e-07
 2.39212e-07
 2.18216e-07
 1.99790e-07
 1.83542e-07
 1.69151e-07
 1.56351e-07
 1.44920e-07
 1.34675e-07
 1.23052e-06
 1.02813e-06
 8.67226e-07
 7.38599e-07
 6.34913e-07
 5.50539e-07
 4.81217e-07
 4.23724e-07
 3.75613e-07
 3.35014e-07
 3.00484e-07
 2.70902e-07
 2.45387e-07
 2.23241e-07
 2.03908e-07
 1.86938e-07
 1.71968e-07
 1.58699e-07
 1.46888e-07
 1.36330e-07
 1.40366e-06
 1.14373e-06
 9.46439e-07
 7.94193e-07
 6.74778e-07
 5.79681e-07
 5.02885e-07
 4.40081e-07
 3.88129e-07
 3.44706e-07
 3.08071e-07
 2.76898e-07
 2.50167e-07
 2.27081e-07
 2.07014e-07
 1.89466e-07
 1.74037e-07
 1.60402e-07
 1.48294e-07
 1.37497e-07
 1.56406e-06
 1.24545e-06
 1.01336e-06
 8.39613e-07
 7.06434e-07
 6.02246e-07
 5.19285e-07
 4.52199e-07
 3.97213e-07
 3.51601e-07
 3.13361e-07
 2.80995e-07
 2.53365e-07
 2.29595e-07
 2.09001e-07
 1.91045e-07
 1.75296e-07
 1.61408e-07
 1.49101e-07
 1.38143e-07
 1.68843e-06
 1.32014e-06
 1.06033e-06
 8.70257e-07
 7.27022e-07
 6.16409e-07
 5.29217e-07
 4.59273e-07
 4.02312e-07
 3.55312e-07
 3.16079e-07
 2.82994e-07
 2.54836e-07
 2.30675e-07
 2.09789e-07
 1.91613e-07
 1.75698e-07
 1.61683e-07
 1.49279e-07
 1.38248e-07
 1.75294e-06
 1.35568e-06
 1.08082e-06
 8.82412e-07
 7.34336e-07
 6.20811e-07
 5.31818e-07
 4.60737e-07
 4.03050e-07
 3.55581e-07
 3.16047e-07
 2.82768e-07
 2.54490e-07
 2.30256e-07
 2.09330e-07
 1.91135e-07
 1.75215e-07
 1.61206e-07
 1.48814e-07
 1.37798e-07
 1.74222e-06
 1.34496e-06
 1.07123e-06
 8.74142e-07
 7.27285e-07
 6.14809e-07
 5.26697e-07
 4.56349e-07
 3.99270e-07
 3.52308e-07
 3.13198e-07
 2.80275e-07
 2.52297e-07
 2.28319e-07
 2.07610e-07
 1.89602e-07
 1.73844e-07
 1.59974e-07
 1.47703e-07
 1.36794e-07
 1.65670e-06
 1.28853e-06
 1.03204e-06
 8.45809e-07
 7.06138e-07
 5.98607e-07
 5.14009e-07
 4.46227e-07
 3.91066e-07
 3.45566e-07
 3.07589e-07
 2.75560e-07
 2.48295e-07
 2.24893e-07
 2.04655e-07
 1.87035e-07
 1.71599e-07
 1.58001e-07
 1.45959e-07
 1.35244e-07
 1.51224e-06
 1.19443e-06
 9.67651e-07
 7.99999e-07
 6.72492e-07
 5.73232e-07
 4.94439e-07
 4.30843e-07
 3.78770e-07
 3.35595e-07
 2.99399e-07
 2.68756e-07
 2.42585e-07
 2.20056e-07
 2.00525e-07
 1.83482e-07
 1.68521e-07
 1.55318e-07
 1.43607e-07
 1.33171e-07
 1.33266e-06
 1.07518e-06
 8.85115e-07
 7.40891e-07
 6.28940e-07
 5.40357e-07
 4.69102e-07
 4.10959e-07
 3.62917e-07
 3.22778e-07
 2.88907e-07
 2.60071e-07
 2.35323e-07
 2.13930e-07
 1.95314e-07
 1.79016e-07
 1.64668e-07
 1.51972e-07
 1.40684e-07
 1.30605e-07
 1.14120e-06
 9.44067e-07
 7.92323e-07
 6.73362e-07
 5.78598e-07
 5.02032e-07
 4.39383e-07
 3.87537e-07
 3.44188e-07
 3.07606e-07
 2.76474e-07
 2.49774e-07
 2.26715e-07
 2.06671e-07
 1.89143e-07
 1.73732e-07
 1.60114e-07
 1.48022e-07
 1.37240e-07
 1.27585e-07
 9.55699e-07
 8.12368e-07
 6.96514e-07
 6.02138e-07
 5.24615e-07
 4.60401e-07
 4.06771e-07
 3.61627e-07
 3.23338e-07
 2.90633e-07
 2.62510e-07
 2.38175e-07
 2.16995e-07
 1.98459e-07
 1.82154e-07
 1.67743e-07
 1.54948e-07
 1.43541e-07
 1.33331e-07
 1.24158e-07
 7.87337e-07
 6.88177e-07
 6.03388e-07
 5.31211e-07
 4.69800e-07
 4.17455e-07
 3.72696e-07
 3.34269e-07
 3.01133e-07
 2.72427e-07
 2.47444e-07
 2.25600e-07
 2.06414e-07
 1.89491e-07
 1.74500e-07
 1.61169e-07
 1.49269e-07
 1.38607e-07
 1.29022e-07
 1.20377e-07
 6.41441e-07
 5.76304e-07
 5.16820e-07
 4.63561e-07
 4.16399e-07
 3.74878e-07
 3.38416e-07
 3.06409e-07
 2.78288e-07
 2.53536e-07
 2.31696e-07
 2.12374e-07
 1.95228e-07
 1.79967e-07
 1.66342e-07
 1.54139e-07
 1.43178e-07
 1.33303e-07
 1.24380e-07
 1.16297e-07
 5.19063e-07
 4.78835e-07
 4.38991e-07
 4.01127e-07
 3.66022e-07
 3.33961e-07
 3.04953e-07
 2.78850e-07
 2.55432e-07
 2.34450e-07
 2.15654e-07
 1.98804e-07
 1.83680e-07
 1.70082e-07
 1.57834e-07
 1.46778e-07
 1.36778e-07
 1.27712e-07
 1.19475e-07
 1.11975e-07
 4.18656e-07
 3.95927e-07
 3.70740e-07
 3.44942e-07
 3.19674e-07
 2.95601e-07
 2.73068e-07
 2.52221e-07
 2.33080e-07
 2.15591e-07
 1.99657e-07
 1.85165e-07
 1.71992e-07
 1.60018e-07
 1.49126e-07
 1.39209e-07
 1.30170e-07
 1.21919e-07
 1.14376e-07
 1.07470e-07
 3.37433e-07
 3.26574e-07
 3.11972e-07
 2.95337e-07
 2.77860e-07
 2.60336e-07
 2.43274e-07
 2.26982e-07
 2.11629e-07
 1.97293e-07
 1.83988e-07
 1.71693e-07
 1.60362e-07
 1.49936e-07
 1.40352e-07
 1.31544e-07
 1.23448e-07
 1.16001e-07
 1.09148e-07
 1.02835e-07
