scalar
part
         1
quad4
 3.37779e-07
 3.27155e-07
 3.12694e-07
 2.96135e-07
 2.78688e-07
 2.61164e-07
 2.44084e-07
 2.27763e-07
 2.12375e-07
 1.98001e-07
 1.84658e-07
 1.72325e-07
 1.60957e-07
 1.50496e-07
 1.40879e-07
 1.32040e-07
 1.23915e-07
 1.16442e-07
 1.09564e-07
 1.03228e-07
 4.19471e-07
 3.96939e-07
 3.71842e-07
 3.46065e-07
 3.20779e-07
 2.96662e-07
 2.74075e-07
 2.53168e-07
 2.33966e-07
 2.16417e-07
 2.00428e-07
 1.85883e-07
 1.72662e-07
 1.60642e-07
 1.49708e-07
 1.39754e-07
 1.30680e-07
 1.22397e-07
 1.14825e-07
 1.07892e-07
 5.20540e-07
 4.80417e-07
 4.40570e-07
 4.02644e-07
 3.67449e-07
 3.35287e-07
 3.06177e-07
 2.79976e-07
 2.56467e-07
 2.35402e-07
 2.16530e-07
 1.99611e-07
 1.84425e-07
 1.70772e-07
 1.58473e-07
 1.47372e-07
 1.37331e-07
 1.28228e-07
 1.19958e-07
 1.12427e-07
 6.43826e-07
 5.78618e-07
 5.18980e-07
 4.65538e-07
 4.18190e-07
 3.76494e-07
 3.39873e-07
 3.07724e-07
 2.79478e-07
 2.54615e-07
 2.32678e-07
 2.13271e-07
 1.96049e-07
 1.80721e-07
 1.67037e-07
 1.54781e-07
 1.43773e-07
 1.33855e-07
 1.24895e-07
 1.16777e-07
 7.90918e-07
 6.91393e-07
 6.06226e-07
 5.33701e-07
 4.71985e-07
 4.19377e-07
 3.74393e-07
 3.35776e-07
 3.02478e-07
 2.73634e-07
 2.48531e-07
 2.26584e-07
 2.07310e-07
 1.90308e-07
 1.75250e-07
 1.61858e-07
 1.49905e-07
 1.39196e-07
 1.29568e-07
 1.20885e-07
 9.60762e-07
 8.16626e-07
 7.00097e-07
 6.05170e-07
 5.27203e-07
 4.62629e-07
 4.08707e-07
 3.63321e-07
 3.24833e-07
 2.91961e-07
 2.63697e-07
 2.39243e-07
 2.17960e-07
 1.99336e-07
 1.82954e-07
 1.68476e-07
 1.55623e-07
 1.44163e-07
 1.33907e-07
 1.24693e-07
 1.14794e-06
 9.49430e-07
 7.96659e-07
 6.76926e-07
 5.81572e-07
 5.04550e-07
 4.41540e-07
 3.89405e-07
 3.45821e-07
 3.09047e-07
 2.77754e-07
 2.50919e-07
 2.27745e-07
 2.07603e-07
 1.89991e-07
 1.74507e-07
 1.60824e-07
 1.48676e-07
 1.37843e-07
 1.28144e-07
 1.34104e-06
 1.08157e-06
 8.90126e-07
 7.44921e-07
 6.32250e-07
 5.43124e-07
 4.71450e-07
 4.12978e-07
 3.64671e-07
 3.24316e-07
 2.90268e-07
 2.61283e-07
 2.36411e-07
 2.14911e-07
 1.96204e-07
 1.79827e-07
 1.65409e-07
 1.52653e-07
 1.41312e-07
 1.31186e-07
 1.52188e-06
 1.20158e-06
 9.73161e-07
 8.04375e-07
 6.76055e-07
 5.76191e-07
 4.96937e-07
 4.32980e-07
 3.80621e-07
 3.37213e-07
 3.00827e-07
 2.70025e-07
 2.43721e-07
 2.21079e-07
 2.01451e-07
 1.84324e-07
 1.69291e-07
 1.56024e-07
 1.44257e-07
 1.33772e-07
 1.66686e-06
 1.29601e-06
 1.03779e-06
 8.50371e-07
 7.09848e-07
 6.01685e-07
 5.16604e-07
 4.48446e-07
 3.92986e-07
 3.47243e-07
 3.09068e-07
 2.76873e-07
 2.49469e-07
 2.25949e-07
 2.05610e-07
 1.87903e-07
 1.72392e-07
 1.58728e-07
 1.46628e-07
 1.35862e-07
 1.75201e-06
 1.35230e-06
 1.07695e-06
 8.78714e-07
 7.31026e-07
 6.17927e-07
 5.29334e-07
 4.58609e-07
 4.01229e-07
 3.54022e-07
 3.14709e-07
 2.81618e-07
 2.53498e-07
 2.29400e-07
 2.08588e-07
 1.90491e-07
 1.74655e-07
 1.60718e-07
 1.48387e-07
 1.37425e-07
 1.76165e-06
 1.36248e-06
 1.08625e-06
 8.86837e-07
 7.38003e-07
 6.23895e-07
 5.34445e-07
 4.63000e-07
 4.05018e-07
 3.57308e-07
 3.17573e-07
 2.84127e-07
 2.55707e-07
 2.31353e-07
 2.10323e-07
 1.92038e-07
 1.76040e-07
 1.61962e-07
 1.49509e-07
 1.38440e-07
 1.69578e-06
 1.32617e-06
 1.06532e-06
 8.74420e-07
 7.30531e-07
 6.19398e-07
 5.31788e-07
 4.61503e-07
 4.04264e-07
 3.57032e-07
 3.17605e-07
 2.84356e-07
 2.56059e-07
 2.31779e-07
 2.10790e-07
 1.92524e-07
 1.76530e-07
 1.62447e-07
 1.49982e-07
 1.38897e-07
 1.57012e-06
 1.25069e-06
 1.01784e-06
 8.43452e-07
 7.09732e-07
 6.05096e-07
 5.21764e-07
 4.54369e-07
 3.99124e-07
 3.53295e-07
 3.14871e-07
 2.82348e-07
 2.54583e-07
 2.30697e-07
 2.10003e-07
 1.91958e-07
 1.76132e-07
 1.62176e-07
 1.49809e-07
 1.38798e-07
 1.40870e-06
 1.14825e-06
 9.50428e-07
 7.97689e-07
 6.77839e-07
 5.82365e-07
 5.05248e-07
 4.42170e-07
 3.89983e-07
 3.46360e-07
 3.09553e-07
 2.78232e-07
 2.51372e-07
 2.28175e-07
 2.08010e-07
 1.90377e-07
 1.74872e-07
 1.61170e-07
 1.49003e-07
 1.38153e-07
 1.23479e-06
 1.03205e-06
 8.70767e-07
 7.41766e-07
 6.37732e-07
 5.53047e-07
 4.83450e-07
 4.25716e-07
 3.77396e-07
 3.36615e-07
 3.01927e-07
 2.72207e-07
 2.46571e-07
 2.24319e-07
 2.04893e-07
 1.87841e-07
 1.72797e-07
 1.59464e-07
 1.47595e-07
 1.36986e-07
 1.06560e-06
 9.13238e-07
 7.86008e-07
 6.80298e-07
 5.92436e-07
 5.19159e-07
 4.57739e-07
 4.05957e-07
 3.62030e-07
 3.24536e-07
 2.92338e-07
 2.64527e-07
 2.40369e-07
 2.19273e-07
 2.00759e-07
 1.84432e-07
 1.69972e-07
 1.57109e-07
 1.45622e-07
 1.35326e-07
 9.11169e-07
 7.99607e-07
 7.01775e-07
 6.17242e-07
 5.44717e-07
 4.82643e-07
 4.29489e-07
 3.83872e-07
 3.44593e-07
 3.10641e-07
 2.81170e-07
 2.55477e-07
 2.32981e-07
 2.13200e-07
 1.95734e-07
 1.80251e-07
 1.66472e-07
 1.54165e-07
 1.43134e-07
 1.33213e-07
 7.75784e-07
 6.95656e-07
 6.21891e-07
 5.55591e-07
 4.96837e-07
 4.45183e-07
 3.99949e-07
 3.60390e-07
 3.25779e-07
 2.95450e-07
 2.68815e-07
 2.45358e-07
 2.24638e-07
 2.06279e-07
 1.89959e-07
 1.75405e-07
 1.62385e-07
 1.50701e-07
 1.40185e-07
 1.30692e-07
 6.60033e-07
 6.03337e-07
 5.48560e-07
 4.97351e-07
 4.50471e-07
 4.08119e-07
 3.70168e-07
 3.36325e-07
 3.06216e-07
 2.79451e-07
 2.55651e-07
 2.34463e-07
 2.15570e-07
 1.98691e-07
 1.83576e-07
 1.70009e-07
 1.57802e-07
 1.46791e-07
 1.36835e-07
 1.27811e-07
