scalar
part
         1
quad4
 4.09524e-07
 3.88377e-07
 3.64706e-07
 3.40242e-07
 3.16097e-07
 2.92943e-07
 2.71150e-07
 2.50890e-07
 2.32209e-07
 2.15078e-07
 1.99421e-07
 1.85140e-07
 1.72126e-07
 1.60269e-07
 1.49463e-07
 1.39608e-07
 1.30611e-07
 1.22387e-07
 1.14859e-07
 1.07959e-07
 4.98903e-07
 4.63163e-07
 4.26915e-07
 3.91877e-07
 3.58970e-07
 3.28613e-07
 3.00919e-07
 2.75831e-07
 2.53195e-07
 2.32817e-07
 2.14485e-07
 1.97992e-07
 1.83142e-07
 1.69755e-07
 1.57668e-07
 1.46735e-07
 1.36827e-07
 1.27830e-07
 1.19645e-07
 1.12181e-07
 6.07714e-07
 5.51134e-07
 4.97963e-07
 4.49372e-07
 4.05678e-07
 3.66748e-07
 3.32233e-07
 3.01699e-07
 2.74695e-07
 2.50796e-07
 2.29610e-07
 2.10791e-07
 1.94034e-07
 1.79073e-07
 1.65681e-07
 1.53660e-07
 1.42841e-07
 1.33075e-07
 1.24239e-07
 1.16222e-07
 7.37974e-07
 6.52598e-07
 5.77391e-07
 5.11985e-07
 4.55431e-07
 4.06615e-07
 3.64448e-07
 3.27948e-07
 2.96256e-07
 2.68643e-07
 2.44492e-07
 2.23287e-07
 2.04596e-07
 1.88057e-07
 1.73367e-07
 1.60272e-07
 1.48559e-07
 1.38045e-07
 1.28578e-07
 1.20027e-07
 8.89830e-07
 7.66333e-07
 6.63624e-07
 5.78198e-07
 5.06909e-07
 4.47119e-07
 3.96682e-07
 3.53874e-07
 3.17318e-07
 2.85914e-07
 2.58778e-07
 2.35199e-07
 2.14604e-07
 1.96525e-07
 1.80579e-07
 1.66452e-07
 1.53885e-07
 1.42660e-07
 1.32596e-07
 1.23543e-07
 1.05999e-06
 8.88817e-07
 7.53608e-07
 6.45561e-07
 5.58211e-07
 4.86805e-07
 4.27823e-07
 3.78630e-07
 3.37233e-07
 3.02109e-07
 2.72080e-07
 2.46226e-07
 2.23821e-07
 2.04290e-07
 1.87167e-07
 1.72080e-07
 1.58721e-07
 1.46841e-07
 1.36230e-07
 1.26717e-07
 1.24007e-06
 1.01360e-06
 8.42616e-07
 7.10665e-07
 6.06884e-07
 5.23901e-07
 4.56582e-07
 4.01267e-07
 3.55296e-07
 3.16700e-07
 2.83998e-07
 2.56059e-07
 2.32009e-07
 2.11165e-07
 1.92986e-07
 1.77039e-07
 1.62976e-07
 1.50513e-07
 1.39418e-07
 1.29498e-07
 1.41563e-06
 1.13120e-06
 9.24402e-07
 7.69335e-07
 6.50091e-07
 5.56445e-07
 4.81579e-07
 4.20799e-07
 3.70792e-07
 3.29160e-07
 2.94138e-07
 2.64402e-07
 2.38942e-07
 2.16977e-07
 1.97899e-07
 1.81222e-07
 1.66563e-07
 1.53608e-07
 1.42104e-07
 1.31843e-07
 1.56706e-06
 1.23001e-06
 9.91843e-07
 8.17067e-07
 6.84902e-07
 5.82482e-07
 5.01478e-07
 4.36294e-07
 3.83056e-07
 3.39008e-07
 3.02148e-07
 2.70991e-07
 2.44418e-07
 2.21572e-07
 2.01786e-07
 1.84536e-07
 1.69408e-07
 1.56067e-07
 1.44242e-07
 1.33711e-07
 1.67288e-06
 1.29821e-06
 1.03809e-06
 8.49707e-07
 7.08699e-07
 6.00307e-07
 5.15136e-07
 4.46967e-07
 3.91537e-07
 3.45848e-07
 3.07737e-07
 2.75612e-07
 2.48278e-07
 2.24826e-07
 2.04552e-07
 1.86907e-07
 1.71454e-07
 1.57843e-07
 1.45793e-07
 1.35074e-07
 1.71543e-06
 1.32661e-06
 1.05801e-06
 8.64221e-07
 7.19607e-07
 6.08714e-07
 5.21755e-07
 4.52270e-07
 3.95853e-07
 3.49408e-07
 3.10707e-07
 2.78116e-07
 2.50409e-07
 2.26654e-07
 2.06133e-07
 1.88283e-07
 1.72658e-07
 1.58904e-07
 1.46732e-07
 1.35909e-07
 1.68719e-06
 1.31135e-06
 1.04945e-06
 8.59344e-07
 7.16839e-07
 6.07195e-07
 5.20990e-07
 4.51969e-07
 3.95836e-07
 3.49565e-07
 3.10969e-07
 2.78436e-07
 2.50760e-07
 2.27017e-07
 2.06496e-07
 1.88639e-07
 1.73002e-07
 1.59234e-07
 1.47046e-07
 1.36207e-07
 1.59425e-06
 1.25532e-06
 1.01390e-06
 8.35877e-07
 7.00850e-07
 5.96015e-07
 5.13004e-07
 4.46161e-07
 3.91548e-07
 3.46359e-07
 3.08545e-07
 2.76589e-07
 2.49341e-07
 2.25921e-07
 2.05646e-07
 1.87977e-07
 1.72487e-07
 1.58832e-07
 1.46734e-07
 1.35965e-07
 1.45410e-06
 1.16726e-06
 9.56066e-07
 7.96506e-07
 6.73242e-07
 5.76169e-07
 4.98433e-07
 4.35266e-07
 3.83272e-07
 3.39984e-07
 3.03575e-07
 2.72671e-07
 2.46222e-07
 2.23417e-07
 2.03620e-07
 1.86326e-07
 1.71134e-07
 1.57716e-07
 1.45809e-07
 1.35196e-07
 1.28886e-06
 1.05901e-06
 8.82627e-07
 7.45182e-07
 6.36449e-07
 5.49206e-07
 4.78293e-07
 4.19967e-07
 3.71477e-07
 3.30770e-07
 2.96291e-07
 2.66852e-07
 2.41529e-07
 2.19599e-07
 2.00489e-07
 1.83740e-07
 1.68984e-07
 1.55918e-07
 1.44297e-07
 1.33917e-07
 1.11848e-06
 9.42301e-07
 8.00683e-07
 6.86324e-07
 5.93297e-07
 5.16983e-07
 4.53831e-07
 4.01121e-07
 3.56764e-07
 3.19144e-07
 2.87005e-07
 2.59361e-07
 2.35432e-07
 2.14595e-07
 1.96351e-07
 1.80295e-07
 1.66096e-07
 1.53484e-07
 1.42234e-07
 1.32159e-07
 9.56965e-07
 8.26574e-07
 7.16483e-07
 6.24087e-07
 5.46585e-07
 4.81412e-07
 4.26376e-07
 3.79666e-07
 3.39803e-07
 3.05595e-07
 2.76076e-07
 2.50466e-07
 2.28132e-07
 2.08559e-07
 1.91324e-07
 1.76081e-07
 1.62543e-07
 1.50470e-07
 1.39665e-07
 1.29958e-07
 8.12008e-07
 7.18117e-07
 6.34737e-07
 5.61887e-07
 4.98763e-07
 4.44253e-07
 3.97200e-07
 3.56527e-07
 3.21277e-07
 2.90629e-07
 2.63883e-07
 2.40453e-07
 2.19850e-07
 2.01660e-07
 1.85541e-07
 1.71204e-07
 1.58406e-07
 1.46944e-07
 1.36643e-07
 1.27357e-07
 6.86455e-07
 6.20324e-07
 5.58497e-07
 5.02205e-07
 4.51764e-07
 4.06981e-07
 3.67420e-07
 3.32551e-07
 3.01828e-07
 2.74735e-07
 2.50802e-07
 2.29615e-07
 2.10811e-07
 1.94077e-07
 1.79142e-07
 1.65774e-07
 1.53776e-07
 1.42975e-07
 1.33226e-07
 1.24402e-07
 5.80106e-07
 5.34426e-07
 4.89391e-07
 4.46624e-07
 4.06961e-07
 3.70728e-07
 3.37946e-07
 3.08458e-07
 2.82022e-07
 2.58359e-07
 2.37185e-07
 2.18228e-07
 2.01237e-07
 1.85984e-07
 1.72266e-07
 1.59905e-07
 1.48742e-07
 1.38638e-07
 1.29474e-07
 1.21144e-07
