scalar
part
         1
quad4
 6.56854e-07
 6.00654e-07
 5.46308e-07
 4.95467e-07
 4.48895e-07
 4.06798e-07
 3.69060e-07
 3.35391e-07
 3.05427e-07
 2.78781e-07
 2.55080e-07
 2.33975e-07
 2.15151e-07
 1.98329e-07
 1.83263e-07
 1.69737e-07
 1.57565e-07
 1.46584e-07
 1.36653e-07
 1.27651e-07
 7.72228e-07
 6.92733e-07
 6.19498e-07
 5.53632e-07
 4.95231e-07
 4.43861e-07
 3.98857e-07
 3.59483e-07
 3.25022e-07
 2.94816e-07
 2.68280e-07
 2.44905e-07
 2.24252e-07
 2.05949e-07
 1.89675e-07
 1.75161e-07
 1.62173e-07
 1.50517e-07
 1.40025e-07
 1.30552e-07
 9.07229e-07
 7.96469e-07
 6.99277e-07
 6.15248e-07
 5.43118e-07
 4.81353e-07
 4.28441e-07
 3.83015e-07
 3.43888e-07
 3.10058e-07
 2.80683e-07
 2.55069e-07
 2.32637e-07
 2.12909e-07
 1.95486e-07
 1.80039e-07
 1.66290e-07
 1.54008e-07
 1.42998e-07
 1.33096e-07
 1.06131e-06
 9.09949e-07
 7.83473e-07
 6.78331e-07
 5.90896e-07
 5.17942e-07
 4.56769e-07
 4.05176e-07
 3.61397e-07
 3.24019e-07
 2.91913e-07
 2.64175e-07
 2.40075e-07
 2.19027e-07
 2.00551e-07
 1.84257e-07
 1.69823e-07
 1.56982e-07
 1.45514e-07
 1.35233e-07
 1.23027e-06
 1.02873e-06
 8.68302e-07
 7.39910e-07
 6.36317e-07
 5.51954e-07
 4.82596e-07
 4.25042e-07
 3.76859e-07
 3.36183e-07
 3.01577e-07
 2.71921e-07
 2.46336e-07
 2.24126e-07
 2.04732e-07
 1.87706e-07
 1.72685e-07
 1.59370e-07
 1.47516e-07
 1.36919e-07
 1.40421e-06
 1.14511e-06
 9.48184e-07
 7.96055e-07
 6.76629e-07
 5.81455e-07
 5.04553e-07
 4.41633e-07
 3.89564e-07
 3.46030e-07
 3.09291e-07
 2.78022e-07
 2.51204e-07
 2.28039e-07
 2.07900e-07
 1.90287e-07
 1.74800e-07
 1.61111e-07
 1.48956e-07
 1.38115e-07
 1.56608e-06
 1.24800e-06
 1.01601e-06
 8.42168e-07
 7.08814e-07
 6.04428e-07
 5.21269e-07
 4.54000e-07
 3.98845e-07
 3.53083e-07
 3.14709e-07
 2.82224e-07
 2.54488e-07
 2.30625e-07
 2.09948e-07
 1.91917e-07
 1.76102e-07
 1.62155e-07
 1.49794e-07
 1.38789e-07
 1.69275e-06
 1.32429e-06
 1.06411e-06
 8.73617e-07
 7.29989e-07
 6.19027e-07
 5.31532e-07
 4.61327e-07
 4.04143e-07
 3.56950e-07
 3.17553e-07
 2.84324e-07
 2.56043e-07
 2.31774e-07
 2.10793e-07
 1.92533e-07
 1.76544e-07
 1.62464e-07
 1.50002e-07
 1.38918e-07
 1.76025e-06
 1.36173e-06
 1.08585e-06
 8.86624e-07
 7.37904e-07
 6.23864e-07
 5.34455e-07
 4.63035e-07
 4.05068e-07
 3.57367e-07
 3.17637e-07
 2.84193e-07
 2.55773e-07
 2.31418e-07
 2.10386e-07
 1.92099e-07
 1.76099e-07
 1.62019e-07
 1.49564e-07
 1.38492e-07
 1.75269e-06
 1.35289e-06
 1.07746e-06
 8.79153e-07
 7.31406e-07
 6.18258e-07
 5.29624e-07
 4.58865e-07
 4.01456e-07
 3.54225e-07
 3.14891e-07
 2.81782e-07
 2.53648e-07
 2.29535e-07
 2.08712e-07
 1.90605e-07
 1.74760e-07
 1.60814e-07
 1.48477e-07
 1.37508e-07
 1.66964e-06
 1.29796e-06
 1.03922e-06
 8.51460e-07
 7.10704e-07
 6.02375e-07
 5.17171e-07
 4.48921e-07
 3.93388e-07
 3.47589e-07
 3.09367e-07
 2.77135e-07
 2.49701e-07
 2.26155e-07
 2.05795e-07
 1.88069e-07
 1.72542e-07
 1.58864e-07
 1.46752e-07
 1.35976e-07
 1.52638e-06
 1.20467e-06
 9.75391e-07
 8.06046e-07
 6.77345e-07
 5.77212e-07
 4.97763e-07
 4.33660e-07
 3.81189e-07
 3.37694e-07
 3.01239e-07
 2.70381e-07
 2.44032e-07
 2.21353e-07
 2.01693e-07
 1.84540e-07
 1.69485e-07
 1.56199e-07
 1.44415e-07
 1.33916e-07
 1.34659e-06
 1.08546e-06
 8.92962e-07
 7.47055e-07
 6.33899e-07
 5.44428e-07
 4.72501e-07
 4.13839e-07
 3.65388e-07
 3.24921e-07
 2.90783e-07
 2.61727e-07
 2.36796e-07
 2.15249e-07
 1.96501e-07
 1.80090e-07
 1.65645e-07
 1.52864e-07
 1.41503e-07
 1.31359e-07
 1.15389e-06
 9.53741e-07
 7.99871e-07
 6.79378e-07
 5.83487e-07
 5.06073e-07
 4.42774e-07
 3.90419e-07
 3.46666e-07
 3.09758e-07
 2.78360e-07
 2.51441e-07
 2.28198e-07
 2.07998e-07
 1.90339e-07
 1.74815e-07
 1.61098e-07
 1.48922e-07
 1.38064e-07
 1.28344e-07
 9.66616e-07
 8.21032e-07
 7.03472e-07
 6.07800e-07
 5.29287e-07
 4.64306e-07
 4.10076e-07
 3.64453e-07
 3.25780e-07
 2.92762e-07
 2.64381e-07
 2.39832e-07
 2.18471e-07
 1.99783e-07
 1.83348e-07
 1.68825e-07
 1.55933e-07
 1.44441e-07
 1.34157e-07
 1.24918e-07
 7.96384e-07
 6.95665e-07
 6.09595e-07
 5.36386e-07
 4.74150e-07
 4.21144e-07
 3.75851e-07
 3.36992e-07
 3.03502e-07
 2.74504e-07
 2.49277e-07
 2.27229e-07
 2.07870e-07
 1.90800e-07
 1.75683e-07
 1.62242e-07
 1.50247e-07
 1.39502e-07
 1.29844e-07
 1.21134e-07
 6.48772e-07
 5.82620e-07
 5.22226e-07
 4.68185e-07
 4.20365e-07
 3.78296e-07
 3.41377e-07
 3.08991e-07
 2.80554e-07
 2.55535e-07
 2.33472e-07
 2.13959e-07
 1.96650e-07
 1.81249e-07
 1.67503e-07
 1.55196e-07
 1.44143e-07
 1.34187e-07
 1.25194e-07
 1.17047e-07
 5.24936e-07
 4.84084e-07
 4.43623e-07
 4.05190e-07
 3.69579e-07
 3.37079e-07
 3.07692e-07
 2.81266e-07
 2.57572e-07
 2.36354e-07
 2.17356e-07
 2.00331e-07
 1.85057e-07
 1.71329e-07
 1.58967e-07
 1.47812e-07
 1.37724e-07
 1.28581e-07
 1.20276e-07
 1.12715e-07
 4.23345e-07
 4.00256e-07
 3.74668e-07
 3.48470e-07
 3.22827e-07
 2.98411e-07
 2.75573e-07
 2.54457e-07
 2.35080e-07
 2.17386e-07
 2.01273e-07
 1.86625e-07
 1.73315e-07
 1.61221e-07
 1.50223e-07
 1.40214e-07
 1.31093e-07
 1.22769e-07
 1.15161e-07
 1.08196e-07
 3.41182e-07
 3.30134e-07
 3.15284e-07
 2.98379e-07
 2.80631e-07
 2.62846e-07
 2.45543e-07
 2.29032e-07
 2.13483e-07
 1.98971e-07
 1.85511e-07
 1.73078e-07
 1.61624e-07
 1.51090e-07
 1.41409e-07
 1.32515e-07
 1.24342e-07
 1.16828e-07
 1.09913e-07
 1.03545e-07
