scalar
part
         1
quad4
 4.19936e-07
 3.97239e-07
 3.72220e-07
 3.46606e-07
 3.21490e-07
 2.97521e-07
 2.75048e-07
 2.54221e-07
 2.35067e-07
 2.17539e-07
 2.01550e-07
 1.86989e-07
 1.73739e-07
 1.61681e-07
 1.50705e-07
 1.40704e-07
 1.31581e-07
 1.23249e-07
 1.15628e-07
 1.08647e-07
 5.10398e-07
 4.72722e-07
 4.34851e-07
 3.98470e-07
 3.64463e-07
 3.33206e-07
 3.04779e-07
 2.79090e-07
 2.55962e-07
 2.35178e-07
 2.16510e-07
 1.99738e-07
 1.84655e-07
 1.71072e-07
 1.58819e-07
 1.47746e-07
 1.37718e-07
 1.28619e-07
 1.20345e-07
 1.12806e-07
 6.20286e-07
 5.61308e-07
 5.06206e-07
 4.56077e-07
 4.11162e-07
 3.71262e-07
 3.35973e-07
 3.04818e-07
 2.77315e-07
 2.53011e-07
 2.31494e-07
 2.12403e-07
 1.95421e-07
 1.80274e-07
 1.66725e-07
 1.54572e-07
 1.43641e-07
 1.33780e-07
 1.24862e-07
 1.16775e-07
 7.51491e-07
 6.63197e-07
 5.85750e-07
 5.18629e-07
 4.60759e-07
 4.10926e-07
 3.67969e-07
 3.30848e-07
 2.98665e-07
 2.70660e-07
 2.46193e-07
 2.24732e-07
 2.05831e-07
 1.89119e-07
 1.74285e-07
 1.61070e-07
 1.49255e-07
 1.38656e-07
 1.29116e-07
 1.20503e-07
 9.03952e-07
 7.77017e-07
 6.71803e-07
 5.84541e-07
 5.11891e-07
 4.51081e-07
 3.99870e-07
 3.56467e-07
 3.19448e-07
 2.87680e-07
 2.60254e-07
 2.36443e-07
 2.15660e-07
 1.97427e-07
 1.81354e-07
 1.67122e-07
 1.54466e-07
 1.43167e-07
 1.33041e-07
 1.23934e-07
 1.07406e-06
 8.99049e-07
 7.61197e-07
 6.51296e-07
 5.62621e-07
 4.90251e-07
 4.30554e-07
 3.80822e-07
 3.39014e-07
 3.03571e-07
 2.73290e-07
 2.47237e-07
 2.24673e-07
 2.05011e-07
 1.87783e-07
 1.72608e-07
 1.59177e-07
 1.47236e-07
 1.36574e-07
 1.27018e-07
 1.25302e-06
 1.02263e-06
 8.49101e-07
 7.15438e-07
 6.10476e-07
 5.26656e-07
 4.58731e-07
 4.02968e-07
 3.56660e-07
 3.17806e-07
 2.84904e-07
 2.56808e-07
 2.32633e-07
 2.11689e-07
 1.93429e-07
 1.77415e-07
 1.63297e-07
 1.50789e-07
 1.39655e-07
 1.29704e-07
 1.42602e-06
 1.13814e-06
 9.29213e-07
 7.72778e-07
 6.52620e-07
 5.58345e-07
 4.83032e-07
 4.21928e-07
 3.71680e-07
 3.29868e-07
 2.94708e-07
 2.64865e-07
 2.39320e-07
 2.17289e-07
 1.98156e-07
 1.81437e-07
 1.66742e-07
 1.53758e-07
 1.42230e-07
 1.31949e-07
 1.57327e-06
 1.23395e-06
 9.94455e-07
 8.18859e-07
 6.86165e-07
 5.83391e-07
 5.02143e-07
 4.36787e-07
 3.83424e-07
 3.39285e-07
 3.02357e-07
 2.71149e-07
 2.44537e-07
 2.21660e-07
 2.01851e-07
 1.84583e-07
 1.69440e-07
 1.56088e-07
 1.44253e-07
 1.33716e-07
 1.67365e-06
 1.29850e-06
 1.03814e-06
 8.49637e-07
 7.08566e-07
 6.00142e-07
 5.14959e-07
 4.46786e-07
 3.91359e-07
 3.45676e-07
 3.07572e-07
 2.75455e-07
 2.48130e-07
 2.24686e-07
 2.04420e-07
 1.86782e-07
 1.71336e-07
 1.57732e-07
 1.45688e-07
 1.34975e-07
 1.71039e-06
 1.32307e-06
 1.05541e-06
 8.62238e-07
 7.18048e-07
 6.07459e-07
 5.20725e-07
 4.51410e-07
 3.95125e-07
 3.48784e-07
 3.10167e-07
 2.77644e-07
 2.49993e-07
 2.26285e-07
 2.05803e-07
 1.87987e-07
 1.72391e-07
 1.58662e-07
 1.46511e-07
 1.35707e-07
 1.67705e-06
 1.30436e-06
 1.04441e-06
 8.55573e-07
 7.13934e-07
 6.04901e-07
 5.19143e-07
 4.50454e-07
 3.94576e-07
 3.48502e-07
 3.10063e-07
 2.77657e-07
 2.50082e-07
 2.26424e-07
 2.05973e-07
 1.88174e-07
 1.72588e-07
 1.58862e-07
 1.46711e-07
 1.35903e-07
 1.58050e-06
 1.24567e-06
 1.00687e-06
 8.30594e-07
 6.96772e-07
 5.92797e-07
 5.10417e-07
 4.44046e-07
 3.89794e-07
 3.44886e-07
 3.07295e-07
 2.75517e-07
 2.48414e-07
 2.25113e-07
 2.04936e-07
 1.87350e-07
 1.71930e-07
 1.58334e-07
 1.46287e-07
 1.35562e-07
 1.43842e-06
 1.15592e-06
 9.47630e-07
 7.90073e-07
 6.68228e-07
 5.72186e-07
 4.95215e-07
 4.32628e-07
 3.81081e-07
 3.38142e-07
 3.02011e-07
 2.71331e-07
 2.45064e-07
 2.22409e-07
 2.02736e-07
 1.85546e-07
 1.70442e-07
 1.57099e-07
 1.45256e-07
 1.34697e-07
 1.27266e-06
 1.04687e-06
 8.73367e-07
 7.37985e-07
 6.30759e-07
 5.44637e-07
 4.74571e-07
 4.16897e-07
 3.68915e-07
 3.28609e-07
 2.94452e-07
 2.65273e-07
 2.40163e-07
 2.18408e-07
 1.99444e-07
 1.82819e-07
 1.68166e-07
 1.55189e-07
 1.43644e-07
 1.33329e-07
 1.10272e-06
 9.30081e-07
 7.91102e-07
 6.78718e-07
 5.87184e-07
 5.12010e-07
 4.49739e-07
 3.97717e-07
 3.53904e-07
 3.16720e-07
 2.84933e-07
 2.57576e-07
 2.33883e-07
 2.13242e-07
 1.95162e-07
 1.79244e-07
 1.65163e-07
 1.52651e-07
 1.41487e-07
 1.31487e-07
 9.42192e-07
 8.14746e-07
 7.06961e-07
 6.16366e-07
 5.40270e-07
 4.76201e-07
 4.22039e-07
 3.76024e-07
 3.36720e-07
 3.02964e-07
 2.73815e-07
 2.48509e-07
 2.26428e-07
 2.07066e-07
 1.90009e-07
 1.74917e-07
 1.61507e-07
 1.49545e-07
 1.38834e-07
 1.29209e-07
 7.98472e-07
 7.06961e-07
 6.25534e-07
 5.54269e-07
 4.92425e-07
 4.38947e-07
 3.92730e-07
 3.52735e-07
 3.18040e-07
 2.87846e-07
 2.61477e-07
 2.38361e-07
 2.18019e-07
 2.00051e-07
 1.84119e-07
 1.69941e-07
 1.57280e-07
 1.45935e-07
 1.35736e-07
 1.26538e-07
 6.74212e-07
 6.09978e-07
 5.49772e-07
 4.94843e-07
 4.45536e-07
 4.01693e-07
 3.62911e-07
 3.28686e-07
 2.98498e-07
 2.71852e-07
 2.48293e-07
 2.27420e-07
 2.08882e-07
 1.92373e-07
 1.77631e-07
 1.64429e-07
 1.52572e-07
 1.41894e-07
 1.32252e-07
 1.23522e-07
 5.69108e-07
 5.24931e-07
 4.81226e-07
 4.39613e-07
 4.00938e-07
 3.65545e-07
 3.33473e-07
 3.04585e-07
 2.78656e-07
 2.55421e-07
 2.34610e-07
 2.15963e-07
 1.99235e-07
 1.84208e-07
 1.70685e-07
 1.58492e-07
 1.47474e-07
 1.37497e-07
 1.28444e-07
 1.20210e-07
