scalar
part
         1
quad4
 5.26785e-07
 4.88567e-07
 4.50110e-07
 4.13031e-07
 3.78223e-07
 3.46102e-07
 3.16788e-07
 2.90219e-07
 2.66242e-07
 2.44652e-07
 2.25230e-07
 2.07758e-07
 1.92031e-07
 1.77857e-07
 1.65064e-07
 1.53498e-07
 1.43023e-07
 1.33516e-07
 1.24870e-07
 1.16993e-07
 6.27386e-07
 5.70618e-07
 5.16762e-07
 4.67148e-07
 4.22247e-07
 3.82040e-07
 3.46256e-07
 3.14504e-07
 2.86361e-07
 2.61412e-07
 2.39268e-07
 2.19580e-07
 2.02038e-07
 1.86371e-07
 1.72344e-07
 1.59752e-07
 1.48419e-07
 1.38192e-07
 1.28940e-07
 1.20548e-07
 7.47082e-07
 6.64858e-07
 5.91020e-07
 5.25885e-07
 4.68968e-07
 4.19449e-07
 3.76420e-07
 3.39004e-07
 3.06403e-07
 2.77923e-07
 2.52962e-07
 2.31012e-07
 2.11642e-07
 1.94486e-07
 1.79240e-07
 1.65644e-07
 1.53477e-07
 1.42556e-07
 1.32722e-07
 1.23840e-07
 8.86617e-07
 7.70547e-07
 6.71642e-07
 5.87944e-07
 5.17212e-07
 4.57333e-07
 4.06465e-07
 3.63060e-07
 3.25841e-07
 2.93765e-07
 2.65979e-07
 2.41789e-07
 2.20628e-07
 2.02031e-07
 1.85614e-07
 1.71060e-07
 1.58106e-07
 1.46532e-07
 1.36154e-07
 1.26816e-07
 1.04411e-06
 8.85016e-07
 7.56082e-07
 6.51179e-07
 5.65264e-07
 4.94355e-07
 4.35358e-07
 3.85880e-07
 3.44064e-07
 3.08466e-07
 2.77951e-07
 2.51625e-07
 2.28774e-07
 2.08827e-07
 1.91324e-07
 1.75889e-07
 1.62214e-07
 1.50047e-07
 1.39177e-07
 1.29429e-07
 1.21338e-06
 1.00295e-06
 8.40223e-07
 7.12528e-07
 6.10878e-07
 5.28870e-07
 4.61891e-07
 4.06570e-07
 3.60407e-07
 3.21526e-07
 2.88500e-07
 2.60228e-07
 2.35853e-07
 2.14700e-07
 1.96233e-07
 1.80021e-07
 1.65715e-07
 1.53030e-07
 1.41733e-07
 1.31631e-07
 1.38244e-06
 1.11602e-06
 9.18398e-07
 7.68129e-07
 6.51399e-07
 5.59032e-07
 4.84761e-07
 4.24197e-07
 3.74192e-07
 3.32447e-07
 2.97254e-07
 2.67320e-07
 2.41654e-07
 2.19487e-07
 2.00214e-07
 1.83357e-07
 1.68529e-07
 1.55419e-07
 1.43774e-07
 1.33383e-07
 1.53352e-06
 1.21342e-06
 9.83888e-07
 8.13699e-07
 6.84026e-07
 5.82965e-07
 5.02686e-07
 4.37867e-07
 3.84784e-07
 3.40771e-07
 3.03878e-07
 2.72651e-07
 2.45988e-07
 2.23043e-07
 2.03158e-07
 1.85811e-07
 1.70590e-07
 1.57162e-07
 1.45255e-07
 1.34650e-07
 1.64574e-06
 1.28357e-06
 1.02995e-06
 8.45143e-07
 7.06183e-07
 5.98998e-07
 5.14551e-07
 4.46819e-07
 3.91653e-07
 3.46121e-07
 3.08099e-07
 2.76021e-07
 2.48707e-07
 2.25258e-07
 2.04977e-07
 1.87317e-07
 1.71846e-07
 1.58216e-07
 1.46146e-07
 1.35406e-07
 1.70051e-06
 1.31678e-06
 1.05119e-06
 8.59300e-07
 7.15936e-07
 6.05902e-07
 5.19552e-07
 4.50512e-07
 3.94427e-07
 3.48234e-07
 3.09730e-07
 2.77293e-07
 2.49710e-07
 2.26055e-07
 2.05615e-07
 1.87832e-07
 1.72264e-07
 1.58556e-07
 1.46425e-07
 1.35635e-07
 1.68774e-06
 1.30800e-06
 1.04487e-06
 8.54598e-07
 7.12340e-07
 6.03090e-07
 5.17311e-07
 4.48697e-07
 3.92936e-07
 3.46994e-07
 3.08688e-07
 2.76409e-07
 2.48953e-07
 2.25402e-07
 2.05048e-07
 1.87337e-07
 1.71828e-07
 1.58172e-07
 1.46083e-07
 1.35331e-07
 1.60939e-06
 1.25824e-06
 1.01158e-06
 8.31397e-07
 6.95627e-07
 5.90714e-07
 5.07932e-07
 4.41446e-07
 3.87233e-07
 3.42441e-07
 3.05003e-07
 2.73391e-07
 2.46454e-07
 2.23314e-07
 2.03287e-07
 1.85840e-07
 1.70547e-07
 1.57067e-07
 1.45125e-07
 1.34496e-07
 1.47860e-06
 1.17431e-06
 9.55101e-07
 7.91918e-07
 6.67161e-07
 5.69647e-07
 4.91991e-07
 4.29151e-07
 3.77590e-07
 3.34765e-07
 2.98813e-07
 2.68340e-07
 2.42290e-07
 2.19847e-07
 2.00377e-07
 1.83377e-07
 1.68447e-07
 1.55266e-07
 1.43570e-07
 1.33145e-07
 1.31521e-06
 1.06682e-06
 8.81464e-07
 7.39769e-07
 6.29189e-07
 5.41338e-07
 4.70451e-07
 4.12468e-07
 3.64464e-07
 3.24295e-07
 2.90356e-07
 2.61433e-07
 2.36591e-07
 2.15102e-07
 1.96393e-07
 1.80006e-07
 1.65575e-07
 1.52803e-07
 1.41445e-07
 1.31302e-07
 1.13973e-06
 9.47451e-07
 7.97619e-07
 6.79245e-07
 5.84459e-07
 5.07595e-07
 4.44534e-07
 3.92241e-07
 3.48453e-07
 3.11457e-07
 2.79945e-07
 2.52901e-07
 2.29533e-07
 2.09212e-07
 1.91438e-07
 1.75808e-07
 1.61995e-07
 1.49729e-07
 1.38792e-07
 1.28998e-07
 9.68723e-07
 8.26527e-07
 7.10129e-07
 6.14613e-07
 5.35805e-07
 4.70343e-07
 4.15573e-07
 3.69412e-07
 3.30231e-07
 2.96746e-07
 2.67943e-07
 2.43017e-07
 2.21321e-07
 2.02335e-07
 1.85636e-07
 1.70880e-07
 1.57781e-07
 1.46106e-07
 1.35658e-07
 1.26275e-07
 8.12748e-07
 7.11631e-07
 6.24291e-07
 5.49555e-07
 4.85804e-07
 4.31404e-07
 3.84871e-07
 3.44925e-07
 3.10491e-07
 2.80675e-07
 2.54739e-07
 2.32076e-07
 2.12183e-07
 1.94647e-07
 1.79125e-07
 1.65329e-07
 1.53021e-07
 1.42002e-07
 1.32101e-07
 1.23177e-07
 6.76751e-07
 6.07323e-07
 5.43773e-07
 4.86877e-07
 4.36561e-07
 3.92345e-07
 3.53598e-07
 3.19656e-07
 2.89894e-07
 2.63747e-07
 2.40717e-07
 2.20374e-07
 2.02350e-07
 1.86330e-07
 1.72046e-07
 1.59270e-07
 1.47807e-07
 1.37491e-07
 1.28181e-07
 1.19754e-07
 5.61666e-07
 5.15617e-07
 4.70688e-07
 4.28448e-07
 3.89614e-07
 3.54396e-07
 3.22719e-07
 2.94359e-07
 2.69029e-07
 2.46421e-07
 2.26236e-07
 2.08196e-07
 1.92047e-07
 1.77563e-07
 1.64546e-07
 1.52820e-07
 1.42232e-07
 1.32651e-07
 1.23960e-07
 1.16057e-07
 4.66101e-07
 4.36748e-07
 4.05912e-07
 3.75308e-07
 3.45962e-07
 3.18433e-07
 2.92973e-07
 2.69642e-07
 2.48389e-07
 2.29097e-07
 2.11620e-07
 1.95802e-07
 1.81483e-07
 1.68516e-07
 1.56761e-07
 1.46090e-07
 1.36390e-07
 1.27558e-07
 1.19502e-07
 1.12140e-07
