scalar
part
         1
quad4
 4.95506e-07
 4.61552e-07
 4.26753e-07
 3.92793e-07
 3.60637e-07
 3.30769e-07
 3.03369e-07
 2.78430e-07
 2.55844e-07
 2.35444e-07
 2.17045e-07
 2.00455e-07
 1.85490e-07
 1.71978e-07
 1.59762e-07
 1.48701e-07
 1.38668e-07
 1.29551e-07
 1.21250e-07
 1.13679e-07
 5.93684e-07
 5.41979e-07
 4.92349e-07
 4.46255e-07
 4.04286e-07
 3.66526e-07
 3.32788e-07
 3.02756e-07
 2.76064e-07
 2.52342e-07
 2.31244e-07
 2.12449e-07
 1.95675e-07
 1.80670e-07
 1.67217e-07
 1.55124e-07
 1.44227e-07
 1.34383e-07
 1.25468e-07
 1.17374e-07
 7.11173e-07
 6.34867e-07
 5.65829e-07
 5.04597e-07
 4.50864e-07
 4.03956e-07
 3.63079e-07
 3.27445e-07
 2.96331e-07
 2.69097e-07
 2.45188e-07
 2.24130e-07
 2.05520e-07
 1.89018e-07
 1.74333e-07
 1.61224e-07
 1.49482e-07
 1.38931e-07
 1.29421e-07
 1.20826e-07
 8.48963e-07
 7.39653e-07
 6.46078e-07
 5.66611e-07
 4.99262e-07
 4.42109e-07
 3.93454e-07
 3.51860e-07
 3.16135e-07
 2.85299e-07
 2.58551e-07
 2.35235e-07
 2.14815e-07
 1.96850e-07
 1.80975e-07
 1.66888e-07
 1.54340e-07
 1.43119e-07
 1.33050e-07
 1.23984e-07
 1.00548e-06
 8.53872e-07
 7.30686e-07
 6.30243e-07
 5.47825e-07
 4.79687e-07
 4.22909e-07
 3.75225e-07
 3.34874e-07
 3.00482e-07
 2.70969e-07
 2.45480e-07
 2.23336e-07
 2.03990e-07
 1.86999e-07
 1.72004e-07
 1.58710e-07
 1.46874e-07
 1.36293e-07
 1.26799e-07
 1.17485e-06
 9.72409e-07
 8.15666e-07
 6.92510e-07
 5.94355e-07
 5.15075e-07
 4.50253e-07
 3.96656e-07
 3.51889e-07
 3.14149e-07
 2.82064e-07
 2.54575e-07
 2.30858e-07
 2.10261e-07
 1.92268e-07
 1.76461e-07
 1.62505e-07
 1.50124e-07
 1.39093e-07
 1.29223e-07
 1.34537e-06
 1.08711e-06
 8.95451e-07
 7.49610e-07
 6.36230e-07
 5.46443e-07
 4.74189e-07
 4.15222e-07
 3.66500e-07
 3.25798e-07
 2.91461e-07
 2.62236e-07
 2.37163e-07
 2.15497e-07
 1.96650e-07
 1.80157e-07
 1.65643e-07
 1.52805e-07
 1.41396e-07
 1.31213e-07
 1.49948e-06
 1.18729e-06
 9.63376e-07
 7.97278e-07
 6.70653e-07
 5.71909e-07
 4.93425e-07
 4.30018e-07
 3.78063e-07
 3.34963e-07
 2.98817e-07
 2.68207e-07
 2.42060e-07
 2.19549e-07
 2.00033e-07
 1.83002e-07
 1.68053e-07
 1.54860e-07
 1.43159e-07
 1.32734e-07
 1.61640e-06
 1.26138e-06
 1.01268e-06
 8.31392e-07
 6.95015e-07
 5.89774e-07
 5.06823e-07
 4.40262e-07
 3.86030e-07
 3.41251e-07
 3.03846e-07
 2.72277e-07
 2.45389e-07
 2.22299e-07
 2.02323e-07
 1.84925e-07
 1.69680e-07
 1.56245e-07
 1.44346e-07
 1.33757e-07
 1.67759e-06
 1.29963e-06
 1.03789e-06
 8.48710e-07
 7.07314e-07
 5.98754e-07
 5.13534e-07
 4.45380e-07
 3.90001e-07
 3.44380e-07
 3.06345e-07
 2.74297e-07
 2.47040e-07
 2.23661e-07
 2.03457e-07
 1.85877e-07
 1.70485e-07
 1.56931e-07
 1.44933e-07
 1.34263e-07
 1.67267e-06
 1.29671e-06
 1.03607e-06
 8.47514e-07
 7.06501e-07
 5.98184e-07
 5.13124e-07
 4.45079e-07
 3.89775e-07
 3.44207e-07
 3.06211e-07
 2.74192e-07
 2.46956e-07
 2.23594e-07
 2.03403e-07
 1.85833e-07
 1.70448e-07
 1.56901e-07
 1.44908e-07
 1.34242e-07
 1.60294e-06
 1.25325e-06
 1.00752e-06
 8.27977e-07
 6.92675e-07
 5.88123e-07
 5.05630e-07
 4.39381e-07
 3.85366e-07
 3.40744e-07
 3.03452e-07
 2.71968e-07
 2.45143e-07
 2.22101e-07
 2.02163e-07
 1.84794e-07
 1.69572e-07
 1.56156e-07
 1.44272e-07
 1.33694e-07
 1.48066e-06
 1.17552e-06
 9.55710e-07
 7.92105e-07
 6.67056e-07
 5.69343e-07
 4.91553e-07
 4.28625e-07
 3.77008e-07
 3.34152e-07
 2.98185e-07
 2.67708e-07
 2.41662e-07
 2.19229e-07
 1.99773e-07
 1.82789e-07
 1.67877e-07
 1.54714e-07
 1.43037e-07
 1.32631e-07
 1.32479e-06
 1.07363e-06
 8.86351e-07
 7.43303e-07
 6.31753e-07
 5.43195e-07
 4.71787e-07
 4.13416e-07
 3.65120e-07
 3.24730e-07
 2.90623e-07
 2.61572e-07
 2.36631e-07
 2.15067e-07
 1.96300e-07
 1.79869e-07
 1.65404e-07
 1.52606e-07
 1.41230e-07
 1.31073e-07
 1.15528e-06
 9.58878e-07
 8.06153e-07
 6.85705e-07
 5.89401e-07
 5.11409e-07
 4.47497e-07
 3.94556e-07
 3.50267e-07
 3.12881e-07
 2.81061e-07
 2.53775e-07
 2.30213e-07
 2.09737e-07
 1.91839e-07
 1.76107e-07
 1.62211e-07
 1.49879e-07
 1.38886e-07
 1.29048e-07
 9.88454e-07
 8.41427e-07
 7.21548e-07
 6.23474e-07
 5.42758e-07
 4.75850e-07
 4.19971e-07
 3.72950e-07
 3.33094e-07
 2.99076e-07
 2.69847e-07
 2.44578e-07
 2.22604e-07
 2.03391e-07
 1.86506e-07
 1.71596e-07
 1.58370e-07
 1.46589e-07
 1.36052e-07
 1.26595e-07
 8.34978e-07
 7.28866e-07
 6.37804e-07
 5.60260e-07
 4.94366e-07
 4.38311e-07
 3.90486e-07
 3.49523e-07
 3.14279e-07
 2.83814e-07
 2.57354e-07
 2.34263e-07
 2.14020e-07
 1.96195e-07
 1.80433e-07
 1.66437e-07
 1.53962e-07
 1.42801e-07
 1.32781e-07
 1.23755e-07
 7.00106e-07
 6.25893e-07
 5.58649e-07
 4.98888e-07
 4.46331e-07
 4.00351e-07
 3.60201e-07
 3.25138e-07
 2.94471e-07
 2.67589e-07
 2.43958e-07
 2.23121e-07
 2.04688e-07
 1.88327e-07
 1.73758e-07
 1.60741e-07
 1.49075e-07
 1.38587e-07
 1.29129e-07
 1.20577e-07
 5.85135e-07
 5.34721e-07
 4.86307e-07
 4.41285e-07
 4.00223e-07
 3.63214e-07
 3.30088e-07
 3.00550e-07
 2.74257e-07
 2.50857e-07
 2.30018e-07
 2.11433e-07
 1.94828e-07
 1.79962e-07
 1.66622e-07
 1.54622e-07
 1.43802e-07
 1.34022e-07
 1.25159e-07
 1.17109e-07
 4.89004e-07
 4.55795e-07
 4.21783e-07
 3.88571e-07
 3.57088e-07
 3.27803e-07
 3.00899e-07
 2.76375e-07
 2.54133e-07
 2.34017e-07
 2.15852e-07
 1.99455e-07
 1.84649e-07
 1.71269e-07
 1.59162e-07
 1.48191e-07
 1.38233e-07
 1.29179e-07
 1.20931e-07
 1.13404e-07
