scalar
part
         1
quad4
 6.09691e-07
 5.59328e-07
 5.10231e-07
 4.64011e-07
 4.21451e-07
 3.82808e-07
 3.48030e-07
 3.16894e-07
 2.89096e-07
 2.64307e-07
 2.42200e-07
 2.22468e-07
 2.04831e-07
 1.89038e-07
 1.74867e-07
 1.62125e-07
 1.50640e-07
 1.40263e-07
 1.30867e-07
 1.22339e-07
 7.18656e-07
 6.46742e-07
 5.80079e-07
 5.19813e-07
 4.66136e-07
 4.18735e-07
 3.77060e-07
 3.40482e-07
 3.08375e-07
 2.80158e-07
 2.55309e-07
 2.33373e-07
 2.13953e-07
 1.96710e-07
 1.81353e-07
 1.67634e-07
 1.55342e-07
 1.44295e-07
 1.34338e-07
 1.25339e-07
 8.46595e-07
 7.45630e-07
 6.56584e-07
 5.79253e-07
 5.12605e-07
 4.55328e-07
 4.06099e-07
 3.63709e-07
 3.27098e-07
 2.95365e-07
 2.67750e-07
 2.43621e-07
 2.22451e-07
 2.03800e-07
 1.87303e-07
 1.72655e-07
 1.59601e-07
 1.47925e-07
 1.37447e-07
 1.28012e-07
 9.93263e-07
 8.54395e-07
 7.37844e-07
 6.40557e-07
 5.59353e-07
 4.91367e-07
 4.34183e-07
 3.85819e-07
 3.44676e-07
 3.09469e-07
 2.79164e-07
 2.52932e-07
 2.30103e-07
 2.10132e-07
 1.92578e-07
 1.77075e-07
 1.63326e-07
 1.51081e-07
 1.40133e-07
 1.30310e-07
 1.15509e-06
 9.69117e-07
 8.20459e-07
 7.01024e-07
 6.04312e-07
 5.25298e-07
 4.60146e-07
 4.05941e-07
 3.60455e-07
 3.21974e-07
 2.89173e-07
 2.61015e-07
 2.36685e-07
 2.15534e-07
 1.97041e-07
 1.80788e-07
 1.66432e-07
 1.53694e-07
 1.42343e-07
 1.32188e-07
 1.32327e-06
 1.08284e-06
 8.99335e-07
 7.57026e-07
 6.44920e-07
 5.55303e-07
 4.82693e-07
 4.23140e-07
 3.73751e-07
 3.32379e-07
 2.97404e-07
 2.67591e-07
 2.41985e-07
 2.19840e-07
 2.00566e-07
 1.83693e-07
 1.68840e-07
 1.55702e-07
 1.44026e-07
 1.33605e-07
 1.48242e-06
 1.18544e-06
 9.67891e-07
 8.04257e-07
 6.78320e-07
 5.79456e-07
 5.00501e-07
 4.36493e-07
 3.83912e-07
 3.40212e-07
 3.03512e-07
 2.72403e-07
 2.45811e-07
 2.22907e-07
 2.03042e-07
 1.85705e-07
 1.70485e-07
 1.57054e-07
 1.45142e-07
 1.34530e-07
 1.61129e-06
 1.26467e-06
 1.01888e-06
 8.38290e-07
 7.01723e-07
 5.95952e-07
 5.12371e-07
 4.45185e-07
 3.90373e-07
 3.45075e-07
 3.07212e-07
 2.75245e-07
 2.48010e-07
 2.24620e-07
 2.04383e-07
 1.86758e-07
 1.71315e-07
 1.57709e-07
 1.45658e-07
 1.34937e-07
 1.68736e-06
 1.30883e-06
 1.04584e-06
 8.55375e-07
 7.12862e-07
 6.03369e-07
 5.17386e-07
 4.48608e-07
 3.92720e-07
 3.46682e-07
 3.08303e-07
 2.75971e-07
 2.48477e-07
 2.24900e-07
 2.04530e-07
 1.86809e-07
 1.71297e-07
 1.57641e-07
 1.45556e-07
 1.34810e-07
 1.69462e-06
 1.31017e-06
 1.04472e-06
 8.53267e-07
 7.10428e-07
 6.00914e-07
 5.15047e-07
 4.46442e-07
 3.90742e-07
 3.44890e-07
 3.06686e-07
 2.74514e-07
 2.47163e-07
 2.23715e-07
 2.03459e-07
 1.85840e-07
 1.70418e-07
 1.56842e-07
 1.44828e-07
 1.34146e-07
 1.63046e-06
 1.26766e-06
 1.01509e-06
 8.31784e-07
 6.94353e-07
 5.88570e-07
 5.05362e-07
 4.38702e-07
 3.84459e-07
 3.39720e-07
 3.02380e-07
 2.70890e-07
 2.44085e-07
 2.21078e-07
 2.01182e-07
 1.83860e-07
 1.68686e-07
 1.55318e-07
 1.43481e-07
 1.32948e-07
 1.50660e-06
 1.18725e-06
 9.60227e-07
 7.92854e-07
 6.65829e-07
 5.67108e-07
 4.88845e-07
 4.25744e-07
 3.74123e-07
 3.31353e-07
 2.95520e-07
 2.65200e-07
 2.39317e-07
 2.17046e-07
 1.97745e-07
 1.80907e-07
 1.66131e-07
 1.53094e-07
 1.41533e-07
 1.31234e-07
 1.34352e-06
 1.07969e-06
 8.86167e-07
 7.40052e-07
 6.27073e-07
 5.37953e-07
 4.66446e-07
 4.08218e-07
 3.60188e-07
 3.20116e-07
 2.86343e-07
 2.57622e-07
 2.32995e-07
 2.11724e-07
 1.93226e-07
 1.77042e-07
 1.62803e-07
 1.50209e-07
 1.39018e-07
 1.29028e-07
 1.16321e-06
 9.57311e-07
 8.00173e-07
 6.77831e-07
 5.80914e-07
 5.02962e-07
 4.39415e-07
 3.86986e-07
 3.43263e-07
 3.06446e-07
 2.75171e-07
 2.48393e-07
 2.25298e-07
 2.05248e-07
 1.87734e-07
 1.72350e-07
 1.58766e-07
 1.46715e-07
 1.35976e-07
 1.26367e-07
 9.83938e-07
 8.31346e-07
 7.09292e-07
 6.10727e-07
 5.30343e-07
 4.64152e-07
 4.09143e-07
 3.63027e-07
 3.24050e-07
 2.90854e-07
 2.62382e-07
 2.37798e-07
 2.16443e-07
 1.97785e-07
 1.81396e-07
 1.66931e-07
 1.54103e-07
 1.42678e-07
 1.32461e-07
 1.23291e-07
 8.18157e-07
 7.10356e-07
 6.19367e-07
 5.42744e-07
 4.78132e-07
 4.23466e-07
 3.77012e-07
 3.37337e-07
 3.03276e-07
 2.73881e-07
 2.48379e-07
 2.26144e-07
 2.06664e-07
 1.89517e-07
 1.74357e-07
 1.60899e-07
 1.48902e-07
 1.38169e-07
 1.28532e-07
 1.19849e-07
 6.72480e-07
 5.99811e-07
 5.34591e-07
 4.77003e-07
 4.26580e-07
 3.82599e-07
 3.44273e-07
 3.10848e-07
 2.81642e-07
 2.56054e-07
 2.33568e-07
 2.13743e-07
 1.96204e-07
 1.80635e-07
 1.66767e-07
 1.54374e-07
 1.43262e-07
 1.33267e-07
 1.24251e-07
 1.16094e-07
 5.48964e-07
 5.02412e-07
 4.57504e-07
 4.15642e-07
 3.77403e-07
 3.42894e-07
 3.11971e-07
 2.84369e-07
 2.59773e-07
 2.37862e-07
 2.18330e-07
 2.00894e-07
 1.85301e-07
 1.71328e-07
 1.58777e-07
 1.47477e-07
 1.37279e-07
 1.28053e-07
 1.19685e-07
 1.12079e-07
 4.46734e-07
 4.18802e-07
 3.89265e-07
 3.59897e-07
 3.31732e-07
 3.05321e-07
 2.80909e-07
 2.58552e-07
 2.38196e-07
 2.19728e-07
 2.03003e-07
 1.87869e-07
 1.74174e-07
 1.61772e-07
 1.50531e-07
 1.40328e-07
 1.31052e-07
 1.22605e-07
 1.14900e-07
 1.07859e-07
 3.63414e-07
 3.48313e-07
 3.30036e-07
 3.10282e-07
 2.90193e-07
 2.70502e-07
 2.51652e-07
 2.33889e-07
 2.17328e-07
 2.01999e-07
 1.87877e-07
 1.74908e-07
 1.63019e-07
 1.52132e-07
 1.42163e-07
 1.33035e-07
 1.24672e-07
 1.17002e-07
 1.09960e-07
 1.03489e-07
