scalar
part
         1
quad4
 3.66929e-07
 3.50377e-07
 3.31016e-07
 3.10466e-07
 2.89804e-07
 2.69707e-07
 2.50576e-07
 2.32625e-07
 2.15944e-07
 2.00545e-07
 1.86388e-07
 1.73411e-07
 1.61533e-07
 1.50669e-07
 1.40733e-07
 1.31643e-07
 1.23322e-07
 1.15696e-07
 1.08700e-07
 1.02275e-07
 4.49036e-07
 4.19624e-07
 3.89054e-07
 3.58981e-07
 3.30349e-07
 3.03642e-07
 2.79052e-07
 2.56602e-07
 2.36210e-07
 2.17745e-07
 2.01050e-07
 1.85964e-07
 1.72327e-07
 1.59991e-07
 1.48818e-07
 1.38684e-07
 1.29478e-07
 1.21099e-07
 1.13460e-07
 1.06483e-07
 5.49359e-07
 5.01443e-07
 4.55678e-07
 4.13305e-07
 3.74787e-07
 3.40150e-07
 3.09199e-07
 2.81631e-07
 2.57108e-07
 2.35293e-07
 2.15869e-07
 1.98546e-07
 1.83068e-07
 1.69207e-07
 1.56766e-07
 1.45571e-07
 1.35472e-07
 1.26339e-07
 1.18059e-07
 1.10536e-07
 6.70023e-07
 5.96356e-07
 5.30651e-07
 4.72888e-07
 4.22475e-07
 3.78609e-07
 3.40454e-07
 3.07228e-07
 2.78229e-07
 2.52848e-07
 2.30561e-07
 2.10926e-07
 1.93565e-07
 1.78161e-07
 1.64447e-07
 1.52195e-07
 1.41214e-07
 1.31341e-07
 1.22436e-07
 1.14381e-07
 8.11627e-07
 7.03592e-07
 6.12759e-07
 5.36479e-07
 4.72286e-07
 4.18057e-07
 3.72027e-07
 3.32751e-07
 2.99058e-07
 2.69996e-07
 2.44798e-07
 2.22836e-07
 2.03602e-07
 1.86678e-07
 1.71719e-07
 1.58443e-07
 1.46611e-07
 1.36027e-07
 1.26526e-07
 1.17967e-07
 9.71892e-07
 8.20384e-07
 6.99466e-07
 6.01966e-07
 5.22536e-07
 4.57182e-07
 4.02901e-07
 3.57415e-07
 3.18985e-07
 2.86266e-07
 2.58208e-07
 2.33988e-07
 2.12952e-07
 1.94577e-07
 1.78439e-07
 1.64196e-07
 1.51567e-07
 1.40321e-07
 1.30265e-07
 1.21240e-07
 1.14417e-06
 9.41340e-07
 7.86673e-07
 6.66314e-07
 5.70996e-07
 4.94344e-07
 4.31864e-07
 3.80319e-07
 3.37337e-07
 3.01145e-07
 2.70403e-07
 2.44081e-07
 2.21381e-07
 2.01674e-07
 1.84460e-07
 1.69340e-07
 1.55990e-07
 1.44147e-07
 1.33593e-07
 1.24149e-07
 1.31636e-06
 1.05819e-06
 8.68753e-07
 7.25670e-07
 6.14999e-07
 5.27674e-07
 4.57589e-07
 4.00507e-07
 3.53413e-07
 3.14116e-07
 2.80993e-07
 2.52820e-07
 2.28662e-07
 2.07794e-07
 1.89645e-07
 1.73766e-07
 1.59794e-07
 1.47436e-07
 1.36453e-07
 1.26650e-07
 1.47108e-06
 1.16024e-06
 9.38987e-07
 7.75707e-07
 6.51690e-07
 5.55245e-07
 4.78746e-07
 4.17041e-07
 3.66543e-07
 3.24692e-07
 2.89619e-07
 2.59935e-07
 2.34590e-07
 2.12779e-07
 1.93872e-07
 1.77377e-07
 1.62901e-07
 1.50126e-07
 1.38796e-07
 1.28702e-07
 1.58768e-06
 1.23586e-06
 9.90506e-07
 8.12206e-07
 6.78386e-07
 5.75296e-07
 4.94150e-07
 4.29105e-07
 3.76150e-07
 3.32455e-07
 2.95974e-07
 2.65198e-07
 2.38994e-07
 2.16497e-07
 1.97039e-07
 1.80095e-07
 1.65248e-07
 1.52167e-07
 1.40582e-07
 1.30272e-07
 1.64700e-06
 1.27496e-06
 1.01763e-06
 8.31799e-07
 6.92997e-07
 5.86484e-07
 5.02905e-07
 4.36086e-07
 3.81806e-07
 3.37101e-07
 2.99837e-07
 2.68445e-07
 2.41749e-07
 2.18855e-07
 1.99072e-07
 1.81860e-07
 1.66792e-07
 1.53524e-07
 1.41781e-07
 1.31337e-07
 1.63798e-06
 1.27194e-06
 1.01730e-06
 8.32689e-07
 6.94418e-07
 5.88095e-07
 5.04538e-07
 4.37658e-07
 3.83280e-07
 3.38463e-07
 3.01085e-07
 2.69583e-07
 2.42785e-07
 2.19797e-07
 1.99929e-07
 1.82641e-07
 1.67503e-07
 1.54174e-07
 1.42375e-07
 1.31882e-07
 1.56293e-06
 1.22778e-06
 9.89958e-07
 8.15089e-07
 6.82746e-07
 5.80172e-07
 4.99063e-07
 4.33822e-07
 3.80566e-07
 3.36531e-07
 2.99707e-07
 2.68602e-07
 2.42092e-07
 2.19316e-07
 1.99603e-07
 1.82430e-07
 1.67378e-07
 1.54112e-07
 1.42361e-07
 1.31902e-07
 1.43699e-06
 1.14987e-06
 9.39497e-07
 7.81180e-07
 6.59265e-07
 5.63501e-07
 4.86975e-07
 4.24899e-07
 3.73878e-07
 3.31452e-07
 2.95804e-07
 2.65574e-07
 2.39722e-07
 2.17446e-07
 1.98120e-07
 1.81246e-07
 1.66429e-07
 1.53348e-07
 1.41745e-07
 1.31405e-07
 1.28180e-06
 1.04948e-06
 8.72152e-07
 7.34591e-07
 6.26178e-07
 5.39467e-07
 4.69175e-07
 4.11490e-07
 3.63625e-07
 3.23508e-07
 2.89578e-07
 2.60642e-07
 2.35779e-07
 2.14268e-07
 1.95537e-07
 1.79134e-07
 1.64691e-07
 1.51910e-07
 1.40549e-07
 1.30405e-07
 1.11789e-06
 9.38417e-07
 7.94928e-07
 6.79608e-07
 5.86189e-07
 5.09827e-07
 4.46831e-07
 3.94390e-07
 3.50360e-07
 3.13093e-07
 2.81310e-07
 2.54014e-07
 2.30417e-07
 2.09894e-07
 1.91943e-07
 1.76160e-07
 1.62215e-07
 1.49837e-07
 1.38803e-07
 1.28929e-07
 9.60269e-07
 8.26513e-07
 7.14197e-07
 6.20399e-07
 5.42067e-07
 4.76450e-07
 4.21228e-07
 3.74497e-07
 3.34722e-07
 3.00666e-07
 2.71337e-07
 2.45938e-07
 2.23822e-07
 2.04468e-07
 1.87447e-07
 1.72410e-07
 1.59067e-07
 1.47181e-07
 1.36550e-07
 1.27008e-07
 8.17506e-07
 7.20522e-07
 6.34899e-07
 5.60479e-07
 4.96294e-07
 4.41096e-07
 3.93624e-07
 3.52721e-07
 3.17373e-07
 2.86717e-07
 2.60025e-07
 2.36689e-07
 2.16204e-07
 1.98149e-07
 1.82172e-07
 1.67979e-07
 1.55325e-07
 1.44003e-07
 1.33838e-07
 1.24683e-07
 6.93077e-07
 6.24247e-07
 5.60325e-07
 5.02461e-07
 4.50871e-07
 4.05271e-07
 3.65147e-07
 3.29905e-07
 2.98949e-07
 2.71726e-07
 2.47739e-07
 2.26550e-07
 2.07782e-07
 1.91108e-07
 1.76252e-07
 1.62974e-07
 1.51072e-07
 1.40370e-07
 1.30722e-07
 1.21997e-07
 5.87203e-07
 5.39224e-07
 4.92313e-07
 4.48061e-07
 4.07251e-07
 3.70153e-07
 3.36731e-07
 3.06781e-07
 2.80021e-07
 2.56140e-07
 2.34828e-07
 2.15793e-07
 1.98769e-07
 1.83517e-07
 1.69824e-07
 1.57504e-07
 1.46395e-07
 1.36355e-07
 1.27258e-07
 1.18998e-07
