scalar
part
         1
quad4
 6.40052e-07
 5.85616e-07
 5.32891e-07
 4.83514e-07
 4.38247e-07
 3.97305e-07
 3.60583e-07
 3.27805e-07
 2.98621e-07
 2.72659e-07
 2.49557e-07
 2.28977e-07
 2.10616e-07
 1.94201e-07
 1.79494e-07
 1.66287e-07
 1.54399e-07
 1.43670e-07
 1.33966e-07
 1.25165e-07
 7.53300e-07
 6.76049e-07
 6.04821e-07
 5.40721e-07
 4.83860e-07
 4.33825e-07
 3.89974e-07
 3.51596e-07
 3.17994e-07
 2.88532e-07
 2.62639e-07
 2.39824e-07
 2.19660e-07
 2.01784e-07
 1.85885e-07
 1.71700e-07
 1.59005e-07
 1.47608e-07
 1.37346e-07
 1.28079e-07
 8.85925e-07
 7.78017e-07
 6.83296e-07
 6.01383e-07
 5.31054e-07
 4.70816e-07
 4.19200e-07
 3.74874e-07
 3.36683e-07
 3.03652e-07
 2.74963e-07
 2.49939e-07
 2.28017e-07
 2.08732e-07
 1.91696e-07
 1.76587e-07
 1.63136e-07
 1.51117e-07
 1.40340e-07
 1.30645e-07
 1.03741e-06
 8.89651e-07
 7.66193e-07
 6.63561e-07
 5.78207e-07
 5.06979e-07
 4.47241e-07
 3.96846e-07
 3.54073e-07
 3.17543e-07
 2.86157e-07
 2.59033e-07
 2.35461e-07
 2.14867e-07
 1.96786e-07
 1.80835e-07
 1.66701e-07
 1.54125e-07
 1.42891e-07
 1.32818e-07
 1.20362e-06
 1.00660e-06
 8.49809e-07
 7.24349e-07
 6.23121e-07
 5.40674e-07
 4.72879e-07
 4.16609e-07
 3.69488e-07
 3.29698e-07
 2.95837e-07
 2.66812e-07
 2.41764e-07
 2.20014e-07
 2.01017e-07
 1.84336e-07
 1.69616e-07
 1.56564e-07
 1.44942e-07
 1.34551e-07
 1.37481e-06
 1.12128e-06
 9.28674e-07
 7.79899e-07
 6.63102e-07
 5.70009e-07
 4.94773e-07
 4.33200e-07
 3.82233e-07
 3.39608e-07
 3.03626e-07
 2.72994e-07
 2.46714e-07
 2.24009e-07
 2.04265e-07
 1.86993e-07
 1.71802e-07
 1.58373e-07
 1.46446e-07
 1.35806e-07
 1.53420e-06
 1.22286e-06
 9.95833e-07
 8.25714e-07
 6.95198e-07
 5.93010e-07
 5.11581e-07
 4.45691e-07
 3.91652e-07
 3.46802e-07
 3.09182e-07
 2.77328e-07
 2.50123e-07
 2.26711e-07
 2.06420e-07
 1.88723e-07
 1.73197e-07
 1.59502e-07
 1.47363e-07
 1.36553e-07
 1.65915e-06
 1.29848e-06
 1.04379e-06
 8.57265e-07
 7.16587e-07
 6.07867e-07
 5.22110e-07
 4.53277e-07
 3.97192e-07
 3.50893e-07
 3.12230e-07
 2.79613e-07
 2.51845e-07
 2.28011e-07
 2.07403e-07
 1.89463e-07
 1.73751e-07
 1.59914e-07
 1.47663e-07
 1.36767e-07
 1.72635e-06
 1.33627e-06
 1.06608e-06
 8.70866e-07
 7.25066e-07
 6.13216e-07
 5.25487e-07
 4.55384e-07
 3.98467e-07
 3.51616e-07
 3.12583e-07
 2.79718e-07
 2.51784e-07
 2.27840e-07
 2.07160e-07
 1.89175e-07
 1.73437e-07
 1.59586e-07
 1.47331e-07
 1.36436e-07
 1.72058e-06
 1.32905e-06
 1.05906e-06
 8.64523e-07
 7.19498e-07
 6.08378e-07
 5.21296e-07
 4.51751e-07
 3.95308e-07
 3.48859e-07
 3.10168e-07
 2.77593e-07
 2.49906e-07
 2.26174e-07
 2.05676e-07
 1.87849e-07
 1.72247e-07
 1.58514e-07
 1.46362e-07
 1.35559e-07
 1.64167e-06
 1.27705e-06
 1.02297e-06
 8.38463e-07
 7.00063e-07
 5.93497e-07
 5.09650e-07
 4.42464e-07
 3.87785e-07
 3.42679e-07
 3.05029e-07
 2.73274e-07
 2.46241e-07
 2.23038e-07
 2.02971e-07
 1.85499e-07
 1.70193e-07
 1.56709e-07
 1.44767e-07
 1.34142e-07
 1.50435e-06
 1.18770e-06
 9.61916e-07
 7.95075e-07
 6.68233e-07
 5.69520e-07
 4.91179e-07
 4.27959e-07
 3.76203e-07
 3.33295e-07
 2.97329e-07
 2.66882e-07
 2.40882e-07
 2.18502e-07
 1.99100e-07
 1.82172e-07
 1.67313e-07
 1.54199e-07
 1.42569e-07
 1.32205e-07
 1.33121e-06
 1.07292e-06
 8.82576e-07
 7.38331e-07
 6.26475e-07
 5.38036e-07
 4.66941e-07
 4.08959e-07
 3.61070e-07
 3.21073e-07
 2.87333e-07
 2.58616e-07
 2.33977e-07
 2.12681e-07
 1.94154e-07
 1.77936e-07
 1.63660e-07
 1.51030e-07
 1.39803e-07
 1.29778e-07
 1.14476e-06
 9.45512e-07
 7.92572e-07
 6.72932e-07
 5.77788e-07
 5.01018e-07
 4.38270e-07
 3.86387e-07
 3.43040e-07
 3.06483e-07
 2.75388e-07
 2.48733e-07
 2.25721e-07
 2.05725e-07
 1.88246e-07
 1.72882e-07
 1.59307e-07
 1.47258e-07
 1.36515e-07
 1.26898e-07
 9.62663e-07
 8.16591e-07
 6.98993e-07
 6.03494e-07
 5.25243e-07
 4.60553e-07
 4.06612e-07
 3.61265e-07
 3.22847e-07
 2.90061e-07
 2.61891e-07
 2.37532e-07
 2.16343e-07
 1.97809e-07
 1.81514e-07
 1.67117e-07
 1.54340e-07
 1.42952e-07
 1.32762e-07
 1.23610e-07
 7.96311e-07
 6.94276e-07
 6.07510e-07
 5.33968e-07
 4.71608e-07
 4.18598e-07
 3.73369e-07
 3.34609e-07
 3.01236e-07
 2.72362e-07
 2.47259e-07
 2.25331e-07
 2.06087e-07
 1.89124e-07
 1.74108e-07
 1.60761e-07
 1.48853e-07
 1.38188e-07
 1.28605e-07
 1.19964e-07
 6.51380e-07
 5.83524e-07
 5.22052e-07
 4.67344e-07
 4.19123e-07
 3.76823e-07
 3.39786e-07
 3.07354e-07
 2.78915e-07
 2.53924e-07
 2.31906e-07
 2.12449e-07
 1.95202e-07
 1.79865e-07
 1.66182e-07
 1.53937e-07
 1.42945e-07
 1.33047e-07
 1.24109e-07
 1.16015e-07
 5.29259e-07
 4.86606e-07
 4.44896e-07
 4.05607e-07
 3.69415e-07
 3.36527e-07
 3.06885e-07
 2.80297e-07
 2.56505e-07
 2.35234e-07
 2.16214e-07
 1.99189e-07
 1.83928e-07
 1.70223e-07
 1.57891e-07
 1.46770e-07
 1.36718e-07
 1.27612e-07
 1.19344e-07
 1.11820e-07
 4.28670e-07
 4.03850e-07
 3.76982e-07
 3.49848e-07
 3.23525e-07
 2.98621e-07
 2.75434e-07
 2.54071e-07
 2.34522e-07
 2.16709e-07
 2.00519e-07
 1.85822e-07
 1.72485e-07
 1.60378e-07
 1.49380e-07
 1.39379e-07
 1.30270e-07
 1.21964e-07
 1.14376e-07
 1.07433e-07
 3.47012e-07
 3.34384e-07
 3.18307e-07
 3.00460e-07
 2.81994e-07
 2.63668e-07
 2.45958e-07
 2.29142e-07
 2.13367e-07
 1.98688e-07
 1.85106e-07
 1.72584e-07
 1.61069e-07
 1.50492e-07
 1.40785e-07
 1.31875e-07
 1.23695e-07
 1.16180e-07
 1.09270e-07
 1.02910e-07
