scalar
part
         1
quad4
 5.11676e-07
 4.75504e-07
 4.38857e-07
 4.03349e-07
 3.69888e-07
 3.38913e-07
 3.10569e-07
 2.84822e-07
 2.61540e-07
 2.40538e-07
 2.21617e-07
 2.04572e-07
 1.89209e-07
 1.75348e-07
 1.62825e-07
 1.51493e-07
 1.41219e-07
 1.31889e-07
 1.23398e-07
 1.15656e-07
 6.10550e-07
 5.56365e-07
 5.04716e-07
 4.56959e-07
 4.13607e-07
 3.74686e-07
 3.39967e-07
 3.09100e-07
 2.81694e-07
 2.57359e-07
 2.35731e-07
 2.16478e-07
 1.99305e-07
 1.83952e-07
 1.70193e-07
 1.57832e-07
 1.46697e-07
 1.36643e-07
 1.27541e-07
 1.19281e-07
 7.28443e-07
 6.49461e-07
 5.78285e-07
 5.15312e-07
 4.60144e-07
 4.12041e-07
 3.70159e-07
 3.33677e-07
 3.01841e-07
 2.73991e-07
 2.49552e-07
 2.28038e-07
 2.09033e-07
 1.92186e-07
 1.77202e-07
 1.63829e-07
 1.51855e-07
 1.41099e-07
 1.31409e-07
 1.22652e-07
 8.66236e-07
 7.54176e-07
 6.58419e-07
 5.77183e-07
 5.08380e-07
 4.50020e-07
 4.00355e-07
 3.57912e-07
 3.21468e-07
 2.90021e-07
 2.62751e-07
 2.38987e-07
 2.18180e-07
 1.99880e-07
 1.83713e-07
 1.69372e-07
 1.56600e-07
 1.45183e-07
 1.34939e-07
 1.25719e-07
 1.02230e-06
 8.68030e-07
 7.42707e-07
 6.40517e-07
 5.56658e-07
 4.87324e-07
 4.29548e-07
 3.81028e-07
 3.39973e-07
 3.04984e-07
 2.74964e-07
 2.49042e-07
 2.26525e-07
 2.06857e-07
 1.89587e-07
 1.74349e-07
 1.60842e-07
 1.48819e-07
 1.38072e-07
 1.28432e-07
 1.19082e-06
 9.85964e-07
 8.27193e-07
 7.02347e-07
 6.02787e-07
 5.22341e-07
 4.56549e-07
 4.02142e-07
 3.56695e-07
 3.18383e-07
 2.85813e-07
 2.57912e-07
 2.33841e-07
 2.12940e-07
 1.94684e-07
 1.78649e-07
 1.64493e-07
 1.51937e-07
 1.40751e-07
 1.30744e-07
 1.36039e-06
 1.09996e-06
 9.06370e-07
 7.58897e-07
 6.44159e-07
 5.53247e-07
 4.80062e-07
 4.20323e-07
 3.70958e-07
 3.29717e-07
 2.94925e-07
 2.65315e-07
 2.39913e-07
 2.17965e-07
 1.98875e-07
 1.82170e-07
 1.67472e-07
 1.54473e-07
 1.42923e-07
 1.32614e-07
 1.51381e-06
 1.19946e-06
 9.73630e-07
 8.05927e-07
 6.77984e-07
 5.78165e-07
 4.98801e-07
 4.34671e-07
 3.82119e-07
 3.38522e-07
 3.01958e-07
 2.70997e-07
 2.44551e-07
 2.21785e-07
 2.02048e-07
 1.84827e-07
 1.69712e-07
 1.56374e-07
 1.44545e-07
 1.34007e-07
 1.63055e-06
 1.27298e-06
 1.02223e-06
 8.39319e-07
 7.01658e-07
 5.95397e-07
 5.11629e-07
 4.44407e-07
 3.89634e-07
 3.44409e-07
 3.06632e-07
 2.74750e-07
 2.47598e-07
 2.24282e-07
 2.04113e-07
 1.86547e-07
 1.71156e-07
 1.57594e-07
 1.45583e-07
 1.34895e-07
 1.69185e-06
 1.31065e-06
 1.04664e-06
 8.55801e-07
 7.13167e-07
 6.03660e-07
 5.17701e-07
 4.48960e-07
 3.93108e-07
 3.47100e-07
 3.08745e-07
 2.76430e-07
 2.48947e-07
 2.25376e-07
 2.05008e-07
 1.87285e-07
 1.71769e-07
 1.58107e-07
 1.46014e-07
 1.35259e-07
 1.68665e-06
 1.30686e-06
 1.04380e-06
 8.53611e-07
 7.11447e-07
 6.02285e-07
 5.16587e-07
 4.48044e-07
 3.92345e-07
 3.46459e-07
 3.08201e-07
 2.75965e-07
 2.48546e-07
 2.25028e-07
 2.04704e-07
 1.87018e-07
 1.71533e-07
 1.57897e-07
 1.45827e-07
 1.35092e-07
 1.61550e-06
 1.26193e-06
 1.01390e-06
 8.32882e-07
 6.96589e-07
 5.91337e-07
 5.08329e-07
 4.41690e-07
 3.87370e-07
 3.42504e-07
 3.05014e-07
 2.73366e-07
 2.46403e-07
 2.23245e-07
 2.03206e-07
 1.85750e-07
 1.70452e-07
 1.56969e-07
 1.45026e-07
 1.34396e-07
 1.49039e-06
 1.18205e-06
 9.60377e-07
 7.95620e-07
 6.69822e-07
 5.71598e-07
 4.93444e-07
 4.30247e-07
 3.78424e-07
 3.35406e-07
 2.99308e-07
 2.68724e-07
 2.42587e-07
 2.20078e-07
 2.00554e-07
 1.83513e-07
 1.68550e-07
 1.55341e-07
 1.43624e-07
 1.33182e-07
 1.33062e-06
 1.07748e-06
 8.89038e-07
 7.45286e-07
 6.33295e-07
 5.44450e-07
 4.72847e-07
 4.14338e-07
 3.65941e-07
 3.25473e-07
 2.91305e-07
 2.62203e-07
 2.37220e-07
 2.15619e-07
 1.96819e-07
 1.80360e-07
 1.65869e-07
 1.53048e-07
 1.41649e-07
 1.31472e-07
 1.15689e-06
 9.59859e-07
 8.06763e-07
 6.86109e-07
 5.89699e-07
 5.11658e-07
 4.47728e-07
 3.94783e-07
 3.50498e-07
 3.13119e-07
 2.81307e-07
 2.54027e-07
 2.30470e-07
 2.09997e-07
 1.92099e-07
 1.76368e-07
 1.62471e-07
 1.50136e-07
 1.39140e-07
 1.29298e-07
 9.86228e-07
 8.39709e-07
 7.20173e-07
 6.22362e-07
 5.41860e-07
 4.75132e-07
 4.19403e-07
 3.72509e-07
 3.32758e-07
 2.98827e-07
 2.69671e-07
 2.44462e-07
 2.22538e-07
 2.03366e-07
 1.86515e-07
 1.71632e-07
 1.58428e-07
 1.46665e-07
 1.36143e-07
 1.26697e-07
 8.29697e-07
 7.24870e-07
 6.34692e-07
 5.57788e-07
 4.92379e-07
 4.36702e-07
 3.89177e-07
 3.48456e-07
 3.13409e-07
 2.83106e-07
 2.56778e-07
 2.33798e-07
 2.13647e-07
 1.95898e-07
 1.80199e-07
 1.66256e-07
 1.53826e-07
 1.42702e-07
 1.32714e-07
 1.23715e-07
 6.92656e-07
 6.20150e-07
 5.54131e-07
 4.95274e-07
 4.43404e-07
 3.97957e-07
 3.58230e-07
 3.23505e-07
 2.93114e-07
 2.66457e-07
 2.43012e-07
 2.22330e-07
 2.04026e-07
 1.87773e-07
 1.73294e-07
 1.60355e-07
 1.48754e-07
 1.38321e-07
 1.28911e-07
 1.20398e-07
 5.76314e-07
 5.27759e-07
 4.80736e-07
 4.36771e-07
 3.96527e-07
 3.60159e-07
 3.27546e-07
 2.98422e-07
 2.72466e-07
 2.49344e-07
 2.28735e-07
 2.10342e-07
 1.93899e-07
 1.79169e-07
 1.65944e-07
 1.54043e-07
 1.43306e-07
 1.33597e-07
 1.24796e-07
 1.16799e-07
 4.79446e-07
 4.48073e-07
 4.15487e-07
 3.83394e-07
 3.52795e-07
 3.24218e-07
 2.97885e-07
 2.73828e-07
 2.51968e-07
 2.32171e-07
 2.14271e-07
 1.98097e-07
 1.83479e-07
 1.70258e-07
 1.58287e-07
 1.47432e-07
 1.37574e-07
 1.28606e-07
 1.20433e-07
 1.12970e-07
