scalar
part
         1
quad4
 6.39254e-07
 5.85642e-07
 5.33566e-07
 4.84674e-07
 4.39752e-07
 3.99041e-07
 3.62461e-07
 3.29759e-07
 3.00601e-07
 2.74630e-07
 2.51494e-07
 2.30864e-07
 2.12441e-07
 1.95958e-07
 1.81181e-07
 1.67902e-07
 1.55941e-07
 1.45142e-07
 1.35369e-07
 1.26503e-07
 7.52655e-07
 6.76435e-07
 6.05966e-07
 5.42395e-07
 4.85879e-07
 4.36050e-07
 3.92304e-07
 3.53958e-07
 3.20339e-07
 2.90826e-07
 2.64862e-07
 2.41963e-07
 2.21707e-07
 2.03736e-07
 1.87743e-07
 1.73466e-07
 1.60681e-07
 1.49198e-07
 1.38854e-07
 1.29510e-07
 8.85652e-07
 7.79006e-07
 6.85139e-07
 6.03764e-07
 5.33743e-07
 4.73653e-07
 4.22075e-07
 3.77715e-07
 3.39446e-07
 3.06310e-07
 2.77501e-07
 2.52351e-07
 2.30302e-07
 2.10891e-07
 1.93735e-07
 1.78511e-07
 1.64951e-07
 1.52829e-07
 1.41957e-07
 1.32172e-07
 1.03791e-06
 8.91628e-07
 7.69056e-07
 6.66901e-07
 5.81756e-07
 5.10567e-07
 4.50763e-07
 4.00241e-07
 3.57308e-07
 3.20603e-07
 2.89038e-07
 2.61738e-07
 2.37997e-07
 2.17243e-07
 1.99011e-07
 1.82921e-07
 1.68657e-07
 1.55961e-07
 1.44616e-07
 1.34440e-07
 1.20562e-06
 1.01014e-06
 8.54126e-07
 7.28961e-07
 6.27749e-07
 5.45165e-07
 4.77152e-07
 4.20628e-07
 3.73243e-07
 3.33193e-07
 2.99083e-07
 2.69825e-07
 2.44561e-07
 2.22612e-07
 2.03433e-07
 1.86586e-07
 1.71714e-07
 1.58523e-07
 1.46775e-07
 1.36267e-07
 1.37946e-06
 1.12722e-06
 9.34990e-07
 7.86137e-07
 6.69039e-07
 5.75551e-07
 4.99893e-07
 4.37906e-07
 3.86547e-07
 3.43561e-07
 3.07252e-07
 2.76323e-07
 2.49776e-07
 2.26831e-07
 2.06871e-07
 1.89406e-07
 1.74040e-07
 1.60454e-07
 1.48384e-07
 1.37615e-07
 1.54321e-06
 1.23219e-06
 1.00475e-06
 8.33930e-07
 7.02652e-07
 5.99726e-07
 5.17619e-07
 4.51123e-07
 3.96547e-07
 3.51225e-07
 3.13192e-07
 2.80973e-07
 2.53449e-07
 2.29754e-07
 2.09214e-07
 1.91294e-07
 1.75571e-07
 1.61700e-07
 1.49402e-07
 1.38450e-07
 1.67451e-06
 1.31224e-06
 1.05583e-06
 8.67739e-07
 7.25701e-07
 6.15828e-07
 5.29099e-07
 4.59446e-07
 4.02669e-07
 3.55781e-07
 3.16615e-07
 2.83565e-07
 2.55424e-07
 2.31266e-07
 2.10374e-07
 1.92185e-07
 1.76254e-07
 1.62222e-07
 1.49798e-07
 1.38747e-07
 1.74974e-06
 1.35515e-06
 1.08154e-06
 8.83702e-07
 7.35867e-07
 6.22413e-07
 5.33404e-07
 4.62265e-07
 4.04498e-07
 3.56943e-07
 3.17321e-07
 2.83957e-07
 2.55599e-07
 2.31290e-07
 2.10295e-07
 1.92036e-07
 1.76058e-07
 1.61996e-07
 1.49554e-07
 1.38493e-07
 1.75229e-06
 1.35301e-06
 1.07779e-06
 8.79579e-07
 7.31858e-07
 6.18707e-07
 5.30055e-07
 4.59272e-07
 4.01837e-07
 3.54579e-07
 3.15220e-07
 2.82088e-07
 2.53931e-07
 2.29799e-07
 2.08958e-07
 1.90833e-07
 1.74973e-07
 1.61014e-07
 1.48663e-07
 1.37683e-07
 1.68002e-06
 1.30507e-06
 1.04436e-06
 8.55319e-07
 7.13695e-07
 6.04752e-07
 5.19102e-07
 4.50516e-07
 3.94726e-07
 3.48726e-07
 3.10345e-07
 2.77984e-07
 2.50444e-07
 2.26810e-07
 2.06377e-07
 1.88590e-07
 1.73010e-07
 1.59287e-07
 1.47136e-07
 1.36325e-07
 1.54605e-06
 1.21803e-06
 9.84913e-07
 8.13091e-07
 6.82719e-07
 5.81418e-07
 5.01125e-07
 4.36397e-07
 3.83451e-07
 3.39590e-07
 3.02846e-07
 2.71758e-07
 2.45223e-07
 2.22391e-07
 2.02605e-07
 1.85347e-07
 1.70202e-07
 1.56841e-07
 1.44992e-07
 1.34437e-07
 1.37263e-06
 1.10353e-06
 9.05994e-07
 7.56763e-07
 6.41330e-07
 5.50248e-07
 4.77151e-07
 4.17617e-07
 3.68503e-07
 3.27523e-07
 2.92982e-07
 2.63604e-07
 2.38413e-07
 2.16653e-07
 1.97730e-07
 1.81172e-07
 1.66604e-07
 1.53719e-07
 1.42268e-07
 1.32047e-07
 1.18308e-06
 9.74672e-07
 8.15315e-07
 6.91067e-07
 5.92534e-07
 5.13215e-07
 4.48510e-07
 3.95097e-07
 3.50533e-07
 3.12993e-07
 2.81095e-07
 2.53775e-07
 2.30208e-07
 2.09743e-07
 1.91864e-07
 1.76156e-07
 1.62286e-07
 1.49978e-07
 1.39009e-07
 1.29193e-07
 9.96331e-07
 8.43144e-07
 7.20240e-07
 6.20754e-07
 5.39470e-07
 4.72439e-07
 4.16666e-07
 3.69865e-07
 3.30277e-07
 2.96539e-07
 2.67584e-07
 2.42572e-07
 2.20835e-07
 2.01837e-07
 1.85144e-07
 1.70406e-07
 1.57332e-07
 1.45686e-07
 1.35270e-07
 1.25918e-07
 8.24894e-07
 7.17676e-07
 6.26774e-07
 5.49959e-07
 4.85009e-07
 4.29939e-07
 3.83058e-07
 3.42962e-07
 3.08498e-07
 2.78724e-07
 2.52873e-07
 2.30317e-07
 2.10542e-07
 1.93126e-07
 1.77722e-07
 1.64040e-07
 1.51840e-07
 1.40920e-07
 1.31113e-07
 1.22274e-07
 6.75155e-07
 6.03696e-07
 5.39139e-07
 4.81854e-07
 4.31504e-07
 3.87454e-07
 3.48974e-07
 3.15349e-07
 2.85918e-07
 2.60098e-07
 2.37381e-07
 2.17333e-07
 1.99581e-07
 1.83810e-07
 1.69754e-07
 1.57184e-07
 1.45908e-07
 1.35762e-07
 1.26604e-07
 1.18316e-07
 5.48835e-07
 5.03761e-07
 4.59826e-07
 4.18572e-07
 3.80685e-07
 3.46350e-07
 3.15482e-07
 2.87855e-07
 2.63182e-07
 2.41162e-07
 2.21502e-07
 2.03929e-07
 1.88196e-07
 1.74083e-07
 1.61396e-07
 1.49964e-07
 1.39640e-07
 1.30294e-07
 1.21813e-07
 1.14100e-07
 4.44739e-07
 4.18338e-07
 3.89905e-07
 3.61311e-07
 3.33669e-07
 3.07598e-07
 2.83391e-07
 2.61142e-07
 2.40827e-07
 2.22350e-07
 2.05585e-07
 1.90388e-07
 1.76616e-07
 1.64129e-07
 1.52798e-07
 1.42503e-07
 1.33136e-07
 1.24600e-07
 1.16808e-07
 1.09683e-07
 3.60227e-07
 3.46592e-07
 3.29438e-07
 3.10526e-07
 2.91054e-07
 2.71805e-07
 2.53262e-07
 2.35704e-07
 2.19271e-07
 2.04013e-07
 1.89921e-07
 1.76951e-07
 1.65040e-07
 1.54115e-07
 1.44098e-07
 1.34915e-07
 1.26491e-07
 1.18759e-07
 1.11655e-07
 1.05121e-07
