scalar
part
         1
quad4
 6.05803e-07
 5.56008e-07
 5.07409e-07
 4.61617e-07
 4.19420e-07
 3.81083e-07
 3.46560e-07
 3.15637e-07
 2.88017e-07
 2.63377e-07
 2.41395e-07
 2.21769e-07
 2.04221e-07
 1.88504e-07
 1.74398e-07
 1.61710e-07
 1.50272e-07
 1.39937e-07
 1.30576e-07
 1.22078e-07
 7.14348e-07
 6.43150e-07
 5.77091e-07
 5.17327e-07
 4.64064e-07
 4.17001e-07
 3.75603e-07
 3.39251e-07
 3.07330e-07
 2.79266e-07
 2.54544e-07
 2.32713e-07
 2.13381e-07
 1.96212e-07
 1.80917e-07
 1.67251e-07
 1.55004e-07
 1.43996e-07
 1.34072e-07
 1.25102e-07
 8.41866e-07
 7.41796e-07
 6.53473e-07
 5.76721e-07
 5.10534e-07
 4.53623e-07
 4.04687e-07
 3.62531e-07
 3.26109e-07
 2.94529e-07
 2.67039e-07
 2.43012e-07
 2.21926e-07
 2.03346e-07
 1.86908e-07
 1.72310e-07
 1.59298e-07
 1.47658e-07
 1.37210e-07
 1.27802e-07
 9.88161e-07
 8.50390e-07
 7.34685e-07
 6.38047e-07
 5.57340e-07
 4.89739e-07
 4.32854e-07
 3.84725e-07
 3.43768e-07
 3.08708e-07
 2.78522e-07
 2.52387e-07
 2.29637e-07
 2.09731e-07
 1.92231e-07
 1.76774e-07
 1.63062e-07
 1.50849e-07
 1.39929e-07
 1.30129e-07
 1.14975e-06
 9.65076e-07
 8.17368e-07
 6.98630e-07
 6.02434e-07
 5.23805e-07
 4.58946e-07
 4.04966e-07
 3.59654e-07
 3.21310e-07
 2.88618e-07
 2.60547e-07
 2.36288e-07
 2.15194e-07
 1.96749e-07
 1.80535e-07
 1.66212e-07
 1.53502e-07
 1.42175e-07
 1.32039e-07
 1.31795e-06
 1.07898e-06
 8.96478e-07
 7.54871e-07
 6.43265e-07
 5.54012e-07
 4.81671e-07
 4.22320e-07
 3.73086e-07
 3.31833e-07
 2.96951e-07
 2.67213e-07
 2.41666e-07
 2.19570e-07
 2.00335e-07
 1.83494e-07
 1.68669e-07
 1.55553e-07
 1.43896e-07
 1.33491e-07
 1.47756e-06
 1.18206e-06
 9.65476e-07
 8.02485e-07
 6.76989e-07
 5.78438e-07
 4.99708e-07
 4.35865e-07
 3.83409e-07
 3.39804e-07
 3.03178e-07
 2.72126e-07
 2.45580e-07
 2.22713e-07
 2.02878e-07
 1.85565e-07
 1.70365e-07
 1.56950e-07
 1.45052e-07
 1.34452e-07
 1.60749e-06
 1.26215e-06
 1.01714e-06
 8.37050e-07
 7.00815e-07
 5.95272e-07
 5.11852e-07
 4.44782e-07
 3.90055e-07
 3.44822e-07
 3.07009e-07
 2.75079e-07
 2.47874e-07
 2.24507e-07
 2.04290e-07
 1.86680e-07
 1.71250e-07
 1.57653e-07
 1.45612e-07
 1.34897e-07
 1.68529e-06
 1.30753e-06
 1.04499e-06
 8.54798e-07
 7.12459e-07
 6.03082e-07
 5.17178e-07
 4.48455e-07
 3.92606e-07
 3.46597e-07
 3.08239e-07
 2.75923e-07
 2.48441e-07
 2.24874e-07
 2.04511e-07
 1.86796e-07
 1.71288e-07
 1.57635e-07
 1.45553e-07
 1.34809e-07
 1.69479e-06
 1.31036e-06
 1.04490e-06
 8.53439e-07
 7.10583e-07
 6.01054e-07
 5.15172e-07
 4.46553e-07
 3.90843e-07
 3.44981e-07
 3.06768e-07
 2.74588e-07
 2.47231e-07
 2.23778e-07
 2.03516e-07
 1.85892e-07
 1.70466e-07
 1.56887e-07
 1.44870e-07
 1.34184e-07
 1.63303e-06
 1.26941e-06
 1.01635e-06
 8.32724e-07
 6.95077e-07
 5.89142e-07
 5.05823e-07
 4.39081e-07
 3.84776e-07
 3.39987e-07
 3.02609e-07
 2.71087e-07
 2.44256e-07
 2.21228e-07
 2.01315e-07
 1.83979e-07
 1.68792e-07
 1.55414e-07
 1.43567e-07
 1.33026e-07
 1.51122e-06
 1.19039e-06
 9.62463e-07
 7.94507e-07
 6.67087e-07
 5.68090e-07
 4.89629e-07
 4.26381e-07
 3.74647e-07
 3.31792e-07
 2.95891e-07
 2.65517e-07
 2.39590e-07
 2.17284e-07
 1.97952e-07
 1.81090e-07
 1.66294e-07
 1.53239e-07
 1.41663e-07
 1.31351e-07
 1.34957e-06
 1.08388e-06
 8.89189e-07
 7.42301e-07
 6.28792e-07
 5.39299e-07
 4.67519e-07
 4.09089e-07
 3.60904e-07
 3.20713e-07
 2.86848e-07
 2.58051e-07
 2.33364e-07
 2.12044e-07
 1.93506e-07
 1.77288e-07
 1.63020e-07
 1.50402e-07
 1.39190e-07
 1.29183e-07
 1.16995e-06
 9.62141e-07
 8.03734e-07
 6.80524e-07
 5.82996e-07
 5.04604e-07
 4.40733e-07
 3.88060e-07
 3.44149e-07
 3.07186e-07
 2.75797e-07
 2.48926e-07
 2.25757e-07
 2.05645e-07
 1.88081e-07
 1.72654e-07
 1.59035e-07
 1.46954e-07
 1.36190e-07
 1.26558e-07
 9.90790e-07
 8.36438e-07
 7.13149e-07
 6.13704e-07
 5.32681e-07
 4.66018e-07
 4.10654e-07
 3.64266e-07
 3.25079e-07
 2.91717e-07
 2.63113e-07
 2.38423e-07
 2.16981e-07
 1.98252e-07
 1.81805e-07
 1.67290e-07
 1.54420e-07
 1.42960e-07
 1.32713e-07
 1.23517e-07
 8.24729e-07
 7.15422e-07
 6.23316e-07
 5.45860e-07
 4.80623e-07
 4.25482e-07
 3.78662e-07
 3.38703e-07
 3.04418e-07
 2.74844e-07
 2.49200e-07
 2.26848e-07
 2.07272e-07
 1.90046e-07
 1.74821e-07
 1.61307e-07
 1.49264e-07
 1.38491e-07
 1.28819e-07
 1.20107e-07
 6.78564e-07
 6.04661e-07
 5.38478e-07
 4.80140e-07
 4.29134e-07
 3.84697e-07
 3.46012e-07
 3.12302e-07
 2.82868e-07
 2.57096e-07
 2.34460e-07
 2.14512e-07
 1.96872e-07
 1.81218e-07
 1.67279e-07
 1.54825e-07
 1.43662e-07
 1.33624e-07
 1.24571e-07
 1.16381e-07
 5.54477e-07
 5.06943e-07
 4.61228e-07
 4.18714e-07
 3.79949e-07
 3.45017e-07
 3.13754e-07
 2.85875e-07
 2.61055e-07
 2.38960e-07
 2.19275e-07
 2.01714e-07
 1.86016e-07
 1.71954e-07
 1.59329e-07
 1.47966e-07
 1.37714e-07
 1.28441e-07
 1.20034e-07
 1.12392e-07
 4.51672e-07
 4.22967e-07
 3.92769e-07
 3.62845e-07
 3.34218e-07
 3.07426e-07
 2.82699e-07
 2.60081e-07
 2.39509e-07
 2.20861e-07
 2.03986e-07
 1.88727e-07
 1.74925e-07
 1.62434e-07
 1.51117e-07
 1.40848e-07
 1.31516e-07
 1.23021e-07
 1.15274e-07
 1.08196e-07
 3.67811e-07
 3.52105e-07
 3.33292e-07
 3.13072e-07
 2.92584e-07
 2.72554e-07
 2.53419e-07
 2.35415e-07
 2.18651e-07
 2.03150e-07
 1.88883e-07
 1.75791e-07
 1.63797e-07
 1.52820e-07
 1.42775e-07
 1.33581e-07
 1.25160e-07
 1.17440e-07
 1.10356e-07
 1.03846e-07
