scalar
part
         1
quad4
 6.19978e-07
 5.68312e-07
 5.18018e-07
 4.70741e-07
 4.27269e-07
 3.87852e-07
 3.52421e-07
 3.20734e-07
 2.92473e-07
 2.67293e-07
 2.44855e-07
 2.24841e-07
 2.06963e-07
 1.90963e-07
 1.76614e-07
 1.63715e-07
 1.52094e-07
 1.41599e-07
 1.32097e-07
 1.23476e-07
 7.31357e-07
 6.57508e-07
 5.89170e-07
 5.27498e-07
 4.72659e-07
 4.24303e-07
 3.81845e-07
 3.44623e-07
 3.11984e-07
 2.83326e-07
 2.58109e-07
 2.35863e-07
 2.16180e-07
 1.98713e-07
 1.83165e-07
 1.69280e-07
 1.56844e-07
 1.45671e-07
 1.35604e-07
 1.26507e-07
 8.62164e-07
 7.58392e-07
 6.67066e-07
 5.87913e-07
 5.19819e-07
 4.61394e-07
 4.11249e-07
 3.68122e-07
 3.30915e-07
 2.98693e-07
 2.70676e-07
 2.46212e-07
 2.24760e-07
 2.05871e-07
 1.89171e-07
 1.74349e-07
 1.61143e-07
 1.49336e-07
 1.38742e-07
 1.29207e-07
 1.01208e-06
 8.69266e-07
 7.49710e-07
 6.50141e-07
 5.67196e-07
 4.97871e-07
 4.39645e-07
 3.90461e-07
 3.48664e-07
 3.12928e-07
 2.82193e-07
 2.55605e-07
 2.32479e-07
 2.12259e-07
 1.94492e-07
 1.78808e-07
 1.64902e-07
 1.52521e-07
 1.41455e-07
 1.31527e-07
 1.17728e-06
 9.86010e-07
 8.33563e-07
 7.11387e-07
 6.12662e-07
 5.32141e-07
 4.65844e-07
 4.10752e-07
 3.64567e-07
 3.25529e-07
 2.92276e-07
 2.63748e-07
 2.39110e-07
 2.17701e-07
 1.98990e-07
 1.82550e-07
 1.68034e-07
 1.55157e-07
 1.43684e-07
 1.33422e-07
 1.34847e-06
 1.10135e-06
 9.13345e-07
 7.67916e-07
 6.53590e-07
 5.62351e-07
 4.88528e-07
 4.28047e-07
 3.77935e-07
 3.35988e-07
 3.00550e-07
 2.70359e-07
 2.44440e-07
 2.22033e-07
 2.02537e-07
 1.85475e-07
 1.70460e-07
 1.57181e-07
 1.45382e-07
 1.34853e-07
 1.50951e-06
 1.20478e-06
 9.82278e-07
 8.15322e-07
 6.87073e-07
 5.86547e-07
 5.06360e-07
 4.41415e-07
 3.88108e-07
 3.43832e-07
 3.06669e-07
 2.75182e-07
 2.48277e-07
 2.25110e-07
 2.05024e-07
 1.87497e-07
 1.72114e-07
 1.58541e-07
 1.46506e-07
 1.35786e-07
 1.63836e-06
 1.28375e-06
 1.03298e-06
 8.49123e-07
 7.10300e-07
 6.02913e-07
 5.18137e-07
 4.50041e-07
 3.94522e-07
 3.48663e-07
 3.10347e-07
 2.78009e-07
 2.50467e-07
 2.26818e-07
 2.06362e-07
 1.88550e-07
 1.72946e-07
 1.59198e-07
 1.47026e-07
 1.36196e-07
 1.71212e-06
 1.32644e-06
 1.05900e-06
 8.65586e-07
 7.21022e-07
 6.10045e-07
 5.22953e-07
 4.53325e-07
 3.96770e-07
 3.50199e-07
 3.11387e-07
 2.78698e-07
 2.50907e-07
 2.27079e-07
 2.06496e-07
 1.88592e-07
 1.72921e-07
 1.59127e-07
 1.46921e-07
 1.36068e-07
 1.71532e-06
 1.32544e-06
 1.05645e-06
 8.62572e-07
 7.17993e-07
 6.07188e-07
 5.20336e-07
 4.50962e-07
 3.94651e-07
 3.48305e-07
 3.09695e-07
 2.77185e-07
 2.49552e-07
 2.25863e-07
 2.05401e-07
 1.87605e-07
 1.72029e-07
 1.58318e-07
 1.46186e-07
 1.35399e-07
 1.64663e-06
 1.28030e-06
 1.02521e-06
 8.40059e-07
 7.01233e-07
 5.94377e-07
 5.10323e-07
 4.42989e-07
 3.88198e-07
 3.43009e-07
 3.05295e-07
 2.73490e-07
 2.46419e-07
 2.23184e-07
 2.03092e-07
 1.85600e-07
 1.70278e-07
 1.56779e-07
 1.44827e-07
 1.34192e-07
 1.51902e-06
 1.19757e-06
 9.68855e-07
 8.00134e-07
 6.72029e-07
 5.72436e-07
 4.93464e-07
 4.29781e-07
 3.77676e-07
 3.34503e-07
 2.98329e-07
 2.67719e-07
 2.41588e-07
 2.19103e-07
 1.99616e-07
 1.82616e-07
 1.67698e-07
 1.54536e-07
 1.42864e-07
 1.32465e-07
 1.35355e-06
 1.08831e-06
 8.93605e-07
 7.46486e-07
 6.32664e-07
 5.42837e-07
 4.70736e-07
 4.12007e-07
 3.63553e-07
 3.23121e-07
 2.89040e-07
 2.60053e-07
 2.35196e-07
 2.13725e-07
 1.95053e-07
 1.78716e-07
 1.64341e-07
 1.51627e-07
 1.40329e-07
 1.30244e-07
 1.17200e-06
 9.64881e-07
 8.06768e-07
 6.83610e-07
 5.86001e-07
 5.07459e-07
 4.43406e-07
 3.90543e-07
 3.46447e-07
 3.09308e-07
 2.77755e-07
 2.50734e-07
 2.27427e-07
 2.07190e-07
 1.89513e-07
 1.73984e-07
 1.60272e-07
 1.48107e-07
 1.37265e-07
 1.27564e-07
 9.92163e-07
 8.38309e-07
 7.15328e-07
 6.16027e-07
 5.35034e-07
 4.68326e-07
 4.12874e-07
 3.66375e-07
 3.27065e-07
 2.93580e-07
 2.64854e-07
 2.40049e-07
 2.18497e-07
 1.99667e-07
 1.83125e-07
 1.68523e-07
 1.55574e-07
 1.44040e-07
 1.33726e-07
 1.24468e-07
 8.26061e-07
 7.16943e-07
 6.25024e-07
 5.47693e-07
 4.82513e-07
 4.27376e-07
 3.80519e-07
 3.40499e-07
 3.06137e-07
 2.76478e-07
 2.50746e-07
 2.28307e-07
 2.08645e-07
 1.91338e-07
 1.76035e-07
 1.62448e-07
 1.50337e-07
 1.39501e-07
 1.29770e-07
 1.21004e-07
 6.80061e-07
 6.06093e-07
 5.39953e-07
 4.81676e-07
 4.30711e-07
 3.86286e-07
 3.47588e-07
 3.13845e-07
 2.84363e-07
 2.58533e-07
 2.35834e-07
 2.15820e-07
 1.98114e-07
 1.82395e-07
 1.68393e-07
 1.55879e-07
 1.44659e-07
 1.34567e-07
 1.25462e-07
 1.17225e-07
 5.56136e-07
 5.08380e-07
 4.62596e-07
 4.20073e-07
 3.81317e-07
 3.46388e-07
 3.15116e-07
 2.87217e-07
 2.62365e-07
 2.40230e-07
 2.20500e-07
 2.02889e-07
 1.87140e-07
 1.73027e-07
 1.60351e-07
 1.48938e-07
 1.38638e-07
 1.29319e-07
 1.20868e-07
 1.13185e-07
 4.53416e-07
 4.24419e-07
 3.94081e-07
 3.64096e-07
 3.35444e-07
 3.08639e-07
 2.83899e-07
 2.61264e-07
 2.40669e-07
 2.21992e-07
 2.05083e-07
 1.89786e-07
 1.75945e-07
 1.63413e-07
 1.52054e-07
 1.41744e-07
 1.32372e-07
 1.23838e-07
 1.16053e-07
 1.08939e-07
 3.69560e-07
 3.53549e-07
 3.34561e-07
 3.14247e-07
 2.93709e-07
 2.73651e-07
 2.54495e-07
 2.36473e-07
 2.19688e-07
 2.04164e-07
 1.89870e-07
 1.76749e-07
 1.64724e-07
 1.53714e-07
 1.43635e-07
 1.34407e-07
 1.25953e-07
 1.18200e-07
 1.11083e-07
 1.04543e-07
