scalar
part
         1
quad4
 3.85896e-07
 3.67460e-07
 3.46371e-07
 3.24267e-07
 3.02218e-07
 2.80894e-07
 2.60679e-07
 2.41773e-07
 2.24249e-07
 2.08104e-07
 1.93289e-07
 1.79728e-07
 1.67331e-07
 1.56004e-07
 1.45655e-07
 1.36195e-07
 1.27541e-07
 1.19617e-07
 1.12351e-07
 1.05680e-07
 4.71355e-07
 4.39356e-07
 4.06506e-07
 3.74446e-07
 3.44093e-07
 3.15896e-07
 2.90018e-07
 2.66450e-07
 2.45087e-07
 2.25776e-07
 2.08341e-07
 1.92605e-07
 1.78397e-07
 1.65555e-07
 1.53934e-07
 1.43401e-07
 1.33838e-07
 1.25140e-07
 1.17214e-07
 1.09978e-07
 5.75635e-07
 5.24198e-07
 4.75454e-07
 4.30571e-07
 3.89936e-07
 3.53512e-07
 3.21044e-07
 2.92184e-07
 2.66554e-07
 2.43787e-07
 2.23539e-07
 2.05500e-07
 1.89397e-07
 1.74988e-07
 1.62063e-07
 1.50441e-07
 1.39962e-07
 1.30490e-07
 1.21908e-07
 1.14112e-07
 7.00891e-07
 6.22491e-07
 5.52946e-07
 4.92054e-07
 4.39076e-07
 3.93092e-07
 3.53175e-07
 3.18472e-07
 2.88226e-07
 2.61784e-07
 2.38590e-07
 2.18173e-07
 2.00135e-07
 1.84141e-07
 1.69910e-07
 1.57204e-07
 1.45822e-07
 1.35592e-07
 1.26369e-07
 1.18031e-07
 8.47684e-07
 7.33400e-07
 6.37704e-07
 5.57591e-07
 4.90340e-07
 4.33641e-07
 3.85593e-07
 3.44652e-07
 3.09571e-07
 2.79343e-07
 2.53155e-07
 2.30349e-07
 2.10389e-07
 1.92836e-07
 1.77330e-07
 1.63574e-07
 1.51321e-07
 1.40364e-07
 1.30532e-07
 1.21678e-07
 1.01359e-06
 8.54027e-07
 7.27087e-07
 6.24990e-07
 5.41985e-07
 4.73802e-07
 4.17248e-07
 3.69915e-07
 3.29962e-07
 2.95976e-07
 2.66854e-07
 2.41732e-07
 2.19925e-07
 2.00886e-07
 1.84174e-07
 1.69430e-07
 1.56362e-07
 1.44729e-07
 1.34331e-07
 1.25001e-07
 1.19168e-06
 9.78771e-07
 8.16852e-07
 6.91116e-07
 5.91710e-07
 5.11884e-07
 4.46894e-07
 3.93333e-07
 3.48707e-07
 3.11159e-07
 2.79286e-07
 2.52013e-07
 2.28504e-07
 2.08104e-07
 1.90293e-07
 1.74654e-07
 1.60851e-07
 1.48609e-07
 1.37704e-07
 1.27948e-07
 1.36941e-06
 1.09908e-06
 9.01188e-07
 7.51996e-07
 6.36772e-07
 5.45968e-07
 4.73166e-07
 4.13924e-07
 3.65086e-07
 3.24361e-07
 2.90054e-07
 2.60890e-07
 2.35894e-07
 2.14310e-07
 1.95546e-07
 1.79135e-07
 1.64698e-07
 1.51934e-07
 1.40593e-07
 1.30473e-07
 1.52877e-06
 1.20392e-06
 9.73175e-07
 8.03178e-07
 6.74235e-07
 5.74072e-07
 4.94701e-07
 4.30730e-07
 3.78414e-07
 3.35083e-07
 2.98789e-07
 2.68087e-07
 2.41884e-07
 2.19342e-07
 1.99810e-07
 1.82774e-07
 1.67827e-07
 1.54640e-07
 1.42949e-07
 1.32534e-07
 1.64848e-06
 1.28130e-06
 1.02574e-06
 8.40325e-07
 7.01344e-07
 5.94392e-07
 5.10282e-07
 4.42912e-07
 3.88101e-07
 3.42900e-07
 3.05180e-07
 2.73373e-07
 2.46301e-07
 2.23068e-07
 2.02980e-07
 1.85491e-07
 1.70173e-07
 1.56678e-07
 1.44730e-07
 1.34099e-07
 1.70871e-06
 1.32081e-06
 1.05305e-06
 8.59979e-07
 7.15958e-07
 6.05553e-07
 5.18997e-07
 4.49847e-07
 3.93710e-07
 3.47500e-07
 3.09000e-07
 2.76579e-07
 2.49019e-07
 2.25392e-07
 2.04981e-07
 1.87228e-07
 1.71689e-07
 1.58011e-07
 1.45906e-07
 1.35143e-07
 1.69802e-06
 1.31669e-06
 1.05194e-06
 8.60305e-07
 7.16951e-07
 6.06832e-07
 5.20366e-07
 4.51207e-07
 3.95009e-07
 3.48717e-07
 3.10126e-07
 2.77615e-07
 2.49967e-07
 2.26258e-07
 2.05773e-07
 1.87952e-07
 1.72351e-07
 1.58616e-07
 1.46462e-07
 1.35653e-07
 1.61881e-06
 1.26998e-06
 1.02292e-06
 8.41539e-07
 7.04438e-07
 5.98284e-07
 5.14412e-07
 4.46997e-07
 3.91998e-07
 3.46545e-07
 3.08552e-07
 2.76471e-07
 2.49138e-07
 2.25661e-07
 2.05348e-07
 1.87656e-07
 1.72152e-07
 1.58490e-07
 1.46391e-07
 1.35624e-07
 1.48688e-06
 1.18836e-06
 9.70024e-07
 8.05955e-07
 6.79759e-07
 5.80729e-07
 5.01656e-07
 4.37557e-07
 3.84902e-07
 3.41138e-07
 3.04383e-07
 2.73224e-07
 2.46586e-07
 2.23639e-07
 2.03735e-07
 1.86361e-07
 1.71108e-07
 1.57645e-07
 1.45703e-07
 1.35064e-07
 1.32478e-06
 1.08357e-06
 8.99744e-07
 7.57324e-07
 6.45203e-07
 5.55607e-07
 4.83031e-07
 4.23509e-07
 3.74146e-07
 3.32792e-07
 2.97830e-07
 2.68024e-07
 2.42420e-07
 2.20274e-07
 2.00995e-07
 1.84115e-07
 1.69254e-07
 1.56106e-07
 1.44420e-07
 1.33988e-07
 1.15395e-06
 9.67907e-07
 8.19352e-07
 7.00092e-07
 6.03573e-07
 5.24740e-07
 4.59749e-07
 4.05679e-07
 3.60304e-07
 3.21914e-07
 2.89185e-07
 2.61085e-07
 2.36801e-07
 2.15684e-07
 1.97219e-07
 1.80986e-07
 1.66645e-07
 1.53918e-07
 1.42575e-07
 1.32424e-07
 9.89972e-07
 8.51572e-07
 7.35462e-07
 6.38581e-07
 5.57735e-07
 4.90060e-07
 4.33139e-07
 3.84996e-07
 3.44036e-07
 3.08978e-07
 2.78797e-07
 2.52667e-07
 2.29921e-07
 2.10018e-07
 1.92519e-07
 1.77062e-07
 1.63349e-07
 1.51133e-07
 1.40210e-07
 1.30406e-07
 8.41709e-07
 7.41556e-07
 6.53185e-07
 5.76424e-07
 5.10259e-07
 4.53388e-07
 4.04502e-07
 3.62398e-07
 3.26026e-07
 2.94492e-07
 2.67043e-07
 2.43052e-07
 2.21996e-07
 2.03441e-07
 1.87024e-07
 1.72443e-07
 1.59444e-07
 1.47815e-07
 1.37376e-07
 1.27974e-07
 7.12696e-07
 6.41769e-07
 5.75914e-07
 5.16320e-07
 4.63207e-07
 4.16279e-07
 3.75001e-07
 3.38758e-07
 3.06932e-07
 2.78951e-07
 2.54301e-07
 2.32532e-07
 2.13253e-07
 1.96129e-07
 1.80873e-07
 1.67240e-07
 1.55019e-07
 1.44034e-07
 1.34129e-07
 1.25174e-07
 6.03088e-07
 5.53766e-07
 5.05530e-07
 4.60030e-07
 4.18076e-07
 3.79944e-07
 3.45598e-07
 3.14828e-07
 2.87340e-07
 2.62814e-07
 2.40931e-07
 2.21388e-07
 2.03913e-07
 1.88258e-07
 1.74205e-07
 1.61563e-07
 1.50164e-07
 1.39862e-07
 1.30530e-07
 1.22056e-07
