scalar
part
         1
quad4
 4.12994e-07
 3.89442e-07
 3.63959e-07
 3.38167e-07
 3.13077e-07
 2.89272e-07
 2.67052e-07
 2.46533e-07
 2.27718e-07
 2.10543e-07
 1.94908e-07
 1.80694e-07
 1.67780e-07
 1.56045e-07
 1.45373e-07
 1.35661e-07
 1.26809e-07
 1.18732e-07
 1.11349e-07
 1.04590e-07
 4.99878e-07
 4.61700e-07
 4.23739e-07
 3.87542e-07
 3.53891e-07
 3.23091e-07
 2.95174e-07
 2.70015e-07
 2.47415e-07
 2.27144e-07
 2.08968e-07
 1.92660e-07
 1.78013e-07
 1.64836e-07
 1.52961e-07
 1.42237e-07
 1.32535e-07
 1.23736e-07
 1.15740e-07
 1.08458e-07
 6.04956e-07
 5.46136e-07
 4.91558e-07
 4.42155e-07
 3.98062e-07
 3.59012e-07
 3.24563e-07
 2.94212e-07
 2.67465e-07
 2.43864e-07
 2.22997e-07
 2.04501e-07
 1.88065e-07
 1.73417e-07
 1.60324e-07
 1.48589e-07
 1.38038e-07
 1.28527e-07
 1.19929e-07
 1.12135e-07
 7.29791e-07
 6.42773e-07
 5.66793e-07
 5.01173e-07
 4.44754e-07
 3.96280e-07
 3.54571e-07
 3.18584e-07
 2.87424e-07
 2.60338e-07
 2.36697e-07
 2.15977e-07
 1.97742e-07
 1.81629e-07
 1.67335e-07
 1.54607e-07
 1.43232e-07
 1.33032e-07
 1.23855e-07
 1.15571e-07
 8.73994e-07
 7.50102e-07
 6.47724e-07
 5.63018e-07
 4.92631e-07
 4.33807e-07
 3.84331e-07
 3.42444e-07
 3.06750e-07
 2.76142e-07
 2.49734e-07
 2.26821e-07
 2.06830e-07
 1.89301e-07
 1.73854e-07
 1.60181e-07
 1.48026e-07
 1.37177e-07
 1.27457e-07
 1.18717e-07
 1.03374e-06
 8.64373e-07
 7.31226e-07
 6.25238e-07
 5.39822e-07
 4.70177e-07
 4.12774e-07
 3.64983e-07
 3.24828e-07
 2.90802e-07
 2.61743e-07
 2.36749e-07
 2.15109e-07
 1.96258e-07
 1.79743e-07
 1.65200e-07
 1.52330e-07
 1.40889e-07
 1.30676e-07
 1.21523e-07
 1.20028e-06
 9.79087e-07
 8.12643e-07
 6.84527e-07
 5.83973e-07
 5.03706e-07
 4.38679e-07
 3.85309e-07
 3.40998e-07
 3.03825e-07
 2.72351e-07
 2.45478e-07
 2.22358e-07
 2.02329e-07
 1.84868e-07
 1.69557e-07
 1.56059e-07
 1.44100e-07
 1.33457e-07
 1.23944e-07
 1.35936e-06
 1.08508e-06
 8.86015e-07
 7.36944e-07
 6.22428e-07
 5.32567e-07
 4.60771e-07
 4.02515e-07
 3.54603e-07
 3.14731e-07
 2.81200e-07
 2.52737e-07
 2.28372e-07
 2.07357e-07
 1.89106e-07
 1.73156e-07
 1.59136e-07
 1.46749e-07
 1.35750e-07
 1.25940e-07
 1.49246e-06
 1.17153e-06
 9.44774e-07
 7.78364e-07
 6.52517e-07
 5.54985e-07
 4.77841e-07
 4.15757e-07
 3.65047e-07
 3.23088e-07
 2.87973e-07
 2.58290e-07
 2.32972e-07
 2.11204e-07
 1.92350e-07
 1.75913e-07
 1.61497e-07
 1.48783e-07
 1.37513e-07
 1.27477e-07
 1.58039e-06
 1.22795e-06
 9.82861e-07
 8.05122e-07
 6.71936e-07
 5.69465e-07
 4.88887e-07
 4.24351e-07
 3.71848e-07
 3.28551e-07
 2.92420e-07
 2.61952e-07
 2.36020e-07
 2.13764e-07
 1.94520e-07
 1.77766e-07
 1.63090e-07
 1.50162e-07
 1.38714e-07
 1.28529e-07
 1.60851e-06
 1.24671e-06
 9.96006e-07
 8.14698e-07
 6.79131e-07
 5.75010e-07
 4.93251e-07
 4.27848e-07
 3.74693e-07
 3.30897e-07
 2.94377e-07
 2.63602e-07
 2.37424e-07
 2.14969e-07
 1.95561e-07
 1.78672e-07
 1.63884e-07
 1.50861e-07
 1.39333e-07
 1.29079e-07
 1.57183e-06
 1.22524e-06
 9.82795e-07
 8.06257e-07
 6.73582e-07
 5.71281e-07
 4.90705e-07
 4.26090e-07
 3.73471e-07
 3.30046e-07
 2.93786e-07
 2.63196e-07
 2.37151e-07
 2.14792e-07
 1.95454e-07
 1.78616e-07
 1.63865e-07
 1.50869e-07
 1.39360e-07
 1.29121e-07
 1.47732e-06
 1.16701e-06
 9.45073e-07
 7.80841e-07
 6.55905e-07
 5.58658e-07
 4.81489e-07
 4.19233e-07
 3.68284e-07
 3.26066e-07
 2.90694e-07
 2.60767e-07
 2.35224e-07
 2.13250e-07
 1.94210e-07
 1.77606e-07
 1.63039e-07
 1.50190e-07
 1.38800e-07
 1.28656e-07
 1.34156e-06
 1.08049e-06
 8.87487e-07
 7.41145e-07
 6.27732e-07
 5.38168e-07
 4.66269e-07
 4.07720e-07
 3.59437e-07
 3.19170e-07
 2.85252e-07
 2.56424e-07
 2.31723e-07
 2.10402e-07
 1.91874e-07
 1.75676e-07
 1.61433e-07
 1.48846e-07
 1.37668e-07
 1.27697e-07
 1.18474e-06
 9.76636e-07
 8.16318e-07
 6.90930e-07
 5.91406e-07
 5.11315e-07
 4.46042e-07
 3.92229e-07
 3.47396e-07
 3.09689e-07
 2.77698e-07
 2.50341e-07
 2.26777e-07
 2.06345e-07
 1.88520e-07
 1.72882e-07
 1.59091e-07
 1.46869e-07
 1.35991e-07
 1.26266e-07
 1.02478e-06
 8.66137e-07
 7.38094e-07
 6.34303e-07
 5.49580e-07
 4.79859e-07
 4.21999e-07
 3.73583e-07
 3.32745e-07
 2.98039e-07
 2.68335e-07
 2.42741e-07
 2.20553e-07
 2.01206e-07
 1.84245e-07
 1.69300e-07
 1.56071e-07
 1.44308e-07
 1.33805e-07
 1.24393e-07
 8.74148e-07
 7.57459e-07
 6.58480e-07
 5.75066e-07
 5.04835e-07
 4.45577e-07
 3.95384e-07
 3.52666e-07
 3.16120e-07
 2.84687e-07
 2.57508e-07
 2.33885e-07
 2.13249e-07
 1.95136e-07
 1.79165e-07
 1.65021e-07
 1.52444e-07
 1.41217e-07
 1.31158e-07
 1.22113e-07
 7.39586e-07
 6.56183e-07
 5.81698e-07
 5.16306e-07
 4.59406e-07
 4.10088e-07
 3.67374e-07
 3.30341e-07
 2.98159e-07
 2.70109e-07
 2.45578e-07
 2.24044e-07
 2.05073e-07
 1.88297e-07
 1.73408e-07
 1.60146e-07
 1.48292e-07
 1.37662e-07
 1.28099e-07
 1.19470e-07
 6.23447e-07
 5.65254e-07
 5.10441e-07
 4.60241e-07
 4.15035e-07
 3.74730e-07
 3.38992e-07
 3.07387e-07
 2.79458e-07
 2.54762e-07
 2.32895e-07
 2.13494e-07
 1.96241e-07
 1.80859e-07
 1.67107e-07
 1.54780e-07
 1.43699e-07
 1.33712e-07
 1.24686e-07
 1.16508e-07
 5.25363e-07
 4.85657e-07
 4.46105e-07
 4.08256e-07
 3.72942e-07
 3.40521e-07
 3.11060e-07
 2.84461e-07
 2.60536e-07
 2.39057e-07
 2.19787e-07
 2.02493e-07
 1.86958e-07
 1.72984e-07
 1.60395e-07
 1.49031e-07
 1.38752e-07
 1.29437e-07
 1.20976e-07
 1.13275e-07
