scalar
part
         1
quad4
 5.99354e-07
 5.50487e-07
 5.02704e-07
 4.57615e-07
 4.16014e-07
 3.78179e-07
 3.44078e-07
 3.13509e-07
 2.86185e-07
 2.61794e-07
 2.40021e-07
 2.20571e-07
 2.03172e-07
 1.87582e-07
 1.73585e-07
 1.60990e-07
 1.49632e-07
 1.39366e-07
 1.30065e-07
 1.21619e-07
 7.07198e-07
 6.37169e-07
 5.72100e-07
 5.13161e-07
 4.60578e-07
 4.14074e-07
 3.73134e-07
 3.37158e-07
 3.05546e-07
 2.77738e-07
 2.53228e-07
 2.31574e-07
 2.12390e-07
 1.95346e-07
 1.80157e-07
 1.66582e-07
 1.54411e-07
 1.43469e-07
 1.33602e-07
 1.24681e-07
 8.34008e-07
 7.35398e-07
 6.48262e-07
 5.72462e-07
 5.07035e-07
 4.50731e-07
 4.02281e-07
 3.60515e-07
 3.24409e-07
 2.93085e-07
 2.65806e-07
 2.41953e-07
 2.21010e-07
 2.02550e-07
 1.86213e-07
 1.71700e-07
 1.58759e-07
 1.47181e-07
 1.36786e-07
 1.27424e-07
 9.79664e-07
 8.43687e-07
 7.29371e-07
 6.33802e-07
 5.53920e-07
 4.86959e-07
 4.30573e-07
 3.82837e-07
 3.42192e-07
 3.07382e-07
 2.77398e-07
 2.51427e-07
 2.28812e-07
 2.09019e-07
 1.91611e-07
 1.76232e-07
 1.62587e-07
 1.50430e-07
 1.39557e-07
 1.29799e-07
 1.14081e-06
 9.58277e-07
 8.12135e-07
 6.94551e-07
 5.99213e-07
 5.21230e-07
 4.56863e-07
 4.03262e-07
 3.58246e-07
 3.20136e-07
 2.87630e-07
 2.59710e-07
 2.35573e-07
 2.14579e-07
 1.96217e-07
 1.80072e-07
 1.65807e-07
 1.53145e-07
 1.41860e-07
 1.31760e-07
 1.30899e-06
 1.07242e-06
 8.91587e-07
 7.51152e-07
 6.40388e-07
 5.51750e-07
 4.79866e-07
 4.20861e-07
 3.71892e-07
 3.30845e-07
 2.96126e-07
 2.66518e-07
 2.41076e-07
 2.19065e-07
 1.99900e-07
 1.83117e-07
 1.68340e-07
 1.55265e-07
 1.43643e-07
 1.33267e-07
 1.46925e-06
 1.17623e-06
 9.61261e-07
 7.99358e-07
 6.74617e-07
 5.76602e-07
 4.98262e-07
 4.34709e-07
 3.82472e-07
 3.39035e-07
 3.02541e-07
 2.71594e-07
 2.45130e-07
 2.22330e-07
 2.02550e-07
 1.85282e-07
 1.70120e-07
 1.56736e-07
 1.44865e-07
 1.34287e-07
 1.60080e-06
 1.25764e-06
 1.01398e-06
 8.34758e-07
 6.99108e-07
 5.93972e-07
 5.10842e-07
 4.43984e-07
 3.89415e-07
 3.44302e-07
 3.06581e-07
 2.74724e-07
 2.47577e-07
 2.24256e-07
 2.04076e-07
 1.86497e-07
 1.71092e-07
 1.57517e-07
 1.45493e-07
 1.34793e-07
 1.68129e-06
 1.30494e-06
 1.04322e-06
 8.53556e-07
 7.11556e-07
 6.02408e-07
 5.16664e-07
 4.48057e-07
 3.92293e-07
 3.46347e-07
 3.08038e-07
 2.75759e-07
 2.48306e-07
 2.24762e-07
 2.04418e-07
 1.86717e-07
 1.71222e-07
 1.57579e-07
 1.45506e-07
 1.34769e-07
 1.69435e-06
 1.31014e-06
 1.04480e-06
 8.53394e-07
 7.10574e-07
 6.01064e-07
 5.15194e-07
 4.46582e-07
 3.90875e-07
 3.45014e-07
 3.06802e-07
 2.74622e-07
 2.47264e-07
 2.23809e-07
 2.03547e-07
 1.85921e-07
 1.70494e-07
 1.56913e-07
 1.44895e-07
 1.34208e-07
 1.63641e-06
 1.27169e-06
 1.01796e-06
 8.33916e-07
 6.95985e-07
 5.89853e-07
 5.06391e-07
 4.39543e-07
 3.85158e-07
 3.40308e-07
 3.02880e-07
 2.71320e-07
 2.44458e-07
 2.21404e-07
 2.01469e-07
 1.84115e-07
 1.68914e-07
 1.55522e-07
 1.43665e-07
 1.33115e-07
 1.51797e-06
 1.19494e-06
 9.65674e-07
 7.96860e-07
 6.68866e-07
 5.69470e-07
 4.90721e-07
 4.27262e-07
 3.75369e-07
 3.32391e-07
 2.96395e-07
 2.65945e-07
 2.39957e-07
 2.17601e-07
 1.98229e-07
 1.81333e-07
 1.66508e-07
 1.53430e-07
 1.41833e-07
 1.31503e-07
 1.35868e-06
 1.09017e-06
 8.93697e-07
 7.45639e-07
 6.31332e-07
 5.41275e-07
 4.69088e-07
 4.10355e-07
 3.61942e-07
 3.21575e-07
 2.87571e-07
 2.58665e-07
 2.33890e-07
 2.12497e-07
 1.93900e-07
 1.77633e-07
 1.63324e-07
 1.50671e-07
 1.39430e-07
 1.29398e-07
 1.18031e-06
 9.69529e-07
 8.09158e-07
 6.84609e-07
 5.86143e-07
 5.07077e-07
 4.42709e-07
 3.89663e-07
 3.45468e-07
 3.08284e-07
 2.76720e-07
 2.49711e-07
 2.26429e-07
 2.06226e-07
 1.88586e-07
 1.73096e-07
 1.59425e-07
 1.47299e-07
 1.36497e-07
 1.26833e-07
 1.00144e-06
 8.44324e-07
 7.19103e-07
 6.18283e-07
 5.36266e-07
 4.68869e-07
 4.12955e-07
 3.66148e-07
 3.26636e-07
 2.93020e-07
 2.64213e-07
 2.39361e-07
 2.17787e-07
 1.98949e-07
 1.82412e-07
 1.67822e-07
 1.54889e-07
 1.43376e-07
 1.33084e-07
 1.23848e-07
 8.35036e-07
 7.23339e-07
 6.29467e-07
 5.50700e-07
 4.84480e-07
 4.28594e-07
 3.81203e-07
 3.40801e-07
 3.06168e-07
 2.76317e-07
 2.50450e-07
 2.27918e-07
 2.08195e-07
 1.90847e-07
 1.75520e-07
 1.61921e-07
 1.49806e-07
 1.38972e-07
 1.29248e-07
 1.20491e-07
 6.88169e-07
 6.12295e-07
 5.44576e-07
 4.85049e-07
 4.33120e-07
 3.87962e-07
 3.48711e-07
 3.14554e-07
 2.84762e-07
 2.58702e-07
 2.35832e-07
 2.15692e-07
 1.97894e-07
 1.82108e-07
 1.68059e-07
 1.55513e-07
 1.44271e-07
 1.34165e-07
 1.25054e-07
 1.16814e-07
 5.63228e-07
 5.14111e-07
 4.67105e-07
 4.23548e-07
 3.83947e-07
 3.48344e-07
 3.16540e-07
 2.88225e-07
 2.63049e-07
 2.40664e-07
 2.20741e-07
 2.02982e-07
 1.87120e-07
 1.72920e-07
 1.60178e-07
 1.48717e-07
 1.38380e-07
 1.29035e-07
 1.20565e-07
 1.12870e-07
 4.59544e-07
 4.29587e-07
 3.98324e-07
 3.67508e-07
 3.38142e-07
 3.10740e-07
 2.85510e-07
 2.62478e-07
 2.41564e-07
 2.22631e-07
 2.05520e-07
 1.90062e-07
 1.76093e-07
 1.63461e-07
 1.52023e-07
 1.41652e-07
 1.32232e-07
 1.23661e-07
 1.15848e-07
 1.08713e-07
 3.74848e-07
 3.58157e-07
 3.38474e-07
 3.17502e-07
 2.96373e-07
 2.75800e-07
 2.56207e-07
 2.37819e-07
 2.20731e-07
 2.04957e-07
 1.90460e-07
 1.77172e-07
 1.65013e-07
 1.53894e-07
 1.43727e-07
 1.34429e-07
 1.25917e-07
 1.18119e-07
 1.10967e-07
 1.04398e-07
