scalar
part
         1
quad4
 3.59171e-07
 3.44756e-07
 3.27142e-07
 3.07991e-07
 2.88430e-07
 2.69186e-07
 2.50707e-07
 2.33248e-07
 2.16933e-07
 2.01799e-07
 1.87833e-07
 1.74986e-07
 1.63193e-07
 1.52379e-07
 1.42467e-07
 1.33381e-07
 1.25048e-07
 1.17400e-07
 1.10374e-07
 1.03912e-07
 4.42084e-07
 4.15048e-07
 3.86339e-07
 3.57692e-07
 3.30132e-07
 3.04214e-07
 2.80196e-07
 2.58150e-07
 2.38036e-07
 2.19754e-07
 2.03172e-07
 1.88146e-07
 1.74531e-07
 1.62188e-07
 1.50989e-07
 1.40814e-07
 1.31557e-07
 1.23121e-07
 1.15420e-07
 1.08379e-07
 5.43921e-07
 4.98549e-07
 4.54667e-07
 4.13653e-07
 3.76089e-07
 3.42104e-07
 3.11583e-07
 2.84283e-07
 2.59913e-07
 2.38168e-07
 2.18755e-07
 2.01404e-07
 1.85870e-07
 1.71935e-07
 1.59408e-07
 1.48120e-07
 1.37925e-07
 1.28695e-07
 1.20320e-07
 1.12703e-07
 6.67155e-07
 5.96026e-07
 5.32052e-07
 4.75425e-07
 4.25723e-07
 3.82270e-07
 3.44326e-07
 3.11173e-07
 2.82156e-07
 2.56697e-07
 2.34296e-07
 2.14524e-07
 1.97014e-07
 1.81457e-07
 1.67589e-07
 1.55187e-07
 1.44060e-07
 1.34047e-07
 1.25009e-07
 1.16828e-07
 8.12863e-07
 7.07011e-07
 6.17460e-07
 5.41860e-07
 4.77958e-07
 4.23776e-07
 3.77643e-07
 3.38177e-07
 3.04245e-07
 2.74923e-07
 2.49457e-07
 2.27232e-07
 2.07743e-07
 1.90575e-07
 1.75388e-07
 1.61896e-07
 1.49864e-07
 1.39094e-07
 1.29419e-07
 1.20699e-07
 9.79372e-07
 8.29063e-07
 7.08516e-07
 6.10917e-07
 5.31136e-07
 4.65308e-07
 4.10505e-07
 3.64494e-07
 3.25556e-07
 2.92358e-07
 2.63856e-07
 2.39227e-07
 2.17817e-07
 1.99099e-07
 1.82650e-07
 1.68124e-07
 1.55237e-07
 1.43755e-07
 1.33483e-07
 1.24261e-07
 1.16067e-06
 9.57053e-07
 8.01208e-07
 6.79566e-07
 5.82999e-07
 5.05190e-07
 4.41666e-07
 3.89192e-07
 3.45386e-07
 3.08467e-07
 2.77082e-07
 2.50193e-07
 2.26990e-07
 2.06836e-07
 1.89224e-07
 1.73748e-07
 1.60079e-07
 1.47949e-07
 1.37137e-07
 1.27460e-07
 1.34507e-06
 1.08275e-06
 8.89832e-07
 7.43853e-07
 6.30786e-07
 5.41474e-07
 4.69733e-07
 4.11261e-07
 3.62995e-07
 3.22701e-07
 2.88724e-07
 2.59816e-07
 2.35020e-07
 2.13596e-07
 1.94960e-07
 1.78652e-07
 1.64299e-07
 1.51603e-07
 1.40319e-07
 1.30246e-07
 1.51485e-06
 1.19509e-06
 9.67347e-07
 7.99206e-07
 6.71461e-07
 5.72100e-07
 4.93280e-07
 4.29698e-07
 3.77661e-07
 3.34534e-07
 2.98391e-07
 2.67803e-07
 2.41685e-07
 2.19209e-07
 1.99727e-07
 1.82730e-07
 1.67812e-07
 1.54649e-07
 1.42976e-07
 1.32575e-07
 1.64785e-06
 1.28147e-06
 1.02627e-06
 8.41014e-07
 7.02086e-07
 5.95137e-07
 5.11003e-07
 4.43599e-07
 3.88748e-07
 3.43506e-07
 3.05746e-07
 2.73901e-07
 2.46795e-07
 2.23529e-07
 2.03410e-07
 1.85894e-07
 1.70549e-07
 1.57032e-07
 1.45062e-07
 1.34411e-07
 1.72215e-06
 1.33034e-06
 1.06013e-06
 8.65433e-07
 7.20275e-07
 6.09049e-07
 5.21882e-07
 4.52266e-07
 3.95765e-07
 3.49266e-07
 3.10533e-07
 2.77923e-07
 2.50205e-07
 2.26447e-07
 2.05925e-07
 1.88077e-07
 1.72457e-07
 1.58709e-07
 1.46543e-07
 1.35727e-07
 1.72380e-06
 1.33467e-06
 1.06506e-06
 8.70207e-07
 7.24641e-07
 6.12945e-07
 5.25322e-07
 4.55291e-07
 3.98425e-07
 3.51608e-07
 3.12600e-07
 2.79753e-07
 2.51831e-07
 2.27895e-07
 2.07220e-07
 1.89239e-07
 1.73503e-07
 1.59653e-07
 1.47398e-07
 1.36503e-07
 1.65341e-06
 1.29451e-06
 1.04097e-06
 8.55220e-07
 7.15074e-07
 6.06730e-07
 5.21244e-07
 4.52611e-07
 3.96675e-07
 3.50488e-07
 3.11912e-07
 2.79362e-07
 2.51646e-07
 2.27854e-07
 2.07279e-07
 1.89366e-07
 1.73675e-07
 1.59855e-07
 1.47619e-07
 1.36734e-07
 1.52634e-06
 1.21715e-06
 9.91607e-07
 8.22531e-07
 6.92762e-07
 5.91118e-07
 5.10093e-07
 4.44507e-07
 3.90700e-07
 3.46030e-07
 3.08551e-07
 2.76807e-07
 2.49692e-07
 2.26352e-07
 2.06120e-07
 1.88470e-07
 1.72984e-07
 1.59322e-07
 1.47210e-07
 1.36422e-07
 1.36574e-06
 1.11444e-06
 9.23447e-07
 7.75854e-07
 6.59932e-07
 5.67494e-07
 4.92757e-07
 4.31566e-07
 3.80896e-07
 3.38505e-07
 3.02710e-07
 2.72226e-07
 2.46067e-07
 2.23461e-07
 2.03798e-07
 1.86594e-07
 1.71459e-07
 1.58076e-07
 1.46189e-07
 1.35583e-07
 1.19406e-06
 9.99135e-07
 8.43948e-07
 7.19704e-07
 6.19405e-07
 5.37674e-07
 4.70434e-07
 4.14600e-07
 3.67823e-07
 3.28309e-07
 2.94669e-07
 2.65823e-07
 2.40922e-07
 2.19293e-07
 2.00397e-07
 1.83800e-07
 1.69150e-07
 1.56158e-07
 1.44587e-07
 1.34238e-07
 1.02783e-06
 8.81964e-07
 7.60002e-07
 6.58547e-07
 5.74120e-07
 5.03625e-07
 4.44469e-07
 3.94539e-07
 3.52139e-07
 3.15912e-07
 2.84772e-07
 2.57850e-07
 2.34446e-07
 2.13991e-07
 1.96026e-07
 1.80174e-07
 1.66123e-07
 1.53618e-07
 1.42443e-07
 1.32422e-07
 8.76646e-07
 7.70381e-07
 6.77007e-07
 5.96190e-07
 5.26746e-07
 4.67227e-07
 4.16193e-07
 3.72341e-07
 3.34537e-07
 3.01824e-07
 2.73398e-07
 2.48592e-07
 2.26853e-07
 2.07720e-07
 1.90813e-07
 1.75814e-07
 1.62456e-07
 1.50517e-07
 1.39808e-07
 1.30173e-07
 7.44502e-07
 6.68649e-07
 5.98603e-07
 5.35493e-07
 4.79454e-07
 4.30101e-07
 3.86814e-07
 3.48904e-07
 3.15691e-07
 2.86551e-07
 2.60930e-07
 2.38342e-07
 2.18370e-07
 2.00656e-07
 1.84895e-07
 1.70828e-07
 1.58234e-07
 1.46924e-07
 1.36737e-07
 1.27535e-07
 6.31826e-07
 5.78562e-07
 5.26857e-07
 4.78357e-07
 4.33837e-07
 3.93528e-07
 3.57340e-07
 3.25012e-07
 2.96208e-07
 2.70567e-07
 2.47736e-07
 2.27387e-07
 2.09222e-07
 1.92975e-07
 1.78413e-07
 1.65330e-07
 1.53548e-07
 1.42913e-07
 1.33288e-07
 1.24558e-07
