scalar
part
         1
quad4
 4.88308e-07
 4.55424e-07
 4.21555e-07
 3.88388e-07
 3.56901e-07
 3.27594e-07
 3.00662e-07
 2.76115e-07
 2.53855e-07
 2.33729e-07
 2.15560e-07
 1.99163e-07
 1.84362e-07
 1.70989e-07
 1.58891e-07
 1.47932e-07
 1.37986e-07
 1.28944e-07
 1.20708e-07
 1.13193e-07
 5.85758e-07
 5.35385e-07
 4.86871e-07
 4.41699e-07
 4.00486e-07
 3.63344e-07
 3.30112e-07
 3.00493e-07
 2.74139e-07
 2.50698e-07
 2.29831e-07
 2.11229e-07
 1.94616e-07
 1.79748e-07
 1.66409e-07
 1.54414e-07
 1.43600e-07
 1.33827e-07
 1.24973e-07
 1.16932e-07
 7.02532e-07
 6.27869e-07
 5.60153e-07
 4.99973e-07
 4.47078e-07
 4.00835e-07
 3.60488e-07
 3.25281e-07
 2.94511e-07
 2.67555e-07
 2.43874e-07
 2.23004e-07
 2.04549e-07
 1.88176e-07
 1.73601e-07
 1.60582e-07
 1.48918e-07
 1.38433e-07
 1.28981e-07
 1.20434e-07
 8.39708e-07
 7.32386e-07
 6.40338e-07
 5.62041e-07
 4.95591e-07
 4.39132e-07
 3.91018e-07
 3.49849e-07
 3.14461e-07
 2.83895e-07
 2.57364e-07
 2.34225e-07
 2.13950e-07
 1.96105e-07
 1.80329e-07
 1.66326e-07
 1.53848e-07
 1.42687e-07
 1.32669e-07
 1.23646e-07
 9.95852e-07
 8.46574e-07
 7.25087e-07
 6.25891e-07
 5.44398e-07
 4.76955e-07
 4.20706e-07
 3.73428e-07
 3.33395e-07
 2.99252e-07
 2.69938e-07
 2.44610e-07
 2.22596e-07
 2.03356e-07
 1.86453e-07
 1.71531e-07
 1.58299e-07
 1.46514e-07
 1.35977e-07
 1.26520e-07
 1.16530e-06
 9.65450e-07
 8.10489e-07
 6.88586e-07
 5.91328e-07
 5.12703e-07
 4.48367e-07
 3.95138e-07
 3.50652e-07
 3.13131e-07
 2.81218e-07
 2.53866e-07
 2.30259e-07
 2.09752e-07
 1.91832e-07
 1.76086e-07
 1.62181e-07
 1.49842e-07
 1.38846e-07
 1.29006e-07
 1.33663e-06
 1.08100e-06
 8.91046e-07
 7.46355e-07
 6.33771e-07
 5.44549e-07
 4.72706e-07
 4.14044e-07
 3.65551e-07
 3.25026e-07
 2.90826e-07
 2.61709e-07
 2.36722e-07
 2.15125e-07
 1.96335e-07
 1.79888e-07
 1.65412e-07
 1.52606e-07
 1.41224e-07
 1.31063e-07
 1.49254e-06
 1.18263e-06
 9.60127e-07
 7.94940e-07
 6.68926e-07
 5.70606e-07
 4.92423e-07
 4.29235e-07
 3.77443e-07
 3.34466e-07
 2.98414e-07
 2.67878e-07
 2.41789e-07
 2.19325e-07
 1.99845e-07
 1.82845e-07
 1.67921e-07
 1.54748e-07
 1.43064e-07
 1.32653e-07
 1.61233e-06
 1.25877e-06
 1.01094e-06
 8.30189e-07
 6.94159e-07
 5.89152e-07
 5.06363e-07
 4.39918e-07
 3.85769e-07
 3.41052e-07
 3.03693e-07
 2.72159e-07
 2.45298e-07
 2.22229e-07
 2.02269e-07
 1.84885e-07
 1.69649e-07
 1.56223e-07
 1.44331e-07
 1.33747e-07
 1.67722e-06
 1.29951e-06
 1.03790e-06
 8.48781e-07
 7.07416e-07
 5.98869e-07
 5.13654e-07
 4.45499e-07
 3.90117e-07
 3.44491e-07
 3.06450e-07
 2.74397e-07
 2.47133e-07
 2.23749e-07
 2.03540e-07
 1.85955e-07
 1.70558e-07
 1.57000e-07
 1.44999e-07
 1.34325e-07
 1.67623e-06
 1.29919e-06
 1.03788e-06
 8.48892e-07
 7.07579e-07
 5.99048e-07
 5.13831e-07
 4.45666e-07
 3.90270e-07
 3.44630e-07
 3.06576e-07
 2.74510e-07
 2.47236e-07
 2.23841e-07
 2.03623e-07
 1.86030e-07
 1.70626e-07
 1.57062e-07
 1.45055e-07
 1.34375e-07
 1.60994e-06
 1.25807e-06
 1.01100e-06
 8.30576e-07
 6.94675e-07
 5.89700e-07
 5.06898e-07
 4.40419e-07
 3.86229e-07
 3.41470e-07
 3.04070e-07
 2.72499e-07
 2.45604e-07
 2.22504e-07
 2.02518e-07
 1.85109e-07
 1.69852e-07
 1.56407e-07
 1.44498e-07
 1.33899e-07
 1.49009e-06
 1.18215e-06
 9.60541e-07
 7.95738e-07
 6.69859e-07
 5.71554e-07
 4.93330e-07
 4.30077e-07
 3.78211e-07
 3.35161e-07
 2.99041e-07
 2.68441e-07
 2.42296e-07
 2.19781e-07
 2.00256e-07
 1.83216e-07
 1.68256e-07
 1.55052e-07
 1.43341e-07
 1.32905e-07
 1.33554e-06
 1.08141e-06
 8.92145e-07
 7.47724e-07
 6.35200e-07
 5.45934e-07
 4.74000e-07
 4.15229e-07
 3.66626e-07
 3.25995e-07
 2.91696e-07
 2.62491e-07
 2.37425e-07
 2.15758e-07
 1.96905e-07
 1.80402e-07
 1.65877e-07
 1.53028e-07
 1.41608e-07
 1.31413e-07
 1.16639e-06
 9.67209e-07
 8.12516e-07
 6.90653e-07
 5.93314e-07
 5.14552e-07
 4.50058e-07
 3.96668e-07
 3.52029e-07
 3.14367e-07
 2.82326e-07
 2.54861e-07
 2.31152e-07
 2.10555e-07
 1.92556e-07
 1.76740e-07
 1.62772e-07
 1.50379e-07
 1.39334e-07
 1.29451e-07
 9.99287e-07
 8.49830e-07
 7.28139e-07
 6.28708e-07
 5.46966e-07
 4.79275e-07
 4.22790e-07
 3.75295e-07
 3.35064e-07
 3.00745e-07
 2.71274e-07
 2.45807e-07
 2.23670e-07
 2.04322e-07
 1.87324e-07
 1.72318e-07
 1.59011e-07
 1.47161e-07
 1.36565e-07
 1.27056e-07
 8.45156e-07
 7.37016e-07
 6.44365e-07
 5.65581e-07
 4.98719e-07
 4.41903e-07
 3.93477e-07
 3.52034e-07
 3.16405e-07
 2.85628e-07
 2.58912e-07
 2.35612e-07
 2.15195e-07
 1.97224e-07
 1.81339e-07
 1.67239e-07
 1.54675e-07
 1.43438e-07
 1.33353e-07
 1.24270e-07
 7.09456e-07
 6.33594e-07
 5.65001e-07
 5.04146e-07
 4.50706e-07
 4.04013e-07
 3.63287e-07
 3.27755e-07
 2.96706e-07
 2.69510e-07
 2.45619e-07
 2.24565e-07
 2.05951e-07
 1.89438e-07
 1.74739e-07
 1.61612e-07
 1.49852e-07
 1.39282e-07
 1.29754e-07
 1.21140e-07
 5.93611e-07
 5.41878e-07
 4.92340e-07
 4.46375e-07
 4.04528e-07
 3.66868e-07
 3.33204e-07
 3.03221e-07
 2.76557e-07
 2.52849e-07
 2.31751e-07
 2.12949e-07
 1.96161e-07
 1.81139e-07
 1.67666e-07
 1.55552e-07
 1.44633e-07
 1.34767e-07
 1.25831e-07
 1.17716e-07
 4.96634e-07
 4.62377e-07
 4.27439e-07
 3.93426e-07
 3.61257e-07
 3.31391e-07
 3.03994e-07
 2.79055e-07
 2.56462e-07
 2.36050e-07
 2.17633e-07
 2.01022e-07
 1.86034e-07
 1.72497e-07
 1.60255e-07
 1.49168e-07
 1.39110e-07
 1.29968e-07
 1.21643e-07
 1.14049e-07
