scalar
part
         1
quad4
 4.02274e-07
 3.82477e-07
 3.59939e-07
 3.36412e-07
 3.13033e-07
 2.90500e-07
 2.69209e-07
 2.49354e-07
 2.31000e-07
 2.14132e-07
 1.98688e-07
 1.84578e-07
 1.71703e-07
 1.59959e-07
 1.49244e-07
 1.39463e-07
 1.30526e-07
 1.22351e-07
 1.14864e-07
 1.07996e-07
 4.91321e-07
 4.57184e-07
 4.22233e-07
 3.88231e-07
 3.56143e-07
 3.26431e-07
 2.99245e-07
 2.74555e-07
 2.52233e-07
 2.32101e-07
 2.13965e-07
 1.97626e-07
 1.82898e-07
 1.69608e-07
 1.57597e-07
 1.46725e-07
 1.36865e-07
 1.27907e-07
 1.19751e-07
 1.12311e-07
 5.99991e-07
 5.45281e-07
 4.93558e-07
 4.46077e-07
 4.03229e-07
 3.64944e-07
 3.30919e-07
 3.00758e-07
 2.74041e-07
 2.50360e-07
 2.29342e-07
 2.10652e-07
 1.93994e-07
 1.79109e-07
 1.65776e-07
 1.53799e-07
 1.43013e-07
 1.33272e-07
 1.24454e-07
 1.16450e-07
 7.30446e-07
 6.47184e-07
 5.73531e-07
 5.09260e-07
 4.53534e-07
 4.05323e-07
 3.63600e-07
 3.27425e-07
 2.95973e-07
 2.68536e-07
 2.44515e-07
 2.23406e-07
 2.04784e-07
 1.88296e-07
 1.73642e-07
 1.60572e-07
 1.48874e-07
 1.38371e-07
 1.28909e-07
 1.20360e-07
 8.83050e-07
 7.61815e-07
 6.60665e-07
 5.76314e-07
 5.05767e-07
 4.46492e-07
 3.96412e-07
 3.53854e-07
 3.17471e-07
 2.86185e-07
 2.59130e-07
 2.35605e-07
 2.15043e-07
 1.96984e-07
 1.81048e-07
 1.66923e-07
 1.54353e-07
 1.43121e-07
 1.33049e-07
 1.23985e-07
 1.05480e-06
 8.85812e-07
 7.51992e-07
 6.44829e-07
 5.58045e-07
 4.87000e-07
 4.28247e-07
 3.79195e-07
 3.37882e-07
 3.02803e-07
 2.72794e-07
 2.46943e-07
 2.24531e-07
 2.04984e-07
 1.87842e-07
 1.72732e-07
 1.59349e-07
 1.47444e-07
 1.36808e-07
 1.27271e-07
 1.23762e-06
 1.01286e-06
 8.42841e-07
 7.11417e-07
 6.07916e-07
 5.25070e-07
 4.57802e-07
 4.02490e-07
 3.56493e-07
 3.17854e-07
 2.85101e-07
 2.57108e-07
 2.33004e-07
 2.12106e-07
 1.93874e-07
 1.77878e-07
 1.63768e-07
 1.51261e-07
 1.40125e-07
 1.30167e-07
 1.41731e-06
 1.13355e-06
 9.26957e-07
 7.71872e-07
 6.52512e-07
 5.58712e-07
 4.83679e-07
 4.22736e-07
 3.72575e-07
 3.30801e-07
 2.95650e-07
 2.65797e-07
 2.40231e-07
 2.18171e-07
 1.99006e-07
 1.82252e-07
 1.67522e-07
 1.54503e-07
 1.42941e-07
 1.32627e-07
 1.57418e-06
 1.23614e-06
 9.97108e-07
 8.21608e-07
 6.88841e-07
 5.85924e-07
 5.04506e-07
 4.38975e-07
 3.85444e-07
 3.41148e-07
 3.04075e-07
 2.72736e-07
 2.46004e-07
 2.23019e-07
 2.03112e-07
 1.85756e-07
 1.70534e-07
 1.57108e-07
 1.45208e-07
 1.34611e-07
 1.68618e-06
 1.30845e-06
 1.04622e-06
 8.56324e-07
 7.14190e-07
 6.04937e-07
 5.19095e-07
 4.50390e-07
 3.94526e-07
 3.48482e-07
 3.10075e-07
 2.77701e-07
 2.50156e-07
 2.26523e-07
 2.06094e-07
 1.88314e-07
 1.72743e-07
 1.59028e-07
 1.46887e-07
 1.36086e-07
 1.73462e-06
 1.34075e-06
 1.06885e-06
 8.72806e-07
 7.26570e-07
 6.14474e-07
 5.26599e-07
 4.56401e-07
 3.99416e-07
 3.52513e-07
 3.13438e-07
 2.80536e-07
 2.52568e-07
 2.28592e-07
 2.07883e-07
 1.89870e-07
 1.74105e-07
 1.60228e-07
 1.47948e-07
 1.37030e-07
 1.71091e-06
 1.32864e-06
 1.06256e-06
 8.69612e-07
 7.25084e-07
 6.13953e-07
 5.26627e-07
 4.56738e-07
 3.99922e-07
 3.53103e-07
 3.14062e-07
 2.81163e-07
 2.53181e-07
 2.29181e-07
 2.08441e-07
 1.90396e-07
 1.74598e-07
 1.60689e-07
 1.48379e-07
 1.37431e-07
 1.62051e-06
 1.27464e-06
 1.02862e-06
 8.47412e-07
 7.10103e-07
 6.03585e-07
 5.19302e-07
 4.51474e-07
 3.96087e-07
 3.50277e-07
 3.11961e-07
 2.79590e-07
 2.51998e-07
 2.28289e-07
 2.07769e-07
 1.89891e-07
 1.74221e-07
 1.60410e-07
 1.48176e-07
 1.37287e-07
 1.48094e-06
 1.18744e-06
 9.71656e-07
 8.08831e-07
 6.83185e-07
 5.84332e-07
 5.05236e-07
 4.41011e-07
 3.88180e-07
 3.44219e-07
 3.07263e-07
 2.75909e-07
 2.49086e-07
 2.25966e-07
 2.05902e-07
 1.88381e-07
 1.72992e-07
 1.59405e-07
 1.47351e-07
 1.36607e-07
 1.31478e-06
 1.07904e-06
 8.98410e-07
 7.57836e-07
 6.46760e-07
 5.57732e-07
 4.85435e-07
 4.26020e-07
 3.76662e-07
 3.35252e-07
 3.00199e-07
 2.70285e-07
 2.44566e-07
 2.22302e-07
 2.02909e-07
 1.85918e-07
 1.70953e-07
 1.57707e-07
 1.45928e-07
 1.35410e-07
 1.14256e-06
 9.61471e-07
 8.16123e-07
 6.98913e-07
 6.03687e-07
 5.25658e-07
 4.61153e-07
 4.07362e-07
 3.62133e-07
 3.23802e-07
 2.91076e-07
 2.62945e-07
 2.38606e-07
 2.17424e-07
 1.98885e-07
 1.82576e-07
 1.68160e-07
 1.55358e-07
 1.43943e-07
 1.33723e-07
 9.78783e-07
 8.44443e-07
 7.31204e-07
 6.36308e-07
 5.56816e-07
 4.90051e-07
 4.33734e-07
 3.85983e-07
 3.45269e-07
 3.10358e-07
 2.80255e-07
 2.54155e-07
 2.31408e-07
 2.11484e-07
 1.93949e-07
 1.78447e-07
 1.64685e-07
 1.52417e-07
 1.41440e-07
 1.31584e-07
 8.31482e-07
 7.34485e-07
 6.48516e-07
 5.73532e-07
 5.08657e-07
 4.52709e-07
 4.04473e-07
 3.62823e-07
 3.26761e-07
 2.95434e-07
 2.68118e-07
 2.44207e-07
 2.23193e-07
 2.04653e-07
 1.88232e-07
 1.73634e-07
 1.60609e-07
 1.48948e-07
 1.38473e-07
 1.29034e-07
 7.03694e-07
 6.35151e-07
 5.71230e-07
 5.13152e-07
 4.61199e-07
 4.15143e-07
 3.74514e-07
 3.38744e-07
 3.07262e-07
 2.79526e-07
 2.55047e-07
 2.33393e-07
 2.14189e-07
 1.97110e-07
 1.81876e-07
 1.68249e-07
 1.56024e-07
 1.45024e-07
 1.35100e-07
 1.26121e-07
 5.95313e-07
 5.47769e-07
 5.01057e-07
 4.56812e-07
 4.15864e-07
 3.78523e-07
 3.44789e-07
 3.14486e-07
 2.87351e-07
 2.63089e-07
 2.41399e-07
 2.21996e-07
 2.04620e-07
 1.89032e-07
 1.75023e-07
 1.62407e-07
 1.51019e-07
 1.40718e-07
 1.31380e-07
 1.22894e-07
