scalar
part
         1
quad4
 6.20326e-07
 5.68625e-07
 5.18299e-07
 4.70992e-07
 4.27493e-07
 3.88053e-07
 3.52600e-07
 3.20895e-07
 2.92619e-07
 2.67425e-07
 2.44974e-07
 2.24950e-07
 2.07062e-07
 1.91054e-07
 1.76697e-07
 1.63792e-07
 1.52165e-07
 1.41664e-07
 1.32158e-07
 1.23532e-07
 7.31774e-07
 6.57874e-07
 5.89493e-07
 5.27781e-07
 4.72908e-07
 4.24523e-07
 3.82040e-07
 3.44796e-07
 3.12139e-07
 2.83465e-07
 2.58235e-07
 2.35976e-07
 2.16283e-07
 1.98808e-07
 1.83251e-07
 1.69359e-07
 1.56917e-07
 1.45738e-07
 1.35666e-07
 1.26564e-07
 8.62661e-07
 7.58820e-07
 6.67433e-07
 5.88230e-07
 5.20094e-07
 4.61633e-07
 4.11459e-07
 3.68308e-07
 3.31079e-07
 2.98840e-07
 2.70808e-07
 2.46331e-07
 2.24867e-07
 2.05968e-07
 1.89260e-07
 1.74430e-07
 1.61218e-07
 1.49405e-07
 1.38806e-07
 1.29265e-07
 1.01267e-06
 8.69761e-07
 7.50126e-07
 6.50493e-07
 5.67496e-07
 4.98130e-07
 4.39870e-07
 3.90658e-07
 3.48837e-07
 3.13082e-07
 2.82329e-07
 2.55727e-07
 2.32589e-07
 2.12359e-07
 1.94583e-07
 1.78891e-07
 1.64978e-07
 1.52591e-07
 1.41519e-07
 1.31587e-07
 1.17797e-06
 9.86576e-07
 8.34028e-07
 7.11774e-07
 6.12987e-07
 5.32418e-07
 4.66082e-07
 4.10959e-07
 3.64748e-07
 3.25688e-07
 2.92417e-07
 2.63874e-07
 2.39224e-07
 2.17803e-07
 1.99083e-07
 1.82635e-07
 1.68111e-07
 1.55228e-07
 1.43750e-07
 1.33483e-07
 1.34928e-06
 1.10199e-06
 9.13855e-07
 7.68333e-07
 6.53936e-07
 5.62643e-07
 4.88777e-07
 4.28261e-07
 3.78121e-07
 3.36152e-07
 3.00695e-07
 2.70488e-07
 2.44556e-07
 2.22137e-07
 2.02632e-07
 1.85560e-07
 1.70538e-07
 1.57253e-07
 1.45448e-07
 1.34914e-07
 1.51042e-06
 1.20548e-06
 9.82826e-07
 8.15763e-07
 6.87436e-07
 5.86849e-07
 5.06616e-07
 4.41635e-07
 3.88298e-07
 3.43999e-07
 3.06816e-07
 2.75312e-07
 2.48393e-07
 2.25215e-07
 2.05119e-07
 1.87583e-07
 1.72193e-07
 1.58614e-07
 1.46573e-07
 1.35847e-07
 1.63934e-06
 1.28448e-06
 1.03356e-06
 8.49579e-07
 7.10672e-07
 6.03222e-07
 5.18398e-07
 4.50264e-07
 3.94714e-07
 3.48831e-07
 3.10496e-07
 2.78141e-07
 2.50584e-07
 2.26923e-07
 2.06457e-07
 1.88637e-07
 1.73025e-07
 1.59271e-07
 1.47092e-07
 1.36257e-07
 1.71314e-06
 1.32719e-06
 1.05957e-06
 8.66046e-07
 7.21396e-07
 6.10355e-07
 5.23214e-07
 4.53548e-07
 3.96962e-07
 3.50367e-07
 3.11535e-07
 2.78829e-07
 2.51024e-07
 2.27185e-07
 2.06591e-07
 1.88678e-07
 1.73000e-07
 1.59199e-07
 1.46987e-07
 1.36130e-07
 1.71631e-06
 1.32618e-06
 1.05702e-06
 8.63025e-07
 7.18361e-07
 6.07493e-07
 5.20593e-07
 4.51182e-07
 3.94841e-07
 3.48471e-07
 3.09841e-07
 2.77315e-07
 2.49667e-07
 2.25967e-07
 2.05496e-07
 1.87690e-07
 1.72107e-07
 1.58390e-07
 1.46252e-07
 1.35459e-07
 1.64756e-06
 1.28100e-06
 1.02575e-06
 8.40492e-07
 7.01588e-07
 5.94672e-07
 5.10573e-07
 4.43203e-07
 3.88384e-07
 3.43171e-07
 3.05438e-07
 2.73618e-07
 2.46533e-07
 2.23286e-07
 2.03185e-07
 1.85685e-07
 1.70355e-07
 1.56850e-07
 1.44892e-07
 1.34252e-07
 1.51985e-06
 1.19820e-06
 9.69357e-07
 8.00540e-07
 6.72364e-07
 5.72717e-07
 4.93703e-07
 4.29987e-07
 3.77855e-07
 3.34660e-07
 2.98468e-07
 2.67843e-07
 2.41699e-07
 2.19203e-07
 1.99706e-07
 1.82699e-07
 1.67774e-07
 1.54605e-07
 1.42927e-07
 1.32524e-07
 1.35427e-06
 1.08888e-06
 8.94059e-07
 7.46858e-07
 6.32974e-07
 5.43100e-07
 4.70961e-07
 4.12203e-07
 3.63724e-07
 3.23271e-07
 2.89174e-07
 2.60172e-07
 2.35304e-07
 2.13822e-07
 1.95141e-07
 1.78796e-07
 1.64414e-07
 1.51695e-07
 1.40391e-07
 1.30302e-07
 1.17260e-06
 9.65371e-07
 8.07170e-07
 6.83946e-07
 5.86285e-07
 5.07702e-07
 4.43616e-07
 3.90727e-07
 3.46609e-07
 3.09451e-07
 2.77882e-07
 2.50848e-07
 2.27530e-07
 2.07284e-07
 1.89598e-07
 1.74062e-07
 1.60344e-07
 1.48173e-07
 1.37326e-07
 1.27620e-07
 9.92669e-07
 8.38727e-07
 7.15679e-07
 6.16326e-07
 5.35290e-07
 4.68548e-07
 4.13068e-07
 3.66545e-07
 3.27216e-07
 2.93715e-07
 2.64975e-07
 2.40158e-07
 2.18596e-07
 1.99756e-07
 1.83207e-07
 1.68599e-07
 1.55643e-07
 1.44104e-07
 1.33785e-07
 1.24523e-07
 8.26477e-07
 7.17297e-07
 6.25327e-07
 5.47955e-07
 4.82742e-07
 4.27576e-07
 3.80697e-07
 3.40657e-07
 3.06278e-07
 2.76605e-07
 2.50859e-07
 2.28410e-07
 2.08739e-07
 1.91423e-07
 1.76114e-07
 1.62521e-07
 1.50404e-07
 1.39563e-07
 1.29828e-07
 1.21057e-07
 6.80402e-07
 6.06390e-07
 5.40213e-07
 4.81905e-07
 4.30914e-07
 3.86466e-07
 3.47749e-07
 3.13989e-07
 2.84492e-07
 2.58650e-07
 2.35941e-07
 2.15917e-07
 1.98202e-07
 1.82476e-07
 1.68468e-07
 1.55948e-07
 1.44723e-07
 1.34626e-07
 1.25517e-07
 1.17276e-07
 5.56414e-07
 5.08628e-07
 4.62818e-07
 4.20272e-07
 3.81495e-07
 3.46549e-07
 3.15261e-07
 2.87349e-07
 2.62484e-07
 2.40339e-07
 2.20599e-07
 2.02980e-07
 1.87224e-07
 1.73104e-07
 1.60422e-07
 1.49004e-07
 1.38699e-07
 1.29376e-07
 1.20921e-07
 1.13234e-07
 4.53643e-07
 4.24626e-07
 3.94270e-07
 3.64268e-07
 3.35601e-07
 3.08782e-07
 2.84029e-07
 2.61383e-07
 2.40778e-07
 2.22092e-07
 2.05175e-07
 1.89870e-07
 1.76023e-07
 1.63485e-07
 1.52121e-07
 1.41806e-07
 1.32430e-07
 1.23892e-07
 1.16104e-07
 1.08987e-07
 3.69745e-07
 3.53721e-07
 3.34721e-07
 3.14395e-07
 2.93845e-07
 2.73777e-07
 2.54611e-07
 2.36580e-07
 2.19787e-07
 2.04255e-07
 1.89955e-07
 1.76827e-07
 1.64797e-07
 1.53782e-07
 1.43699e-07
 1.34466e-07
 1.26008e-07
 1.18252e-07
 1.11132e-07
 1.04589e-07
