scalar
part
         1
quad4
 4.89212e-07
 4.56148e-07
 4.22242e-07
 3.89105e-07
 3.57671e-07
 3.28415e-07
 3.01523e-07
 2.77001e-07
 2.54752e-07
 2.34624e-07
 2.16442e-07
 2.00025e-07
 1.85198e-07
 1.71796e-07
 1.59667e-07
 1.48674e-07
 1.38695e-07
 1.29620e-07
 1.21353e-07
 1.13806e-07
 5.85627e-07
 5.35346e-07
 4.87021e-07
 4.42052e-07
 4.01017e-07
 3.64013e-07
 3.30879e-07
 3.01324e-07
 2.75006e-07
 2.51578e-07
 2.30708e-07
 2.12092e-07
 1.95456e-07
 1.80559e-07
 1.67189e-07
 1.55161e-07
 1.44313e-07
 1.34507e-07
 1.25620e-07
 1.17547e-07
 7.00995e-07
 6.26882e-07
 5.59691e-07
 4.99946e-07
 4.47380e-07
 4.01373e-07
 3.61187e-07
 3.26080e-07
 2.95367e-07
 2.68437e-07
 2.44759e-07
 2.23877e-07
 2.05400e-07
 1.88998e-07
 1.74390e-07
 1.61337e-07
 1.49637e-07
 1.39117e-07
 1.29631e-07
 1.21051e-07
 8.36415e-07
 7.30338e-07
 6.39263e-07
 5.61676e-07
 4.95720e-07
 4.39593e-07
 3.91693e-07
 3.50653e-07
 3.15335e-07
 2.84800e-07
 2.58273e-07
 2.35121e-07
 2.14821e-07
 1.96944e-07
 1.81132e-07
 1.67092e-07
 1.54576e-07
 1.43377e-07
 1.33323e-07
 1.24266e-07
 9.90640e-07
 8.43527e-07
 7.23530e-07
 6.25323e-07
 5.44470e-07
 4.77430e-07
 4.21425e-07
 3.74288e-07
 3.34325e-07
 3.00208e-07
 2.70891e-07
 2.45542e-07
 2.23496e-07
 2.04219e-07
 1.87275e-07
 1.72311e-07
 1.59037e-07
 1.47212e-07
 1.36636e-07
 1.27142e-07
 1.15847e-06
 9.61781e-07
 8.08775e-07
 6.88065e-07
 5.91525e-07
 5.13321e-07
 4.49223e-07
 3.96116e-07
 3.51681e-07
 3.14168e-07
 2.82236e-07
 2.54850e-07
 2.31200e-07
 2.10646e-07
 1.92677e-07
 1.76883e-07
 1.62931e-07
 1.50549e-07
 1.39511e-07
 1.29632e-07
 1.32930e-06
 1.07752e-06
 8.89730e-07
 7.46248e-07
 6.34333e-07
 5.45468e-07
 4.73801e-07
 4.15209e-07
 3.66726e-07
 3.26175e-07
 2.91929e-07
 2.62757e-07
 2.37712e-07
 2.16055e-07
 1.97207e-07
 1.80704e-07
 1.66176e-07
 1.53322e-07
 1.41894e-07
 1.31691e-07
 1.48682e-06
 1.18059e-06
 9.59946e-07
 7.95689e-07
 6.70121e-07
 5.71992e-07
 4.93862e-07
 4.30655e-07
 3.78806e-07
 3.35754e-07
 2.99621e-07
 2.69003e-07
 2.42835e-07
 2.20296e-07
 2.00747e-07
 1.83683e-07
 1.68699e-07
 1.55473e-07
 1.43740e-07
 1.33284e-07
 1.61101e-06
 1.25962e-06
 1.01267e-06
 8.32221e-07
 6.96232e-07
 5.91147e-07
 5.08231e-07
 4.41642e-07
 3.87350e-07
 3.42497e-07
 3.05013e-07
 2.73366e-07
 2.46403e-07
 2.23242e-07
 2.03201e-07
 1.85743e-07
 1.70442e-07
 1.56957e-07
 1.45011e-07
 1.34379e-07
 1.68273e-06
 1.30437e-06
 1.04210e-06
 8.52389e-07
 7.10523e-07
 6.01559e-07
 5.15997e-07
 4.47554e-07
 3.91930e-07
 3.46101e-07
 3.07887e-07
 2.75687e-07
 2.48298e-07
 2.24804e-07
 2.04500e-07
 1.86833e-07
 1.71363e-07
 1.57740e-07
 1.45682e-07
 1.34957e-07
 1.68937e-06
 1.30840e-06
 1.04469e-06
 8.54129e-07
 7.11738e-07
 6.02434e-07
 5.16645e-07
 4.48043e-07
 3.92307e-07
 3.46397e-07
 3.08123e-07
 2.75877e-07
 2.48453e-07
 2.24933e-07
 2.04608e-07
 1.86923e-07
 1.71439e-07
 1.57806e-07
 1.45738e-07
 1.35006e-07
 1.62929e-06
 1.27092e-06
 1.02003e-06
 8.37217e-07
 6.99746e-07
 5.93693e-07
 5.10122e-07
 4.43077e-07
 3.88460e-07
 3.43370e-07
 3.05710e-07
 2.73930e-07
 2.46864e-07
 2.23624e-07
 2.03519e-07
 1.86011e-07
 1.70669e-07
 1.57151e-07
 1.45179e-07
 1.34524e-07
 1.51269e-06
 1.19715e-06
 9.70996e-07
 8.03333e-07
 6.75574e-07
 5.75985e-07
 4.96855e-07
 4.32942e-07
 3.80585e-07
 3.37160e-07
 3.00747e-07
 2.69917e-07
 2.43585e-07
 2.20918e-07
 2.01267e-07
 1.84121e-07
 1.69072e-07
 1.55792e-07
 1.44015e-07
 1.33522e-07
 1.35816e-06
 1.09685e-06
 9.03066e-07
 7.55711e-07
 6.41217e-07
 5.50588e-07
 4.77685e-07
 4.18209e-07
 3.69079e-07
 3.28046e-07
 2.93437e-07
 2.63987e-07
 2.38725e-07
 2.16898e-07
 1.97914e-07
 1.81302e-07
 1.66685e-07
 1.53758e-07
 1.42271e-07
 1.32019e-07
 1.18668e-06
 9.81653e-07
 8.23033e-07
 6.98491e-07
 5.99289e-07
 5.19206e-07
 4.53755e-07
 3.99659e-07
 3.54489e-07
 3.16421e-07
 2.84065e-07
 2.56350e-07
 2.32442e-07
 2.11683e-07
 1.93551e-07
 1.77625e-07
 1.63565e-07
 1.51094e-07
 1.39982e-07
 1.30042e-07
 1.01608e-06
 8.62397e-07
 7.37628e-07
 6.35969e-07
 5.52607e-07
 4.83728e-07
 4.26360e-07
 3.78201e-07
 3.37463e-07
 3.02752e-07
 2.72973e-07
 2.47262e-07
 2.24930e-07
 2.05422e-07
 1.88293e-07
 1.73179e-07
 1.59781e-07
 1.47854e-07
 1.37193e-07
 1.27628e-07
 8.58266e-07
 7.47349e-07
 6.52487e-07
 5.71992e-07
 5.03818e-07
 4.46001e-07
 3.96807e-07
 3.54771e-07
 3.18682e-07
 2.87542e-07
 2.60539e-07
 2.37008e-07
 2.16405e-07
 1.98282e-07
 1.82271e-07
 1.68067e-07
 1.55415e-07
 1.44104e-07
 1.33956e-07
 1.24819e-07
 7.19235e-07
 6.41716e-07
 5.71659e-07
 5.09578e-07
 4.55144e-07
 4.07655e-07
 3.66296e-07
 3.30261e-07
 2.98811e-07
 2.71293e-07
 2.47144e-07
 2.25880e-07
 2.07094e-07
 1.90440e-07
 1.75624e-07
 1.62399e-07
 1.50556e-07
 1.39916e-07
 1.30328e-07
 1.21663e-07
 6.00630e-07
 5.48022e-07
 4.97598e-07
 4.50817e-07
 4.08262e-07
 3.70005e-07
 3.35845e-07
 3.05454e-07
 2.78456e-07
 2.54474e-07
 2.33152e-07
 2.14164e-07
 1.97223e-07
 1.82073e-07
 1.68493e-07
 1.56289e-07
 1.45295e-07
 1.35364e-07
 1.26372e-07
 1.18209e-07
 5.01481e-07
 4.66860e-07
 4.31449e-07
 3.96941e-07
 3.64302e-07
 3.34014e-07
 3.06248e-07
 2.80994e-07
 2.58134e-07
 2.37498e-07
 2.18893e-07
 2.02124e-07
 1.87003e-07
 1.73354e-07
 1.61018e-07
 1.49851e-07
 1.39724e-07
 1.30523e-07
 1.22148e-07
 1.14509e-07
