scalar
part
         1
quad4
 5.14180e-07
 4.77686e-07
 4.40646e-07
 4.04747e-07
 3.70932e-07
 3.39656e-07
 3.11065e-07
 2.85121e-07
 2.61684e-07
 2.40564e-07
 2.21553e-07
 2.04441e-07
 1.89029e-07
 1.75134e-07
 1.62587e-07
 1.51239e-07
 1.40957e-07
 1.31622e-07
 1.23131e-07
 1.15391e-07
 6.14623e-07
 5.59684e-07
 5.07301e-07
 4.58901e-07
 4.15016e-07
 3.75669e-07
 3.40619e-07
 3.09498e-07
 2.81900e-07
 2.57422e-07
 2.35688e-07
 2.16359e-07
 1.99130e-07
 1.83739e-07
 1.69954e-07
 1.57577e-07
 1.46433e-07
 1.36375e-07
 1.27273e-07
 1.19015e-07
 7.34506e-07
 6.54109e-07
 5.81731e-07
 5.17798e-07
 4.61890e-07
 4.13227e-07
 3.70929e-07
 3.34140e-07
 3.02080e-07
 2.74067e-07
 2.49512e-07
 2.27915e-07
 2.08852e-07
 1.91966e-07
 1.76956e-07
 1.63567e-07
 1.51585e-07
 1.40826e-07
 1.31137e-07
 1.22383e-07
 8.74650e-07
 7.60243e-07
 6.62695e-07
 5.80138e-07
 5.10378e-07
 4.51332e-07
 4.01179e-07
 3.58389e-07
 3.21700e-07
 2.90080e-07
 2.62689e-07
 2.38842e-07
 2.17979e-07
 1.99642e-07
 1.83452e-07
 1.69098e-07
 1.56320e-07
 1.44901e-07
 1.34661e-07
 1.25446e-07
 1.03317e-06
 8.75383e-07
 7.47619e-07
 6.43756e-07
 5.58756e-07
 4.88643e-07
 4.30335e-07
 3.81451e-07
 3.40147e-07
 3.04989e-07
 2.74854e-07
 2.48856e-07
 2.26289e-07
 2.06590e-07
 1.89302e-07
 1.74056e-07
 1.60547e-07
 1.48526e-07
 1.37785e-07
 1.28152e-07
 1.20368e-06
 9.94093e-07
 8.32318e-07
 7.05553e-07
 6.04756e-07
 5.23505e-07
 4.57185e-07
 4.02431e-07
 3.56755e-07
 3.18293e-07
 2.85626e-07
 2.57663e-07
 2.33555e-07
 2.12634e-07
 1.94368e-07
 1.78331e-07
 1.64179e-07
 1.51630e-07
 1.40453e-07
 1.30457e-07
 1.37381e-06
 1.10785e-06
 9.11034e-07
 7.61627e-07
 6.45707e-07
 5.54063e-07
 4.80419e-07
 4.20392e-07
 3.70845e-07
 3.29492e-07
 2.94633e-07
 2.64985e-07
 2.39565e-07
 2.17610e-07
 1.98522e-07
 1.81824e-07
 1.67136e-07
 1.54150e-07
 1.42613e-07
 1.32318e-07
 1.52529e-06
 1.20566e-06
 9.76973e-07
 8.07664e-07
 6.78797e-07
 5.78436e-07
 4.98755e-07
 4.34439e-07
 3.81781e-07
 3.38127e-07
 3.01538e-07
 2.70569e-07
 2.44128e-07
 2.21373e-07
 2.01652e-07
 1.84448e-07
 1.69351e-07
 1.56032e-07
 1.44222e-07
 1.33701e-07
 1.63694e-06
 1.27588e-06
 1.02339e-06
 8.39580e-07
 7.01456e-07
 5.94958e-07
 5.11077e-07
 4.43810e-07
 3.89030e-07
 3.43819e-07
 3.06066e-07
 2.74214e-07
 2.47094e-07
 2.23810e-07
 2.03671e-07
 1.86134e-07
 1.70770e-07
 1.57234e-07
 1.45246e-07
 1.34579e-07
 1.69058e-06
 1.30903e-06
 1.04500e-06
 8.54269e-07
 7.11777e-07
 6.02413e-07
 5.16588e-07
 4.47967e-07
 3.92219e-07
 3.46303e-07
 3.08028e-07
 2.75782e-07
 2.48359e-07
 2.24842e-07
 2.04520e-07
 1.86838e-07
 1.71358e-07
 1.57728e-07
 1.45664e-07
 1.34935e-07
 1.67706e-06
 1.30045e-06
 1.03925e-06
 8.50241e-07
 7.08852e-07
 6.00227e-07
 5.14914e-07
 4.46657e-07
 3.91177e-07
 3.45460e-07
 3.07337e-07
 2.75209e-07
 2.47879e-07
 2.24435e-07
 2.04172e-07
 1.86539e-07
 1.71099e-07
 1.57502e-07
 1.45466e-07
 1.34760e-07
 1.59929e-06
 1.25158e-06
 1.00690e-06
 8.27926e-07
 6.92941e-07
 5.88563e-07
 5.06160e-07
 4.39953e-07
 3.85951e-07
 3.41324e-07
 3.04018e-07
 2.72514e-07
 2.45666e-07
 2.22600e-07
 2.02637e-07
 1.85244e-07
 1.69999e-07
 1.56561e-07
 1.44655e-07
 1.34058e-07
 1.47076e-06
 1.16935e-06
 9.51778e-07
 7.89566e-07
 6.65411e-07
 5.68287e-07
 4.90893e-07
 4.28236e-07
 3.76807e-07
 3.34082e-07
 2.98206e-07
 2.67794e-07
 2.41793e-07
 2.19392e-07
 1.99956e-07
 1.82986e-07
 1.68082e-07
 1.54923e-07
 1.43248e-07
 1.32841e-07
 1.31086e-06
 1.06421e-06
 8.79841e-07
 7.38721e-07
 6.28479e-07
 5.40828e-07
 4.70062e-07
 4.12152e-07
 3.64193e-07
 3.24052e-07
 2.90131e-07
 2.61221e-07
 2.36388e-07
 2.14905e-07
 1.96201e-07
 1.79820e-07
 1.65393e-07
 1.52625e-07
 1.41271e-07
 1.31132e-07
 1.13930e-06
 9.47448e-07
 7.97853e-07
 6.79590e-07
 5.84835e-07
 5.07959e-07
 4.44863e-07
 3.92527e-07
 3.48692e-07
 3.11652e-07
 2.80099e-07
 2.53019e-07
 2.29619e-07
 2.09271e-07
 1.91474e-07
 1.75824e-07
 1.61994e-07
 1.49714e-07
 1.38765e-07
 1.28962e-07
 9.71894e-07
 8.29018e-07
 7.12171e-07
 6.16320e-07
 5.37245e-07
 4.71561e-07
 4.16603e-07
 3.70283e-07
 3.30966e-07
 2.97366e-07
 2.68466e-07
 2.43457e-07
 2.21690e-07
 2.02644e-07
 1.85894e-07
 1.71093e-07
 1.57957e-07
 1.46250e-07
 1.35775e-07
 1.26369e-07
 8.18761e-07
 7.16229e-07
 6.27924e-07
 5.52495e-07
 4.88222e-07
 4.33415e-07
 3.86557e-07
 3.46347e-07
 3.11695e-07
 2.81699e-07
 2.55612e-07
 2.32822e-07
 2.12822e-07
 1.95195e-07
 1.79595e-07
 1.65733e-07
 1.53368e-07
 1.42300e-07
 1.32357e-07
 1.23397e-07
 6.84748e-07
 6.13521e-07
 5.48689e-07
 4.90853e-07
 4.39825e-07
 3.95058e-07
 3.55873e-07
 3.21578e-07
 2.91528e-07
 2.65143e-07
 2.41915e-07
 2.21406e-07
 2.03242e-07
 1.87103e-07
 1.72718e-07
 1.59855e-07
 1.48317e-07
 1.37937e-07
 1.28571e-07
 1.20095e-07
 5.70877e-07
 5.22910e-07
 4.76554e-07
 4.33235e-07
 3.93569e-07
 3.57699e-07
 3.25501e-07
 2.96720e-07
 2.71045e-07
 2.48153e-07
 2.27731e-07
 2.09491e-07
 1.93173e-07
 1.78546e-07
 1.65405e-07
 1.53574e-07
 1.42896e-07
 1.33236e-07
 1.24477e-07
 1.16515e-07
 4.75920e-07
 4.44699e-07
 4.12416e-07
 3.80683e-07
 3.50446e-07
 3.22206e-07
 2.96172e-07
 2.72373e-07
 2.50734e-07
 2.31122e-07
 2.13377e-07
 1.97331e-07
 1.82821e-07
 1.69690e-07
 1.57794e-07
 1.47002e-07
 1.37197e-07
 1.28273e-07
 1.20138e-07
 1.12707e-07
