scalar
part
         1
quad4
 6.27262e-07
 5.75331e-07
 5.24738e-07
 4.77128e-07
 4.33299e-07
 3.93513e-07
 3.57713e-07
 3.25666e-07
 2.97060e-07
 2.71553e-07
 2.48810e-07
 2.28512e-07
 2.10372e-07
 1.94131e-07
 1.79560e-07
 1.66459e-07
 1.54652e-07
 1.43986e-07
 1.34329e-07
 1.25564e-07
 7.39298e-07
 6.65205e-07
 5.96546e-07
 5.34488e-07
 4.79226e-07
 4.30432e-07
 3.87538e-07
 3.49894e-07
 3.16857e-07
 2.87825e-07
 2.62263e-07
 2.39700e-07
 2.19728e-07
 2.01996e-07
 1.86207e-07
 1.72103e-07
 1.59468e-07
 1.48114e-07
 1.37881e-07
 1.28634e-07
 8.70885e-07
 7.66912e-07
 6.75226e-07
 5.95611e-07
 5.27001e-07
 4.68044e-07
 4.17378e-07
 3.73754e-07
 3.36084e-07
 3.03436e-07
 2.75030e-07
 2.50213e-07
 2.28441e-07
 2.09264e-07
 1.92303e-07
 1.77246e-07
 1.63828e-07
 1.51828e-07
 1.41061e-07
 1.31367e-07
 1.02182e-06
 8.78840e-07
 7.58841e-07
 6.58680e-07
 5.75082e-07
 5.05099e-07
 4.46242e-07
 3.96471e-07
 3.54136e-07
 3.17914e-07
 2.86741e-07
 2.59762e-07
 2.36285e-07
 2.15752e-07
 1.97705e-07
 1.81770e-07
 1.67639e-07
 1.55056e-07
 1.43807e-07
 1.33714e-07
 1.18850e-06
 9.97001e-07
 8.43917e-07
 7.20929e-07
 6.21349e-07
 5.40001e-07
 4.72936e-07
 4.17148e-07
 3.70341e-07
 3.30750e-07
 2.97009e-07
 2.68049e-07
 2.43030e-07
 2.21284e-07
 2.02273e-07
 1.85567e-07
 1.70814e-07
 1.57725e-07
 1.46063e-07
 1.35630e-07
 1.36199e-06
 1.11429e-06
 9.25234e-07
 7.78634e-07
 6.63167e-07
 5.70880e-07
 4.96124e-07
 4.34823e-07
 3.83996e-07
 3.41427e-07
 3.05449e-07
 2.74787e-07
 2.48457e-07
 2.25689e-07
 2.05876e-07
 1.88534e-07
 1.73272e-07
 1.59772e-07
 1.47777e-07
 1.37072e-07
 1.52654e-06
 1.22031e-06
 9.96025e-07
 8.27364e-07
 6.97595e-07
 5.95753e-07
 5.14444e-07
 4.48546e-07
 3.94427e-07
 3.49461e-07
 3.11707e-07
 2.79712e-07
 2.52368e-07
 2.28820e-07
 2.08402e-07
 1.90583e-07
 1.74945e-07
 1.61145e-07
 1.48908e-07
 1.38008e-07
 1.66031e-06
 1.30245e-06
 1.04881e-06
 8.62545e-07
 7.21750e-07
 6.12753e-07
 5.26658e-07
 4.57475e-07
 4.01053e-07
 3.54439e-07
 3.15488e-07
 2.82610e-07
 2.54606e-07
 2.30559e-07
 2.09759e-07
 1.91647e-07
 1.75780e-07
 1.61802e-07
 1.49424e-07
 1.38413e-07
 1.73993e-06
 1.34855e-06
 1.07688e-06
 8.80283e-07
 7.33281e-07
 6.20407e-07
 5.31814e-07
 4.60981e-07
 4.03446e-07
 3.56068e-07
 3.16585e-07
 2.83332e-07
 2.55062e-07
 2.30826e-07
 2.09890e-07
 1.91681e-07
 1.75744e-07
 1.61716e-07
 1.49304e-07
 1.38269e-07
 1.74853e-06
 1.35045e-06
 1.07597e-06
 8.78222e-07
 7.30817e-07
 6.17886e-07
 5.29395e-07
 4.58731e-07
 4.01386e-07
 3.54199e-07
 3.14896e-07
 2.81808e-07
 2.53688e-07
 2.29585e-07
 2.08769e-07
 1.90665e-07
 1.74823e-07
 1.60879e-07
 1.48541e-07
 1.37572e-07
 1.68295e-06
 1.30690e-06
 1.04555e-06
 8.56135e-07
 7.14266e-07
 6.05162e-07
 5.19401e-07
 4.50737e-07
 3.94892e-07
 3.48851e-07
 3.10439e-07
 2.78055e-07
 2.50498e-07
 2.26851e-07
 2.06407e-07
 1.88612e-07
 1.73026e-07
 1.59297e-07
 1.47142e-07
 1.36329e-07
 1.55505e-06
 1.22394e-06
 9.88968e-07
 8.15984e-07
 6.84846e-07
 5.83022e-07
 5.02360e-07
 4.37365e-07
 3.84222e-07
 3.40212e-07
 3.03354e-07
 2.72177e-07
 2.45571e-07
 2.22684e-07
 2.02853e-07
 1.85558e-07
 1.70383e-07
 1.56996e-07
 1.45127e-07
 1.34554e-07
 1.38610e-06
 1.11267e-06
 9.12440e-07
 7.61457e-07
 6.44842e-07
 5.52936e-07
 4.79249e-07
 4.19282e-07
 3.69845e-07
 3.28617e-07
 2.93885e-07
 2.64357e-07
 2.39046e-07
 2.17190e-07
 1.98188e-07
 1.81567e-07
 1.66945e-07
 1.54016e-07
 1.42528e-07
 1.32276e-07
 1.19911e-06
 9.85975e-07
 8.23516e-07
 6.97172e-07
 5.97181e-07
 5.16822e-07
 4.51359e-07
 3.97380e-07
 3.52388e-07
 3.14519e-07
 2.82363e-07
 2.54839e-07
 2.31108e-07
 2.10511e-07
 1.92523e-07
 1.76727e-07
 1.62781e-07
 1.50412e-07
 1.39390e-07
 1.29529e-07
 1.01327e-06
 8.55570e-07
 7.29535e-07
 6.27839e-07
 5.44965e-07
 4.76770e-07
 4.20129e-07
 3.72671e-07
 3.32577e-07
 2.98444e-07
 2.69178e-07
 2.43918e-07
 2.21980e-07
 2.02818e-07
 1.85991e-07
 1.71140e-07
 1.57974e-07
 1.46249e-07
 1.35766e-07
 1.26358e-07
 8.41573e-07
 7.30393e-07
 6.36581e-07
 5.57619e-07
 4.91068e-07
 4.34791e-07
 3.86989e-07
 3.46182e-07
 3.11163e-07
 2.80950e-07
 2.54748e-07
 2.31909e-07
 2.11904e-07
 1.94299e-07
 1.78738e-07
 1.64925e-07
 1.52615e-07
 1.41603e-07
 1.31717e-07
 1.22811e-07
 6.90897e-07
 6.16128e-07
 5.49009e-07
 4.89749e-07
 4.37874e-07
 3.92639e-07
 3.53234e-07
 3.18879e-07
 2.88868e-07
 2.62583e-07
 2.39490e-07
 2.19135e-07
 2.01131e-07
 1.85152e-07
 1.70921e-07
 1.58205e-07
 1.46806e-07
 1.36555e-07
 1.27308e-07
 1.18943e-07
 5.63318e-07
 5.15560e-07
 4.69445e-07
 4.26442e-07
 3.87157e-07
 3.51705e-07
 3.19942e-07
 2.91594e-07
 2.66339e-07
 2.43845e-07
 2.23797e-07
 2.05903e-07
 1.89904e-07
 1.75569e-07
 1.62695e-07
 1.51105e-07
 1.40647e-07
 1.31186e-07
 1.22607e-07
 1.14809e-07
 4.57868e-07
 4.29324e-07
 3.99078e-07
 3.68973e-07
 3.40085e-07
 3.12990e-07
 2.87943e-07
 2.65004e-07
 2.44120e-07
 2.25174e-07
 2.08018e-07
 1.92496e-07
 1.78450e-07
 1.65734e-07
 1.54208e-07
 1.43747e-07
 1.34238e-07
 1.25580e-07
 1.17683e-07
 1.10466e-07
 3.72035e-07
 3.56702e-07
 3.38057e-07
 3.17862e-07
 2.97300e-07
 2.77132e-07
 2.57818e-07
 2.39614e-07
 2.22639e-07
 2.06926e-07
 1.92451e-07
 1.79158e-07
 1.66973e-07
 1.55814e-07
 1.45599e-07
 1.36244e-07
 1.27674e-07
 1.19815e-07
 1.12600e-07
 1.05970e-07
