scalar
part
         1
quad4
 5.72696e-07
 5.28203e-07
 4.84197e-07
 4.42303e-07
 4.03373e-07
 3.67749e-07
 3.35471e-07
 3.06399e-07
 2.80307e-07
 2.56927e-07
 2.35987e-07
 2.17224e-07
 2.00394e-07
 1.85276e-07
 1.71671e-07
 1.59403e-07
 1.48319e-07
 1.38283e-07
 1.29176e-07
 1.20893e-07
 6.78455e-07
 6.13776e-07
 5.53162e-07
 4.97869e-07
 4.48240e-07
 4.04114e-07
 3.65084e-07
 3.30643e-07
 3.00265e-07
 2.73452e-07
 2.49748e-07
 2.28747e-07
 2.10096e-07
 1.93487e-07
 1.78655e-07
 1.65373e-07
 1.53446e-07
 1.42704e-07
 1.33005e-07
 1.24223e-07
 8.03495e-07
 7.11362e-07
 6.29392e-07
 5.57659e-07
 4.95413e-07
 4.41592e-07
 3.95081e-07
 3.54834e-07
 3.19921e-07
 2.89540e-07
 2.63008e-07
 2.39750e-07
 2.19284e-07
 2.01207e-07
 1.85179e-07
 1.70916e-07
 1.58179e-07
 1.46767e-07
 1.36507e-07
 1.27255e-07
 9.48129e-07
 8.19826e-07
 7.11328e-07
 6.20140e-07
 5.43551e-07
 4.79072e-07
 4.24566e-07
 3.78261e-07
 3.38711e-07
 3.04746e-07
 2.75417e-07
 2.49956e-07
 2.27740e-07
 2.08261e-07
 1.91102e-07
 1.75919e-07
 1.62429e-07
 1.50395e-07
 1.39621e-07
 1.29940e-07
 1.10970e-06
 9.35902e-07
 7.96003e-07
 6.82884e-07
 5.90757e-07
 5.15100e-07
 4.52433e-07
 4.00084e-07
 3.55997e-07
 3.18582e-07
 2.86599e-07
 2.59074e-07
 2.35237e-07
 2.14471e-07
 1.96283e-07
 1.80270e-07
 1.66105e-07
 1.53518e-07
 1.42288e-07
 1.32229e-07
 1.28077e-06
 1.05346e-06
 8.78803e-07
 7.42530e-07
 6.34606e-07
 5.47930e-07
 4.77417e-07
 4.19379e-07
 3.71096e-07
 3.30540e-07
 2.96172e-07
 2.66815e-07
 2.41552e-07
 2.19666e-07
 2.00588e-07
 1.83863e-07
 1.69123e-07
 1.56069e-07
 1.44456e-07
 1.34080e-07
 1.44769e-06
 1.16326e-06
 9.53565e-07
 7.94960e-07
 6.72317e-07
 5.75652e-07
 4.98189e-07
 4.35205e-07
 3.83334e-07
 3.40129e-07
 3.03775e-07
 2.72906e-07
 2.46480e-07
 2.23688e-07
 2.03896e-07
 1.86604e-07
 1.71410e-07
 1.57988e-07
 1.46076e-07
 1.35455e-07
 1.59083e-06
 1.25366e-06
 1.01323e-06
 8.35759e-07
 7.01051e-07
 5.96397e-07
 5.13486e-07
 4.46692e-07
 3.92099e-07
 3.46911e-07
 3.09088e-07
 2.77115e-07
 2.49847e-07
 2.26406e-07
 2.06108e-07
 1.88417e-07
 1.72905e-07
 1.59229e-07
 1.47111e-07
 1.36323e-07
 1.68820e-06
 1.31282e-06
 1.05105e-06
 8.60922e-07
 7.18333e-07
 6.08583e-07
 5.22268e-07
 4.53140e-07
 3.96909e-07
 3.50548e-07
 3.11870e-07
 2.79265e-07
 2.51523e-07
 2.27722e-07
 2.07149e-07
 1.89244e-07
 1.73565e-07
 1.59758e-07
 1.47535e-07
 1.36664e-07
 1.72194e-06
 1.33175e-06
 1.06216e-06
 8.67653e-07
 7.22486e-07
 6.11162e-07
 5.23862e-07
 4.54102e-07
 3.97460e-07
 3.50829e-07
 3.11973e-07
 2.79250e-07
 2.51431e-07
 2.27580e-07
 2.06976e-07
 1.89053e-07
 1.73365e-07
 1.59555e-07
 1.47333e-07
 1.36466e-07
 1.68508e-06
 1.30708e-06
 1.04482e-06
 8.54990e-07
 7.12952e-07
 6.03803e-07
 5.18061e-07
 4.49449e-07
 3.93670e-07
 3.47700e-07
 3.09360e-07
 2.77046e-07
 2.49554e-07
 2.25969e-07
 2.05582e-07
 1.87840e-07
 1.72302e-07
 1.58618e-07
 1.46504e-07
 1.35728e-07
 1.58406e-06
 1.24212e-06
 1.00087e-06
 8.24022e-07
 6.90412e-07
 5.86948e-07
 5.05165e-07
 4.39387e-07
 3.85684e-07
 3.41268e-07
 3.04111e-07
 2.72712e-07
 2.45938e-07
 2.22924e-07
 2.02996e-07
 1.85626e-07
 1.70394e-07
 1.56962e-07
 1.45059e-07
 1.34460e-07
 1.43576e-06
 1.14566e-06
 9.35191e-07
 7.77641e-07
 6.56652e-07
 5.61741e-07
 4.85932e-07
 4.24433e-07
 3.73866e-07
 3.31791e-07
 2.96414e-07
 2.66387e-07
 2.40688e-07
 2.18524e-07
 1.99277e-07
 1.82459e-07
 1.67678e-07
 1.54618e-07
 1.43023e-07
 1.32682e-07
 1.26150e-06
 1.02934e-06
 8.54531e-07
 7.19918e-07
 6.14231e-07
 5.29848e-07
 4.61475e-07
 4.05352e-07
 3.58750e-07
 3.19653e-07
 2.86547e-07
 2.58280e-07
 2.33959e-07
 2.12889e-07
 1.94520e-07
 1.78412e-07
 1.64211e-07
 1.51629e-07
 1.40431e-07
 1.30422e-07
 1.08120e-06
 9.04874e-07
 7.66019e-07
 6.55343e-07
 5.66060e-07
 4.93206e-07
 4.33117e-07
 3.83066e-07
 3.40993e-07
 3.05328e-07
 2.74861e-07
 2.48649e-07
 2.25948e-07
 2.06169e-07
 1.88839e-07
 1.73575e-07
 1.60065e-07
 1.48054e-07
 1.37331e-07
 1.27719e-07
 9.09844e-07
 7.81974e-07
 6.76008e-07
 5.88138e-07
 5.14995e-07
 4.53781e-07
 4.02236e-07
 3.58555e-07
 3.21303e-07
 2.89337e-07
 2.61743e-07
 2.37788e-07
 2.16880e-07
 1.98538e-07
 1.82370e-07
 1.68054e-07
 1.55325e-07
 1.43960e-07
 1.33776e-07
 1.24617e-07
 7.56282e-07
 6.67354e-07
 5.89364e-07
 5.21783e-07
 4.63525e-07
 4.13365e-07
 3.70130e-07
 3.32774e-07
 3.00390e-07
 2.72211e-07
 2.47595e-07
 2.26004e-07
 2.06990e-07
 1.90179e-07
 1.75258e-07
 1.61966e-07
 1.50082e-07
 1.39422e-07
 1.29827e-07
 1.21164e-07
 6.24151e-07
 5.64761e-07
 5.09282e-07
 4.58815e-07
 4.13603e-07
 3.73444e-07
 3.37930e-07
 3.06579e-07
 2.78906e-07
 2.54452e-07
 2.32805e-07
 2.13600e-07
 1.96516e-07
 1.81280e-07
 1.67652e-07
 1.55428e-07
 1.44434e-07
 1.34517e-07
 1.25548e-07
 1.17414e-07
 5.13506e-07
 4.75575e-07
 4.37449e-07
 4.00829e-07
 3.66601e-07
 3.35145e-07
 3.06538e-07
 2.80689e-07
 2.57419e-07
 2.36509e-07
 2.17729e-07
 2.00857e-07
 1.85685e-07
 1.72022e-07
 1.59698e-07
 1.48561e-07
 1.38475e-07
 1.29324e-07
 1.21003e-07
 1.13421e-07
 4.22436e-07
 3.99589e-07
 3.74407e-07
 3.48628e-07
 3.23352e-07
 2.99233e-07
 2.76620e-07
 2.55665e-07
 2.36395e-07
 2.18762e-07
 2.02677e-07
 1.88030e-07
 1.74702e-07
 1.62575e-07
 1.51535e-07
 1.41476e-07
 1.32302e-07
 1.23922e-07
 1.16258e-07
 1.09237e-07
