scalar
part
         1
quad4
 3.83914e-07
 3.66778e-07
 3.46567e-07
 3.25038e-07
 3.03352e-07
 2.82243e-07
 2.62146e-07
 2.43291e-07
 2.25775e-07
 2.09610e-07
 1.94758e-07
 1.81148e-07
 1.68696e-07
 1.57312e-07
 1.46906e-07
 1.37389e-07
 1.28680e-07
 1.20702e-07
 1.13385e-07
 1.06666e-07
 4.70931e-07
 4.40143e-07
 4.08017e-07
 3.76361e-07
 3.46206e-07
 3.18078e-07
 2.92190e-07
 2.68567e-07
 2.47123e-07
 2.27717e-07
 2.10183e-07
 1.94347e-07
 1.80041e-07
 1.67107e-07
 1.55397e-07
 1.44782e-07
 1.35142e-07
 1.26372e-07
 1.18379e-07
 1.11081e-07
 5.77531e-07
 5.27005e-07
 4.78667e-07
 4.33896e-07
 3.93211e-07
 3.56651e-07
 3.24008e-07
 2.94958e-07
 2.69140e-07
 2.46191e-07
 2.25773e-07
 2.07578e-07
 1.91331e-07
 1.76790e-07
 1.63745e-07
 1.52013e-07
 1.41434e-07
 1.31872e-07
 1.23206e-07
 1.15334e-07
 7.06079e-07
 6.27958e-07
 5.58272e-07
 4.97053e-07
 4.43680e-07
 3.97294e-07
 3.56998e-07
 3.21948e-07
 2.91390e-07
 2.64670e-07
 2.41230e-07
 2.20594e-07
 2.02362e-07
 1.86196e-07
 1.71812e-07
 1.58968e-07
 1.47462e-07
 1.37121e-07
 1.27799e-07
 1.19370e-07
 8.57291e-07
 7.42184e-07
 6.45522e-07
 5.64479e-07
 4.96396e-07
 4.38977e-07
 3.90314e-07
 3.48850e-07
 3.13323e-07
 2.82715e-07
 2.56201e-07
 2.33113e-07
 2.12908e-07
 1.95141e-07
 1.79448e-07
 1.65527e-07
 1.53127e-07
 1.42040e-07
 1.32091e-07
 1.23132e-07
 1.02871e-06
 8.66664e-07
 7.37654e-07
 6.33885e-07
 5.49542e-07
 4.80286e-07
 4.22866e-07
 3.74826e-07
 3.34292e-07
 2.99822e-07
 2.70294e-07
 2.44828e-07
 2.22727e-07
 2.03434e-07
 1.86502e-07
 1.71565e-07
 1.58329e-07
 1.46546e-07
 1.36015e-07
 1.26566e-07
 1.21298e-06
 9.95466e-07
 8.30190e-07
 7.01976e-07
 6.00709e-07
 5.19459e-07
 4.53358e-07
 3.98916e-07
 3.53580e-07
 3.15451e-07
 2.83098e-07
 2.55422e-07
 2.31572e-07
 2.10881e-07
 1.92819e-07
 1.76962e-07
 1.62969e-07
 1.50560e-07
 1.39507e-07
 1.29620e-07
 1.39663e-06
 1.11947e-06
 9.16986e-07
 7.64580e-07
 6.47033e-07
 5.54499e-07
 4.80376e-07
 4.20103e-07
 3.70444e-07
 3.29054e-07
 2.94202e-07
 2.64584e-07
 2.39205e-07
 2.17297e-07
 1.98256e-07
 1.81604e-07
 1.66958e-07
 1.54010e-07
 1.42508e-07
 1.32245e-07
 1.56030e-06
 1.22697e-06
 9.90761e-07
 8.17045e-07
 6.85460e-07
 5.83354e-07
 5.02511e-07
 4.37398e-07
 3.84178e-07
 3.40117e-07
 3.03227e-07
 2.72030e-07
 2.45411e-07
 2.22517e-07
 2.02684e-07
 1.85388e-07
 1.70215e-07
 1.56832e-07
 1.44966e-07
 1.34398e-07
 1.68143e-06
 1.30541e-06
 1.04418e-06
 8.54893e-07
 7.13156e-07
 6.04171e-07
 5.18515e-07
 4.49943e-07
 3.94178e-07
 3.48206e-07
 3.09854e-07
 2.77523e-07
 2.50011e-07
 2.26405e-07
 2.05997e-07
 1.88233e-07
 1.72675e-07
 1.58972e-07
 1.46840e-07
 1.36047e-07
 1.73985e-06
 1.34426e-06
 1.07134e-06
 8.74636e-07
 7.27963e-07
 6.15562e-07
 5.27468e-07
 4.57108e-07
 4.00001e-07
 3.53003e-07
 3.13853e-07
 2.80891e-07
 2.52876e-07
 2.28861e-07
 2.08119e-07
 1.90079e-07
 1.74291e-07
 1.60394e-07
 1.48098e-07
 1.37165e-07
 1.72506e-06
 1.33816e-06
 1.06928e-06
 8.74530e-07
 7.28796e-07
 6.16826e-07
 5.28898e-07
 4.58566e-07
 4.01417e-07
 3.54342e-07
 3.15101e-07
 2.82043e-07
 2.53934e-07
 2.29830e-07
 2.09006e-07
 1.90891e-07
 1.75034e-07
 1.61075e-07
 1.48722e-07
 1.37739e-07
 1.64115e-06
 1.28890e-06
 1.03885e-06
 8.54984e-07
 7.15862e-07
 6.08066e-07
 5.22855e-07
 4.54341e-07
 3.98433e-07
 3.52222e-07
 3.13591e-07
 2.80971e-07
 2.53178e-07
 2.29306e-07
 2.08652e-07
 1.90663e-07
 1.74899e-07
 1.61010e-07
 1.48709e-07
 1.37764e-07
 1.50524e-06
 1.20481e-06
 9.84427e-07
 8.18460e-07
 6.90607e-07
 5.90163e-07
 5.09897e-07
 4.44792e-07
 3.91288e-07
 3.46805e-07
 3.09438e-07
 2.77754e-07
 2.50666e-07
 2.27329e-07
 2.07086e-07
 1.89416e-07
 1.73903e-07
 1.60211e-07
 1.48066e-07
 1.37246e-07
 1.34032e-06
 1.09800e-06
 9.12743e-07
 7.68876e-07
 6.55411e-07
 5.64617e-07
 4.90994e-07
 4.30567e-07
 3.80424e-07
 3.38398e-07
 3.02856e-07
 2.72548e-07
 2.46509e-07
 2.23982e-07
 2.04372e-07
 1.87199e-07
 1.72081e-07
 1.58705e-07
 1.46816e-07
 1.36203e-07
 1.16766e-06
 9.80790e-07
 8.31160e-07
 7.10761e-07
 6.13141e-07
 5.33293e-07
 4.67390e-07
 4.12513e-07
 3.66429e-07
 3.27418e-07
 2.94147e-07
 2.65572e-07
 2.40870e-07
 2.19388e-07
 2.00600e-07
 1.84082e-07
 1.69488e-07
 1.56536e-07
 1.44992e-07
 1.34662e-07
 1.00246e-06
 8.63293e-07
 7.46287e-07
 6.48465e-07
 5.66697e-07
 4.98154e-07
 4.40438e-07
 3.91577e-07
 3.49976e-07
 3.14350e-07
 2.83665e-07
 2.57089e-07
 2.33948e-07
 2.13696e-07
 1.95886e-07
 1.80153e-07
 1.66194e-07
 1.53758e-07
 1.42638e-07
 1.32657e-07
 8.53275e-07
 7.52360e-07
 6.63188e-07
 5.85616e-07
 5.18658e-07
 4.61037e-07
 4.11453e-07
 3.68711e-07
 3.31762e-07
 2.99709e-07
 2.71795e-07
 2.47388e-07
 2.25962e-07
 2.07075e-07
 1.90362e-07
 1.75515e-07
 1.62279e-07
 1.50436e-07
 1.39804e-07
 1.30229e-07
 7.23470e-07
 6.51796e-07
 5.85207e-07
 5.24894e-07
 4.71087e-07
 4.23501e-07
 3.81608e-07
 3.44796e-07
 3.12451e-07
 2.83998e-07
 2.58921e-07
 2.36766e-07
 2.17140e-07
 1.99704e-07
 1.84167e-07
 1.70280e-07
 1.57832e-07
 1.46640e-07
 1.36549e-07
 1.27425e-07
 6.13122e-07
 5.63092e-07
 5.14186e-07
 4.68043e-07
 4.25474e-07
 3.86761e-07
 3.51869e-07
 3.20591e-07
 2.92636e-07
 2.67681e-07
 2.45406e-07
 2.25508e-07
 2.07710e-07
 1.91762e-07
 1.77444e-07
 1.64561e-07
 1.52944e-07
 1.42444e-07
 1.32932e-07
 1.24295e-07
