scalar
part
         1
quad4
 3.71302e-07
 3.55032e-07
 3.35820e-07
 3.15315e-07
 2.94616e-07
 2.74423e-07
 2.55155e-07
 2.37039e-07
 2.20176e-07
 2.04586e-07
 1.90237e-07
 1.77069e-07
 1.65004e-07
 1.53961e-07
 1.43854e-07
 1.34601e-07
 1.26125e-07
 1.18354e-07
 1.11221e-07
 1.04667e-07
 4.55330e-07
 4.26012e-07
 3.95406e-07
 3.65200e-07
 3.36367e-07
 3.09414e-07
 2.84553e-07
 2.61819e-07
 2.41143e-07
 2.22398e-07
 2.05433e-07
 1.90089e-07
 1.76209e-07
 1.63644e-07
 1.52257e-07
 1.41924e-07
 1.32531e-07
 1.23980e-07
 1.16180e-07
 1.09053e-07
 5.58217e-07
 5.10068e-07
 4.63967e-07
 4.21193e-07
 3.82237e-07
 3.47150e-07
 3.15751e-07
 2.87750e-07
 2.62815e-07
 2.40613e-07
 2.20828e-07
 2.03171e-07
 1.87385e-07
 1.73240e-07
 1.60538e-07
 1.49102e-07
 1.38783e-07
 1.29448e-07
 1.20982e-07
 1.13287e-07
 6.82285e-07
 6.07843e-07
 5.41340e-07
 4.82785e-07
 4.31606e-07
 3.87016e-07
 3.48188e-07
 3.14343e-07
 2.84779e-07
 2.58885e-07
 2.36133e-07
 2.16076e-07
 1.98334e-07
 1.82586e-07
 1.68560e-07
 1.56025e-07
 1.44787e-07
 1.34681e-07
 1.25563e-07
 1.17315e-07
 8.28369e-07
 7.18700e-07
 6.26379e-07
 5.48752e-07
 4.83353e-07
 4.28049e-07
 3.81067e-07
 3.40948e-07
 3.06510e-07
 2.76790e-07
 2.51009e-07
 2.28531e-07
 2.08837e-07
 1.91503e-07
 1.76179e-07
 1.62574e-07
 1.50447e-07
 1.39598e-07
 1.29856e-07
 1.21080e-07
 9.94452e-07
 8.39989e-07
 7.16588e-07
 6.16990e-07
 5.35783e-07
 4.68918e-07
 4.13349e-07
 3.66761e-07
 3.27382e-07
 2.93843e-07
 2.65075e-07
 2.40236e-07
 2.18657e-07
 1.99803e-07
 1.83244e-07
 1.68626e-07
 1.55664e-07
 1.44119e-07
 1.33796e-07
 1.24530e-07
 1.17410e-06
 9.66371e-07
 8.07854e-07
 6.84422e-07
 5.86622e-07
 5.07942e-07
 4.43789e-07
 3.90852e-07
 3.46699e-07
 3.09515e-07
 2.77927e-07
 2.50879e-07
 2.27550e-07
 2.07296e-07
 1.89603e-07
 1.74062e-07
 1.60340e-07
 1.48167e-07
 1.37318e-07
 1.27611e-07
 1.35525e-06
 1.08948e-06
 8.94432e-07
 7.47091e-07
 6.33119e-07
 5.43187e-07
 4.71010e-07
 4.12226e-07
 3.63730e-07
 3.23265e-07
 2.89159e-07
 2.60152e-07
 2.35280e-07
 2.13796e-07
 1.95114e-07
 1.78768e-07
 1.64386e-07
 1.51667e-07
 1.40363e-07
 1.30274e-07
 1.52009e-06
 1.19828e-06
 9.69344e-07
 8.00485e-07
 6.72288e-07
 5.72632e-07
 4.93615e-07
 4.29900e-07
 3.77771e-07
 3.34579e-07
 2.98391e-07
 2.67770e-07
 2.41631e-07
 2.19139e-07
 1.99646e-07
 1.82642e-07
 1.67720e-07
 1.54554e-07
 1.42880e-07
 1.32479e-07
 1.64689e-06
 1.28046e-06
 1.02531e-06
 8.40124e-07
 7.01277e-07
 5.94406e-07
 5.10343e-07
 4.43001e-07
 3.88207e-07
 3.43014e-07
 3.05298e-07
 2.73491e-07
 2.46419e-07
 2.23183e-07
 2.03091e-07
 1.85598e-07
 1.70275e-07
 1.56777e-07
 1.44824e-07
 1.34189e-07
 1.71471e-06
 1.32502e-06
 1.05615e-06
 8.62344e-07
 7.17816e-07
 6.07047e-07
 5.20222e-07
 4.50868e-07
 3.94572e-07
 3.48238e-07
 3.09638e-07
 2.77136e-07
 2.49509e-07
 2.25825e-07
 2.05368e-07
 1.87575e-07
 1.72002e-07
 1.58294e-07
 1.46164e-07
 1.35379e-07
 1.71076e-06
 1.32550e-06
 1.05832e-06
 8.65083e-07
 7.20636e-07
 6.09742e-07
 5.22711e-07
 4.53128e-07
 3.96607e-07
 3.50062e-07
 3.11271e-07
 2.78599e-07
 2.50822e-07
 2.27006e-07
 2.06431e-07
 1.88535e-07
 1.72871e-07
 1.59082e-07
 1.46881e-07
 1.36032e-07
 1.63644e-06
 1.28240e-06
 1.03200e-06
 8.48384e-07
 7.09731e-07
 6.02465e-07
 5.17777e-07
 4.49749e-07
 3.94280e-07
 3.48461e-07
 3.10177e-07
 2.77863e-07
 2.50341e-07
 2.26709e-07
 2.06267e-07
 1.88467e-07
 1.72872e-07
 1.59133e-07
 1.46967e-07
 1.36143e-07
 1.50728e-06
 1.20317e-06
 9.81072e-07
 8.14401e-07
 6.86355e-07
 5.85976e-07
 5.05899e-07
 4.41038e-07
 3.87795e-07
 3.43570e-07
 3.06447e-07
 2.74993e-07
 2.48114e-07
 2.24969e-07
 2.04900e-07
 1.87388e-07
 1.72018e-07
 1.58456e-07
 1.46430e-07
 1.35718e-07
 1.34613e-06
 1.09960e-06
 9.12000e-07
 7.66868e-07
 6.52761e-07
 5.61685e-07
 4.87986e-07
 4.27600e-07
 3.77562e-07
 3.35674e-07
 3.00284e-07
 2.70131e-07
 2.44243e-07
 2.21862e-07
 2.02388e-07
 1.85343e-07
 1.70343e-07
 1.57077e-07
 1.45290e-07
 1.34770e-07
 1.17497e-06
 9.84215e-07
 8.32153e-07
 7.10266e-07
 6.11759e-07
 5.31407e-07
 4.65240e-07
 4.10250e-07
 3.64145e-07
 3.25172e-07
 2.91971e-07
 2.63486e-07
 2.38883e-07
 2.17503e-07
 1.98817e-07
 1.82397e-07
 1.67898e-07
 1.55036e-07
 1.43576e-07
 1.33325e-07
 1.00988e-06
 8.67507e-07
 7.48292e-07
 6.48990e-07
 5.66254e-07
 4.97093e-07
 4.38997e-07
 3.89917e-07
 3.48204e-07
 3.12536e-07
 2.81856e-07
 2.55314e-07
 2.32226e-07
 2.12037e-07
 1.94297e-07
 1.78636e-07
 1.64749e-07
 1.52385e-07
 1.41333e-07
 1.31417e-07
 8.60127e-07
 7.56714e-07
 6.65681e-07
 5.86766e-07
 5.18865e-07
 4.60594e-07
 4.10575e-07
 3.67551e-07
 3.30427e-07
 2.98275e-07
 2.70315e-07
 2.45898e-07
 2.24486e-07
 2.05630e-07
 1.88958e-07
 1.74160e-07
 1.60975e-07
 1.49186e-07
 1.38608e-07
 1.29085e-07
 7.29494e-07
 6.55935e-07
 5.87845e-07
 5.26380e-07
 4.71713e-07
 4.23500e-07
 3.81160e-07
 3.44036e-07
 3.11479e-07
 2.82889e-07
 2.57729e-07
 2.35530e-07
 2.15889e-07
 1.98456e-07
 1.82937e-07
 1.69078e-07
 1.56663e-07
 1.45509e-07
 1.35458e-07
 1.26375e-07
 6.18287e-07
 5.66854e-07
 5.16766e-07
 4.69667e-07
 4.26347e-07
 3.87059e-07
 3.51737e-07
 3.20142e-07
 2.91959e-07
 2.66845e-07
 2.44462e-07
 2.24496e-07
 2.06658e-07
 1.90693e-07
 1.76373e-07
 1.63501e-07
 1.51902e-07
 1.41426e-07
 1.31942e-07
 1.23335e-07
