scalar
part
         1
quad4
 5.72787e-07
 5.26852e-07
 4.81756e-07
 4.39073e-07
 3.99598e-07
 3.63624e-07
 3.31143e-07
 3.01980e-07
 2.75877e-07
 2.52547e-07
 2.31697e-07
 2.13052e-07
 1.96358e-07
 1.81386e-07
 1.67932e-07
 1.55818e-07
 1.44886e-07
 1.34998e-07
 1.26035e-07
 1.17891e-07
 6.76652e-07
 6.10508e-07
 5.48871e-07
 4.92907e-07
 4.42879e-07
 3.98557e-07
 3.59477e-07
 3.25088e-07
 2.94833e-07
 2.68186e-07
 2.44676e-07
 2.23885e-07
 2.05450e-07
 1.89057e-07
 1.74438e-07
 1.61362e-07
 1.49633e-07
 1.39081e-07
 1.29561e-07
 1.20948e-07
 7.98934e-07
 7.05449e-07
 6.22655e-07
 5.50493e-07
 4.88098e-07
 4.34320e-07
 3.87978e-07
 3.47978e-07
 3.13358e-07
 2.83291e-07
 2.57081e-07
 2.34142e-07
 2.13986e-07
 1.96205e-07
 1.80458e-07
 1.66461e-07
 1.53973e-07
 1.42793e-07
 1.32751e-07
 1.23702e-07
 9.39594e-07
 8.10303e-07
 7.01405e-07
 6.10211e-07
 5.33866e-07
 4.69777e-07
 4.15740e-07
 3.69937e-07
 3.30895e-07
 2.97424e-07
 2.68568e-07
 2.43553e-07
 2.21753e-07
 2.02660e-07
 1.85858e-07
 1.71005e-07
 1.57819e-07
 1.46065e-07
 1.35549e-07
 1.26105e-07
 1.09552e-06
 9.21534e-07
 7.82004e-07
 6.69561e-07
 5.78255e-07
 5.03469e-07
 4.41663e-07
 3.90136e-07
 3.46817e-07
 3.10109e-07
 2.78773e-07
 2.51837e-07
 2.28534e-07
 2.08252e-07
 1.90503e-07
 1.74888e-07
 1.61085e-07
 1.48828e-07
 1.37898e-07
 1.28112e-07
 1.25871e-06
 1.03275e-06
 8.59726e-07
 7.25148e-07
 6.18848e-07
 5.33669e-07
 4.64508e-07
 4.07676e-07
 3.60466e-07
 3.20859e-07
 2.87331e-07
 2.58719e-07
 2.34117e-07
 2.12820e-07
 1.94267e-07
 1.78012e-07
 1.63694e-07
 1.51019e-07
 1.39748e-07
 1.29683e-07
 1.41499e-06
 1.13451e-06
 9.28392e-07
 7.72897e-07
 6.52920e-07
 5.58526e-07
 4.82996e-07
 4.21660e-07
 3.71201e-07
 3.29209e-07
 2.93903e-07
 2.63945e-07
 2.38313e-07
 2.16217e-07
 1.97039e-07
 1.80290e-07
 1.65578e-07
 1.52586e-07
 1.41059e-07
 1.30784e-07
 1.54455e-06
 1.21532e-06
 9.81103e-07
 8.08551e-07
 6.77764e-07
 5.76274e-07
 4.95944e-07
 4.31278e-07
 3.78457e-07
 3.34758e-07
 2.98198e-07
 2.67304e-07
 2.40964e-07
 2.18327e-07
 1.98730e-07
 1.81653e-07
 1.66683e-07
 1.53487e-07
 1.41796e-07
 1.31389e-07
 1.62602e-06
 1.26387e-06
 1.01155e-06
 8.28406e-07
 6.91118e-07
 5.85480e-07
 5.02418e-07
 4.35905e-07
 3.81808e-07
 3.37209e-07
 3.00004e-07
 2.68642e-07
 2.41958e-07
 2.19064e-07
 1.99276e-07
 1.82054e-07
 1.66974e-07
 1.53693e-07
 1.41937e-07
 1.31481e-07
 1.64350e-06
 1.27231e-06
 1.01554e-06
 8.30094e-07
 6.91576e-07
 5.85278e-07
 5.01867e-07
 4.35181e-07
 3.81010e-07
 3.36395e-07
 2.99206e-07
 2.67877e-07
 2.41235e-07
 2.18388e-07
 1.98646e-07
 1.81469e-07
 1.66431e-07
 1.53191e-07
 1.41472e-07
 1.31050e-07
 1.59296e-06
 1.23879e-06
 9.92162e-07
 8.13133e-07
 6.78879e-07
 5.75523e-07
 4.94211e-07
 4.29061e-07
 3.76041e-07
 3.32305e-07
 2.95799e-07
 2.65009e-07
 2.38798e-07
 2.16299e-07
 1.96842e-07
 1.79901e-07
 1.65060e-07
 1.51984e-07
 1.40405e-07
 1.30102e-07
 1.48357e-06
 1.16799e-06
 9.43990e-07
 7.79041e-07
 6.53964e-07
 5.56823e-07
 4.79854e-07
 4.17824e-07
 3.67097e-07
 3.25080e-07
 2.89888e-07
 2.60116e-07
 2.34706e-07
 2.12845e-07
 1.93902e-07
 1.77379e-07
 1.62881e-07
 1.50091e-07
 1.38749e-07
 1.28646e-07
 1.33344e-06
 1.06938e-06
 8.76346e-07
 7.30969e-07
 6.18785e-07
 5.30433e-07
 4.59633e-07
 4.02041e-07
 3.54578e-07
 3.15008e-07
 2.81681e-07
 2.53353e-07
 2.29075e-07
 2.08114e-07
 1.89893e-07
 1.73957e-07
 1.59939e-07
 1.47545e-07
 1.36533e-07
 1.26707e-07
 1.16318e-06
 9.54470e-07
 7.95960e-07
 6.73027e-07
 5.75944e-07
 4.98055e-07
 4.34690e-07
 3.82500e-07
 3.39039e-07
 3.02487e-07
 2.71470e-07
 2.44936e-07
 2.22070e-07
 2.02232e-07
 1.84914e-07
 1.69711e-07
 1.56293e-07
 1.44395e-07
 1.33796e-07
 1.24315e-07
 9.90857e-07
 8.34155e-07
 7.09605e-07
 6.09542e-07
 5.28279e-07
 4.61596e-07
 4.06336e-07
 3.60120e-07
 3.21137e-07
 2.87994e-07
 2.59608e-07
 2.35131e-07
 2.13891e-07
 1.95352e-07
 1.79083e-07
 1.64733e-07
 1.52017e-07
 1.40699e-07
 1.30584e-07
 1.21509e-07
 8.29378e-07
 7.17093e-07
 6.23084e-07
 5.44441e-07
 4.78485e-07
 4.22931e-07
 3.75897e-07
 3.35853e-07
 3.01565e-07
 2.72041e-07
 2.46477e-07
 2.24225e-07
 2.04758e-07
 1.87646e-07
 1.72534e-07
 1.59131e-07
 1.47196e-07
 1.36526e-07
 1.26952e-07
 1.18333e-07
 6.86042e-07
 6.09050e-07
 5.40703e-07
 4.80872e-07
 4.28849e-07
 3.83730e-07
 3.44598e-07
 3.10605e-07
 2.81000e-07
 2.55138e-07
 2.32466e-07
 2.12519e-07
 1.94905e-07
 1.79295e-07
 1.65411e-07
 1.53018e-07
 1.41920e-07
 1.31949e-07
 1.22961e-07
 1.14837e-07
 5.63534e-07
 5.13078e-07
 4.65181e-07
 4.21059e-07
 3.81124e-07
 3.45348e-07
 3.13480e-07
 2.85175e-07
 2.60058e-07
 2.37761e-07
 2.17945e-07
 2.00302e-07
 1.84560e-07
 1.70481e-07
 1.57858e-07
 1.46511e-07
 1.36285e-07
 1.27045e-07
 1.18674e-07
 1.11073e-07
 4.61464e-07
 4.30132e-07
 3.97870e-07
 3.66350e-07
 3.36502e-07
 3.08784e-07
 2.83360e-07
 2.60222e-07
 2.39263e-07
 2.20330e-07
 2.03249e-07
 1.87841e-07
 1.73937e-07
 1.61377e-07
 1.50017e-07
 1.39724e-07
 1.30383e-07
 1.21890e-07
 1.14154e-07
 1.07092e-07
 3.77797e-07
 3.59794e-07
 3.39101e-07
 3.17369e-07
 2.95679e-07
 2.74703e-07
 2.54828e-07
 2.36249e-07
 2.19039e-07
 2.03196e-07
 1.88666e-07
 1.75375e-07
 1.63232e-07
 1.52143e-07
 1.42017e-07
 1.32765e-07
 1.24305e-07
 1.16561e-07
 1.09463e-07
 1.02948e-07
