scalar
part
         1
quad4
 4.68573e-07
 4.37841e-07
 4.05957e-07
 3.74575e-07
 3.44665e-07
 3.16739e-07
 2.91008e-07
 2.67504e-07
 2.46149e-07
 2.26809e-07
 2.09323e-07
 1.93522e-07
 1.79242e-07
 1.66327e-07
 1.54633e-07
 1.44029e-07
 1.34399e-07
 1.25638e-07
 1.17654e-07
 1.10363e-07
 5.62795e-07
 5.15344e-07
 4.69414e-07
 4.26484e-07
 3.87193e-07
 3.51689e-07
 3.19850e-07
 2.91418e-07
 2.66078e-07
 2.43505e-07
 2.23383e-07
 2.05425e-07
 1.89370e-07
 1.74987e-07
 1.62073e-07
 1.50452e-07
 1.39967e-07
 1.30486e-07
 1.21891e-07
 1.14082e-07
 6.75851e-07
 6.05126e-07
 5.40738e-07
 4.83337e-07
 4.32749e-07
 3.88421e-07
 3.49669e-07
 3.15793e-07
 2.86142e-07
 2.60132e-07
 2.37254e-07
 2.17070e-07
 1.99206e-07
 1.83343e-07
 1.69211e-07
 1.56581e-07
 1.45256e-07
 1.35071e-07
 1.25884e-07
 1.17574e-07
 8.08885e-07
 7.06795e-07
 6.18960e-07
 5.44043e-07
 4.80310e-07
 4.26048e-07
 3.79723e-07
 3.40023e-07
 3.05850e-07
 2.76297e-07
 2.50619e-07
 2.28203e-07
 2.08545e-07
 1.91229e-07
 1.75911e-07
 1.62306e-07
 1.50176e-07
 1.39321e-07
 1.29572e-07
 1.20789e-07
 9.60668e-07
 8.18179e-07
 7.01887e-07
 6.06696e-07
 5.28323e-07
 4.63340e-07
 4.09054e-07
 3.63363e-07
 3.24624e-07
 2.91550e-07
 2.63126e-07
 2.38547e-07
 2.17168e-07
 1.98470e-07
 1.82034e-07
 1.67516e-07
 1.54636e-07
 1.43160e-07
 1.32895e-07
 1.23678e-07
 1.12596e-06
 9.34592e-07
 7.85809e-07
 6.68491e-07
 5.74703e-07
 4.98754e-07
 4.36515e-07
 3.84957e-07
 3.41820e-07
 3.05403e-07
 2.74403e-07
 2.47815e-07
 2.24851e-07
 2.04892e-07
 1.87442e-07
 1.72102e-07
 1.58549e-07
 1.46519e-07
 1.35793e-07
 1.26193e-07
 1.29401e-06
 1.04843e-06
 8.65464e-07
 7.25795e-07
 6.16923e-07
 5.30510e-07
 4.60840e-07
 4.03891e-07
 3.56771e-07
 3.17360e-07
 2.84077e-07
 2.55724e-07
 2.31380e-07
 2.10328e-07
 1.92004e-07
 1.75959e-07
 1.61832e-07
 1.49331e-07
 1.38216e-07
 1.28291e-07
 1.44835e-06
 1.14951e-06
 9.34440e-07
 7.74469e-07
 6.52244e-07
 5.56760e-07
 4.80752e-07
 4.19267e-07
 3.68832e-07
 3.26954e-07
 2.91805e-07
 2.62018e-07
 2.36559e-07
 2.14628e-07
 1.95605e-07
 1.78997e-07
 1.64414e-07
 1.51539e-07
 1.40116e-07
 1.29936e-07
 1.56902e-06
 1.22658e-06
 9.86086e-07
 8.10419e-07
 6.78062e-07
 5.75792e-07
 4.95097e-07
 4.30289e-07
 3.77445e-07
 3.33784e-07
 2.97293e-07
 2.66480e-07
 2.40224e-07
 2.17669e-07
 1.98149e-07
 1.81143e-07
 1.66237e-07
 1.53098e-07
 1.41458e-07
 1.31097e-07
 1.63743e-06
 1.26975e-06
 1.01479e-06
 8.30304e-07
 6.92301e-07
 5.86272e-07
 5.02992e-07
 4.36357e-07
 3.82190e-07
 3.37553e-07
 3.00325e-07
 2.68950e-07
 2.42258e-07
 2.19360e-07
 1.99567e-07
 1.82342e-07
 1.67258e-07
 1.53974e-07
 1.42214e-07
 1.31753e-07
 1.64203e-06
 1.27306e-06
 1.01726e-06
 8.32187e-07
 6.93773e-07
 5.87444e-07
 5.03940e-07
 4.37135e-07
 3.82836e-07
 3.38094e-07
 3.00784e-07
 2.69342e-07
 2.42596e-07
 2.19653e-07
 1.99823e-07
 1.82567e-07
 1.67456e-07
 1.54150e-07
 1.42371e-07
 1.31893e-07
 1.58229e-06
 1.23621e-06
 9.93290e-07
 8.15949e-07
 6.82398e-07
 5.79252e-07
 4.97902e-07
 4.32593e-07
 3.79360e-07
 3.35393e-07
 2.98657e-07
 2.67647e-07
 2.41230e-07
 2.18541e-07
 1.98911e-07
 1.81812e-07
 1.66827e-07
 1.53622e-07
 1.41925e-07
 1.31515e-07
 1.46884e-06
 1.16460e-06
 9.45860e-07
 7.83305e-07
 6.59215e-07
 5.62350e-07
 4.85300e-07
 4.23016e-07
 3.71957e-07
 3.29585e-07
 2.94040e-07
 2.63933e-07
 2.38211e-07
 2.16064e-07
 1.96860e-07
 1.80101e-07
 1.65389e-07
 1.52405e-07
 1.40889e-07
 1.30628e-07
 1.31984e-06
 1.06781e-06
 8.80342e-07
 7.37434e-07
 6.26182e-07
 5.37988e-07
 4.66960e-07
 4.08958e-07
 3.61011e-07
 3.20942e-07
 2.87129e-07
 2.58345e-07
 2.33646e-07
 2.12301e-07
 1.93731e-07
 1.77479e-07
 1.63177e-07
 1.50526e-07
 1.39284e-07
 1.29249e-07
 1.15516e-06
 9.56982e-07
 8.03276e-07
 6.82335e-07
 5.85834e-07
 5.07820e-07
 4.43987e-07
 3.91180e-07
 3.47054e-07
 3.09843e-07
 2.78199e-07
 2.51085e-07
 2.27687e-07
 2.07366e-07
 1.89612e-07
 1.74016e-07
 1.60245e-07
 1.48029e-07
 1.37144e-07
 1.27405e-07
 9.91493e-07
 8.42342e-07
 7.21077e-07
 6.22127e-07
 5.40879e-07
 4.73668e-07
 4.17636e-07
 3.70559e-07
 3.30711e-07
 2.96740e-07
 2.67584e-07
 2.42400e-07
 2.20520e-07
 2.01403e-07
 1.84613e-07
 1.69797e-07
 1.56661e-07
 1.44966e-07
 1.34511e-07
 1.25131e-07
 8.39934e-07
 7.31683e-07
 6.39093e-07
 5.60481e-07
 4.93855e-07
 4.37309e-07
 3.89164e-07
 3.48001e-07
 3.12643e-07
 2.82121e-07
 2.55645e-07
 2.32567e-07
 2.12355e-07
 1.94573e-07
 1.78861e-07
 1.64920e-07
 1.52502e-07
 1.41399e-07
 1.31437e-07
 1.22468e-07
 7.06125e-07
 6.29924e-07
 5.61167e-07
 5.00276e-07
 4.46890e-07
 4.00308e-07
 3.59730e-07
 3.24365e-07
 2.93491e-07
 2.66471e-07
 2.42754e-07
 2.21867e-07
 2.03412e-07
 1.87048e-07
 1.72489e-07
 1.59494e-07
 1.47855e-07
 1.37399e-07
 1.27977e-07
 1.19461e-07
 5.91656e-07
 5.39470e-07
 4.89641e-07
 4.43509e-07
 4.01592e-07
 3.63929e-07
 3.30311e-07
 3.00406e-07
 2.73841e-07
 2.50243e-07
 2.29262e-07
 2.10578e-07
 1.93908e-07
 1.79000e-07
 1.65637e-07
 1.53628e-07
 1.42809e-07
 1.33037e-07
 1.24190e-07
 1.16159e-07
 4.95670e-07
 4.60919e-07
 4.25625e-07
 3.91369e-07
 3.59049e-07
 3.29102e-07
 3.01676e-07
 2.76748e-07
 2.54192e-07
 2.33837e-07
 2.15490e-07
 1.98956e-07
 1.84049e-07
 1.70595e-07
 1.58437e-07
 1.47431e-07
 1.37452e-07
 1.28387e-07
 1.20136e-07
 1.12611e-07
