scalar
part
         1
quad4
 3.42859e-07
 3.31183e-07
 3.15848e-07
 2.98576e-07
 2.80554e-07
 2.62571e-07
 2.45125e-07
 2.28514e-07
 2.12898e-07
 1.98343e-07
 1.84858e-07
 1.72414e-07
 1.60959e-07
 1.50430e-07
 1.40760e-07
 1.31880e-07
 1.23724e-07
 1.16228e-07
 1.09333e-07
 1.02984e-07
 4.24602e-07
 4.00848e-07
 3.74774e-07
 3.48230e-07
 3.22345e-07
 2.97767e-07
 2.74824e-07
 2.53644e-07
 2.34234e-07
 2.16526e-07
 2.00416e-07
 1.85780e-07
 1.72489e-07
 1.60418e-07
 1.49447e-07
 1.39466e-07
 1.30373e-07
 1.22078e-07
 1.14498e-07
 1.07561e-07
 5.25510e-07
 4.83998e-07
 4.43094e-07
 4.04374e-07
 3.68586e-07
 3.35985e-07
 3.06550e-07
 2.80111e-07
 2.56427e-07
 2.35235e-07
 2.16272e-07
 1.99288e-07
 1.84057e-07
 1.70373e-07
 1.58056e-07
 1.46944e-07
 1.36899e-07
 1.27796e-07
 1.19529e-07
 1.12004e-07
 6.48289e-07
 5.81569e-07
 5.20846e-07
 4.66633e-07
 4.18742e-07
 3.76665e-07
 3.39778e-07
 3.07447e-07
 2.79076e-07
 2.54131e-07
 2.32141e-07
 2.12702e-07
 1.95465e-07
 1.80133e-07
 1.66451e-07
 1.54203e-07
 1.43207e-07
 1.33304e-07
 1.24359e-07
 1.16258e-07
 7.94339e-07
 6.93289e-07
 6.07112e-07
 5.33922e-07
 4.71774e-07
 4.18890e-07
 3.73733e-07
 3.35014e-07
 3.01660e-07
 2.72791e-07
 2.47685e-07
 2.25748e-07
 2.06492e-07
 1.89515e-07
 1.74484e-07
 1.61122e-07
 1.49199e-07
 1.38519e-07
 1.28921e-07
 1.20267e-07
 9.62368e-07
 8.16915e-07
 6.99613e-07
 6.04245e-07
 5.26039e-07
 4.61350e-07
 4.07387e-07
 3.62006e-07
 3.23550e-07
 2.90724e-07
 2.62515e-07
 2.38118e-07
 2.16894e-07
 1.98327e-07
 1.82001e-07
 1.67575e-07
 1.54772e-07
 1.43359e-07
 1.33146e-07
 1.23973e-07
 1.14671e-06
 9.47449e-07
 7.94378e-07
 6.74576e-07
 5.79271e-07
 5.02355e-07
 4.39476e-07
 3.87479e-07
 3.44032e-07
 3.07387e-07
 2.76214e-07
 2.49492e-07
 2.26420e-07
 2.06371e-07
 1.88844e-07
 1.73437e-07
 1.59825e-07
 1.47741e-07
 1.36967e-07
 1.27321e-07
 1.33578e-06
 1.07664e-06
 8.85644e-07
 7.40902e-07
 6.28660e-07
 5.39918e-07
 4.68580e-07
 4.10400e-07
 3.62349e-07
 3.22215e-07
 2.88360e-07
 2.59545e-07
 2.34821e-07
 2.13453e-07
 1.94861e-07
 1.78587e-07
 1.64262e-07
 1.51587e-07
 1.40321e-07
 1.30261e-07
 1.51152e-06
 1.19314e-06
 9.66186e-07
 7.98526e-07
 6.71085e-07
 5.71921e-07
 4.93231e-07
 4.29735e-07
 3.77756e-07
 3.34667e-07
 2.98549e-07
 2.67975e-07
 2.41867e-07
 2.19395e-07
 1.99914e-07
 1.82916e-07
 1.67996e-07
 1.54829e-07
 1.43151e-07
 1.32746e-07
 1.65088e-06
 1.28387e-06
 1.02824e-06
 8.42665e-07
 7.03496e-07
 5.96359e-07
 5.12073e-07
 4.44545e-07
 3.89591e-07
 3.44262e-07
 3.06429e-07
 2.74521e-07
 2.47359e-07
 2.24046e-07
 2.03885e-07
 1.86332e-07
 1.70954e-07
 1.57408e-07
 1.45411e-07
 1.34737e-07
 1.73085e-06
 1.33674e-06
 1.06502e-06
 8.69291e-07
 7.23393e-07
 6.11619e-07
 5.24034e-07
 4.54094e-07
 3.97336e-07
 3.50632e-07
 3.11730e-07
 2.78980e-07
 2.51146e-07
 2.27288e-07
 2.06683e-07
 1.88763e-07
 1.73081e-07
 1.59278e-07
 1.47065e-07
 1.36206e-07
 1.73670e-06
 1.34427e-06
 1.07242e-06
 8.75992e-07
 7.29285e-07
 6.16741e-07
 5.28473e-07
 4.57942e-07
 4.00681e-07
 3.53550e-07
 3.14286e-07
 2.81228e-07
 2.53132e-07
 2.29050e-07
 2.08252e-07
 1.90165e-07
 1.74339e-07
 1.60410e-07
 1.48088e-07
 1.37133e-07
 1.66895e-06
 1.30639e-06
 1.05022e-06
 8.62559e-07
 7.20995e-07
 6.11581e-07
 5.25273e-07
 4.55997e-07
 3.99552e-07
 3.52958e-07
 3.14050e-07
 2.81227e-07
 2.53286e-07
 2.29304e-07
 2.08569e-07
 1.90520e-07
 1.74713e-07
 1.60793e-07
 1.48469e-07
 1.37509e-07
 1.54327e-06
 1.23044e-06
 1.00217e-06
 8.31025e-07
 6.99682e-07
 5.96826e-07
 5.14855e-07
 4.48523e-07
 3.94119e-07
 3.48967e-07
 3.11095e-07
 2.79027e-07
 2.51642e-07
 2.28075e-07
 2.07651e-07
 1.89839e-07
 1.74212e-07
 1.60429e-07
 1.48213e-07
 1.37335e-07
 1.38315e-06
 1.12845e-06
 9.34795e-07
 7.85121e-07
 6.67572e-07
 5.73854e-07
 4.98101e-07
 4.36097e-07
 3.84770e-07
 3.41843e-07
 3.05607e-07
 2.74758e-07
 2.48294e-07
 2.25430e-07
 2.05548e-07
 1.88158e-07
 1.72863e-07
 1.59343e-07
 1.47335e-07
 1.36624e-07
 1.21135e-06
 1.01334e-06
 8.55659e-07
 7.29414e-07
 6.27511e-07
 5.44490e-07
 4.76210e-07
 4.19529e-07
 3.72061e-07
 3.31977e-07
 2.97864e-07
 2.68623e-07
 2.43390e-07
 2.21479e-07
 2.02343e-07
 1.85541e-07
 1.70714e-07
 1.57569e-07
 1.45864e-07
 1.35400e-07
 1.04457e-06
 8.95971e-07
 7.71745e-07
 6.68427e-07
 5.82471e-07
 5.10723e-07
 4.50536e-07
 3.99757e-07
 3.56653e-07
 3.19839e-07
 2.88208e-07
 2.60872e-07
 2.37117e-07
 2.16364e-07
 1.98144e-07
 1.82071e-07
 1.67830e-07
 1.55159e-07
 1.43840e-07
 1.33692e-07
 8.92562e-07
 7.83924e-07
 6.88537e-07
 6.06025e-07
 5.35162e-07
 4.74456e-07
 4.22429e-07
 3.77746e-07
 3.39245e-07
 3.05943e-07
 2.77020e-07
 2.51791e-07
 2.29691e-07
 2.10249e-07
 1.93075e-07
 1.77845e-07
 1.64287e-07
 1.52173e-07
 1.41312e-07
 1.31541e-07
 7.59434e-07
 6.81554e-07
 6.09748e-07
 5.45124e-07
 4.87792e-07
 4.37337e-07
 3.93114e-07
 3.54407e-07
 3.20517e-07
 2.90801e-07
 2.64686e-07
 2.41675e-07
 2.21338e-07
 2.03310e-07
 1.87277e-07
 1.72973e-07
 1.60171e-07
 1.48680e-07
 1.38334e-07
 1.28991e-07
 6.45704e-07
 5.90728e-07
 5.37505e-07
 4.87671e-07
 4.41990e-07
 4.00674e-07
 3.63617e-07
 3.30540e-07
 3.01090e-07
 2.74891e-07
 2.51579e-07
 2.30814e-07
 2.12288e-07
 1.95726e-07
 1.80889e-07
 1.67567e-07
 1.55574e-07
 1.44753e-07
 1.34965e-07
 1.26090e-07
