scalar
part
         1
quad4
 5.77659e-07
 5.31203e-07
 4.85596e-07
 4.42443e-07
 4.02553e-07
 3.66221e-07
 3.33433e-07
 3.04010e-07
 2.77687e-07
 2.54169e-07
 2.33159e-07
 2.14377e-07
 1.97564e-07
 1.82489e-07
 1.68946e-07
 1.56753e-07
 1.45752e-07
 1.35802e-07
 1.26784e-07
 1.18591e-07
 6.83109e-07
 6.16062e-07
 5.53617e-07
 4.96965e-07
 4.46361e-07
 4.01562e-07
 3.62089e-07
 3.27376e-07
 2.96851e-07
 2.69981e-07
 2.46282e-07
 2.25331e-07
 2.06760e-07
 1.90250e-07
 1.75530e-07
 1.62366e-07
 1.50559e-07
 1.39938e-07
 1.30358e-07
 1.21691e-07
 8.07333e-07
 7.12394e-07
 6.28405e-07
 5.55282e-07
 4.92123e-07
 4.37738e-07
 3.90910e-07
 3.50519e-07
 3.15581e-07
 2.85253e-07
 2.58826e-07
 2.35706e-07
 2.15397e-07
 1.97485e-07
 1.81626e-07
 1.67531e-07
 1.54958e-07
 1.43703e-07
 1.33595e-07
 1.24487e-07
 9.50260e-07
 8.18774e-07
 7.08200e-07
 6.15736e-07
 5.38424e-07
 4.73592e-07
 4.18976e-07
 3.72717e-07
 3.33310e-07
 2.99544e-07
 2.70445e-07
 2.45228e-07
 2.23259e-07
 2.04023e-07
 1.87098e-07
 1.72138e-07
 1.58860e-07
 1.47025e-07
 1.36437e-07
 1.26930e-07
 1.10862e-06
 9.31539e-07
 7.89800e-07
 6.75766e-07
 5.83295e-07
 5.07639e-07
 4.45171e-07
 3.93130e-07
 3.49405e-07
 3.12372e-07
 2.80770e-07
 2.53615e-07
 2.30128e-07
 2.09692e-07
 1.91810e-07
 1.76081e-07
 1.62179e-07
 1.49835e-07
 1.38829e-07
 1.28975e-07
 1.27411e-06
 1.04409e-06
 8.68355e-07
 7.31906e-07
 6.24278e-07
 5.38129e-07
 4.68241e-07
 4.10851e-07
 3.63203e-07
 3.23246e-07
 2.89435e-07
 2.60589e-07
 2.35792e-07
 2.14330e-07
 1.95637e-07
 1.79261e-07
 1.64837e-07
 1.52071e-07
 1.40720e-07
 1.30583e-07
 1.43202e-06
 1.14674e-06
 9.37556e-07
 7.80015e-07
 6.58612e-07
 5.63190e-07
 4.86894e-07
 4.24974e-07
 3.74056e-07
 3.31699e-07
 2.96097e-07
 2.65894e-07
 2.40058e-07
 2.17790e-07
 1.98465e-07
 1.81589e-07
 1.66767e-07
 1.53679e-07
 1.42067e-07
 1.31718e-07
 1.56203e-06
 1.22776e-06
 9.90413e-07
 8.15794e-07
 6.83573e-07
 5.81048e-07
 4.99945e-07
 4.34687e-07
 3.81401e-07
 3.37329e-07
 3.00465e-07
 2.69319e-07
 2.42769e-07
 2.19954e-07
 2.00205e-07
 1.82997e-07
 1.67913e-07
 1.54617e-07
 1.42838e-07
 1.32354e-07
 1.64252e-06
 1.27580e-06
 1.02061e-06
 8.35546e-07
 6.96903e-07
 5.90274e-07
 5.06462e-07
 4.39368e-07
 3.84809e-07
 3.39837e-07
 3.02327e-07
 2.70711e-07
 2.43813e-07
 2.20738e-07
 2.00794e-07
 1.83438e-07
 1.68240e-07
 1.54857e-07
 1.43010e-07
 1.32474e-07
 1.65795e-06
 1.28320e-06
 1.02407e-06
 8.36961e-07
 6.97232e-07
 5.90021e-07
 5.05905e-07
 4.38662e-07
 3.84042e-07
 3.39061e-07
 3.01570e-07
 2.69987e-07
 2.43130e-07
 2.20100e-07
 2.00199e-07
 1.82886e-07
 1.67729e-07
 1.54384e-07
 1.42573e-07
 1.32069e-07
 1.60514e-06
 1.24849e-06
 1.00005e-06
 8.19651e-07
 6.84347e-07
 5.80172e-07
 4.98208e-07
 4.32533e-07
 3.79083e-07
 3.34992e-07
 2.98189e-07
 2.67148e-07
 2.40723e-07
 2.18041e-07
 1.98425e-07
 1.81346e-07
 1.66384e-07
 1.53202e-07
 1.41529e-07
 1.31142e-07
 1.49403e-06
 1.17670e-06
 9.51300e-07
 7.85222e-07
 6.59237e-07
 5.61362e-07
 4.83794e-07
 4.21271e-07
 3.70134e-07
 3.27775e-07
 2.92292e-07
 2.62274e-07
 2.36653e-07
 2.14609e-07
 1.95508e-07
 1.78847e-07
 1.64228e-07
 1.51330e-07
 1.39893e-07
 1.29706e-07
 1.34301e-06
 1.07748e-06
 8.83243e-07
 7.36881e-07
 6.23886e-07
 5.34865e-07
 4.63509e-07
 4.05453e-07
 3.57600e-07
 3.17700e-07
 2.84091e-07
 2.55521e-07
 2.31036e-07
 2.09895e-07
 1.91516e-07
 1.75442e-07
 1.61303e-07
 1.48801e-07
 1.37694e-07
 1.27782e-07
 1.17246e-06
 9.62267e-07
 8.02607e-07
 6.78750e-07
 5.80911e-07
 5.02395e-07
 4.38505e-07
 3.85874e-07
 3.42039e-07
 3.05168e-07
 2.73878e-07
 2.47108e-07
 2.24038e-07
 2.04022e-07
 1.86548e-07
 1.71208e-07
 1.57669e-07
 1.45663e-07
 1.34969e-07
 1.25402e-07
 1.00011e-06
 8.41825e-07
 7.16108e-07
 6.15135e-07
 5.33140e-07
 4.65854e-07
 4.10091e-07
 3.63452e-07
 3.24109e-07
 2.90657e-07
 2.62006e-07
 2.37299e-07
 2.15859e-07
 1.97145e-07
 1.80723e-07
 1.66238e-07
 1.53402e-07
 1.41977e-07
 1.31766e-07
 1.22606e-07
 8.38559e-07
 7.24661e-07
 6.29474e-07
 5.49926e-07
 4.83252e-07
 4.27113e-07
 3.79592e-07
 3.39138e-07
 3.04503e-07
 2.74680e-07
 2.48858e-07
 2.26383e-07
 2.06721e-07
 1.89437e-07
 1.74175e-07
 1.60638e-07
 1.48584e-07
 1.37809e-07
 1.28141e-07
 1.19437e-07
 6.94993e-07
 6.16450e-07
 5.46953e-07
 4.86240e-07
 4.33517e-07
 3.87830e-07
 3.48227e-07
 3.13838e-07
 2.83897e-07
 2.57746e-07
 2.34824e-07
 2.14660e-07
 1.96856e-07
 1.81079e-07
 1.67047e-07
 1.54524e-07
 1.43309e-07
 1.33233e-07
 1.24153e-07
 1.15944e-07
 5.72083e-07
 5.20213e-07
 4.71239e-07
 4.26279e-07
 3.85675e-07
 3.49353e-07
 3.17033e-07
 2.88347e-07
 2.62906e-07
 2.40331e-07
 2.20274e-07
 2.02420e-07
 1.86494e-07
 1.72252e-07
 1.59485e-07
 1.48010e-07
 1.37670e-07
 1.28327e-07
 1.19865e-07
 1.12180e-07
 4.69485e-07
 4.36915e-07
 4.03680e-07
 3.71385e-07
 3.40911e-07
 3.12678e-07
 2.86825e-07
 2.63323e-07
 2.42055e-07
 2.22855e-07
 2.05541e-07
 1.89931e-07
 1.75848e-07
 1.63131e-07
 1.51630e-07
 1.41213e-07
 1.31761e-07
 1.23168e-07
 1.15341e-07
 1.08198e-07
 3.85219e-07
 3.66164e-07
 3.44616e-07
 3.22186e-07
 2.99922e-07
 2.78467e-07
 2.58189e-07
 2.39268e-07
 2.21765e-07
 2.05666e-07
 1.90915e-07
 1.77429e-07
 1.65115e-07
 1.53874e-07
 1.43613e-07
 1.34240e-07
 1.25671e-07
 1.17829e-07
 1.10643e-07
 1.04049e-07
