scalar
part
         1
quad4
 3.42721e-07
 3.31313e-07
 3.16171e-07
 2.99032e-07
 2.81097e-07
 2.63167e-07
 2.45750e-07
 2.29150e-07
 2.13533e-07
 1.98969e-07
 1.85469e-07
 1.73006e-07
 1.61530e-07
 1.50979e-07
 1.41286e-07
 1.32384e-07
 1.24205e-07
 1.16688e-07
 1.09772e-07
 1.03403e-07
 4.24834e-07
 4.01338e-07
 3.75431e-07
 3.48988e-07
 3.23157e-07
 2.98600e-07
 2.75656e-07
 2.54462e-07
 2.35027e-07
 2.17290e-07
 2.01147e-07
 1.86477e-07
 1.73153e-07
 1.61049e-07
 1.50045e-07
 1.40033e-07
 1.30911e-07
 1.22588e-07
 1.14982e-07
 1.08021e-07
 5.26283e-07
 4.84983e-07
 4.44188e-07
 4.05512e-07
 3.69725e-07
 3.37099e-07
 3.07622e-07
 2.81134e-07
 2.57397e-07
 2.36151e-07
 2.17134e-07
 2.00099e-07
 1.84819e-07
 1.71090e-07
 1.58729e-07
 1.47578e-07
 1.37496e-07
 1.28358e-07
 1.20060e-07
 1.12505e-07
 6.49833e-07
 5.83216e-07
 5.22498e-07
 4.68237e-07
 4.20269e-07
 3.78102e-07
 3.41121e-07
 3.08697e-07
 2.80237e-07
 2.55209e-07
 2.33143e-07
 2.13633e-07
 1.96331e-07
 1.80938e-07
 1.67202e-07
 1.54905e-07
 1.43864e-07
 1.33919e-07
 1.24937e-07
 1.16802e-07
 7.96948e-07
 6.95796e-07
 6.09455e-07
 5.36081e-07
 4.73749e-07
 4.20691e-07
 3.75375e-07
 3.36510e-07
 3.03026e-07
 2.74041e-07
 2.48831e-07
 2.26801e-07
 2.07463e-07
 1.90412e-07
 1.75315e-07
 1.61893e-07
 1.49916e-07
 1.39188e-07
 1.29546e-07
 1.20852e-07
 9.66391e-07
 8.20496e-07
 7.02780e-07
 6.07042e-07
 5.28515e-07
 4.63548e-07
 4.09347e-07
 3.63762e-07
 3.25129e-07
 2.92151e-07
 2.63809e-07
 2.39297e-07
 2.17971e-07
 1.99315e-07
 1.82910e-07
 1.68414e-07
 1.55548e-07
 1.44080e-07
 1.33817e-07
 1.24599e-07
 1.15251e-06
 9.52304e-07
 7.98479e-07
 6.78073e-07
 5.82282e-07
 5.04969e-07
 4.41766e-07
 3.89499e-07
 3.45826e-07
 3.08990e-07
 2.77656e-07
 2.50794e-07
 2.27602e-07
 2.07448e-07
 1.89830e-07
 1.74343e-07
 1.60659e-07
 1.48513e-07
 1.37683e-07
 1.27987e-07
 1.34364e-06
 1.08290e-06
 8.90739e-07
 7.45124e-07
 6.32214e-07
 5.42950e-07
 4.71196e-07
 4.12680e-07
 3.64353e-07
 3.23991e-07
 2.89944e-07
 2.60966e-07
 2.36104e-07
 2.14616e-07
 1.95921e-07
 1.79557e-07
 1.65152e-07
 1.52408e-07
 1.41079e-07
 1.30964e-07
 1.52153e-06
 1.20081e-06
 9.72254e-07
 8.03447e-07
 6.75158e-07
 5.75348e-07
 4.96154e-07
 4.32259e-07
 3.79957e-07
 3.36603e-07
 3.00266e-07
 2.69509e-07
 2.43244e-07
 2.20639e-07
 2.01043e-07
 1.83946e-07
 1.68939e-07
 1.55696e-07
 1.43950e-07
 1.33485e-07
 1.66278e-06
 1.29278e-06
 1.03516e-06
 8.48200e-07
 7.08025e-07
 6.00134e-07
 5.15269e-07
 4.47286e-07
 3.91968e-07
 3.46343e-07
 3.08266e-07
 2.76155e-07
 2.48822e-07
 2.25363e-07
 2.05077e-07
 1.87416e-07
 1.71945e-07
 1.58316e-07
 1.46248e-07
 1.35510e-07
 1.74405e-06
 1.34653e-06
 1.07258e-06
 8.75297e-07
 7.28281e-07
 6.15674e-07
 5.27453e-07
 4.57016e-07
 3.99861e-07
 3.52835e-07
 3.13670e-07
 2.80701e-07
 2.52683e-07
 2.28670e-07
 2.07931e-07
 1.89897e-07
 1.74115e-07
 1.60224e-07
 1.47935e-07
 1.37009e-07
 1.75040e-06
 1.35450e-06
 1.08034e-06
 8.82292e-07
 7.34413e-07
 6.20994e-07
 5.32055e-07
 4.61000e-07
 4.03321e-07
 3.55851e-07
 3.16310e-07
 2.83021e-07
 2.54731e-07
 2.30486e-07
 2.09547e-07
 1.91341e-07
 1.75410e-07
 1.61390e-07
 1.48987e-07
 1.37962e-07
 1.68238e-06
 1.31660e-06
 1.05821e-06
 8.68963e-07
 7.26234e-07
 6.15940e-07
 5.28952e-07
 4.59142e-07
 4.02270e-07
 3.55328e-07
 3.16134e-07
 2.83075e-07
 2.54934e-07
 2.30783e-07
 2.09903e-07
 1.91730e-07
 1.75815e-07
 1.61800e-07
 1.49394e-07
 1.38360e-07
 1.55585e-06
 1.24025e-06
 1.00997e-06
 8.37358e-07
 7.04908e-07
 6.01202e-07
 5.18567e-07
 4.51706e-07
 3.96877e-07
 3.51378e-07
 3.13218e-07
 2.80910e-07
 2.53323e-07
 2.29584e-07
 2.09014e-07
 1.91074e-07
 1.75337e-07
 1.61459e-07
 1.49157e-07
 1.38204e-07
 1.39458e-06
 1.13760e-06
 9.42222e-07
 7.91240e-07
 6.72679e-07
 5.78168e-07
 5.01784e-07
 4.39273e-07
 3.87533e-07
 3.44266e-07
 3.07746e-07
 2.76660e-07
 2.49994e-07
 2.26958e-07
 2.06930e-07
 1.89412e-07
 1.74006e-07
 1.60388e-07
 1.48295e-07
 1.37508e-07
 1.22150e-06
 1.02169e-06
 8.62585e-07
 7.35215e-07
 6.32416e-07
 5.48676e-07
 4.79813e-07
 4.22656e-07
 3.74796e-07
 3.34385e-07
 2.99998e-07
 2.70525e-07
 2.45095e-07
 2.23015e-07
 2.03734e-07
 1.86805e-07
 1.71867e-07
 1.58625e-07
 1.46834e-07
 1.36294e-07
 1.05348e-06
 9.03485e-07
 7.78108e-07
 6.73846e-07
 5.87116e-07
 5.14731e-07
 4.54018e-07
 4.02801e-07
 3.59331e-07
 3.22210e-07
 2.90318e-07
 2.62760e-07
 2.38814e-07
 2.17897e-07
 1.99534e-07
 1.83337e-07
 1.68987e-07
 1.56220e-07
 1.44816e-07
 1.34593e-07
 9.00320e-07
 7.90621e-07
 6.94320e-07
 6.11031e-07
 5.39512e-07
 4.78252e-07
 4.25759e-07
 3.80681e-07
 3.41844e-07
 3.08257e-07
 2.79089e-07
 2.53650e-07
 2.31368e-07
 2.11768e-07
 1.94457e-07
 1.79106e-07
 1.65441e-07
 1.53233e-07
 1.42288e-07
 1.32444e-07
 7.66172e-07
 6.87490e-07
 6.14966e-07
 5.49712e-07
 4.91831e-07
 4.40903e-07
 3.96272e-07
 3.57214e-07
 3.23021e-07
 2.93043e-07
 2.66702e-07
 2.43494e-07
 2.22985e-07
 2.04807e-07
 1.88642e-07
 1.74221e-07
 1.61317e-07
 1.49735e-07
 1.39307e-07
 1.29891e-07
 6.51557e-07
 5.95977e-07
 5.42194e-07
 4.91852e-07
 4.45718e-07
 4.04001e-07
 3.66591e-07
 3.33205e-07
 3.03484e-07
 2.77049e-07
 2.53530e-07
 2.32582e-07
 2.13896e-07
 1.97193e-07
 1.82231e-07
 1.68798e-07
 1.56707e-07
 1.45797e-07
 1.35931e-07
 1.26985e-07
