scalar
part
         1
quad4
 3.38982e-07
 3.28229e-07
 3.13645e-07
 2.96973e-07
 2.79426e-07
 2.61813e-07
 2.44655e-07
 2.28267e-07
 2.12821e-07
 1.98397e-07
 1.85011e-07
 1.72640e-07
 1.61240e-07
 1.50751e-07
 1.41109e-07
 1.32249e-07
 1.24105e-07
 1.16615e-07
 1.09723e-07
 1.03374e-07
 4.20873e-07
 3.98164e-07
 3.72905e-07
 3.46986e-07
 3.21576e-07
 2.97354e-07
 2.74677e-07
 2.53694e-07
 2.34427e-07
 2.16824e-07
 2.00788e-07
 1.86203e-07
 1.72947e-07
 1.60898e-07
 1.49939e-07
 1.39963e-07
 1.30869e-07
 1.22570e-07
 1.14983e-07
 1.08036e-07
 5.22174e-07
 4.81808e-07
 4.41750e-07
 4.03647e-07
 3.68302e-07
 3.36017e-07
 3.06804e-07
 2.80518e-07
 2.56939e-07
 2.35815e-07
 2.16893e-07
 1.99932e-07
 1.84711e-07
 1.71027e-07
 1.58702e-07
 1.47579e-07
 1.37518e-07
 1.28398e-07
 1.20113e-07
 1.12569e-07
 6.45723e-07
 5.80185e-07
 5.20276e-07
 4.66615e-07
 4.19091e-07
 3.77254e-07
 3.40518e-07
 3.08277e-07
 2.79954e-07
 2.55029e-07
 2.33041e-07
 2.13590e-07
 1.96332e-07
 1.80973e-07
 1.67262e-07
 1.54984e-07
 1.43956e-07
 1.34022e-07
 1.25047e-07
 1.16916e-07
 7.93090e-07
 6.93127e-07
 6.07623e-07
 5.34837e-07
 4.72918e-07
 4.20153e-07
 3.75045e-07
 3.36329e-07
 3.02952e-07
 2.74043e-07
 2.48888e-07
 2.26897e-07
 2.07586e-07
 1.90554e-07
 1.75469e-07
 1.62056e-07
 1.50083e-07
 1.39357e-07
 1.29715e-07
 1.21020e-07
 9.63191e-07
 8.18497e-07
 7.01562e-07
 6.06337e-07
 5.28147e-07
 4.63404e-07
 4.09352e-07
 3.63865e-07
 3.25297e-07
 2.92360e-07
 2.64043e-07
 2.39546e-07
 2.18227e-07
 1.99573e-07
 1.83166e-07
 1.68666e-07
 1.55794e-07
 1.44319e-07
 1.34048e-07
 1.24822e-07
 1.15055e-06
 9.51369e-07
 7.98140e-07
 6.78084e-07
 5.82498e-07
 5.05302e-07
 4.42163e-07
 3.89927e-07
 3.46265e-07
 3.09427e-07
 2.78083e-07
 2.51207e-07
 2.27999e-07
 2.07828e-07
 1.90192e-07
 1.74687e-07
 1.60987e-07
 1.48823e-07
 1.37978e-07
 1.28267e-07
 1.34367e-06
 1.08347e-06
 8.91550e-07
 7.46021e-07
 6.33122e-07
 5.43830e-07
 4.72032e-07
 4.13465e-07
 3.65085e-07
 3.24671e-07
 2.90576e-07
 2.61553e-07
 2.36649e-07
 2.15122e-07
 1.96392e-07
 1.79996e-07
 1.65563e-07
 1.52792e-07
 1.41439e-07
 1.31302e-07
 1.52430e-06
 1.20330e-06
 9.74441e-07
 8.05362e-07
 6.76837e-07
 5.76825e-07
 4.97461e-07
 4.33421e-07
 3.80995e-07
 3.37536e-07
 3.01108e-07
 2.70271e-07
 2.43939e-07
 2.21274e-07
 2.01625e-07
 1.84481e-07
 1.69433e-07
 1.56153e-07
 1.44375e-07
 1.33880e-07
 1.66880e-06
 1.29741e-06
 1.03884e-06
 8.51194e-07
 7.10508e-07
 6.02226e-07
 5.17056e-07
 4.48829e-07
 3.93314e-07
 3.47528e-07
 3.09317e-07
 2.77093e-07
 2.49665e-07
 2.26125e-07
 2.05769e-07
 1.88047e-07
 1.72523e-07
 1.58847e-07
 1.46737e-07
 1.35962e-07
 1.75327e-06
 1.35327e-06
 1.07771e-06
 8.79336e-07
 7.31540e-07
 6.18359e-07
 5.29702e-07
 4.58927e-07
 4.01505e-07
 3.54265e-07
 3.14924e-07
 2.81810e-07
 2.53671e-07
 2.29555e-07
 2.08729e-07
 1.90619e-07
 1.74772e-07
 1.60825e-07
 1.48486e-07
 1.37516e-07
 1.76218e-06
 1.36299e-06
 1.08671e-06
 8.87242e-07
 7.38361e-07
 6.24210e-07
 5.34723e-07
 4.63248e-07
 4.05239e-07
 3.57506e-07
 3.17752e-07
 2.84289e-07
 2.55854e-07
 2.31487e-07
 2.10445e-07
 1.92150e-07
 1.76143e-07
 1.62058e-07
 1.49598e-07
 1.38522e-07
 1.69569e-06
 1.32626e-06
 1.06549e-06
 8.74618e-07
 7.30735e-07
 6.19598e-07
 5.31977e-07
 4.61681e-07
 4.04429e-07
 3.57184e-07
 3.17746e-07
 2.84487e-07
 2.56180e-07
 2.31891e-07
 2.10894e-07
 1.92621e-07
 1.76620e-07
 1.62531e-07
 1.50061e-07
 1.38970e-07
 1.56959e-06
 1.25045e-06
 1.01777e-06
 8.43468e-07
 7.09798e-07
 6.05189e-07
 5.21869e-07
 4.54480e-07
 3.99235e-07
 3.53403e-07
 3.14975e-07
 2.82448e-07
 2.54678e-07
 2.30787e-07
 2.10088e-07
 1.92039e-07
 1.76208e-07
 1.62248e-07
 1.49876e-07
 1.38861e-07
 1.40792e-06
 1.14779e-06
 9.50175e-07
 7.97561e-07
 6.77790e-07
 5.82365e-07
 5.05278e-07
 4.42218e-07
 3.90043e-07
 3.46426e-07
 3.09622e-07
 2.78302e-07
 2.51442e-07
 2.28243e-07
 2.08076e-07
 1.90441e-07
 1.74934e-07
 1.61229e-07
 1.49060e-07
 1.38207e-07
 1.23390e-06
 1.03147e-06
 8.70395e-07
 7.41533e-07
 6.37592e-07
 5.52970e-07
 4.83416e-07
 4.25711e-07
 3.77411e-07
 3.36643e-07
 3.01964e-07
 2.72250e-07
 2.46617e-07
 2.24368e-07
 2.04942e-07
 1.87889e-07
 1.72846e-07
 1.59512e-07
 1.47641e-07
 1.37030e-07
 1.06471e-06
 9.12609e-07
 7.85569e-07
 6.79996e-07
 5.92231e-07
 5.19024e-07
 4.57654e-07
 4.05907e-07
 3.62006e-07
 3.24531e-07
 2.92347e-07
 2.64544e-07
 2.40393e-07
 2.19302e-07
 2.00791e-07
 1.84467e-07
 1.70007e-07
 1.57145e-07
 1.45658e-07
 1.35362e-07
 9.10321e-07
 7.98973e-07
 7.01306e-07
 6.16899e-07
 5.44468e-07
 4.82465e-07
 4.29364e-07
 3.83786e-07
 3.44538e-07
 3.10608e-07
 2.81153e-07
 2.55473e-07
 2.32986e-07
 2.13212e-07
 1.95751e-07
 1.80271e-07
 1.66495e-07
 1.54190e-07
 1.43160e-07
 1.33241e-07
 7.75001e-07
 6.95044e-07
 6.21419e-07
 5.55230e-07
 4.96563e-07
 4.44976e-07
 3.99795e-07
 3.60276e-07
 3.25697e-07
 2.95393e-07
 2.68776e-07
 2.45334e-07
 2.24625e-07
 2.06275e-07
 1.89962e-07
 1.75413e-07
 1.62397e-07
 1.50716e-07
 1.40202e-07
 1.30711e-07
 6.59323e-07
 6.02762e-07
 5.48100e-07
 4.96987e-07
 4.50185e-07
 4.07895e-07
 3.69995e-07
 3.36191e-07
 3.06114e-07
 2.79375e-07
 2.55594e-07
 2.34423e-07
 2.15543e-07
 1.98673e-07
 1.83566e-07
 1.70006e-07
 1.57804e-07
 1.46797e-07
 1.36844e-07
 1.27822e-07
