scalar
part
         1
quad4
 3.91514e-07
 3.71739e-07
 3.49544e-07
 3.26542e-07
 3.03777e-07
 2.81888e-07
 2.61233e-07
 2.41985e-07
 2.24199e-07
 2.07855e-07
 1.92890e-07
 1.79217e-07
 1.66739e-07
 1.55355e-07
 1.44966e-07
 1.35481e-07
 1.26813e-07
 1.18882e-07
 1.11617e-07
 1.04951e-07
 4.76744e-07
 4.43223e-07
 4.09164e-07
 3.76162e-07
 3.45087e-07
 3.16343e-07
 2.90056e-07
 2.66185e-07
 2.44601e-07
 2.25130e-07
 2.07584e-07
 1.91772e-07
 1.77514e-07
 1.64644e-07
 1.53009e-07
 1.42474e-07
 1.32918e-07
 1.24233e-07
 1.16324e-07
 1.09108e-07
 5.80444e-07
 5.27325e-07
 4.77309e-07
 4.31486e-07
 3.90167e-07
 3.53253e-07
 3.20439e-07
 2.91341e-07
 2.65552e-07
 2.42682e-07
 2.22373e-07
 2.04305e-07
 1.88193e-07
 1.73791e-07
 1.60884e-07
 1.49287e-07
 1.38838e-07
 1.29401e-07
 1.20854e-07
 1.13094e-07
 7.04577e-07
 6.24411e-07
 5.53617e-07
 4.91865e-07
 4.38308e-07
 3.91944e-07
 3.51789e-07
 3.16944e-07
 2.86625e-07
 2.60157e-07
 2.36969e-07
 2.16578e-07
 1.98580e-07
 1.82635e-07
 1.68458e-07
 1.55809e-07
 1.44483e-07
 1.34310e-07
 1.25143e-07
 1.16859e-07
 8.49440e-07
 7.33474e-07
 6.36705e-07
 5.55935e-07
 4.88304e-07
 4.31407e-07
 3.83279e-07
 3.42333e-07
 3.07292e-07
 2.77134e-07
 2.51032e-07
 2.28320e-07
 2.08457e-07
 1.91001e-07
 1.75590e-07
 1.61925e-07
 1.49759e-07
 1.38884e-07
 1.29129e-07
 1.20348e-07
 1.01227e-06
 8.51425e-07
 7.23833e-07
 6.21460e-07
 5.38397e-07
 4.70282e-07
 4.13865e-07
 3.66702e-07
 3.26933e-07
 2.93133e-07
 2.64191e-07
 2.39242e-07
 2.17596e-07
 1.98707e-07
 1.82134e-07
 1.67519e-07
 1.54570e-07
 1.43046e-07
 1.32748e-07
 1.23510e-07
 1.18574e-06
 9.72500e-07
 8.10700e-07
 6.85290e-07
 5.86294e-07
 5.06894e-07
 4.42318e-07
 3.89142e-07
 3.44869e-07
 3.07641e-07
 2.76056e-07
 2.49041e-07
 2.25764e-07
 2.05571e-07
 1.87947e-07
 1.72476e-07
 1.58825e-07
 1.46720e-07
 1.35939e-07
 1.26296e-07
 1.35705e-06
 1.08809e-06
 8.91520e-07
 7.43504e-07
 6.29298e-07
 5.39365e-07
 4.67307e-07
 4.08698e-07
 3.60403e-07
 3.20145e-07
 2.86242e-07
 2.57428e-07
 2.32737e-07
 2.11421e-07
 1.92893e-07
 1.76690e-07
 1.62440e-07
 1.49841e-07
 1.38648e-07
 1.28661e-07
 1.50832e-06
 1.18736e-06
 9.59539e-07
 7.91775e-07
 6.64570e-07
 5.65784e-07
 4.87518e-07
 4.24449e-07
 3.72878e-07
 3.30167e-07
 2.94395e-07
 2.64137e-07
 2.38315e-07
 2.16101e-07
 1.96854e-07
 1.80068e-07
 1.65340e-07
 1.52347e-07
 1.40827e-07
 1.30566e-07
 1.61905e-06
 1.25882e-06
 1.00801e-06
 8.25975e-07
 6.89492e-07
 5.84438e-07
 5.01802e-07
 4.35602e-07
 3.81734e-07
 3.37304e-07
 3.00224e-07
 2.68952e-07
 2.42334e-07
 2.19488e-07
 1.99732e-07
 1.82532e-07
 1.67465e-07
 1.54192e-07
 1.42438e-07
 1.31980e-07
 1.67087e-06
 1.29283e-06
 1.03153e-06
 8.42909e-07
 7.02087e-07
 5.94059e-07
 5.09316e-07
 4.41582e-07
 3.86571e-07
 3.41272e-07
 3.03519e-07
 2.71718e-07
 2.44679e-07
 2.21493e-07
 2.01459e-07
 1.84031e-07
 1.68774e-07
 1.55342e-07
 1.43454e-07
 1.32882e-07
 1.65399e-06
 1.28446e-06
 1.02739e-06
 8.40997e-07
 7.01384e-07
 5.94023e-07
 5.09647e-07
 4.42106e-07
 3.87189e-07
 3.41926e-07
 3.04174e-07
 2.72356e-07
 2.45288e-07
 2.22068e-07
 2.01999e-07
 1.84535e-07
 1.69244e-07
 1.55778e-07
 1.43859e-07
 1.33258e-07
 1.57177e-06
 1.23528e-06
 9.96392e-07
 8.20665e-07
 6.87620e-07
 5.84465e-07
 5.02869e-07
 4.37218e-07
 3.83613e-07
 3.39279e-07
 3.02197e-07
 2.70869e-07
 2.44163e-07
 2.21215e-07
 2.01351e-07
 1.84043e-07
 1.68871e-07
 1.55499e-07
 1.43652e-07
 1.33107e-07
 1.43998e-06
 1.15306e-06
 9.42685e-07
 7.84265e-07
 6.62193e-07
 5.66248e-07
 4.89537e-07
 4.27280e-07
 3.76086e-07
 3.33500e-07
 2.97705e-07
 2.67339e-07
 2.41364e-07
 2.18975e-07
 1.99546e-07
 1.82579e-07
 1.67676e-07
 1.54518e-07
 1.42843e-07
 1.32437e-07
 1.28038e-06
 1.04923e-06
 8.72642e-07
 7.35532e-07
 6.27384e-07
 5.40818e-07
 4.70592e-07
 4.12923e-07
 3.65043e-07
 3.24890e-07
 2.90913e-07
 2.61924e-07
 2.37004e-07
 2.15436e-07
 1.96649e-07
 1.80191e-07
 1.65695e-07
 1.52864e-07
 1.41455e-07
 1.31267e-07
 1.11342e-06
 9.35617e-07
 7.93300e-07
 6.78796e-07
 5.85941e-07
 5.09966e-07
 4.47233e-07
 3.94968e-07
 3.51053e-07
 3.13857e-07
 2.82115e-07
 2.54838e-07
 2.31245e-07
 2.10716e-07
 1.92752e-07
 1.76950e-07
 1.62983e-07
 1.50581e-07
 1.39523e-07
 1.29623e-07
 9.53829e-07
 8.21931e-07
 7.10997e-07
 6.18220e-07
 5.40639e-07
 4.75575e-07
 4.20759e-07
 3.74327e-07
 3.34769e-07
 3.00872e-07
 2.71657e-07
 2.46339e-07
 2.24280e-07
 2.04964e-07
 1.87968e-07
 1.72945e-07
 1.59609e-07
 1.47723e-07
 1.37089e-07
 1.27540e-07
 8.09925e-07
 7.14785e-07
 6.30595e-07
 5.57282e-07
 4.93948e-07
 4.39403e-07
 3.92432e-07
 3.51912e-07
 3.16859e-07
 2.86428e-07
 2.59909e-07
 2.36706e-07
 2.16323e-07
 1.98344e-07
 1.82424e-07
 1.68275e-07
 1.55652e-07
 1.44353e-07
 1.34203e-07
 1.25058e-07
 6.84944e-07
 6.17833e-07
 5.55300e-07
 4.98547e-07
 4.47841e-07
 4.02941e-07
 3.63372e-07
 3.28568e-07
 2.97959e-07
 2.71011e-07
 2.47241e-07
 2.26224e-07
 2.07593e-07
 1.91028e-07
 1.76258e-07
 1.63048e-07
 1.51199e-07
 1.40540e-07
 1.30923e-07
 1.22224e-07
 5.78919e-07
 5.32484e-07
 4.86862e-07
 4.43674e-07
 4.03735e-07
 3.67347e-07
 3.34501e-07
 3.05019e-07
 2.78638e-07
 2.55063e-07
 2.34000e-07
 2.15168e-07
 1.98308e-07
 1.83190e-07
 1.69606e-07
 1.57375e-07
 1.46338e-07
 1.36356e-07
 1.27307e-07
 1.19086e-07
