scalar
part
         1
quad4
 5.25310e-07
 4.87271e-07
 4.48975e-07
 4.12038e-07
 3.77353e-07
 3.45339e-07
 3.16116e-07
 2.89627e-07
 2.65717e-07
 2.44185e-07
 2.24813e-07
 2.07385e-07
 1.91695e-07
 1.77554e-07
 1.64790e-07
 1.53249e-07
 1.42795e-07
 1.33307e-07
 1.24679e-07
 1.16817e-07
 6.25709e-07
 5.69174e-07
 5.15519e-07
 4.66077e-07
 4.21322e-07
 3.81238e-07
 3.45557e-07
 3.13893e-07
 2.85824e-07
 2.60937e-07
 2.38846e-07
 2.19203e-07
 2.01701e-07
 1.86068e-07
 1.72070e-07
 1.59504e-07
 1.48193e-07
 1.37986e-07
 1.28751e-07
 1.20375e-07
 7.45181e-07
 6.63258e-07
 5.89670e-07
 5.24741e-07
 4.67994e-07
 4.18614e-07
 3.75700e-07
 3.38379e-07
 3.05858e-07
 2.77444e-07
 2.52539e-07
 2.30636e-07
 2.11306e-07
 1.94186e-07
 1.78969e-07
 1.65398e-07
 1.53255e-07
 1.42353e-07
 1.32536e-07
 1.23670e-07
 8.84479e-07
 7.68792e-07
 6.70193e-07
 5.86737e-07
 5.16199e-07
 4.56475e-07
 4.05732e-07
 3.62429e-07
 3.25294e-07
 2.93287e-07
 2.65558e-07
 2.41417e-07
 2.20297e-07
 2.01735e-07
 1.85348e-07
 1.70820e-07
 1.57888e-07
 1.46334e-07
 1.35973e-07
 1.26650e-07
 1.04174e-06
 8.83122e-07
 7.54552e-07
 6.49928e-07
 5.64228e-07
 4.93487e-07
 4.34623e-07
 3.85252e-07
 3.43523e-07
 3.07995e-07
 2.77539e-07
 2.51261e-07
 2.28451e-07
 2.08539e-07
 1.91065e-07
 1.75655e-07
 1.62003e-07
 1.49854e-07
 1.39001e-07
 1.29268e-07
 1.21080e-06
 1.00095e-06
 8.38645e-07
 7.11258e-07
 6.09840e-07
 5.28009e-07
 4.61168e-07
 4.05955e-07
 3.59879e-07
 3.21069e-07
 2.88100e-07
 2.59876e-07
 2.35541e-07
 2.14422e-07
 1.95984e-07
 1.79796e-07
 1.65511e-07
 1.52845e-07
 1.41565e-07
 1.31477e-07
 1.37974e-06
 1.11398e-06
 9.16821e-07
 7.66878e-07
 6.50385e-07
 5.58197e-07
 4.84064e-07
 4.23606e-07
 3.73686e-07
 3.32010e-07
 2.96872e-07
 2.66984e-07
 2.41356e-07
 2.19221e-07
 1.99977e-07
 1.83142e-07
 1.68335e-07
 1.55243e-07
 1.43613e-07
 1.33235e-07
 1.53085e-06
 1.21144e-06
 9.82373e-07
 8.12508e-07
 6.83067e-07
 5.82178e-07
 5.02030e-07
 4.37312e-07
 3.84309e-07
 3.40361e-07
 3.03520e-07
 2.72335e-07
 2.45708e-07
 2.22794e-07
 2.02934e-07
 1.85609e-07
 1.70407e-07
 1.56995e-07
 1.45103e-07
 1.34510e-07
 1.64325e-06
 1.28175e-06
 1.02856e-06
 8.44056e-07
 7.05309e-07
 5.98279e-07
 5.13951e-07
 4.46310e-07
 3.91217e-07
 3.45743e-07
 3.07769e-07
 2.75729e-07
 2.48448e-07
 2.25026e-07
 2.04768e-07
 1.87129e-07
 1.71675e-07
 1.58060e-07
 1.46003e-07
 1.35275e-07
 1.69841e-06
 1.31523e-06
 1.05000e-06
 8.58358e-07
 7.15172e-07
 6.05270e-07
 5.19021e-07
 4.50060e-07
 3.94037e-07
 3.47895e-07
 3.09432e-07
 2.77029e-07
 2.49474e-07
 2.25843e-07
 2.05424e-07
 1.87659e-07
 1.72106e-07
 1.58412e-07
 1.46292e-07
 1.35513e-07
 1.68615e-06
 1.30678e-06
 1.04392e-06
 8.53830e-07
 7.11707e-07
 6.02559e-07
 5.16859e-07
 4.48307e-07
 3.92597e-07
 3.46697e-07
 3.08425e-07
 2.76174e-07
 2.48742e-07
 2.25212e-07
 2.04876e-07
 1.87180e-07
 1.71685e-07
 1.58040e-07
 1.45961e-07
 1.35218e-07
 1.60835e-06
 1.25740e-06
 1.01089e-06
 8.30817e-07
 6.95134e-07
 5.90291e-07
 5.07565e-07
 4.41124e-07
 3.86949e-07
 3.42188e-07
 3.04777e-07
 2.73187e-07
 2.46270e-07
 2.23146e-07
 2.03135e-07
 1.85700e-07
 1.70418e-07
 1.56949e-07
 1.45016e-07
 1.34394e-07
 1.47808e-06
 1.17382e-06
 9.54659e-07
 7.91523e-07
 6.66808e-07
 5.69332e-07
 4.91709e-07
 4.28898e-07
 3.77361e-07
 3.34558e-07
 2.98625e-07
 2.68169e-07
 2.42133e-07
 2.19703e-07
 2.00244e-07
 1.83254e-07
 1.68334e-07
 1.55160e-07
 1.43472e-07
 1.33053e-07
 1.31509e-06
 1.06663e-06
 8.81246e-07
 7.39543e-07
 6.28967e-07
 5.41126e-07
 4.70251e-07
 4.12281e-07
 3.64290e-07
 3.24133e-07
 2.90206e-07
 2.61294e-07
 2.36462e-07
 2.14982e-07
 1.96280e-07
 1.79901e-07
 1.65477e-07
 1.52711e-07
 1.41359e-07
 1.31221e-07
 1.13990e-06
 9.47494e-07
 7.97583e-07
 6.79164e-07
 5.84353e-07
 5.07476e-07
 4.44410e-07
 3.92117e-07
 3.48331e-07
 3.11339e-07
 2.79831e-07
 2.52793e-07
 2.29430e-07
 2.09114e-07
 1.91346e-07
 1.75721e-07
 1.61912e-07
 1.49651e-07
 1.38717e-07
 1.28928e-07
 9.69086e-07
 8.26735e-07
 7.10234e-07
 6.14649e-07
 5.35796e-07
 4.70305e-07
 4.15516e-07
 3.69344e-07
 3.30156e-07
 2.96668e-07
 2.67864e-07
 2.42939e-07
 2.21244e-07
 2.02260e-07
 1.85563e-07
 1.70809e-07
 1.57713e-07
 1.46041e-07
 1.35596e-07
 1.26215e-07
 8.13220e-07
 7.11949e-07
 6.24497e-07
 5.49681e-07
 4.85874e-07
 4.31434e-07
 3.84872e-07
 3.44907e-07
 3.10459e-07
 2.80634e-07
 2.54692e-07
 2.32025e-07
 2.12130e-07
 1.94593e-07
 1.79070e-07
 1.65275e-07
 1.52968e-07
 1.41949e-07
 1.32050e-07
 1.23128e-07
 6.77278e-07
 6.07707e-07
 5.44046e-07
 4.87068e-07
 4.36690e-07
 3.92429e-07
 3.53647e-07
 3.19680e-07
 2.89899e-07
 2.63738e-07
 2.40698e-07
 2.20348e-07
 2.02319e-07
 1.86296e-07
 1.72009e-07
 1.59231e-07
 1.47767e-07
 1.37451e-07
 1.28141e-07
 1.19714e-07
 5.62212e-07
 5.16035e-07
 4.71004e-07
 4.28684e-07
 3.89788e-07
 3.54521e-07
 3.22807e-07
 2.94418e-07
 2.69066e-07
 2.46441e-07
 2.26243e-07
 2.08193e-07
 1.92036e-07
 1.77546e-07
 1.64525e-07
 1.52795e-07
 1.42206e-07
 1.32623e-07
 1.23930e-07
 1.16028e-07
 4.66642e-07
 4.37178e-07
 4.06251e-07
 3.75572e-07
 3.46167e-07
 3.18589e-07
 2.93091e-07
 2.69729e-07
 2.48452e-07
 2.29141e-07
 2.11649e-07
 1.95818e-07
 1.81490e-07
 1.68516e-07
 1.56754e-07
 1.46079e-07
 1.36376e-07
 1.27541e-07
 1.19482e-07
 1.12119e-07
