scalar
part
         1
quad4
 3.51182e-07
 3.38012e-07
 3.21465e-07
 3.03215e-07
 2.84406e-07
 2.65788e-07
 2.47829e-07
 2.30802e-07
 2.14844e-07
 2.00009e-07
 1.86292e-07
 1.73655e-07
 1.62038e-07
 1.51373e-07
 1.41587e-07
 1.32609e-07
 1.24368e-07
 1.16799e-07
 1.09841e-07
 1.03438e-07
 4.33389e-07
 4.07878e-07
 3.80431e-07
 3.52816e-07
 3.26094e-07
 3.00856e-07
 2.77390e-07
 2.55793e-07
 2.36047e-07
 2.18066e-07
 2.01732e-07
 1.86911e-07
 1.73467e-07
 1.61268e-07
 1.50189e-07
 1.40117e-07
 1.30946e-07
 1.22584e-07
 1.14947e-07
 1.07961e-07
 5.34577e-07
 4.91051e-07
 4.48637e-07
 4.08780e-07
 3.72129e-07
 3.38865e-07
 3.08915e-07
 2.82072e-07
 2.58067e-07
 2.36617e-07
 2.17445e-07
 2.00291e-07
 1.84919e-07
 1.71118e-07
 1.58703e-07
 1.47509e-07
 1.37394e-07
 1.28231e-07
 1.19914e-07
 1.12345e-07
 6.57321e-07
 5.88380e-07
 5.26068e-07
 4.70702e-07
 4.21961e-07
 3.79247e-07
 3.41875e-07
 3.09168e-07
 2.80503e-07
 2.55324e-07
 2.33148e-07
 2.13557e-07
 1.96195e-07
 1.80760e-07
 1.66992e-07
 1.54674e-07
 1.43617e-07
 1.33663e-07
 1.24675e-07
 1.16537e-07
 8.02861e-07
 6.99510e-07
 6.11763e-07
 5.37477e-07
 4.74543e-07
 4.21082e-07
 3.75495e-07
 3.36446e-07
 3.02837e-07
 2.73768e-07
 2.48502e-07
 2.26436e-07
 2.07076e-07
 1.90014e-07
 1.74912e-07
 1.61491e-07
 1.49518e-07
 1.38797e-07
 1.29163e-07
 1.20479e-07
 9.69750e-07
 8.22132e-07
 7.03424e-07
 6.07106e-07
 5.28236e-07
 4.63068e-07
 4.08752e-07
 3.63105e-07
 3.24444e-07
 2.91459e-07
 2.63124e-07
 2.38627e-07
 2.17321e-07
 1.98688e-07
 1.82307e-07
 1.67837e-07
 1.54995e-07
 1.43551e-07
 1.33311e-07
 1.24116e-07
 1.15224e-06
 9.51251e-07
 7.97101e-07
 6.76588e-07
 5.80795e-07
 5.03531e-07
 4.40399e-07
 3.88211e-07
 3.44619e-07
 3.07862e-07
 2.76602e-07
 2.49809e-07
 2.26682e-07
 2.06587e-07
 1.89023e-07
 1.73586e-07
 1.59949e-07
 1.47844e-07
 1.37053e-07
 1.27393e-07
 1.33888e-06
 1.07872e-06
 8.87109e-07
 7.41964e-07
 6.29447e-07
 5.40510e-07
 4.69030e-07
 4.10745e-07
 3.62613e-07
 3.22419e-07
 2.88517e-07
 2.59665e-07
 2.34912e-07
 2.13520e-07
 1.94910e-07
 1.78621e-07
 1.64285e-07
 1.51601e-07
 1.40326e-07
 1.30260e-07
 1.51197e-06
 1.19342e-06
 9.66355e-07
 7.98618e-07
 6.71123e-07
 5.71920e-07
 4.93202e-07
 4.29687e-07
 3.77695e-07
 3.34596e-07
 2.98472e-07
 2.67896e-07
 2.41786e-07
 2.19313e-07
 1.99832e-07
 1.82835e-07
 1.67917e-07
 1.54752e-07
 1.43076e-07
 1.32672e-07
 1.64905e-06
 1.28255e-06
 1.02723e-06
 8.41851e-07
 7.02823e-07
 5.95788e-07
 5.11581e-07
 4.44114e-07
 3.89210e-07
 3.43922e-07
 3.06123e-07
 2.74244e-07
 2.47107e-07
 2.23815e-07
 2.03673e-07
 1.86137e-07
 1.70774e-07
 1.57240e-07
 1.45256e-07
 1.34592e-07
 1.72753e-06
 1.33422e-06
 1.06305e-06
 8.67701e-07
 7.22088e-07
 6.10530e-07
 5.23113e-07
 4.53305e-07
 3.96654e-07
 3.50035e-07
 3.11204e-07
 2.78513e-07
 2.50729e-07
 2.26914e-07
 2.06345e-07
 1.88457e-07
 1.72802e-07
 1.59022e-07
 1.46830e-07
 1.35990e-07
 1.73272e-06
 1.34100e-06
 1.06974e-06
 8.73786e-07
 7.27453e-07
 6.15205e-07
 5.27172e-07
 4.56830e-07
 3.99722e-07
 3.52715e-07
 3.13555e-07
 2.80583e-07
 2.52559e-07
 2.28539e-07
 2.07793e-07
 1.89752e-07
 1.73964e-07
 1.60070e-07
 1.47777e-07
 1.36848e-07
 1.66478e-06
 1.30269e-06
 1.04706e-06
 8.59892e-07
 7.18745e-07
 6.09674e-07
 5.23647e-07
 4.54602e-07
 3.98347e-07
 3.51909e-07
 3.13131e-07
 2.80418e-07
 2.52568e-07
 2.28665e-07
 2.07997e-07
 1.90005e-07
 1.74248e-07
 1.60371e-07
 1.48085e-07
 1.37158e-07
 1.53897e-06
 1.22648e-06
 9.98683e-07
 8.28022e-07
 6.97110e-07
 5.94623e-07
 5.12962e-07
 4.46889e-07
 3.92701e-07
 3.47730e-07
 3.10009e-07
 2.78069e-07
 2.50792e-07
 2.27318e-07
 2.06974e-07
 1.89230e-07
 1.73662e-07
 1.59931e-07
 1.47760e-07
 1.36921e-07
 1.37866e-06
 1.12429e-06
 9.31082e-07
 7.81878e-07
 6.64760e-07
 5.71422e-07
 4.95994e-07
 4.34267e-07
 3.83174e-07
 3.40445e-07
 3.04376e-07
 2.73670e-07
 2.47327e-07
 2.24567e-07
 2.04776e-07
 1.87463e-07
 1.72235e-07
 1.58774e-07
 1.46818e-07
 1.36152e-07
 1.20661e-06
 1.00900e-06
 8.51783e-07
 7.26002e-07
 6.24528e-07
 5.41888e-07
 4.73939e-07
 4.17544e-07
 3.70320e-07
 3.30444e-07
 2.96510e-07
 2.67422e-07
 2.42320e-07
 2.20523e-07
 2.01485e-07
 1.84768e-07
 1.70016e-07
 1.56935e-07
 1.45288e-07
 1.34873e-07
 1.03962e-06
 8.91504e-07
 7.67762e-07
 6.64906e-07
 5.79373e-07
 5.08002e-07
 4.48146e-07
 3.97654e-07
 3.54798e-07
 3.18199e-07
 2.86753e-07
 2.59577e-07
 2.35960e-07
 2.15327e-07
 1.97211e-07
 1.81229e-07
 1.67068e-07
 1.54467e-07
 1.43210e-07
 1.33116e-07
 8.87501e-07
 7.79396e-07
 6.84504e-07
 6.02448e-07
 5.31998e-07
 4.71659e-07
 4.19958e-07
 3.75559e-07
 3.37306e-07
 3.04221e-07
 2.75485e-07
 2.50420e-07
 2.28461e-07
 2.09144e-07
 1.92079e-07
 1.76944e-07
 1.63469e-07
 1.51429e-07
 1.40633e-07
 1.30921e-07
 7.54372e-07
 6.77035e-07
 6.05719e-07
 5.41538e-07
 4.84604e-07
 4.34504e-07
 3.90596e-07
 3.52167e-07
 3.18521e-07
 2.89018e-07
 2.63090e-07
 2.40243e-07
 2.20051e-07
 2.02148e-07
 1.86226e-07
 1.72020e-07
 1.59306e-07
 1.47891e-07
 1.37613e-07
 1.28331e-07
 6.40738e-07
 5.86286e-07
 5.33531e-07
 4.84119e-07
 4.38816e-07
 3.97838e-07
 3.61081e-07
 3.28272e-07
 2.99058e-07
 2.73068e-07
 2.49941e-07
 2.29338e-07
 2.10955e-07
 1.94521e-07
 1.79796e-07
 1.66572e-07
 1.54668e-07
 1.43925e-07
 1.34207e-07
 1.25395e-07
