scalar
part
         1
quad4
 6.34458e-07
 5.80796e-07
 5.28749e-07
 4.79957e-07
 4.35190e-07
 3.94674e-07
 3.58312e-07
 3.25839e-07
 2.96913e-07
 2.71170e-07
 2.48254e-07
 2.27833e-07
 2.09607e-07
 1.93309e-07
 1.78703e-07
 1.65582e-07
 1.53769e-07
 1.43105e-07
 1.33458e-07
 1.24707e-07
 7.47274e-07
 6.70954e-07
 6.00517e-07
 5.37082e-07
 4.80776e-07
 4.31204e-07
 3.87737e-07
 3.49678e-07
 3.16343e-07
 2.87104e-07
 2.61399e-07
 2.38741e-07
 2.18711e-07
 2.00949e-07
 1.85147e-07
 1.71046e-07
 1.58422e-07
 1.47087e-07
 1.36879e-07
 1.27659e-07
 8.79510e-07
 7.72707e-07
 6.78896e-07
 5.97727e-07
 5.28002e-07
 4.68256e-07
 4.17040e-07
 3.73042e-07
 3.35120e-07
 3.02310e-07
 2.73806e-07
 2.48935e-07
 2.27143e-07
 2.07966e-07
 1.91022e-07
 1.75992e-07
 1.62608e-07
 1.50647e-07
 1.39920e-07
 1.30269e-07
 1.03071e-06
 8.84234e-07
 7.61800e-07
 6.59976e-07
 5.75262e-07
 5.04543e-07
 4.45211e-07
 3.95142e-07
 3.52632e-07
 3.16317e-07
 2.85106e-07
 2.58127e-07
 2.34676e-07
 2.14183e-07
 1.96187e-07
 1.80308e-07
 1.66236e-07
 1.53712e-07
 1.42523e-07
 1.32488e-07
 1.19681e-06
 1.00124e-06
 8.45565e-07
 7.20955e-07
 6.20379e-07
 5.38438e-07
 4.71038e-07
 4.15079e-07
 3.68207e-07
 3.28616e-07
 2.94917e-07
 2.66023e-07
 2.41084e-07
 2.19424e-07
 2.00503e-07
 1.83886e-07
 1.69219e-07
 1.56214e-07
 1.44631e-07
 1.34273e-07
 1.36819e-06
 1.11623e-06
 9.24772e-07
 7.76843e-07
 6.60675e-07
 5.68058e-07
 4.93187e-07
 4.31896e-07
 3.81150e-07
 3.38701e-07
 3.02859e-07
 2.72341e-07
 2.46154e-07
 2.23526e-07
 2.03846e-07
 1.86628e-07
 1.71482e-07
 1.58091e-07
 1.46196e-07
 1.35584e-07
 1.52822e-06
 1.21844e-06
 9.92509e-07
 8.23165e-07
 6.93210e-07
 5.91435e-07
 5.10315e-07
 4.44661e-07
 3.90805e-07
 3.46098e-07
 3.08592e-07
 2.76828e-07
 2.49698e-07
 2.26346e-07
 2.06105e-07
 1.88449e-07
 1.72958e-07
 1.59292e-07
 1.47178e-07
 1.36389e-07
 1.65438e-06
 1.29509e-06
 1.04131e-06
 8.55406e-07
 7.15163e-07
 6.06756e-07
 5.21229e-07
 4.52568e-07
 3.96615e-07
 3.50418e-07
 3.11835e-07
 2.79282e-07
 2.51565e-07
 2.27773e-07
 2.07198e-07
 1.89287e-07
 1.73599e-07
 1.59781e-07
 1.47547e-07
 1.36665e-07
 1.72351e-06
 1.33433e-06
 1.06471e-06
 8.69865e-07
 7.24319e-07
 6.12645e-07
 5.25044e-07
 4.55035e-07
 3.98189e-07
 3.51391e-07
 3.12400e-07
 2.79567e-07
 2.51659e-07
 2.27736e-07
 2.07072e-07
 1.89101e-07
 1.73375e-07
 1.59533e-07
 1.47286e-07
 1.36397e-07
 1.72030e-06
 1.32892e-06
 1.05900e-06
 8.64510e-07
 7.19509e-07
 6.08403e-07
 5.21328e-07
 4.51787e-07
 3.95346e-07
 3.48897e-07
 3.10206e-07
 2.77630e-07
 2.49942e-07
 2.26208e-07
 2.05709e-07
 1.87880e-07
 1.72276e-07
 1.58542e-07
 1.46389e-07
 1.35584e-07
 1.64433e-06
 1.27891e-06
 1.02434e-06
 8.39499e-07
 7.00870e-07
 5.94141e-07
 5.10173e-07
 4.42897e-07
 3.88147e-07
 3.42986e-07
 3.05292e-07
 2.73501e-07
 2.46440e-07
 2.23212e-07
 2.03125e-07
 1.85636e-07
 1.70316e-07
 1.56819e-07
 1.44867e-07
 1.34232e-07
 1.50983e-06
 1.19150e-06
 9.64665e-07
 7.97136e-07
 6.69822e-07
 5.70773e-07
 4.92186e-07
 4.28783e-07
 3.76885e-07
 3.33868e-07
 2.97815e-07
 2.67299e-07
 2.41242e-07
 2.18815e-07
 1.99375e-07
 1.82414e-07
 1.67528e-07
 1.54392e-07
 1.42741e-07
 1.32361e-07
 1.33895e-06
 1.07835e-06
 8.86535e-07
 7.41311e-07
 6.28776e-07
 5.39852e-07
 4.68401e-07
 4.10151e-07
 3.62057e-07
 3.21900e-07
 2.88033e-07
 2.59215e-07
 2.34493e-07
 2.13130e-07
 1.94546e-07
 1.78281e-07
 1.63966e-07
 1.51302e-07
 1.40046e-07
 1.29997e-07
 1.15395e-06
 9.52119e-07
 7.97471e-07
 6.76662e-07
 5.80692e-07
 5.03324e-07
 4.40131e-07
 3.87912e-07
 3.44305e-07
 3.07544e-07
 2.76288e-07
 2.49502e-07
 2.26385e-07
 2.06302e-07
 1.88750e-07
 1.73325e-07
 1.59700e-07
 1.47607e-07
 1.36827e-07
 1.27178e-07
 9.72517e-07
 8.23890e-07
 7.04525e-07
 6.07774e-07
 5.28616e-07
 4.63255e-07
 4.08809e-07
 3.63075e-07
 3.24355e-07
 2.91331e-07
 2.62970e-07
 2.38457e-07
 2.17142e-07
 1.98505e-07
 1.82123e-07
 1.67653e-07
 1.54814e-07
 1.43374e-07
 1.33139e-07
 1.23948e-07
 8.06205e-07
 7.01840e-07
 6.13383e-07
 5.38597e-07
 4.75309e-07
 4.21598e-07
 3.75830e-07
 3.36652e-07
 3.02949e-07
 2.73811e-07
 2.48496e-07
 2.26394e-07
 2.07008e-07
 1.89927e-07
 1.74812e-07
 1.61382e-07
 1.49403e-07
 1.38678e-07
 1.29043e-07
 1.20358e-07
 6.60901e-07
 5.91028e-07
 5.28022e-07
 4.72142e-07
 4.23021e-07
 3.80023e-07
 3.42439e-07
 3.09574e-07
 2.80789e-07
 2.55520e-07
 2.33274e-07
 2.13631e-07
 1.96229e-07
 1.80763e-07
 1.66972e-07
 1.54635e-07
 1.43565e-07
 1.33600e-07
 1.24605e-07
 1.16461e-07
 5.38173e-07
 4.93832e-07
 4.50779e-07
 4.10428e-07
 3.73395e-07
 3.39838e-07
 3.09661e-07
 2.82641e-07
 2.58500e-07
 2.36944e-07
 2.17688e-07
 2.00468e-07
 1.85044e-07
 1.71203e-07
 1.58755e-07
 1.47536e-07
 1.37400e-07
 1.28222e-07
 1.19891e-07
 1.12312e-07
 4.36871e-07
 4.10667e-07
 3.82654e-07
 3.54583e-07
 3.27496e-07
 3.01968e-07
 2.78272e-07
 2.56492e-07
 2.36599e-07
 2.18502e-07
 2.02074e-07
 1.87179e-07
 1.73675e-07
 1.61427e-07
 1.50308e-07
 1.40203e-07
 1.31007e-07
 1.22623e-07
 1.14969e-07
 1.07968e-07
 3.54480e-07
 3.40730e-07
 3.23692e-07
 3.05033e-07
 2.85886e-07
 2.66993e-07
 2.48809e-07
 2.31597e-07
 2.15491e-07
 2.00534e-07
 1.86718e-07
 1.73999e-07
 1.62315e-07
 1.51596e-07
 1.41765e-07
 1.32749e-07
 1.24478e-07
 1.16883e-07
 1.09904e-07
 1.03483e-07
