scalar
part
         1
quad4
 4.42602e-07
 4.14952e-07
 3.85942e-07
 3.57146e-07
 3.29509e-07
 3.03551e-07
 2.79511e-07
 2.57452e-07
 2.37329e-07
 2.19039e-07
 2.02451e-07
 1.87420e-07
 1.73800e-07
 1.61454e-07
 1.50253e-07
 1.40077e-07
 1.30820e-07
 1.22385e-07
 1.14688e-07
 1.07650e-07
 5.32329e-07
 4.89140e-07
 4.47001e-07
 4.07342e-07
 3.70827e-07
 3.37657e-07
 3.07771e-07
 2.80970e-07
 2.56995e-07
 2.35566e-07
 2.16409e-07
 1.99267e-07
 1.83906e-07
 1.70115e-07
 1.57710e-07
 1.46526e-07
 1.36421e-07
 1.27271e-07
 1.18965e-07
 1.11410e-07
 6.40190e-07
 5.75318e-07
 5.15866e-07
 4.62543e-07
 4.15288e-07
 3.73675e-07
 3.37134e-07
 3.05066e-07
 2.76899e-07
 2.52114e-07
 2.30255e-07
 2.10922e-07
 1.93774e-07
 1.78518e-07
 1.64902e-07
 1.52715e-07
 1.41772e-07
 1.31918e-07
 1.23019e-07
 1.14961e-07
 7.67485e-07
 6.73303e-07
 5.91766e-07
 5.21812e-07
 4.61982e-07
 4.10801e-07
 3.66921e-07
 3.29176e-07
 2.96579e-07
 2.68309e-07
 2.43684e-07
 2.22138e-07
 2.03206e-07
 1.86500e-07
 1.71699e-07
 1.58535e-07
 1.46782e-07
 1.36253e-07
 1.26788e-07
 1.18252e-07
 9.13438e-07
 7.81321e-07
 6.72805e-07
 5.83454e-07
 5.09502e-07
 4.47901e-07
 3.96234e-07
 3.52595e-07
 3.15486e-07
 2.83719e-07
 2.56357e-07
 2.32647e-07
 2.11988e-07
 1.93893e-07
 1.77963e-07
 1.63876e-07
 1.51364e-07
 1.40204e-07
 1.30213e-07
 1.21235e-07
 1.07372e-06
 8.95318e-07
 7.55679e-07
 6.44916e-07
 5.55914e-07
 4.83526e-07
 4.23985e-07
 3.74505e-07
 3.32995e-07
 2.97870e-07
 2.67909e-07
 2.42167e-07
 2.19901e-07
 2.00521e-07
 1.83557e-07
 1.68629e-07
 1.55427e-07
 1.43699e-07
 1.33235e-07
 1.23861e-07
 1.23903e-06
 1.00851e-06
 8.35587e-07
 7.02819e-07
 5.98833e-07
 5.15974e-07
 4.48950e-07
 3.94013e-07
 3.48452e-07
 3.10271e-07
 2.77972e-07
 2.50416e-07
 2.26727e-07
 2.06218e-07
 1.88349e-07
 1.72689e-07
 1.58890e-07
 1.46671e-07
 1.35800e-07
 1.26088e-07
 1.39470e-06
 1.11157e-06
 9.06510e-07
 7.53208e-07
 6.35606e-07
 5.43432e-07
 4.69865e-07
 4.10223e-07
 3.61211e-07
 3.20451e-07
 2.86195e-07
 2.57132e-07
 2.32267e-07
 2.10830e-07
 1.92220e-07
 1.75963e-07
 1.61678e-07
 1.49061e-07
 1.37861e-07
 1.27875e-07
 1.52212e-06
 1.19372e-06
 9.61950e-07
 7.92022e-07
 6.63616e-07
 5.64168e-07
 4.85553e-07
 4.22320e-07
 3.70694e-07
 3.27995e-07
 2.92274e-07
 2.62089e-07
 2.36350e-07
 2.14226e-07
 1.95069e-07
 1.78372e-07
 1.63731e-07
 1.50820e-07
 1.39379e-07
 1.29192e-07
 1.60260e-06
 1.24479e-06
 9.96061e-07
 8.15740e-07
 6.80658e-07
 5.76754e-07
 4.95067e-07
 4.29656e-07
 3.76449e-07
 3.32579e-07
 2.95975e-07
 2.65113e-07
 2.38848e-07
 2.16310e-07
 1.96823e-07
 1.79859e-07
 1.65001e-07
 1.51913e-07
 1.40325e-07
 1.30015e-07
 1.62248e-06
 1.25770e-06
 1.00489e-06
 8.22045e-07
 6.85312e-07
 5.80285e-07
 4.97808e-07
 4.31825e-07
 3.78196e-07
 3.34006e-07
 2.97155e-07
 2.66100e-07
 2.39682e-07
 2.17021e-07
 1.97433e-07
 1.80388e-07
 1.65462e-07
 1.52317e-07
 1.40681e-07
 1.30331e-07
 1.57782e-06
 1.23046e-06
 9.87386e-07
 8.10322e-07
 6.77202e-07
 5.74521e-07
 4.93619e-07
 4.28723e-07
 3.75859e-07
 3.32221e-07
 2.95775e-07
 2.65021e-07
 2.38830e-07
 2.16342e-07
 1.96889e-07
 1.79948e-07
 1.65105e-07
 1.52025e-07
 1.40442e-07
 1.30134e-07
 1.47635e-06
 1.16702e-06
 9.45683e-07
 7.81811e-07
 6.57078e-07
 5.59935e-07
 4.82806e-07
 4.20550e-07
 3.69578e-07
 3.27321e-07
 2.91902e-07
 2.61924e-07
 2.36327e-07
 2.14300e-07
 1.95209e-07
 1.78555e-07
 1.63941e-07
 1.51047e-07
 1.39614e-07
 1.29430e-07
 1.33495e-06
 1.07610e-06
 8.84635e-07
 7.39356e-07
 6.26682e-07
 5.37632e-07
 4.66093e-07
 4.07795e-07
 3.59687e-07
 3.19541e-07
 2.85706e-07
 2.56932e-07
 2.32266e-07
 2.10964e-07
 1.92446e-07
 1.76249e-07
 1.62002e-07
 1.49407e-07
 1.38218e-07
 1.28235e-07
 1.17389e-06
 9.68787e-07
 8.10631e-07
 6.86810e-07
 5.88427e-07
 5.09173e-07
 4.44519e-07
 3.91167e-07
 3.46681e-07
 3.09234e-07
 2.77440e-07
 2.50233e-07
 2.26783e-07
 2.06438e-07
 1.88679e-07
 1.73090e-07
 1.59336e-07
 1.47142e-07
 1.36283e-07
 1.26572e-07
 1.01102e-06
 8.55755e-07
 7.30225e-07
 6.28312e-07
 5.45001e-07
 4.76349e-07
 4.19304e-07
 3.71514e-07
 3.31161e-07
 2.96832e-07
 2.67423e-07
 2.42062e-07
 2.20058e-07
 2.00857e-07
 1.84012e-07
 1.69161e-07
 1.56006e-07
 1.44303e-07
 1.33848e-07
 1.24474e-07
 8.58638e-07
 7.45388e-07
 6.49045e-07
 5.67657e-07
 4.98992e-07
 4.40950e-07
 3.91705e-07
 3.49733e-07
 3.13776e-07
 2.82812e-07
 2.56007e-07
 2.32685e-07
 2.12292e-07
 1.94377e-07
 1.78567e-07
 1.64555e-07
 1.52087e-07
 1.40949e-07
 1.30963e-07
 1.21980e-07
 7.23254e-07
 6.43133e-07
 5.71239e-07
 5.07895e-07
 4.52617e-07
 4.04586e-07
 3.62900e-07
 3.26689e-07
 2.95169e-07
 2.67655e-07
 2.43558e-07
 2.22380e-07
 2.03700e-07
 1.87165e-07
 1.72474e-07
 1.59377e-07
 1.47661e-07
 1.37147e-07
 1.27680e-07
 1.19132e-07
 6.06977e-07
 5.51781e-07
 4.99407e-07
 4.51186e-07
 4.07584e-07
 3.68580e-07
 3.33900e-07
 3.03159e-07
 2.75935e-07
 2.51819e-07
 2.30430e-07
 2.11424e-07
 1.94499e-07
 1.79391e-07
 1.65869e-07
 1.53735e-07
 1.42817e-07
 1.32967e-07
 1.24058e-07
 1.15979e-07
 5.09220e-07
 4.72175e-07
 4.34848e-07
 3.98852e-07
 3.65072e-07
 3.33922e-07
 3.05514e-07
 2.79789e-07
 2.56589e-07
 2.35714e-07
 2.16948e-07
 2.00076e-07
 1.84896e-07
 1.71222e-07
 1.58886e-07
 1.47736e-07
 1.37641e-07
 1.28482e-07
 1.20155e-07
 1.12569e-07
