scalar
part
         1
quad4
 5.89023e-07
 5.41007e-07
 4.94027e-07
 4.49688e-07
 4.08785e-07
 3.71591e-07
 3.38076e-07
 3.08038e-07
 2.81194e-07
 2.57235e-07
 2.35851e-07
 2.16750e-07
 1.99665e-07
 1.84357e-07
 1.70612e-07
 1.58245e-07
 1.47092e-07
 1.37011e-07
 1.27877e-07
 1.19583e-07
 6.95673e-07
 6.26678e-07
 5.62578e-07
 5.04536e-07
 4.52777e-07
 4.07022e-07
 3.66756e-07
 3.31384e-07
 3.00312e-07
 2.72985e-07
 2.48903e-07
 2.27629e-07
 2.08783e-07
 1.92041e-07
 1.77121e-07
 1.63786e-07
 1.51832e-07
 1.41083e-07
 1.31391e-07
 1.22627e-07
 8.21115e-07
 7.23764e-07
 6.37801e-07
 5.63078e-07
 4.98627e-07
 4.43197e-07
 3.95523e-07
 3.54443e-07
 3.18941e-07
 2.88148e-07
 2.61336e-07
 2.37895e-07
 2.17316e-07
 1.99177e-07
 1.83124e-07
 1.68864e-07
 1.56149e-07
 1.44773e-07
 1.34558e-07
 1.25358e-07
 9.65169e-07
 8.30741e-07
 7.17863e-07
 6.23599e-07
 5.44877e-07
 4.78936e-07
 4.23440e-07
 3.76478e-07
 3.36505e-07
 3.02279e-07
 2.72803e-07
 2.47274e-07
 2.25046e-07
 2.05592e-07
 1.88484e-07
 1.73369e-07
 1.59957e-07
 1.48008e-07
 1.37321e-07
 1.27728e-07
 1.12438e-06
 9.43807e-07
 7.99464e-07
 6.83473e-07
 5.89519e-07
 5.12725e-07
 4.49374e-07
 3.96641e-07
 3.52366e-07
 3.14891e-07
 2.82931e-07
 2.55483e-07
 2.31754e-07
 2.11116e-07
 1.93065e-07
 1.77193e-07
 1.63169e-07
 1.50721e-07
 1.39624e-07
 1.29693e-07
 1.29015e-06
 1.05618e-06
 8.77640e-07
 7.39167e-07
 6.30052e-07
 5.42791e-07
 4.72058e-07
 4.14015e-07
 3.65855e-07
 3.25492e-07
 2.91355e-07
 2.62243e-07
 2.37228e-07
 2.15586e-07
 1.96742e-07
 1.80238e-07
 1.65707e-07
 1.52849e-07
 1.41418e-07
 1.31213e-07
 1.44740e-06
 1.15797e-06
 9.45974e-07
 7.86484e-07
 6.63690e-07
 5.67251e-07
 4.90195e-07
 4.27695e-07
 3.76328e-07
 3.33617e-07
 2.97732e-07
 2.67302e-07
 2.41279e-07
 2.18857e-07
 1.99404e-07
 1.82420e-07
 1.67506e-07
 1.54341e-07
 1.42662e-07
 1.32255e-07
 1.57540e-06
 1.23726e-06
 9.97404e-07
 8.21099e-07
 6.87703e-07
 5.84332e-07
 5.02604e-07
 4.36875e-07
 3.83225e-07
 3.38869e-07
 3.01779e-07
 2.70451e-07
 2.43752e-07
 2.20814e-07
 2.00963e-07
 1.83669e-07
 1.68512e-07
 1.55155e-07
 1.43322e-07
 1.32792e-07
 1.65233e-06
 1.28266e-06
 1.02563e-06
 8.39341e-07
 6.99857e-07
 5.92627e-07
 5.08373e-07
 4.40946e-07
 3.86131e-07
 3.40959e-07
 3.03288e-07
 2.71543e-07
 2.44539e-07
 2.21377e-07
 2.01359e-07
 1.83942e-07
 1.68692e-07
 1.55264e-07
 1.43378e-07
 1.32808e-07
 1.66283e-06
 1.28669e-06
 1.02668e-06
 8.38985e-07
 6.98844e-07
 5.91333e-07
 5.06993e-07
 4.39578e-07
 3.84824e-07
 3.39736e-07
 3.02157e-07
 2.70503e-07
 2.43588e-07
 2.20507e-07
 2.00565e-07
 1.83216e-07
 1.68028e-07
 1.54656e-07
 1.42822e-07
 1.32297e-07
 1.60444e-06
 1.24827e-06
 1.00006e-06
 8.19786e-07
 6.84541e-07
 5.80393e-07
 4.98438e-07
 4.32762e-07
 3.79306e-07
 3.35206e-07
 2.98392e-07
 2.67341e-07
 2.40905e-07
 2.18213e-07
 1.98587e-07
 1.81499e-07
 1.66528e-07
 1.53338e-07
 1.41657e-07
 1.31263e-07
 1.48811e-06
 1.17294e-06
 9.48805e-07
 7.83515e-07
 6.58041e-07
 5.60508e-07
 4.83176e-07
 4.20819e-07
 3.69802e-07
 3.27531e-07
 2.92114e-07
 2.62144e-07
 2.36560e-07
 2.14546e-07
 1.95466e-07
 1.78822e-07
 1.64216e-07
 1.51328e-07
 1.39900e-07
 1.29719e-07
 1.33302e-06
 1.07078e-06
 8.78575e-07
 7.33532e-07
 6.21423e-07
 5.33015e-07
 4.62096e-07
 4.04357e-07
 3.56738e-07
 3.17016e-07
 2.83543e-07
 2.55079e-07
 2.30677e-07
 2.09601e-07
 1.91275e-07
 1.75243e-07
 1.61138e-07
 1.48665e-07
 1.37581e-07
 1.27689e-07
 1.15990e-06
 9.53464e-07
 7.96263e-07
 6.74065e-07
 5.77376e-07
 4.99678e-07
 4.36384e-07
 3.84194e-07
 3.40692e-07
 3.04076e-07
 2.72984e-07
 2.46371e-07
 2.23425e-07
 2.03508e-07
 1.86116e-07
 1.70841e-07
 1.57357e-07
 1.45397e-07
 1.34740e-07
 1.25206e-07
 9.86336e-07
 8.31774e-07
 7.08627e-07
 6.09464e-07
 5.28768e-07
 4.62431e-07
 4.07374e-07
 3.61267e-07
 3.22333e-07
 2.89199e-07
 2.60798e-07
 2.36290e-07
 2.15010e-07
 1.96426e-07
 1.80110e-07
 1.65713e-07
 1.52949e-07
 1.41585e-07
 1.31426e-07
 1.22309e-07
 8.24602e-07
 7.14078e-07
 6.21351e-07
 5.43613e-07
 4.78282e-07
 4.23152e-07
 3.76400e-07
 3.36539e-07
 3.02365e-07
 2.72906e-07
 2.47374e-07
 2.25132e-07
 2.05660e-07
 1.88531e-07
 1.73396e-07
 1.59966e-07
 1.48001e-07
 1.37300e-07
 1.27695e-07
 1.19045e-07
 6.81505e-07
 6.05863e-07
 5.38592e-07
 4.79583e-07
 4.28171e-07
 3.83497e-07
 3.44683e-07
 3.10915e-07
 2.81467e-07
 2.55709e-07
 2.33105e-07
 2.13199e-07
 1.95608e-07
 1.80005e-07
 1.66119e-07
 1.53717e-07
 1.42605e-07
 1.32616e-07
 1.23609e-07
 1.15464e-07
 5.59423e-07
 5.09970e-07
 4.62936e-07
 4.19519e-07
 3.80140e-07
 3.44793e-07
 3.13251e-07
 2.85189e-07
 2.60251e-07
 2.38085e-07
 2.18362e-07
 2.00783e-07
 1.85084e-07
 1.71033e-07
 1.58425e-07
 1.47084e-07
 1.36857e-07
 1.27611e-07
 1.19231e-07
 1.11618e-07
 4.57813e-07
 4.27219e-07
 3.95634e-07
 3.64699e-07
 3.35339e-07
 3.08015e-07
 2.82903e-07
 2.60009e-07
 2.39239e-07
 2.20451e-07
 2.03478e-07
 1.88151e-07
 1.74305e-07
 1.61787e-07
 1.50455e-07
 1.40181e-07
 1.30851e-07
 1.22362e-07
 1.14626e-07
 1.07561e-07
 3.74570e-07
 3.57115e-07
 3.36950e-07
 3.15697e-07
 2.94423e-07
 2.73798e-07
 2.54212e-07
 2.35867e-07
 2.18846e-07
 2.03152e-07
 1.88739e-07
 1.75538e-07
 1.63464e-07
 1.52429e-07
 1.42341e-07
 1.33118e-07
 1.24677e-07
 1.16946e-07
 1.09856e-07
 1.03345e-07
