scalar
part
         1
quad4
 6.53417e-07
 5.97754e-07
 5.43876e-07
 4.93433e-07
 4.47195e-07
 4.05376e-07
 3.67868e-07
 3.34389e-07
 3.04582e-07
 2.78066e-07
 2.54472e-07
 2.33457e-07
 2.14708e-07
 1.97948e-07
 1.82934e-07
 1.69453e-07
 1.57318e-07
 1.46370e-07
 1.36466e-07
 1.27487e-07
 7.68415e-07
 6.89599e-07
 6.16933e-07
 5.51534e-07
 4.93512e-07
 4.42450e-07
 3.97693e-07
 3.58519e-07
 3.24220e-07
 2.94146e-07
 2.67717e-07
 2.44430e-07
 2.23850e-07
 2.05607e-07
 1.89383e-07
 1.74910e-07
 1.61958e-07
 1.50332e-07
 1.39864e-07
 1.30413e-07
 9.03043e-07
 7.93135e-07
 6.96624e-07
 6.13132e-07
 5.41423e-07
 4.79989e-07
 4.27337e-07
 3.82115e-07
 3.43151e-07
 3.09449e-07
 2.80179e-07
 2.54649e-07
 2.32286e-07
 2.12613e-07
 1.95237e-07
 1.79827e-07
 1.66110e-07
 1.53855e-07
 1.42867e-07
 1.32984e-07
 1.05681e-06
 9.06491e-07
 7.80810e-07
 6.76266e-07
 5.89284e-07
 5.16673e-07
 4.55762e-07
 4.04370e-07
 3.60748e-07
 3.23492e-07
 2.91483e-07
 2.63821e-07
 2.39784e-07
 2.18786e-07
 2.00351e-07
 1.84090e-07
 1.69682e-07
 1.56864e-07
 1.45415e-07
 1.35150e-07
 1.22559e-06
 1.02529e-06
 8.65747e-07
 7.37993e-07
 6.34862e-07
 5.50837e-07
 4.81729e-07
 4.24363e-07
 3.76323e-07
 3.35757e-07
 3.01236e-07
 2.71647e-07
 2.46114e-07
 2.23946e-07
 2.04586e-07
 1.87587e-07
 1.72588e-07
 1.59291e-07
 1.47452e-07
 1.36867e-07
 1.39962e-06
 1.14190e-06
 9.45904e-07
 7.94407e-07
 6.75419e-07
 5.80553e-07
 5.03874e-07
 4.41116e-07
 3.89167e-07
 3.45724e-07
 3.09053e-07
 2.77838e-07
 2.51060e-07
 2.27927e-07
 2.07814e-07
 1.90221e-07
 1.74750e-07
 1.61074e-07
 1.48929e-07
 1.38096e-07
 1.56203e-06
 1.24535e-06
 1.01422e-06
 8.40929e-07
 7.07944e-07
 6.03808e-07
 5.20824e-07
 4.53678e-07
 3.98612e-07
 3.52915e-07
 3.14589e-07
 2.82139e-07
 2.54431e-07
 2.30587e-07
 2.09926e-07
 1.91908e-07
 1.76101e-07
 1.62161e-07
 1.49806e-07
 1.38805e-07
 1.68987e-06
 1.32255e-06
 1.06302e-06
 8.72931e-07
 7.29552e-07
 6.18751e-07
 5.31362e-07
 4.61229e-07
 4.04093e-07
 3.56935e-07
 3.17560e-07
 2.84347e-07
 2.56077e-07
 2.31815e-07
 2.10840e-07
 1.92583e-07
 1.76596e-07
 1.62517e-07
 1.50054e-07
 1.38970e-07
 1.75922e-06
 1.36127e-06
 1.08568e-06
 8.86609e-07
 7.37973e-07
 6.23978e-07
 5.34591e-07
 4.63181e-07
 4.05217e-07
 3.57513e-07
 3.17779e-07
 2.84329e-07
 2.55903e-07
 2.31541e-07
 2.10503e-07
 1.92210e-07
 1.76203e-07
 1.62118e-07
 1.49657e-07
 1.38580e-07
 1.75397e-06
 1.35394e-06
 1.07832e-06
 8.79879e-07
 7.32021e-07
 6.18786e-07
 5.30082e-07
 4.59265e-07
 4.01809e-07
 3.54538e-07
 3.15171e-07
 2.82034e-07
 2.53875e-07
 2.29741e-07
 2.08900e-07
 1.90777e-07
 1.74917e-07
 1.60960e-07
 1.48611e-07
 1.37633e-07
 1.67328e-06
 1.30053e-06
 1.04112e-06
 8.52924e-07
 7.11863e-07
 6.03314e-07
 5.17947e-07
 4.49572e-07
 3.93943e-07
 3.48066e-07
 3.09783e-07
 2.77500e-07
 2.50024e-07
 2.26443e-07
 2.06053e-07
 1.88302e-07
 1.72753e-07
 1.59056e-07
 1.46927e-07
 1.36137e-07
 1.53194e-06
 1.20854e-06
 9.78206e-07
 8.08171e-07
 6.78998e-07
 5.78530e-07
 4.98835e-07
 4.34547e-07
 3.81934e-07
 3.38328e-07
 3.01784e-07
 2.70855e-07
 2.44446e-07
 2.21719e-07
 2.02019e-07
 1.84831e-07
 1.69747e-07
 1.56435e-07
 1.44630e-07
 1.34112e-07
 1.35336e-06
 1.09024e-06
 8.96467e-07
 7.49709e-07
 6.35962e-07
 5.46069e-07
 4.73832e-07
 4.14936e-07
 3.66305e-07
 3.25697e-07
 2.91447e-07
 2.62301e-07
 2.37297e-07
 2.15689e-07
 1.96890e-07
 1.80437e-07
 1.65956e-07
 1.53144e-07
 1.41756e-07
 1.31588e-07
 1.16113e-06
 9.59005e-07
 8.03808e-07
 6.82399e-07
 5.85855e-07
 5.07967e-07
 4.44314e-07
 3.91690e-07
 3.47730e-07
 3.10659e-07
 2.79130e-07
 2.52105e-07
 2.28776e-07
 2.08506e-07
 1.90787e-07
 1.75213e-07
 1.61454e-07
 1.49241e-07
 1.38353e-07
 1.28605e-07
 9.73749e-07
 8.26408e-07
 7.07598e-07
 6.11025e-07
 5.31851e-07
 4.66376e-07
 4.11771e-07
 3.65861e-07
 3.26962e-07
 2.93765e-07
 2.65240e-07
 2.40574e-07
 2.19118e-07
 2.00350e-07
 1.83848e-07
 1.69269e-07
 1.56330e-07
 1.44797e-07
 1.34478e-07
 1.25209e-07
 8.03065e-07
 7.00883e-07
 6.13713e-07
 5.39674e-07
 4.76807e-07
 4.23317e-07
 3.77649e-07
 3.38495e-07
 3.04772e-07
 2.75587e-07
 2.50208e-07
 2.28035e-07
 2.08574e-07
 1.91418e-07
 1.76229e-07
 1.62728e-07
 1.50681e-07
 1.39891e-07
 1.30195e-07
 1.21452e-07
 6.54838e-07
 5.87519e-07
 5.26198e-07
 4.71426e-07
 4.23032e-07
 3.80508e-07
 3.43228e-07
 3.10554e-07
 2.81883e-07
 2.56676e-07
 2.34457e-07
 2.14816e-07
 1.97400e-07
 1.81910e-07
 1.68088e-07
 1.55717e-07
 1.44609e-07
 1.34606e-07
 1.25571e-07
 1.17389e-07
 5.30346e-07
 4.88585e-07
 4.47365e-07
 4.08310e-07
 3.72190e-07
 3.39277e-07
 3.09555e-07
 2.82854e-07
 2.58934e-07
 2.37531e-07
 2.18378e-07
 2.01225e-07
 1.85842e-07
 1.72023e-07
 1.59583e-07
 1.48362e-07
 1.38217e-07
 1.29025e-07
 1.20677e-07
 1.13079e-07
 4.28125e-07
 4.04337e-07
 3.78139e-07
 3.51421e-07
 3.25339e-07
 3.00556e-07
 2.77413e-07
 2.56042e-07
 2.36453e-07
 2.18580e-07
 2.02318e-07
 1.87543e-07
 1.74126e-07
 1.61940e-07
 1.50864e-07
 1.40787e-07
 1.31608e-07
 1.23233e-07
 1.15581e-07
 1.08578e-07
 3.45390e-07
 3.33806e-07
 3.18471e-07
 3.01137e-07
 2.83016e-07
 2.64912e-07
 2.47336e-07
 2.30593e-07
 2.14846e-07
 2.00167e-07
 1.86563e-07
 1.74008e-07
 1.62450e-07
 1.51825e-07
 1.42067e-07
 1.33106e-07
 1.24874e-07
 1.17309e-07
 1.10350e-07
 1.03942e-07
