scalar
part
         1
quad4
 6.38231e-07
 5.84746e-07
 5.32785e-07
 4.83993e-07
 4.39158e-07
 3.98522e-07
 3.62007e-07
 3.29359e-07
 3.00249e-07
 2.74318e-07
 2.51216e-07
 2.30616e-07
 2.12219e-07
 1.95759e-07
 1.81000e-07
 1.67738e-07
 1.55792e-07
 1.45007e-07
 1.35245e-07
 1.26389e-07
 7.51493e-07
 6.75439e-07
 6.05113e-07
 5.41663e-07
 4.85250e-07
 4.35507e-07
 3.91833e-07
 3.53548e-07
 3.19980e-07
 2.90510e-07
 2.64583e-07
 2.41714e-07
 2.21486e-07
 2.03538e-07
 1.87565e-07
 1.73304e-07
 1.60535e-07
 1.49065e-07
 1.38733e-07
 1.29398e-07
 8.84337e-07
 7.77904e-07
 6.84214e-07
 6.02985e-07
 5.33083e-07
 4.73090e-07
 4.21592e-07
 3.77299e-07
 3.39085e-07
 3.05993e-07
 2.77223e-07
 2.52105e-07
 2.30083e-07
 2.10696e-07
 1.93559e-07
 1.78352e-07
 1.64807e-07
 1.52699e-07
 1.41838e-07
 1.32063e-07
 1.03644e-06
 8.90425e-07
 7.68068e-07
 6.66084e-07
 5.81074e-07
 5.09993e-07
 4.50275e-07
 3.99824e-07
 3.56948e-07
 3.20290e-07
 2.88764e-07
 2.61496e-07
 2.37783e-07
 2.17052e-07
 1.98841e-07
 1.82767e-07
 1.68518e-07
 1.55835e-07
 1.44501e-07
 1.34335e-07
 1.20399e-06
 1.00885e-06
 8.53090e-07
 7.28119e-07
 6.27057e-07
 5.44589e-07
 4.76668e-07
 4.20217e-07
 3.72890e-07
 3.32888e-07
 2.98817e-07
 2.69591e-07
 2.44354e-07
 2.22428e-07
 2.03269e-07
 1.86438e-07
 1.71580e-07
 1.58402e-07
 1.46664e-07
 1.36167e-07
 1.37770e-06
 1.12587e-06
 9.33932e-07
 7.85292e-07
 6.68354e-07
 5.74987e-07
 4.99422e-07
 4.37508e-07
 3.86207e-07
 3.43268e-07
 3.06997e-07
 2.76099e-07
 2.49579e-07
 2.26656e-07
 2.06715e-07
 1.89265e-07
 1.73913e-07
 1.60338e-07
 1.48279e-07
 1.37519e-07
 1.54139e-06
 1.23083e-06
 1.00370e-06
 8.33110e-07
 7.01993e-07
 5.99187e-07
 5.17172e-07
 4.50746e-07
 3.96226e-07
 3.50949e-07
 3.12952e-07
 2.80763e-07
 2.53263e-07
 2.29589e-07
 2.09066e-07
 1.91162e-07
 1.75451e-07
 1.61591e-07
 1.49303e-07
 1.38359e-07
 1.67274e-06
 1.31095e-06
 1.05485e-06
 8.66974e-07
 7.25091e-07
 6.15331e-07
 5.28687e-07
 4.59100e-07
 4.02373e-07
 3.55526e-07
 3.16394e-07
 2.83371e-07
 2.55253e-07
 2.31113e-07
 2.10237e-07
 1.92062e-07
 1.76143e-07
 1.62121e-07
 1.49706e-07
 1.38663e-07
 1.74814e-06
 1.35400e-06
 1.08067e-06
 8.83025e-07
 7.35327e-07
 6.21972e-07
 5.33038e-07
 4.61956e-07
 4.04234e-07
 3.56714e-07
 3.17122e-07
 2.83782e-07
 2.55444e-07
 2.31152e-07
 2.10171e-07
 1.91924e-07
 1.75956e-07
 1.61903e-07
 1.49469e-07
 1.38415e-07
 1.75102e-06
 1.35207e-06
 1.07708e-06
 8.79019e-07
 7.31406e-07
 6.18334e-07
 5.29743e-07
 4.59007e-07
 4.01608e-07
 3.54380e-07
 3.15046e-07
 2.81934e-07
 2.53794e-07
 2.29676e-07
 2.08846e-07
 1.90733e-07
 1.74881e-07
 1.60930e-07
 1.48587e-07
 1.37612e-07
 1.67915e-06
 1.30441e-06
 1.04383e-06
 8.54894e-07
 7.13343e-07
 6.04457e-07
 5.18850e-07
 4.50299e-07
 3.94537e-07
 3.48559e-07
 3.10197e-07
 2.77852e-07
 2.50325e-07
 2.26703e-07
 2.06280e-07
 1.88501e-07
 1.72929e-07
 1.59212e-07
 1.47067e-07
 1.36262e-07
 1.54561e-06
 1.21765e-06
 9.84585e-07
 8.12808e-07
 6.82474e-07
 5.81204e-07
 5.00936e-07
 4.36229e-07
 3.83302e-07
 3.39456e-07
 3.02726e-07
 2.71650e-07
 2.45124e-07
 2.22301e-07
 2.02523e-07
 1.85271e-07
 1.70132e-07
 1.56776e-07
 1.44932e-07
 1.34381e-07
 1.37256e-06
 1.10341e-06
 9.05849e-07
 7.56615e-07
 6.41187e-07
 5.50113e-07
 4.77024e-07
 4.17500e-07
 3.68395e-07
 3.27423e-07
 2.92889e-07
 2.63519e-07
 2.38334e-07
 2.16580e-07
 1.97662e-07
 1.81109e-07
 1.66545e-07
 1.53664e-07
 1.42217e-07
 1.31999e-07
 1.18328e-06
 9.74753e-07
 8.15326e-07
 6.91039e-07
 5.92484e-07
 5.13154e-07
 4.48443e-07
 3.95027e-07
 3.50464e-07
 3.12926e-07
 2.81030e-07
 2.53713e-07
 2.30149e-07
 2.09687e-07
 1.91810e-07
 1.76106e-07
 1.62238e-07
 1.49933e-07
 1.38966e-07
 1.29152e-07
 9.96714e-07
 8.43375e-07
 7.20374e-07
 6.20825e-07
 5.39499e-07
 4.72442e-07
 4.16652e-07
 3.69840e-07
 3.30245e-07
 2.96502e-07
 2.67545e-07
 2.42532e-07
 2.20795e-07
 2.01797e-07
 1.85105e-07
 1.70368e-07
 1.57296e-07
 1.45651e-07
 1.35236e-07
 1.25885e-07
 8.25378e-07
 7.18004e-07
 6.26995e-07
 5.50105e-07
 4.85103e-07
 4.29996e-07
 3.83089e-07
 3.42975e-07
 3.08498e-07
 2.78715e-07
 2.52858e-07
 2.30297e-07
 2.10519e-07
 1.93102e-07
 1.77696e-07
 1.64014e-07
 1.51813e-07
 1.40894e-07
 1.31087e-07
 1.22249e-07
 6.75683e-07
 6.04080e-07
 5.39417e-07
 4.82054e-07
 4.31647e-07
 3.87554e-07
 3.49044e-07
 3.15395e-07
 2.85947e-07
 2.60114e-07
 2.37388e-07
 2.17332e-07
 1.99575e-07
 1.83800e-07
 1.69741e-07
 1.57169e-07
 1.45892e-07
 1.35744e-07
 1.26586e-07
 1.18298e-07
 5.49370e-07
 5.04171e-07
 4.60137e-07
 4.18808e-07
 3.80863e-07
 3.46484e-07
 3.15581e-07
 2.87928e-07
 2.63235e-07
 2.41200e-07
 2.21528e-07
 2.03946e-07
 1.88206e-07
 1.74087e-07
 1.61395e-07
 1.49960e-07
 1.39633e-07
 1.30285e-07
 1.21803e-07
 1.14088e-07
 4.45261e-07
 4.18752e-07
 3.90232e-07
 3.61568e-07
 3.33871e-07
 3.07755e-07
 2.83513e-07
 2.61237e-07
 2.40900e-07
 2.22406e-07
 2.05627e-07
 1.90419e-07
 1.76638e-07
 1.64145e-07
 1.52808e-07
 1.42509e-07
 1.33138e-07
 1.24599e-07
 1.16805e-07
 1.09678e-07
 3.60722e-07
 3.46997e-07
 3.29768e-07
 3.10793e-07
 2.91270e-07
 2.71978e-07
 2.53401e-07
 2.35815e-07
 2.19360e-07
 2.04084e-07
 1.89977e-07
 1.76995e-07
 1.65074e-07
 1.54141e-07
 1.44118e-07
 1.34929e-07
 1.26501e-07
 1.18766e-07
 1.11659e-07
 1.05122e-07
