scalar
part
         1
quad4
 3.35974e-07
 3.25460e-07
 3.11131e-07
 2.94711e-07
 2.77399e-07
 2.60002e-07
 2.43039e-07
 2.26823e-07
 2.11529e-07
 1.97237e-07
 1.83968e-07
 1.71699e-07
 1.60388e-07
 1.49978e-07
 1.40405e-07
 1.31606e-07
 1.23516e-07
 1.16074e-07
 1.09225e-07
 1.02913e-07
 4.17245e-07
 3.94904e-07
 3.70010e-07
 3.44430e-07
 3.19326e-07
 2.95374e-07
 2.72931e-07
 2.52151e-07
 2.33060e-07
 2.15607e-07
 1.99701e-07
 1.85229e-07
 1.72070e-07
 1.60105e-07
 1.49220e-07
 1.39308e-07
 1.30272e-07
 1.22022e-07
 1.14479e-07
 1.07572e-07
 5.17790e-07
 4.77979e-07
 4.38433e-07
 4.00781e-07
 3.65825e-07
 3.33871e-07
 3.04937e-07
 2.78887e-07
 2.55505e-07
 2.34549e-07
 2.15770e-07
 1.98931e-07
 1.83813e-07
 1.70219e-07
 1.57972e-07
 1.46917e-07
 1.36915e-07
 1.27847e-07
 1.19607e-07
 1.12103e-07
 6.40440e-07
 5.75720e-07
 5.16513e-07
 4.63438e-07
 4.16398e-07
 3.74956e-07
 3.38544e-07
 3.06570e-07
 2.78469e-07
 2.53727e-07
 2.31892e-07
 2.12570e-07
 1.95423e-07
 1.80158e-07
 1.66527e-07
 1.54319e-07
 1.43351e-07
 1.33470e-07
 1.24541e-07
 1.16451e-07
 7.86792e-07
 6.87997e-07
 6.03425e-07
 5.31376e-07
 4.70038e-07
 4.17733e-07
 3.72991e-07
 3.34570e-07
 3.01432e-07
 2.72719e-07
 2.47726e-07
 2.25870e-07
 2.06673e-07
 1.89737e-07
 1.74735e-07
 1.61392e-07
 1.49481e-07
 1.38808e-07
 1.29213e-07
 1.20558e-07
 9.55846e-07
 8.12742e-07
 6.96992e-07
 6.02654e-07
 5.25134e-07
 4.60906e-07
 4.07253e-07
 3.62082e-07
 3.23765e-07
 2.91032e-07
 2.62883e-07
 2.38523e-07
 2.17320e-07
 1.98763e-07
 1.82439e-07
 1.68010e-07
 1.55199e-07
 1.43777e-07
 1.33553e-07
 1.24367e-07
 1.14230e-06
 9.45147e-07
 7.93331e-07
 6.74283e-07
 5.79432e-07
 5.02786e-07
 4.40065e-07
 3.88154e-07
 3.44749e-07
 3.08117e-07
 2.76940e-07
 2.50202e-07
 2.27108e-07
 2.07033e-07
 1.89479e-07
 1.74044e-07
 1.60403e-07
 1.48292e-07
 1.37492e-07
 1.27821e-07
 1.33494e-06
 1.07708e-06
 8.86713e-07
 7.42249e-07
 6.30107e-07
 5.41370e-07
 4.69989e-07
 4.11742e-07
 3.63613e-07
 3.23400e-07
 2.89467e-07
 2.60578e-07
 2.35785e-07
 2.14351e-07
 1.95700e-07
 1.79371e-07
 1.64996e-07
 1.52275e-07
 1.40966e-07
 1.30868e-07
 1.51579e-06
 1.19718e-06
 9.69849e-07
 8.01795e-07
 6.73989e-07
 5.74500e-07
 4.95528e-07
 4.31788e-07
 3.79598e-07
 3.36327e-07
 3.00051e-07
 2.69340e-07
 2.43112e-07
 2.20534e-07
 2.00960e-07
 1.83880e-07
 1.68887e-07
 1.55655e-07
 1.43918e-07
 1.33460e-07
 1.66142e-06
 1.29206e-06
 1.03478e-06
 8.48007e-07
 7.07940e-07
 6.00112e-07
 5.15285e-07
 4.47323e-07
 3.92018e-07
 3.46401e-07
 3.08328e-07
 2.76218e-07
 2.48885e-07
 2.25424e-07
 2.05137e-07
 1.87474e-07
 1.72001e-07
 1.58369e-07
 1.46298e-07
 1.35558e-07
 1.74778e-06
 1.34908e-06
 1.07442e-06
 8.76672e-07
 7.29344e-07
 6.16518e-07
 5.28137e-07
 4.57579e-07
 4.00333e-07
 3.53236e-07
 3.14014e-07
 2.80999e-07
 2.52944e-07
 2.28900e-07
 2.08135e-07
 1.90079e-07
 1.74278e-07
 1.60372e-07
 1.48069e-07
 1.37131e-07
 1.75890e-06
 1.36016e-06
 1.08430e-06
 8.85182e-07
 7.36592e-07
 6.22681e-07
 5.33392e-07
 4.62080e-07
 4.04207e-07
 3.56589e-07
 3.16932e-07
 2.83552e-07
 2.55188e-07
 2.30882e-07
 2.09895e-07
 1.91646e-07
 1.75681e-07
 1.61632e-07
 1.49204e-07
 1.38157e-07
 1.69440e-06
 1.32473e-06
 1.06395e-06
 8.73167e-07
 7.29406e-07
 6.18393e-07
 5.30891e-07
 4.60702e-07
 4.03546e-07
 3.56386e-07
 3.17022e-07
 2.83828e-07
 2.55579e-07
 2.31340e-07
 2.10389e-07
 1.92155e-07
 1.76191e-07
 1.62133e-07
 1.49691e-07
 1.38627e-07
 1.56978e-06
 1.24997e-06
 1.01699e-06
 8.42571e-07
 7.08881e-07
 6.04296e-07
 5.21023e-07
 4.53689e-07
 3.98501e-07
 3.52725e-07
 3.14349e-07
 2.81870e-07
 2.54144e-07
 2.30293e-07
 2.09630e-07
 1.91614e-07
 1.75813e-07
 1.61880e-07
 1.49533e-07
 1.38541e-07
 1.40898e-06
 1.14805e-06
 9.49977e-07
 7.97122e-07
 6.77230e-07
 5.81753e-07
 5.04655e-07
 4.41606e-07
 3.89453e-07
 3.45865e-07
 3.09092e-07
 2.77804e-07
 2.50975e-07
 2.27806e-07
 2.07667e-07
 1.90057e-07
 1.74575e-07
 1.60892e-07
 1.48744e-07
 1.37910e-07
 1.23538e-06
 1.03217e-06
 8.70605e-07
 7.41442e-07
 6.37323e-07
 5.52597e-07
 4.82988e-07
 4.25260e-07
 3.76954e-07
 3.36192e-07
 3.01526e-07
 2.71829e-07
 2.46216e-07
 2.23986e-07
 2.04580e-07
 1.87547e-07
 1.72522e-07
 1.59205e-07
 1.47352e-07
 1.36757e-07
 1.06631e-06
 9.13536e-07
 7.86034e-07
 6.80151e-07
 5.92182e-07
 5.18843e-07
 4.57391e-07
 4.05595e-07
 3.61667e-07
 3.24180e-07
 2.91994e-07
 2.64196e-07
 2.40054e-07
 2.18974e-07
 2.00475e-07
 1.84164e-07
 1.69718e-07
 1.56869e-07
 1.45396e-07
 1.35112e-07
 9.11876e-07
 7.99984e-07
 7.01914e-07
 6.17215e-07
 5.44578e-07
 4.82432e-07
 4.29234e-07
 3.83591e-07
 3.44301e-07
 3.10346e-07
 2.80877e-07
 2.55191e-07
 2.32704e-07
 2.12934e-07
 1.95479e-07
 1.80007e-07
 1.66240e-07
 1.53944e-07
 1.42924e-07
 1.33014e-07
 7.76437e-07
 6.96052e-07
 6.22089e-07
 5.55641e-07
 4.96781e-07
 4.45052e-07
 3.99768e-07
 3.60177e-07
 3.25546e-07
 2.95208e-07
 2.68568e-07
 2.45112e-07
 2.24397e-07
 2.06043e-07
 1.89731e-07
 1.75185e-07
 1.62174e-07
 1.50499e-07
 1.39991e-07
 1.30507e-07
 6.60613e-07
 6.03721e-07
 5.48782e-07
 4.97448e-07
 4.50471e-07
 4.08047e-07
 3.70046e-07
 3.36167e-07
 3.06034e-07
 2.79254e-07
 2.55445e-07
 2.34254e-07
 2.15361e-07
 1.98484e-07
 1.83373e-07
 1.69812e-07
 1.57611e-07
 1.46607e-07
 1.36658e-07
 1.27640e-07
