scalar
part
         1
quad4
 5.03655e-07
 4.68251e-07
 4.32229e-07
 3.97253e-07
 3.64260e-07
 3.33709e-07
 3.05752e-07
 2.80361e-07
 2.57406e-07
 2.36708e-07
 2.18064e-07
 2.01275e-07
 1.86146e-07
 1.72500e-07
 1.60174e-07
 1.49022e-07
 1.38914e-07
 1.29734e-07
 1.21382e-07
 1.13768e-07
 6.02265e-07
 5.48834e-07
 4.97799e-07
 4.50575e-07
 4.07705e-07
 3.69229e-07
 3.34923e-07
 3.04440e-07
 2.77388e-07
 2.53381e-07
 2.32053e-07
 2.13075e-07
 1.96153e-07
 1.81030e-07
 1.67480e-07
 1.55309e-07
 1.44349e-07
 1.34453e-07
 1.25496e-07
 1.17368e-07
 7.20007e-07
 6.41679e-07
 5.71063e-07
 5.08610e-07
 4.53937e-07
 4.06305e-07
 3.64869e-07
 3.28804e-07
 2.97355e-07
 2.69861e-07
 2.45748e-07
 2.24530e-07
 2.05795e-07
 1.89193e-07
 1.74431e-07
 1.61259e-07
 1.49468e-07
 1.38879e-07
 1.29339e-07
 1.20720e-07
 8.57723e-07
 7.46111e-07
 6.50827e-07
 5.70096e-07
 5.01811e-07
 4.43963e-07
 3.94790e-07
 3.52809e-07
 3.16791e-07
 2.85735e-07
 2.58819e-07
 2.35376e-07
 2.14859e-07
 1.96820e-07
 1.80889e-07
 1.66760e-07
 1.54180e-07
 1.42935e-07
 1.32849e-07
 1.23771e-07
 1.01362e-06
 8.59521e-07
 7.34591e-07
 6.32923e-07
 5.49641e-07
 4.80889e-07
 4.23673e-07
 3.75674e-07
 3.35095e-07
 3.00538e-07
 2.70906e-07
 2.45332e-07
 2.23126e-07
 2.03736e-07
 1.86715e-07
 1.71700e-07
 1.58394e-07
 1.46551e-07
 1.35967e-07
 1.26473e-07
 1.18153e-06
 9.76628e-07
 8.18277e-07
 6.94065e-07
 5.95209e-07
 5.15462e-07
 4.50325e-07
 3.96517e-07
 3.51609e-07
 3.13777e-07
 2.81633e-07
 2.54108e-07
 2.30371e-07
 2.09767e-07
 1.91773e-07
 1.75971e-07
 1.62024e-07
 1.49655e-07
 1.38636e-07
 1.28780e-07
 1.34944e-06
 1.08913e-06
 8.96257e-07
 7.49697e-07
 6.35890e-07
 5.45853e-07
 4.73457e-07
 4.14416e-07
 3.65663e-07
 3.24957e-07
 2.90631e-07
 2.61429e-07
 2.36384e-07
 2.14749e-07
 1.95934e-07
 1.79474e-07
 1.64992e-07
 1.52185e-07
 1.40806e-07
 1.30652e-07
 1.49954e-06
 1.18626e-06
 9.61864e-07
 7.95576e-07
 6.68912e-07
 5.70207e-07
 4.91799e-07
 4.28484e-07
 3.76626e-07
 3.33622e-07
 2.97567e-07
 2.67043e-07
 2.40976e-07
 2.18539e-07
 1.99090e-07
 1.82121e-07
 1.67228e-07
 1.54087e-07
 1.42434e-07
 1.32052e-07
 1.61107e-06
 1.25658e-06
 1.00844e-06
 8.27661e-07
 6.91729e-07
 5.86869e-07
 5.04245e-07
 4.37962e-07
 3.83968e-07
 3.39394e-07
 3.02165e-07
 2.70750e-07
 2.43996e-07
 2.21023e-07
 2.01151e-07
 1.83845e-07
 1.68681e-07
 1.55319e-07
 1.43485e-07
 1.32954e-07
 1.66603e-06
 1.29066e-06
 1.03073e-06
 8.42848e-07
 7.02430e-07
 5.94621e-07
 5.09991e-07
 4.42309e-07
 3.87313e-07
 3.42007e-07
 3.04235e-07
 2.72409e-07
 2.45340e-07
 2.22123e-07
 2.02058e-07
 1.84600e-07
 1.69313e-07
 1.55853e-07
 1.43938e-07
 1.33341e-07
 1.65504e-06
 1.28371e-06
 1.02608e-06
 8.39603e-07
 7.00081e-07
 5.92869e-07
 5.08653e-07
 4.41264e-07
 3.86483e-07
 3.41338e-07
 3.03687e-07
 2.71955e-07
 2.44960e-07
 2.21802e-07
 2.01785e-07
 1.84364e-07
 1.69110e-07
 1.55676e-07
 1.43783e-07
 1.33204e-07
 1.58049e-06
 1.23690e-06
 9.95130e-07
 8.18280e-07
 6.84893e-07
 5.81748e-07
 5.00316e-07
 4.34887e-07
 3.81518e-07
 3.37413e-07
 3.00542e-07
 2.69404e-07
 2.42867e-07
 2.20069e-07
 2.00336e-07
 1.83144e-07
 1.68074e-07
 1.54791e-07
 1.43022e-07
 1.32546e-07
 1.45532e-06
 1.15690e-06
 9.41549e-07
 7.81022e-07
 6.58176e-07
 5.62086e-07
 4.85523e-07
 4.23542e-07
 3.72671e-07
 3.30411e-07
 2.94927e-07
 2.64848e-07
 2.39132e-07
 2.16976e-07
 1.97754e-07
 1.80970e-07
 1.66231e-07
 1.53217e-07
 1.41670e-07
 1.31378e-07
 1.29851e-06
 1.05391e-06
 8.71150e-07
 7.31305e-07
 6.22089e-07
 5.35274e-07
 4.65195e-07
 4.07856e-07
 3.60377e-07
 3.20641e-07
 2.87066e-07
 2.58452e-07
 2.33875e-07
 2.12616e-07
 1.94107e-07
 1.77897e-07
 1.63622e-07
 1.50988e-07
 1.39754e-07
 1.29722e-07
 1.12961e-06
 9.39087e-07
 7.90599e-07
 6.73258e-07
 5.79277e-07
 5.03053e-07
 4.40509e-07
 3.88641e-07
 3.45208e-07
 3.08513e-07
 2.77258e-07
 2.50438e-07
 2.27265e-07
 2.07116e-07
 1.89494e-07
 1.74000e-07
 1.60308e-07
 1.48152e-07
 1.37313e-07
 1.27609e-07
 9.64384e-07
 8.22321e-07
 7.06198e-07
 6.10986e-07
 5.32471e-07
 4.67278e-07
 4.12748e-07
 3.66804e-07
 3.27815e-07
 2.94502e-07
 2.65855e-07
 2.41068e-07
 2.19499e-07
 2.00627e-07
 1.84033e-07
 1.69372e-07
 1.56361e-07
 1.44766e-07
 1.34392e-07
 1.25077e-07
 8.12996e-07
 7.10919e-07
 6.23059e-07
 5.48048e-07
 4.84165e-07
 4.29714e-07
 3.83178e-07
 3.43259e-07
 3.08868e-07
 2.79106e-07
 2.53229e-07
 2.30626e-07
 2.10795e-07
 1.93320e-07
 1.77856e-07
 1.64117e-07
 1.51864e-07
 1.40896e-07
 1.31045e-07
 1.22168e-07
 6.80354e-07
 6.09345e-07
 5.44758e-07
 4.87178e-07
 4.36405e-07
 3.91885e-07
 3.52934e-07
 3.18858e-07
 2.89011e-07
 2.62812e-07
 2.39754e-07
 2.19401e-07
 2.01378e-07
 1.85369e-07
 1.71101e-07
 1.58345e-07
 1.46905e-07
 1.36614e-07
 1.27330e-07
 1.18930e-07
 5.67549e-07
 5.19647e-07
 4.73400e-07
 4.30218e-07
 3.90707e-07
 3.54998e-07
 3.22962e-07
 2.94341e-07
 2.68818e-07
 2.46069e-07
 2.25782e-07
 2.07669e-07
 1.91468e-07
 1.76949e-07
 1.63909e-07
 1.52170e-07
 1.41577e-07
 1.31996e-07
 1.23309e-07
 1.15414e-07
 4.73415e-07
 4.42163e-07
 4.09900e-07
 3.78221e-07
 3.48065e-07
 3.19921e-07
 2.93992e-07
 2.70303e-07
 2.48774e-07
 2.29270e-07
 2.11630e-07
 1.95684e-07
 1.81269e-07
 1.68227e-07
 1.56415e-07
 1.45701e-07
 1.35969e-07
 1.27114e-07
 1.19042e-07
 1.11670e-07
