scalar
part
         1
quad4
 5.62799e-07
 5.19675e-07
 4.76878e-07
 4.36031e-07
 3.97996e-07
 3.63133e-07
 3.31496e-07
 3.02965e-07
 2.77329e-07
 2.54335e-07
 2.33721e-07
 2.15235e-07
 1.98641e-07
 1.83725e-07
 1.70293e-07
 1.58175e-07
 1.47220e-07
 1.37296e-07
 1.28287e-07
 1.20090e-07
 6.67468e-07
 6.04511e-07
 5.45366e-07
 4.91306e-07
 4.42701e-07
 3.99423e-07
 3.61093e-07
 3.27232e-07
 2.97335e-07
 2.70922e-07
 2.47551e-07
 2.26831e-07
 2.08416e-07
 1.92008e-07
 1.77347e-07
 1.64211e-07
 1.52410e-07
 1.41777e-07
 1.32172e-07
 1.23471e-07
 7.91387e-07
 7.01407e-07
 6.21201e-07
 5.50896e-07
 4.89801e-07
 4.36907e-07
 3.91145e-07
 3.51506e-07
 3.17088e-07
 2.87113e-07
 2.60916e-07
 2.37936e-07
 2.17703e-07
 1.99821e-07
 1.83958e-07
 1.69835e-07
 1.57218e-07
 1.45909e-07
 1.35738e-07
 1.26563e-07
 9.34969e-07
 8.09316e-07
 7.02892e-07
 6.13320e-07
 5.37992e-07
 4.74500e-07
 4.20773e-07
 3.75087e-07
 3.36034e-07
 3.02470e-07
 2.73468e-07
 2.48276e-07
 2.26282e-07
 2.06988e-07
 1.89984e-07
 1.74933e-07
 1.61555e-07
 1.49617e-07
 1.38925e-07
 1.29315e-07
 1.09573e-06
 9.25106e-07
 7.87568e-07
 6.76213e-07
 5.85416e-07
 5.10773e-07
 4.48887e-07
 3.97146e-07
 3.53540e-07
 3.16507e-07
 2.84833e-07
 2.57559e-07
 2.33928e-07
 2.13333e-07
 1.95286e-07
 1.79393e-07
 1.65329e-07
 1.52829e-07
 1.41673e-07
 1.31678e-07
 1.26651e-06
 1.04283e-06
 8.70723e-07
 7.36280e-07
 6.29689e-07
 5.44001e-07
 4.74233e-07
 4.16765e-07
 3.68926e-07
 3.28719e-07
 2.94630e-07
 2.65497e-07
 2.40417e-07
 2.18682e-07
 1.99729e-07
 1.83108e-07
 1.68457e-07
 1.55478e-07
 1.43928e-07
 1.33608e-07
 1.43403e-06
 1.15344e-06
 9.46303e-07
 7.89456e-07
 6.68054e-07
 5.72287e-07
 4.95488e-07
 4.33004e-07
 3.81518e-07
 3.38612e-07
 3.02494e-07
 2.71816e-07
 2.45543e-07
 2.22877e-07
 2.03190e-07
 1.85984e-07
 1.70863e-07
 1.57503e-07
 1.45643e-07
 1.35067e-07
 1.57908e-06
 1.24548e-06
 1.00732e-06
 8.31354e-07
 6.97681e-07
 5.93760e-07
 5.11383e-07
 4.44987e-07
 3.90697e-07
 3.45743e-07
 3.08104e-07
 2.76278e-07
 2.49129e-07
 2.25784e-07
 2.05566e-07
 1.87941e-07
 1.72485e-07
 1.58856e-07
 1.46779e-07
 1.36025e-07
 1.67987e-06
 1.30716e-06
 1.04702e-06
 8.57946e-07
 7.16069e-07
 6.06817e-07
 5.20862e-07
 4.52000e-07
 3.95970e-07
 3.49765e-07
 3.11210e-07
 2.78702e-07
 2.51039e-07
 2.27302e-07
 2.06781e-07
 1.88920e-07
 1.73278e-07
 1.59502e-07
 1.47307e-07
 1.36459e-07
 1.71839e-06
 1.32932e-06
 1.06042e-06
 8.66351e-07
 7.21481e-07
 6.10368e-07
 5.23220e-07
 4.53574e-07
 3.97020e-07
 3.50456e-07
 3.11654e-07
 2.78975e-07
 2.51191e-07
 2.27369e-07
 2.06789e-07
 1.88887e-07
 1.73216e-07
 1.59421e-07
 1.47212e-07
 1.36356e-07
 1.68693e-06
 1.30821e-06
 1.04555e-06
 8.55466e-07
 7.13274e-07
 6.04023e-07
 5.18213e-07
 4.49554e-07
 3.93741e-07
 3.47748e-07
 3.09391e-07
 2.77064e-07
 2.49563e-07
 2.25971e-07
 2.05579e-07
 1.87833e-07
 1.72293e-07
 1.58607e-07
 1.46491e-07
 1.35714e-07
 1.59093e-06
 1.24662e-06
 1.00395e-06
 8.26220e-07
 6.92025e-07
 5.88161e-07
 5.06097e-07
 4.40115e-07
 3.86262e-07
 3.41732e-07
 3.04489e-07
 2.73022e-07
 2.46195e-07
 2.23138e-07
 2.03176e-07
 1.85778e-07
 1.70523e-07
 1.57073e-07
 1.45154e-07
 1.34542e-07
 1.44644e-06
 1.15290e-06
 9.40292e-07
 7.81354e-07
 6.59428e-07
 5.63865e-07
 4.87588e-07
 4.25746e-07
 3.74922e-07
 3.32652e-07
 2.97123e-07
 2.66978e-07
 2.41184e-07
 2.18944e-07
 1.99636e-07
 1.82766e-07
 1.67943e-07
 1.54848e-07
 1.43224e-07
 1.32858e-07
 1.27446e-06
 1.03846e-06
 8.61145e-07
 7.24838e-07
 6.17974e-07
 5.32752e-07
 4.63768e-07
 4.07189e-07
 3.60242e-07
 3.20879e-07
 2.87566e-07
 2.59133e-07
 2.34681e-07
 2.13504e-07
 1.95048e-07
 1.78868e-07
 1.64607e-07
 1.51975e-07
 1.40735e-07
 1.30690e-07
 1.09510e-06
 9.15039e-07
 7.73610e-07
 6.61122e-07
 5.70539e-07
 4.96733e-07
 4.35937e-07
 3.85349e-07
 3.42864e-07
 3.06878e-07
 2.76157e-07
 2.49742e-07
 2.26878e-07
 2.06966e-07
 1.89526e-07
 1.74171e-07
 1.60585e-07
 1.48510e-07
 1.37732e-07
 1.28075e-07
 9.23667e-07
 7.92481e-07
 6.84093e-07
 5.94443e-07
 5.19976e-07
 4.57767e-07
 4.05463e-07
 3.61198e-07
 3.23490e-07
 2.91163e-07
 2.63281e-07
 2.39093e-07
 2.17995e-07
 1.99498e-07
 1.83202e-07
 1.68779e-07
 1.55959e-07
 1.44519e-07
 1.34270e-07
 1.25055e-07
 7.69437e-07
 6.77708e-07
 5.97563e-07
 5.28329e-07
 4.68798e-07
 4.17653e-07
 3.73650e-07
 3.35689e-07
 3.02825e-07
 2.74261e-07
 2.49334e-07
 2.27490e-07
 2.08267e-07
 1.91284e-07
 1.76219e-07
 1.62807e-07
 1.50821e-07
 1.40074e-07
 1.30406e-07
 1.21680e-07
 6.36333e-07
 5.74650e-07
 5.17322e-07
 4.65379e-07
 4.18992e-07
 3.77897e-07
 3.41635e-07
 3.09684e-07
 2.81525e-07
 2.56676e-07
 2.34706e-07
 2.15234e-07
 1.97930e-07
 1.82509e-07
 1.68727e-07
 1.56372e-07
 1.45266e-07
 1.35254e-07
 1.26204e-07
 1.18000e-07
 5.24607e-07
 4.84831e-07
 4.45156e-07
 4.07252e-07
 3.71969e-07
 3.39649e-07
 3.10336e-07
 2.83909e-07
 2.60163e-07
 2.38859e-07
 2.19754e-07
 2.02610e-07
 1.87210e-07
 1.73356e-07
 1.60869e-07
 1.49593e-07
 1.39390e-07
 1.30137e-07
 1.21729e-07
 1.14071e-07
 4.32462e-07
 4.08144e-07
 3.81680e-07
 3.54803e-07
 3.28599e-07
 3.03702e-07
 2.80437e-07
 2.58937e-07
 2.39210e-07
 2.21196e-07
 2.04790e-07
 1.89872e-07
 1.76314e-07
 1.63992e-07
 1.52785e-07
 1.42584e-07
 1.33287e-07
 1.24801e-07
 1.17045e-07
 1.09944e-07
