scalar
part
         1
quad4
 4.85222e-07
 4.52795e-07
 4.19324e-07
 3.86496e-07
 3.55295e-07
 3.26229e-07
 2.99498e-07
 2.75118e-07
 2.52999e-07
 2.32991e-07
 2.14920e-07
 1.98606e-07
 1.83875e-07
 1.70562e-07
 1.58515e-07
 1.47599e-07
 1.37690e-07
 1.28681e-07
 1.20473e-07
 1.12982e-07
 5.82359e-07
 5.32555e-07
 4.84518e-07
 4.39741e-07
 3.98852e-07
 3.61975e-07
 3.28959e-07
 2.99517e-07
 2.73310e-07
 2.49988e-07
 2.29221e-07
 2.10702e-07
 1.94159e-07
 1.79348e-07
 1.66059e-07
 1.54106e-07
 1.43328e-07
 1.33586e-07
 1.24758e-07
 1.16740e-07
 6.98824e-07
 6.24863e-07
 5.57712e-07
 4.97985e-07
 4.45447e-07
 3.99490e-07
 3.59372e-07
 3.24347e-07
 2.93724e-07
 2.66889e-07
 2.43306e-07
 2.22516e-07
 2.04129e-07
 1.87811e-07
 1.73282e-07
 1.60304e-07
 1.48673e-07
 1.38216e-07
 1.28788e-07
 1.20263e-07
 8.35732e-07
 7.29261e-07
 6.37868e-07
 5.60072e-07
 4.94008e-07
 4.37847e-07
 3.89966e-07
 3.48980e-07
 3.13737e-07
 2.83286e-07
 2.56849e-07
 2.33787e-07
 2.13574e-07
 1.95780e-07
 1.80048e-07
 1.66081e-07
 1.53633e-07
 1.42498e-07
 1.32502e-07
 1.23498e-07
 9.91709e-07
 8.43431e-07
 7.22673e-07
 6.24013e-07
 5.42918e-07
 4.75774e-07
 4.19751e-07
 3.72650e-07
 3.32753e-07
 2.98718e-07
 2.69490e-07
 2.44231e-07
 2.22273e-07
 2.03079e-07
 1.86214e-07
 1.71324e-07
 1.58118e-07
 1.46356e-07
 1.35837e-07
 1.26397e-07
 1.16119e-06
 9.62445e-07
 8.08251e-07
 6.86888e-07
 5.90016e-07
 5.11674e-07
 4.47547e-07
 3.94477e-07
 3.50113e-07
 3.12686e-07
 2.80848e-07
 2.53556e-07
 2.29996e-07
 2.09528e-07
 1.91640e-07
 1.75921e-07
 1.62037e-07
 1.49717e-07
 1.38736e-07
 1.28910e-07
 1.33286e-06
 1.07835e-06
 8.89135e-07
 7.44940e-07
 6.32700e-07
 5.43722e-07
 4.72057e-07
 4.13527e-07
 3.65135e-07
 3.24686e-07
 2.90545e-07
 2.61475e-07
 2.36526e-07
 2.14960e-07
 1.96194e-07
 1.79767e-07
 1.65308e-07
 1.52516e-07
 1.41146e-07
 1.30995e-07
 1.48952e-06
 1.18060e-06
 9.58705e-07
 7.93914e-07
 6.68166e-07
 5.70030e-07
 4.91979e-07
 4.28887e-07
 3.77166e-07
 3.34243e-07
 2.98233e-07
 2.67729e-07
 2.41666e-07
 2.19222e-07
 1.99759e-07
 1.82772e-07
 1.67859e-07
 1.54695e-07
 1.43019e-07
 1.32614e-07
 1.61053e-06
 1.25762e-06
 1.01016e-06
 8.29646e-07
 6.93770e-07
 5.88867e-07
 5.06150e-07
 4.39756e-07
 3.85645e-07
 3.40955e-07
 3.03617e-07
 2.72100e-07
 2.45251e-07
 2.22192e-07
 2.02240e-07
 1.84861e-07
 1.69631e-07
 1.56209e-07
 1.44320e-07
 1.33738e-07
 1.67700e-06
 1.29941e-06
 1.03787e-06
 8.48782e-07
 7.07435e-07
 5.98898e-07
 5.13688e-07
 4.45536e-07
 3.90153e-07
 3.44527e-07
 3.06485e-07
 2.74430e-07
 2.47166e-07
 2.23780e-07
 2.03569e-07
 1.85983e-07
 1.70584e-07
 1.57025e-07
 1.45022e-07
 1.34347e-07
 1.67769e-06
 1.30021e-06
 1.03862e-06
 8.49452e-07
 7.08016e-07
 5.99397e-07
 5.14115e-07
 4.45902e-07
 3.90469e-07
 3.44800e-07
 3.06722e-07
 2.74637e-07
 2.47347e-07
 2.23940e-07
 2.03711e-07
 1.86109e-07
 1.70697e-07
 1.57125e-07
 1.45113e-07
 1.34428e-07
 1.61287e-06
 1.26009e-06
 1.01245e-06
 8.31658e-07
 6.95506e-07
 5.90354e-07
 5.07423e-07
 4.40848e-07
 3.86585e-07
 3.41768e-07
 3.04324e-07
 2.72717e-07
 2.45792e-07
 2.22669e-07
 2.02662e-07
 1.85237e-07
 1.69966e-07
 1.56509e-07
 1.44590e-07
 1.33982e-07
 1.49407e-06
 1.18494e-06
 9.62573e-07
 7.97263e-07
 6.71035e-07
 5.72480e-07
 4.94073e-07
 4.30683e-07
 3.78713e-07
 3.35581e-07
 2.99396e-07
 2.68746e-07
 2.42558e-07
 2.20009e-07
 2.00456e-07
 1.83392e-07
 1.68413e-07
 1.55192e-07
 1.43466e-07
 1.33017e-07
 1.34009e-06
 1.08470e-06
 8.94591e-07
 7.49589e-07
 6.36652e-07
 5.47086e-07
 4.74929e-07
 4.15990e-07
 3.67257e-07
 3.26524e-07
 2.92145e-07
 2.62875e-07
 2.37757e-07
 2.16046e-07
 1.97157e-07
 1.80624e-07
 1.66074e-07
 1.53203e-07
 1.41764e-07
 1.31554e-07
 1.17111e-06
 9.70739e-07
 8.15209e-07
 6.92745e-07
 5.94967e-07
 5.15879e-07
 4.51137e-07
 3.97557e-07
 3.52770e-07
 3.14991e-07
 2.82857e-07
 2.55316e-07
 2.31545e-07
 2.10898e-07
 1.92856e-07
 1.77004e-07
 1.63007e-07
 1.50587e-07
 1.39521e-07
 1.29619e-07
 1.00389e-06
 8.53396e-07
 7.30933e-07
 6.30925e-07
 5.48747e-07
 4.80723e-07
 4.23980e-07
 3.76284e-07
 3.35894e-07
 3.01448e-07
 2.71874e-07
 2.46323e-07
 2.24118e-07
 2.04713e-07
 1.87667e-07
 1.72621e-07
 1.59280e-07
 1.47400e-07
 1.36779e-07
 1.27249e-07
 8.49482e-07
 7.40477e-07
 6.47149e-07
 5.67838e-07
 5.00563e-07
 4.43424e-07
 3.94742e-07
 3.53096e-07
 3.17303e-07
 2.86394e-07
 2.59570e-07
 2.36180e-07
 2.15689e-07
 1.97657e-07
 1.81719e-07
 1.67576e-07
 1.54974e-07
 1.43705e-07
 1.33592e-07
 1.24486e-07
 7.13432e-07
 6.36867e-07
 5.67699e-07
 5.06377e-07
 4.52561e-07
 4.05565e-07
 3.64594e-07
 3.28863e-07
 2.97651e-07
 2.70321e-07
 2.46320e-07
 2.25175e-07
 2.06484e-07
 1.89906e-07
 1.75152e-07
 1.61979e-07
 1.50178e-07
 1.39574e-07
 1.30017e-07
 1.21377e-07
 5.97217e-07
 5.44921e-07
 4.94904e-07
 4.48536e-07
 4.06355e-07
 3.68418e-07
 3.34525e-07
 3.04352e-07
 2.77531e-07
 2.53692e-07
 2.32484e-07
 2.13590e-07
 1.96724e-07
 1.81635e-07
 1.68106e-07
 1.55943e-07
 1.44983e-07
 1.35081e-07
 1.26113e-07
 1.17972e-07
 4.99881e-07
 4.65176e-07
 4.29843e-07
 3.95488e-07
 3.63027e-07
 3.32913e-07
 3.05306e-07
 2.80191e-07
 2.57448e-07
 2.36910e-07
 2.18387e-07
 2.01685e-07
 1.86619e-07
 1.73015e-07
 1.60716e-07
 1.49580e-07
 1.39479e-07
 1.30300e-07
 1.21943e-07
 1.14320e-07
