scalar
part
         1
quad4
 4.84685e-07
 4.52464e-07
 4.19153e-07
 3.86447e-07
 3.55338e-07
 3.26339e-07
 2.99656e-07
 2.75311e-07
 2.53215e-07
 2.33221e-07
 2.15158e-07
 1.98849e-07
 1.84118e-07
 1.70803e-07
 1.58752e-07
 1.47831e-07
 1.37917e-07
 1.28901e-07
 1.20686e-07
 1.13188e-07
 5.81968e-07
 5.32381e-07
 4.84504e-07
 4.39842e-07
 3.99034e-07
 3.62212e-07
 3.29232e-07
 2.99812e-07
 2.73616e-07
 2.50300e-07
 2.29532e-07
 2.11009e-07
 1.94459e-07
 1.79640e-07
 1.66341e-07
 1.54378e-07
 1.43590e-07
 1.33838e-07
 1.25000e-07
 1.16973e-07
 6.98666e-07
 6.24919e-07
 5.57913e-07
 4.98281e-07
 4.45804e-07
 3.99881e-07
 3.59780e-07
 3.24760e-07
 2.94134e-07
 2.67291e-07
 2.43696e-07
 2.22892e-07
 2.04490e-07
 1.88157e-07
 1.73613e-07
 1.60619e-07
 1.48973e-07
 1.38502e-07
 1.29061e-07
 1.20522e-07
 8.35928e-07
 7.29640e-07
 6.38355e-07
 5.60618e-07
 4.94578e-07
 4.38422e-07
 3.90532e-07
 3.49528e-07
 3.14263e-07
 2.83788e-07
 2.57326e-07
 2.34238e-07
 2.14001e-07
 1.96183e-07
 1.80428e-07
 1.66440e-07
 1.53973e-07
 1.42819e-07
 1.32805e-07
 1.23785e-07
 9.92422e-07
 8.44250e-07
 7.23530e-07
 6.24866e-07
 5.43745e-07
 4.76562e-07
 4.20496e-07
 3.73348e-07
 3.33406e-07
 2.99328e-07
 2.70058e-07
 2.44761e-07
 2.22768e-07
 2.03541e-07
 1.86646e-07
 1.71729e-07
 1.58497e-07
 1.46712e-07
 1.36172e-07
 1.26712e-07
 1.16262e-06
 9.63840e-07
 8.09568e-07
 6.88110e-07
 5.91140e-07
 5.12704e-07
 4.48490e-07
 3.95339e-07
 3.50902e-07
 3.13410e-07
 2.81513e-07
 2.54168e-07
 2.30562e-07
 2.10051e-07
 1.92125e-07
 1.76371e-07
 1.62457e-07
 1.50109e-07
 1.39103e-07
 1.29253e-07
 1.33525e-06
 1.08047e-06
 8.90999e-07
 7.46585e-07
 6.34156e-07
 5.45016e-07
 4.73211e-07
 4.14561e-07
 3.66066e-07
 3.25527e-07
 2.91309e-07
 2.62171e-07
 2.37163e-07
 2.15544e-07
 1.96732e-07
 1.80264e-07
 1.65768e-07
 1.52943e-07
 1.41543e-07
 1.31366e-07
 1.49309e-06
 1.18356e-06
 9.61188e-07
 7.96023e-07
 6.69976e-07
 5.71600e-07
 4.93352e-07
 4.30097e-07
 3.78241e-07
 3.35203e-07
 2.99095e-07
 2.68508e-07
 2.42373e-07
 2.19867e-07
 2.00349e-07
 1.83314e-07
 1.68358e-07
 1.55157e-07
 1.43447e-07
 1.33012e-07
 1.61546e-06
 1.26149e-06
 1.01330e-06
 8.32230e-07
 6.95938e-07
 5.90712e-07
 5.07739e-07
 4.41139e-07
 3.86859e-07
 3.42030e-07
 3.04576e-07
 2.72959e-07
 2.46026e-07
 2.22895e-07
 2.02880e-07
 1.85447e-07
 1.70169e-07
 1.56704e-07
 1.44777e-07
 1.34163e-07
 1.68328e-06
 1.30419e-06
 1.04163e-06
 8.51820e-07
 7.09942e-07
 6.01003e-07
 5.15481e-07
 4.47081e-07
 3.91499e-07
 3.45710e-07
 3.07533e-07
 2.75365e-07
 2.48005e-07
 2.24538e-07
 2.04257e-07
 1.86609e-07
 1.71158e-07
 1.57551e-07
 1.45508e-07
 1.34796e-07
 1.68511e-06
 1.30575e-06
 1.04292e-06
 8.52882e-07
 7.10819e-07
 6.01730e-07
 5.16088e-07
 4.47592e-07
 3.91932e-07
 3.46080e-07
 3.07851e-07
 2.75640e-07
 2.48245e-07
 2.24747e-07
 2.04441e-07
 1.86773e-07
 1.71303e-07
 1.57681e-07
 1.45624e-07
 1.34900e-07
 1.62101e-06
 1.26615e-06
 1.01714e-06
 8.35386e-07
 6.98540e-07
 5.92870e-07
 5.09543e-07
 4.42658e-07
 3.88148e-07
 3.43132e-07
 3.05523e-07
 2.73780e-07
 2.46741e-07
 2.23521e-07
 2.03432e-07
 1.85935e-07
 1.70602e-07
 1.57091e-07
 1.45124e-07
 1.34475e-07
 1.50244e-06
 1.19124e-06
 9.67474e-07
 8.01174e-07
 6.74222e-07
 5.75125e-07
 4.96301e-07
 4.32584e-07
 3.80354e-07
 3.37011e-07
 3.00653e-07
 2.69859e-07
 2.43550e-07
 2.20899e-07
 2.01259e-07
 1.84120e-07
 1.69075e-07
 1.55797e-07
 1.44021e-07
 1.33529e-07
 1.34824e-06
 1.09096e-06
 8.99527e-07
 7.53563e-07
 6.39911e-07
 5.49802e-07
 4.77224e-07
 4.17952e-07
 3.68952e-07
 3.28002e-07
 2.93445e-07
 2.64026e-07
 2.38783e-07
 2.16966e-07
 1.97987e-07
 1.81376e-07
 1.66758e-07
 1.53828e-07
 1.42338e-07
 1.32081e-07
 1.17873e-06
 9.76744e-07
 8.20025e-07
 6.96673e-07
 5.98220e-07
 5.18609e-07
 4.53456e-07
 3.99548e-07
 3.54495e-07
 3.16499e-07
 2.84185e-07
 2.56493e-07
 2.32596e-07
 2.11840e-07
 1.93706e-07
 1.77775e-07
 1.63708e-07
 1.51229e-07
 1.40109e-07
 1.30160e-07
 1.01081e-06
 8.58995e-07
 7.35516e-07
 6.34721e-07
 5.51928e-07
 4.83417e-07
 4.26285e-07
 3.78274e-07
 3.37626e-07
 3.02967e-07
 2.73216e-07
 2.47516e-07
 2.25184e-07
 2.05670e-07
 1.88532e-07
 1.73405e-07
 1.59994e-07
 1.48054e-07
 1.37379e-07
 1.27801e-07
 8.55641e-07
 7.45594e-07
 6.51426e-07
 5.71439e-07
 5.03621e-07
 4.46041e-07
 3.97000e-07
 3.55058e-07
 3.19021e-07
 2.87907e-07
 2.60911e-07
 2.37376e-07
 2.16761e-07
 1.98622e-07
 1.82593e-07
 1.68369e-07
 1.55698e-07
 1.44368e-07
 1.34200e-07
 1.25046e-07
 7.18852e-07
 6.41481e-07
 5.71633e-07
 5.09746e-07
 4.55461e-07
 4.08075e-07
 3.66779e-07
 3.30777e-07
 2.99337e-07
 2.71814e-07
 2.47649e-07
 2.26364e-07
 2.07553e-07
 1.90871e-07
 1.76028e-07
 1.62776e-07
 1.50906e-07
 1.40242e-07
 1.30630e-07
 1.21943e-07
 6.01958e-07
 5.49045e-07
 4.98488e-07
 4.51654e-07
 4.09075e-07
 3.70799e-07
 3.36618e-07
 3.06200e-07
 2.79170e-07
 2.55152e-07
 2.33791e-07
 2.14764e-07
 1.97783e-07
 1.82595e-07
 1.68978e-07
 1.56739e-07
 1.45711e-07
 1.35750e-07
 1.26729e-07
 1.18540e-07
 5.04019e-07
 4.68845e-07
 4.33086e-07
 3.98352e-07
 3.65558e-07
 3.35154e-07
 3.07295e-07
 2.81961e-07
 2.59030e-07
 2.38328e-07
 2.19662e-07
 2.02836e-07
 1.87661e-07
 1.73962e-07
 1.61580e-07
 1.50370e-07
 1.40204e-07
 1.30967e-07
 1.22558e-07
 1.14889e-07
