scalar
part
         1
quad4
 4.71885e-07
 4.41099e-07
 4.09214e-07
 3.77838e-07
 3.47917e-07
 3.19955e-07
 2.94163e-07
 2.70575e-07
 2.49120e-07
 2.29668e-07
 2.12063e-07
 1.96141e-07
 1.81738e-07
 1.68702e-07
 1.56889e-07
 1.46172e-07
 1.36433e-07
 1.27568e-07
 1.19485e-07
 1.12102e-07
 5.66214e-07
 5.18827e-07
 4.72984e-07
 4.30109e-07
 3.90826e-07
 3.55283e-07
 3.23365e-07
 2.94825e-07
 2.69356e-07
 2.46640e-07
 2.26371e-07
 2.08264e-07
 1.92062e-07
 1.77535e-07
 1.64484e-07
 1.52730e-07
 1.42122e-07
 1.32523e-07
 1.23818e-07
 1.15905e-07
 6.79364e-07
 6.08908e-07
 5.44728e-07
 4.87439e-07
 4.36869e-07
 3.92484e-07
 3.53619e-07
 3.19594e-07
 2.89772e-07
 2.63580e-07
 2.40517e-07
 2.20150e-07
 2.02108e-07
 1.86076e-07
 1.71783e-07
 1.59001e-07
 1.47535e-07
 1.37218e-07
 1.27908e-07
 1.19483e-07
 8.12572e-07
 7.11051e-07
 6.23567e-07
 5.48800e-07
 4.85065e-07
 4.30697e-07
 3.84199e-07
 3.44287e-07
 3.09883e-07
 2.80095e-07
 2.54184e-07
 2.31544e-07
 2.11672e-07
 1.94156e-07
 1.78652e-07
 1.64873e-07
 1.52583e-07
 1.41579e-07
 1.31694e-07
 1.22784e-07
 9.64848e-07
 8.23273e-07
 7.07433e-07
 6.12368e-07
 5.33912e-07
 4.68722e-07
 4.14161e-07
 3.68164e-07
 3.29113e-07
 2.95734e-07
 2.67019e-07
 2.42166e-07
 2.20532e-07
 2.01600e-07
 1.84948e-07
 1.70233e-07
 1.57172e-07
 1.45530e-07
 1.35113e-07
 1.25758e-07
 1.13141e-06
 9.41179e-07
 7.92787e-07
 6.75429e-07
 5.81368e-07
 5.05033e-07
 4.42365e-07
 3.90372e-07
 3.46817e-07
 3.10007e-07
 2.78645e-07
 2.51726e-07
 2.28461e-07
 2.08229e-07
 1.90532e-07
 1.74968e-07
 1.61213e-07
 1.48999e-07
 1.38108e-07
 1.28356e-07
 1.30223e-06
 1.05752e-06
 8.74536e-07
 7.34422e-07
 6.24933e-07
 5.37859e-07
 4.67542e-07
 4.09988e-07
 3.62317e-07
 3.22410e-07
 2.88684e-07
 2.59936e-07
 2.35239e-07
 2.13873e-07
 1.95269e-07
 1.78973e-07
 1.64622e-07
 1.51919e-07
 1.40623e-07
 1.30534e-07
 1.46164e-06
 1.16243e-06
 9.46366e-07
 7.85224e-07
 6.61856e-07
 5.65326e-07
 4.88390e-07
 4.26093e-07
 3.74953e-07
 3.32463e-07
 2.96780e-07
 2.66529e-07
 2.40663e-07
 2.18376e-07
 1.99039e-07
 1.82154e-07
 1.67324e-07
 1.54229e-07
 1.42610e-07
 1.32254e-07
 1.59007e-06
 1.24468e-06
 1.00154e-06
 8.23654e-07
 6.89455e-07
 5.85665e-07
 5.03714e-07
 4.37862e-07
 3.84143e-07
 3.39745e-07
 3.02628e-07
 2.71280e-07
 2.44564e-07
 2.21610e-07
 2.01742e-07
 1.84432e-07
 1.69258e-07
 1.55883e-07
 1.44032e-07
 1.33483e-07
 1.66821e-06
 1.29385e-06
 1.03413e-06
 8.46153e-07
 7.05514e-07
 5.97450e-07
 5.12567e-07
 4.44648e-07
 3.89437e-07
 3.43939e-07
 3.05995e-07
 2.74017e-07
 2.46813e-07
 2.23477e-07
 2.03306e-07
 1.85752e-07
 1.70380e-07
 1.56844e-07
 1.44860e-07
 1.34201e-07
 1.68254e-06
 1.30297e-06
 1.04028e-06
 8.50472e-07
 7.08659e-07
 5.99807e-07
 5.14377e-07
 4.46067e-07
 3.90569e-07
 3.44856e-07
 3.06749e-07
 2.74643e-07
 2.47339e-07
 2.23922e-07
 2.03686e-07
 1.86080e-07
 1.70665e-07
 1.57092e-07
 1.45078e-07
 1.34394e-07
 1.63003e-06
 1.27057e-06
 1.01918e-06
 8.36156e-07
 6.98616e-07
 5.92565e-07
 5.09032e-07
 4.42043e-07
 3.87487e-07
 3.42460e-07
 3.04860e-07
 2.73137e-07
 2.46125e-07
 2.22934e-07
 2.02876e-07
 1.85409e-07
 1.70106e-07
 1.56623e-07
 1.44683e-07
 1.34058e-07
 1.51964e-06
 1.20119e-06
 9.73345e-07
 8.04662e-07
 6.76272e-07
 5.76284e-07
 4.96897e-07
 4.32821e-07
 3.80358e-07
 3.36867e-07
 3.00414e-07
 2.69560e-07
 2.43217e-07
 2.20547e-07
 2.00899e-07
 1.83759e-07
 1.68719e-07
 1.55449e-07
 1.43683e-07
 1.33202e-07
 1.36940e-06
 1.10423e-06
 9.08007e-07
 7.59066e-07
 6.43514e-07
 5.52165e-07
 4.78762e-07
 4.18933e-07
 3.69552e-07
 3.28338e-07
 2.93596e-07
 2.64049e-07
 2.38716e-07
 2.16837e-07
 1.97814e-07
 1.81175e-07
 1.66538e-07
 1.53597e-07
 1.42101e-07
 1.31842e-07
 1.20035e-06
 9.91246e-07
 8.29863e-07
 7.03422e-07
 6.02892e-07
 5.21864e-07
 4.55731e-07
 4.01136e-07
 3.55595e-07
 3.17248e-07
 2.84681e-07
 2.56804e-07
 2.32772e-07
 2.11916e-07
 1.93709e-07
 1.77723e-07
 1.63617e-07
 1.51109e-07
 1.39969e-07
 1.30005e-07
 1.03075e-06
 8.73216e-07
 7.45680e-07
 6.42023e-07
 5.57203e-07
 4.87249e-07
 4.29081e-07
 3.80318e-07
 3.39120e-07
 3.04054e-07
 2.74001e-07
 2.48075e-07
 2.25572e-07
 2.05929e-07
 1.88692e-07
 1.73490e-07
 1.60022e-07
 1.48037e-07
 1.37330e-07
 1.27726e-07
 8.72952e-07
 7.58639e-07
 6.61202e-07
 5.78759e-07
 5.09111e-07
 4.50169e-07
 4.00112e-07
 3.57410e-07
 3.20801e-07
 2.89253e-07
 2.61927e-07
 2.38139e-07
 2.17328e-07
 1.99038e-07
 1.82891e-07
 1.68576e-07
 1.55833e-07
 1.44446e-07
 1.34235e-07
 1.25046e-07
 7.33358e-07
 6.52958e-07
 5.80609e-07
 5.16725e-07
 4.60873e-07
 4.12272e-07
 3.70035e-07
 3.33306e-07
 3.01303e-07
 2.73344e-07
 2.48838e-07
 2.27287e-07
 2.08266e-07
 1.91418e-07
 1.76444e-07
 1.63088e-07
 1.51135e-07
 1.40404e-07
 1.30740e-07
 1.22010e-07
 6.13885e-07
 5.58887e-07
 5.06482e-07
 4.58084e-07
 4.14217e-07
 3.74898e-07
 3.39881e-07
 3.08797e-07
 2.81236e-07
 2.56796e-07
 2.35098e-07
 2.15803e-07
 1.98607e-07
 1.83247e-07
 1.69491e-07
 1.57140e-07
 1.46021e-07
 1.35986e-07
 1.26905e-07
 1.18667e-07
 5.13743e-07
 4.77162e-07
 4.40069e-07
 4.04141e-07
 3.70317e-07
 3.39045e-07
 3.10466e-07
 2.84540e-07
 2.61124e-07
 2.40028e-07
 2.21041e-07
 2.03953e-07
 1.88566e-07
 1.74694e-07
 1.62169e-07
 1.50843e-07
 1.40581e-07
 1.31265e-07
 1.22792e-07
 1.15070e-07
