scalar
part
         1
quad4
 3.98726e-07
 3.78250e-07
 3.55304e-07
 3.31568e-07
 3.08126e-07
 2.85631e-07
 2.64446e-07
 2.44741e-07
 2.26566e-07
 2.09890e-07
 1.94644e-07
 1.80733e-07
 1.68053e-07
 1.56498e-07
 1.45964e-07
 1.36354e-07
 1.27580e-07
 1.19558e-07
 1.12214e-07
 1.05481e-07
 4.85576e-07
 4.50955e-07
 4.15811e-07
 3.81816e-07
 3.49866e-07
 3.20373e-07
 2.93453e-07
 2.69053e-07
 2.47028e-07
 2.27191e-07
 2.09340e-07
 1.93275e-07
 1.78806e-07
 1.65758e-07
 1.53974e-07
 1.43313e-07
 1.33650e-07
 1.24875e-07
 1.16888e-07
 1.09606e-07
 5.91257e-07
 5.36448e-07
 4.84900e-07
 4.37758e-07
 3.95337e-07
 3.57517e-07
 3.23966e-07
 2.94269e-07
 2.67994e-07
 2.44730e-07
 2.24099e-07
 2.05766e-07
 1.89438e-07
 1.74856e-07
 1.61800e-07
 1.50078e-07
 1.39525e-07
 1.29999e-07
 1.21377e-07
 1.13554e-07
 7.17709e-07
 6.35023e-07
 5.62127e-07
 4.98678e-07
 4.43775e-07
 3.96351e-07
 3.55362e-07
 3.19862e-07
 2.89023e-07
 2.62142e-07
 2.38622e-07
 2.17964e-07
 1.99750e-07
 1.83629e-07
 1.69306e-07
 1.56537e-07
 1.45111e-07
 1.34854e-07
 1.25617e-07
 1.17273e-07
 8.65066e-07
 7.45502e-07
 6.45968e-07
 5.63108e-07
 4.93901e-07
 4.35815e-07
 3.86784e-07
 3.45146e-07
 3.09571e-07
 2.78997e-07
 2.52567e-07
 2.29595e-07
 2.09524e-07
 1.91900e-07
 1.76352e-07
 1.62575e-07
 1.50315e-07
 1.39364e-07
 1.29545e-07
 1.20709e-07
 1.03015e-06
 8.64487e-07
 7.33477e-07
 6.28676e-07
 5.43874e-07
 4.74497e-07
 4.17153e-07
 3.69298e-07
 3.29008e-07
 2.94808e-07
 2.65558e-07
 2.40366e-07
 2.18529e-07
 1.99487e-07
 1.82790e-07
 1.68075e-07
 1.55043e-07
 1.43451e-07
 1.33097e-07
 1.23812e-07
 1.20491e-06
 9.85759e-07
 8.20088e-07
 6.92087e-07
 5.91317e-07
 5.10678e-07
 4.45216e-07
 3.91397e-07
 3.46647e-07
 3.09060e-07
 2.77202e-07
 2.49975e-07
 2.26532e-07
 2.06208e-07
 1.88479e-07
 1.72924e-07
 1.59204e-07
 1.47042e-07
 1.36215e-07
 1.26533e-07
 1.37546e-06
 1.10019e-06
 8.99765e-07
 7.49297e-07
 6.33479e-07
 5.42453e-07
 4.69633e-07
 4.10482e-07
 3.61792e-07
 3.21241e-07
 2.87117e-07
 2.58134e-07
 2.33312e-07
 2.11893e-07
 1.93285e-07
 1.77016e-07
 1.62713e-07
 1.50071e-07
 1.38843e-07
 1.28827e-07
 1.52294e-06
 1.19657e-06
 9.65612e-07
 7.95936e-07
 6.67511e-07
 5.67917e-07
 4.89100e-07
 4.25645e-07
 3.73795e-07
 3.30881e-07
 2.94958e-07
 2.64585e-07
 2.38674e-07
 2.16392e-07
 1.97091e-07
 1.80261e-07
 1.65499e-07
 1.52478e-07
 1.40936e-07
 1.30656e-07
 1.62661e-06
 1.26343e-06
 1.01097e-06
 8.27958e-07
 6.90860e-07
 5.85407e-07
 5.02502e-07
 4.36116e-07
 3.82116e-07
 3.37591e-07
 3.00441e-07
 2.69117e-07
 2.42459e-07
 2.19583e-07
 1.99804e-07
 1.82586e-07
 1.67504e-07
 1.54220e-07
 1.42457e-07
 1.31992e-07
 1.66919e-06
 1.29177e-06
 1.03080e-06
 8.42385e-07
 7.01686e-07
 5.93740e-07
 5.09054e-07
 4.41361e-07
 3.86381e-07
 3.41106e-07
 3.03371e-07
 2.71586e-07
 2.44559e-07
 2.21384e-07
 2.01360e-07
 1.83940e-07
 1.68690e-07
 1.55263e-07
 1.43380e-07
 1.32813e-07
 1.64309e-06
 1.27771e-06
 1.02296e-06
 8.37946e-07
 6.99199e-07
 5.92404e-07
 5.08413e-07
 4.41143e-07
 3.86421e-07
 3.41302e-07
 3.03659e-07
 2.71925e-07
 2.44923e-07
 2.21755e-07
 2.01728e-07
 1.84298e-07
 1.69034e-07
 1.55592e-07
 1.43693e-07
 1.33109e-07
 1.55384e-06
 1.22388e-06
 9.88786e-07
 8.15378e-07
 6.83817e-07
 5.81646e-07
 5.00727e-07
 4.35553e-07
 3.82294e-07
 3.38216e-07
 3.01328e-07
 2.70148e-07
 2.43558e-07
 2.20701e-07
 2.00911e-07
 1.83662e-07
 1.68540e-07
 1.55208e-07
 1.43394e-07
 1.32878e-07
 1.41824e-06
 1.13867e-06
 9.32806e-07
 7.77259e-07
 6.57079e-07
 5.62422e-07
 4.86608e-07
 4.24994e-07
 3.74272e-07
 3.32036e-07
 2.96508e-07
 2.66348e-07
 2.40533e-07
 2.18272e-07
 1.98945e-07
 1.82061e-07
 1.67227e-07
 1.54125e-07
 1.42497e-07
 1.32131e-07
 1.25778e-06
 1.03355e-06
 8.61493e-07
 7.27416e-07
 6.21344e-07
 5.36230e-07
 4.67040e-07
 4.10128e-07
 3.62808e-07
 3.23080e-07
 2.89427e-07
 2.60690e-07
 2.35969e-07
 2.14559e-07
 1.95900e-07
 1.79546e-07
 1.65135e-07
 1.52375e-07
 1.41026e-07
 1.30887e-07
 1.09196e-06
 9.19993e-07
 7.81769e-07
 6.70154e-07
 5.79360e-07
 5.04877e-07
 4.43237e-07
 3.91788e-07
 3.48488e-07
 3.11764e-07
 2.80387e-07
 2.53397e-07
 2.30032e-07
 2.09686e-07
 1.91870e-07
 1.76190e-07
 1.62323e-07
 1.50004e-07
 1.39015e-07
 1.29174e-07
 9.34552e-07
 8.07235e-07
 6.99741e-07
 6.09529e-07
 5.33859e-07
 4.70228e-07
 4.16494e-07
 3.70887e-07
 3.31965e-07
 2.98563e-07
 2.69738e-07
 2.44729e-07
 2.22919e-07
 2.03803e-07
 1.86971e-07
 1.72083e-07
 1.58859e-07
 1.47066e-07
 1.36510e-07
 1.27028e-07
 7.93156e-07
 7.01463e-07
 6.20031e-07
 5.48885e-07
 4.87237e-07
 4.34002e-07
 3.88051e-07
 3.48330e-07
 3.13904e-07
 2.83972e-07
 2.57850e-07
 2.34967e-07
 2.14843e-07
 1.97076e-07
 1.81331e-07
 1.67326e-07
 1.54824e-07
 1.43626e-07
 1.33563e-07
 1.24490e-07
 6.70613e-07
 6.06030e-07
 5.45642e-07
 4.90659e-07
 4.41388e-07
 3.97645e-07
 3.59003e-07
 3.24943e-07
 2.94933e-07
 2.68468e-07
 2.45090e-07
 2.24394e-07
 2.06026e-07
 1.89678e-07
 1.75088e-07
 1.62028e-07
 1.50306e-07
 1.39754e-07
 1.30228e-07
 1.21607e-07
 5.66772e-07
 5.22168e-07
 4.78182e-07
 4.36406e-07
 3.97660e-07
 3.62265e-07
 3.30239e-07
 3.01432e-07
 2.75606e-07
 2.52488e-07
 2.31802e-07
 2.13282e-07
 1.96682e-07
 1.81780e-07
 1.68378e-07
 1.56300e-07
 1.45393e-07
 1.35521e-07
 1.26567e-07
 1.18426e-07
