scalar
part
         1
quad4
 5.94589e-07
 5.46391e-07
 4.99154e-07
 4.54521e-07
 4.13311e-07
 3.75814e-07
 3.42008e-07
 3.11695e-07
 2.84596e-07
 2.60400e-07
 2.38798e-07
 2.19497e-07
 2.02228e-07
 1.86752e-07
 1.72853e-07
 1.60345e-07
 1.49063e-07
 1.38863e-07
 1.29620e-07
 1.21226e-07
 7.03158e-07
 6.33665e-07
 5.69037e-07
 5.10476e-07
 4.58225e-07
 4.12015e-07
 3.71334e-07
 3.35588e-07
 3.04177e-07
 2.76545e-07
 2.52188e-07
 2.30667e-07
 2.11600e-07
 1.94656e-07
 1.79555e-07
 1.66056e-07
 1.53952e-07
 1.43067e-07
 1.33251e-07
 1.24374e-07
 8.31065e-07
 7.32728e-07
 6.45848e-07
 5.70300e-07
 5.05118e-07
 4.49045e-07
 4.00807e-07
 3.59233e-07
 3.23298e-07
 2.92124e-07
 2.64975e-07
 2.41236e-07
 2.20392e-07
 2.02017e-07
 1.85753e-07
 1.71304e-07
 1.58419e-07
 1.46889e-07
 1.36535e-07
 1.27209e-07
 9.78224e-07
 8.42091e-07
 7.27761e-07
 6.32274e-07
 5.52523e-07
 4.85712e-07
 4.29479e-07
 3.81888e-07
 3.41375e-07
 3.06683e-07
 2.76803e-07
 2.50922e-07
 2.28385e-07
 2.08658e-07
 1.91309e-07
 1.75979e-07
 1.62376e-07
 1.50255e-07
 1.39414e-07
 1.29682e-07
 1.14123e-06
 9.57946e-07
 8.11454e-07
 6.93746e-07
 5.98407e-07
 5.20483e-07
 4.56200e-07
 4.02689e-07
 3.57760e-07
 3.19730e-07
 2.87295e-07
 2.59437e-07
 2.35354e-07
 2.14406e-07
 1.96082e-07
 1.79971e-07
 1.65734e-07
 1.53096e-07
 1.41830e-07
 1.31747e-07
 1.31143e-06
 1.07344e-06
 8.91901e-07
 7.51136e-07
 6.40234e-07
 5.51556e-07
 4.79680e-07
 4.20703e-07
 3.71770e-07
 3.30760e-07
 2.96076e-07
 2.66497e-07
 2.41082e-07
 2.19092e-07
 1.99946e-07
 1.83178e-07
 1.68413e-07
 1.55348e-07
 1.43733e-07
 1.33363e-07
 1.47355e-06
 1.17854e-06
 9.62578e-07
 8.00168e-07
 6.75163e-07
 5.77009e-07
 4.98597e-07
 4.35005e-07
 3.82747e-07
 3.39298e-07
 3.02796e-07
 2.71843e-07
 2.45375e-07
 2.22570e-07
 2.02785e-07
 1.85512e-07
 1.70345e-07
 1.56956e-07
 1.45079e-07
 1.34495e-07
 1.60645e-06
 1.26108e-06
 1.01627e-06
 8.36422e-07
 7.00398e-07
 5.95025e-07
 5.11736e-07
 4.44765e-07
 3.90113e-07
 3.44934e-07
 3.07160e-07
 2.75258e-07
 2.48073e-07
 2.24719e-07
 2.04509e-07
 1.86904e-07
 1.71475e-07
 1.57878e-07
 1.45835e-07
 1.35117e-07
 1.68779e-06
 1.30939e-06
 1.04651e-06
 8.56119e-07
 7.13637e-07
 6.04150e-07
 5.18154e-07
 4.49354e-07
 3.93436e-07
 3.47366e-07
 3.08954e-07
 2.76589e-07
 2.49062e-07
 2.25454e-07
 2.05054e-07
 1.87305e-07
 1.71767e-07
 1.58086e-07
 1.45978e-07
 1.35210e-07
 1.70168e-06
 1.31569e-06
 1.04916e-06
 8.56931e-07
 7.13505e-07
 6.03537e-07
 5.17311e-07
 4.48417e-07
 3.92481e-07
 3.46433e-07
 3.08065e-07
 2.75754e-07
 2.48285e-07
 2.24734e-07
 2.04389e-07
 1.86692e-07
 1.71202e-07
 1.57565e-07
 1.45498e-07
 1.34768e-07
 1.64520e-06
 1.27866e-06
 1.02358e-06
 8.38527e-07
 6.99825e-07
 5.93093e-07
 5.09157e-07
 4.41930e-07
 3.87236e-07
 3.42132e-07
 3.04494e-07
 2.72757e-07
 2.45745e-07
 2.22563e-07
 2.02519e-07
 1.85069e-07
 1.69785e-07
 1.56321e-07
 1.44399e-07
 1.33792e-07
 1.52913e-06
 1.20372e-06
 9.72731e-07
 8.02630e-07
 6.73654e-07
 5.73494e-07
 4.94143e-07
 4.30201e-07
 3.77917e-07
 3.34618e-07
 2.98356e-07
 2.67683e-07
 2.41508e-07
 2.18991e-07
 1.99482e-07
 1.82468e-07
 1.67540e-07
 1.54372e-07
 1.42697e-07
 1.32297e-07
 1.37270e-06
 1.10097e-06
 9.02271e-07
 7.52591e-07
 6.37066e-07
 5.46073e-07
 4.73151e-07
 4.13833e-07
 3.64947e-07
 3.24192e-07
 2.89869e-07
 2.60695e-07
 2.35695e-07
 2.14112e-07
 1.95351e-07
 1.78944e-07
 1.64513e-07
 1.51754e-07
 1.40420e-07
 1.30305e-07
 1.19697e-06
 9.82237e-07
 8.19161e-07
 6.92673e-07
 5.92766e-07
 5.12600e-07
 4.47374e-07
 3.93647e-07
 3.48903e-07
 3.11270e-07
 2.79337e-07
 2.52019e-07
 2.28478e-07
 2.08054e-07
 1.90226e-07
 1.74575e-07
 1.60764e-07
 1.48517e-07
 1.37608e-07
 1.27850e-07
 1.02000e-06
 8.58523e-07
 7.30284e-07
 6.27292e-07
 5.43660e-07
 4.75031e-07
 4.18156e-07
 3.70587e-07
 3.30461e-07
 2.96344e-07
 2.67123e-07
 2.41926e-07
 2.20061e-07
 2.00978e-07
 1.84230e-07
 1.69460e-07
 1.56371e-07
 1.44721e-07
 1.34310e-07
 1.24970e-07
 8.54534e-07
 7.38461e-07
 6.41471e-07
 5.60421e-07
 4.92484e-07
 4.35280e-07
 3.86855e-07
 3.45630e-07
 3.10332e-07
 2.79938e-07
 2.53621e-07
 2.30714e-07
 2.10674e-07
 1.93058e-07
 1.77502e-07
 1.63706e-07
 1.51420e-07
 1.40437e-07
 1.30583e-07
 1.21711e-07
 7.07738e-07
 6.27765e-07
 5.57020e-07
 4.95218e-07
 4.41549e-07
 3.95036e-07
 3.54715e-07
 3.19698e-07
 2.89207e-07
 2.62574e-07
 2.39228e-07
 2.18690e-07
 2.00554e-07
 1.84483e-07
 1.70188e-07
 1.57430e-07
 1.46005e-07
 1.35740e-07
 1.26488e-07
 1.18125e-07
 5.82214e-07
 5.29444e-07
 4.79636e-07
 4.33911e-07
 3.92614e-07
 3.55668e-07
 3.22789e-07
 2.93602e-07
 2.67713e-07
 2.44738e-07
 2.24323e-07
 2.06149e-07
 1.89935e-07
 1.75436e-07
 1.62437e-07
 1.50753e-07
 1.40223e-07
 1.30709e-07
 1.22091e-07
 1.14265e-07
 4.77528e-07
 4.44424e-07
 4.10656e-07
 3.77843e-07
 3.46876e-07
 3.18183e-07
 2.91903e-07
 2.68010e-07
 2.46383e-07
 2.26856e-07
 2.09245e-07
 1.93365e-07
 1.79036e-07
 1.66096e-07
 1.54392e-07
 1.43790e-07
 1.34169e-07
 1.25422e-07
 1.17455e-07
 1.10183e-07
 3.91608e-07
 3.72266e-07
 3.50397e-07
 3.27632e-07
 3.05031e-07
 2.83246e-07
 2.62651e-07
 2.43429e-07
 2.25645e-07
 2.09284e-07
 1.94289e-07
 1.80578e-07
 1.68056e-07
 1.56624e-07
 1.46187e-07
 1.36653e-07
 1.27935e-07
 1.19957e-07
 1.12645e-07
 1.05935e-07
