scalar
part
         1
quad4
 4.63486e-07
 4.34532e-07
 4.04042e-07
 3.73731e-07
 3.44632e-07
 3.17309e-07
 2.92020e-07
 2.68831e-07
 2.47696e-07
 2.28503e-07
 2.11109e-07
 1.95359e-07
 1.81100e-07
 1.68182e-07
 1.56468e-07
 1.45833e-07
 1.36164e-07
 1.27357e-07
 1.19324e-07
 1.11982e-07
 5.58797e-07
 5.13243e-07
 4.68727e-07
 4.26827e-07
 3.88270e-07
 3.53278e-07
 3.21784e-07
 2.93574e-07
 2.68365e-07
 2.45858e-07
 2.25756e-07
 2.07784e-07
 1.91692e-07
 1.77256e-07
 1.64278e-07
 1.52586e-07
 1.42028e-07
 1.32471e-07
 1.23801e-07
 1.15917e-07
 6.73638e-07
 6.04819e-07
 5.41755e-07
 4.85245e-07
 4.35233e-07
 3.91259e-07
 3.52703e-07
 3.18914e-07
 2.89274e-07
 2.63226e-07
 2.40276e-07
 2.20000e-07
 2.02030e-07
 1.86055e-07
 1.71809e-07
 1.59064e-07
 1.47627e-07
 1.37334e-07
 1.28043e-07
 1.19633e-07
 8.09435e-07
 7.09051e-07
 6.22269e-07
 5.47958e-07
 4.84533e-07
 4.30382e-07
 3.84042e-07
 3.44247e-07
 3.09932e-07
 2.80210e-07
 2.54350e-07
 2.31748e-07
 2.11905e-07
 1.94411e-07
 1.78921e-07
 1.65154e-07
 1.52870e-07
 1.41870e-07
 1.31987e-07
 1.23077e-07
 9.65310e-07
 8.23965e-07
 7.08183e-07
 6.13116e-07
 5.34639e-07
 4.69423e-07
 4.14839e-07
 3.68821e-07
 3.29749e-07
 2.96350e-07
 2.67616e-07
 2.42744e-07
 2.21092e-07
 2.02142e-07
 1.85472e-07
 1.70739e-07
 1.57661e-07
 1.46002e-07
 1.35569e-07
 1.26198e-07
 1.13639e-06
 9.45051e-07
 7.95856e-07
 6.77927e-07
 5.83456e-07
 5.06821e-07
 4.43927e-07
 3.91760e-07
 3.48067e-07
 3.11145e-07
 2.79690e-07
 2.52691e-07
 2.29359e-07
 2.09067e-07
 1.91317e-07
 1.75706e-07
 1.61908e-07
 1.49656e-07
 1.38729e-07
 1.28945e-07
 1.31223e-06
 1.06478e-06
 8.80018e-07
 7.38720e-07
 6.28413e-07
 5.40753e-07
 4.70003e-07
 4.12120e-07
 3.64191e-07
 3.24078e-07
 2.90183e-07
 2.61293e-07
 2.36478e-07
 2.15010e-07
 1.96318e-07
 1.79944e-07
 1.65525e-07
 1.52761e-07
 1.41411e-07
 1.31273e-07
 1.47636e-06
 1.17285e-06
 9.54113e-07
 7.91230e-07
 6.66671e-07
 5.69292e-07
 4.91730e-07
 4.28956e-07
 3.77443e-07
 3.34654e-07
 2.98729e-07
 2.68277e-07
 2.42242e-07
 2.19811e-07
 2.00350e-07
 1.83358e-07
 1.68434e-07
 1.55257e-07
 1.43565e-07
 1.33143e-07
 1.60828e-06
 1.25758e-06
 1.01118e-06
 8.31148e-07
 6.95473e-07
 5.90621e-07
 5.07878e-07
 4.41419e-07
 3.87224e-07
 3.42443e-07
 3.05014e-07
 2.73407e-07
 2.46475e-07
 2.23337e-07
 2.03312e-07
 1.85865e-07
 1.70573e-07
 1.57093e-07
 1.45151e-07
 1.34521e-07
 1.68806e-06
 1.30829e-06
 1.04514e-06
 8.54835e-07
 7.12551e-07
 6.03276e-07
 5.17477e-07
 4.48845e-07
 3.93069e-07
 3.47115e-07
 3.08797e-07
 2.76508e-07
 2.49043e-07
 2.25485e-07
 2.05124e-07
 1.87407e-07
 1.71893e-07
 1.58232e-07
 1.46139e-07
 1.35383e-07
 1.70231e-06
 1.31806e-06
 1.05214e-06
 8.60029e-07
 7.16514e-07
 6.06370e-07
 5.19938e-07
 4.50836e-07
 3.94703e-07
 3.48472e-07
 3.09937e-07
 2.77474e-07
 2.49870e-07
 2.26197e-07
 2.05742e-07
 1.87947e-07
 1.72367e-07
 1.58651e-07
 1.46511e-07
 1.35714e-07
 1.64880e-06
 1.28570e-06
 1.03151e-06
 8.46324e-07
 7.07103e-07
 5.99730e-07
 5.15147e-07
 4.47311e-07
 3.92066e-07
 3.46471e-07
 3.08400e-07
 2.76281e-07
 2.48934e-07
 2.25458e-07
 2.05154e-07
 1.87476e-07
 1.71988e-07
 1.58344e-07
 1.46262e-07
 1.35512e-07
 1.53745e-06
 1.21621e-06
 9.85941e-07
 8.15258e-07
 6.85239e-07
 5.83931e-07
 5.03469e-07
 4.38511e-07
 3.85322e-07
 3.41226e-07
 3.04267e-07
 2.72986e-07
 2.46279e-07
 2.23299e-07
 2.03383e-07
 1.86011e-07
 1.70769e-07
 1.57322e-07
 1.45400e-07
 1.34781e-07
 1.38680e-06
 1.11920e-06
 9.20789e-07
 7.69968e-07
 6.52843e-07
 5.60187e-07
 4.85701e-07
 4.24972e-07
 3.74840e-07
 3.32995e-07
 2.97722e-07
 2.67723e-07
 2.42004e-07
 2.19793e-07
 2.00484e-07
 1.83596e-07
 1.68742e-07
 1.55610e-07
 1.43946e-07
 1.33539e-07
 1.21782e-06
 1.00630e-06
 8.42801e-07
 7.14546e-07
 6.12484e-07
 5.30168e-07
 4.62955e-07
 4.07452e-07
 3.61147e-07
 3.22154e-07
 2.89037e-07
 2.60691e-07
 2.36256e-07
 2.15053e-07
 1.96544e-07
 1.80296e-07
 1.65960e-07
 1.53250e-07
 1.41931e-07
 1.31810e-07
 1.04840e-06
 8.88359e-07
 7.58720e-07
 6.53286e-07
 5.66967e-07
 4.95748e-07
 4.36510e-07
 3.86843e-07
 3.44877e-07
 3.09159e-07
 2.78546e-07
 2.52139e-07
 2.29222e-07
 2.09221e-07
 1.91671e-07
 1.76197e-07
 1.62488e-07
 1.50293e-07
 1.39398e-07
 1.29629e-07
 8.90611e-07
 7.73762e-07
 6.74244e-07
 5.90065e-07
 5.18955e-07
 4.58778e-07
 4.07673e-07
 3.64079e-07
 3.26708e-07
 2.94507e-07
 2.66620e-07
 2.42346e-07
 2.21115e-07
 2.02459e-07
 1.85992e-07
 1.71396e-07
 1.58406e-07
 1.46802e-07
 1.36397e-07
 1.27036e-07
 7.50728e-07
 6.67876e-07
 5.93520e-07
 5.27964e-07
 4.70705e-07
 4.20910e-07
 3.77656e-07
 3.40056e-07
 3.07306e-07
 2.78701e-07
 2.53638e-07
 2.31602e-07
 2.12159e-07
 1.94943e-07
 1.79645e-07
 1.66004e-07
 1.53800e-07
 1.42846e-07
 1.32984e-07
 1.24077e-07
 6.30676e-07
 5.73408e-07
 5.19123e-07
 4.69148e-07
 4.23945e-07
 3.83488e-07
 3.47495e-07
 3.15570e-07
 2.87283e-07
 2.62212e-07
 2.39967e-07
 2.20193e-07
 2.02579e-07
 1.86851e-07
 1.72771e-07
 1.60133e-07
 1.48761e-07
 1.38500e-07
 1.29218e-07
 1.20800e-07
 5.29735e-07
 4.91122e-07
 4.52314e-07
 4.14929e-07
 3.79859e-07
 3.47515e-07
 3.18011e-07
 2.91282e-07
 2.67169e-07
 2.45463e-07
 2.25943e-07
 2.08388e-07
 1.92589e-07
 1.78353e-07
 1.65508e-07
 1.53896e-07
 1.43380e-07
 1.33838e-07
 1.25162e-07
 1.17258e-07
