scalar
part
         1
quad4
 4.61863e-07
 4.32914e-07
 4.02464e-07
 3.72214e-07
 3.43188e-07
 3.15944e-07
 2.90735e-07
 2.67625e-07
 2.46567e-07
 2.27446e-07
 2.10120e-07
 1.94434e-07
 1.80233e-07
 1.67369e-07
 1.55706e-07
 1.45118e-07
 1.35491e-07
 1.26725e-07
 1.18728e-07
 1.11420e-07
 5.56626e-07
 5.11154e-07
 4.66748e-07
 4.24970e-07
 3.86539e-07
 3.51670e-07
 3.20293e-07
 2.92193e-07
 2.67087e-07
 2.44673e-07
 2.24657e-07
 2.06763e-07
 1.90743e-07
 1.76372e-07
 1.63454e-07
 1.51816e-07
 1.41307e-07
 1.31796e-07
 1.23167e-07
 1.15321e-07
 6.70759e-07
 6.02144e-07
 5.39293e-07
 4.82991e-07
 4.33174e-07
 3.89380e-07
 3.50986e-07
 3.17345e-07
 2.87837e-07
 2.61907e-07
 2.39063e-07
 2.18882e-07
 2.00997e-07
 1.85099e-07
 1.70922e-07
 1.58239e-07
 1.46859e-07
 1.36616e-07
 1.27371e-07
 1.19003e-07
 8.05652e-07
 7.05660e-07
 6.19239e-07
 5.45250e-07
 4.82108e-07
 4.28206e-07
 3.82083e-07
 3.42478e-07
 3.08328e-07
 2.78752e-07
 2.53020e-07
 2.30531e-07
 2.10788e-07
 1.93381e-07
 1.77971e-07
 1.64274e-07
 1.52053e-07
 1.41111e-07
 1.31278e-07
 1.22415e-07
 9.60401e-07
 8.19721e-07
 7.04499e-07
 6.09899e-07
 5.31815e-07
 4.66930e-07
 4.12625e-07
 3.66844e-07
 3.27976e-07
 2.94752e-07
 2.66168e-07
 2.41428e-07
 2.19890e-07
 2.01041e-07
 1.84460e-07
 1.69806e-07
 1.56798e-07
 1.45202e-07
 1.34825e-07
 1.25504e-07
 1.13013e-06
 9.39827e-07
 7.91447e-07
 6.74164e-07
 5.80213e-07
 5.04000e-07
 4.41454e-07
 3.89575e-07
 3.46124e-07
 3.09407e-07
 2.78126e-07
 2.51278e-07
 2.28075e-07
 2.07896e-07
 1.90245e-07
 1.74721e-07
 1.61000e-07
 1.48816e-07
 1.37950e-07
 1.28221e-07
 1.30443e-06
 1.05849e-06
 8.74842e-07
 7.34393e-07
 6.24744e-07
 5.37605e-07
 4.67273e-07
 4.09731e-07
 3.62084e-07
 3.22206e-07
 2.88508e-07
 2.59788e-07
 2.35117e-07
 2.13773e-07
 1.95189e-07
 1.78911e-07
 1.64575e-07
 1.51885e-07
 1.40600e-07
 1.30521e-07
 1.46693e-06
 1.16547e-06
 9.48177e-07
 7.86355e-07
 6.62595e-07
 5.65834e-07
 4.88759e-07
 4.26378e-07
 3.75184e-07
 3.32658e-07
 2.96953e-07
 2.66686e-07
 2.40809e-07
 2.18514e-07
 1.99170e-07
 1.82280e-07
 1.67445e-07
 1.54347e-07
 1.42725e-07
 1.32365e-07
 1.59730e-06
 1.24919e-06
 1.00455e-06
 8.25778e-07
 6.91033e-07
 5.86887e-07
 5.04695e-07
 4.38672e-07
 3.84829e-07
 3.40337e-07
 3.03147e-07
 2.71741e-07
 2.44978e-07
 2.21985e-07
 2.02085e-07
 1.84747e-07
 1.69549e-07
 1.56153e-07
 1.44284e-07
 1.33719e-07
 1.67584e-06
 1.29909e-06
 1.03795e-06
 8.49066e-07
 7.07814e-07
 5.99317e-07
 5.14117e-07
 4.45958e-07
 3.90561e-07
 3.44916e-07
 3.06854e-07
 2.74778e-07
 2.47493e-07
 2.24087e-07
 2.03858e-07
 1.86254e-07
 1.70840e-07
 1.57265e-07
 1.45249e-07
 1.34560e-07
 1.68936e-06
 1.30835e-06
 1.04459e-06
 8.53990e-07
 7.11571e-07
 6.02249e-07
 5.16451e-07
 4.47846e-07
 3.92110e-07
 3.46202e-07
 3.07934e-07
 2.75693e-07
 2.48276e-07
 2.24762e-07
 2.04444e-07
 1.86766e-07
 1.71289e-07
 1.57662e-07
 1.45601e-07
 1.34875e-07
 1.63574e-06
 1.27586e-06
 1.02383e-06
 8.40165e-07
 7.02057e-07
 5.95522e-07
 5.11584e-07
 4.44256e-07
 3.89418e-07
 3.44154e-07
 3.06356e-07
 2.74465e-07
 2.47309e-07
 2.23996e-07
 2.03832e-07
 1.86274e-07
 1.70891e-07
 1.57339e-07
 1.45337e-07
 1.34658e-07
 1.52486e-06
 1.20657e-06
 9.78349e-07
 8.09130e-07
 6.80196e-07
 5.79709e-07
 4.99886e-07
 4.35434e-07
 3.82651e-07
 3.38887e-07
 3.02201e-07
 2.71149e-07
 2.44636e-07
 2.21819e-07
 2.02044e-07
 1.84795e-07
 1.69658e-07
 1.56304e-07
 1.44464e-07
 1.33917e-07
 1.37512e-06
 1.11008e-06
 9.13489e-07
 7.64012e-07
 6.47900e-07
 5.56025e-07
 4.82153e-07
 4.21913e-07
 3.72177e-07
 3.30658e-07
 2.95654e-07
 2.65881e-07
 2.40354e-07
 2.18307e-07
 1.99138e-07
 1.82372e-07
 1.67624e-07
 1.54586e-07
 1.43003e-07
 1.32668e-07
 1.20731e-06
 9.97881e-07
 8.35942e-07
 7.08872e-07
 6.07725e-07
 5.26128e-07
 4.59488e-07
 4.04448e-07
 3.58521e-07
 3.19841e-07
 2.86985e-07
 2.58860e-07
 2.34612e-07
 2.13570e-07
 1.95199e-07
 1.79072e-07
 1.64841e-07
 1.52223e-07
 1.40985e-07
 1.30936e-07
 1.03915e-06
 8.80751e-07
 7.52396e-07
 6.47972e-07
 5.62455e-07
 4.91880e-07
 4.33165e-07
 3.83925e-07
 3.42314e-07
 3.06891e-07
 2.76527e-07
 2.50332e-07
 2.27596e-07
 2.07750e-07
 1.90335e-07
 1.74978e-07
 1.61373e-07
 1.49268e-07
 1.38454e-07
 1.28756e-07
 8.82581e-07
 7.66988e-07
 6.68497e-07
 5.85156e-07
 5.14732e-07
 4.55119e-07
 4.04480e-07
 3.61274e-07
 3.24228e-07
 2.92303e-07
 2.64649e-07
 2.40575e-07
 2.19517e-07
 2.01010e-07
 1.84673e-07
 1.70191e-07
 1.57301e-07
 1.45785e-07
 1.35458e-07
 1.26167e-07
 7.43814e-07
 6.61903e-07
 5.88352e-07
 5.23477e-07
 4.66793e-07
 4.17481e-07
 3.74636e-07
 3.37383e-07
 3.04927e-07
 2.76574e-07
 2.51727e-07
 2.29878e-07
 2.10598e-07
 1.93523e-07
 1.78349e-07
 1.64817e-07
 1.52709e-07
 1.41841e-07
 1.32054e-07
 1.23215e-07
 6.24743e-07
 5.68172e-07
 5.14509e-07
 4.65079e-07
 4.20350e-07
 3.80301e-07
 3.44661e-07
 3.13040e-07
 2.85016e-07
 2.60174e-07
 2.38126e-07
 2.18525e-07
 2.01062e-07
 1.85466e-07
 1.71503e-07
 1.58969e-07
 1.47689e-07
 1.37510e-07
 1.28302e-07
 1.19950e-07
 5.24645e-07
 4.86544e-07
 4.48212e-07
 4.11259e-07
 3.76574e-07
 3.44572e-07
 3.15368e-07
 2.88904e-07
 2.65022e-07
 2.43520e-07
 2.24179e-07
 2.06782e-07
 1.91122e-07
 1.77010e-07
 1.64274e-07
 1.52760e-07
 1.42331e-07
 1.32867e-07
 1.24262e-07
 1.16421e-07
