scalar
part
         1
quad4
 3.73987e-07
 3.58232e-07
 3.39239e-07
 3.18762e-07
 2.97975e-07
 2.77627e-07
 2.58171e-07
 2.39856e-07
 2.22794e-07
 2.07013e-07
 1.92485e-07
 1.79151e-07
 1.66934e-07
 1.55751e-07
 1.45516e-07
 1.36148e-07
 1.27567e-07
 1.19701e-07
 1.12482e-07
 1.05848e-07
 4.59814e-07
 4.30783e-07
 4.00152e-07
 3.69746e-07
 3.40626e-07
 3.13353e-07
 2.88171e-07
 2.65129e-07
 2.44167e-07
 2.25162e-07
 2.07962e-07
 1.92407e-07
 1.78338e-07
 1.65604e-07
 1.54066e-07
 1.43597e-07
 1.34083e-07
 1.25422e-07
 1.17524e-07
 1.10308e-07
 5.65163e-07
 5.16859e-07
 4.70332e-07
 4.27023e-07
 3.87511e-07
 3.51894e-07
 3.20010e-07
 2.91575e-07
 2.66256e-07
 2.43718e-07
 2.23638e-07
 2.05723e-07
 1.89710e-07
 1.75367e-07
 1.62488e-07
 1.50898e-07
 1.40440e-07
 1.30982e-07
 1.22407e-07
 1.14613e-07
 6.92493e-07
 6.17139e-07
 5.49606e-07
 4.90055e-07
 4.37978e-07
 3.92604e-07
 3.53104e-07
 3.18686e-07
 2.88634e-07
 2.62323e-07
 2.39216e-07
 2.18853e-07
 2.00848e-07
 1.84871e-07
 1.70645e-07
 1.57936e-07
 1.46544e-07
 1.36302e-07
 1.27063e-07
 1.18707e-07
 8.42696e-07
 7.30942e-07
 6.36756e-07
 5.57552e-07
 4.90850e-07
 4.34480e-07
 3.86624e-07
 3.45788e-07
 3.10756e-07
 2.80542e-07
 2.54346e-07
 2.31517e-07
 2.11525e-07
 1.93934e-07
 1.78388e-07
 1.64591e-07
 1.52296e-07
 1.41299e-07
 1.31427e-07
 1.22534e-07
 1.01360e-06
 8.55431e-07
 7.29131e-07
 6.27292e-07
 5.44350e-07
 4.76130e-07
 4.19490e-07
 3.72047e-07
 3.31978e-07
 2.97874e-07
 2.68638e-07
 2.43407e-07
 2.21498e-07
 2.02364e-07
 1.85564e-07
 1.70738e-07
 1.57595e-07
 1.45892e-07
 1.35429e-07
 1.26039e-07
 1.19824e-06
 9.84884e-07
 8.22364e-07
 6.96035e-07
 5.96096e-07
 5.15805e-07
 4.50414e-07
 3.96507e-07
 3.51582e-07
 3.13775e-07
 2.81676e-07
 2.54205e-07
 2.30521e-07
 2.09966e-07
 1.92017e-07
 1.76256e-07
 1.62342e-07
 1.50001e-07
 1.39006e-07
 1.29169e-07
 1.38356e-06
 1.11036e-06
 9.10384e-07
 7.59637e-07
 6.43230e-07
 5.51506e-07
 4.77975e-07
 4.18143e-07
 3.68821e-07
 3.27694e-07
 2.93048e-07
 2.63595e-07
 2.38351e-07
 2.16553e-07
 1.97603e-07
 1.81027e-07
 1.66446e-07
 1.53553e-07
 1.42097e-07
 1.31874e-07
 1.55042e-06
 1.22020e-06
 9.85900e-07
 8.13421e-07
 6.82675e-07
 5.81161e-07
 5.00747e-07
 4.35955e-07
 3.82979e-07
 3.39108e-07
 3.02367e-07
 2.71290e-07
 2.44770e-07
 2.21956e-07
 2.02189e-07
 1.84949e-07
 1.69824e-07
 1.56480e-07
 1.44650e-07
 1.34111e-07
 1.67608e-06
 1.30168e-06
 1.04145e-06
 8.52826e-07
 7.11540e-07
 6.02876e-07
 5.17457e-07
 4.49063e-07
 3.93435e-07
 3.47572e-07
 3.09307e-07
 2.77046e-07
 2.49592e-07
 2.26034e-07
 2.05667e-07
 1.87937e-07
 1.72409e-07
 1.58731e-07
 1.46620e-07
 1.35846e-07
 1.73961e-06
 1.34388e-06
 1.07093e-06
 8.74231e-07
 7.27580e-07
 6.15209e-07
 5.27143e-07
 4.56811e-07
 3.99730e-07
 3.52755e-07
 3.13627e-07
 2.80684e-07
 2.52685e-07
 2.28685e-07
 2.07956e-07
 1.89928e-07
 1.74151e-07
 1.60264e-07
 1.47977e-07
 1.37052e-07
 1.72956e-06
 1.34095e-06
 1.07109e-06
 8.75733e-07
 7.29617e-07
 6.17395e-07
 5.29296e-07
 4.58846e-07
 4.01613e-07
 3.54478e-07
 3.15193e-07
 2.82103e-07
 2.53970e-07
 2.29849e-07
 2.09011e-07
 1.90885e-07
 1.75021e-07
 1.61056e-07
 1.48700e-07
 1.37713e-07
 1.64924e-06
 1.29426e-06
 1.04254e-06
 8.57604e-07
 7.17768e-07
 6.09482e-07
 5.23927e-07
 4.55163e-07
 3.99073e-07
 3.52725e-07
 3.13990e-07
 2.81290e-07
 2.53435e-07
 2.29514e-07
 2.08820e-07
 1.90800e-07
 1.75011e-07
 1.61101e-07
 1.48783e-07
 1.37824e-07
 1.51551e-06
 1.21196e-06
 9.89544e-07
 8.22212e-07
 6.93418e-07
 5.92309e-07
 5.11561e-07
 4.46102e-07
 3.92333e-07
 3.47647e-07
 3.10122e-07
 2.78317e-07
 2.51131e-07
 2.27717e-07
 2.07411e-07
 1.89690e-07
 1.74135e-07
 1.60408e-07
 1.48235e-07
 1.37390e-07
 1.35153e-06
 1.10616e-06
 9.18794e-07
 7.73443e-07
 6.58915e-07
 5.67348e-07
 4.93152e-07
 4.32294e-07
 3.81822e-07
 3.39541e-07
 3.03799e-07
 2.73332e-07
 2.47166e-07
 2.24537e-07
 2.04843e-07
 1.87602e-07
 1.72427e-07
 1.59004e-07
 1.47075e-07
 1.36428e-07
 1.17892e-06
 9.89332e-07
 8.37707e-07
 7.15840e-07
 6.17128e-07
 5.36460e-07
 4.69934e-07
 4.14578e-07
 3.68122e-07
 3.28818e-07
 2.95314e-07
 2.66553e-07
 2.41701e-07
 2.20095e-07
 2.01206e-07
 1.84603e-07
 1.69940e-07
 1.56929e-07
 1.45336e-07
 1.34963e-07
 1.01323e-06
 8.71770e-07
 7.52988e-07
 6.53797e-07
 5.70975e-07
 5.01615e-07
 4.43262e-07
 3.93902e-07
 3.51905e-07
 3.15962e-07
 2.85023e-07
 2.58239e-07
 2.34929e-07
 2.14538e-07
 1.96613e-07
 1.80783e-07
 1.66743e-07
 1.54239e-07
 1.43060e-07
 1.33029e-07
 8.63287e-07
 7.60495e-07
 6.69798e-07
 5.91003e-07
 5.23069e-07
 4.64668e-07
 4.14462e-07
 3.71221e-07
 3.33868e-07
 3.01488e-07
 2.73307e-07
 2.48680e-07
 2.27072e-07
 2.08034e-07
 1.91194e-07
 1.76242e-07
 1.62915e-07
 1.50996e-07
 1.40298e-07
 1.30667e-07
 7.32621e-07
 6.59437e-07
 5.91570e-07
 5.30193e-07
 4.75508e-07
 4.27202e-07
 3.84719e-07
 3.47424e-07
 3.14681e-07
 2.85900e-07
 2.60552e-07
 2.38171e-07
 2.18357e-07
 2.00762e-07
 1.85090e-07
 1.71090e-07
 1.58545e-07
 1.47270e-07
 1.37108e-07
 1.27923e-07
 6.21409e-07
 5.70174e-07
 5.20210e-07
 4.73157e-07
 4.29815e-07
 3.90451e-07
 3.55014e-07
 3.23280e-07
 2.94943e-07
 2.69668e-07
 2.47124e-07
 2.27000e-07
 2.09010e-07
 1.92900e-07
 1.78443e-07
 1.65443e-07
 1.53724e-07
 1.43137e-07
 1.33549e-07
 1.24846e-07
