scalar
part
         1
quad4
 6.14278e-07
 5.63124e-07
 5.13328e-07
 4.66514e-07
 4.23464e-07
 3.84424e-07
 3.49327e-07
 3.17936e-07
 2.89936e-07
 2.64985e-07
 2.42750e-07
 2.22915e-07
 2.05196e-07
 1.89338e-07
 1.75114e-07
 1.62328e-07
 1.50808e-07
 1.40404e-07
 1.30984e-07
 1.22436e-07
 7.24370e-07
 6.51301e-07
 5.83676e-07
 5.22636e-07
 4.68349e-07
 4.20471e-07
 3.78426e-07
 3.41561e-07
 3.09231e-07
 2.80840e-07
 2.55856e-07
 2.33813e-07
 2.14309e-07
 1.96999e-07
 1.81589e-07
 1.67828e-07
 1.55502e-07
 1.44427e-07
 1.34448e-07
 1.25430e-07
 8.53608e-07
 7.50995e-07
 6.60665e-07
 5.82356e-07
 5.14971e-07
 4.57141e-07
 4.07497e-07
 3.64794e-07
 3.27946e-07
 2.96032e-07
 2.68279e-07
 2.44042e-07
 2.22788e-07
 2.04072e-07
 1.87524e-07
 1.72835e-07
 1.59748e-07
 1.48046e-07
 1.37547e-07
 1.28095e-07
 1.00166e-06
 8.60520e-07
 7.42321e-07
 6.43849e-07
 5.61792e-07
 4.93192e-07
 4.35562e-07
 3.86871e-07
 3.45486e-07
 3.10098e-07
 2.79657e-07
 2.53321e-07
 2.30412e-07
 2.10380e-07
 1.92777e-07
 1.77237e-07
 1.63457e-07
 1.51188e-07
 1.40222e-07
 1.30383e-07
 1.16473e-06
 9.75798e-07
 8.25142e-07
 7.04350e-07
 6.06709e-07
 5.27049e-07
 4.61444e-07
 4.06915e-07
 3.61194e-07
 3.22541e-07
 2.89613e-07
 2.61359e-07
 2.36957e-07
 2.15749e-07
 1.97214e-07
 1.80927e-07
 1.66544e-07
 1.53786e-07
 1.42418e-07
 1.32249e-07
 1.33365e-06
 1.08965e-06
 9.03910e-07
 7.60167e-07
 6.47123e-07
 5.56878e-07
 4.83839e-07
 4.23987e-07
 3.74386e-07
 3.32860e-07
 2.97773e-07
 2.67877e-07
 2.42210e-07
 2.20017e-07
 2.00707e-07
 1.83806e-07
 1.68932e-07
 1.55776e-07
 1.44087e-07
 1.33655e-07
 1.49248e-06
 1.19170e-06
 9.71933e-07
 8.06948e-07
 6.80161e-07
 5.80747e-07
 5.01425e-07
 4.37166e-07
 3.84410e-07
 3.40586e-07
 3.03797e-07
 2.72623e-07
 2.45982e-07
 2.23041e-07
 2.03148e-07
 1.85789e-07
 1.70553e-07
 1.57108e-07
 1.45186e-07
 1.34566e-07
 1.61951e-06
 1.26955e-06
 1.02192e-06
 8.40262e-07
 7.03044e-07
 5.96861e-07
 5.13013e-07
 4.45646e-07
 3.90710e-07
 3.45326e-07
 3.07402e-07
 2.75389e-07
 2.48122e-07
 2.24707e-07
 2.04451e-07
 1.86812e-07
 1.71358e-07
 1.57743e-07
 1.45686e-07
 1.34959e-07
 1.69214e-06
 1.31156e-06
 1.04749e-06
 8.56422e-07
 7.13548e-07
 6.03832e-07
 5.17706e-07
 4.48834e-07
 3.92883e-07
 3.46801e-07
 3.08391e-07
 2.76037e-07
 2.48527e-07
 2.24939e-07
 2.04560e-07
 1.86833e-07
 1.71316e-07
 1.57656e-07
 1.45568e-07
 1.34820e-07
 1.69508e-06
 1.31039e-06
 1.04482e-06
 8.53309e-07
 7.10441e-07
 6.00912e-07
 5.15038e-07
 4.46430e-07
 3.90729e-07
 3.44878e-07
 3.06674e-07
 2.74503e-07
 2.47154e-07
 2.23707e-07
 2.03452e-07
 1.85834e-07
 1.70412e-07
 1.56837e-07
 1.44824e-07
 1.34142e-07
 1.62697e-06
 1.26556e-06
 1.01376e-06
 8.30900e-07
 6.93744e-07
 5.88139e-07
 5.05048e-07
 4.38469e-07
 3.84284e-07
 3.39585e-07
 3.02276e-07
 2.70808e-07
 2.44019e-07
 2.21025e-07
 2.01140e-07
 1.83826e-07
 1.68658e-07
 1.55296e-07
 1.43462e-07
 1.32933e-07
 1.50059e-06
 1.18355e-06
 9.57846e-07
 7.91263e-07
 6.64731e-07
 5.66330e-07
 4.88281e-07
 4.25327e-07
 3.73809e-07
 3.31114e-07
 2.95335e-07
 2.65056e-07
 2.39204e-07
 2.16956e-07
 1.97672e-07
 1.80849e-07
 1.66084e-07
 1.53056e-07
 1.41502e-07
 1.31208e-07
 1.33676e-06
 1.07531e-06
 8.83247e-07
 7.38049e-07
 6.25665e-07
 5.36942e-07
 4.65705e-07
 4.07666e-07
 3.59770e-07
 3.19796e-07
 2.86096e-07
 2.57428e-07
 2.32842e-07
 2.11602e-07
 1.93129e-07
 1.76964e-07
 1.62739e-07
 1.50157e-07
 1.38975e-07
 1.28994e-07
 1.15706e-06
 9.53057e-07
 7.97195e-07
 6.75713e-07
 5.79383e-07
 5.01839e-07
 4.38579e-07
 3.86355e-07
 3.42781e-07
 3.06073e-07
 2.74881e-07
 2.48165e-07
 2.25117e-07
 2.05103e-07
 1.87617e-07
 1.72256e-07
 1.58690e-07
 1.46653e-07
 1.35926e-07
 1.26325e-07
 9.79109e-07
 8.27734e-07
 7.06612e-07
 6.08735e-07
 5.28853e-07
 4.63029e-07
 4.08288e-07
 3.62371e-07
 3.23541e-07
 2.90457e-07
 2.62069e-07
 2.37550e-07
 2.16245e-07
 1.97626e-07
 1.81268e-07
 1.66827e-07
 1.54018e-07
 1.42609e-07
 1.32405e-07
 1.23245e-07
 8.14805e-07
 7.07608e-07
 6.17184e-07
 5.41035e-07
 4.76802e-07
 4.22431e-07
 3.76203e-07
 3.36703e-07
 3.02776e-07
 2.73484e-07
 2.48064e-07
 2.25892e-07
 2.06460e-07
 1.89352e-07
 1.74224e-07
 1.60790e-07
 1.48814e-07
 1.38097e-07
 1.28472e-07
 1.19800e-07
 6.70446e-07
 5.97931e-07
 5.32969e-07
 4.75653e-07
 4.25479e-07
 3.81708e-07
 3.43556e-07
 3.10273e-07
 2.81179e-07
 2.55681e-07
 2.33267e-07
 2.13499e-07
 1.96006e-07
 1.80473e-07
 1.66635e-07
 1.54265e-07
 1.43173e-07
 1.33194e-07
 1.24191e-07
 1.16044e-07
 5.47967e-07
 5.01290e-07
 4.56418e-07
 4.14664e-07
 3.76557e-07
 3.42179e-07
 3.11375e-07
 2.83876e-07
 2.59367e-07
 2.37528e-07
 2.18056e-07
 2.00668e-07
 1.85116e-07
 1.71175e-07
 1.58652e-07
 1.47374e-07
 1.37194e-07
 1.27983e-07
 1.19627e-07
 1.12031e-07
 4.46490e-07
 4.18284e-07
 3.88642e-07
 3.59264e-07
 3.31139e-07
 3.04790e-07
 2.80446e-07
 2.58156e-07
 2.37860e-07
 2.19445e-07
 2.02766e-07
 1.87672e-07
 1.74009e-07
 1.61636e-07
 1.50417e-07
 1.40233e-07
 1.30973e-07
 1.22540e-07
 1.14847e-07
 1.07815e-07
 3.63684e-07
 3.48248e-07
 3.29786e-07
 3.09945e-07
 2.89830e-07
 2.70146e-07
 2.51322e-07
 2.33593e-07
 2.17069e-07
 2.01774e-07
 1.87684e-07
 1.74744e-07
 1.62880e-07
 1.52015e-07
 1.42065e-07
 1.32953e-07
 1.24603e-07
 1.16944e-07
 1.09913e-07
 1.03450e-07
