scalar
part
         1
quad4
 3.59671e-07
 3.46050e-07
 3.28919e-07
 3.10035e-07
 2.90593e-07
 2.71374e-07
 2.52861e-07
 2.35331e-07
 2.18925e-07
 2.03692e-07
 1.89623e-07
 1.76674e-07
 1.64782e-07
 1.53874e-07
 1.43874e-07
 1.34705e-07
 1.26295e-07
 1.18575e-07
 1.11482e-07
 1.04959e-07
 4.44015e-07
 4.17652e-07
 3.89265e-07
 3.60718e-07
 3.33124e-07
 3.07097e-07
 2.82931e-07
 2.60720e-07
 2.40439e-07
 2.21993e-07
 2.05256e-07
 1.90085e-07
 1.76335e-07
 1.63870e-07
 1.52557e-07
 1.42279e-07
 1.32927e-07
 1.24405e-07
 1.16626e-07
 1.09512e-07
 5.47893e-07
 5.02897e-07
 4.59041e-07
 4.17862e-07
 3.80043e-07
 3.45771e-07
 3.14958e-07
 2.87379e-07
 2.62750e-07
 2.40769e-07
 2.21143e-07
 2.03600e-07
 1.87894e-07
 1.73804e-07
 1.61138e-07
 1.49726e-07
 1.39419e-07
 1.30088e-07
 1.21621e-07
 1.13920e-07
 6.73935e-07
 6.02615e-07
 5.38184e-07
 4.81010e-07
 4.30757e-07
 3.86790e-07
 3.48382e-07
 3.14818e-07
 2.85440e-07
 2.59667e-07
 2.36990e-07
 2.16977e-07
 1.99255e-07
 1.83512e-07
 1.69479e-07
 1.56931e-07
 1.45674e-07
 1.35545e-07
 1.26403e-07
 1.18128e-07
 8.23329e-07
 7.16338e-07
 6.25626e-07
 5.48968e-07
 4.84148e-07
 4.29185e-07
 3.82394e-07
 3.42374e-07
 3.07974e-07
 2.78255e-07
 2.52451e-07
 2.29935e-07
 2.10195e-07
 1.92810e-07
 1.77432e-07
 1.63773e-07
 1.51594e-07
 1.40693e-07
 1.30902e-07
 1.22079e-07
 9.94353e-07
 8.41514e-07
 7.18881e-07
 6.19607e-07
 5.38491e-07
 4.71595e-07
 4.15932e-07
 3.69222e-07
 3.29709e-07
 2.96033e-07
 2.67132e-07
 2.42165e-07
 2.20467e-07
 2.01502e-07
 1.84839e-07
 1.70126e-07
 1.57076e-07
 1.45450e-07
 1.35051e-07
 1.25715e-07
 1.18064e-06
 9.72728e-07
 8.13736e-07
 6.89762e-07
 5.91438e-07
 5.12283e-07
 4.47708e-07
 3.94400e-07
 3.49922e-07
 3.12453e-07
 2.80615e-07
 2.53345e-07
 2.29821e-07
 2.09392e-07
 1.91545e-07
 1.75865e-07
 1.62019e-07
 1.49732e-07
 1.38782e-07
 1.28983e-07
 1.36971e-06
 1.10128e-06
 9.04204e-07
 7.55309e-07
 6.40126e-07
 5.49236e-07
 4.76287e-07
 4.16872e-07
 3.67854e-07
 3.26952e-07
 2.92476e-07
 2.63153e-07
 2.38008e-07
 2.16288e-07
 1.97398e-07
 1.80871e-07
 1.66328e-07
 1.53465e-07
 1.42035e-07
 1.31831e-07
 1.54269e-06
 1.21551e-06
 9.82942e-07
 8.11511e-07
 6.81424e-07
 5.80338e-07
 5.00209e-07
 4.35611e-07
 3.82770e-07
 3.38993e-07
 3.02319e-07
 2.71290e-07
 2.44803e-07
 2.22013e-07
 2.02264e-07
 1.85036e-07
 1.69918e-07
 1.56580e-07
 1.44753e-07
 1.34216e-07
 1.67635e-06
 1.30235e-06
 1.04225e-06
 8.53646e-07
 7.12332e-07
 6.03621e-07
 5.18147e-07
 4.49699e-07
 3.94020e-07
 3.48109e-07
 3.09801e-07
 2.77501e-07
 2.50012e-07
 2.26422e-07
 2.06026e-07
 1.88271e-07
 1.72719e-07
 1.59020e-07
 1.46891e-07
 1.36100e-07
 1.74850e-06
 1.35020e-06
 1.07563e-06
 8.77856e-07
 7.30457e-07
 6.17544e-07
 5.29076e-07
 4.58435e-07
 4.01114e-07
 3.53948e-07
 3.14665e-07
 2.81595e-07
 2.53491e-07
 2.29404e-07
 2.08600e-07
 1.90509e-07
 1.74677e-07
 1.60743e-07
 1.48415e-07
 1.37454e-07
 1.74602e-06
 1.35236e-06
 1.07937e-06
 8.81975e-07
 7.34458e-07
 6.21242e-07
 5.32416e-07
 4.61419e-07
 4.03767e-07
 3.56304e-07
 3.16759e-07
 2.83459e-07
 2.55154e-07
 2.30890e-07
 2.09934e-07
 1.91708e-07
 1.75759e-07
 1.61722e-07
 1.49302e-07
 1.38261e-07
 1.67103e-06
 1.30958e-06
 1.05373e-06
 8.66051e-07
 7.24314e-07
 6.14669e-07
 5.28117e-07
 4.58604e-07
 4.01939e-07
 3.55142e-07
 3.16052e-07
 2.83065e-07
 2.54977e-07
 2.30864e-07
 2.10010e-07
 1.91855e-07
 1.75953e-07
 1.61946e-07
 1.49545e-07
 1.38514e-07
 1.54007e-06
 1.22973e-06
 1.00277e-06
 8.32318e-07
 7.01313e-07
 5.98598e-07
 5.16658e-07
 4.50294e-07
 3.95827e-07
 3.50593e-07
 3.12633e-07
 2.80476e-07
 2.53003e-07
 2.29353e-07
 2.08851e-07
 1.90965e-07
 1.75270e-07
 1.61424e-07
 1.49148e-07
 1.38216e-07
 1.37670e-06
 1.12499e-06
 9.33169e-07
 7.84625e-07
 6.67768e-07
 5.74471e-07
 4.98965e-07
 4.37101e-07
 3.85843e-07
 3.42942e-07
 3.06702e-07
 2.75832e-07
 2.49336e-07
 2.26433e-07
 2.06511e-07
 1.89078e-07
 1.73741e-07
 1.60179e-07
 1.48131e-07
 1.37381e-07
 1.20324e-06
 1.00817e-06
 8.52474e-07
 7.27566e-07
 6.26560e-07
 5.44143e-07
 4.76266e-07
 4.19854e-07
 3.72563e-07
 3.32591e-07
 2.98547e-07
 2.69344e-07
 2.44128e-07
 2.22220e-07
 2.03078e-07
 1.86262e-07
 1.71417e-07
 1.58251e-07
 1.46523e-07
 1.36035e-07
 1.03588e-06
 8.89895e-07
 7.67575e-07
 6.65629e-07
 5.80657e-07
 5.09611e-07
 4.49926e-07
 3.99505e-07
 3.56655e-07
 3.20022e-07
 2.88518e-07
 2.61270e-07
 2.37574e-07
 2.16860e-07
 1.98662e-07
 1.82602e-07
 1.68365e-07
 1.55692e-07
 1.44367e-07
 1.34209e-07
 8.83920e-07
 7.77496e-07
 6.83823e-07
 6.02615e-07
 5.32735e-07
 4.72766e-07
 4.21291e-07
 3.77019e-07
 3.38826e-07
 3.05754e-07
 2.77001e-07
 2.51899e-07
 2.29892e-07
 2.10518e-07
 1.93394e-07
 1.78198e-07
 1.64663e-07
 1.52564e-07
 1.41712e-07
 1.31945e-07
 7.51183e-07
 6.75125e-07
 6.04803e-07
 5.41363e-07
 4.84962e-07
 4.35233e-07
 3.91574e-07
 3.53305e-07
 3.19752e-07
 2.90297e-07
 2.64384e-07
 2.41528e-07
 2.21311e-07
 2.03375e-07
 1.87412e-07
 1.73161e-07
 1.60400e-07
 1.48938e-07
 1.38614e-07
 1.29286e-07
 6.38001e-07
 5.84506e-07
 5.32541e-07
 4.83751e-07
 4.38921e-07
 3.98293e-07
 3.61786e-07
 3.29149e-07
 3.00049e-07
 2.74129e-07
 2.51038e-07
 2.30448e-07
 2.12060e-07
 1.95609e-07
 1.80860e-07
 1.67606e-07
 1.55667e-07
 1.44889e-07
 1.35133e-07
 1.26284e-07
