scalar
part
         1
quad4
 3.82419e-07
 3.65503e-07
 3.45485e-07
 3.24120e-07
 3.02573e-07
 2.81582e-07
 2.61583e-07
 2.42809e-07
 2.25361e-07
 2.09254e-07
 1.94449e-07
 1.80879e-07
 1.68462e-07
 1.57107e-07
 1.46725e-07
 1.37230e-07
 1.28539e-07
 1.20576e-07
 1.13273e-07
 1.06565e-07
 4.69276e-07
 4.38764e-07
 4.06871e-07
 3.75408e-07
 3.45410e-07
 3.17412e-07
 2.91630e-07
 2.68094e-07
 2.46721e-07
 2.27374e-07
 2.09888e-07
 1.94093e-07
 1.79821e-07
 1.66915e-07
 1.55229e-07
 1.44634e-07
 1.35012e-07
 1.26257e-07
 1.18277e-07
 1.10989e-07
 5.75715e-07
 5.25533e-07
 4.77473e-07
 4.32924e-07
 3.92415e-07
 3.55995e-07
 3.23464e-07
 2.94504e-07
 2.68758e-07
 2.45868e-07
 2.25498e-07
 2.07343e-07
 1.91128e-07
 1.76615e-07
 1.63592e-07
 1.51879e-07
 1.41317e-07
 1.31768e-07
 1.23114e-07
 1.15252e-07
 7.04120e-07
 6.26419e-07
 5.57056e-07
 4.96085e-07
 4.42903e-07
 3.96665e-07
 3.56484e-07
 3.21523e-07
 2.91037e-07
 2.64375e-07
 2.40980e-07
 2.20382e-07
 2.02181e-07
 1.86040e-07
 1.71677e-07
 1.58851e-07
 1.47360e-07
 1.37031e-07
 1.27719e-07
 1.19299e-07
 8.55233e-07
 7.40625e-07
 6.44327e-07
 5.63551e-07
 4.95666e-07
 4.38396e-07
 3.89846e-07
 3.48469e-07
 3.13010e-07
 2.82455e-07
 2.55983e-07
 2.32929e-07
 2.12752e-07
 1.95008e-07
 1.79333e-07
 1.65427e-07
 1.53041e-07
 1.41964e-07
 1.32025e-07
 1.23074e-07
 1.02664e-06
 8.65161e-07
 7.36537e-07
 6.33040e-07
 5.48891e-07
 4.79776e-07
 4.22462e-07
 3.74501e-07
 3.34028e-07
 2.99605e-07
 2.70114e-07
 2.44677e-07
 2.22600e-07
 2.03326e-07
 1.86409e-07
 1.71486e-07
 1.58260e-07
 1.46486e-07
 1.35963e-07
 1.26521e-07
 1.21106e-06
 9.94127e-07
 8.29227e-07
 7.01266e-07
 6.00174e-07
 5.19048e-07
 4.53037e-07
 3.98661e-07
 3.53375e-07
 3.15285e-07
 2.82961e-07
 2.55308e-07
 2.31477e-07
 2.10801e-07
 1.92751e-07
 1.76905e-07
 1.62920e-07
 1.50518e-07
 1.39470e-07
 1.29588e-07
 1.39507e-06
 1.11843e-06
 9.16260e-07
 7.64058e-07
 6.46648e-07
 5.54209e-07
 4.80154e-07
 4.19929e-07
 3.70306e-07
 3.28944e-07
 2.94113e-07
 2.64511e-07
 2.39146e-07
 2.17247e-07
 1.98214e-07
 1.81569e-07
 1.66929e-07
 1.53985e-07
 1.42487e-07
 1.32227e-07
 1.55934e-06
 1.22635e-06
 9.90349e-07
 8.16759e-07
 6.85256e-07
 5.83206e-07
 5.02401e-07
 4.37315e-07
 3.84115e-07
 3.40069e-07
 3.03189e-07
 2.72000e-07
 2.45388e-07
 2.22499e-07
 2.02670e-07
 1.85377e-07
 1.70207e-07
 1.56825e-07
 1.44962e-07
 1.34395e-07
 1.68125e-06
 1.30532e-06
 1.04413e-06
 8.54875e-07
 7.13153e-07
 6.04177e-07
 5.18526e-07
 4.49957e-07
 3.94193e-07
 3.48222e-07
 3.09870e-07
 2.77538e-07
 2.50026e-07
 2.26420e-07
 2.06011e-07
 1.88247e-07
 1.72688e-07
 1.58985e-07
 1.46852e-07
 1.36058e-07
 1.74051e-06
 1.34472e-06
 1.07168e-06
 8.74895e-07
 7.28166e-07
 6.15726e-07
 5.27602e-07
 4.57219e-07
 4.00095e-07
 3.53083e-07
 3.13923e-07
 2.80952e-07
 2.52929e-07
 2.28908e-07
 2.08161e-07
 1.90117e-07
 1.74325e-07
 1.60425e-07
 1.48126e-07
 1.37191e-07
 1.72647e-06
 1.33913e-06
 1.06998e-06
 8.75049e-07
 7.29194e-07
 6.17140e-07
 5.29150e-07
 4.58772e-07
 4.01588e-07
 3.54486e-07
 3.15223e-07
 2.82148e-07
 2.54025e-07
 2.29910e-07
 2.09076e-07
 1.90953e-07
 1.75089e-07
 1.61125e-07
 1.48767e-07
 1.37779e-07
 1.64310e-06
 1.29026e-06
 1.03983e-06
 8.55724e-07
 7.16431e-07
 6.08513e-07
 5.23214e-07
 4.54633e-07
 3.98675e-07
 3.52425e-07
 3.13763e-07
 2.81119e-07
 2.53306e-07
 2.29417e-07
 2.08749e-07
 1.90748e-07
 1.74975e-07
 1.61078e-07
 1.48770e-07
 1.37818e-07
 1.50748e-06
 1.20643e-06
 9.85622e-07
 8.19368e-07
 6.91313e-07
 5.90722e-07
 5.10347e-07
 4.45161e-07
 3.91594e-07
 3.47062e-07
 3.09655e-07
 2.77940e-07
 2.50826e-07
 2.27469e-07
 2.07208e-07
 1.89524e-07
 1.73998e-07
 1.60296e-07
 1.48142e-07
 1.37315e-07
 1.34264e-06
 1.09973e-06
 9.14060e-07
 7.69897e-07
 6.56215e-07
 5.65262e-07
 4.91518e-07
 4.30998e-07
 3.80783e-07
 3.38701e-07
 3.03113e-07
 2.72768e-07
 2.46699e-07
 2.24148e-07
 2.04517e-07
 1.87327e-07
 1.72194e-07
 1.58806e-07
 1.46907e-07
 1.36285e-07
 1.16992e-06
 9.82537e-07
 8.32526e-07
 7.11843e-07
 6.14008e-07
 5.33997e-07
 4.67968e-07
 4.12993e-07
 3.66831e-07
 3.27759e-07
 2.94437e-07
 2.65822e-07
 2.41087e-07
 2.19577e-07
 2.00766e-07
 1.84228e-07
 1.69618e-07
 1.56652e-07
 1.45096e-07
 1.34756e-07
 1.00458e-06
 8.64984e-07
 7.47646e-07
 6.49564e-07
 5.67594e-07
 4.98893e-07
 4.41052e-07
 3.92092e-07
 3.50412e-07
 3.14721e-07
 2.83983e-07
 2.57364e-07
 2.34187e-07
 2.13905e-07
 1.96070e-07
 1.80316e-07
 1.66339e-07
 1.53888e-07
 1.42754e-07
 1.32761e-07
 8.55213e-07
 7.53955e-07
 6.64501e-07
 5.86701e-07
 5.19560e-07
 4.61790e-07
 4.12087e-07
 3.69248e-07
 3.32220e-07
 3.00102e-07
 2.72134e-07
 2.47683e-07
 2.26219e-07
 2.07301e-07
 1.90561e-07
 1.75692e-07
 1.62437e-07
 1.50577e-07
 1.39931e-07
 1.30344e-07
 7.25221e-07
 6.53274e-07
 5.86452e-07
 5.25944e-07
 4.71973e-07
 4.24252e-07
 3.82248e-07
 3.45344e-07
 3.12922e-07
 2.84406e-07
 2.59275e-07
 2.37076e-07
 2.17412e-07
 1.99944e-07
 1.84379e-07
 1.70469e-07
 1.58001e-07
 1.46791e-07
 1.36685e-07
 1.27549e-07
 6.14693e-07
 5.64448e-07
 5.15351e-07
 4.69042e-07
 4.26331e-07
 3.87498e-07
 3.52504e-07
 3.21141e-07
 2.93113e-07
 2.68097e-07
 2.45770e-07
 2.25828e-07
 2.07992e-07
 1.92012e-07
 1.77667e-07
 1.64760e-07
 1.53123e-07
 1.42605e-07
 1.33077e-07
 1.24426e-07
