scalar
part
         1
quad4
 6.47080e-07
 5.91804e-07
 5.38318e-07
 4.88267e-07
 4.42413e-07
 4.00964e-07
 3.63805e-07
 3.30652e-07
 3.01146e-07
 2.74907e-07
 2.51567e-07
 2.30781e-07
 2.12240e-07
 1.95670e-07
 1.80828e-07
 1.67502e-07
 1.55508e-07
 1.44687e-07
 1.34900e-07
 1.26026e-07
 7.61410e-07
 6.83042e-07
 6.10839e-07
 5.45907e-07
 4.88340e-07
 4.37712e-07
 3.93361e-07
 3.54562e-07
 3.20605e-07
 2.90841e-07
 2.64693e-07
 2.41658e-07
 2.21305e-07
 2.03266e-07
 1.87226e-07
 1.72918e-07
 1.60115e-07
 1.48623e-07
 1.38277e-07
 1.28936e-07
 8.95263e-07
 7.85874e-07
 6.89919e-07
 6.06990e-07
 5.35827e-07
 4.74906e-07
 4.22727e-07
 3.77936e-07
 3.39359e-07
 3.06004e-07
 2.77043e-07
 2.51789e-07
 2.29671e-07
 2.10217e-07
 1.93036e-07
 1.77801e-07
 1.64241e-07
 1.52126e-07
 1.41264e-07
 1.31495e-07
 1.04809e-06
 8.98394e-07
 7.73399e-07
 6.69550e-07
 5.83229e-07
 5.11230e-07
 4.50871e-07
 3.99972e-07
 3.56786e-07
 3.19916e-07
 2.88246e-07
 2.60883e-07
 2.37109e-07
 2.16344e-07
 1.98115e-07
 1.82038e-07
 1.67794e-07
 1.55121e-07
 1.43802e-07
 1.33655e-07
 1.21567e-06
 1.01617e-06
 8.57518e-07
 7.30640e-07
 6.28322e-07
 5.45026e-07
 4.76562e-07
 4.19758e-07
 3.72206e-07
 3.32064e-07
 2.97912e-07
 2.68645e-07
 2.43393e-07
 2.21470e-07
 2.02326e-07
 1.85519e-07
 1.70689e-07
 1.57542e-07
 1.45836e-07
 1.35371e-07
 1.38808e-06
 1.13152e-06
 9.36733e-07
 7.86366e-07
 6.68381e-07
 5.74384e-07
 4.98449e-07
 4.36326e-07
 3.84918e-07
 3.41937e-07
 3.05664e-07
 2.74790e-07
 2.48308e-07
 2.25432e-07
 2.05543e-07
 1.88147e-07
 1.72849e-07
 1.59326e-07
 1.47317e-07
 1.36606e-07
 1.54831e-06
 1.23344e-06
 1.00401e-06
 8.32183e-07
 7.00427e-07
 5.97314e-07
 5.15178e-07
 4.48738e-07
 3.94264e-07
 3.49063e-07
 3.11158e-07
 2.79067e-07
 2.51666e-07
 2.28088e-07
 2.07657e-07
 1.89839e-07
 1.74209e-07
 1.60424e-07
 1.48206e-07
 1.37327e-07
 1.67339e-06
 1.30895e-06
 1.05176e-06
 8.63527e-07
 7.21621e-07
 6.11997e-07
 5.25555e-07
 4.56191e-07
 3.99689e-07
 3.53054e-07
 3.14119e-07
 2.81277e-07
 2.53322e-07
 2.29330e-07
 2.08588e-07
 1.90534e-07
 1.74723e-07
 1.60800e-07
 1.48474e-07
 1.37512e-07
 1.73978e-06
 1.34606e-06
 1.07352e-06
 8.76698e-07
 7.29758e-07
 6.17069e-07
 5.28707e-07
 4.58114e-07
 4.00810e-07
 3.53648e-07
 3.14362e-07
 2.81289e-07
 2.53180e-07
 2.29090e-07
 2.08285e-07
 1.90193e-07
 1.74362e-07
 1.60430e-07
 1.48105e-07
 1.37148e-07
 1.73225e-06
 1.33764e-06
 1.06564e-06
 8.69727e-07
 7.23715e-07
 6.11865e-07
 5.24227e-07
 4.54248e-07
 3.97462e-07
 3.50735e-07
 3.11817e-07
 2.79054e-07
 2.51209e-07
 2.27344e-07
 2.06731e-07
 1.88806e-07
 1.73119e-07
 1.59312e-07
 1.47095e-07
 1.36234e-07
 1.65091e-06
 1.28406e-06
 1.02847e-06
 8.42894e-07
 7.03709e-07
 5.96550e-07
 5.12243e-07
 4.44694e-07
 3.89723e-07
 3.44379e-07
 3.06532e-07
 2.74613e-07
 2.47441e-07
 2.24119e-07
 2.03951e-07
 1.86391e-07
 1.71008e-07
 1.57457e-07
 1.45456e-07
 1.34778e-07
 1.51097e-06
 1.19300e-06
 9.66239e-07
 7.98664e-07
 6.71257e-07
 5.72101e-07
 4.93405e-07
 4.29899e-07
 3.77908e-07
 3.34805e-07
 2.98675e-07
 2.68090e-07
 2.41971e-07
 2.19489e-07
 1.99999e-07
 1.82994e-07
 1.68067e-07
 1.54894e-07
 1.43210e-07
 1.32800e-07
 1.33548e-06
 1.07660e-06
 8.85755e-07
 7.41085e-07
 6.28872e-07
 5.40136e-07
 4.68792e-07
 4.10601e-07
 3.62534e-07
 3.22386e-07
 2.88516e-07
 2.59687e-07
 2.34950e-07
 2.13570e-07
 1.94968e-07
 1.78684e-07
 1.64351e-07
 1.51669e-07
 1.40395e-07
 1.30330e-07
 1.14715e-06
 9.47823e-07
 7.94733e-07
 6.74917e-07
 5.79595e-07
 5.02657e-07
 4.39756e-07
 3.87735e-07
 3.44265e-07
 3.07598e-07
 2.76407e-07
 2.49666e-07
 2.26578e-07
 2.06514e-07
 1.88974e-07
 1.73556e-07
 1.59933e-07
 1.47840e-07
 1.37058e-07
 1.27405e-07
 9.63681e-07
 8.17827e-07
 7.00311e-07
 6.04815e-07
 5.26523e-07
 4.61770e-07
 4.07756e-07
 3.62334e-07
 3.23841e-07
 2.90985e-07
 2.62749e-07
 2.38329e-07
 2.17084e-07
 1.98499e-07
 1.82157e-07
 1.67717e-07
 1.54901e-07
 1.43477e-07
 1.33254e-07
 1.24072e-07
 7.96397e-07
 6.94717e-07
 6.08166e-07
 5.34743e-07
 4.72439e-07
 4.19444e-07
 3.74206e-07
 3.35422e-07
 3.02017e-07
 2.73106e-07
 2.47964e-07
 2.25997e-07
 2.06716e-07
 1.89716e-07
 1.74666e-07
 1.61287e-07
 1.49348e-07
 1.38656e-07
 1.29046e-07
 1.20381e-07
 6.50863e-07
 5.83407e-07
 5.22211e-07
 4.67687e-07
 4.19584e-07
 3.77355e-07
 3.40356e-07
 3.07939e-07
 2.79501e-07
 2.54502e-07
 2.32468e-07
 2.12992e-07
 1.95724e-07
 1.80364e-07
 1.66659e-07
 1.54392e-07
 1.43378e-07
 1.33459e-07
 1.24501e-07
 1.16388e-07
 5.28372e-07
 4.86111e-07
 4.44695e-07
 4.05621e-07
 3.69581e-07
 3.36798e-07
 3.07227e-07
 2.80684e-07
 2.56919e-07
 2.35662e-07
 2.16645e-07
 1.99618e-07
 1.84349e-07
 1.70635e-07
 1.58290e-07
 1.47156e-07
 1.37090e-07
 1.27970e-07
 1.19688e-07
 1.12149e-07
 4.27568e-07
 4.03110e-07
 3.76529e-07
 3.49617e-07
 3.23463e-07
 2.98683e-07
 2.75587e-07
 2.54290e-07
 2.34786e-07
 2.17004e-07
 2.00833e-07
 1.86147e-07
 1.72815e-07
 1.60708e-07
 1.49707e-07
 1.39700e-07
 1.30585e-07
 1.22270e-07
 1.14673e-07
 1.07721e-07
 3.45799e-07
 3.33495e-07
 3.17685e-07
 3.00054e-07
 2.81759e-07
 2.63566e-07
 2.45959e-07
 2.29221e-07
 2.13504e-07
 1.98867e-07
 1.85316e-07
 1.72816e-07
 1.61315e-07
 1.50747e-07
 1.41044e-07
 1.32136e-07
 1.23955e-07
 1.16437e-07
 1.09523e-07
 1.03158e-07
