scalar
part
         1
quad4
 6.33461e-07
 5.79981e-07
 5.28086e-07
 4.79420e-07
 4.34757e-07
 3.94325e-07
 3.58033e-07
 3.25617e-07
 2.96737e-07
 2.71032e-07
 2.48146e-07
 2.27751e-07
 2.09545e-07
 1.93264e-07
 1.78671e-07
 1.65562e-07
 1.53758e-07
 1.43102e-07
 1.33461e-07
 1.24715e-07
 7.46320e-07
 6.70197e-07
 5.99918e-07
 5.36612e-07
 4.80409e-07
 4.30918e-07
 3.87517e-07
 3.49511e-07
 3.16218e-07
 2.87012e-07
 2.61334e-07
 2.38698e-07
 2.18684e-07
 2.00935e-07
 1.85145e-07
 1.71052e-07
 1.58435e-07
 1.47106e-07
 1.36902e-07
 1.27685e-07
 8.78654e-07
 7.72053e-07
 6.78400e-07
 5.97354e-07
 5.27725e-07
 4.68054e-07
 4.16896e-07
 3.72942e-07
 3.35056e-07
 3.02273e-07
 2.73790e-07
 2.48935e-07
 2.27155e-07
 2.07988e-07
 1.91052e-07
 1.76027e-07
 1.62647e-07
 1.50689e-07
 1.39965e-07
 1.30314e-07
 1.03003e-06
 8.83742e-07
 7.61452e-07
 6.59737e-07
 5.75104e-07
 5.04446e-07
 4.45159e-07
 3.95125e-07
 3.52640e-07
 3.16343e-07
 2.85146e-07
 2.58177e-07
 2.34732e-07
 2.14244e-07
 1.96251e-07
 1.80374e-07
 1.66303e-07
 1.53779e-07
 1.42590e-07
 1.32554e-07
 1.19641e-06
 1.00099e-06
 8.45421e-07
 7.20890e-07
 6.20371e-07
 5.38470e-07
 4.71097e-07
 4.15157e-07
 3.68297e-07
 3.28714e-07
 2.95019e-07
 2.66127e-07
 2.41189e-07
 2.19528e-07
 2.00605e-07
 1.83985e-07
 1.69316e-07
 1.56307e-07
 1.44721e-07
 1.34360e-07
 1.36818e-06
 1.11631e-06
 9.24896e-07
 7.76998e-07
 6.60850e-07
 5.68243e-07
 4.93374e-07
 4.32082e-07
 3.81332e-07
 3.38877e-07
 3.03029e-07
 2.72504e-07
 2.46310e-07
 2.23674e-07
 2.03986e-07
 1.86761e-07
 1.71609e-07
 1.58211e-07
 1.46311e-07
 1.35693e-07
 1.52876e-06
 1.21894e-06
 9.92965e-07
 8.23587e-07
 6.93599e-07
 5.91794e-07
 5.10647e-07
 4.44967e-07
 3.91087e-07
 3.46359e-07
 3.08834e-07
 2.77053e-07
 2.49906e-07
 2.26540e-07
 2.06286e-07
 1.88619e-07
 1.73116e-07
 1.59441e-07
 1.47318e-07
 1.36520e-07
 1.65563e-06
 1.29611e-06
 1.04216e-06
 8.56133e-07
 7.15793e-07
 6.07308e-07
 5.21716e-07
 4.53002e-07
 3.97004e-07
 3.50769e-07
 3.12153e-07
 2.79571e-07
 2.51829e-07
 2.28015e-07
 2.07421e-07
 1.89493e-07
 1.73789e-07
 1.59958e-07
 1.47712e-07
 1.36819e-07
 1.72559e-06
 1.33594e-06
 1.06600e-06
 8.70927e-07
 7.25208e-07
 6.13401e-07
 5.25695e-07
 4.55602e-07
 3.98687e-07
 3.51833e-07
 3.12794e-07
 2.79921e-07
 2.51979e-07
 2.28026e-07
 2.07337e-07
 1.89344e-07
 1.73597e-07
 1.59738e-07
 1.47476e-07
 1.36574e-07
 1.72331e-06
 1.33117e-06
 1.06076e-06
 8.65918e-07
 7.20663e-07
 6.09366e-07
 5.22145e-07
 4.52487e-07
 3.95954e-07
 3.49430e-07
 3.10676e-07
 2.78049e-07
 2.50317e-07
 2.26546e-07
 2.06015e-07
 1.88158e-07
 1.72531e-07
 1.58775e-07
 1.46604e-07
 1.35783e-07
 1.64824e-06
 1.28179e-06
 1.02654e-06
 8.41239e-07
 7.02278e-07
 5.95303e-07
 5.11148e-07
 4.43726e-07
 3.88860e-07
 3.43606e-07
 3.05836e-07
 2.73983e-07
 2.46868e-07
 2.23596e-07
 2.03471e-07
 1.85950e-07
 1.70601e-07
 1.57080e-07
 1.45106e-07
 1.34453e-07
 1.51448e-06
 1.19491e-06
 9.67258e-07
 7.99171e-07
 6.71458e-07
 5.72115e-07
 4.93306e-07
 4.29730e-07
 3.77696e-07
 3.34570e-07
 2.98428e-07
 2.67839e-07
 2.41721e-07
 2.19243e-07
 1.99760e-07
 1.82761e-07
 1.67843e-07
 1.54678e-07
 1.43003e-07
 1.32601e-07
 1.34408e-06
 1.08213e-06
 8.89423e-07
 7.43579e-07
 6.30599e-07
 5.41345e-07
 4.69644e-07
 4.11201e-07
 3.62954e-07
 3.22675e-07
 2.88709e-07
 2.59808e-07
 2.35018e-07
 2.13598e-07
 1.94965e-07
 1.78659e-07
 1.64308e-07
 1.51613e-07
 1.40330e-07
 1.30257e-07
 1.15926e-06
 9.56096e-07
 8.00540e-07
 6.79089e-07
 5.82652e-07
 5.04934e-07
 4.41474e-07
 3.89047e-07
 3.45275e-07
 3.08382e-07
 2.77017e-07
 2.50143e-07
 2.26951e-07
 2.06806e-07
 1.89201e-07
 1.73731e-07
 1.60067e-07
 1.47941e-07
 1.37131e-07
 1.27456e-07
 9.77729e-07
 8.27890e-07
 7.07662e-07
 6.10284e-07
 5.30659e-07
 4.64944e-07
 4.10224e-07
 3.64274e-07
 3.25382e-07
 2.92219e-07
 2.63744e-07
 2.39137e-07
 2.17744e-07
 1.99040e-07
 1.82602e-07
 1.68084e-07
 1.55204e-07
 1.43728e-07
 1.33462e-07
 1.24244e-07
 8.11137e-07
 7.05724e-07
 6.16489e-07
 5.41118e-07
 4.77385e-07
 4.23327e-07
 3.77288e-07
 3.37893e-07
 3.04016e-07
 2.74737e-07
 2.49305e-07
 2.27106e-07
 2.07639e-07
 1.90489e-07
 1.75315e-07
 1.61835e-07
 1.49813e-07
 1.39050e-07
 1.29382e-07
 1.20668e-07
 6.65446e-07
 5.94704e-07
 5.31022e-07
 4.74617e-07
 4.25083e-07
 3.81759e-07
 3.43914e-07
 3.10838e-07
 2.81882e-07
 2.56471e-07
 2.34108e-07
 2.14366e-07
 1.96882e-07
 1.81345e-07
 1.67494e-07
 1.55106e-07
 1.43991e-07
 1.33987e-07
 1.24958e-07
 1.16784e-07
 5.42290e-07
 4.97245e-07
 4.53623e-07
 4.12813e-07
 3.75409e-07
 3.41551e-07
 3.11129e-07
 2.83909e-07
 2.59602e-07
 2.37908e-07
 2.18537e-07
 2.01220e-07
 1.85713e-07
 1.71801e-07
 1.59293e-07
 1.48021e-07
 1.37840e-07
 1.28622e-07
 1.20256e-07
 1.12647e-07
 4.40563e-07
 4.13797e-07
 3.85312e-07
 3.56847e-07
 3.29434e-07
 3.03636e-07
 2.79715e-07
 2.57748e-07
 2.37698e-07
 2.19469e-07
 2.02930e-07
 1.87939e-07
 1.74353e-07
 1.62035e-07
 1.50857e-07
 1.40699e-07
 1.31457e-07
 1.23034e-07
 1.15344e-07
 1.08312e-07
 3.57770e-07
 3.43576e-07
 3.26152e-07
 3.07161e-07
 2.87732e-07
 2.68598e-07
 2.50211e-07
 2.32828e-07
 2.16576e-07
 2.01494e-07
 1.87571e-07
 1.74761e-07
 1.62998e-07
 1.52210e-07
 1.42320e-07
 1.33252e-07
 1.24935e-07
 1.17301e-07
 1.10286e-07
 1.03834e-07
