scalar
part
         1
quad4
 4.81675e-07
 4.49100e-07
 4.15694e-07
 3.83046e-07
 3.52078e-07
 3.23259e-07
 2.96772e-07
 2.72622e-07
 2.50712e-07
 2.30893e-07
 2.12992e-07
 1.96830e-07
 1.82234e-07
 1.69042e-07
 1.57103e-07
 1.46284e-07
 1.36463e-07
 1.27532e-07
 1.19396e-07
 1.11970e-07
 5.76465e-07
 5.26949e-07
 4.79356e-07
 4.35068e-07
 3.94658e-07
 3.58221e-07
 3.25597e-07
 2.96500e-07
 2.70593e-07
 2.47532e-07
 2.26990e-07
 2.08669e-07
 1.92297e-07
 1.77637e-07
 1.64481e-07
 1.52645e-07
 1.41972e-07
 1.32323e-07
 1.23579e-07
 1.15636e-07
 6.89843e-07
 6.16885e-07
 5.50737e-07
 4.91921e-07
 4.40177e-07
 3.94892e-07
 3.55340e-07
 3.20790e-07
 2.90567e-07
 2.64068e-07
 2.40771e-07
 2.20225e-07
 2.02046e-07
 1.85910e-07
 1.71539e-07
 1.58699e-07
 1.47189e-07
 1.36841e-07
 1.27509e-07
 1.19069e-07
 8.22854e-07
 7.18471e-07
 6.28849e-07
 5.52501e-07
 4.87604e-07
 4.32382e-07
 3.85257e-07
 3.44884e-07
 3.10143e-07
 2.80106e-07
 2.54014e-07
 2.31242e-07
 2.11277e-07
 1.93694e-07
 1.78143e-07
 1.64335e-07
 1.52026e-07
 1.41012e-07
 1.31124e-07
 1.22216e-07
 9.74218e-07
 8.29522e-07
 7.11496e-07
 6.14908e-07
 5.35391e-07
 4.69463e-07
 4.14389e-07
 3.68038e-07
 3.28742e-07
 2.95196e-07
 2.66370e-07
 2.41446e-07
 2.19769e-07
 2.00815e-07
 1.84155e-07
 1.69442e-07
 1.56391e-07
 1.44764e-07
 1.34365e-07
 1.25030e-07
 1.13875e-06
 9.45403e-07
 7.95003e-07
 6.76352e-07
 5.81461e-07
 5.04596e-07
 4.41594e-07
 3.89397e-07
 3.45723e-07
 3.08852e-07
 2.77466e-07
 2.50548e-07
 2.27302e-07
 2.07098e-07
 1.89436e-07
 1.73911e-07
 1.60197e-07
 1.48024e-07
 1.37174e-07
 1.27462e-07
 1.30592e-06
 1.05863e-06
 8.74170e-07
 7.33235e-07
 6.23304e-07
 5.36012e-07
 4.65610e-07
 4.08050e-07
 3.60419e-07
 3.20579e-07
 2.86932e-07
 2.58269e-07
 2.33659e-07
 2.12379e-07
 1.93857e-07
 1.77640e-07
 1.63363e-07
 1.50730e-07
 1.39499e-07
 1.29471e-07
 1.45964e-06
 1.15918e-06
 9.42656e-07
 7.81450e-07
 6.58199e-07
 5.61870e-07
 4.85165e-07
 4.23104e-07
 3.72190e-07
 3.29912e-07
 2.94425e-07
 2.64352e-07
 2.38648e-07
 2.16508e-07
 1.97304e-07
 1.80539e-07
 1.65818e-07
 1.52823e-07
 1.41294e-07
 1.31020e-07
 1.58024e-06
 1.23591e-06
 9.93848e-07
 8.16917e-07
 6.83548e-07
 5.80463e-07
 4.99110e-07
 4.33766e-07
 3.80480e-07
 3.36453e-07
 2.99655e-07
 2.68583e-07
 2.42107e-07
 2.19364e-07
 1.99682e-07
 1.82535e-07
 1.67506e-07
 1.54260e-07
 1.42525e-07
 1.32080e-07
 1.64907e-06
 1.27888e-06
 1.02211e-06
 8.36281e-07
 6.97267e-07
 5.90457e-07
 5.06563e-07
 4.39437e-07
 3.84872e-07
 3.39907e-07
 3.02409e-07
 2.70806e-07
 2.43921e-07
 2.20858e-07
 2.00924e-07
 1.83576e-07
 1.68385e-07
 1.55007e-07
 1.43165e-07
 1.32631e-07
 1.65408e-06
 1.28189e-06
 1.02403e-06
 8.37560e-07
 6.98152e-07
 5.91088e-07
 5.07026e-07
 4.39784e-07
 3.85137e-07
 3.40113e-07
 3.02571e-07
 2.70936e-07
 2.44026e-07
 2.20944e-07
 2.00995e-07
 1.83635e-07
 1.68435e-07
 1.55050e-07
 1.43201e-07
 1.32662e-07
 1.59401e-06
 1.24435e-06
 9.99297e-07
 8.20585e-07
 6.86104e-07
 5.82298e-07
 5.00460e-07
 4.34781e-07
 3.81258e-07
 3.37059e-07
 3.00134e-07
 2.68967e-07
 2.42419e-07
 2.19619e-07
 1.99893e-07
 1.82711e-07
 1.67654e-07
 1.54385e-07
 1.42632e-07
 1.32172e-07
 1.47905e-06
 1.17150e-06
 9.50810e-07
 7.87042e-07
 6.62153e-07
 5.64739e-07
 4.87296e-07
 4.24718e-07
 3.73435e-07
 3.30886e-07
 2.95198e-07
 2.64974e-07
 2.39154e-07
 2.16924e-07
 1.97648e-07
 1.80827e-07
 1.66061e-07
 1.53029e-07
 1.41470e-07
 1.31171e-07
 1.32744e-06
 1.07292e-06
 8.83958e-07
 7.40123e-07
 6.28272e-07
 5.39675e-07
 4.68364e-07
 4.10158e-07
 3.62058e-07
 3.21871e-07
 2.87964e-07
 2.59103e-07
 2.34340e-07
 2.12940e-07
 1.94324e-07
 1.78032e-07
 1.63693e-07
 1.51011e-07
 1.39739e-07
 1.29678e-07
 1.15959e-06
 9.59984e-07
 8.05387e-07
 6.83887e-07
 5.87028e-07
 5.08780e-07
 4.44790e-07
 3.91874e-07
 3.47670e-07
 3.10400e-07
 2.78712e-07
 2.51561e-07
 2.28134e-07
 2.07787e-07
 1.90012e-07
 1.74396e-07
 1.60607e-07
 1.48374e-07
 1.37474e-07
 1.27721e-07
 9.92786e-07
 8.43217e-07
 7.21664e-07
 6.22533e-07
 5.41178e-07
 4.73908e-07
 4.17845e-07
 3.70756e-07
 3.30904e-07
 2.96935e-07
 2.67781e-07
 2.42602e-07
 2.20725e-07
 2.01611e-07
 1.84823e-07
 1.70007e-07
 1.56871e-07
 1.45175e-07
 1.34718e-07
 1.25336e-07
 8.38561e-07
 7.30654e-07
 6.38273e-07
 5.59811e-07
 4.93307e-07
 4.36863e-07
 3.88808e-07
 3.47723e-07
 3.12432e-07
 2.81968e-07
 2.55541e-07
 2.32504e-07
 2.12327e-07
 1.94574e-07
 1.78887e-07
 1.64966e-07
 1.52565e-07
 1.41476e-07
 1.31524e-07
 1.22564e-07
 7.02721e-07
 6.27342e-07
 5.59147e-07
 4.98661e-07
 4.45581e-07
 3.99240e-07
 3.58854e-07
 3.23647e-07
 2.92903e-07
 2.65992e-07
 2.42365e-07
 2.21554e-07
 2.03163e-07
 1.86853e-07
 1.72340e-07
 1.59382e-07
 1.47776e-07
 1.37347e-07
 1.27948e-07
 1.19451e-07
 5.86841e-07
 5.35725e-07
 4.86669e-07
 4.41113e-07
 3.99635e-07
 3.62318e-07
 3.28975e-07
 2.99293e-07
 2.72911e-07
 2.49465e-07
 2.28611e-07
 2.10034e-07
 1.93453e-07
 1.78621e-07
 1.65322e-07
 1.53367e-07
 1.42595e-07
 1.32863e-07
 1.24050e-07
 1.16048e-07
 4.89967e-07
 4.56367e-07
 4.21947e-07
 3.88363e-07
 3.56567e-07
 3.27036e-07
 2.99946e-07
 2.75291e-07
 2.52961e-07
 2.32793e-07
 2.14602e-07
 1.98200e-07
 1.83405e-07
 1.70046e-07
 1.57968e-07
 1.47032e-07
 1.37112e-07
 1.28098e-07
 1.19891e-07
 1.12404e-07
