scalar
part
         1
quad4
 6.02240e-07
 5.52447e-07
 5.03899e-07
 4.58201e-07
 4.16131e-07
 3.77944e-07
 3.43586e-07
 3.12833e-07
 2.85384e-07
 2.60910e-07
 2.39088e-07
 2.19612e-07
 2.02206e-07
 1.86621e-07
 1.72638e-07
 1.60064e-07
 1.48731e-07
 1.38492e-07
 1.29221e-07
 1.20805e-07
 7.10300e-07
 6.39086e-07
 5.73092e-07
 5.13456e-07
 4.60366e-07
 4.13503e-07
 3.72316e-07
 3.36178e-07
 3.04467e-07
 2.76602e-07
 2.52069e-07
 2.30414e-07
 2.11244e-07
 1.94225e-07
 1.79068e-07
 1.65529e-07
 1.53398e-07
 1.42495e-07
 1.32669e-07
 1.23787e-07
 8.37184e-07
 7.37083e-07
 6.48859e-07
 5.72296e-07
 5.06351e-07
 4.49709e-07
 4.01048e-07
 3.59162e-07
 3.22997e-07
 2.91657e-07
 2.64389e-07
 2.40566e-07
 2.19666e-07
 2.01255e-07
 1.84971e-07
 1.70513e-07
 1.57627e-07
 1.46102e-07
 1.35760e-07
 1.26447e-07
 9.82595e-07
 8.44808e-07
 7.29285e-07
 6.32942e-07
 5.52585e-07
 4.85350e-07
 4.28824e-07
 3.81034e-07
 3.40391e-07
 3.05619e-07
 2.75693e-07
 2.49793e-07
 2.27254e-07
 2.07538e-07
 1.90208e-07
 1.74904e-07
 1.61331e-07
 1.49242e-07
 1.38435e-07
 1.28737e-07
 1.14287e-06
 9.58306e-07
 8.10959e-07
 6.92697e-07
 5.97011e-07
 5.18881e-07
 4.54489e-07
 4.00934e-07
 3.56003e-07
 3.18000e-07
 2.85609e-07
 2.57807e-07
 2.33785e-07
 2.12902e-07
 1.94645e-07
 1.78598e-07
 1.64424e-07
 1.51847e-07
 1.40640e-07
 1.30613e-07
 1.30911e-06
 1.07059e-06
 8.88793e-07
 7.47951e-07
 6.37084e-07
 5.48504e-07
 4.76762e-07
 4.17936e-07
 3.69159e-07
 3.28304e-07
 2.93769e-07
 2.64333e-07
 2.39051e-07
 2.17186e-07
 1.98155e-07
 1.81495e-07
 1.66829e-07
 1.53856e-07
 1.42326e-07
 1.32035e-07
 1.46581e-06
 1.17153e-06
 9.56242e-07
 7.94439e-07
 6.69982e-07
 5.72317e-07
 4.94339e-07
 4.31132e-07
 3.79215e-07
 3.36067e-07
 2.99833e-07
 2.69118e-07
 2.42862e-07
 2.20247e-07
 2.00632e-07
 1.83511e-07
 1.68482e-07
 1.55217e-07
 1.43452e-07
 1.32971e-07
 1.59179e-06
 1.24902e-06
 1.00616e-06
 8.27802e-07
 6.92964e-07
 5.88548e-07
 5.06044e-07
 4.39723e-07
 3.85616e-07
 3.40900e-07
 3.03521e-07
 2.71959e-07
 2.45069e-07
 2.21972e-07
 2.01988e-07
 1.84582e-07
 1.69330e-07
 1.55890e-07
 1.43987e-07
 1.33396e-07
 1.66494e-06
 1.29159e-06
 1.03223e-06
 8.44389e-07
 7.03824e-07
 5.95813e-07
 5.10982e-07
 4.43116e-07
 3.87961e-07
 3.42520e-07
 3.04635e-07
 2.72714e-07
 2.45567e-07
 2.22285e-07
 2.02168e-07
 1.84665e-07
 1.69342e-07
 1.55852e-07
 1.43912e-07
 1.33295e-07
 1.67006e-06
 1.29192e-06
 1.03063e-06
 8.42066e-07
 7.01313e-07
 5.93355e-07
 5.08678e-07
 4.41003e-07
 3.86045e-07
 3.40793e-07
 3.03081e-07
 2.71318e-07
 2.44311e-07
 2.21154e-07
 2.01146e-07
 1.83741e-07
 1.68505e-07
 1.55091e-07
 1.43220e-07
 1.32663e-07
 1.60543e-06
 1.24934e-06
 1.00109e-06
 8.20736e-07
 6.85409e-07
 5.81180e-07
 4.99151e-07
 4.33408e-07
 3.79892e-07
 3.35739e-07
 2.98880e-07
 2.67787e-07
 2.41315e-07
 2.18590e-07
 1.98935e-07
 1.81821e-07
 1.66827e-07
 1.53616e-07
 1.41917e-07
 1.31506e-07
 1.48311e-06
 1.16995e-06
 9.46958e-07
 7.82359e-07
 6.57318e-07
 5.60064e-07
 4.82918e-07
 4.20686e-07
 3.69753e-07
 3.27540e-07
 2.92163e-07
 2.62221e-07
 2.36655e-07
 2.14652e-07
 1.95581e-07
 1.78941e-07
 1.64337e-07
 1.51450e-07
 1.40021e-07
 1.29838e-07
 1.32323e-06
 1.06434e-06
 8.74197e-07
 7.30468e-07
 6.19231e-07
 5.31419e-07
 4.60917e-07
 4.03478e-07
 3.56077e-07
 3.16517e-07
 2.83165e-07
 2.54794e-07
 2.30463e-07
 2.09442e-07
 1.91160e-07
 1.75161e-07
 1.61083e-07
 1.48631e-07
 1.37564e-07
 1.27685e-07
 1.14693e-06
 9.44491e-07
 7.89882e-07
 6.69417e-07
 5.73921e-07
 4.97065e-07
 4.34377e-07
 3.82633e-07
 3.39464e-07
 3.03101e-07
 2.72204e-07
 2.45743e-07
 2.22916e-07
 2.03095e-07
 1.85778e-07
 1.70565e-07
 1.57131e-07
 1.45212e-07
 1.34589e-07
 1.25082e-07
 9.71727e-07
 8.21210e-07
 7.00839e-07
 6.03618e-07
 5.24305e-07
 4.58973e-07
 4.04658e-07
 3.59110e-07
 3.20600e-07
 2.87794e-07
 2.59649e-07
 2.35344e-07
 2.14226e-07
 1.95773e-07
 1.79562e-07
 1.65251e-07
 1.52560e-07
 1.41255e-07
 1.31145e-07
 1.22070e-07
 8.09536e-07
 7.02742e-07
 6.12718e-07
 5.36953e-07
 4.73079e-07
 4.19039e-07
 3.73112e-07
 3.33883e-07
 3.00199e-07
 2.71125e-07
 2.45898e-07
 2.23900e-07
 2.04625e-07
 1.87656e-07
 1.72653e-07
 1.59332e-07
 1.47457e-07
 1.36832e-07
 1.27291e-07
 1.18695e-07
 6.66767e-07
 5.94373e-07
 5.29576e-07
 4.72451e-07
 4.22479e-07
 3.78912e-07
 3.40959e-07
 3.07863e-07
 2.78946e-07
 2.53611e-07
 2.31347e-07
 2.11717e-07
 1.94350e-07
 1.78932e-07
 1.65198e-07
 1.52924e-07
 1.41919e-07
 1.32020e-07
 1.23089e-07
 1.15009e-07
 5.45466e-07
 4.98744e-07
 4.53887e-07
 4.12193e-07
 3.74176e-07
 3.39905e-07
 3.09219e-07
 2.81841e-07
 2.57452e-07
 2.35731e-07
 2.16369e-07
 1.99087e-07
 1.83633e-07
 1.69785e-07
 1.57346e-07
 1.46148e-07
 1.36041e-07
 1.26897e-07
 1.18605e-07
 1.11066e-07
 4.44857e-07
 4.16513e-07
 3.86795e-07
 3.57391e-07
 3.29277e-07
 3.02966e-07
 2.78678e-07
 2.56456e-07
 2.36235e-07
 2.17898e-07
 2.01297e-07
 1.86279e-07
 1.72692e-07
 1.60389e-07
 1.49239e-07
 1.39119e-07
 1.29920e-07
 1.21543e-07
 1.13902e-07
 1.06920e-07
 3.62686e-07
 3.47065e-07
 3.28476e-07
 3.08555e-07
 2.88398e-07
 2.68703e-07
 2.49890e-07
 2.32189e-07
 2.15703e-07
 2.00454e-07
 1.86415e-07
 1.73527e-07
 1.61718e-07
 1.50905e-07
 1.41008e-07
 1.31946e-07
 1.23645e-07
 1.16032e-07
 1.09045e-07
 1.02624e-07
