scalar
part
         1
quad4
 5.97752e-07
 5.48557e-07
 5.00537e-07
 4.55297e-07
 4.13621e-07
 3.75770e-07
 3.41698e-07
 3.11187e-07
 2.83944e-07
 2.59646e-07
 2.37972e-07
 2.18625e-07
 2.01328e-07
 1.85838e-07
 1.71936e-07
 1.59433e-07
 1.48162e-07
 1.37977e-07
 1.28753e-07
 1.20379e-07
 7.05332e-07
 6.34864e-07
 5.69507e-07
 5.10409e-07
 4.57769e-07
 4.11281e-07
 3.70407e-07
 3.34530e-07
 3.03036e-07
 2.75354e-07
 2.50975e-07
 2.29450e-07
 2.10392e-07
 1.93467e-07
 1.78392e-07
 1.64923e-07
 1.52852e-07
 1.42003e-07
 1.32223e-07
 1.23382e-07
 8.31721e-07
 7.32545e-07
 6.45083e-07
 5.69142e-07
 5.03703e-07
 4.47472e-07
 3.99146e-07
 3.57535e-07
 3.21596e-07
 2.90443e-07
 2.63331e-07
 2.39639e-07
 2.18850e-07
 2.00532e-07
 1.84328e-07
 1.69937e-07
 1.57111e-07
 1.45637e-07
 1.35339e-07
 1.26065e-07
 9.76662e-07
 8.40007e-07
 7.25376e-07
 6.29737e-07
 5.49935e-07
 4.83140e-07
 4.26965e-07
 3.79458e-07
 3.39044e-07
 3.04459e-07
 2.74688e-07
 2.48915e-07
 2.26483e-07
 2.06858e-07
 1.89605e-07
 1.74366e-07
 1.60849e-07
 1.48809e-07
 1.38043e-07
 1.28382e-07
 1.13656e-06
 9.53344e-07
 8.07013e-07
 6.89522e-07
 5.94425e-07
 5.16751e-07
 4.52716e-07
 3.99442e-07
 3.54737e-07
 3.16915e-07
 2.84673e-07
 2.56993e-07
 2.33073e-07
 2.12275e-07
 1.94089e-07
 1.78103e-07
 1.63981e-07
 1.51449e-07
 1.40281e-07
 1.30287e-07
 1.30262e-06
 1.06564e-06
 8.84946e-07
 7.44912e-07
 6.34644e-07
 5.46517e-07
 4.75121e-07
 4.16565e-07
 3.68001e-07
 3.27317e-07
 2.92920e-07
 2.63596e-07
 2.38407e-07
 2.16620e-07
 1.97655e-07
 1.81049e-07
 1.66431e-07
 1.53498e-07
 1.42003e-07
 1.31742e-07
 1.45946e-06
 1.16684e-06
 9.52675e-07
 7.91666e-07
 6.67782e-07
 5.70541e-07
 4.92882e-07
 4.29920e-07
 3.78195e-07
 3.35200e-07
 2.99088e-07
 2.68472e-07
 2.42298e-07
 2.19751e-07
 2.00193e-07
 1.83121e-07
 1.68132e-07
 1.54902e-07
 1.43168e-07
 1.32713e-07
 1.58608e-06
 1.24490e-06
 1.00308e-06
 8.25437e-07
 6.91101e-07
 5.87051e-07
 5.04819e-07
 4.38706e-07
 3.84760e-07
 3.40171e-07
 3.02894e-07
 2.71416e-07
 2.44594e-07
 2.21553e-07
 2.01617e-07
 1.84251e-07
 1.69033e-07
 1.55623e-07
 1.43745e-07
 1.33175e-07
 1.66045e-06
 1.28840e-06
 1.02986e-06
 8.42569e-07
 7.02388e-07
 5.94657e-07
 5.10033e-07
 4.42325e-07
 3.87292e-07
 3.41948e-07
 3.04140e-07
 2.72283e-07
 2.45188e-07
 2.21950e-07
 2.01869e-07
 1.84397e-07
 1.69101e-07
 1.55634e-07
 1.43714e-07
 1.33114e-07
 1.66734e-06
 1.28995e-06
 1.02913e-06
 8.40898e-07
 7.00376e-07
 5.92586e-07
 5.08036e-07
 4.40460e-07
 3.85579e-07
 3.40389e-07
 3.02728e-07
 2.71006e-07
 2.44034e-07
 2.20906e-07
 2.00924e-07
 1.83540e-07
 1.68322e-07
 1.54925e-07
 1.43067e-07
 1.32523e-07
 1.60479e-06
 1.24875e-06
 1.00057e-06
 8.20280e-07
 6.85007e-07
 5.80825e-07
 4.98835e-07
 4.33126e-07
 3.79639e-07
 3.35511e-07
 2.98673e-07
 2.67599e-07
 2.41144e-07
 2.18433e-07
 1.98791e-07
 1.81688e-07
 1.66704e-07
 1.53502e-07
 1.41810e-07
 1.31407e-07
 1.48449e-06
 1.17073e-06
 9.47407e-07
 7.82612e-07
 6.57451e-07
 5.60123e-07
 4.82929e-07
 4.20666e-07
 3.69714e-07
 3.27489e-07
 2.92104e-07
 2.62158e-07
 2.36590e-07
 2.14587e-07
 1.95515e-07
 1.78877e-07
 1.64274e-07
 1.51389e-07
 1.39962e-07
 1.29781e-07
 1.32624e-06
 1.06629e-06
 8.75506e-07
 7.31368e-07
 6.19862e-07
 5.31868e-07
 4.61240e-07
 4.03710e-07
 3.56245e-07
 3.16637e-07
 2.83251e-07
 2.54853e-07
 2.30502e-07
 2.09466e-07
 1.91172e-07
 1.75165e-07
 1.61080e-07
 1.48623e-07
 1.37552e-07
 1.27670e-07
 1.15105e-06
 9.47322e-07
 7.91879e-07
 6.70860e-07
 5.74984e-07
 4.97860e-07
 4.34981e-07
 3.83097e-07
 3.39824e-07
 3.03383e-07
 2.72426e-07
 2.45918e-07
 2.23055e-07
 2.03205e-07
 1.85866e-07
 1.70634e-07
 1.57186e-07
 1.45254e-07
 1.34622e-07
 1.25107e-07
 9.76445e-07
 8.24604e-07
 7.03328e-07
 6.05476e-07
 5.25715e-07
 4.60059e-07
 4.05506e-07
 3.59778e-07
 3.21133e-07
 2.88223e-07
 2.59997e-07
 2.35628e-07
 2.14459e-07
 1.95965e-07
 1.79721e-07
 1.65384e-07
 1.52670e-07
 1.41347e-07
 1.31222e-07
 1.22134e-07
 8.14449e-07
 7.06423e-07
 6.15510e-07
 5.39098e-07
 4.74747e-07
 4.20352e-07
 3.74157e-07
 3.34723e-07
 3.00881e-07
 2.71683e-07
 2.46358e-07
 2.24282e-07
 2.04943e-07
 1.87924e-07
 1.72879e-07
 1.59523e-07
 1.47620e-07
 1.36971e-07
 1.27410e-07
 1.18797e-07
 6.71605e-07
 5.98131e-07
 5.32515e-07
 4.74768e-07
 4.24322e-07
 3.80392e-07
 3.42157e-07
 3.08841e-07
 2.79750e-07
 2.54278e-07
 2.31904e-07
 2.12184e-07
 1.94745e-07
 1.79267e-07
 1.65485e-07
 1.53170e-07
 1.42130e-07
 1.32202e-07
 1.23248e-07
 1.15147e-07
 5.50070e-07
 5.02436e-07
 4.56854e-07
 4.14588e-07
 3.76120e-07
 3.41494e-07
 3.10526e-07
 2.82923e-07
 2.58354e-07
 2.36487e-07
 2.17007e-07
 1.99629e-07
 1.84095e-07
 1.70180e-07
 1.57687e-07
 1.46442e-07
 1.36297e-07
 1.27120e-07
 1.18800e-07
 1.11237e-07
 4.49146e-07
 4.20048e-07
 3.89706e-07
 3.59792e-07
 3.31263e-07
 3.04616e-07
 2.80056e-07
 2.57612e-07
 2.37210e-07
 2.18724e-07
 2.02001e-07
 1.86882e-07
 1.73210e-07
 1.60837e-07
 1.49627e-07
 1.39457e-07
 1.30215e-07
 1.21802e-07
 1.14130e-07
 1.07121e-07
 3.66631e-07
 3.50394e-07
 3.31276e-07
 3.10910e-07
 2.90380e-07
 2.70376e-07
 2.51306e-07
 2.33391e-07
 2.16728e-07
 2.01332e-07
 1.87170e-07
 1.74179e-07
 1.62282e-07
 1.51396e-07
 1.41437e-07
 1.32322e-07
 1.23975e-07
 1.16324e-07
 1.09303e-07
 1.02853e-07
