scalar
part
         1
quad4
 5.24022e-07
 4.86074e-07
 4.47771e-07
 4.10792e-07
 3.76065e-07
 3.44024e-07
 3.14793e-07
 2.88314e-07
 2.64430e-07
 2.42935e-07
 2.23609e-07
 2.06231e-07
 1.90595e-07
 1.76508e-07
 1.63799e-07
 1.52311e-07
 1.41909e-07
 1.32470e-07
 1.23889e-07
 1.16071e-07
 6.25460e-07
 5.68712e-07
 5.14812e-07
 4.65156e-07
 4.20240e-07
 3.80050e-07
 3.44310e-07
 3.12624e-07
 2.84561e-07
 2.59700e-07
 2.37648e-07
 2.18053e-07
 2.00603e-07
 1.85025e-07
 1.71082e-07
 1.58570e-07
 1.47311e-07
 1.37154e-07
 1.27967e-07
 1.19635e-07
 7.46322e-07
 6.63694e-07
 5.89520e-07
 5.24153e-07
 4.67103e-07
 4.17531e-07
 3.74507e-07
 3.37135e-07
 3.04604e-07
 2.76208e-07
 2.51339e-07
 2.29484e-07
 2.10207e-07
 1.93142e-07
 1.77982e-07
 1.64467e-07
 1.52377e-07
 1.41527e-07
 1.31758e-07
 1.22937e-07
 8.87313e-07
 7.70205e-07
 6.70581e-07
 5.86430e-07
 5.15443e-07
 4.55446e-07
 4.04552e-07
 3.61179e-07
 3.24027e-07
 2.92036e-07
 2.64346e-07
 2.40255e-07
 2.19191e-07
 2.00688e-07
 1.84360e-07
 1.69890e-07
 1.57015e-07
 1.45513e-07
 1.35202e-07
 1.25926e-07
 1.04635e-06
 8.85403e-07
 7.55325e-07
 6.49760e-07
 5.63494e-07
 4.92430e-07
 4.33397e-07
 3.83953e-07
 3.42213e-07
 3.06710e-07
 2.76300e-07
 2.50080e-07
 2.27333e-07
 2.07486e-07
 1.90076e-07
 1.74728e-07
 1.61133e-07
 1.49040e-07
 1.38239e-07
 1.28553e-07
 1.21678e-06
 1.00367e-06
 8.39465e-07
 7.10987e-07
 6.08960e-07
 5.26810e-07
 4.59819e-07
 4.04559e-07
 3.58494e-07
 3.19728e-07
 2.86822e-07
 2.58669e-07
 2.34407e-07
 2.13361e-07
 1.94992e-07
 1.78870e-07
 1.64647e-07
 1.52039e-07
 1.40811e-07
 1.30772e-07
 1.38584e-06
 1.11631e-06
 9.17148e-07
 7.66163e-07
 6.49147e-07
 5.56722e-07
 4.82510e-07
 4.22060e-07
 3.72194e-07
 3.30595e-07
 2.95544e-07
 2.65744e-07
 2.40203e-07
 2.18150e-07
 1.98982e-07
 1.82220e-07
 1.67478e-07
 1.54446e-07
 1.42870e-07
 1.32543e-07
 1.53492e-06
 1.21216e-06
 9.81532e-07
 8.10964e-07
 6.81248e-07
 5.80298e-07
 5.00195e-07
 4.35572e-07
 3.82685e-07
 3.38857e-07
 3.02133e-07
 2.71059e-07
 2.44535e-07
 2.21714e-07
 2.01938e-07
 1.84691e-07
 1.69558e-07
 1.56209e-07
 1.44374e-07
 1.33832e-07
 1.64271e-06
 1.27961e-06
 1.02591e-06
 8.41347e-07
 7.02729e-07
 5.95897e-07
 5.11783e-07
 4.44349e-07
 3.89446e-07
 3.44144e-07
 3.06323e-07
 2.74418e-07
 2.47256e-07
 2.23940e-07
 2.03775e-07
 1.86219e-07
 1.70838e-07
 1.57288e-07
 1.45290e-07
 1.34614e-07
 1.69135e-06
 1.30940e-06
 1.04516e-06
 8.54308e-07
 7.11750e-07
 6.02351e-07
 5.16506e-07
 4.47875e-07
 3.92123e-07
 3.46206e-07
 3.07932e-07
 2.75689e-07
 2.48270e-07
 2.24756e-07
 2.04438e-07
 1.86761e-07
 1.71284e-07
 1.57658e-07
 1.45597e-07
 1.34872e-07
 1.67249e-06
 1.29729e-06
 1.03695e-06
 8.48502e-07
 7.07498e-07
 5.99146e-07
 5.14033e-07
 4.45928e-07
 3.90563e-07
 3.44938e-07
 3.06887e-07
 2.74818e-07
 2.47537e-07
 2.24133e-07
 2.03904e-07
 1.86299e-07
 1.70884e-07
 1.57307e-07
 1.45289e-07
 1.34599e-07
 1.59003e-06
 1.24522e-06
 1.00233e-06
 8.24522e-07
 6.90329e-07
 5.86509e-07
 5.04512e-07
 4.38608e-07
 3.84837e-07
 3.40389e-07
 3.03224e-07
 2.71832e-07
 2.45076e-07
 2.22086e-07
 2.02185e-07
 1.84845e-07
 1.69643e-07
 1.56243e-07
 1.44369e-07
 1.33800e-07
 1.45815e-06
 1.16052e-06
 9.45351e-07
 7.84744e-07
 6.61698e-07
 5.65364e-07
 4.88549e-07
 4.26325e-07
 3.75227e-07
 3.32758e-07
 2.97086e-07
 2.66837e-07
 2.40967e-07
 2.18673e-07
 1.99327e-07
 1.82432e-07
 1.67591e-07
 1.54486e-07
 1.42856e-07
 1.32489e-07
 1.29642e-06
 1.05377e-06
 8.72084e-07
 7.32813e-07
 6.23880e-07
 5.37180e-07
 4.67120e-07
 4.09744e-07
 3.62197e-07
 3.22377e-07
 2.88713e-07
 2.60008e-07
 2.35342e-07
 2.13996e-07
 1.95406e-07
 1.79120e-07
 1.64773e-07
 1.52073e-07
 1.40778e-07
 1.30689e-07
 1.12431e-06
 9.36231e-07
 7.89300e-07
 6.72948e-07
 5.79589e-07
 5.03751e-07
 4.41441e-07
 3.89707e-07
 3.46342e-07
 3.09674e-07
 2.78417e-07
 2.51578e-07
 2.28374e-07
 2.08188e-07
 1.90525e-07
 1.74988e-07
 1.61253e-07
 1.49055e-07
 1.38175e-07
 1.28432e-07
 9.57242e-07
 8.17670e-07
 7.03283e-07
 6.09271e-07
 5.31585e-07
 4.66961e-07
 4.12821e-07
 3.67141e-07
 3.28330e-07
 2.95134e-07
 2.66561e-07
 2.41817e-07
 2.20270e-07
 2.01405e-07
 1.84807e-07
 1.70134e-07
 1.57107e-07
 1.45492e-07
 1.35097e-07
 1.25759e-07
 8.04966e-07
 7.05199e-07
 6.19057e-07
 5.45312e-07
 4.82354e-07
 4.28578e-07
 3.82534e-07
 3.42972e-07
 3.08842e-07
 2.79266e-07
 2.53524e-07
 2.31017e-07
 2.11252e-07
 1.93821e-07
 1.78386e-07
 1.64664e-07
 1.52418e-07
 1.41452e-07
 1.31597e-07
 1.22713e-07
 6.72055e-07
 6.03080e-07
 5.40089e-07
 4.83742e-07
 4.33915e-07
 3.90116e-07
 3.51713e-07
 3.18053e-07
 2.88522e-07
 2.62562e-07
 2.39685e-07
 2.19469e-07
 2.01549e-07
 1.85616e-07
 1.71405e-07
 1.58690e-07
 1.47280e-07
 1.37009e-07
 1.27737e-07
 1.19344e-07
 5.59355e-07
 5.13194e-07
 4.68374e-07
 4.26341e-07
 3.87745e-07
 3.52759e-07
 3.21292e-07
 2.93117e-07
 2.67944e-07
 2.45470e-07
 2.25398e-07
 2.07452e-07
 1.91383e-07
 1.76966e-07
 1.64006e-07
 1.52329e-07
 1.41784e-07
 1.32239e-07
 1.23579e-07
 1.15704e-07
 4.65537e-07
 4.35754e-07
 4.04738e-07
 3.74099e-07
 3.44798e-07
 3.17351e-07
 2.91987e-07
 2.68753e-07
 2.47590e-07
 2.28381e-07
 2.10977e-07
 1.95221e-07
 1.80958e-07
 1.68039e-07
 1.56325e-07
 1.45690e-07
 1.36021e-07
 1.27216e-07
 1.19184e-07
 1.11844e-07
