scalar
part
         1
quad4
 5.78258e-07
 5.31282e-07
 4.85296e-07
 4.41873e-07
 4.01792e-07
 3.65328e-07
 3.32454e-07
 3.02978e-07
 2.76627e-07
 2.53099e-07
 2.32093e-07
 2.13324e-07
 1.96531e-07
 1.81481e-07
 1.67966e-07
 1.55804e-07
 1.44833e-07
 1.34916e-07
 1.25929e-07
 1.17768e-07
 6.82521e-07
 6.15086e-07
 5.52391e-07
 4.95584e-07
 4.44892e-07
 4.00053e-07
 3.60572e-07
 3.25873e-07
 2.95379e-07
 2.68548e-07
 2.44897e-07
 2.23996e-07
 2.05477e-07
 1.89020e-07
 1.74352e-07
 1.61240e-07
 1.49482e-07
 1.38910e-07
 1.29375e-07
 1.20752e-07
 8.05074e-07
 7.10008e-07
 6.25990e-07
 5.52897e-07
 4.89803e-07
 4.35502e-07
 3.88771e-07
 3.48482e-07
 3.13646e-07
 2.83420e-07
 2.57092e-07
 2.34066e-07
 2.13846e-07
 1.96019e-07
 1.80239e-07
 1.66219e-07
 1.53715e-07
 1.42526e-07
 1.32479e-07
 1.23428e-07
 9.45725e-07
 8.14560e-07
 7.04303e-07
 6.12136e-07
 5.35099e-07
 4.70519e-07
 4.16133e-07
 3.70084e-07
 3.30868e-07
 2.97275e-07
 2.68335e-07
 2.43262e-07
 2.21425e-07
 2.02308e-07
 1.85492e-07
 1.70633e-07
 1.57446e-07
 1.45695e-07
 1.35184e-07
 1.25748e-07
 1.10111e-06
 9.25041e-07
 7.84115e-07
 6.70741e-07
 5.78819e-07
 5.03624e-07
 4.41549e-07
 3.89846e-07
 3.46415e-07
 3.09638e-07
 2.78262e-07
 2.51306e-07
 2.27997e-07
 2.07719e-07
 1.89979e-07
 1.74377e-07
 1.60589e-07
 1.48349e-07
 1.37437e-07
 1.27669e-07
 1.26288e-06
 1.03485e-06
 8.60589e-07
 7.25264e-07
 6.18520e-07
 5.33082e-07
 4.63777e-07
 4.06872e-07
 3.59633e-07
 3.20025e-07
 2.86513e-07
 2.57926e-07
 2.33356e-07
 2.12093e-07
 1.93575e-07
 1.77354e-07
 1.63070e-07
 1.50428e-07
 1.39188e-07
 1.29152e-07
 1.41642e-06
 1.13438e-06
 9.27471e-07
 7.71603e-07
 6.51474e-07
 5.57047e-07
 4.81547e-07
 4.20272e-07
 3.69889e-07
 3.27978e-07
 2.92754e-07
 2.62873e-07
 2.37315e-07
 2.15288e-07
 1.96173e-07
 1.79481e-07
 1.64822e-07
 1.51880e-07
 1.40397e-07
 1.30163e-07
 1.54160e-06
 1.21202e-06
 9.77863e-07
 8.05529e-07
 6.75006e-07
 5.73782e-07
 4.93698e-07
 4.29256e-07
 3.76633e-07
 3.33109e-07
 2.96702e-07
 2.65943e-07
 2.39722e-07
 2.17189e-07
 1.97685e-07
 1.80691e-07
 1.65794e-07
 1.52664e-07
 1.41032e-07
 1.30678e-07
 1.61716e-06
 1.25663e-06
 1.00558e-06
 8.23433e-07
 6.86923e-07
 5.81901e-07
 4.99334e-07
 4.33223e-07
 3.79456e-07
 3.35131e-07
 2.98156e-07
 2.66988e-07
 2.40470e-07
 2.17719e-07
 1.98054e-07
 1.80939e-07
 1.65952e-07
 1.52755e-07
 1.41072e-07
 1.30680e-07
 1.62795e-06
 1.26082e-06
 1.00672e-06
 8.23116e-07
 6.85924e-07
 5.80609e-07
 4.97948e-07
 4.31846e-07
 3.78139e-07
 3.33897e-07
 2.97014e-07
 2.65938e-07
 2.39508e-07
 2.16840e-07
 1.97250e-07
 1.80205e-07
 1.65281e-07
 1.52140e-07
 1.40508e-07
 1.30163e-07
 1.57129e-06
 1.22340e-06
 9.80711e-07
 8.04303e-07
 6.71876e-07
 5.69841e-07
 4.89513e-07
 4.25115e-07
 3.72681e-07
 3.29411e-07
 2.93281e-07
 2.62799e-07
 2.36844e-07
 2.14558e-07
 1.95282e-07
 1.78495e-07
 1.63786e-07
 1.50825e-07
 1.39346e-07
 1.29131e-07
 1.45766e-06
 1.14968e-06
 9.30475e-07
 7.68706e-07
 6.45834e-07
 5.50277e-07
 4.74481e-07
 4.13341e-07
 3.63303e-07
 3.21831e-07
 2.87076e-07
 2.57660e-07
 2.32543e-07
 2.10927e-07
 1.92189e-07
 1.75841e-07
 1.61493e-07
 1.48831e-07
 1.37602e-07
 1.27597e-07
 1.30572e-06
 1.04950e-06
 8.61543e-07
 7.19603e-07
 6.09832e-07
 5.23226e-07
 4.53724e-07
 3.97120e-07
 3.50422e-07
 3.11458e-07
 2.78615e-07
 2.50682e-07
 2.26729e-07
 2.06038e-07
 1.88044e-07
 1.72300e-07
 1.58446e-07
 1.46193e-07
 1.35304e-07
 1.25585e-07
 1.13587e-06
 9.34322e-07
 7.80678e-07
 6.61147e-07
 5.66509e-07
 4.90419e-07
 4.28407e-07
 3.77256e-07
 3.34606e-07
 2.98698e-07
 2.68199e-07
 2.42087e-07
 2.19569e-07
 2.00020e-07
 1.82946e-07
 1.67948e-07
 1.54707e-07
 1.42961e-07
 1.32493e-07
 1.23127e-07
 9.65464e-07
 8.14773e-07
 6.94539e-07
 5.97621e-07
 5.18688e-07
 4.53759e-07
 3.99843e-07
 3.54673e-07
 3.16516e-07
 2.84033e-07
 2.56182e-07
 2.32143e-07
 2.11265e-07
 1.93029e-07
 1.77015e-07
 1.62883e-07
 1.50352e-07
 1.39193e-07
 1.29217e-07
 1.20262e-07
 8.06652e-07
 6.99128e-07
 6.08741e-07
 5.32856e-07
 4.69015e-07
 4.15100e-07
 3.69348e-07
 3.30318e-07
 2.96843e-07
 2.67975e-07
 2.42948e-07
 2.21139e-07
 2.02041e-07
 1.85238e-07
 1.70389e-07
 1.57209e-07
 1.45465e-07
 1.34960e-07
 1.25531e-07
 1.17037e-07
 6.66173e-07
 5.92813e-07
 5.27388e-07
 4.69886e-07
 4.19714e-07
 3.76071e-07
 3.38122e-07
 3.05084e-07
 2.76256e-07
 2.51030e-07
 2.28884e-07
 2.09375e-07
 1.92129e-07
 1.76829e-07
 1.63209e-07
 1.51042e-07
 1.40139e-07
 1.30336e-07
 1.21495e-07
 1.13499e-07
 5.46380e-07
 4.98635e-07
 4.53036e-07
 4.10827e-07
 3.72468e-07
 3.37986e-07
 3.07182e-07
 2.79753e-07
 2.55361e-07
 2.33668e-07
 2.14356e-07
 1.97137e-07
 1.81754e-07
 1.67981e-07
 1.55620e-07
 1.44498e-07
 1.34467e-07
 1.25396e-07
 1.17173e-07
 1.09702e-07
 4.46733e-07
 4.17403e-07
 3.86920e-07
 3.56942e-07
 3.28409e-07
 3.01803e-07
 2.77316e-07
 2.54965e-07
 2.34671e-07
 2.16298e-07
 1.99692e-07
 1.84689e-07
 1.71130e-07
 1.58866e-07
 1.47761e-07
 1.37690e-07
 1.28542e-07
 1.20218e-07
 1.12629e-07
 1.05697e-07
 3.65153e-07
 3.48623e-07
 3.29297e-07
 3.08793e-07
 2.88185e-07
 2.68150e-07
 2.49086e-07
 2.31205e-07
 2.14594e-07
 1.99263e-07
 1.85175e-07
 1.72263e-07
 1.60447e-07
 1.49642e-07
 1.39763e-07
 1.30726e-07
 1.22454e-07
 1.14875e-07
 1.07923e-07
 1.01537e-07
