scalar
part
         1
quad4
 5.84538e-07
 5.38432e-07
 4.92998e-07
 4.49866e-07
 4.09874e-07
 3.73348e-07
 3.40305e-07
 3.10588e-07
 2.83950e-07
 2.60108e-07
 2.38776e-07
 2.19680e-07
 2.02565e-07
 1.87203e-07
 1.73388e-07
 1.60939e-07
 1.49698e-07
 1.39524e-07
 1.30297e-07
 1.21910e-07
 6.91645e-07
 6.24929e-07
 5.62574e-07
 5.05817e-07
 4.54968e-07
 4.09830e-07
 3.69962e-07
 3.34827e-07
 3.03872e-07
 2.76578e-07
 2.52470e-07
 2.31129e-07
 2.12191e-07
 1.95338e-07
 1.80298e-07
 1.66837e-07
 1.54756e-07
 1.43881e-07
 1.34066e-07
 1.25183e-07
 8.18089e-07
 7.23399e-07
 6.39329e-07
 5.65891e-07
 5.02268e-07
 4.47335e-07
 3.99923e-07
 3.58944e-07
 3.23433e-07
 2.92560e-07
 2.65621e-07
 2.42025e-07
 2.21276e-07
 2.02959e-07
 1.86728e-07
 1.72293e-07
 1.59408e-07
 1.47868e-07
 1.37497e-07
 1.28149e-07
 9.64071e-07
 8.32603e-07
 7.21622e-07
 6.28495e-07
 5.50391e-07
 4.84720e-07
 4.29272e-07
 3.82215e-07
 3.42062e-07
 3.07607e-07
 2.77878e-07
 2.52087e-07
 2.29598e-07
 2.09890e-07
 1.92537e-07
 1.77191e-07
 1.63562e-07
 1.51409e-07
 1.40531e-07
 1.30760e-07
 1.12673e-06
 9.49121e-07
 8.06379e-07
 6.91129e-07
 5.97390e-07
 5.20502e-07
 4.56883e-07
 4.03789e-07
 3.59112e-07
 3.21225e-07
 2.88860e-07
 2.61024e-07
 2.36930e-07
 2.15952e-07
 1.97584e-07
 1.81421e-07
 1.67128e-07
 1.54432e-07
 1.43109e-07
 1.32968e-07
 1.29832e-06
 1.06662e-06
 8.88855e-07
 7.50352e-07
 6.40798e-07
 5.52908e-07
 4.81476e-07
 4.22731e-07
 3.73897e-07
 3.32904e-07
 2.98187e-07
 2.68546e-07
 2.43051e-07
 2.20974e-07
 2.01736e-07
 1.84877e-07
 1.70024e-07
 1.56873e-07
 1.45177e-07
 1.34730e-07
 1.46471e-06
 1.17560e-06
 9.62757e-07
 8.01980e-07
 6.77796e-07
 5.80011e-07
 5.01715e-07
 4.38099e-07
 3.85741e-07
 3.42154e-07
 3.05496e-07
 2.74383e-07
 2.47758e-07
 2.24801e-07
 2.04874e-07
 1.87468e-07
 1.72177e-07
 1.58673e-07
 1.46690e-07
 1.36009e-07
 1.60585e-06
 1.26422e-06
 1.02093e-06
 8.41563e-07
 7.05538e-07
 5.99943e-07
 5.16342e-07
 4.49031e-07
 3.94041e-07
 3.48544e-07
 3.10476e-07
 2.78306e-07
 2.50879e-07
 2.27306e-07
 2.06899e-07
 1.89117e-07
 1.73528e-07
 1.59786e-07
 1.47612e-07
 1.36776e-07
 1.69940e-06
 1.32056e-06
 1.05665e-06
 8.65118e-07
 7.21573e-07
 6.11145e-07
 5.24336e-07
 4.54839e-07
 3.98324e-07
 3.51743e-07
 3.12891e-07
 2.80145e-07
 2.52289e-07
 2.28393e-07
 2.07741e-07
 1.89770e-07
 1.74036e-07
 1.60181e-07
 1.47917e-07
 1.37011e-07
 1.72772e-06
 1.33581e-06
 1.06516e-06
 8.69944e-07
 7.24290e-07
 6.12617e-07
 5.25058e-07
 4.55102e-07
 3.98307e-07
 3.51556e-07
 3.12603e-07
 2.79801e-07
 2.51917e-07
 2.28012e-07
 2.07361e-07
 1.89400e-07
 1.73678e-07
 1.59839e-07
 1.47593e-07
 1.36704e-07
 1.68465e-06
 1.30706e-06
 1.04499e-06
 8.55235e-07
 7.13232e-07
 6.04092e-07
 5.18345e-07
 4.49722e-07
 3.93928e-07
 3.47944e-07
 3.09589e-07
 2.77259e-07
 2.49754e-07
 2.26156e-07
 2.05757e-07
 1.88003e-07
 1.72455e-07
 1.58762e-07
 1.46639e-07
 1.35855e-07
 1.57780e-06
 1.23819e-06
 9.98283e-07
 8.22271e-07
 6.89196e-07
 5.86086e-07
 5.04546e-07
 4.38938e-07
 3.85358e-07
 3.41030e-07
 3.03939e-07
 2.72589e-07
 2.45852e-07
 2.22865e-07
 2.02959e-07
 1.85605e-07
 1.70386e-07
 1.56965e-07
 1.45069e-07
 1.34477e-07
 1.42499e-06
 1.13849e-06
 9.30242e-07
 7.74115e-07
 6.54074e-07
 5.59816e-07
 4.84468e-07
 4.23302e-07
 3.72981e-07
 3.31091e-07
 2.95855e-07
 2.65937e-07
 2.40323e-07
 2.18227e-07
 1.99034e-07
 1.82259e-07
 1.67513e-07
 1.54481e-07
 1.42910e-07
 1.32589e-07
 1.24792e-06
 1.01990e-06
 8.47774e-07
 7.14958e-07
 6.10509e-07
 5.27001e-07
 4.59262e-07
 4.03606e-07
 3.57355e-07
 3.18525e-07
 2.85627e-07
 2.57522e-07
 2.33330e-07
 2.12364e-07
 1.94078e-07
 1.78038e-07
 1.63893e-07
 1.51358e-07
 1.40199e-07
 1.30223e-07
 1.06639e-06
 8.94122e-07
 7.58059e-07
 6.49339e-07
 5.61452e-07
 4.89613e-07
 4.30276e-07
 3.80789e-07
 3.39148e-07
 3.03818e-07
 2.73613e-07
 2.47609e-07
 2.25075e-07
 2.05431e-07
 1.88211e-07
 1.73038e-07
 1.59603e-07
 1.47655e-07
 1.36984e-07
 1.27417e-07
 8.94929e-07
 7.70707e-07
 6.67395e-07
 5.81469e-07
 5.09764e-07
 4.49627e-07
 3.98899e-07
 3.55846e-07
 3.19082e-07
 2.87499e-07
 2.60209e-07
 2.36497e-07
 2.15786e-07
 1.97606e-07
 1.81571e-07
 1.67365e-07
 1.54728e-07
 1.43440e-07
 1.33321e-07
 1.24218e-07
 7.41977e-07
 6.56150e-07
 5.80539e-07
 5.14777e-07
 4.57913e-07
 4.08829e-07
 3.66432e-07
 3.29731e-07
 2.97865e-07
 2.70101e-07
 2.45818e-07
 2.24497e-07
 2.05703e-07
 1.89074e-07
 1.74304e-07
 1.61139e-07
 1.49361e-07
 1.38790e-07
 1.29272e-07
 1.20674e-07
 6.10825e-07
 5.53988e-07
 5.00561e-07
 4.51729e-07
 4.07814e-07
 3.68684e-07
 3.33990e-07
 3.03296e-07
 2.76152e-07
 2.52127e-07
 2.30829e-07
 2.11911e-07
 1.95065e-07
 1.80025e-07
 1.66563e-07
 1.54478e-07
 1.43601e-07
 1.33784e-07
 1.24900e-07
 1.16840e-07
 5.01307e-07
 4.65438e-07
 4.29042e-07
 3.93851e-07
 3.60793e-07
 3.30291e-07
 3.02464e-07
 2.77252e-07
 2.54504e-07
 2.34023e-07
 2.15599e-07
 1.99023e-07
 1.84097e-07
 1.70641e-07
 1.58492e-07
 1.47503e-07
 1.37544e-07
 1.28501e-07
 1.20273e-07
 1.12770e-07
 4.11376e-07
 3.90183e-07
 3.66438e-07
 3.41884e-07
 3.17642e-07
 2.94389e-07
 2.72499e-07
 2.52146e-07
 2.33379e-07
 2.16166e-07
 2.00434e-07
 1.86083e-07
 1.73006e-07
 1.61091e-07
 1.50231e-07
 1.40327e-07
 1.31285e-07
 1.23019e-07
 1.15454e-07
 1.08519e-07
