scalar
part
         1
quad4
 6.35725e-07
 5.81848e-07
 5.29620e-07
 4.80676e-07
 4.35784e-07
 3.95163e-07
 3.58715e-07
 3.26171e-07
 2.97186e-07
 2.71394e-07
 2.48437e-07
 2.27983e-07
 2.09729e-07
 1.93407e-07
 1.78781e-07
 1.65645e-07
 1.53818e-07
 1.43143e-07
 1.33486e-07
 1.24727e-07
 7.48504e-07
 6.71953e-07
 6.01325e-07
 5.37735e-07
 4.81303e-07
 4.31627e-07
 3.88077e-07
 3.49951e-07
 3.16561e-07
 2.87277e-07
 2.61536e-07
 2.38849e-07
 2.18794e-07
 2.01012e-07
 1.85194e-07
 1.71079e-07
 1.58444e-07
 1.47100e-07
 1.36885e-07
 1.27659e-07
 8.80643e-07
 7.73602e-07
 6.79600e-07
 5.98279e-07
 5.28433e-07
 4.68592e-07
 4.17300e-07
 3.73241e-07
 3.35271e-07
 3.02423e-07
 2.73888e-07
 2.48994e-07
 2.27182e-07
 2.07989e-07
 1.91033e-07
 1.75993e-07
 1.62601e-07
 1.50634e-07
 1.39902e-07
 1.30247e-07
 1.03166e-06
 8.84959e-07
 7.62348e-07
 6.60388e-07
 5.75567e-07
 5.04766e-07
 4.45370e-07
 3.95252e-07
 3.52704e-07
 3.16360e-07
 2.85127e-07
 2.58131e-07
 2.34666e-07
 2.14163e-07
 1.96159e-07
 1.80274e-07
 1.66197e-07
 1.53670e-07
 1.42479e-07
 1.32443e-07
 1.19747e-06
 1.00172e-06
 8.45897e-07
 7.21179e-07
 6.20522e-07
 5.38521e-07
 4.71076e-07
 4.15085e-07
 3.68188e-07
 3.28580e-07
 2.94868e-07
 2.65966e-07
 2.41021e-07
 2.19357e-07
 2.00433e-07
 1.83815e-07
 1.69147e-07
 1.56142e-07
 1.44560e-07
 1.34203e-07
 1.36842e-06
 1.11636e-06
 9.24818e-07
 7.76829e-07
 6.60619e-07
 5.67974e-07
 4.93083e-07
 4.31781e-07
 3.81028e-07
 3.38576e-07
 3.02734e-07
 2.72217e-07
 2.46033e-07
 2.23407e-07
 2.03731e-07
 1.86517e-07
 1.71375e-07
 1.57988e-07
 1.46097e-07
 1.35489e-07
 1.52787e-06
 1.21812e-06
 9.92195e-07
 8.22862e-07
 6.92918e-07
 5.91157e-07
 5.10052e-07
 4.44412e-07
 3.90570e-07
 3.45877e-07
 3.08385e-07
 2.76633e-07
 2.49515e-07
 2.26174e-07
 2.05943e-07
 1.88297e-07
 1.72814e-07
 1.59157e-07
 1.47050e-07
 1.36268e-07
 1.65329e-06
 1.29421e-06
 1.04056e-06
 8.54766e-07
 7.14603e-07
 6.06262e-07
 5.20789e-07
 4.52174e-07
 3.96259e-07
 3.50095e-07
 3.11541e-07
 2.79013e-07
 2.51318e-07
 2.27545e-07
 2.06988e-07
 1.89092e-07
 1.73418e-07
 1.59612e-07
 1.47390e-07
 1.36517e-07
 1.72152e-06
 1.33279e-06
 1.06347e-06
 8.68851e-07
 7.23468e-07
 6.11920e-07
 5.24417e-07
 4.54488e-07
 3.97707e-07
 3.50963e-07
 3.12017e-07
 2.79223e-07
 2.51347e-07
 2.27452e-07
 2.06813e-07
 1.88864e-07
 1.73156e-07
 1.59331e-07
 1.47099e-07
 1.36224e-07
 1.71731e-06
 1.32667e-06
 1.05725e-06
 8.63104e-07
 7.18356e-07
 6.07439e-07
 5.20512e-07
 4.51085e-07
 3.94737e-07
 3.48363e-07
 3.09734e-07
 2.77210e-07
 2.49565e-07
 2.25869e-07
 2.05401e-07
 1.87600e-07
 1.72020e-07
 1.58307e-07
 1.46173e-07
 1.35384e-07
 1.64031e-06
 1.27595e-06
 1.02207e-06
 8.37707e-07
 6.99421e-07
 5.92946e-07
 5.09171e-07
 4.42045e-07
 3.87414e-07
 3.42349e-07
 3.04733e-07
 2.73007e-07
 2.46000e-07
 2.22818e-07
 2.02770e-07
 1.85315e-07
 1.70024e-07
 1.56552e-07
 1.44622e-07
 1.34007e-07
 1.50491e-06
 1.18791e-06
 9.61931e-07
 7.94993e-07
 6.68101e-07
 5.69363e-07
 4.91011e-07
 4.27789e-07
 3.76036e-07
 3.33134e-07
 2.97174e-07
 2.66735e-07
 2.40742e-07
 2.18369e-07
 1.98975e-07
 1.82053e-07
 1.67201e-07
 1.54094e-07
 1.42469e-07
 1.32111e-07
 1.33341e-06
 1.07427e-06
 8.83432e-07
 7.38879e-07
 6.26825e-07
 5.38256e-07
 4.67074e-07
 4.09032e-07
 3.61102e-07
 3.21077e-07
 2.87317e-07
 2.58586e-07
 2.33937e-07
 2.12635e-07
 1.94103e-07
 1.77882e-07
 1.63605e-07
 1.50975e-07
 1.39747e-07
 1.29723e-07
 1.14812e-06
 9.47765e-07
 7.94121e-07
 6.74020e-07
 5.78565e-07
 5.01580e-07
 4.38680e-07
 3.86687e-07
 3.43260e-07
 3.06644e-07
 2.75504e-07
 2.48816e-07
 2.25778e-07
 2.05763e-07
 1.88268e-07
 1.72892e-07
 1.59309e-07
 1.47252e-07
 1.36504e-07
 1.26882e-07
 9.66707e-07
 8.19453e-07
 7.01057e-07
 6.05009e-07
 5.26372e-07
 4.61405e-07
 4.07263e-07
 3.61767e-07
 3.23237e-07
 2.90366e-07
 2.62130e-07
 2.37721e-07
 2.16492e-07
 1.97927e-07
 1.81606e-07
 1.67189e-07
 1.54395e-07
 1.42994e-07
 1.32793e-07
 1.23632e-07
 8.00646e-07
 6.97483e-07
 6.09913e-07
 5.35791e-07
 4.73008e-07
 4.19685e-07
 3.74222e-07
 3.35285e-07
 3.01776e-07
 2.72796e-07
 2.47611e-07
 2.25617e-07
 2.06321e-07
 1.89315e-07
 1.74265e-07
 1.60891e-07
 1.48959e-07
 1.38276e-07
 1.28677e-07
 1.20024e-07
 6.55730e-07
 5.86868e-07
 5.24641e-07
 4.69365e-07
 4.20714e-07
 3.78087e-07
 3.40799e-07
 3.08171e-07
 2.79580e-07
 2.54469e-07
 2.32355e-07
 2.12821e-07
 1.95512e-07
 1.80124e-07
 1.66400e-07
 1.54121e-07
 1.43100e-07
 1.33178e-07
 1.24221e-07
 1.16110e-07
 5.33454e-07
 4.89939e-07
 4.47552e-07
 4.07733e-07
 3.71127e-07
 3.37913e-07
 3.08016e-07
 2.81225e-07
 2.57272e-07
 2.35871e-07
 2.16746e-07
 1.99636e-07
 1.84305e-07
 1.70543e-07
 1.58163e-07
 1.47002e-07
 1.36917e-07
 1.27783e-07
 1.19491e-07
 1.11947e-07
 4.32616e-07
 4.07076e-07
 3.79619e-07
 3.52006e-07
 3.25298e-07
 3.00083e-07
 2.76646e-07
 2.55080e-07
 2.35367e-07
 2.17420e-07
 2.01120e-07
 1.86332e-07
 1.72920e-07
 1.60751e-07
 1.49701e-07
 1.39655e-07
 1.30510e-07
 1.22171e-07
 1.14557e-07
 1.07591e-07
 3.50668e-07
 3.37448e-07
 3.20867e-07
 3.02598e-07
 2.83783e-07
 2.65168e-07
 2.47219e-07
 2.30207e-07
 2.14269e-07
 1.99455e-07
 1.85761e-07
 1.73146e-07
 1.61552e-07
 1.50910e-07
 1.41147e-07
 1.32190e-07
 1.23970e-07
 1.16421e-07
 1.09481e-07
 1.03096e-07
