scalar
part
         1
quad4
 6.17567e-07
 5.65972e-07
 5.15787e-07
 4.68635e-07
 4.25295e-07
 3.86008e-07
 3.50702e-07
 3.19133e-07
 2.90981e-07
 2.65903e-07
 2.43558e-07
 2.23630e-07
 2.05831e-07
 1.89903e-07
 1.75620e-07
 1.62783e-07
 1.51218e-07
 1.40774e-07
 1.31320e-07
 1.22742e-07
 7.28011e-07
 6.54392e-07
 5.86297e-07
 5.24860e-07
 4.70242e-07
 4.22089e-07
 3.79814e-07
 3.42758e-07
 3.10269e-07
 2.81744e-07
 2.56648e-07
 2.34509e-07
 2.14924e-07
 1.97546e-07
 1.82076e-07
 1.68264e-07
 1.55893e-07
 1.44780e-07
 1.34767e-07
 1.25720e-07
 8.57611e-07
 7.54316e-07
 6.63424e-07
 5.84657e-07
 5.16900e-07
 4.58767e-07
 4.08878e-07
 3.65973e-07
 3.28960e-07
 2.96909e-07
 2.69042e-07
 2.44711e-07
 2.23376e-07
 2.04592e-07
 1.87986e-07
 1.73248e-07
 1.60118e-07
 1.48379e-07
 1.37847e-07
 1.28368e-07
 1.00600e-06
 8.64030e-07
 7.45173e-07
 6.46183e-07
 5.63719e-07
 4.94796e-07
 4.36908e-07
 3.88011e-07
 3.46459e-07
 3.10934e-07
 2.80380e-07
 2.53951e-07
 2.30965e-07
 2.10867e-07
 1.93209e-07
 1.77622e-07
 1.63802e-07
 1.51498e-07
 1.40501e-07
 1.30636e-07
 1.16935e-06
 9.79421e-07
 8.28016e-07
 7.06658e-07
 6.08584e-07
 5.28591e-07
 4.62725e-07
 4.07990e-07
 3.62105e-07
 3.23320e-07
 2.90284e-07
 2.61942e-07
 2.37466e-07
 2.16197e-07
 1.97610e-07
 1.81279e-07
 1.66859e-07
 1.54068e-07
 1.42673e-07
 1.32480e-07
 1.33839e-06
 1.09326e-06
 9.06704e-07
 7.62369e-07
 6.48886e-07
 5.58311e-07
 4.85019e-07
 4.24971e-07
 3.75215e-07
 3.33566e-07
 2.98379e-07
 2.68402e-07
 2.42667e-07
 2.20419e-07
 2.01062e-07
 1.84121e-07
 1.69213e-07
 1.56029e-07
 1.44315e-07
 1.33861e-07
 1.49710e-06
 1.19511e-06
 9.74512e-07
 8.08947e-07
 6.81743e-07
 5.82021e-07
 5.02467e-07
 4.38030e-07
 3.85137e-07
 3.41203e-07
 3.04326e-07
 2.73080e-07
 2.46380e-07
 2.23391e-07
 2.03457e-07
 1.86064e-07
 1.70799e-07
 1.57329e-07
 1.45385e-07
 1.34746e-07
 1.62363e-06
 1.27252e-06
 1.02413e-06
 8.41954e-07
 7.04371e-07
 5.97926e-07
 5.13881e-07
 4.46365e-07
 3.91314e-07
 3.45839e-07
 3.07842e-07
 2.75770e-07
 2.48454e-07
 2.24999e-07
 2.04710e-07
 1.87043e-07
 1.71565e-07
 1.57929e-07
 1.45854e-07
 1.35112e-07
 1.69534e-06
 1.31383e-06
 1.04917e-06
 8.57704e-07
 7.14555e-07
 6.04641e-07
 5.18368e-07
 4.49385e-07
 3.93347e-07
 3.47197e-07
 3.08733e-07
 2.76335e-07
 2.48788e-07
 2.25169e-07
 2.04765e-07
 1.87016e-07
 1.71480e-07
 1.57805e-07
 1.45703e-07
 1.34943e-07
 1.69695e-06
 1.31174e-06
 1.04584e-06
 8.54103e-07
 7.11077e-07
 6.01432e-07
 5.15471e-07
 4.46796e-07
 3.91042e-07
 3.45149e-07
 3.06911e-07
 2.74711e-07
 2.47339e-07
 2.23872e-07
 2.03600e-07
 1.85968e-07
 1.70534e-07
 1.56948e-07
 1.44926e-07
 1.34235e-07
 1.62729e-06
 1.26588e-06
 1.01405e-06
 8.31165e-07
 6.93982e-07
 5.88352e-07
 5.05239e-07
 4.38641e-07
 3.84439e-07
 3.39726e-07
 3.02404e-07
 2.70924e-07
 2.44126e-07
 2.21124e-07
 2.01231e-07
 1.83910e-07
 1.68736e-07
 1.55368e-07
 1.43529e-07
 1.32995e-07
 1.49942e-06
 1.18286e-06
 9.57423e-07
 7.91002e-07
 6.64572e-07
 5.66236e-07
 4.88230e-07
 4.25305e-07
 3.73806e-07
 3.31124e-07
 2.95354e-07
 2.65081e-07
 2.39232e-07
 2.16987e-07
 1.97704e-07
 1.80882e-07
 1.66117e-07
 1.53089e-07
 1.41534e-07
 1.31240e-07
 1.33438e-06
 1.07375e-06
 8.82188e-07
 7.37311e-07
 6.25138e-07
 5.36560e-07
 4.65425e-07
 4.07458e-07
 3.59615e-07
 3.19679e-07
 2.86008e-07
 2.57363e-07
 2.32794e-07
 2.11567e-07
 1.93104e-07
 1.76947e-07
 1.62728e-07
 1.50151e-07
 1.38973e-07
 1.28995e-07
 1.15387e-06
 9.50858e-07
 7.95633e-07
 6.74577e-07
 5.78541e-07
 5.01203e-07
 4.38091e-07
 3.85976e-07
 3.42484e-07
 3.05838e-07
 2.74693e-07
 2.48014e-07
 2.24995e-07
 2.05004e-07
 1.87537e-07
 1.72190e-07
 1.58637e-07
 1.46610e-07
 1.35890e-07
 1.26297e-07
 9.75502e-07
 8.25130e-07
 7.04695e-07
 6.07298e-07
 5.27758e-07
 4.62181e-07
 4.07623e-07
 3.61843e-07
 3.23118e-07
 2.90114e-07
 2.61789e-07
 2.37320e-07
 2.16054e-07
 1.97467e-07
 1.81135e-07
 1.66715e-07
 1.53924e-07
 1.42529e-07
 1.32337e-07
 1.23187e-07
 8.11075e-07
 7.04805e-07
 6.15052e-07
 5.39392e-07
 4.75519e-07
 4.21418e-07
 3.75394e-07
 3.36050e-07
 3.02245e-07
 2.73047e-07
 2.47702e-07
 2.25590e-07
 2.06207e-07
 1.89139e-07
 1.74043e-07
 1.60635e-07
 1.48681e-07
 1.37983e-07
 1.28374e-07
 1.19715e-07
 6.66791e-07
 5.95084e-07
 5.30738e-07
 4.73890e-07
 4.24072e-07
 3.80577e-07
 3.42638e-07
 3.09520e-07
 2.80558e-07
 2.55164e-07
 2.32834e-07
 2.13134e-07
 1.95697e-07
 1.80210e-07
 1.66409e-07
 1.54071e-07
 1.43005e-07
 1.33048e-07
 1.24064e-07
 1.15933e-07
 5.44502e-07
 4.98505e-07
 4.54175e-07
 4.12850e-07
 3.75081e-07
 3.40970e-07
 3.10379e-07
 2.83049e-07
 2.58676e-07
 2.36948e-07
 2.17564e-07
 2.00251e-07
 1.84758e-07
 1.70868e-07
 1.58386e-07
 1.47144e-07
 1.36994e-07
 1.27807e-07
 1.19474e-07
 1.11896e-07
 4.43270e-07
 4.15626e-07
 3.86449e-07
 3.57452e-07
 3.29637e-07
 3.03540e-07
 2.79401e-07
 2.57277e-07
 2.37118e-07
 2.18814e-07
 2.02228e-07
 1.87210e-07
 1.73611e-07
 1.61291e-07
 1.50118e-07
 1.39971e-07
 1.30744e-07
 1.22339e-07
 1.14669e-07
 1.07657e-07
 3.60730e-07
 3.45751e-07
 3.27682e-07
 3.08173e-07
 2.88336e-07
 2.68884e-07
 2.50252e-07
 2.32683e-07
 2.16291e-07
 2.01107e-07
 1.87109e-07
 1.74247e-07
 1.62449e-07
 1.51638e-07
 1.41736e-07
 1.32664e-07
 1.24348e-07
 1.16719e-07
 1.09713e-07
 1.03272e-07
