scalar
part
         1
quad4
 4.66857e-07
 4.37293e-07
 4.06289e-07
 3.75551e-07
 3.46103e-07
 3.18494e-07
 2.92974e-07
 2.69598e-07
 2.48311e-07
 2.28995e-07
 2.11501e-07
 1.95670e-07
 1.81343e-07
 1.68371e-07
 1.56613e-07
 1.45942e-07
 1.36243e-07
 1.27412e-07
 1.19358e-07
 1.12000e-07
 5.62333e-07
 5.16053e-07
 4.70948e-07
 4.28576e-07
 3.89644e-07
 3.54354e-07
 3.22625e-07
 2.94229e-07
 2.68874e-07
 2.46250e-07
 2.26055e-07
 2.08009e-07
 1.91857e-07
 1.77374e-07
 1.64359e-07
 1.52636e-07
 1.42053e-07
 1.32476e-07
 1.23790e-07
 1.15893e-07
 6.77255e-07
 6.07589e-07
 5.43865e-07
 4.86848e-07
 4.36447e-07
 3.92175e-07
 3.53389e-07
 3.19425e-07
 2.89650e-07
 2.63496e-07
 2.40465e-07
 2.20125e-07
 2.02107e-07
 1.86093e-07
 1.71817e-07
 1.59048e-07
 1.47594e-07
 1.37286e-07
 1.27984e-07
 1.19565e-07
 8.12986e-07
 7.11642e-07
 6.24151e-07
 5.49319e-07
 4.85510e-07
 4.31076e-07
 3.84527e-07
 3.44576e-07
 3.10145e-07
 2.80337e-07
 2.54412e-07
 2.31761e-07
 2.11882e-07
 1.94359e-07
 1.78850e-07
 1.65067e-07
 1.52773e-07
 1.41765e-07
 1.31876e-07
 1.22963e-07
 9.68550e-07
 8.26175e-07
 7.09678e-07
 6.14113e-07
 5.35288e-07
 4.69828e-07
 4.15071e-07
 3.68930e-07
 3.29772e-07
 2.96311e-07
 2.67533e-07
 2.42631e-07
 2.20958e-07
 2.01993e-07
 1.85315e-07
 1.70577e-07
 1.57496e-07
 1.45837e-07
 1.35405e-07
 1.26036e-07
 1.13895e-06
 9.46608e-07
 7.96769e-07
 6.78422e-07
 5.83679e-07
 5.06865e-07
 4.43855e-07
 3.91613e-07
 3.47871e-07
 3.10919e-07
 2.79447e-07
 2.52440e-07
 2.29105e-07
 2.08814e-07
 1.91068e-07
 1.75463e-07
 1.61672e-07
 1.49428e-07
 1.38509e-07
 1.28733e-07
 1.31360e-06
 1.06534e-06
 8.80126e-07
 7.38565e-07
 6.28109e-07
 5.40369e-07
 4.69579e-07
 4.11681e-07
 3.63752e-07
 3.23648e-07
 2.89767e-07
 2.60894e-07
 2.36097e-07
 2.14648e-07
 1.95974e-07
 1.79618e-07
 1.65216e-07
 1.52468e-07
 1.41133e-07
 1.31010e-07
 1.47592e-06
 1.17206e-06
 9.53196e-07
 7.90289e-07
 6.65754e-07
 5.68423e-07
 4.90917e-07
 4.28201e-07
 3.76744e-07
 3.34008e-07
 2.98132e-07
 2.67724e-07
 2.41730e-07
 2.19336e-07
 1.99909e-07
 1.82947e-07
 1.68050e-07
 1.54898e-07
 1.43229e-07
 1.32828e-07
 1.60545e-06
 1.25513e-06
 1.00907e-06
 8.29320e-07
 6.93884e-07
 5.89230e-07
 5.06653e-07
 4.40333e-07
 3.86255e-07
 3.41575e-07
 3.04231e-07
 2.72698e-07
 2.45830e-07
 2.22748e-07
 2.02772e-07
 1.85369e-07
 1.70114e-07
 1.56669e-07
 1.44757e-07
 1.34154e-07
 1.68250e-06
 1.30402e-06
 1.04175e-06
 8.52084e-07
 7.10270e-07
 6.01355e-07
 5.15836e-07
 4.47427e-07
 3.91831e-07
 3.46025e-07
 3.07830e-07
 2.75644e-07
 2.48267e-07
 2.24783e-07
 2.04487e-07
 1.86826e-07
 1.71361e-07
 1.57743e-07
 1.45688e-07
 1.34965e-07
 1.69413e-06
 1.31205e-06
 1.04754e-06
 8.56398e-07
 7.13574e-07
 6.03942e-07
 5.17900e-07
 4.49100e-07
 3.93207e-07
 3.47169e-07
 3.08793e-07
 2.76462e-07
 2.48967e-07
 2.25387e-07
 2.05012e-07
 1.87284e-07
 1.71764e-07
 1.58099e-07
 1.46004e-07
 1.35248e-07
 1.63859e-06
 1.27828e-06
 1.02589e-06
 8.41934e-07
 7.03584e-07
 5.96851e-07
 5.12749e-07
 4.45286e-07
 3.90333e-07
 3.44972e-07
 3.07091e-07
 2.75129e-07
 2.47913e-07
 2.24546e-07
 2.04335e-07
 1.86736e-07
 1.71317e-07
 1.57733e-07
 1.45702e-07
 1.34998e-07
 1.52606e-06
 1.20785e-06
 9.79586e-07
 8.10288e-07
 6.81260e-07
 5.80681e-07
 5.00770e-07
 4.36238e-07
 3.83383e-07
 3.39554e-07
 3.02812e-07
 2.71709e-07
 2.45150e-07
 2.22293e-07
 2.02482e-07
 1.85200e-07
 1.70035e-07
 1.56655e-07
 1.44791e-07
 1.34223e-07
 1.37510e-06
 1.11042e-06
 9.14020e-07
 7.64627e-07
 6.48542e-07
 5.56663e-07
 4.82769e-07
 4.22500e-07
 3.72731e-07
 3.31178e-07
 2.96141e-07
 2.66337e-07
 2.40779e-07
 2.18704e-07
 1.99511e-07
 1.82720e-07
 1.67951e-07
 1.54892e-07
 1.43291e-07
 1.32939e-07
 1.20647e-06
 9.97542e-07
 8.35916e-07
 7.09036e-07
 6.08002e-07
 5.26469e-07
 4.59861e-07
 4.04834e-07
 3.58908e-07
 3.20221e-07
 2.87354e-07
 2.59215e-07
 2.34951e-07
 2.13893e-07
 1.95507e-07
 1.79364e-07
 1.65118e-07
 1.52486e-07
 1.41235e-07
 1.31173e-07
 1.03781e-06
 8.79949e-07
 7.51959e-07
 6.47784e-07
 5.62434e-07
 4.91969e-07
 4.33326e-07
 3.84133e-07
 3.42549e-07
 3.07142e-07
 2.76786e-07
 2.50592e-07
 2.27853e-07
 2.08002e-07
 1.90580e-07
 1.75216e-07
 1.61602e-07
 1.49489e-07
 1.38666e-07
 1.28959e-07
 8.80986e-07
 7.65896e-07
 6.67777e-07
 5.84706e-07
 5.14476e-07
 4.55002e-07
 4.04463e-07
 3.61327e-07
 3.24330e-07
 2.92438e-07
 2.64806e-07
 2.40747e-07
 2.19697e-07
 2.01194e-07
 1.84859e-07
 1.70376e-07
 1.57483e-07
 1.45964e-07
 1.35633e-07
 1.26337e-07
 7.42112e-07
 6.60650e-07
 5.87449e-07
 5.22843e-07
 4.66362e-07
 4.17203e-07
 3.74473e-07
 3.37305e-07
 3.04912e-07
 2.76607e-07
 2.51794e-07
 2.29970e-07
 2.10707e-07
 1.93645e-07
 1.78479e-07
 1.64953e-07
 1.52848e-07
 1.41980e-07
 1.32194e-07
 1.23354e-07
 6.23029e-07
 5.66846e-07
 5.13499e-07
 4.64322e-07
 4.19792e-07
 3.79901e-07
 3.44382e-07
 3.12856e-07
 2.84905e-07
 2.60119e-07
 2.38114e-07
 2.18546e-07
 2.01108e-07
 1.85532e-07
 1.71583e-07
 1.59059e-07
 1.47786e-07
 1.37613e-07
 1.28407e-07
 1.20058e-07
 5.22974e-07
 4.85202e-07
 4.47149e-07
 4.10427e-07
 3.75931e-07
 3.44082e-07
 3.15001e-07
 2.88635e-07
 2.64831e-07
 2.43392e-07
 2.24100e-07
 2.06741e-07
 1.91112e-07
 1.77024e-07
 1.64307e-07
 1.52808e-07
 1.42390e-07
 1.32935e-07
 1.24336e-07
 1.16500e-07
