scalar
part
         1
quad4
 6.26786e-07
 5.74206e-07
 5.23105e-07
 4.75128e-07
 4.31056e-07
 3.91127e-07
 3.55261e-07
 3.23206e-07
 2.94633e-07
 2.69188e-07
 2.46524e-07
 2.26317e-07
 2.08274e-07
 1.92132e-07
 1.77659e-07
 1.64655e-07
 1.52941e-07
 1.42364e-07
 1.32792e-07
 1.24108e-07
 7.38927e-07
 6.63929e-07
 5.94611e-07
 5.32113e-07
 4.76585e-07
 4.27655e-07
 3.84721e-07
 3.47102e-07
 3.14133e-07
 2.85197e-07
 2.59747e-07
 2.37304e-07
 2.17454e-07
 1.99844e-07
 1.84173e-07
 1.70183e-07
 1.57656e-07
 1.46403e-07
 1.36267e-07
 1.27109e-07
 8.70526e-07
 7.65320e-07
 6.72815e-07
 5.92703e-07
 5.23832e-07
 4.64775e-07
 4.14118e-07
 3.70572e-07
 3.33021e-07
 3.00515e-07
 2.72262e-07
 2.47600e-07
 2.25981e-07
 2.06951e-07
 1.90131e-07
 1.75206e-07
 1.61912e-07
 1.50028e-07
 1.39368e-07
 1.29774e-07
 1.02120e-06
 8.76626e-07
 7.55680e-07
 6.55021e-07
 5.71219e-07
 5.01218e-07
 4.42453e-07
 3.92837e-07
 3.50691e-07
 3.14671e-07
 2.83701e-07
 2.56919e-07
 2.33631e-07
 2.13275e-07
 1.95393e-07
 1.79611e-07
 1.65621e-07
 1.53167e-07
 1.42038e-07
 1.32055e-07
 1.18703e-06
 9.93646e-07
 8.39610e-07
 7.16234e-07
 6.16595e-07
 5.35372e-07
 4.68528e-07
 4.13004e-07
 3.66475e-07
 3.27160e-07
 2.93681e-07
 2.64968e-07
 2.40177e-07
 2.18639e-07
 1.99820e-07
 1.83289e-07
 1.68694e-07
 1.55750e-07
 1.44219e-07
 1.33907e-07
 1.35856e-06
 1.10900e-06
 9.19255e-07
 7.72565e-07
 6.57308e-07
 5.65370e-07
 4.91014e-07
 4.30118e-07
 3.79680e-07
 3.37474e-07
 3.01826e-07
 2.71464e-07
 2.45404e-07
 2.22880e-07
 2.03286e-07
 1.86140e-07
 1.71055e-07
 1.57715e-07
 1.45864e-07
 1.35289e-07
 1.51940e-06
 1.21206e-06
 9.87772e-07
 8.19573e-07
 6.90433e-07
 5.89250e-07
 5.08571e-07
 4.43249e-07
 3.89648e-07
 3.45140e-07
 3.07791e-07
 2.76152e-07
 2.49123e-07
 2.25853e-07
 2.05681e-07
 1.88081e-07
 1.72637e-07
 1.59011e-07
 1.46930e-07
 1.36170e-07
 1.64729e-06
 1.29014e-06
 1.03773e-06
 8.52756e-07
 7.13150e-07
 6.05196e-07
 5.19999e-07
 4.51584e-07
 3.95816e-07
 3.49762e-07
 3.11291e-07
 2.78827e-07
 2.51181e-07
 2.27446e-07
 2.06919e-07
 1.89046e-07
 1.73390e-07
 1.59599e-07
 1.47388e-07
 1.36525e-07
 1.71916e-06
 1.33142e-06
 1.06267e-06
 8.68392e-07
 7.23224e-07
 6.11814e-07
 5.24401e-07
 4.54529e-07
 3.97785e-07
 3.51065e-07
 3.12134e-07
 2.79348e-07
 2.51477e-07
 2.27584e-07
 2.06945e-07
 1.88993e-07
 1.73283e-07
 1.59454e-07
 1.47218e-07
 1.36340e-07
 1.71962e-06
 1.32853e-06
 1.05878e-06
 8.64385e-07
 7.19441e-07
 6.08371e-07
 5.21320e-07
 4.51793e-07
 3.95361e-07
 3.48919e-07
 3.10231e-07
 2.77657e-07
 2.49970e-07
 2.26237e-07
 2.05737e-07
 1.87908e-07
 1.72304e-07
 1.58569e-07
 1.46416e-07
 1.35610e-07
 1.64774e-06
 1.28127e-06
 1.02606e-06
 8.40792e-07
 7.01873e-07
 5.94937e-07
 5.10818e-07
 4.43427e-07
 3.88590e-07
 3.43361e-07
 3.05612e-07
 2.73778e-07
 2.46681e-07
 2.23423e-07
 2.03312e-07
 1.85803e-07
 1.70465e-07
 1.56953e-07
 1.44988e-07
 1.34342e-07
 1.51706e-06
 1.19647e-06
 9.68236e-07
 7.99797e-07
 6.71862e-07
 5.72375e-07
 4.93469e-07
 4.29827e-07
 3.77749e-07
 3.34591e-07
 2.98426e-07
 2.67821e-07
 2.41692e-07
 2.19207e-07
 1.99719e-07
 1.82717e-07
 1.67796e-07
 1.54630e-07
 1.42955e-07
 1.32553e-07
 1.34911e-06
 1.08545e-06
 8.91693e-07
 7.45177e-07
 6.31750e-07
 5.42191e-07
 4.70275e-07
 4.11677e-07
 3.63317e-07
 3.22953e-07
 2.88923e-07
 2.59974e-07
 2.35146e-07
 2.13696e-07
 1.95041e-07
 1.78716e-07
 1.64350e-07
 1.51644e-07
 1.40351e-07
 1.30271e-07
 1.16592e-06
 9.60711e-07
 8.03831e-07
 6.81493e-07
 5.84445e-07
 5.06296e-07
 4.42525e-07
 3.89868e-07
 3.45925e-07
 3.08901e-07
 2.77435e-07
 2.50482e-07
 2.27228e-07
 2.07034e-07
 1.89389e-07
 1.73887e-07
 1.60196e-07
 1.48048e-07
 1.37221e-07
 1.27531e-07
 9.85220e-07
 8.33314e-07
 7.11667e-07
 6.13296e-07
 5.32964e-07
 4.66734e-07
 4.11633e-07
 3.65397e-07
 3.26287e-07
 2.92955e-07
 2.64349e-07
 2.39637e-07
 2.18160e-07
 1.99389e-07
 1.82896e-07
 1.68333e-07
 1.55416e-07
 1.43909e-07
 1.33617e-07
 1.24377e-07
 8.18854e-07
 7.11537e-07
 6.20921e-07
 5.44542e-07
 4.80063e-07
 4.25449e-07
 3.78987e-07
 3.39269e-07
 3.05140e-07
 2.75663e-07
 2.50075e-07
 2.27751e-07
 2.08182e-07
 1.90949e-07
 1.75708e-07
 1.62171e-07
 1.50102e-07
 1.39300e-07
 1.29599e-07
 1.20857e-07
 6.72987e-07
 6.00588e-07
 5.35644e-07
 4.78277e-07
 4.28007e-07
 3.84117e-07
 3.45833e-07
 3.12413e-07
 2.83185e-07
 2.57557e-07
 2.35020e-07
 2.15137e-07
 1.97537e-07
 1.81906e-07
 1.67976e-07
 1.55522e-07
 1.44352e-07
 1.34302e-07
 1.25233e-07
 1.17026e-07
 5.49424e-07
 5.02987e-07
 4.58255e-07
 4.16567e-07
 3.78468e-07
 3.44061e-07
 3.13202e-07
 2.85633e-07
 2.61045e-07
 2.39123e-07
 2.19567e-07
 2.02098e-07
 1.86466e-07
 1.72450e-07
 1.59854e-07
 1.48509e-07
 1.38266e-07
 1.28995e-07
 1.20585e-07
 1.12937e-07
 4.47177e-07
 4.19267e-07
 3.89832e-07
 3.60588e-07
 3.32540e-07
 3.06225e-07
 2.81884e-07
 2.59573e-07
 2.39243e-07
 2.20783e-07
 2.04054e-07
 1.88905e-07
 1.75188e-07
 1.62759e-07
 1.51487e-07
 1.41251e-07
 1.31941e-07
 1.23461e-07
 1.15722e-07
 1.08647e-07
 3.63832e-07
 3.48706e-07
 3.30481e-07
 3.10812e-07
 2.90815e-07
 2.71207e-07
 2.52426e-07
 2.34715e-07
 2.18190e-07
 2.02881e-07
 1.88767e-07
 1.75797e-07
 1.63899e-07
 1.52997e-07
 1.43009e-07
 1.33859e-07
 1.25471e-07
 1.17775e-07
 1.10708e-07
 1.04210e-07
