scalar
part
         1
quad4
 5.77700e-07
 5.32553e-07
 4.87964e-07
 4.45562e-07
 4.06194e-07
 3.70196e-07
 3.37599e-07
 3.08256e-07
 2.81933e-07
 2.58358e-07
 2.37250e-07
 2.18344e-07
 2.01392e-07
 1.86167e-07
 1.72470e-07
 1.60123e-07
 1.48970e-07
 1.38873e-07
 1.29712e-07
 1.21383e-07
 6.84070e-07
 6.18557e-07
 5.57227e-07
 5.01328e-07
 4.51190e-07
 4.06640e-07
 3.67257e-07
 3.32521e-07
 3.01898e-07
 2.74878e-07
 2.50999e-07
 2.29851e-07
 2.11074e-07
 1.94357e-07
 1.79433e-07
 1.66072e-07
 1.54075e-07
 1.43274e-07
 1.33522e-07
 1.24694e-07
 8.09764e-07
 7.16573e-07
 6.33730e-07
 5.61284e-07
 4.98458e-07
 4.44165e-07
 3.97270e-07
 3.56708e-07
 3.21537e-07
 2.90942e-07
 2.64231e-07
 2.40824e-07
 2.20232e-07
 2.02048e-07
 1.85928e-07
 1.71587e-07
 1.58783e-07
 1.47312e-07
 1.37001e-07
 1.27704e-07
 9.55053e-07
 8.25427e-07
 7.15884e-07
 6.23874e-07
 5.46639e-07
 4.81648e-07
 4.26733e-07
 3.80100e-07
 3.40285e-07
 3.06103e-07
 2.76595e-07
 2.50986e-07
 2.28646e-07
 2.09062e-07
 1.91814e-07
 1.76556e-07
 1.63001e-07
 1.50911e-07
 1.40088e-07
 1.30364e-07
 1.11721e-06
 9.41792e-07
 8.00679e-07
 6.86643e-07
 5.93816e-07
 5.17621e-07
 4.54533e-07
 4.01852e-07
 3.57500e-07
 3.19871e-07
 2.87713e-07
 2.60045e-07
 2.36088e-07
 2.15223e-07
 1.96950e-07
 1.80865e-07
 1.66639e-07
 1.54000e-07
 1.42724e-07
 1.32625e-07
 1.28866e-06
 1.05946e-06
 8.83449e-07
 7.46196e-07
 6.37548e-07
 5.50327e-07
 4.79397e-07
 4.21035e-07
 3.72497e-07
 3.31737e-07
 2.97204e-07
 2.67711e-07
 2.42337e-07
 2.20358e-07
 2.01202e-07
 1.84411e-07
 1.69614e-07
 1.56511e-07
 1.44856e-07
 1.34444e-07
 1.45558e-06
 1.16908e-06
 9.57976e-07
 7.98386e-07
 6.75034e-07
 5.77848e-07
 4.99992e-07
 4.36706e-07
 3.84600e-07
 3.41208e-07
 3.04704e-07
 2.73714e-07
 2.47187e-07
 2.24311e-07
 2.04450e-07
 1.87098e-07
 1.71853e-07
 1.58388e-07
 1.46438e-07
 1.35784e-07
 1.59817e-06
 1.25893e-06
 1.01716e-06
 8.38779e-07
 7.03431e-07
 5.98313e-07
 5.15056e-07
 4.47999e-07
 3.93201e-07
 3.47851e-07
 3.09899e-07
 2.77820e-07
 2.50466e-07
 2.26952e-07
 2.06594e-07
 1.88851e-07
 1.73296e-07
 1.59582e-07
 1.47432e-07
 1.36616e-07
 1.69426e-06
 1.31713e-06
 1.05425e-06
 8.63376e-07
 7.20270e-07
 6.10146e-07
 5.23554e-07
 4.54215e-07
 3.97820e-07
 3.51328e-07
 3.12546e-07
 2.79856e-07
 2.52044e-07
 2.28184e-07
 2.07561e-07
 1.89614e-07
 1.73899e-07
 1.60061e-07
 1.47812e-07
 1.36917e-07
 1.72605e-06
 1.33473e-06
 1.06441e-06
 8.69411e-07
 7.23896e-07
 6.12318e-07
 5.24825e-07
 4.54918e-07
 3.98160e-07
 3.51435e-07
 3.12504e-07
 2.79719e-07
 2.51847e-07
 2.27953e-07
 2.07311e-07
 1.89356e-07
 1.73640e-07
 1.59806e-07
 1.47564e-07
 1.36678e-07
 1.68687e-06
 1.30852e-06
 1.04601e-06
 8.55976e-07
 7.13787e-07
 6.04518e-07
 5.18680e-07
 4.49990e-07
 3.94146e-07
 3.48123e-07
 3.09739e-07
 2.77386e-07
 2.49862e-07
 2.26248e-07
 2.05837e-07
 1.88073e-07
 1.72516e-07
 1.58816e-07
 1.46687e-07
 1.35898e-07
 1.58357e-06
 1.24204e-06
 1.00098e-06
 8.24234e-07
 6.90667e-07
 5.87218e-07
 5.05435e-07
 4.39649e-07
 3.85935e-07
 3.41506e-07
 3.04335e-07
 2.72922e-07
 2.46135e-07
 2.23108e-07
 2.03169e-07
 1.85788e-07
 1.70546e-07
 1.57106e-07
 1.45194e-07
 1.34587e-07
 1.43342e-06
 1.14427e-06
 9.34354e-07
 7.77142e-07
 6.56364e-07
 5.61589e-07
 4.85867e-07
 4.24426e-07
 3.73897e-07
 3.31847e-07
 2.96485e-07
 2.66469e-07
 2.40776e-07
 2.18615e-07
 1.99370e-07
 1.82551e-07
 1.67769e-07
 1.54707e-07
 1.43110e-07
 1.32766e-07
 1.25789e-06
 1.02696e-06
 8.52928e-07
 7.18821e-07
 6.13471e-07
 5.29318e-07
 4.61106e-07
 4.05096e-07
 3.58575e-07
 3.19537e-07
 2.86475e-07
 2.58239e-07
 2.33942e-07
 2.12890e-07
 1.94533e-07
 1.78435e-07
 1.64242e-07
 1.51665e-07
 1.40471e-07
 1.30465e-07
 1.07690e-06
 9.01855e-07
 7.63866e-07
 6.53785e-07
 5.64918e-07
 4.92359e-07
 4.32484e-07
 3.82589e-07
 3.40632e-07
 3.05055e-07
 2.74654e-07
 2.48493e-07
 2.25832e-07
 2.06084e-07
 1.88778e-07
 1.73533e-07
 1.60038e-07
 1.48039e-07
 1.37325e-07
 1.27721e-07
 9.05290e-07
 7.78615e-07
 6.73507e-07
 5.86256e-07
 5.13564e-07
 4.52683e-07
 4.01385e-07
 3.57891e-07
 3.20782e-07
 2.88925e-07
 2.61417e-07
 2.37528e-07
 2.16672e-07
 1.98372e-07
 1.82238e-07
 1.67950e-07
 1.55243e-07
 1.43896e-07
 1.33726e-07
 1.24579e-07
 7.51767e-07
 6.63883e-07
 5.86684e-07
 5.19702e-07
 4.61896e-07
 4.12081e-07
 3.69111e-07
 3.31959e-07
 2.99734e-07
 2.71681e-07
 2.47164e-07
 2.25652e-07
 2.06701e-07
 1.89941e-07
 1.75062e-07
 1.61804e-07
 1.49949e-07
 1.39311e-07
 1.29736e-07
 1.21090e-07
 6.19843e-07
 5.61331e-07
 5.06550e-07
 4.56634e-07
 4.11854e-07
 3.72034e-07
 3.36787e-07
 3.05648e-07
 2.78142e-07
 2.53823e-07
 2.32285e-07
 2.13167e-07
 1.96155e-07
 1.80977e-07
 1.67398e-07
 1.55214e-07
 1.44253e-07
 1.34364e-07
 1.25418e-07
 1.17305e-07
 5.09489e-07
 4.72280e-07
 4.34754e-07
 3.98624e-07
 3.64794e-07
 3.33659e-07
 3.05312e-07
 2.79673e-07
 2.56574e-07
 2.35802e-07
 2.17136e-07
 2.00357e-07
 1.85262e-07
 1.71663e-07
 1.59393e-07
 1.48300e-07
 1.38252e-07
 1.29132e-07
 1.20838e-07
 1.13279e-07
 4.18739e-07
 3.96482e-07
 3.71806e-07
 3.46454e-07
 3.21535e-07
 2.97713e-07
 2.75345e-07
 2.54593e-07
 2.35490e-07
 2.17996e-07
 2.02027e-07
 1.87476e-07
 1.74228e-07
 1.62168e-07
 1.51185e-07
 1.41174e-07
 1.32040e-07
 1.23696e-07
 1.16061e-07
 1.09066e-07
