scalar
part
         1
quad4
 6.24602e-07
 5.72261e-07
 5.21381e-07
 4.73602e-07
 4.29705e-07
 3.89929e-07
 3.54196e-07
 3.22257e-07
 2.93783e-07
 2.68425e-07
 2.45836e-07
 2.25695e-07
 2.07709e-07
 1.91618e-07
 1.77190e-07
 1.64224e-07
 1.52545e-07
 1.41999e-07
 1.32455e-07
 1.23795e-07
 7.36357e-07
 6.61689e-07
 5.92663e-07
 5.30417e-07
 4.75105e-07
 4.26359e-07
 3.83580e-07
 3.46094e-07
 3.13238e-07
 2.84399e-07
 2.59032e-07
 2.36660e-07
 2.16872e-07
 1.99316e-07
 1.83692e-07
 1.69743e-07
 1.57252e-07
 1.46032e-07
 1.35924e-07
 1.26792e-07
 8.67503e-07
 7.62750e-07
 6.70626e-07
 5.90831e-07
 5.22222e-07
 4.63383e-07
 4.12906e-07
 3.69510e-07
 3.32085e-07
 2.99685e-07
 2.71522e-07
 2.46937e-07
 2.25385e-07
 2.06412e-07
 1.89641e-07
 1.74759e-07
 1.61503e-07
 1.49653e-07
 1.39022e-07
 1.29455e-07
 1.01767e-06
 8.73701e-07
 7.53245e-07
 6.52977e-07
 5.69487e-07
 4.99737e-07
 4.41177e-07
 3.91729e-07
 3.49721e-07
 3.13815e-07
 2.82942e-07
 2.56242e-07
 2.33023e-07
 2.12727e-07
 1.94896e-07
 1.79159e-07
 1.65208e-07
 1.52789e-07
 1.41690e-07
 1.31734e-07
 1.18294e-06
 9.90363e-07
 8.36938e-07
 7.14032e-07
 6.14756e-07
 5.33818e-07
 4.67200e-07
 4.11859e-07
 3.65478e-07
 3.26285e-07
 2.92909e-07
 2.64281e-07
 2.39562e-07
 2.18086e-07
 1.99320e-07
 1.82834e-07
 1.68280e-07
 1.55370e-07
 1.43871e-07
 1.33585e-07
 1.35392e-06
 1.10539e-06
 9.16381e-07
 7.70234e-07
 6.55386e-07
 5.63762e-07
 4.89650e-07
 4.28949e-07
 3.78668e-07
 3.36589e-07
 3.01047e-07
 2.70772e-07
 2.44787e-07
 2.22325e-07
 2.02785e-07
 1.85686e-07
 1.70641e-07
 1.57336e-07
 1.45516e-07
 1.34969e-07
 1.51431e-06
 1.20819e-06
 9.84756e-07
 8.17160e-07
 6.88463e-07
 5.87614e-07
 5.07192e-07
 4.42072e-07
 3.88631e-07
 3.44254e-07
 3.07012e-07
 2.75462e-07
 2.48508e-07
 2.25301e-07
 2.05183e-07
 1.87630e-07
 1.72226e-07
 1.58635e-07
 1.46585e-07
 1.35852e-07
 1.64193e-06
 1.28616e-06
 1.03466e-06
 8.50322e-07
 7.11175e-07
 6.03563e-07
 5.18626e-07
 4.50414e-07
 3.94809e-07
 3.48885e-07
 3.10521e-07
 2.78145e-07
 2.50573e-07
 2.26901e-07
 2.06427e-07
 1.88600e-07
 1.72984e-07
 1.59228e-07
 1.47047e-07
 1.36211e-07
 1.71382e-06
 1.32748e-06
 1.05965e-06
 8.66005e-07
 7.21291e-07
 6.10216e-07
 5.23058e-07
 4.53385e-07
 3.96799e-07
 3.50206e-07
 3.11380e-07
 2.78680e-07
 2.50882e-07
 2.27049e-07
 2.06462e-07
 1.88556e-07
 1.72884e-07
 1.59090e-07
 1.46884e-07
 1.36031e-07
 1.71460e-06
 1.32481e-06
 1.05592e-06
 8.62113e-07
 7.17595e-07
 6.06840e-07
 5.20030e-07
 4.50691e-07
 3.94410e-07
 3.48089e-07
 3.09500e-07
 2.77009e-07
 2.49391e-07
 2.25717e-07
 2.05268e-07
 1.87482e-07
 1.71915e-07
 1.58213e-07
 1.46088e-07
 1.35308e-07
 1.64328e-06
 1.27792e-06
 1.02344e-06
 8.38691e-07
 7.00151e-07
 5.93500e-07
 5.09600e-07
 4.42383e-07
 3.87684e-07
 3.42567e-07
 3.04912e-07
 2.73155e-07
 2.46123e-07
 2.22921e-07
 2.02858e-07
 1.85389e-07
 1.70087e-07
 1.56607e-07
 1.44669e-07
 1.34048e-07
 1.51329e-06
 1.19355e-06
 9.65915e-07
 7.97906e-07
 6.70292e-07
 5.71052e-07
 4.92339e-07
 4.28851e-07
 3.76897e-07
 3.33842e-07
 2.97762e-07
 2.67228e-07
 2.41160e-07
 2.18726e-07
 1.99282e-07
 1.82319e-07
 1.67432e-07
 1.54296e-07
 1.42647e-07
 1.32268e-07
 1.34604e-06
 1.08300e-06
 8.89691e-07
 7.43514e-07
 6.30349e-07
 5.40994e-07
 4.69242e-07
 4.10777e-07
 3.62526e-07
 3.22253e-07
 2.88299e-07
 2.59414e-07
 2.34641e-07
 2.13239e-07
 1.94624e-07
 1.78335e-07
 1.64001e-07
 1.51323e-07
 1.40054e-07
 1.29996e-07
 1.16348e-06
 9.58695e-07
 8.02141e-07
 6.80059e-07
 5.83215e-07
 5.05230e-07
 4.41594e-07
 3.89049e-07
 3.45199e-07
 3.08253e-07
 2.76854e-07
 2.49958e-07
 2.26754e-07
 2.06602e-07
 1.88994e-07
 1.73525e-07
 1.59863e-07
 1.47741e-07
 1.36936e-07
 1.27267e-07
 9.83311e-07
 8.31684e-07
 7.10264e-07
 6.12078e-07
 5.31899e-07
 4.65797e-07
 4.10804e-07
 3.64660e-07
 3.25627e-07
 2.92362e-07
 2.63812e-07
 2.39151e-07
 2.17717e-07
 1.98984e-07
 1.82524e-07
 1.67991e-07
 1.55100e-07
 1.43616e-07
 1.33345e-07
 1.24124e-07
 8.17375e-07
 7.10235e-07
 6.19770e-07
 5.43520e-07
 4.79153e-07
 4.24635e-07
 3.78257e-07
 3.38611e-07
 3.04546e-07
 2.75124e-07
 2.49584e-07
 2.27302e-07
 2.07770e-07
 1.90571e-07
 1.75359e-07
 1.61849e-07
 1.49803e-07
 1.39023e-07
 1.29341e-07
 1.20616e-07
 6.71850e-07
 5.99557e-07
 5.34708e-07
 4.77428e-07
 4.27237e-07
 3.83417e-07
 3.45195e-07
 3.11831e-07
 2.82653e-07
 2.57071e-07
 2.34574e-07
 2.14726e-07
 1.97159e-07
 1.81556e-07
 1.67652e-07
 1.55221e-07
 1.44072e-07
 1.34041e-07
 1.24989e-07
 1.16797e-07
 5.48554e-07
 5.02175e-07
 4.57500e-07
 4.15866e-07
 3.77821e-07
 3.43462e-07
 3.12650e-07
 2.85123e-07
 2.60574e-07
 2.38688e-07
 2.19164e-07
 2.01724e-07
 1.86119e-07
 1.72127e-07
 1.59553e-07
 1.48229e-07
 1.38004e-07
 1.28750e-07
 1.20355e-07
 1.12721e-07
 4.46515e-07
 4.18631e-07
 3.89226e-07
 3.60014e-07
 3.31999e-07
 3.05717e-07
 2.81408e-07
 2.59128e-07
 2.38828e-07
 2.20395e-07
 2.03691e-07
 1.88567e-07
 1.74871e-07
 1.62463e-07
 1.51210e-07
 1.40991e-07
 1.31697e-07
 1.23231e-07
 1.15505e-07
 1.08443e-07
 3.63330e-07
 3.48210e-07
 3.29997e-07
 3.10344e-07
 2.90365e-07
 2.70778e-07
 2.52019e-07
 2.34329e-07
 2.17825e-07
 2.02537e-07
 1.88443e-07
 1.75492e-07
 1.63612e-07
 1.52726e-07
 1.42754e-07
 1.33619e-07
 1.25244e-07
 1.17561e-07
 1.10505e-07
 1.04018e-07
