scalar
part
         1
quad4
 5.93362e-07
 5.46083e-07
 4.99606e-07
 4.55566e-07
 4.14793e-07
 3.77601e-07
 3.43993e-07
 3.13797e-07
 2.86752e-07
 2.62565e-07
 2.40940e-07
 2.21593e-07
 2.04263e-07
 1.88716e-07
 1.74741e-07
 1.62154e-07
 1.50793e-07
 1.40515e-07
 1.31196e-07
 1.22727e-07
 7.01520e-07
 6.33313e-07
 5.69679e-07
 5.11842e-07
 4.60090e-07
 4.14202e-07
 3.73711e-07
 3.38056e-07
 3.06669e-07
 2.79012e-07
 2.54599e-07
 2.33002e-07
 2.13845e-07
 1.96806e-07
 1.81607e-07
 1.68009e-07
 1.55809e-07
 1.44831e-07
 1.34926e-07
 1.25964e-07
 8.29077e-07
 7.32502e-07
 6.46879e-07
 5.72177e-07
 5.07528e-07
 4.51764e-07
 4.03677e-07
 3.62147e-07
 3.26184e-07
 2.94938e-07
 2.67689e-07
 2.43834e-07
 2.22867e-07
 2.04366e-07
 1.87978e-07
 1.73409e-07
 1.60408e-07
 1.48768e-07
 1.38312e-07
 1.28888e-07
 9.76156e-07
 8.42339e-07
 7.29509e-07
 6.34933e-07
 5.55691e-07
 4.89123e-07
 4.32961e-07
 3.85334e-07
 3.44719e-07
 3.09889e-07
 2.79852e-07
 2.53806e-07
 2.31104e-07
 2.11217e-07
 1.93714e-07
 1.78239e-07
 1.64500e-07
 1.52252e-07
 1.41292e-07
 1.31450e-07
 1.13976e-06
 9.59295e-07
 8.14416e-07
 6.97557e-07
 6.02597e-07
 5.24771e-07
 4.60423e-07
 4.06755e-07
 3.61623e-07
 3.23369e-07
 2.90707e-07
 2.62626e-07
 2.38330e-07
 2.17182e-07
 1.98673e-07
 1.82389e-07
 1.67993e-07
 1.55210e-07
 1.43810e-07
 1.33603e-07
 1.31190e-06
 1.07688e-06
 8.96759e-07
 7.56553e-07
 6.45745e-07
 5.56917e-07
 4.84771e-07
 4.25472e-07
 3.76204e-07
 3.34866e-07
 2.99871e-07
 2.70003e-07
 2.44322e-07
 2.22090e-07
 2.02723e-07
 1.85754e-07
 1.70807e-07
 1.57576e-07
 1.45811e-07
 1.35305e-07
 1.47814e-06
 1.18542e-06
 9.70149e-07
 8.07682e-07
 6.82290e-07
 5.83620e-07
 5.04661e-07
 4.40539e-07
 3.87788e-07
 3.43890e-07
 3.06984e-07
 2.75670e-07
 2.48879e-07
 2.25786e-07
 2.05744e-07
 1.88242e-07
 1.72869e-07
 1.59295e-07
 1.47252e-07
 1.36518e-07
 1.61806e-06
 1.27292e-06
 1.02736e-06
 8.46467e-07
 7.09374e-07
 6.03010e-07
 5.18839e-07
 4.51096e-07
 3.95773e-07
 3.50014e-07
 3.11737e-07
 2.79399e-07
 2.51832e-07
 2.28145e-07
 2.07642e-07
 1.89779e-07
 1.74121e-07
 1.60321e-07
 1.48096e-07
 1.37215e-07
 1.70910e-06
 1.32738e-06
 1.06166e-06
 8.68936e-07
 7.24564e-07
 6.13542e-07
 5.26296e-07
 4.56467e-07
 3.99697e-07
 3.52913e-07
 3.13900e-07
 2.81023e-07
 2.53059e-07
 2.29074e-07
 2.08347e-07
 1.90313e-07
 1.74524e-07
 1.60622e-07
 1.48319e-07
 1.37377e-07
 1.73372e-06
 1.34011e-06
 1.06839e-06
 8.72449e-07
 7.26289e-07
 6.14249e-07
 5.26414e-07
 4.56246e-07
 3.99285e-07
 3.52401e-07
 3.13341e-07
 2.80451e-07
 2.52493e-07
 2.28526e-07
 2.07823e-07
 1.89817e-07
 1.74057e-07
 1.60184e-07
 1.47909e-07
 1.36994e-07
 1.68631e-06
 1.30849e-06
 1.04623e-06
 8.56309e-07
 7.14164e-07
 6.04906e-07
 5.19062e-07
 4.50356e-07
 3.94494e-07
 3.48450e-07
 3.10045e-07
 2.77672e-07
 2.50129e-07
 2.26498e-07
 2.06070e-07
 1.88291e-07
 1.72721e-07
 1.59008e-07
 1.46868e-07
 1.36068e-07
 1.57528e-06
 1.23684e-06
 9.97572e-07
 8.21925e-07
 6.89065e-07
 5.86085e-07
 5.04623e-07
 4.39062e-07
 3.85509e-07
 3.41196e-07
 3.04112e-07
 2.72763e-07
 2.46025e-07
 2.23035e-07
 2.03123e-07
 1.85764e-07
 1.70539e-07
 1.57112e-07
 1.45210e-07
 1.34611e-07
 1.41916e-06
 1.13479e-06
 9.27814e-07
 7.72485e-07
 6.52963e-07
 5.59050e-07
 4.83937e-07
 4.22937e-07
 3.72732e-07
 3.30927e-07
 2.95751e-07
 2.65879e-07
 2.40298e-07
 2.18226e-07
 1.99051e-07
 1.82290e-07
 1.67553e-07
 1.54530e-07
 1.42963e-07
 1.32646e-07
 1.23993e-06
 1.01448e-06
 8.43998e-07
 7.12268e-07
 6.08556e-07
 5.25561e-07
 4.58185e-07
 4.02793e-07
 3.56735e-07
 3.18051e-07
 2.85263e-07
 2.57241e-07
 2.33115e-07
 2.12199e-07
 1.93953e-07
 1.77945e-07
 1.63825e-07
 1.51310e-07
 1.40167e-07
 1.30204e-07
 1.05732e-06
 8.87642e-07
 7.53348e-07
 6.45854e-07
 5.58832e-07
 4.87615e-07
 4.28733e-07
 3.79586e-07
 3.38199e-07
 3.03064e-07
 2.73010e-07
 2.47123e-07
 2.24682e-07
 2.05112e-07
 1.87951e-07
 1.72826e-07
 1.59430e-07
 1.47514e-07
 1.36870e-07
 1.27324e-07
 8.85579e-07
 7.63727e-07
 6.62128e-07
 5.77447e-07
 5.06657e-07
 4.47199e-07
 3.96981e-07
 3.54316e-07
 3.17850e-07
 2.86500e-07
 2.59393e-07
 2.35826e-07
 2.15231e-07
 1.97144e-07
 1.81186e-07
 1.67042e-07
 1.54456e-07
 1.43212e-07
 1.33128e-07
 1.24054e-07
 7.32867e-07
 6.49081e-07
 5.75026e-07
 5.10448e-07
 4.54486e-07
 4.06093e-07
 3.64228e-07
 3.27942e-07
 2.96403e-07
 2.68896e-07
 2.44819e-07
 2.23663e-07
 2.05004e-07
 1.88485e-07
 1.73805e-07
 1.60714e-07
 1.48998e-07
 1.38480e-07
 1.29005e-07
 1.20444e-07
 6.02242e-07
 5.47102e-07
 4.95032e-07
 4.47275e-07
 4.04209e-07
 3.65750e-07
 3.31587e-07
 3.01315e-07
 2.74508e-07
 2.50755e-07
 2.29678e-07
 2.10939e-07
 1.94241e-07
 1.79323e-07
 1.65962e-07
 1.53961e-07
 1.43155e-07
 1.33398e-07
 1.24565e-07
 1.16549e-07
 4.93379e-07
 4.58894e-07
 4.23652e-07
 3.89410e-07
 3.57125e-07
 3.27251e-07
 2.99934e-07
 2.75137e-07
 2.52727e-07
 2.32523e-07
 2.14326e-07
 1.97937e-07
 1.83168e-07
 1.69842e-07
 1.57802e-07
 1.46905e-07
 1.37024e-07
 1.28047e-07
 1.19875e-07
 1.12422e-07
 4.04137e-07
 3.84062e-07
 3.61283e-07
 3.37550e-07
 3.13997e-07
 2.91318e-07
 2.69905e-07
 2.49949e-07
 2.31510e-07
 2.14571e-07
 1.99067e-07
 1.84908e-07
 1.71990e-07
 1.60210e-07
 1.49466e-07
 1.39659e-07
 1.30699e-07
 1.22505e-07
 1.15001e-07
 1.08118e-07
