scalar
part
         1
quad4
 5.56912e-07
 5.13363e-07
 4.70303e-07
 4.29346e-07
 3.91326e-07
 3.56576e-07
 3.25123e-07
 2.96824e-07
 2.71448e-07
 2.48730e-07
 2.28398e-07
 2.10192e-07
 1.93870e-07
 1.79216e-07
 1.66034e-07
 1.54153e-07
 1.43421e-07
 1.33706e-07
 1.24893e-07
 1.16879e-07
 6.60200e-07
 5.96776e-07
 5.37402e-07
 4.83314e-07
 4.34836e-07
 3.91793e-07
 3.53769e-07
 3.20254e-07
 2.90723e-07
 2.64680e-07
 2.41673e-07
 2.21303e-07
 2.03223e-07
 1.87130e-07
 1.72765e-07
 1.59906e-07
 1.48361e-07
 1.37967e-07
 1.28583e-07
 1.20089e-07
 7.82249e-07
 6.91793e-07
 6.11456e-07
 5.41280e-07
 4.80492e-07
 4.28014e-07
 3.82727e-07
 3.43586e-07
 3.09667e-07
 2.80176e-07
 2.54441e-07
 2.31895e-07
 2.12067e-07
 1.94560e-07
 1.79043e-07
 1.65240e-07
 1.52917e-07
 1.41878e-07
 1.31955e-07
 1.23009e-07
 9.23203e-07
 7.97171e-07
 6.90848e-07
 6.01687e-07
 5.26949e-07
 4.64134e-07
 4.11111e-07
 3.66119e-07
 3.27730e-07
 2.94787e-07
 2.66361e-07
 2.41698e-07
 2.20188e-07
 2.01335e-07
 1.84732e-07
 1.70046e-07
 1.57000e-07
 1.45365e-07
 1.34949e-07
 1.25591e-07
 1.08016e-06
 9.09516e-07
 7.72559e-07
 6.62095e-07
 5.72318e-07
 4.98716e-07
 4.37835e-07
 3.87034e-07
 3.44289e-07
 3.08039e-07
 2.77070e-07
 2.50430e-07
 2.27368e-07
 2.07285e-07
 1.89697e-07
 1.74217e-07
 1.60525e-07
 1.48361e-07
 1.37509e-07
 1.27789e-07
 1.24535e-06
 1.02258e-06
 8.51951e-07
 7.19165e-07
 6.14211e-07
 5.30050e-07
 4.61666e-07
 4.05432e-07
 3.58685e-07
 3.19441e-07
 2.86200e-07
 2.57814e-07
 2.33394e-07
 2.12243e-07
 1.93809e-07
 1.77650e-07
 1.63411e-07
 1.50801e-07
 1.39583e-07
 1.29562e-07
 1.40479e-06
 1.12706e-06
 9.22914e-07
 7.68852e-07
 6.49916e-07
 5.56287e-07
 4.81323e-07
 4.20410e-07
 3.70271e-07
 3.28522e-07
 2.93404e-07
 2.63590e-07
 2.38070e-07
 2.16062e-07
 1.96953e-07
 1.80257e-07
 1.65587e-07
 1.52629e-07
 1.41128e-07
 1.30873e-07
 1.53888e-06
 1.21152e-06
 9.78579e-07
 8.06900e-07
 6.76714e-07
 5.75642e-07
 4.95603e-07
 4.31143e-07
 3.78467e-07
 3.34870e-07
 2.98382e-07
 2.67537e-07
 2.41231e-07
 2.18616e-07
 1.99033e-07
 1.81964e-07
 1.66997e-07
 1.53801e-07
 1.42106e-07
 1.31695e-07
 1.62638e-06
 1.26468e-06
 1.01259e-06
 8.29553e-07
 6.92292e-07
 5.86640e-07
 5.03540e-07
 4.36977e-07
 3.82824e-07
 3.38169e-07
 3.00908e-07
 2.69492e-07
 2.42757e-07
 2.19816e-07
 1.99982e-07
 1.82719e-07
 1.67600e-07
 1.54284e-07
 1.42495e-07
 1.32008e-07
 1.65129e-06
 1.27852e-06
 1.02062e-06
 8.34325e-07
 6.95158e-07
 5.88350e-07
 5.04532e-07
 4.37516e-07
 3.83073e-07
 3.38231e-07
 3.00850e-07
 2.69358e-07
 2.42577e-07
 2.19609e-07
 1.99761e-07
 1.82493e-07
 1.67374e-07
 1.54062e-07
 1.42279e-07
 1.31800e-07
 1.60899e-06
 1.25080e-06
 1.00147e-06
 8.20555e-07
 6.84926e-07
 5.80541e-07
 4.98438e-07
 4.32669e-07
 3.79154e-07
 3.35018e-07
 2.98184e-07
 2.67121e-07
 2.40681e-07
 2.17988e-07
 1.98366e-07
 1.81282e-07
 1.66317e-07
 1.53134e-07
 1.41460e-07
 1.31073e-07
 1.50753e-06
 1.18556e-06
 9.57370e-07
 7.89534e-07
 6.62389e-07
 5.63720e-07
 4.85593e-07
 4.22667e-07
 3.71232e-07
 3.28648e-07
 2.92995e-07
 2.62844e-07
 2.37118e-07
 2.14993e-07
 1.95825e-07
 1.79110e-07
 1.64447e-07
 1.51514e-07
 1.40048e-07
 1.29835e-07
 1.36380e-06
 1.09165e-06
 8.93264e-07
 7.44188e-07
 6.29355e-07
 5.39047e-07
 4.66767e-07
 4.08032e-07
 3.59669e-07
 3.19381e-07
 2.85472e-07
 2.56666e-07
 2.31993e-07
 2.10701e-07
 1.92200e-07
 1.76026e-07
 1.61803e-07
 1.49233e-07
 1.38068e-07
 1.28108e-07
 1.19770e-06
 9.80128e-07
 8.15611e-07
 6.88454e-07
 5.88310e-07
 5.08143e-07
 4.43046e-07
 3.89513e-07
 3.44993e-07
 3.07593e-07
 2.75889e-07
 2.48792e-07
 2.25459e-07
 2.05230e-07
 1.87582e-07
 1.72098e-07
 1.58441e-07
 1.46335e-07
 1.35556e-07
 1.25918e-07
 1.02722e-06
 8.61770e-07
 7.31066e-07
 6.26562e-07
 5.42019e-07
 4.72861e-07
 4.15699e-07
 3.67997e-07
 3.27835e-07
 2.93743e-07
 2.64586e-07
 2.39474e-07
 2.17707e-07
 1.98727e-07
 1.82084e-07
 1.67417e-07
 1.54429e-07
 1.42876e-07
 1.32556e-07
 1.23304e-07
 8.65681e-07
 7.45362e-07
 6.45461e-07
 5.62431e-07
 4.93157e-07
 4.35055e-07
 3.86034e-07
 3.44419e-07
 3.08874e-07
 2.78331e-07
 2.51934e-07
 2.28994e-07
 2.08953e-07
 1.91357e-07
 1.75836e-07
 1.62084e-07
 1.49849e-07
 1.38920e-07
 1.29122e-07
 1.20306e-07
 7.20966e-07
 6.36950e-07
 5.63232e-07
 4.99268e-07
 4.44037e-07
 3.96401e-07
 3.55273e-07
 3.19681e-07
 2.88782e-07
 2.61861e-07
 2.38317e-07
 2.17645e-07
 1.99423e-07
 1.83299e-07
 1.68978e-07
 1.56211e-07
 1.44791e-07
 1.34541e-07
 1.25311e-07
 1.16975e-07
 5.96294e-07
 5.39899e-07
 4.87276e-07
 4.39395e-07
 3.96462e-07
 3.58281e-07
 3.24472e-07
 2.94587e-07
 2.68175e-07
 2.44810e-07
 2.24104e-07
 2.05715e-07
 1.89344e-07
 1.74731e-07
 1.61652e-07
 1.49912e-07
 1.39347e-07
 1.29813e-07
 1.21185e-07
 1.13359e-07
 4.91689e-07
 4.55442e-07
 4.19122e-07
 3.84270e-07
 3.51694e-07
 3.21739e-07
 2.94473e-07
 2.69813e-07
 2.47590e-07
 2.27600e-07
 2.09631e-07
 1.93473e-07
 1.78932e-07
 1.65827e-07
 1.53998e-07
 1.43301e-07
 1.33609e-07
 1.24811e-07
 1.16807e-07
 1.09510e-07
 4.05393e-07
 3.83376e-07
 3.59254e-07
 3.34624e-07
 3.10500e-07
 2.87484e-07
 2.65897e-07
 2.45880e-07
 2.27460e-07
 2.10592e-07
 1.95193e-07
 1.81160e-07
 1.68381e-07
 1.56746e-07
 1.46148e-07
 1.36486e-07
 1.27668e-07
 1.19610e-07
 1.12237e-07
 1.05481e-07
