scalar
part
         1
quad4
 5.53948e-07
 5.10820e-07
 4.68129e-07
 4.27488e-07
 3.89738e-07
 3.55214e-07
 3.23953e-07
 2.95815e-07
 2.70574e-07
 2.47970e-07
 2.27734e-07
 2.09609e-07
 1.93357e-07
 1.78762e-07
 1.65631e-07
 1.53794e-07
 1.43100e-07
 1.33418e-07
 1.24634e-07
 1.16645e-07
 6.56931e-07
 5.94032e-07
 5.35102e-07
 4.81383e-07
 4.33210e-07
 3.90418e-07
 3.52601e-07
 3.19257e-07
 2.89867e-07
 2.63941e-07
 2.41033e-07
 2.20745e-07
 2.02734e-07
 1.86700e-07
 1.72385e-07
 1.59568e-07
 1.48060e-07
 1.37698e-07
 1.28342e-07
 1.19871e-07
 7.78675e-07
 6.88868e-07
 6.09057e-07
 5.39305e-07
 4.78856e-07
 4.26651e-07
 3.81583e-07
 3.42619e-07
 3.08845e-07
 2.79473e-07
 2.53835e-07
 2.31370e-07
 2.11609e-07
 1.94159e-07
 1.78690e-07
 1.64928e-07
 1.52640e-07
 1.41630e-07
 1.31733e-07
 1.22810e-07
 9.19358e-07
 7.94113e-07
 6.88401e-07
 5.99713e-07
 5.25343e-07
 4.62815e-07
 4.10017e-07
 3.65205e-07
 3.26959e-07
 2.94133e-07
 2.65801e-07
 2.41215e-07
 2.19769e-07
 2.00970e-07
 1.84412e-07
 1.69764e-07
 1.56750e-07
 1.45142e-07
 1.34750e-07
 1.25412e-07
 1.07613e-06
 9.06412e-07
 7.70140e-07
 6.60186e-07
 5.70791e-07
 4.97480e-07
 4.36823e-07
 3.86196e-07
 3.43588e-07
 3.07448e-07
 2.76567e-07
 2.49999e-07
 2.26996e-07
 2.06961e-07
 1.89414e-07
 1.73968e-07
 1.60305e-07
 1.48165e-07
 1.37334e-07
 1.27633e-07
 1.24130e-06
 1.01957e-06
 8.49668e-07
 7.17400e-07
 6.12824e-07
 5.28943e-07
 4.60769e-07
 4.04696e-07
 3.58074e-07
 3.18928e-07
 2.85766e-07
 2.57444e-07
 2.33075e-07
 2.11967e-07
 1.93568e-07
 1.77439e-07
 1.63224e-07
 1.50635e-07
 1.39436e-07
 1.29430e-07
 1.40100e-06
 1.12433e-06
 9.20901e-07
 7.67327e-07
 6.48736e-07
 5.55355e-07
 4.80575e-07
 4.19801e-07
 3.69768e-07
 3.28103e-07
 2.93050e-07
 2.63289e-07
 2.37812e-07
 2.15838e-07
 1.96758e-07
 1.80086e-07
 1.65437e-07
 1.52496e-07
 1.41009e-07
 1.30767e-07
 1.53572e-06
 1.20931e-06
 9.76987e-07
 8.05714e-07
 6.75807e-07
 5.74931e-07
 4.95037e-07
 4.30684e-07
 3.78090e-07
 3.34556e-07
 2.98117e-07
 2.67313e-07
 2.41039e-07
 2.18450e-07
 1.98888e-07
 1.81837e-07
 1.66885e-07
 1.53701e-07
 1.42018e-07
 1.31616e-07
 1.62426e-06
 1.26324e-06
 1.01157e-06
 8.28795e-07
 6.91716e-07
 5.86190e-07
 5.03182e-07
 4.36688e-07
 3.82586e-07
 3.37970e-07
 3.00741e-07
 2.69349e-07
 2.42634e-07
 2.19710e-07
 1.99890e-07
 1.82638e-07
 1.67528e-07
 1.54220e-07
 1.42438e-07
 1.31956e-07
 1.65057e-06
 1.27803e-06
 1.02026e-06
 8.34058e-07
 6.94952e-07
 5.88187e-07
 5.04400e-07
 4.37407e-07
 3.82982e-07
 3.38154e-07
 3.00785e-07
 2.69302e-07
 2.42527e-07
 2.19565e-07
 1.99723e-07
 1.82458e-07
 1.67343e-07
 1.54034e-07
 1.42254e-07
 1.31778e-07
 1.60980e-06
 1.25132e-06
 1.00183e-06
 8.20802e-07
 6.85105e-07
 5.80673e-07
 4.98538e-07
 4.32746e-07
 3.79214e-07
 3.35066e-07
 2.98222e-07
 2.67151e-07
 2.40706e-07
 2.18009e-07
 1.98382e-07
 1.81295e-07
 1.66328e-07
 1.53143e-07
 1.41467e-07
 1.31079e-07
 1.50972e-06
 1.18702e-06
 9.58390e-07
 7.90272e-07
 6.62939e-07
 5.64140e-07
 4.85920e-07
 4.22925e-07
 3.71440e-07
 3.28818e-07
 2.93135e-07
 2.62960e-07
 2.37216e-07
 2.15075e-07
 1.95895e-07
 1.79171e-07
 1.64500e-07
 1.51559e-07
 1.40088e-07
 1.29870e-07
 1.36703e-06
 1.09387e-06
 8.94846e-07
 7.45354e-07
 6.30235e-07
 5.39727e-07
 4.67302e-07
 4.08460e-07
 3.60017e-07
 3.19667e-07
 2.85709e-07
 2.56865e-07
 2.32162e-07
 2.10844e-07
 1.92324e-07
 1.76132e-07
 1.61896e-07
 1.49314e-07
 1.38139e-07
 1.28171e-07
 1.20153e-06
 9.82858e-07
 8.17611e-07
 6.89956e-07
 5.89463e-07
 5.09046e-07
 4.43764e-07
 3.90092e-07
 3.45467e-07
 3.07985e-07
 2.76217e-07
 2.49068e-07
 2.25694e-07
 2.05431e-07
 1.87756e-07
 1.72249e-07
 1.58572e-07
 1.46450e-07
 1.35658e-07
 1.26009e-07
 1.03128e-06
 8.64777e-07
 7.33333e-07
 6.28303e-07
 5.43379e-07
 4.73940e-07
 4.16567e-07
 3.68704e-07
 3.28418e-07
 2.94229e-07
 2.64994e-07
 2.39820e-07
 2.18003e-07
 1.98981e-07
 1.82305e-07
 1.67609e-07
 1.54597e-07
 1.43024e-07
 1.32687e-07
 1.23420e-07
 8.69718e-07
 7.48457e-07
 6.47862e-07
 5.64317e-07
 4.94658e-07
 4.36263e-07
 3.87018e-07
 3.45229e-07
 3.09548e-07
 2.78896e-07
 2.52412e-07
 2.29401e-07
 2.09302e-07
 1.91659e-07
 1.76099e-07
 1.62314e-07
 1.50051e-07
 1.39099e-07
 1.29280e-07
 1.20447e-07
 7.24811e-07
 6.39996e-07
 5.65660e-07
 5.01219e-07
 4.45618e-07
 3.97693e-07
 3.56339e-07
 3.20568e-07
 2.89526e-07
 2.62491e-07
 2.38853e-07
 2.18105e-07
 1.99820e-07
 1.83643e-07
 1.69279e-07
 1.56475e-07
 1.45024e-07
 1.34747e-07
 1.25495e-07
 1.17138e-07
 5.99863e-07
 5.42812e-07
 4.89656e-07
 4.41348e-07
 3.98073e-07
 3.59619e-07
 3.25590e-07
 2.95528e-07
 2.68973e-07
 2.45489e-07
 2.24687e-07
 2.06218e-07
 1.89781e-07
 1.75112e-07
 1.61985e-07
 1.50207e-07
 1.39607e-07
 1.30044e-07
 1.21391e-07
 1.13543e-07
 4.94952e-07
 4.58174e-07
 4.21405e-07
 3.86181e-07
 3.53298e-07
 3.23090e-07
 2.95617e-07
 2.70786e-07
 2.48422e-07
 2.28316e-07
 2.10250e-07
 1.94011e-07
 1.79400e-07
 1.66238e-07
 1.54360e-07
 1.43621e-07
 1.33894e-07
 1.25064e-07
 1.17033e-07
 1.09713e-07
 4.08350e-07
 3.85906e-07
 3.61411e-07
 3.36463e-07
 3.12068e-07
 2.88823e-07
 2.67045e-07
 2.46868e-07
 2.28313e-07
 2.11331e-07
 1.95837e-07
 1.81723e-07
 1.68875e-07
 1.57181e-07
 1.46533e-07
 1.36828e-07
 1.27973e-07
 1.19883e-07
 1.12482e-07
 1.05701e-07
