scalar
part
         1
quad4
 6.54249e-07
 5.98071e-07
 5.43782e-07
 4.93027e-07
 4.46562e-07
 4.04587e-07
 3.66976e-07
 3.33436e-07
 3.03599e-07
 2.77075e-07
 2.53490e-07
 2.32493e-07
 2.13771e-07
 1.97042e-07
 1.82063e-07
 1.68617e-07
 1.56518e-07
 1.45605e-07
 1.35736e-07
 1.26791e-07
 7.69306e-07
 6.89824e-07
 6.16658e-07
 5.50904e-07
 4.92641e-07
 4.41425e-07
 3.96580e-07
 3.57363e-07
 3.23054e-07
 2.92992e-07
 2.66590e-07
 2.43339e-07
 2.22801e-07
 2.04603e-07
 1.88425e-07
 1.73997e-07
 1.61090e-07
 1.49507e-07
 1.39081e-07
 1.29670e-07
 9.03905e-07
 7.93150e-07
 6.96052e-07
 6.12175e-07
 5.40229e-07
 4.78663e-07
 4.25951e-07
 3.80718e-07
 3.41773e-07
 3.08111e-07
 2.78892e-07
 2.53419e-07
 2.31116e-07
 2.11504e-07
 1.94187e-07
 1.78835e-07
 1.65172e-07
 1.52969e-07
 1.42030e-07
 1.32192e-07
 1.05745e-06
 9.06096e-07
 7.79766e-07
 6.74844e-07
 5.87662e-07
 5.14969e-07
 4.54047e-07
 4.02691e-07
 3.59129e-07
 3.21949e-07
 2.90021e-07
 2.62442e-07
 2.38486e-07
 2.17566e-07
 1.99206e-07
 1.83015e-07
 1.68673e-07
 1.55916e-07
 1.44523e-07
 1.34311e-07
 1.22563e-06
 1.02416e-06
 8.63991e-07
 7.35931e-07
 6.32690e-07
 5.48669e-07
 4.79628e-07
 4.22362e-07
 3.74436e-07
 3.33989e-07
 2.99586e-07
 2.70109e-07
 2.44683e-07
 2.22613e-07
 2.03344e-07
 1.86430e-07
 1.71508e-07
 1.58281e-07
 1.46506e-07
 1.35981e-07
 1.39840e-06
 1.13958e-06
 9.43124e-07
 7.91503e-07
 6.72566e-07
 5.77837e-07
 5.01331e-07
 4.38758e-07
 3.86991e-07
 3.43719e-07
 3.07208e-07
 2.76138e-07
 2.49493e-07
 2.26481e-07
 2.06476e-07
 1.88981e-07
 1.73598e-07
 1.60003e-07
 1.47931e-07
 1.37164e-07
 1.55857e-06
 1.24124e-06
 1.01006e-06
 8.36977e-07
 7.04289e-07
 6.00473e-07
 5.17799e-07
 4.50939e-07
 3.96133e-07
 3.50666e-07
 3.12545e-07
 2.80277e-07
 2.52729e-07
 2.29028e-07
 2.08494e-07
 1.90588e-07
 1.74882e-07
 1.61032e-07
 1.48757e-07
 1.37829e-07
 1.68297e-06
 1.31605e-06
 1.05718e-06
 8.67765e-07
 7.25008e-07
 6.14753e-07
 5.27834e-07
 4.58102e-07
 4.01310e-07
 3.54445e-07
 3.15322e-07
 2.82328e-07
 2.54246e-07
 2.30149e-07
 2.09318e-07
 1.91188e-07
 1.75312e-07
 1.61332e-07
 1.48958e-07
 1.37954e-07
 1.74786e-06
 1.35194e-06
 1.07796e-06
 8.80161e-07
 7.32522e-07
 6.19320e-07
 5.30571e-07
 4.59681e-07
 4.02144e-07
 3.54796e-07
 3.15360e-07
 2.82163e-07
 2.53952e-07
 2.29776e-07
 2.08898e-07
 1.90745e-07
 1.74861e-07
 1.60883e-07
 1.48518e-07
 1.37526e-07
 1.73794e-06
 1.34180e-06
 1.06881e-06
 8.72225e-07
 7.25731e-07
 6.13525e-07
 5.25617e-07
 4.55429e-07
 3.98477e-07
 3.51618e-07
 3.12591e-07
 2.79737e-07
 2.51818e-07
 2.27889e-07
 2.07222e-07
 1.89250e-07
 1.73523e-07
 1.59681e-07
 1.47434e-07
 1.36546e-07
 1.65355e-06
 1.28614e-06
 1.03017e-06
 8.44298e-07
 7.04893e-07
 5.97562e-07
 5.13119e-07
 4.45460e-07
 3.90398e-07
 3.44979e-07
 3.07069e-07
 2.75096e-07
 2.47879e-07
 2.24517e-07
 2.04314e-07
 1.86724e-07
 1.71315e-07
 1.57740e-07
 1.45718e-07
 1.35022e-07
 1.51040e-06
 1.19291e-06
 9.66389e-07
 7.98933e-07
 6.71581e-07
 5.72446e-07
 4.93753e-07
 4.30240e-07
 3.78235e-07
 3.35117e-07
 2.98971e-07
 2.68369e-07
 2.42234e-07
 2.19737e-07
 2.00233e-07
 1.83213e-07
 1.68274e-07
 1.55089e-07
 1.43395e-07
 1.32974e-07
 1.33205e-06
 1.07452e-06
 8.84457e-07
 7.40271e-07
 6.28367e-07
 5.39832e-07
 4.68623e-07
 4.10522e-07
 3.62518e-07
 3.22413e-07
 2.88572e-07
 2.59763e-07
 2.35040e-07
 2.13669e-07
 1.95072e-07
 1.78791e-07
 1.64459e-07
 1.51777e-07
 1.40502e-07
 1.30435e-07
 1.14160e-06
 9.44130e-07
 7.92208e-07
 6.73153e-07
 5.78343e-07
 5.01758e-07
 4.39105e-07
 3.87262e-07
 3.43922e-07
 3.07352e-07
 2.76232e-07
 2.49546e-07
 2.26499e-07
 2.06467e-07
 1.88951e-07
 1.73552e-07
 1.59943e-07
 1.47861e-07
 1.37088e-07
 1.27441e-07
 9.56815e-07
 8.13000e-07
 6.96847e-07
 6.02284e-07
 5.24643e-07
 4.60354e-07
 4.06678e-07
 3.61505e-07
 3.23200e-07
 2.90485e-07
 2.62358e-07
 2.38023e-07
 2.16845e-07
 1.98312e-07
 1.82012e-07
 1.67605e-07
 1.54816e-07
 1.43414e-07
 1.33209e-07
 1.24041e-07
 7.88903e-07
 6.89211e-07
 6.04063e-07
 5.31642e-07
 4.70065e-07
 4.17606e-07
 3.72767e-07
 3.34285e-07
 3.01111e-07
 2.72379e-07
 2.47377e-07
 2.25521e-07
 2.06327e-07
 1.89399e-07
 1.74406e-07
 1.61074e-07
 1.49174e-07
 1.38513e-07
 1.28929e-07
 1.20286e-07
 6.43248e-07
 5.77592e-07
 5.17734e-07
 4.64208e-07
 4.16853e-07
 3.75192e-07
 3.38627e-07
 3.06546e-07
 2.78370e-07
 2.53576e-07
 2.31707e-07
 2.12362e-07
 1.95200e-07
 1.79927e-07
 1.66292e-07
 1.54084e-07
 1.43118e-07
 1.33240e-07
 1.24316e-07
 1.16231e-07
 5.20962e-07
 4.80261e-07
 4.40059e-07
 4.01926e-07
 3.66617e-07
 3.34403e-07
 3.05279e-07
 2.79088e-07
 2.55603e-07
 2.34570e-07
 2.15734e-07
 1.98854e-07
 1.83706e-07
 1.70090e-07
 1.57827e-07
 1.46761e-07
 1.36752e-07
 1.27680e-07
 1.19438e-07
 1.11934e-07
 4.20551e-07
 3.97409e-07
 3.71893e-07
 3.45838e-07
 3.20370e-07
 2.96140e-07
 2.73485e-07
 2.52542e-07
 2.33326e-07
 2.15778e-07
 1.99798e-07
 1.85269e-07
 1.72067e-07
 1.60069e-07
 1.49158e-07
 1.39227e-07
 1.30176e-07
 1.21915e-07
 1.14365e-07
 1.07452e-07
 3.39266e-07
 3.28053e-07
 3.13160e-07
 2.96289e-07
 2.78621e-07
 2.60944e-07
 2.43759e-07
 2.27368e-07
 2.11936e-07
 1.97536e-07
 1.84181e-07
 1.71844e-07
 1.60479e-07
 1.50026e-07
 1.40420e-07
 1.31594e-07
 1.23482e-07
 1.16024e-07
 1.09161e-07
 1.02840e-07
