scalar
part
         1
quad4
 6.56802e-07
 6.00330e-07
 5.45775e-07
 4.94783e-07
 4.48111e-07
 4.05954e-07
 3.68185e-07
 3.34508e-07
 3.04552e-07
 2.77926e-07
 2.54251e-07
 2.33177e-07
 2.14387e-07
 1.97600e-07
 1.82568e-07
 1.69076e-07
 1.56937e-07
 1.45988e-07
 1.36088e-07
 1.27115e-07
 7.72142e-07
 6.92293e-07
 6.18805e-07
 5.52771e-07
 4.94268e-07
 4.42846e-07
 3.97826e-07
 3.58459e-07
 3.24023e-07
 2.93851e-07
 2.67354e-07
 2.44022e-07
 2.23415e-07
 2.05155e-07
 1.88924e-07
 1.74451e-07
 1.61503e-07
 1.49884e-07
 1.39426e-07
 1.29986e-07
 9.07044e-07
 7.95834e-07
 6.98348e-07
 6.14144e-07
 5.41923e-07
 4.80127e-07
 4.27223e-07
 3.81828e-07
 3.42747e-07
 3.08969e-07
 2.79652e-07
 2.54096e-07
 2.31721e-07
 2.12047e-07
 1.94677e-07
 1.79278e-07
 1.65575e-07
 1.53336e-07
 1.42366e-07
 1.32501e-07
 1.06090e-06
 9.08987e-07
 7.82196e-07
 6.76896e-07
 5.89405e-07
 5.16459e-07
 4.55329e-07
 4.03801e-07
 3.60097e-07
 3.22797e-07
 2.90769e-07
 2.63105e-07
 2.39077e-07
 2.18096e-07
 1.99682e-07
 1.83445e-07
 1.69064e-07
 1.56272e-07
 1.44848e-07
 1.34608e-07
 1.22938e-06
 1.02724e-06
 8.66525e-07
 7.38037e-07
 6.34456e-07
 5.50162e-07
 4.80901e-07
 4.23457e-07
 3.75385e-07
 3.34817e-07
 3.00313e-07
 2.70752e-07
 2.45255e-07
 2.23124e-07
 2.03803e-07
 1.86843e-07
 1.71882e-07
 1.58622e-07
 1.46817e-07
 1.36266e-07
 1.40241e-06
 1.14279e-06
 9.45713e-07
 7.93621e-07
 6.74319e-07
 5.79305e-07
 5.02574e-07
 4.39819e-07
 3.87906e-07
 3.44514e-07
 3.07904e-07
 2.76752e-07
 2.50038e-07
 2.26967e-07
 2.06912e-07
 1.89374e-07
 1.73954e-07
 1.60326e-07
 1.48226e-07
 1.37434e-07
 1.56275e-06
 1.24449e-06
 1.01264e-06
 8.39050e-07
 7.05986e-07
 6.01882e-07
 5.18984e-07
 4.51947e-07
 3.96998e-07
 3.51417e-07
 3.13201e-07
 2.80855e-07
 2.53241e-07
 2.29485e-07
 2.08903e-07
 1.90957e-07
 1.75216e-07
 1.61336e-07
 1.49035e-07
 1.38083e-07
 1.68714e-06
 1.31921e-06
 1.05964e-06
 8.69724e-07
 7.26599e-07
 6.16066e-07
 5.28934e-07
 4.59035e-07
 4.02110e-07
 3.55138e-07
 3.15928e-07
 2.82861e-07
 2.54719e-07
 2.30571e-07
 2.09696e-07
 1.91529e-07
 1.75622e-07
 1.61614e-07
 1.49216e-07
 1.38190e-07
 1.75178e-06
 1.35485e-06
 1.08020e-06
 8.81931e-07
 7.33953e-07
 6.20499e-07
 5.31559e-07
 4.60519e-07
 4.02863e-07
 3.55420e-07
 3.15906e-07
 2.82645e-07
 2.54380e-07
 2.30159e-07
 2.09243e-07
 1.91056e-07
 1.75144e-07
 1.61141e-07
 1.48754e-07
 1.37743e-07
 1.74128e-06
 1.34427e-06
 1.07071e-06
 8.73729e-07
 7.26951e-07
 6.14535e-07
 5.26467e-07
 4.56154e-07
 3.99102e-07
 3.52162e-07
 3.13070e-07
 2.80162e-07
 2.52196e-07
 2.28229e-07
 2.07529e-07
 1.89529e-07
 1.73777e-07
 1.59913e-07
 1.47647e-07
 1.36742e-07
 1.65602e-06
 1.28801e-06
 1.03163e-06
 8.45475e-07
 7.05862e-07
 5.98376e-07
 5.13812e-07
 4.46057e-07
 3.90919e-07
 3.45437e-07
 3.07475e-07
 2.75458e-07
 2.48204e-07
 2.24811e-07
 2.04581e-07
 1.86967e-07
 1.71538e-07
 1.57944e-07
 1.45907e-07
 1.35196e-07
 1.51181e-06
 1.19407e-06
 9.67352e-07
 7.99744e-07
 6.72274e-07
 5.73045e-07
 4.94276e-07
 4.30700e-07
 3.78644e-07
 3.35482e-07
 2.99298e-07
 2.68665e-07
 2.42503e-07
 2.19982e-07
 2.00458e-07
 1.83420e-07
 1.68465e-07
 1.55266e-07
 1.43559e-07
 1.33127e-07
 1.33244e-06
 1.07497e-06
 8.84916e-07
 7.40711e-07
 6.28778e-07
 5.40212e-07
 4.68972e-07
 4.10842e-07
 3.62812e-07
 3.22682e-07
 2.88821e-07
 2.59992e-07
 2.35252e-07
 2.13865e-07
 1.95254e-07
 1.78960e-07
 1.64617e-07
 1.51924e-07
 1.40640e-07
 1.30564e-07
 1.14112e-06
 9.43960e-07
 7.92207e-07
 6.73245e-07
 5.78485e-07
 5.01926e-07
 4.39284e-07
 3.87445e-07
 3.44103e-07
 3.07528e-07
 2.76401e-07
 2.49707e-07
 2.26653e-07
 2.06613e-07
 1.89090e-07
 1.73683e-07
 1.60068e-07
 1.47980e-07
 1.37200e-07
 1.27548e-07
 9.55703e-07
 8.12336e-07
 6.96460e-07
 6.02072e-07
 5.24544e-07
 4.60328e-07
 4.06700e-07
 3.61558e-07
 3.23272e-07
 2.90570e-07
 2.62451e-07
 2.38119e-07
 2.16942e-07
 1.98410e-07
 1.82108e-07
 1.67700e-07
 1.54908e-07
 1.43503e-07
 1.33295e-07
 1.24125e-07
 7.87390e-07
 6.88194e-07
 6.03379e-07
 5.31184e-07
 4.69762e-07
 4.17411e-07
 3.72648e-07
 3.34220e-07
 3.01084e-07
 2.72379e-07
 2.47397e-07
 2.25555e-07
 2.06371e-07
 1.89450e-07
 1.74461e-07
 1.61132e-07
 1.49234e-07
 1.38574e-07
 1.28990e-07
 1.20347e-07
 6.41521e-07
 5.76350e-07
 5.16840e-07
 4.63562e-07
 4.16387e-07
 3.74856e-07
 3.38387e-07
 3.06377e-07
 2.78254e-07
 2.53500e-07
 2.31661e-07
 2.12339e-07
 1.95194e-07
 1.79933e-07
 1.66309e-07
 1.54108e-07
 1.43148e-07
 1.33274e-07
 1.24353e-07
 1.16270e-07
 5.19155e-07
 4.78898e-07
 4.39030e-07
 4.01148e-07
 3.66028e-07
 3.33957e-07
 3.04940e-07
 2.78832e-07
 2.55410e-07
 2.34426e-07
 2.15629e-07
 1.98778e-07
 1.83653e-07
 1.70055e-07
 1.57807e-07
 1.46752e-07
 1.36753e-07
 1.27688e-07
 1.19452e-07
 1.11952e-07
 4.18752e-07
 3.96000e-07
 3.70792e-07
 3.44976e-07
 3.19694e-07
 2.95610e-07
 2.73068e-07
 2.52215e-07
 2.33069e-07
 2.15576e-07
 1.99640e-07
 1.85147e-07
 1.71973e-07
 1.59997e-07
 1.49105e-07
 1.39188e-07
 1.30149e-07
 1.21899e-07
 1.14356e-07
 1.07450e-07
 3.37530e-07
 3.26650e-07
 3.12030e-07
 2.95380e-07
 2.77890e-07
 2.60355e-07
 2.43284e-07
 2.26985e-07
 2.11627e-07
 1.97286e-07
 1.83979e-07
 1.71681e-07
 1.60348e-07
 1.49921e-07
 1.40336e-07
 1.31528e-07
 1.23431e-07
 1.15985e-07
 1.09132e-07
 1.02819e-07
