scalar
part
         1
quad4
 5.06186e-07
 4.70790e-07
 4.34826e-07
 3.99906e-07
 3.66947e-07
 3.36396e-07
 3.08410e-07
 2.82964e-07
 2.59934e-07
 2.39146e-07
 2.20404e-07
 2.03511e-07
 1.88278e-07
 1.74527e-07
 1.62099e-07
 1.50848e-07
 1.40644e-07
 1.31375e-07
 1.22937e-07
 1.15241e-07
 6.04485e-07
 5.51270e-07
 5.00445e-07
 4.53377e-07
 4.10595e-07
 3.72145e-07
 3.37814e-07
 3.07267e-07
 2.80125e-07
 2.56011e-07
 2.34566e-07
 2.15466e-07
 1.98421e-07
 1.83177e-07
 1.69511e-07
 1.57228e-07
 1.46162e-07
 1.36166e-07
 1.27114e-07
 1.18897e-07
 7.21797e-07
 6.44019e-07
 5.73825e-07
 5.11646e-07
 4.57115e-07
 4.09523e-07
 3.68054e-07
 3.31904e-07
 3.00340e-07
 2.72710e-07
 2.48454e-07
 2.27090e-07
 2.08210e-07
 1.91469e-07
 1.76573e-07
 1.63275e-07
 1.51365e-07
 1.40664e-07
 1.31021e-07
 1.22305e-07
 8.59062e-07
 7.48473e-07
 6.53863e-07
 5.73518e-07
 5.05407e-07
 4.47587e-07
 3.98348e-07
 3.56241e-07
 3.20067e-07
 2.88836e-07
 2.61742e-07
 2.38122e-07
 2.17434e-07
 1.99232e-07
 1.83148e-07
 1.68876e-07
 1.56163e-07
 1.44795e-07
 1.34595e-07
 1.25412e-07
 1.01475e-06
 8.62227e-07
 7.38199e-07
 6.36972e-07
 5.53837e-07
 4.85052e-07
 4.27698e-07
 3.79505e-07
 3.38708e-07
 3.03923e-07
 2.74067e-07
 2.48277e-07
 2.25869e-07
 2.06290e-07
 1.89094e-07
 1.73918e-07
 1.60464e-07
 1.48485e-07
 1.37777e-07
 1.28168e-07
 1.18321e-06
 9.80321e-07
 8.22935e-07
 6.99078e-07
 6.00235e-07
 5.20317e-07
 4.54921e-07
 4.00817e-07
 3.55604e-07
 3.17475e-07
 2.85050e-07
 2.57266e-07
 2.33289e-07
 2.12466e-07
 1.94273e-07
 1.78291e-07
 1.64180e-07
 1.51661e-07
 1.40507e-07
 1.30528e-07
 1.35321e-06
 1.09484e-06
 9.02626e-07
 7.56088e-07
 6.42005e-07
 5.51564e-07
 4.78725e-07
 4.19246e-07
 3.70078e-07
 3.28990e-07
 2.94318e-07
 2.64804e-07
 2.39479e-07
 2.17593e-07
 1.98554e-07
 1.81892e-07
 1.67230e-07
 1.54260e-07
 1.42735e-07
 1.32448e-07
 1.50781e-06
 1.19534e-06
 9.70700e-07
 8.03775e-07
 6.76362e-07
 5.76914e-07
 4.97819e-07
 4.33887e-07
 3.81484e-07
 3.38001e-07
 3.01526e-07
 2.70635e-07
 2.44245e-07
 2.21524e-07
 2.01824e-07
 1.84633e-07
 1.69543e-07
 1.56227e-07
 1.44416e-07
 1.33893e-07
 1.62659e-06
 1.27035e-06
 1.02041e-06
 8.38005e-07
 7.00684e-07
 5.94657e-07
 5.11055e-07
 4.43953e-07
 3.89270e-07
 3.44113e-07
 3.06388e-07
 2.74548e-07
 2.47429e-07
 2.24139e-07
 2.03991e-07
 1.86443e-07
 1.71066e-07
 1.57516e-07
 1.45515e-07
 1.34835e-07
 1.69065e-06
 1.30990e-06
 1.04614e-06
 8.55457e-07
 7.12924e-07
 6.03483e-07
 5.17571e-07
 4.48862e-07
 3.93033e-07
 3.47043e-07
 3.08700e-07
 2.76395e-07
 2.48920e-07
 2.25355e-07
 2.04991e-07
 1.87272e-07
 1.71759e-07
 1.58099e-07
 1.46008e-07
 1.35255e-07
 1.68854e-06
 1.30814e-06
 1.04471e-06
 8.54288e-07
 7.11966e-07
 6.02692e-07
 5.16912e-07
 4.48310e-07
 3.92566e-07
 3.46644e-07
 3.08358e-07
 2.76100e-07
 2.48663e-07
 2.25130e-07
 2.04793e-07
 1.87097e-07
 1.71604e-07
 1.57960e-07
 1.45884e-07
 1.35143e-07
 1.62022e-06
 1.26512e-06
 1.01615e-06
 8.34538e-07
 6.97842e-07
 5.92310e-07
 5.09100e-07
 4.42312e-07
 3.87880e-07
 3.42927e-07
 3.05370e-07
 2.73668e-07
 2.46662e-07
 2.23468e-07
 2.03401e-07
 1.85921e-07
 1.70602e-07
 1.57103e-07
 1.45145e-07
 1.34502e-07
 1.49723e-06
 1.18677e-06
 9.63762e-07
 7.98129e-07
 6.71732e-07
 5.73086e-07
 4.94625e-07
 4.31201e-07
 3.79206e-07
 3.36055e-07
 2.99853e-07
 2.69186e-07
 2.42983e-07
 2.20419e-07
 2.00851e-07
 1.83772e-07
 1.68778e-07
 1.55543e-07
 1.43804e-07
 1.33342e-07
 1.33870e-06
 1.08323e-06
 8.93259e-07
 7.48465e-07
 6.35744e-07
 5.46374e-07
 4.74386e-07
 4.15587e-07
 3.66969e-07
 3.26329e-07
 2.92025e-07
 2.62814e-07
 2.37744e-07
 2.16071e-07
 1.97212e-07
 1.80703e-07
 1.66172e-07
 1.53315e-07
 1.41887e-07
 1.31685e-07
 1.16542e-06
 9.66155e-07
 8.11508e-07
 6.89755e-07
 5.92552e-07
 5.13927e-07
 4.49559e-07
 3.96280e-07
 3.51737e-07
 3.14156e-07
 2.82183e-07
 2.54773e-07
 2.31110e-07
 2.10551e-07
 1.92582e-07
 1.76791e-07
 1.62843e-07
 1.50466e-07
 1.39434e-07
 1.29561e-07
 9.94643e-07
 8.46149e-07
 7.25164e-07
 6.26283e-07
 5.44981e-07
 4.77649e-07
 4.21457e-07
 3.74203e-07
 3.34171e-07
 3.00016e-07
 2.70681e-07
 2.45326e-07
 2.23283e-07
 2.04012e-07
 1.87079e-07
 1.72127e-07
 1.58865e-07
 1.47053e-07
 1.36489e-07
 1.27007e-07
 8.37659e-07
 7.31172e-07
 6.39710e-07
 5.61819e-07
 4.95647e-07
 4.39376e-07
 3.91386e-07
 3.50297e-07
 3.14958e-07
 2.84418e-07
 2.57899e-07
 2.34762e-07
 2.14481e-07
 1.96625e-07
 1.80835e-07
 1.66817e-07
 1.54322e-07
 1.43143e-07
 1.33107e-07
 1.24067e-07
 7.00000e-07
 6.26139e-07
 5.59023e-07
 4.99288e-07
 4.46717e-07
 4.00709e-07
 3.60532e-07
 3.25445e-07
 2.94760e-07
 2.67863e-07
 2.44221e-07
 2.23375e-07
 2.04935e-07
 1.88568e-07
 1.73993e-07
 1.60972e-07
 1.49302e-07
 1.38809e-07
 1.29348e-07
 1.20791e-07
 5.82987e-07
 5.33345e-07
 4.85405e-07
 4.40678e-07
 3.99807e-07
 3.62925e-07
 3.29889e-07
 3.00417e-07
 2.74175e-07
 2.50815e-07
 2.30008e-07
 2.11450e-07
 1.94868e-07
 1.80021e-07
 1.66696e-07
 1.54709e-07
 1.43899e-07
 1.34127e-07
 1.25271e-07
 1.17227e-07
 4.85458e-07
 4.53220e-07
 4.19878e-07
 3.87136e-07
 3.55988e-07
 3.26948e-07
 3.00226e-07
 2.75842e-07
 2.53710e-07
 2.33683e-07
 2.15589e-07
 1.99251e-07
 1.84494e-07
 1.71154e-07
 1.59081e-07
 1.48139e-07
 1.38206e-07
 1.29172e-07
 1.20942e-07
 1.13429e-07
