scalar
part
         1
quad4
 5.80490e-07
 5.34901e-07
 4.89928e-07
 4.47200e-07
 4.07557e-07
 3.71331e-07
 3.38545e-07
 3.09046e-07
 2.82594e-07
 2.58911e-07
 2.37716e-07
 2.18736e-07
 2.01722e-07
 1.86446e-07
 1.72707e-07
 1.60324e-07
 1.49140e-07
 1.39017e-07
 1.29835e-07
 1.21487e-07
 6.87083e-07
 6.21030e-07
 5.59246e-07
 5.02974e-07
 4.52532e-07
 4.07736e-07
 3.68153e-07
 3.33256e-07
 3.02502e-07
 2.75377e-07
 2.51411e-07
 2.30192e-07
 2.11357e-07
 1.94593e-07
 1.79630e-07
 1.66235e-07
 1.54212e-07
 1.43387e-07
 1.33616e-07
 1.24771e-07
 8.12971e-07
 7.19126e-07
 6.35756e-07
 5.62892e-07
 4.99737e-07
 4.45186e-07
 3.98087e-07
 3.57365e-07
 3.22066e-07
 2.91369e-07
 2.64578e-07
 2.41105e-07
 2.20460e-07
 2.02233e-07
 1.86079e-07
 1.71709e-07
 1.58881e-07
 1.47390e-07
 1.37063e-07
 1.27753e-07
 9.58384e-07
 8.27980e-07
 7.17842e-07
 6.25381e-07
 5.47803e-07
 4.82551e-07
 4.27437e-07
 3.80651e-07
 3.40717e-07
 3.06442e-07
 2.76862e-07
 2.51195e-07
 2.28810e-07
 2.09190e-07
 1.91913e-07
 1.76631e-07
 1.63057e-07
 1.50952e-07
 1.40116e-07
 1.30382e-07
 1.12052e-06
 9.44218e-07
 8.02463e-07
 6.87963e-07
 5.94799e-07
 5.18355e-07
 4.55084e-07
 4.02266e-07
 3.57811e-07
 3.20104e-07
 2.87887e-07
 2.60172e-07
 2.36180e-07
 2.15286e-07
 1.96991e-07
 1.80889e-07
 1.66649e-07
 1.54000e-07
 1.42716e-07
 1.32610e-07
 1.29172e-06
 1.06157e-06
 8.84916e-07
 7.47224e-07
 6.38272e-07
 5.50836e-07
 4.79755e-07
 4.21283e-07
 3.72665e-07
 3.31846e-07
 2.97271e-07
 2.67746e-07
 2.42347e-07
 2.20351e-07
 2.01181e-07
 1.84380e-07
 1.69576e-07
 1.56468e-07
 1.44809e-07
 1.34395e-07
 1.45801e-06
 1.17062e-06
 9.58952e-07
 7.99003e-07
 6.75417e-07
 5.78076e-07
 5.00115e-07
 4.36759e-07
 3.84604e-07
 3.41179e-07
 3.04652e-07
 2.73647e-07
 2.47110e-07
 2.24228e-07
 2.04363e-07
 1.87010e-07
 1.71764e-07
 1.58300e-07
 1.46351e-07
 1.35699e-07
 1.59948e-06
 1.25960e-06
 1.01745e-06
 8.38866e-07
 7.03395e-07
 5.98206e-07
 5.14909e-07
 4.47830e-07
 3.93023e-07
 3.47670e-07
 3.09719e-07
 2.77645e-07
 2.50296e-07
 2.26789e-07
 2.06438e-07
 1.88702e-07
 1.73154e-07
 1.59447e-07
 1.47303e-07
 1.36493e-07
 1.69392e-06
 1.31662e-06
 1.05369e-06
 8.62830e-07
 7.19752e-07
 6.09665e-07
 5.23111e-07
 4.53808e-07
 3.97447e-07
 3.50987e-07
 3.12233e-07
 2.79568e-07
 2.51778e-07
 2.27939e-07
 2.07334e-07
 1.89404e-07
 1.73704e-07
 1.59879e-07
 1.47642e-07
 1.36758e-07
 1.72366e-06
 1.33285e-06
 1.06291e-06
 8.68173e-07
 7.22861e-07
 6.11441e-07
 5.24073e-07
 4.54265e-07
 3.97588e-07
 3.50930e-07
 3.12054e-07
 2.79316e-07
 2.51485e-07
 2.27625e-07
 2.07013e-07
 1.89084e-07
 1.73391e-07
 1.59576e-07
 1.47352e-07
 1.36482e-07
 1.68235e-06
 1.30525e-06
 1.04354e-06
 8.54047e-07
 7.12239e-07
 6.03249e-07
 5.17622e-07
 4.49093e-07
 3.93378e-07
 3.47457e-07
 3.09156e-07
 2.76872e-07
 2.49404e-07
 2.25839e-07
 2.05469e-07
 1.87740e-07
 1.72214e-07
 1.58540e-07
 1.46434e-07
 1.35665e-07
 1.57726e-06
 1.23756e-06
 9.97657e-07
 8.21679e-07
 6.88648e-07
 5.85586e-07
 5.04091e-07
 4.38524e-07
 3.84981e-07
 3.40687e-07
 3.03625e-07
 2.72300e-07
 2.45587e-07
 2.22621e-07
 2.02733e-07
 1.85397e-07
 1.70192e-07
 1.56785e-07
 1.44901e-07
 1.34319e-07
 1.42593e-06
 1.13891e-06
 9.30367e-07
 7.74080e-07
 6.53952e-07
 5.59646e-07
 4.84273e-07
 4.23098e-07
 3.72775e-07
 3.30888e-07
 2.95658e-07
 2.65748e-07
 2.40143e-07
 2.18055e-07
 1.98871e-07
 1.82104e-07
 1.67366e-07
 1.54343e-07
 1.42779e-07
 1.32464e-07
 1.24992e-06
 1.02112e-06
 8.48518e-07
 7.15403e-07
 6.10763e-07
 5.27130e-07
 4.59308e-07
 4.03598e-07
 3.57311e-07
 3.18457e-07
 2.85544e-07
 2.57429e-07
 2.33232e-07
 2.12263e-07
 1.93976e-07
 1.77937e-07
 1.63794e-07
 1.51261e-07
 1.40104e-07
 1.30131e-07
 1.06901e-06
 8.95894e-07
 7.59267e-07
 6.50167e-07
 5.62019e-07
 4.89999e-07
 4.30535e-07
 3.80958e-07
 3.39252e-07
 3.03875e-07
 2.73636e-07
 2.47607e-07
 2.25055e-07
 2.05398e-07
 1.88169e-07
 1.72988e-07
 1.59549e-07
 1.47598e-07
 1.36925e-07
 1.27358e-07
 8.97844e-07
 7.72805e-07
 6.68914e-07
 5.82576e-07
 5.10575e-07
 4.50223e-07
 3.99337e-07
 3.56168e-07
 3.19316e-07
 2.87668e-07
 2.60329e-07
 2.36579e-07
 2.15839e-07
 1.97636e-07
 1.81584e-07
 1.67365e-07
 1.54717e-07
 1.43422e-07
 1.33297e-07
 1.24189e-07
 7.44954e-07
 6.58399e-07
 5.82241e-07
 5.16070e-07
 4.58900e-07
 4.09586e-07
 3.67013e-07
 3.30179e-07
 2.98211e-07
 2.70368e-07
 2.46023e-07
 2.24654e-07
 2.05823e-07
 1.89163e-07
 1.74370e-07
 1.61185e-07
 1.49392e-07
 1.38809e-07
 1.29280e-07
 1.20675e-07
 6.13724e-07
 5.56265e-07
 5.02347e-07
 4.53131e-07
 4.08918e-07
 3.69557e-07
 3.34682e-07
 3.03846e-07
 2.76590e-07
 2.52476e-07
 2.31109e-07
 2.12134e-07
 1.95243e-07
 1.80168e-07
 1.66675e-07
 1.54567e-07
 1.43670e-07
 1.33837e-07
 1.24940e-07
 1.16869e-07
 5.04051e-07
 4.67664e-07
 4.30840e-07
 3.95302e-07
 3.61965e-07
 3.31240e-07
 3.03233e-07
 2.77878e-07
 2.55014e-07
 2.34441e-07
 2.15941e-07
 1.99303e-07
 1.84327e-07
 1.70830e-07
 1.58647e-07
 1.47630e-07
 1.37648e-07
 1.28585e-07
 1.20341e-07
 1.12825e-07
 4.13930e-07
 3.92310e-07
 3.68200e-07
 3.43340e-07
 3.18845e-07
 2.95382e-07
 2.73320e-07
 2.52827e-07
 2.33944e-07
 2.16637e-07
 2.00826e-07
 1.86411e-07
 1.73280e-07
 1.61320e-07
 1.50424e-07
 1.40488e-07
 1.31420e-07
 1.23133e-07
 1.15548e-07
 1.08598e-07
