scalar
part
         1
quad4
 3.83055e-07
 3.65972e-07
 3.45820e-07
 3.24348e-07
 3.02719e-07
 2.81663e-07
 2.61615e-07
 2.42804e-07
 2.25328e-07
 2.09200e-07
 1.94380e-07
 1.80799e-07
 1.68374e-07
 1.57014e-07
 1.46630e-07
 1.37132e-07
 1.28441e-07
 1.20478e-07
 1.13176e-07
 1.06470e-07
 4.69863e-07
 4.39166e-07
 4.07130e-07
 3.75558e-07
 3.45480e-07
 3.17421e-07
 2.91596e-07
 2.68028e-07
 2.46633e-07
 2.27270e-07
 2.09775e-07
 1.93973e-07
 1.79698e-07
 1.66790e-07
 1.55105e-07
 1.44511e-07
 1.34891e-07
 1.26139e-07
 1.18162e-07
 1.10877e-07
 5.76205e-07
 5.25824e-07
 4.77618e-07
 4.32965e-07
 3.92383e-07
 3.55913e-07
 3.23348e-07
 2.94365e-07
 2.68606e-07
 2.45708e-07
 2.25335e-07
 2.07179e-07
 1.90966e-07
 1.76456e-07
 1.63437e-07
 1.51729e-07
 1.41172e-07
 1.31628e-07
 1.22980e-07
 1.15123e-07
 7.04436e-07
 6.26536e-07
 5.57040e-07
 4.95981e-07
 4.42743e-07
 3.96471e-07
 3.56270e-07
 3.21300e-07
 2.90812e-07
 2.64151e-07
 2.40762e-07
 2.20170e-07
 2.01976e-07
 1.85844e-07
 1.71489e-07
 1.58671e-07
 1.47189e-07
 1.36868e-07
 1.27564e-07
 1.19151e-07
 8.55270e-07
 7.40489e-07
 6.44090e-07
 5.63258e-07
 4.95346e-07
 4.38066e-07
 3.89518e-07
 3.48149e-07
 3.12702e-07
 2.82161e-07
 2.55704e-07
 2.32665e-07
 2.12503e-07
 1.94773e-07
 1.79112e-07
 1.65218e-07
 1.52843e-07
 1.41778e-07
 1.31848e-07
 1.22907e-07
 1.02626e-06
 8.64673e-07
 7.36012e-07
 6.32513e-07
 5.48380e-07
 4.79291e-07
 4.22005e-07
 3.74075e-07
 3.33631e-07
 2.99236e-07
 2.69772e-07
 2.44359e-07
 2.22304e-07
 2.03051e-07
 1.86152e-07
 1.71246e-07
 1.58036e-07
 1.46276e-07
 1.35766e-07
 1.26336e-07
 1.21007e-06
 9.93176e-07
 8.28344e-07
 7.00460e-07
 5.99443e-07
 5.18387e-07
 4.52439e-07
 3.98119e-07
 3.52883e-07
 3.14837e-07
 2.82552e-07
 2.54934e-07
 2.31133e-07
 2.10484e-07
 1.92459e-07
 1.76634e-07
 1.62668e-07
 1.50284e-07
 1.39252e-07
 1.29384e-07
 1.39329e-06
 1.11691e-06
 9.14959e-07
 7.62938e-07
 6.45677e-07
 5.53360e-07
 4.79407e-07
 4.19268e-07
 3.69717e-07
 3.28416e-07
 2.93637e-07
 2.64080e-07
 2.38754e-07
 2.16890e-07
 1.97886e-07
 1.81267e-07
 1.66650e-07
 1.53728e-07
 1.42248e-07
 1.32004e-07
 1.55661e-06
 1.22419e-06
 9.88595e-07
 8.15308e-07
 6.84036e-07
 5.82166e-07
 5.01504e-07
 4.36534e-07
 3.83428e-07
 3.39461e-07
 3.02647e-07
 2.71514e-07
 2.44949e-07
 2.22101e-07
 2.02307e-07
 1.85046e-07
 1.69902e-07
 1.56545e-07
 1.44702e-07
 1.34154e-07
 1.67754e-06
 1.30251e-06
 1.04193e-06
 8.53100e-07
 7.11692e-07
 6.02953e-07
 5.17485e-07
 4.49061e-07
 3.93413e-07
 3.47537e-07
 3.09265e-07
 2.76999e-07
 2.49542e-07
 2.25983e-07
 2.05615e-07
 1.87886e-07
 1.72359e-07
 1.58682e-07
 1.46573e-07
 1.35800e-07
 1.73595e-06
 1.34134e-06
 1.06908e-06
 8.72832e-07
 7.26488e-07
 6.14335e-07
 5.26430e-07
 4.56219e-07
 3.99231e-07
 3.52329e-07
 3.13259e-07
 2.80364e-07
 2.52403e-07
 2.28436e-07
 2.07734e-07
 1.89729e-07
 1.73972e-07
 1.60102e-07
 1.47829e-07
 1.36917e-07
 1.72134e-06
 1.33534e-06
 1.06708e-06
 8.72758e-07
 7.27342e-07
 6.15611e-07
 5.27868e-07
 4.57682e-07
 4.00650e-07
 3.53670e-07
 3.14508e-07
 2.81516e-07
 2.53462e-07
 2.29406e-07
 2.08621e-07
 1.90541e-07
 1.74715e-07
 1.60782e-07
 1.48453e-07
 1.37490e-07
 1.63774e-06
 1.28626e-06
 1.03675e-06
 8.53284e-07
 7.14456e-07
 6.06883e-07
 5.21848e-07
 4.53473e-07
 3.97678e-07
 3.51559e-07
 3.13005e-07
 2.80449e-07
 2.52710e-07
 2.28884e-07
 2.08270e-07
 1.90315e-07
 1.74581e-07
 1.60718e-07
 1.48440e-07
 1.37516e-07
 1.50221e-06
 1.20242e-06
 9.82487e-07
 8.16862e-07
 6.89270e-07
 5.89030e-07
 5.08925e-07
 4.43950e-07
 3.90553e-07
 3.46157e-07
 3.08862e-07
 2.77241e-07
 2.50204e-07
 2.26913e-07
 2.06708e-07
 1.89072e-07
 1.73588e-07
 1.59921e-07
 1.47800e-07
 1.37000e-07
 1.33770e-06
 1.09586e-06
 9.10978e-07
 7.67399e-07
 6.54160e-07
 5.63546e-07
 4.90068e-07
 4.29760e-07
 3.79715e-07
 3.37770e-07
 3.02297e-07
 2.72047e-07
 2.46057e-07
 2.23574e-07
 2.04000e-07
 1.86860e-07
 1.71770e-07
 1.58419e-07
 1.46553e-07
 1.35959e-07
 1.16542e-06
 9.78917e-07
 8.29579e-07
 7.09416e-07
 6.11985e-07
 5.32292e-07
 4.66517e-07
 4.11746e-07
 3.65750e-07
 3.26814e-07
 2.93606e-07
 2.65086e-07
 2.40431e-07
 2.18989e-07
 2.00236e-07
 1.83749e-07
 1.69183e-07
 1.56255e-07
 1.44733e-07
 1.34422e-07
 1.00057e-06
 8.61668e-07
 7.44886e-07
 6.47252e-07
 5.65640e-07
 4.97228e-07
 4.39622e-07
 3.90855e-07
 3.49333e-07
 3.13774e-07
 2.83147e-07
 2.56621e-07
 2.33523e-07
 2.13309e-07
 1.95532e-07
 1.79828e-07
 1.65895e-07
 1.53483e-07
 1.42383e-07
 1.32420e-07
 8.51681e-07
 7.50959e-07
 6.61956e-07
 5.84531e-07
 5.17700e-07
 4.60187e-07
 4.10697e-07
 3.68036e-07
 3.31156e-07
 2.99163e-07
 2.71301e-07
 2.46940e-07
 2.25553e-07
 2.06702e-07
 1.90019e-07
 1.75200e-07
 1.61988e-07
 1.50167e-07
 1.39555e-07
 1.29997e-07
 7.22129e-07
 6.50591e-07
 5.84129e-07
 5.23930e-07
 4.70223e-07
 4.22726e-07
 3.80912e-07
 3.44168e-07
 3.11883e-07
 2.83483e-07
 2.58453e-07
 2.36339e-07
 2.16750e-07
 1.99345e-07
 1.83837e-07
 1.69976e-07
 1.57550e-07
 1.46379e-07
 1.36306e-07
 1.27199e-07
 6.11991e-07
 5.62058e-07
 5.13244e-07
 4.67188e-07
 4.24699e-07
 3.86057e-07
 3.51230e-07
 3.20011e-07
 2.92107e-07
 2.67198e-07
 2.44964e-07
 2.25103e-07
 2.07337e-07
 1.91419e-07
 1.77127e-07
 1.64268e-07
 1.52672e-07
 1.42191e-07
 1.32696e-07
 1.24075e-07
