scalar
part
         1
quad4
 6.50957e-07
 5.95614e-07
 5.42021e-07
 4.91827e-07
 4.45804e-07
 4.04169e-07
 3.66817e-07
 3.33471e-07
 3.03777e-07
 2.77357e-07
 2.53846e-07
 2.32900e-07
 2.14212e-07
 1.97504e-07
 1.82536e-07
 1.69093e-07
 1.56993e-07
 1.46074e-07
 1.36197e-07
 1.27241e-07
 7.65632e-07
 6.87229e-07
 6.14918e-07
 5.49819e-07
 4.92049e-07
 4.41195e-07
 3.96613e-07
 3.57585e-07
 3.23408e-07
 2.93435e-07
 2.67092e-07
 2.43878e-07
 2.23361e-07
 2.05170e-07
 1.88992e-07
 1.74559e-07
 1.61641e-07
 1.50044e-07
 1.39603e-07
 1.30175e-07
 8.99909e-07
 7.90531e-07
 6.94457e-07
 6.11322e-07
 5.39902e-07
 4.78702e-07
 4.26241e-07
 3.81176e-07
 3.42341e-07
 3.08746e-07
 2.79564e-07
 2.54108e-07
 2.31808e-07
 2.12188e-07
 1.94857e-07
 1.79487e-07
 1.65804e-07
 1.53578e-07
 1.42616e-07
 1.32754e-07
 1.05331e-06
 9.03668e-07
 7.78515e-07
 6.74386e-07
 5.87728e-07
 5.15375e-07
 4.54668e-07
 4.03441e-07
 3.59952e-07
 3.22805e-07
 2.90885e-07
 2.63298e-07
 2.39323e-07
 2.18377e-07
 1.99987e-07
 1.83764e-07
 1.69389e-07
 1.56600e-07
 1.45175e-07
 1.34931e-07
 1.22176e-06
 1.02229e-06
 8.63371e-07
 7.36083e-07
 6.33306e-07
 5.49555e-07
 4.80660e-07
 4.23462e-07
 3.75555e-07
 3.35097e-07
 3.00664e-07
 2.71148e-07
 2.45676e-07
 2.23558e-07
 2.04241e-07
 1.87279e-07
 1.72311e-07
 1.59041e-07
 1.47225e-07
 1.36661e-07
 1.39555e-06
 1.13882e-06
 9.43518e-07
 7.92524e-07
 6.73907e-07
 5.79320e-07
 5.02854e-07
 4.40261e-07
 3.88443e-07
 3.45103e-07
 3.08517e-07
 2.77371e-07
 2.50651e-07
 2.27565e-07
 2.07492e-07
 1.89934e-07
 1.74491e-07
 1.60841e-07
 1.48717e-07
 1.37904e-07
 1.55792e-06
 1.24232e-06
 1.01192e-06
 8.39145e-07
 7.06527e-07
 6.02661e-07
 5.19880e-07
 4.52890e-07
 3.97946e-07
 3.52345e-07
 3.14097e-07
 2.81711e-07
 2.54055e-07
 2.30256e-07
 2.09631e-07
 1.91644e-07
 1.75864e-07
 1.61947e-07
 1.49611e-07
 1.38627e-07
 1.68599e-06
 1.31976e-06
 1.06094e-06
 8.71326e-07
 7.28284e-07
 6.17728e-07
 5.30522e-07
 4.60528e-07
 4.03501e-07
 3.56427e-07
 3.17122e-07
 2.83965e-07
 2.55741e-07
 2.31518e-07
 2.10575e-07
 1.92346e-07
 1.76382e-07
 1.62323e-07
 1.49878e-07
 1.38810e-07
 1.75593e-06
 1.35892e-06
 1.08393e-06
 8.85263e-07
 7.36908e-07
 6.23115e-07
 5.33879e-07
 4.62585e-07
 4.04710e-07
 3.57078e-07
 3.17401e-07
 2.83998e-07
 2.55611e-07
 2.31281e-07
 2.10271e-07
 1.92001e-07
 1.76015e-07
 1.61946e-07
 1.49501e-07
 1.38437e-07
 1.75159e-06
 1.35222e-06
 1.07702e-06
 8.78856e-07
 7.31199e-07
 6.18111e-07
 5.29518e-07
 4.58787e-07
 4.01398e-07
 3.54181e-07
 3.14859e-07
 2.81759e-07
 2.53630e-07
 2.29522e-07
 2.08703e-07
 1.90598e-07
 1.74755e-07
 1.60812e-07
 1.48475e-07
 1.37508e-07
 1.67202e-06
 1.29953e-06
 1.04032e-06
 8.52261e-07
 7.11308e-07
 6.02842e-07
 5.17542e-07
 4.49220e-07
 3.93635e-07
 3.47794e-07
 3.09541e-07
 2.77283e-07
 2.49828e-07
 2.26266e-07
 2.05892e-07
 1.88155e-07
 1.72618e-07
 1.58932e-07
 1.46813e-07
 1.36031e-07
 1.53176e-06
 1.20826e-06
 9.77902e-07
 8.07871e-07
 6.78713e-07
 5.78266e-07
 4.98592e-07
 4.34325e-07
 3.81730e-07
 3.38141e-07
 3.01613e-07
 2.70697e-07
 2.44302e-07
 2.21585e-07
 2.01895e-07
 1.84717e-07
 1.69640e-07
 1.56336e-07
 1.44537e-07
 1.34025e-07
 1.35406e-06
 1.09058e-06
 8.96612e-07
 7.49742e-07
 6.35932e-07
 5.46002e-07
 4.73745e-07
 4.14839e-07
 3.66203e-07
 3.25594e-07
 2.91346e-07
 2.62203e-07
 2.37202e-07
 2.15598e-07
 1.96804e-07
 1.80355e-07
 1.65877e-07
 1.53070e-07
 1.41685e-07
 1.31521e-07
 1.16242e-06
 9.59812e-07
 8.04315e-07
 6.82714e-07
 5.86047e-07
 5.08077e-07
 4.44370e-07
 3.91709e-07
 3.47723e-07
 3.10636e-07
 2.79096e-07
 2.52064e-07
 2.28730e-07
 2.08457e-07
 1.90737e-07
 1.75162e-07
 1.61403e-07
 1.49191e-07
 1.38304e-07
 1.28558e-07
 9.75382e-07
 8.27524e-07
 7.08368e-07
 6.11560e-07
 5.32224e-07
 4.66636e-07
 4.11951e-07
 3.65983e-07
 3.27043e-07
 2.93815e-07
 2.65269e-07
 2.40586e-07
 2.19118e-07
 2.00341e-07
 1.83833e-07
 1.69249e-07
 1.56306e-07
 1.44771e-07
 1.34450e-07
 1.25180e-07
 8.04839e-07
 7.02172e-07
 6.14654e-07
 5.40366e-07
 4.77319e-07
 4.23697e-07
 3.77932e-07
 3.38706e-07
 3.04929e-07
 2.75703e-07
 2.50293e-07
 2.28096e-07
 2.08617e-07
 1.91446e-07
 1.76246e-07
 1.62737e-07
 1.50682e-07
 1.39888e-07
 1.30187e-07
 1.21441e-07
 6.56623e-07
 5.88879e-07
 5.27234e-07
 4.72219e-07
 4.23641e-07
 3.80978e-07
 3.43593e-07
 3.10837e-07
 2.82104e-07
 2.56848e-07
 2.34591e-07
 2.14920e-07
 1.97482e-07
 1.81972e-07
 1.68136e-07
 1.55752e-07
 1.44634e-07
 1.34623e-07
 1.25583e-07
 1.17396e-07
 5.32065e-07
 4.89945e-07
 4.48439e-07
 4.09158e-07
 3.72862e-07
 3.39811e-07
 3.09980e-07
 2.83194e-07
 2.59207e-07
 2.37750e-07
 2.18555e-07
 2.01368e-07
 1.85958e-07
 1.72116e-07
 1.59658e-07
 1.48422e-07
 1.38265e-07
 1.29063e-07
 1.20707e-07
 1.13101e-07
 4.29738e-07
 4.05655e-07
 3.79211e-07
 3.52291e-07
 3.26045e-07
 3.01131e-07
 2.77881e-07
 2.56425e-07
 2.36766e-07
 2.18837e-07
 2.02530e-07
 1.87718e-07
 1.74270e-07
 1.62059e-07
 1.50963e-07
 1.40869e-07
 1.31676e-07
 1.23289e-07
 1.15627e-07
 1.08616e-07
 3.46883e-07
 3.35057e-07
 3.19514e-07
 3.02003e-07
 2.83734e-07
 2.65508e-07
 2.47831e-07
 2.31005e-07
 2.15190e-07
 2.00454e-07
 1.86804e-07
 1.74210e-07
 1.62619e-07
 1.51968e-07
 1.42188e-07
 1.33208e-07
 1.24960e-07
 1.17382e-07
 1.10411e-07
 1.03994e-07
