scalar
part
         1
quad4
 4.74097e-07
 4.43005e-07
 4.10851e-07
 3.79241e-07
 3.49121e-07
 3.20990e-07
 2.95055e-07
 2.71347e-07
 2.49791e-07
 2.30253e-07
 2.12575e-07
 1.96591e-07
 1.82135e-07
 1.69054e-07
 1.57203e-07
 1.46452e-07
 1.36684e-07
 1.27794e-07
 1.19689e-07
 1.12286e-07
 5.68669e-07
 5.20898e-07
 4.74727e-07
 4.31578e-07
 3.92067e-07
 3.56336e-07
 3.24263e-07
 2.95593e-07
 2.70017e-07
 2.47212e-07
 2.26869e-07
 2.08699e-07
 1.92443e-07
 1.77872e-07
 1.64782e-07
 1.52996e-07
 1.42359e-07
 1.32736e-07
 1.24009e-07
 1.16078e-07
 6.82068e-07
 6.11133e-07
 5.46561e-07
 4.88955e-07
 4.38129e-07
 3.93537e-07
 3.54506e-07
 3.20345e-07
 2.90413e-07
 2.64130e-07
 2.40992e-07
 2.20563e-07
 2.02469e-07
 1.86393e-07
 1.72063e-07
 1.59250e-07
 1.47756e-07
 1.37416e-07
 1.28086e-07
 1.19643e-07
 8.15511e-07
 7.13401e-07
 6.25456e-07
 5.50331e-07
 4.86316e-07
 4.31728e-07
 3.85056e-07
 3.45006e-07
 3.10491e-07
 2.80613e-07
 2.54629e-07
 2.31928e-07
 2.12007e-07
 1.94449e-07
 1.78909e-07
 1.65101e-07
 1.52785e-07
 1.41760e-07
 1.31856e-07
 1.22930e-07
 9.67970e-07
 8.25690e-07
 7.09327e-07
 6.13870e-07
 5.35118e-07
 4.69702e-07
 4.14966e-07
 3.68834e-07
 3.29675e-07
 2.96210e-07
 2.67425e-07
 2.42515e-07
 2.20835e-07
 2.01864e-07
 1.85180e-07
 1.70438e-07
 1.57353e-07
 1.45692e-07
 1.35258e-07
 1.25888e-07
 1.13460e-06
 9.43569e-07
 7.94609e-07
 6.76844e-07
 5.82486e-07
 5.05929e-07
 4.43094e-07
 3.90973e-07
 3.47318e-07
 3.10429e-07
 2.79003e-07
 2.52033e-07
 2.28727e-07
 2.08460e-07
 1.90734e-07
 1.75146e-07
 1.61371e-07
 1.49140e-07
 1.38233e-07
 1.28469e-07
 1.30531e-06
 1.05975e-06
 8.76188e-07
 7.35681e-07
 6.25913e-07
 5.38635e-07
 4.68168e-07
 4.10501e-07
 3.62742e-07
 3.22767e-07
 2.88986e-07
 2.60194e-07
 2.35462e-07
 2.14067e-07
 1.95438e-07
 1.79122e-07
 1.64754e-07
 1.52036e-07
 1.40728e-07
 1.30628e-07
 1.46432e-06
 1.16432e-06
 9.47734e-07
 7.86251e-07
 6.62646e-07
 5.65948e-07
 4.88889e-07
 4.26500e-07
 3.75289e-07
 3.32744e-07
 2.97018e-07
 2.66733e-07
 2.40839e-07
 2.18529e-07
 1.99173e-07
 1.82271e-07
 1.67428e-07
 1.54322e-07
 1.42694e-07
 1.32329e-07
 1.59204e-06
 1.24603e-06
 1.00252e-06
 8.24377e-07
 6.90010e-07
 5.86102e-07
 5.04064e-07
 4.38147e-07
 3.84379e-07
 3.39944e-07
 3.02796e-07
 2.71424e-07
 2.44689e-07
 2.21719e-07
 2.01838e-07
 1.84517e-07
 1.69334e-07
 1.55950e-07
 1.44093e-07
 1.33538e-07
 1.66918e-06
 1.29452e-06
 1.03462e-06
 8.46521e-07
 7.05801e-07
 5.97678e-07
 5.12753e-07
 4.44802e-07
 3.89566e-07
 3.44049e-07
 3.06090e-07
 2.74100e-07
 2.46886e-07
 2.23540e-07
 2.03362e-07
 1.85802e-07
 1.70426e-07
 1.56885e-07
 1.44898e-07
 1.34235e-07
 1.68237e-06
 1.30289e-06
 1.04024e-06
 8.50460e-07
 7.08662e-07
 5.99818e-07
 5.14393e-07
 4.46085e-07
 3.90588e-07
 3.44875e-07
 3.06768e-07
 2.74662e-07
 2.47357e-07
 2.23939e-07
 2.03703e-07
 1.86096e-07
 1.70680e-07
 1.57106e-07
 1.45092e-07
 1.34407e-07
 1.62879e-06
 1.26976e-06
 1.01863e-06
 8.35774e-07
 6.98341e-07
 5.92362e-07
 5.08880e-07
 4.41926e-07
 3.87396e-07
 3.42389e-07
 3.04804e-07
 2.73092e-07
 2.46089e-07
 2.22905e-07
 2.02852e-07
 1.85390e-07
 1.70091e-07
 1.56611e-07
 1.44673e-07
 1.34050e-07
 1.51757e-06
 1.19979e-06
 9.72366e-07
 8.03954e-07
 6.75745e-07
 5.75883e-07
 4.96587e-07
 4.32577e-07
 3.80164e-07
 3.36710e-07
 3.00285e-07
 2.69454e-07
 2.43129e-07
 2.20473e-07
 2.00837e-07
 1.83707e-07
 1.68674e-07
 1.55411e-07
 1.43650e-07
 1.33173e-07
 1.36682e-06
 1.10241e-06
 9.06696e-07
 7.58093e-07
 6.42776e-07
 5.51594e-07
 4.78313e-07
 4.18575e-07
 3.69262e-07
 3.28101e-07
 2.93401e-07
 2.63886e-07
 2.38579e-07
 2.16720e-07
 1.97715e-07
 1.81090e-07
 1.66465e-07
 1.53533e-07
 1.42045e-07
 1.31793e-07
 1.19755e-06
 9.89193e-07
 8.28332e-07
 7.02257e-07
 6.01991e-07
 5.21156e-07
 4.55166e-07
 4.00679e-07
 3.55222e-07
 3.16940e-07
 2.84424e-07
 2.56588e-07
 2.32589e-07
 2.11760e-07
 1.93575e-07
 1.77608e-07
 1.63516e-07
 1.51021e-07
 1.39891e-07
 1.29937e-07
 1.02793e-06
 8.71069e-07
 7.44030e-07
 6.40737e-07
 5.56188e-07
 4.86438e-07
 4.28424e-07
 3.79781e-07
 3.38677e-07
 3.03685e-07
 2.73691e-07
 2.47812e-07
 2.25348e-07
 2.05737e-07
 1.88526e-07
 1.73346e-07
 1.59896e-07
 1.47927e-07
 1.37232e-07
 1.27640e-07
 8.70241e-07
 7.56506e-07
 6.59513e-07
 5.77412e-07
 5.08026e-07
 4.49288e-07
 3.99390e-07
 3.56813e-07
 3.20302e-07
 2.88834e-07
 2.61572e-07
 2.37836e-07
 2.17068e-07
 1.98814e-07
 1.82696e-07
 1.68406e-07
 1.55683e-07
 1.44315e-07
 1.34118e-07
 1.24942e-07
 7.30828e-07
 6.50905e-07
 5.78942e-07
 5.15364e-07
 4.59757e-07
 4.11350e-07
 3.69269e-07
 3.32664e-07
 3.00763e-07
 2.72885e-07
 2.48446e-07
 2.26950e-07
 2.07975e-07
 1.91166e-07
 1.76224e-07
 1.62895e-07
 1.50965e-07
 1.40254e-07
 1.30606e-07
 1.21891e-07
 6.11565e-07
 5.56954e-07
 5.04874e-07
 4.56745e-07
 4.13098e-07
 3.73960e-07
 3.39091e-07
 3.08127e-07
 2.80666e-07
 2.56308e-07
 2.34678e-07
 2.15440e-07
 1.98292e-07
 1.82971e-07
 1.69249e-07
 1.56927e-07
 1.45833e-07
 1.35819e-07
 1.26756e-07
 1.18534e-07
 5.11637e-07
 4.75366e-07
 4.38544e-07
 4.02847e-07
 3.69218e-07
 3.38110e-07
 3.09668e-07
 2.83856e-07
 2.60536e-07
 2.39520e-07
 2.20600e-07
 2.03570e-07
 1.88230e-07
 1.74399e-07
 1.61910e-07
 1.50613e-07
 1.40377e-07
 1.31084e-07
 1.22630e-07
 1.14924e-07
