scalar
part
         1
quad4
 3.79266e-07
 3.61765e-07
 3.41492e-07
 3.20087e-07
 2.98634e-07
 2.77811e-07
 2.58020e-07
 2.39469e-07
 2.22246e-07
 2.06354e-07
 1.91754e-07
 1.78375e-07
 1.66134e-07
 1.54941e-07
 1.44707e-07
 1.35346e-07
 1.26779e-07
 1.18929e-07
 1.11728e-07
 1.05115e-07
 4.63999e-07
 4.33171e-07
 4.01307e-07
 3.70068e-07
 3.40393e-07
 3.12756e-07
 2.87339e-07
 2.64152e-07
 2.43105e-07
 2.24057e-07
 2.06843e-07
 1.91293e-07
 1.77241e-07
 1.64532e-07
 1.53025e-07
 1.42590e-07
 1.33111e-07
 1.24486e-07
 1.16624e-07
 1.09443e-07
 5.67537e-07
 5.17554e-07
 4.69987e-07
 4.26051e-07
 3.86177e-07
 3.50363e-07
 3.18388e-07
 2.89928e-07
 2.64625e-07
 2.42125e-07
 2.22099e-07
 2.04245e-07
 1.88297e-07
 1.74019e-07
 1.61205e-07
 1.49676e-07
 1.39279e-07
 1.29877e-07
 1.21356e-07
 1.13613e-07
 6.92098e-07
 6.15475e-07
 5.47306e-07
 4.87482e-07
 4.35334e-07
 3.89999e-07
 3.50595e-07
 3.16301e-07
 2.86383e-07
 2.60208e-07
 2.37232e-07
 2.16994e-07
 1.99106e-07
 1.83237e-07
 1.69112e-07
 1.56495e-07
 1.45189e-07
 1.35025e-07
 1.25860e-07
 1.17570e-07
 8.38354e-07
 7.26179e-07
 6.32041e-07
 5.53090e-07
 4.86714e-07
 4.30683e-07
 3.83152e-07
 3.42615e-07
 3.07854e-07
 2.77882e-07
 2.51902e-07
 2.29267e-07
 2.09447e-07
 1.92010e-07
 1.76603e-07
 1.62929e-07
 1.50746e-07
 1.39850e-07
 1.30070e-07
 1.21261e-07
 1.00405e-06
 8.46873e-07
 7.21614e-07
 6.20722e-07
 5.38597e-07
 4.71070e-07
 4.15014e-07
 3.68063e-07
 3.28411e-07
 2.94662e-07
 2.65731e-07
 2.40764e-07
 2.19085e-07
 2.00151e-07
 1.83527e-07
 1.68857e-07
 1.55852e-07
 1.44273e-07
 1.33921e-07
 1.24631e-07
 1.18246e-06
 9.72070e-07
 8.11840e-07
 6.87272e-07
 5.88696e-07
 5.09476e-07
 4.44938e-07
 3.91720e-07
 3.47360e-07
 3.10022e-07
 2.78316e-07
 2.51178e-07
 2.27780e-07
 2.07471e-07
 1.89735e-07
 1.74160e-07
 1.60411e-07
 1.48216e-07
 1.37350e-07
 1.27628e-07
 1.36125e-06
 1.09330e-06
 8.96945e-07
 7.48779e-07
 6.34270e-07
 5.43979e-07
 4.71555e-07
 4.12599e-07
 3.63980e-07
 3.23428e-07
 2.89258e-07
 2.60204e-07
 2.35297e-07
 2.13788e-07
 1.95086e-07
 1.78727e-07
 1.64334e-07
 1.51607e-07
 1.40299e-07
 1.30207e-07
 1.52254e-06
 1.19956e-06
 9.69997e-07
 8.00775e-07
 6.72366e-07
 5.72584e-07
 4.93492e-07
 4.29733e-07
 3.77579e-07
 3.34375e-07
 2.98182e-07
 2.67562e-07
 2.41426e-07
 2.18940e-07
 1.99453e-07
 1.82457e-07
 1.67542e-07
 1.54384e-07
 1.42717e-07
 1.32324e-07
 1.64490e-06
 1.27875e-06
 1.02385e-06
 8.38873e-07
 7.00195e-07
 5.93463e-07
 5.09516e-07
 4.42271e-07
 3.87556e-07
 3.42432e-07
 3.04774e-07
 2.73018e-07
 2.45988e-07
 2.22790e-07
 2.02731e-07
 1.85268e-07
 1.69971e-07
 1.56495e-07
 1.44562e-07
 1.33946e-07
 1.70809e-06
 1.32024e-06
 1.05255e-06
 8.59537e-07
 7.15568e-07
 6.05209e-07
 5.18692e-07
 4.49575e-07
 3.93466e-07
 3.47280e-07
 3.08801e-07
 2.76398e-07
 2.48854e-07
 2.25241e-07
 2.04843e-07
 1.87100e-07
 1.71571e-07
 1.57901e-07
 1.45804e-07
 1.35048e-07
 1.70015e-06
 1.31800e-06
 1.05278e-06
 8.60844e-07
 7.17304e-07
 6.07063e-07
 5.20515e-07
 4.51300e-07
 3.95063e-07
 3.48743e-07
 3.10133e-07
 2.77607e-07
 2.49950e-07
 2.26234e-07
 2.05744e-07
 1.87919e-07
 1.72316e-07
 1.58581e-07
 1.46425e-07
 1.35616e-07
 1.62309e-06
 1.27284e-06
 1.02490e-06
 8.42952e-07
 7.05467e-07
 5.99047e-07
 5.14987e-07
 4.47435e-07
 3.92336e-07
 3.46808e-07
 3.08757e-07
 2.76632e-07
 2.49265e-07
 2.25761e-07
 2.05427e-07
 1.87717e-07
 1.72200e-07
 1.58527e-07
 1.46419e-07
 1.35645e-07
 1.49255e-06
 1.19235e-06
 9.72907e-07
 8.08084e-07
 6.81362e-07
 5.81956e-07
 5.02610e-07
 4.38308e-07
 3.85501e-07
 3.41620e-07
 3.04774e-07
 2.73544e-07
 2.46849e-07
 2.23857e-07
 2.03917e-07
 1.86513e-07
 1.71235e-07
 1.57752e-07
 1.45794e-07
 1.35140e-07
 1.33116e-06
 1.08826e-06
 9.03248e-07
 7.59987e-07
 6.47257e-07
 5.57216e-07
 4.84306e-07
 4.24532e-07
 3.74976e-07
 3.33471e-07
 2.98390e-07
 2.68490e-07
 2.42811e-07
 2.20603e-07
 2.01274e-07
 1.84352e-07
 1.69457e-07
 1.56281e-07
 1.44571e-07
 1.34119e-07
 1.16053e-06
 9.72929e-07
 8.23225e-07
 7.03113e-07
 6.05956e-07
 5.26641e-07
 4.61282e-07
 4.06927e-07
 3.61329e-07
 3.22764e-07
 2.89895e-07
 2.61682e-07
 2.37306e-07
 2.16115e-07
 1.97587e-07
 1.81303e-07
 1.66919e-07
 1.54156e-07
 1.42782e-07
 1.32606e-07
 9.96415e-07
 8.56658e-07
 7.39499e-07
 6.41806e-07
 5.60332e-07
 4.92169e-07
 4.34866e-07
 3.86421e-07
 3.45221e-07
 3.09971e-07
 2.79635e-07
 2.53378e-07
 2.30528e-07
 2.10539e-07
 1.92968e-07
 1.77451e-07
 1.63688e-07
 1.51430e-07
 1.40470e-07
 1.30636e-07
 8.47822e-07
 7.46527e-07
 6.57232e-07
 5.79730e-07
 5.12973e-07
 4.55629e-07
 4.06364e-07
 3.63954e-07
 3.27335e-07
 2.95600e-07
 2.67986e-07
 2.43859e-07
 2.22691e-07
 2.04042e-07
 1.87546e-07
 1.72898e-07
 1.59843e-07
 1.48166e-07
 1.37685e-07
 1.28248e-07
 7.18384e-07
 6.46514e-07
 5.79866e-07
 5.19615e-07
 4.65960e-07
 4.18588e-07
 3.76946e-07
 3.40403e-07
 3.08331e-07
 2.80147e-07
 2.55328e-07
 2.33418e-07
 2.14021e-07
 1.96797e-07
 1.81457e-07
 1.67752e-07
 1.55471e-07
 1.44433e-07
 1.34483e-07
 1.25489e-07
 6.08320e-07
 5.58226e-07
 5.09321e-07
 4.63248e-07
 4.20809e-07
 3.82270e-07
 3.47583e-07
 3.16527e-07
 2.88800e-07
 2.64073e-07
 2.42021e-07
 2.22336e-07
 2.04740e-07
 1.88982e-07
 1.74842e-07
 1.62125e-07
 1.50662e-07
 1.40304e-07
 1.30923e-07
 1.22407e-07
