scalar
part
         1
quad4
 6.60441e-07
 6.03565e-07
 5.48642e-07
 4.97321e-07
 4.50357e-07
 4.07944e-07
 3.69953e-07
 3.36082e-07
 3.05957e-07
 2.79184e-07
 2.55382e-07
 2.34196e-07
 2.15309e-07
 1.98436e-07
 1.83329e-07
 1.69771e-07
 1.57573e-07
 1.46572e-07
 1.36625e-07
 1.27610e-07
 7.76245e-07
 6.95881e-07
 6.21936e-07
 5.55505e-07
 4.96659e-07
 4.44943e-07
 3.99670e-07
 3.60088e-07
 3.25467e-07
 2.95136e-07
 2.68503e-07
 2.45053e-07
 2.24343e-07
 2.05994e-07
 1.89686e-07
 1.75144e-07
 1.62136e-07
 1.50464e-07
 1.39959e-07
 1.30477e-07
 9.11664e-07
 7.99797e-07
 7.01748e-07
 6.17069e-07
 5.44449e-07
 4.82317e-07
 4.29132e-07
 3.83500e-07
 3.44219e-07
 3.10272e-07
 2.80811e-07
 2.55131e-07
 2.32650e-07
 2.12884e-07
 1.95434e-07
 1.79966e-07
 1.66202e-07
 1.53909e-07
 1.42892e-07
 1.32984e-07
 1.06607e-06
 9.13332e-07
 7.85856e-07
 6.79995e-07
 5.92045e-07
 5.18723e-07
 4.57285e-07
 4.05501e-07
 3.61583e-07
 3.24105e-07
 2.91927e-07
 2.64136e-07
 2.39999e-07
 2.18924e-07
 2.00430e-07
 1.84123e-07
 1.69680e-07
 1.56834e-07
 1.45364e-07
 1.35082e-07
 1.23513e-06
 1.03195e-06
 8.70413e-07
 7.41277e-07
 6.37179e-07
 5.52472e-07
 4.82879e-07
 4.25163e-07
 3.76869e-07
 3.36117e-07
 3.01459e-07
 2.71768e-07
 2.46161e-07
 2.23936e-07
 2.04535e-07
 1.87506e-07
 1.72484e-07
 1.59171e-07
 1.47320e-07
 1.36728e-07
 1.40869e-06
 1.14780e-06
 9.49772e-07
 7.96947e-07
 6.77081e-07
 5.81625e-07
 5.04543e-07
 4.41508e-07
 3.89367e-07
 3.45789e-07
 3.09025e-07
 2.77744e-07
 2.50921e-07
 2.27757e-07
 2.07622e-07
 1.90017e-07
 1.74538e-07
 1.60858e-07
 1.48713e-07
 1.37881e-07
 1.56946e-06
 1.24971e-06
 1.01677e-06
 8.42390e-07
 7.08727e-07
 6.04166e-07
 5.20911e-07
 4.53591e-07
 3.98416e-07
 3.52650e-07
 3.14282e-07
 2.81810e-07
 2.54091e-07
 2.30245e-07
 2.09586e-07
 1.91574e-07
 1.75777e-07
 1.61847e-07
 1.49502e-07
 1.38512e-07
 1.69405e-06
 1.32445e-06
 1.06372e-06
 8.72982e-07
 7.29251e-07
 6.18262e-07
 5.30779e-07
 4.60605e-07
 4.03461e-07
 3.56312e-07
 3.16957e-07
 2.83770e-07
 2.55527e-07
 2.31293e-07
 2.10346e-07
 1.92117e-07
 1.76155e-07
 1.62101e-07
 1.49662e-07
 1.38600e-07
 1.75852e-06
 1.35987e-06
 1.08407e-06
 8.84996e-07
 7.36438e-07
 6.22552e-07
 5.33282e-07
 4.61985e-07
 4.04126e-07
 3.56517e-07
 3.16869e-07
 2.83496e-07
 2.55138e-07
 2.30837e-07
 2.09853e-07
 1.91609e-07
 1.75647e-07
 1.61600e-07
 1.49175e-07
 1.38131e-07
 1.74739e-06
 1.34879e-06
 1.07419e-06
 8.76491e-07
 7.29195e-07
 6.16393e-07
 5.28031e-07
 4.57489e-07
 4.00255e-07
 3.53168e-07
 3.13954e-07
 2.80946e-07
 2.52896e-07
 2.28857e-07
 2.08096e-07
 1.90043e-07
 1.74246e-07
 1.60342e-07
 1.48041e-07
 1.37106e-07
 1.66104e-06
 1.29178e-06
 1.03457e-06
 8.47836e-07
 7.07800e-07
 5.99995e-07
 5.15186e-07
 4.47238e-07
 3.91945e-07
 3.46336e-07
 3.08270e-07
 2.76167e-07
 2.48839e-07
 2.25383e-07
 2.05100e-07
 1.87440e-07
 1.71970e-07
 1.58341e-07
 1.46272e-07
 1.35534e-07
 1.51546e-06
 1.19693e-06
 9.69656e-07
 8.01640e-07
 6.73861e-07
 5.74394e-07
 4.95437e-07
 4.31710e-07
 3.79530e-07
 3.36267e-07
 2.99998e-07
 2.69293e-07
 2.43069e-07
 2.20496e-07
 2.00925e-07
 1.83848e-07
 1.68858e-07
 1.55628e-07
 1.43893e-07
 1.33437e-07
 1.33467e-06
 1.07688e-06
 8.86548e-07
 7.42115e-07
 6.29995e-07
 5.41275e-07
 4.69908e-07
 4.11672e-07
 3.63552e-07
 3.23346e-07
 2.89419e-07
 2.60534e-07
 2.35745e-07
 2.14316e-07
 1.95668e-07
 1.79341e-07
 1.64968e-07
 1.52250e-07
 1.40943e-07
 1.30846e-07
 1.14211e-06
 9.44988e-07
 7.93199e-07
 6.74172e-07
 5.79338e-07
 5.02705e-07
 4.39995e-07
 3.88093e-07
 3.44694e-07
 3.08068e-07
 2.76897e-07
 2.50163e-07
 2.27073e-07
 2.07001e-07
 1.89449e-07
 1.74016e-07
 1.60378e-07
 1.48269e-07
 1.37470e-07
 1.27801e-07
 9.55717e-07
 8.12629e-07
 6.96894e-07
 6.02567e-07
 5.25059e-07
 4.60839e-07
 4.07194e-07
 3.62029e-07
 3.23718e-07
 2.90990e-07
 2.62844e-07
 2.38488e-07
 2.17288e-07
 1.98734e-07
 1.82412e-07
 1.67985e-07
 1.55176e-07
 1.43755e-07
 1.33533e-07
 1.24348e-07
 7.86719e-07
 6.87925e-07
 6.03357e-07
 5.31313e-07
 4.69981e-07
 4.17680e-07
 3.72944e-07
 3.34527e-07
 3.01392e-07
 2.72683e-07
 2.47693e-07
 2.25840e-07
 2.06645e-07
 1.89711e-07
 1.74711e-07
 1.61370e-07
 1.49460e-07
 1.38789e-07
 1.29195e-07
 1.20541e-07
 6.40410e-07
 5.75682e-07
 5.16472e-07
 4.63396e-07
 4.16357e-07
 3.74917e-07
 3.38508e-07
 3.06536e-07
 2.78436e-07
 2.53697e-07
 2.31864e-07
 2.12544e-07
 1.95398e-07
 1.80135e-07
 1.66506e-07
 1.54299e-07
 1.43333e-07
 1.33452e-07
 1.24525e-07
 1.16436e-07
 5.17792e-07
 4.77967e-07
 4.38413e-07
 4.00757e-07
 3.65799e-07
 3.33844e-07
 3.04910e-07
 2.78860e-07
 2.55480e-07
 2.34525e-07
 2.15747e-07
 1.98910e-07
 1.83793e-07
 1.70200e-07
 1.57954e-07
 1.46899e-07
 1.36898e-07
 1.27831e-07
 1.19592e-07
 1.12089e-07
 4.17268e-07
 3.94911e-07
 3.70006e-07
 3.44420e-07
 3.19312e-07
 2.95357e-07
 2.72913e-07
 2.52133e-07
 2.33041e-07
 2.15589e-07
 1.99683e-07
 1.85211e-07
 1.72053e-07
 1.60089e-07
 1.49204e-07
 1.39293e-07
 1.30257e-07
 1.22008e-07
 1.14466e-07
 1.07560e-07
 3.36010e-07
 3.25481e-07
 3.11141e-07
 2.94712e-07
 2.77395e-07
 2.59995e-07
 2.43029e-07
 2.26811e-07
 2.11516e-07
 1.97224e-07
 1.83954e-07
 1.71685e-07
 1.60375e-07
 1.49965e-07
 1.40393e-07
 1.31593e-07
 1.23504e-07
 1.16063e-07
 1.09213e-07
 1.02903e-07
