scalar
part
         1
quad4
 4.99495e-07
 4.65072e-07
 4.29848e-07
 3.95510e-07
 3.63024e-07
 3.32870e-07
 3.05224e-07
 2.80074e-07
 2.57305e-07
 2.36748e-07
 2.18213e-07
 2.01506e-07
 1.86438e-07
 1.72837e-07
 1.60543e-07
 1.49413e-07
 1.39320e-07
 1.30149e-07
 1.21801e-07
 1.14187e-07
 5.98275e-07
 5.45948e-07
 4.95774e-07
 4.49214e-07
 4.06850e-07
 3.68757e-07
 3.34738e-07
 3.04468e-07
 2.77574e-07
 2.53682e-07
 2.32437e-07
 2.13518e-07
 1.96636e-07
 1.81538e-07
 1.68003e-07
 1.55839e-07
 1.44880e-07
 1.34981e-07
 1.26017e-07
 1.17880e-07
 7.16444e-07
 6.39316e-07
 5.69592e-07
 5.07793e-07
 4.53594e-07
 4.06302e-07
 3.65108e-07
 3.29212e-07
 2.97880e-07
 2.70462e-07
 2.46398e-07
 2.25209e-07
 2.06487e-07
 1.89887e-07
 1.75120e-07
 1.61938e-07
 1.50132e-07
 1.39526e-07
 1.29968e-07
 1.21329e-07
 8.54973e-07
 7.44592e-07
 6.50165e-07
 5.70021e-07
 5.02132e-07
 4.44547e-07
 3.95543e-07
 3.53665e-07
 3.17706e-07
 2.86676e-07
 2.59766e-07
 2.36315e-07
 2.15780e-07
 1.97716e-07
 1.81756e-07
 1.67596e-07
 1.54984e-07
 1.43708e-07
 1.33590e-07
 1.24480e-07
 1.01224e-06
 8.59267e-07
 7.35051e-07
 6.33820e-07
 5.50795e-07
 4.82182e-07
 4.25028e-07
 3.77043e-07
 3.36449e-07
 3.01857e-07
 2.72178e-07
 2.46551e-07
 2.24290e-07
 2.04845e-07
 1.87769e-07
 1.72701e-07
 1.59344e-07
 1.47452e-07
 1.36823e-07
 1.27286e-07
 1.18226e-06
 9.78163e-07
 8.20220e-07
 6.96184e-07
 5.97368e-07
 5.17584e-07
 4.52369e-07
 3.98462e-07
 3.53446e-07
 3.15504e-07
 2.83252e-07
 2.55626e-07
 2.31793e-07
 2.11098e-07
 1.93021e-07
 1.77142e-07
 1.63124e-07
 1.50689e-07
 1.39610e-07
 1.29698e-07
 1.35322e-06
 1.09305e-06
 9.00064e-07
 7.53283e-07
 6.39215e-07
 5.48912e-07
 4.76261e-07
 4.16985e-07
 3.68016e-07
 3.27115e-07
 2.92615e-07
 2.63255e-07
 2.38070e-07
 2.16308e-07
 1.97380e-07
 1.80817e-07
 1.66243e-07
 1.53353e-07
 1.41898e-07
 1.31674e-07
 1.50738e-06
 1.19315e-06
 9.67874e-07
 8.00833e-07
 6.73528e-07
 5.74280e-07
 4.95413e-07
 4.31707e-07
 3.79515e-07
 3.36225e-07
 2.99922e-07
 2.69184e-07
 2.42929e-07
 2.20328e-07
 2.00734e-07
 1.83637e-07
 1.68630e-07
 1.55387e-07
 1.43643e-07
 1.33179e-07
 1.62384e-06
 1.26685e-06
 1.01688e-06
 8.34706e-07
 6.97698e-07
 5.91990e-07
 5.08684e-07
 4.41847e-07
 3.87395e-07
 3.42440e-07
 3.04890e-07
 2.73201e-07
 2.46213e-07
 2.23038e-07
 2.02990e-07
 1.85530e-07
 1.70230e-07
 1.56749e-07
 1.44809e-07
 1.34183e-07
 1.68404e-06
 1.30443e-06
 1.04161e-06
 8.51672e-07
 7.09731e-07
 6.00764e-07
 5.15233e-07
 4.46835e-07
 3.91260e-07
 3.45481e-07
 3.07316e-07
 2.75160e-07
 2.47811e-07
 2.24355e-07
 2.04085e-07
 1.86448e-07
 1.71006e-07
 1.57408e-07
 1.45373e-07
 1.34668e-07
 1.67778e-06
 1.30064e-06
 1.03918e-06
 8.50045e-07
 7.08599e-07
 5.99951e-07
 5.14633e-07
 4.46382e-07
 3.90912e-07
 3.45209e-07
 3.07099e-07
 2.74986e-07
 2.47669e-07
 2.24238e-07
 2.03988e-07
 1.86366e-07
 1.70937e-07
 1.57349e-07
 1.45322e-07
 1.34625e-07
 1.60661e-06
 1.25623e-06
 1.00998e-06
 8.30037e-07
 6.94423e-07
 5.89625e-07
 5.06932e-07
 4.40521e-07
 3.86372e-07
 3.41637e-07
 3.04251e-07
 2.72686e-07
 2.45793e-07
 2.22692e-07
 2.02702e-07
 1.85288e-07
 1.70026e-07
 1.56574e-07
 1.44659e-07
 1.34053e-07
 1.48303e-06
 1.17760e-06
 9.57530e-07
 7.93696e-07
 6.68452e-07
 5.70573e-07
 4.92643e-07
 4.29595e-07
 3.77877e-07
 3.34934e-07
 2.98891e-07
 2.68349e-07
 2.42246e-07
 2.19764e-07
 2.00263e-07
 1.83241e-07
 1.68294e-07
 1.55101e-07
 1.43396e-07
 1.32965e-07
 1.32612e-06
 1.07495e-06
 8.87601e-07
 7.44463e-07
 6.32816e-07
 5.44165e-07
 4.72670e-07
 4.14220e-07
 3.65853e-07
 3.25399e-07
 2.91236e-07
 2.62134e-07
 2.37149e-07
 2.15544e-07
 1.96741e-07
 1.80278e-07
 1.65784e-07
 1.52960e-07
 1.41560e-07
 1.31382e-07
 1.15585e-06
 9.59596e-07
 8.06930e-07
 6.86489e-07
 5.90165e-07
 5.12139e-07
 4.48186e-07
 3.95200e-07
 3.50868e-07
 3.13440e-07
 2.81582e-07
 2.54259e-07
 2.30664e-07
 2.10157e-07
 1.92230e-07
 1.76473e-07
 1.62554e-07
 1.50200e-07
 1.39188e-07
 1.29331e-07
 9.88508e-07
 8.41699e-07
 7.21950e-07
 6.23948e-07
 5.43266e-07
 4.76369e-07
 4.20484e-07
 3.73449e-07
 3.33573e-07
 2.99531e-07
 2.70279e-07
 2.44986e-07
 2.22990e-07
 2.03755e-07
 1.86849e-07
 1.71919e-07
 1.58675e-07
 1.46877e-07
 1.36324e-07
 1.26852e-07
 8.34693e-07
 7.28820e-07
 6.37922e-07
 5.60487e-07
 4.94662e-07
 4.38648e-07
 3.90845e-07
 3.49890e-07
 3.14646e-07
 2.84174e-07
 2.57704e-07
 2.34601e-07
 2.14345e-07
 1.96506e-07
 1.80729e-07
 1.66719e-07
 1.54230e-07
 1.43056e-07
 1.33024e-07
 1.23987e-07
 6.99609e-07
 6.25630e-07
 5.58560e-07
 4.98925e-07
 4.46457e-07
 4.00538e-07
 3.60428e-07
 3.25390e-07
 2.94738e-07
 2.67862e-07
 2.44233e-07
 2.23393e-07
 2.04954e-07
 1.88587e-07
 1.74009e-07
 1.60984e-07
 1.49309e-07
 1.38811e-07
 1.29345e-07
 1.20783e-07
 5.84514e-07
 5.34316e-07
 4.86072e-07
 4.41180e-07
 4.00216e-07
 3.63279e-07
 3.30205e-07
 3.00704e-07
 2.74436e-07
 2.51053e-07
 2.30223e-07
 2.11644e-07
 1.95041e-07
 1.80174e-07
 1.66831e-07
 1.54827e-07
 1.44002e-07
 1.34216e-07
 1.25347e-07
 1.17291e-07
 4.88317e-07
 4.55302e-07
 4.21448e-07
 3.88363e-07
 3.56979e-07
 3.27772e-07
 3.00926e-07
 2.76447e-07
 2.54237e-07
 2.34146e-07
 2.15998e-07
 1.99612e-07
 1.84813e-07
 1.71437e-07
 1.59331e-07
 1.48360e-07
 1.38401e-07
 1.29345e-07
 1.21094e-07
 1.13563e-07
