scalar
part
         1
quad4
 4.35715e-07
 4.09993e-07
 3.82557e-07
 3.55019e-07
 3.28371e-07
 3.03178e-07
 2.79723e-07
 2.58102e-07
 2.38305e-07
 2.20252e-07
 2.03832e-07
 1.88914e-07
 1.75368e-07
 1.63064e-07
 1.51881e-07
 1.41706e-07
 1.32436e-07
 1.23979e-07
 1.16251e-07
 1.09179e-07
 5.26140e-07
 4.85097e-07
 4.44638e-07
 4.06265e-07
 3.70715e-07
 3.38255e-07
 3.08882e-07
 2.82444e-07
 2.58718e-07
 2.37453e-07
 2.18395e-07
 2.01305e-07
 1.85960e-07
 1.72161e-07
 1.59729e-07
 1.48506e-07
 1.38353e-07
 1.29149e-07
 1.20786e-07
 1.13171e-07
 6.35307e-07
 5.72741e-07
 5.14998e-07
 4.62907e-07
 4.16517e-07
 3.75497e-07
 3.39346e-07
 3.07522e-07
 2.79493e-07
 2.54771e-07
 2.32921e-07
 2.13562e-07
 1.96362e-07
 1.81037e-07
 1.67343e-07
 1.55070e-07
 1.44038e-07
 1.34096e-07
 1.25108e-07
 1.16964e-07
 7.64812e-07
 6.72954e-07
 5.93005e-07
 5.24097e-07
 4.64926e-07
 4.14131e-07
 3.70450e-07
 3.32778e-07
 3.00170e-07
 2.71833e-07
 2.47105e-07
 2.25437e-07
 2.06371e-07
 1.89527e-07
 1.74587e-07
 1.61285e-07
 1.49400e-07
 1.38743e-07
 1.29157e-07
 1.20505e-07
 9.14286e-07
 7.84218e-07
 6.76920e-07
 5.88230e-07
 5.14577e-07
 4.53045e-07
 4.01304e-07
 3.57508e-07
 3.20193e-07
 2.88199e-07
 2.60600e-07
 2.36656e-07
 2.15769e-07
 1.97455e-07
 1.81319e-07
 1.67038e-07
 1.54344e-07
 1.43016e-07
 1.32867e-07
 1.23744e-07
 1.07991e-06
 9.02763e-07
 7.63580e-07
 6.52814e-07
 5.63559e-07
 4.90788e-07
 4.30811e-07
 3.80880e-07
 3.38928e-07
 3.03383e-07
 2.73030e-07
 2.46925e-07
 2.24325e-07
 2.04640e-07
 1.87397e-07
 1.72214e-07
 1.58779e-07
 1.46838e-07
 1.36179e-07
 1.26628e-07
 1.25296e-06
 1.02204e-06
 8.48261e-07
 7.14479e-07
 6.09465e-07
 5.25631e-07
 4.57714e-07
 4.01972e-07
 3.55694e-07
 3.16874e-07
 2.84008e-07
 2.55950e-07
 2.31813e-07
 2.10905e-07
 1.92680e-07
 1.76701e-07
 1.62616e-07
 1.50139e-07
 1.39035e-07
 1.29112e-07
 1.41910e-06
 1.13277e-06
 9.24886e-07
 7.69182e-07
 6.49559e-07
 5.55689e-07
 4.80694e-07
 4.19846e-07
 3.69809e-07
 3.28173e-07
 2.93164e-07
 2.63450e-07
 2.38018e-07
 2.16086e-07
 1.97041e-07
 1.80400e-07
 1.65775e-07
 1.52854e-07
 1.41383e-07
 1.31153e-07
 1.55954e-06
 1.22386e-06
 9.86684e-07
 8.12655e-07
 6.81070e-07
 5.79115e-07
 4.98491e-07
 4.33623e-07
 3.80651e-07
 3.36830e-07
 3.00166e-07
 2.69180e-07
 2.42756e-07
 2.20040e-07
 2.00370e-07
 1.83225e-07
 1.68189e-07
 1.54930e-07
 1.43180e-07
 1.32717e-07
 1.65429e-06
 1.28433e-06
 1.02729e-06
 8.41039e-07
 7.01573e-07
 5.94335e-07
 5.10053e-07
 4.42583e-07
 3.87715e-07
 3.42485e-07
 3.04753e-07
 2.72945e-07
 2.45880e-07
 2.22658e-07
 2.02582e-07
 1.85108e-07
 1.69805e-07
 1.56326e-07
 1.44393e-07
 1.33777e-07
 1.68735e-06
 1.30585e-06
 1.04206e-06
 8.51605e-07
 7.09388e-07
 6.00275e-07
 5.14673e-07
 4.46246e-07
 3.90668e-07
 3.44899e-07
 3.06753e-07
 2.74620e-07
 2.47296e-07
 2.23866e-07
 2.03621e-07
 1.86008e-07
 1.70590e-07
 1.57014e-07
 1.45000e-07
 1.34315e-07
 1.65225e-06
 1.28517e-06
 1.02923e-06
 8.43332e-07
 7.03892e-07
 5.96539e-07
 5.12087e-07
 4.44432e-07
 3.89383e-07
 3.43983e-07
 3.06099e-07
 2.74153e-07
 2.46966e-07
 2.23636e-07
 2.03465e-07
 1.85907e-07
 1.70529e-07
 1.56984e-07
 1.44992e-07
 1.34324e-07
 1.55518e-06
 1.22539e-06
 9.90470e-07
 8.17170e-07
 6.85651e-07
 5.83476e-07
 5.02519e-07
 4.37287e-07
 3.83958e-07
 3.39804e-07
 3.02837e-07
 2.71580e-07
 2.44914e-07
 2.21985e-07
 2.02126e-07
 1.84813e-07
 1.69629e-07
 1.56240e-07
 1.44373e-07
 1.33807e-07
 1.41309e-06
 1.13512e-06
 9.30488e-07
 7.75845e-07
 6.56318e-07
 5.62126e-07
 4.86644e-07
 4.25262e-07
 3.74701e-07
 3.32576e-07
 2.97122e-07
 2.67009e-07
 2.41221e-07
 2.18974e-07
 1.99650e-07
 1.82762e-07
 1.67918e-07
 1.54803e-07
 1.43160e-07
 1.32776e-07
 1.24756e-06
 1.02593e-06
 8.55859e-07
 7.23276e-07
 6.18323e-07
 5.34049e-07
 4.65492e-07
 4.09056e-07
 3.62097e-07
 3.22642e-07
 2.89198e-07
 2.60621e-07
 2.36021e-07
 2.14703e-07
 1.96114e-07
 1.79812e-07
 1.65440e-07
 1.52709e-07
 1.41379e-07
 1.31255e-07
 1.07806e-06
 9.09296e-07
 7.73529e-07
 6.63799e-07
 5.74453e-07
 5.01084e-07
 4.40307e-07
 3.89527e-07
 3.46750e-07
 3.10436e-07
 2.79383e-07
 2.52649e-07
 2.29488e-07
 2.09304e-07
 1.91618e-07
 1.76041e-07
 1.62258e-07
 1.50006e-07
 1.39071e-07
 1.29274e-07
 9.18258e-07
 7.94386e-07
 6.89578e-07
 6.01467e-07
 5.27444e-07
 4.65109e-07
 4.12398e-07
 3.67603e-07
 3.29328e-07
 2.96443e-07
 2.68035e-07
 2.43363e-07
 2.21826e-07
 2.02933e-07
 1.86283e-07
 1.71545e-07
 1.58445e-07
 1.46754e-07
 1.36283e-07
 1.26870e-07
 7.75549e-07
 6.87268e-07
 6.08558e-07
 5.39584e-07
 4.79675e-07
 4.27836e-07
 3.83007e-07
 3.44191e-07
 3.10500e-07
 2.81165e-07
 2.55532e-07
 2.33049e-07
 2.13255e-07
 1.95762e-07
 1.80244e-07
 1.66428e-07
 1.54084e-07
 1.43019e-07
 1.33067e-07
 1.24089e-07
 6.52528e-07
 5.91146e-07
 5.33375e-07
 4.80530e-07
 4.33005e-07
 3.90688e-07
 3.53215e-07
 3.20114e-07
 2.90893e-07
 2.65079e-07
 2.42241e-07
 2.21994e-07
 2.03999e-07
 1.87965e-07
 1.73638e-07
 1.60801e-07
 1.49266e-07
 1.38873e-07
 1.29484e-07
 1.20978e-07
 5.48801e-07
 5.07094e-07
 4.65539e-07
 4.25792e-07
 3.88737e-07
 3.54749e-07
 3.23896e-07
 2.96066e-07
 2.71055e-07
 2.48621e-07
 2.28507e-07
 2.10468e-07
 1.94274e-07
 1.79716e-07
 1.66605e-07
 1.54776e-07
 1.44081e-07
 1.34390e-07
 1.25592e-07
 1.17586e-07
