scalar
part
         1
quad4
 6.59997e-07
 6.03197e-07
 5.48340e-07
 4.97074e-07
 4.50156e-07
 4.07781e-07
 3.69819e-07
 3.35973e-07
 3.05868e-07
 2.79111e-07
 2.55322e-07
 2.34147e-07
 2.15268e-07
 1.98402e-07
 1.83300e-07
 1.69747e-07
 1.57553e-07
 1.46555e-07
 1.36611e-07
 1.27598e-07
 7.75726e-07
 6.95464e-07
 6.21604e-07
 5.55241e-07
 4.96449e-07
 4.44776e-07
 3.99537e-07
 3.59981e-07
 3.25381e-07
 2.95066e-07
 2.68447e-07
 2.45007e-07
 2.24305e-07
 2.05964e-07
 1.89661e-07
 1.75123e-07
 1.62119e-07
 1.50450e-07
 1.39947e-07
 1.30468e-07
 9.11061e-07
 7.99331e-07
 7.01389e-07
 6.16792e-07
 5.44235e-07
 4.82151e-07
 4.29001e-07
 3.83398e-07
 3.44138e-07
 3.10208e-07
 2.80760e-07
 2.55090e-07
 2.32617e-07
 2.12858e-07
 1.95412e-07
 1.79949e-07
 1.66188e-07
 1.53898e-07
 1.42883e-07
 1.32977e-07
 1.06539e-06
 9.12825e-07
 7.85480e-07
 6.79714e-07
 5.91834e-07
 5.18563e-07
 4.57163e-07
 4.05407e-07
 3.61511e-07
 3.24049e-07
 2.91883e-07
 2.64101e-07
 2.39972e-07
 2.18902e-07
 2.00413e-07
 1.84109e-07
 1.69670e-07
 1.56826e-07
 1.45357e-07
 1.35078e-07
 1.23437e-06
 1.03142e-06
 8.70036e-07
 7.41006e-07
 6.36982e-07
 5.52327e-07
 4.82771e-07
 4.25082e-07
 3.76807e-07
 3.36070e-07
 3.01423e-07
 2.71741e-07
 2.46140e-07
 2.23920e-07
 2.04523e-07
 1.87497e-07
 1.72477e-07
 1.59166e-07
 1.47317e-07
 1.36725e-07
 1.40791e-06
 1.14729e-06
 9.49420e-07
 7.96704e-07
 6.76909e-07
 5.81503e-07
 5.04455e-07
 4.41444e-07
 3.89320e-07
 3.45755e-07
 3.09000e-07
 2.77725e-07
 2.50907e-07
 2.27747e-07
 2.07616e-07
 1.90013e-07
 1.74535e-07
 1.60857e-07
 1.48712e-07
 1.37882e-07
 1.56873e-06
 1.24925e-06
 1.01648e-06
 8.42195e-07
 7.08596e-07
 6.04076e-07
 5.20849e-07
 4.53548e-07
 3.98386e-07
 3.52630e-07
 3.14269e-07
 2.81801e-07
 2.54086e-07
 2.30242e-07
 2.09586e-07
 1.91575e-07
 1.75779e-07
 1.61850e-07
 1.49506e-07
 1.38516e-07
 1.69349e-06
 1.32412e-06
 1.06352e-06
 8.72856e-07
 7.29172e-07
 6.18212e-07
 5.30748e-07
 4.60587e-07
 4.03451e-07
 3.56307e-07
 3.16956e-07
 2.83771e-07
 2.55530e-07
 2.31298e-07
 2.10352e-07
 1.92123e-07
 1.76162e-07
 1.62108e-07
 1.49668e-07
 1.38606e-07
 1.75823e-06
 1.35972e-06
 1.08399e-06
 8.84956e-07
 7.36421e-07
 6.22548e-07
 5.33286e-07
 4.61993e-07
 4.04136e-07
 3.56530e-07
 3.16882e-07
 2.83509e-07
 2.55151e-07
 2.30849e-07
 2.09866e-07
 1.91621e-07
 1.75658e-07
 1.61611e-07
 1.49185e-07
 1.38141e-07
 1.74744e-06
 1.34885e-06
 1.07425e-06
 8.76544e-07
 7.29244e-07
 6.16437e-07
 5.28071e-07
 4.57524e-07
 4.00287e-07
 3.53196e-07
 3.13980e-07
 2.80970e-07
 2.52918e-07
 2.28877e-07
 2.08115e-07
 1.90060e-07
 1.74261e-07
 1.60357e-07
 1.48055e-07
 1.37118e-07
 1.66142e-06
 1.29204e-06
 1.03476e-06
 8.47978e-07
 7.07911e-07
 6.00084e-07
 5.15259e-07
 4.47300e-07
 3.91997e-07
 3.46382e-07
 3.08310e-07
 2.76201e-07
 2.48870e-07
 2.25411e-07
 2.05124e-07
 1.87462e-07
 1.71990e-07
 1.58359e-07
 1.46289e-07
 1.35549e-07
 1.51607e-06
 1.19734e-06
 9.69947e-07
 8.01855e-07
 6.74025e-07
 5.74522e-07
 4.95540e-07
 4.31794e-07
 3.79601e-07
 3.36327e-07
 3.00049e-07
 2.69337e-07
 2.43108e-07
 2.20530e-07
 2.00955e-07
 1.83875e-07
 1.68882e-07
 1.55650e-07
 1.43913e-07
 1.33455e-07
 1.33538e-06
 1.07737e-06
 8.86905e-07
 7.42380e-07
 6.30198e-07
 5.41434e-07
 4.70035e-07
 4.11776e-07
 3.63638e-07
 3.23418e-07
 2.89480e-07
 2.60587e-07
 2.35791e-07
 2.14356e-07
 1.95703e-07
 1.79373e-07
 1.64997e-07
 1.52275e-07
 1.40966e-07
 1.30867e-07
 1.14282e-06
 9.45505e-07
 7.93584e-07
 6.74465e-07
 5.79565e-07
 5.02885e-07
 4.40139e-07
 3.88211e-07
 3.44792e-07
 3.08151e-07
 2.76967e-07
 2.50223e-07
 2.27125e-07
 2.07046e-07
 1.89489e-07
 1.74052e-07
 1.60410e-07
 1.48297e-07
 1.37496e-07
 1.27824e-07
 9.56363e-07
 8.13124e-07
 6.97275e-07
 6.02866e-07
 5.25295e-07
 4.61029e-07
 4.07349e-07
 3.62156e-07
 3.23824e-07
 2.91079e-07
 2.62921e-07
 2.38554e-07
 2.17345e-07
 1.98783e-07
 1.82456e-07
 1.68024e-07
 1.55210e-07
 1.43786e-07
 1.33560e-07
 1.24373e-07
 7.87273e-07
 6.88371e-07
 6.03715e-07
 5.31601e-07
 4.70215e-07
 4.17872e-07
 3.73102e-07
 3.34658e-07
 3.01503e-07
 2.72777e-07
 2.47774e-07
 2.25910e-07
 2.06705e-07
 1.89764e-07
 1.74758e-07
 1.61411e-07
 1.49497e-07
 1.38822e-07
 1.29224e-07
 1.20568e-07
 6.40869e-07
 5.76070e-07
 5.16795e-07
 4.63665e-07
 4.16580e-07
 3.75103e-07
 3.38664e-07
 3.06668e-07
 2.78549e-07
 2.53793e-07
 2.31947e-07
 2.12617e-07
 1.95461e-07
 1.80190e-07
 1.66555e-07
 1.54342e-07
 1.43372e-07
 1.33487e-07
 1.24556e-07
 1.16464e-07
 5.18166e-07
 4.78297e-07
 4.38698e-07
 4.01001e-07
 3.66007e-07
 3.34021e-07
 3.05061e-07
 2.78990e-07
 2.55592e-07
 2.34622e-07
 2.15831e-07
 1.98983e-07
 1.83857e-07
 1.70257e-07
 1.58005e-07
 1.46944e-07
 1.36939e-07
 1.27867e-07
 1.19625e-07
 1.12119e-07
 4.17572e-07
 3.95189e-07
 3.70254e-07
 3.44638e-07
 3.19502e-07
 2.95522e-07
 2.73057e-07
 2.52257e-07
 2.33150e-07
 2.15683e-07
 1.99766e-07
 1.85284e-07
 1.72118e-07
 1.60146e-07
 1.49256e-07
 1.39339e-07
 1.30299e-07
 1.22045e-07
 1.14500e-07
 1.07590e-07
 3.36258e-07
 3.25714e-07
 3.11354e-07
 2.94904e-07
 2.77567e-07
 2.60147e-07
 2.43163e-07
 2.26929e-07
 2.11620e-07
 1.97316e-07
 1.84035e-07
 1.71758e-07
 1.60439e-07
 1.50022e-07
 1.40444e-07
 1.31640e-07
 1.23545e-07
 1.16100e-07
 1.09247e-07
 1.02934e-07
