scalar
part
         1
quad4
 4.73008e-07
 4.42066e-07
 4.10045e-07
 3.78550e-07
 3.48529e-07
 3.20480e-07
 2.94616e-07
 2.70967e-07
 2.49461e-07
 2.29965e-07
 2.12323e-07
 1.96369e-07
 1.81940e-07
 1.68880e-07
 1.57048e-07
 1.46314e-07
 1.36560e-07
 1.27683e-07
 1.19589e-07
 1.12196e-07
 5.67460e-07
 5.19878e-07
 4.73869e-07
 4.30855e-07
 3.91456e-07
 3.55818e-07
 3.23821e-07
 2.95215e-07
 2.69692e-07
 2.46931e-07
 2.26624e-07
 2.08485e-07
 1.92256e-07
 1.77706e-07
 1.64635e-07
 1.52865e-07
 1.42242e-07
 1.32631e-07
 1.23915e-07
 1.15993e-07
 6.80736e-07
 6.10037e-07
 5.45659e-07
 4.88209e-07
 4.37509e-07
 3.93019e-07
 3.54069e-07
 3.19976e-07
 2.90097e-07
 2.63859e-07
 2.40758e-07
 2.20360e-07
 2.02292e-07
 1.86237e-07
 1.71925e-07
 1.59127e-07
 1.47647e-07
 1.37319e-07
 1.27998e-07
 1.19564e-07
 8.14064e-07
 7.12244e-07
 6.24526e-07
 5.49577e-07
 4.85701e-07
 4.31221e-07
 3.84634e-07
 3.44652e-07
 3.10192e-07
 2.80358e-07
 2.54410e-07
 2.31739e-07
 2.11842e-07
 1.94305e-07
 1.78783e-07
 1.64989e-07
 1.52686e-07
 1.41671e-07
 1.31776e-07
 1.22858e-07
 9.66433e-07
 8.24500e-07
 7.08395e-07
 6.13131e-07
 5.34525e-07
 4.69219e-07
 4.14570e-07
 3.68504e-07
 3.29399e-07
 2.95976e-07
 2.67225e-07
 2.42343e-07
 2.20686e-07
 2.01734e-07
 1.85066e-07
 1.70337e-07
 1.57264e-07
 1.45612e-07
 1.35187e-07
 1.25824e-07
 1.13303e-06
 9.42393e-07
 7.93712e-07
 6.76147e-07
 5.81936e-07
 5.05488e-07
 4.42736e-07
 3.90677e-07
 3.47072e-07
 3.10221e-07
 2.78827e-07
 2.51882e-07
 2.28596e-07
 2.08347e-07
 1.90635e-07
 1.75059e-07
 1.61293e-07
 1.49071e-07
 1.38172e-07
 1.28413e-07
 1.30379e-06
 1.05865e-06
 8.75376e-07
 7.35062e-07
 6.25431e-07
 5.38253e-07
 4.67860e-07
 4.10249e-07
 3.62533e-07
 3.22591e-07
 2.88837e-07
 2.60067e-07
 2.35352e-07
 2.13971e-07
 1.95355e-07
 1.79049e-07
 1.64689e-07
 1.51978e-07
 1.40676e-07
 1.30582e-07
 1.46300e-06
 1.16339e-06
 9.47061e-07
 7.85746e-07
 6.62258e-07
 5.65642e-07
 4.88643e-07
 4.26300e-07
 3.75124e-07
 3.32606e-07
 2.96901e-07
 2.66633e-07
 2.40753e-07
 2.18454e-07
 1.99107e-07
 1.82214e-07
 1.67377e-07
 1.54277e-07
 1.42653e-07
 1.32292e-07
 1.59107e-06
 1.24536e-06
 1.00204e-06
 8.24022e-07
 6.89737e-07
 5.85887e-07
 5.03892e-07
 4.38007e-07
 3.84263e-07
 3.39846e-07
 3.02713e-07
 2.71353e-07
 2.44627e-07
 2.21665e-07
 2.01791e-07
 1.84475e-07
 1.69297e-07
 1.55917e-07
 1.44063e-07
 1.33511e-07
 1.66870e-06
 1.29419e-06
 1.03438e-06
 8.46341e-07
 7.05660e-07
 5.97566e-07
 5.12662e-07
 4.44726e-07
 3.89503e-07
 3.43995e-07
 3.06044e-07
 2.74059e-07
 2.46850e-07
 2.23509e-07
 2.03334e-07
 1.85778e-07
 1.70404e-07
 1.56865e-07
 1.44879e-07
 1.34218e-07
 1.68245e-06
 1.30293e-06
 1.04026e-06
 8.50467e-07
 7.08661e-07
 5.99813e-07
 5.14386e-07
 4.46076e-07
 3.90579e-07
 3.44866e-07
 3.06758e-07
 2.74653e-07
 2.47348e-07
 2.23931e-07
 2.03695e-07
 1.86088e-07
 1.70673e-07
 1.57099e-07
 1.45085e-07
 1.34400e-07
 1.62940e-06
 1.27016e-06
 1.01890e-06
 8.35963e-07
 6.98477e-07
 5.92463e-07
 5.08955e-07
 4.41984e-07
 3.87441e-07
 3.42424e-07
 3.04832e-07
 2.73115e-07
 2.46107e-07
 2.22920e-07
 2.02864e-07
 1.85400e-07
 1.70098e-07
 1.56617e-07
 1.44678e-07
 1.34054e-07
 1.51859e-06
 1.20048e-06
 9.72849e-07
 8.04304e-07
 6.76005e-07
 5.76081e-07
 4.96740e-07
 4.32697e-07
 3.80260e-07
 3.36787e-07
 3.00349e-07
 2.69507e-07
 2.43172e-07
 2.20510e-07
 2.00868e-07
 1.83733e-07
 1.68696e-07
 1.55430e-07
 1.43666e-07
 1.33187e-07
 1.36809e-06
 1.10331e-06
 9.07343e-07
 7.58573e-07
 6.43140e-07
 5.51876e-07
 4.78535e-07
 4.18752e-07
 3.69405e-07
 3.28218e-07
 2.93497e-07
 2.63966e-07
 2.38646e-07
 2.16778e-07
 1.97764e-07
 1.81132e-07
 1.66501e-07
 1.53565e-07
 1.42072e-07
 1.31817e-07
 1.19893e-06
 9.90205e-07
 8.29087e-07
 7.02831e-07
 6.02435e-07
 5.21505e-07
 4.55445e-07
 4.00904e-07
 3.55406e-07
 3.17092e-07
 2.84550e-07
 2.56695e-07
 2.32679e-07
 2.11837e-07
 1.93641e-07
 1.77665e-07
 1.63566e-07
 1.51064e-07
 1.39929e-07
 1.29971e-07
 1.02932e-06
 8.72127e-07
 7.44843e-07
 6.41371e-07
 5.56689e-07
 4.86838e-07
 4.28748e-07
 3.80046e-07
 3.38895e-07
 3.03867e-07
 2.73844e-07
 2.47941e-07
 2.25458e-07
 2.05831e-07
 1.88608e-07
 1.73417e-07
 1.59958e-07
 1.47981e-07
 1.37280e-07
 1.27682e-07
 8.71577e-07
 7.57557e-07
 6.60346e-07
 5.78076e-07
 5.08560e-07
 4.49722e-07
 3.99746e-07
 3.57107e-07
 3.20548e-07
 2.89041e-07
 2.61747e-07
 2.37985e-07
 2.17196e-07
 1.98924e-07
 1.82792e-07
 1.68489e-07
 1.55757e-07
 1.44379e-07
 1.34176e-07
 1.24993e-07
 7.32074e-07
 6.51917e-07
 5.79763e-07
 5.16034e-07
 4.60307e-07
 4.11804e-07
 3.69646e-07
 3.32980e-07
 3.01029e-07
 2.73111e-07
 2.48639e-07
 2.27116e-07
 2.08118e-07
 1.91290e-07
 1.76332e-07
 1.62990e-07
 1.51049e-07
 1.40328e-07
 1.30672e-07
 1.21949e-07
 6.12708e-07
 5.57907e-07
 5.05667e-07
 4.57405e-07
 4.13649e-07
 3.74422e-07
 3.39480e-07
 3.08457e-07
 2.80947e-07
 2.56548e-07
 2.34885e-07
 2.15619e-07
 1.98447e-07
 1.83107e-07
 1.69368e-07
 1.57032e-07
 1.45925e-07
 1.35901e-07
 1.26829e-07
 1.18600e-07
 5.12675e-07
 4.76251e-07
 4.39295e-07
 4.03485e-07
 3.69760e-07
 3.38571e-07
 3.10061e-07
 2.84193e-07
 2.60826e-07
 2.39770e-07
 2.20817e-07
 2.03759e-07
 1.88396e-07
 1.74544e-07
 1.62038e-07
 1.50726e-07
 1.40477e-07
 1.31173e-07
 1.22710e-07
 1.14995e-07
