scalar
part
         1
quad4
 3.61056e-07
 3.46351e-07
 3.28488e-07
 3.09127e-07
 2.89389e-07
 2.69997e-07
 2.51396e-07
 2.33836e-07
 2.17435e-07
 2.02231e-07
 1.88206e-07
 1.75309e-07
 1.63474e-07
 1.52624e-07
 1.42682e-07
 1.33570e-07
 1.25215e-07
 1.17548e-07
 1.10506e-07
 1.04029e-07
 4.44142e-07
 4.16750e-07
 3.87746e-07
 3.58856e-07
 3.31098e-07
 3.05020e-07
 2.80871e-07
 2.58718e-07
 2.38518e-07
 2.20164e-07
 2.03523e-07
 1.88447e-07
 1.74791e-07
 1.62414e-07
 1.51186e-07
 1.40986e-07
 1.31708e-07
 1.23254e-07
 1.15539e-07
 1.08484e-07
 5.46141e-07
 5.00336e-07
 4.56109e-07
 4.14821e-07
 3.77041e-07
 3.42886e-07
 3.12229e-07
 2.84821e-07
 2.60363e-07
 2.38547e-07
 2.19077e-07
 2.01678e-07
 1.86105e-07
 1.72138e-07
 1.59583e-07
 1.48273e-07
 1.38059e-07
 1.28813e-07
 1.20424e-07
 1.12794e-07
 6.69503e-07
 5.97858e-07
 5.33491e-07
 4.76566e-07
 4.26634e-07
 3.83006e-07
 3.44925e-07
 3.11665e-07
 2.82563e-07
 2.57037e-07
 2.34582e-07
 2.14765e-07
 1.97219e-07
 1.81633e-07
 1.67740e-07
 1.55318e-07
 1.44174e-07
 1.34146e-07
 1.25096e-07
 1.16904e-07
 8.15268e-07
 7.08822e-07
 6.18842e-07
 5.42928e-07
 4.78794e-07
 4.24439e-07
 3.78174e-07
 3.38607e-07
 3.04597e-07
 2.75213e-07
 2.49699e-07
 2.27434e-07
 2.07913e-07
 1.90720e-07
 1.75511e-07
 1.62002e-07
 1.49955e-07
 1.39173e-07
 1.29488e-07
 1.20759e-07
 9.81708e-07
 8.30755e-07
 7.09766e-07
 6.11858e-07
 5.31856e-07
 4.65868e-07
 4.10947e-07
 3.64847e-07
 3.25840e-07
 2.92589e-07
 2.64046e-07
 2.39385e-07
 2.17948e-07
 1.99210e-07
 1.82744e-07
 1.68203e-07
 1.55304e-07
 1.43812e-07
 1.33533e-07
 1.24304e-07
 1.16275e-06
 9.58496e-07
 8.02238e-07
 6.80320e-07
 5.83562e-07
 5.05619e-07
 4.41997e-07
 3.89451e-07
 3.45592e-07
 3.08631e-07
 2.77215e-07
 2.50302e-07
 2.27079e-07
 2.06909e-07
 1.89284e-07
 1.73798e-07
 1.60121e-07
 1.47984e-07
 1.37166e-07
 1.27484e-07
 1.34664e-06
 1.08380e-06
 8.90548e-07
 7.44359e-07
 6.31151e-07
 5.41743e-07
 4.69934e-07
 4.11414e-07
 3.63112e-07
 3.22791e-07
 2.88795e-07
 2.59871e-07
 2.35063e-07
 2.13629e-07
 1.94986e-07
 1.78672e-07
 1.64314e-07
 1.51615e-07
 1.40328e-07
 1.30252e-07
 1.51567e-06
 1.19560e-06
 9.67665e-07
 7.99412e-07
 6.71596e-07
 5.72189e-07
 4.93337e-07
 4.29734e-07
 3.77683e-07
 3.34545e-07
 2.98395e-07
 2.67801e-07
 2.41680e-07
 2.19201e-07
 1.99716e-07
 1.82718e-07
 1.67800e-07
 1.54636e-07
 1.42963e-07
 1.32562e-07
 1.64772e-06
 1.28133e-06
 1.02614e-06
 8.40889e-07
 7.01971e-07
 5.95033e-07
 5.10909e-07
 4.43513e-07
 3.88670e-07
 3.43435e-07
 3.05681e-07
 2.73842e-07
 2.46740e-07
 2.23478e-07
 2.03363e-07
 1.85850e-07
 1.70509e-07
 1.56994e-07
 1.45027e-07
 1.34379e-07
 1.72105e-06
 1.32955e-06
 1.05954e-06
 8.64974e-07
 7.19910e-07
 6.08752e-07
 5.21635e-07
 4.52058e-07
 3.95587e-07
 3.49113e-07
 3.10400e-07
 2.77806e-07
 2.50102e-07
 2.26354e-07
 2.05842e-07
 1.88002e-07
 1.72389e-07
 1.58647e-07
 1.46487e-07
 1.35675e-07
 1.72185e-06
 1.33330e-06
 1.06405e-06
 8.69439e-07
 7.24041e-07
 6.12465e-07
 5.24930e-07
 4.54966e-07
 3.98152e-07
 3.51376e-07
 3.12401e-07
 2.79579e-07
 2.51679e-07
 2.27761e-07
 2.07102e-07
 1.89133e-07
 1.73408e-07
 1.59567e-07
 1.47320e-07
 1.36432e-07
 1.65088e-06
 1.29270e-06
 1.03962e-06
 8.54193e-07
 7.14270e-07
 6.06088e-07
 5.20722e-07
 4.52179e-07
 3.96314e-07
 3.50183e-07
 3.11650e-07
 2.79136e-07
 2.51449e-07
 2.27681e-07
 2.07126e-07
 1.89230e-07
 1.73554e-07
 1.59746e-07
 1.47520e-07
 1.36645e-07
 1.52349e-06
 1.21505e-06
 9.90025e-07
 8.21308e-07
 6.91797e-07
 5.90343e-07
 5.09460e-07
 4.43983e-07
 3.90261e-07
 3.45658e-07
 3.08233e-07
 2.76533e-07
 2.49453e-07
 2.26142e-07
 2.05935e-07
 1.88306e-07
 1.72837e-07
 1.59191e-07
 1.47092e-07
 1.36316e-07
 1.36281e-06
 1.11221e-06
 9.21726e-07
 7.74501e-07
 6.58851e-07
 5.66618e-07
 4.92036e-07
 4.30967e-07
 3.80392e-07
 3.38077e-07
 3.02342e-07
 2.71909e-07
 2.45791e-07
 2.23218e-07
 2.03584e-07
 1.86404e-07
 1.71289e-07
 1.57925e-07
 1.46052e-07
 1.35459e-07
 1.19120e-06
 9.96895e-07
 8.42173e-07
 7.18282e-07
 6.18251e-07
 5.36727e-07
 4.69649e-07
 4.13941e-07
 3.67266e-07
 3.27833e-07
 2.94260e-07
 2.65469e-07
 2.40613e-07
 2.19021e-07
 2.00157e-07
 1.83587e-07
 1.68960e-07
 1.55988e-07
 1.44433e-07
 1.34100e-07
 1.02514e-06
 8.79790e-07
 7.58239e-07
 6.57106e-07
 5.72932e-07
 5.02638e-07
 4.43641e-07
 3.93839e-07
 3.51543e-07
 3.15400e-07
 2.84330e-07
 2.57465e-07
 2.34109e-07
 2.13695e-07
 1.95764e-07
 1.79940e-07
 1.65914e-07
 1.53430e-07
 1.42275e-07
 1.32269e-07
 8.74162e-07
 7.68323e-07
 6.75299e-07
 5.94767e-07
 5.25555e-07
 4.66224e-07
 4.15343e-07
 3.71615e-07
 3.33914e-07
 3.01285e-07
 2.72930e-07
 2.48183e-07
 2.26493e-07
 2.07403e-07
 1.90531e-07
 1.75562e-07
 1.62231e-07
 1.50314e-07
 1.39626e-07
 1.30007e-07
 7.42241e-07
 6.66732e-07
 5.96979e-07
 5.34116e-07
 4.78283e-07
 4.29102e-07
 3.85958e-07
 3.48165e-07
 3.15052e-07
 2.85995e-07
 2.60444e-07
 2.37915e-07
 2.17993e-07
 2.00321e-07
 1.84597e-07
 1.70562e-07
 1.57995e-07
 1.46708e-07
 1.36542e-07
 1.27359e-07
 6.29783e-07
 5.76793e-07
 5.25332e-07
 4.77042e-07
 4.32703e-07
 3.92548e-07
 3.56490e-07
 3.24273e-07
 2.95563e-07
 2.70001e-07
 2.47239e-07
 2.26948e-07
 2.08832e-07
 1.92628e-07
 1.78102e-07
 1.65051e-07
 1.53298e-07
 1.42686e-07
 1.33083e-07
 1.24372e-07
