scalar
part
         1
quad4
 5.41711e-07
 4.99641e-07
 4.57982e-07
 4.18310e-07
 3.81446e-07
 3.47722e-07
 3.17174e-07
 2.89670e-07
 2.64992e-07
 2.42886e-07
 2.23092e-07
 2.05359e-07
 1.89455e-07
 1.75170e-07
 1.62316e-07
 1.50726e-07
 1.40255e-07
 1.30774e-07
 1.22171e-07
 1.14346e-07
 6.42009e-07
 5.80709e-07
 5.23249e-07
 4.70847e-07
 4.23833e-07
 3.82055e-07
 3.45119e-07
 3.12540e-07
 2.83816e-07
 2.58470e-07
 2.36068e-07
 2.16225e-07
 1.98605e-07
 1.82915e-07
 1.68906e-07
 1.56361e-07
 1.45095e-07
 1.34950e-07
 1.25788e-07
 1.17493e-07
 7.60475e-07
 6.73029e-07
 5.95271e-07
 5.27274e-07
 4.68315e-07
 4.17372e-07
 3.73374e-07
 3.35320e-07
 3.02323e-07
 2.73617e-07
 2.48554e-07
 2.26588e-07
 2.07260e-07
 1.90190e-07
 1.75055e-07
 1.61587e-07
 1.49560e-07
 1.38783e-07
 1.29094e-07
 1.20357e-07
 8.97234e-07
 7.75396e-07
 6.72483e-07
 5.86084e-07
 5.13588e-07
 4.52601e-07
 4.01079e-07
 3.57330e-07
 3.19977e-07
 2.87906e-07
 2.60217e-07
 2.36183e-07
 2.15214e-07
 1.96827e-07
 1.80631e-07
 1.66299e-07
 1.53565e-07
 1.42204e-07
 1.32032e-07
 1.22891e-07
 1.04947e-06
 8.84524e-07
 7.51962e-07
 6.44914e-07
 5.57819e-07
 4.86348e-07
 4.27180e-07
 3.77772e-07
 3.36173e-07
 3.00874e-07
 2.70703e-07
 2.44738e-07
 2.22251e-07
 2.02661e-07
 1.85500e-07
 1.70391e-07
 1.57024e-07
 1.45146e-07
 1.34546e-07
 1.25051e-07
 1.20967e-06
 9.94372e-07
 8.29222e-07
 7.00527e-07
 5.98691e-07
 5.16950e-07
 4.50476e-07
 3.95771e-07
 3.50267e-07
 3.12044e-07
 2.79652e-07
 2.51979e-07
 2.28163e-07
 2.07528e-07
 1.89538e-07
 1.73764e-07
 1.59860e-07
 1.47544e-07
 1.36586e-07
 1.26795e-07
 1.36437e-06
 1.09596e-06
 8.98349e-07
 7.49005e-07
 6.33573e-07
 5.42610e-07
 4.69719e-07
 4.10447e-07
 3.61627e-07
 3.20955e-07
 2.86725e-07
 2.57653e-07
 2.32759e-07
 2.11284e-07
 1.92631e-07
 1.76330e-07
 1.62003e-07
 1.49346e-07
 1.38109e-07
 1.28088e-07
 1.49466e-06
 1.17825e-06
 9.52694e-07
 7.86215e-07
 6.59819e-07
 5.61590e-07
 4.83738e-07
 4.20994e-07
 3.69688e-07
 3.27204e-07
 2.91629e-07
 2.61545e-07
 2.35878e-07
 2.13806e-07
 1.94687e-07
 1.78018e-07
 1.63398e-07
 1.50506e-07
 1.39078e-07
 1.28903e-07
 1.58008e-06
 1.23031e-06
 9.86089e-07
 8.08503e-07
 6.75175e-07
 5.72450e-07
 4.91587e-07
 4.26772e-07
 3.74010e-07
 3.30480e-07
 2.94142e-07
 2.63492e-07
 2.37400e-07
 2.15004e-07
 1.95637e-07
 1.78775e-07
 1.64005e-07
 1.50993e-07
 1.39471e-07
 1.29219e-07
 1.60512e-06
 1.24434e-06
 9.94298e-07
 8.13434e-07
 6.78175e-07
 5.74272e-07
 4.92673e-07
 4.27390e-07
 3.74325e-07
 3.30598e-07
 2.94133e-07
 2.63401e-07
 2.37257e-07
 2.14829e-07
 1.95444e-07
 1.78573e-07
 1.63800e-07
 1.50790e-07
 1.39273e-07
 1.29028e-07
 1.56513e-06
 1.21806e-06
 9.76114e-07
 8.00332e-07
 6.68423e-07
 5.66820e-07
 4.86850e-07
 4.22753e-07
 3.70574e-07
 3.27520e-07
 2.91576e-07
 2.61254e-07
 2.35437e-07
 2.13273e-07
 1.94102e-07
 1.77409e-07
 1.62783e-07
 1.49897e-07
 1.38483e-07
 1.28327e-07
 1.46765e-06
 1.15528e-06
 9.33620e-07
 7.70412e-07
 6.46669e-07
 5.50572e-07
 4.74436e-07
 4.13081e-07
 3.62910e-07
 3.21356e-07
 2.86553e-07
 2.57112e-07
 2.31986e-07
 2.10370e-07
 1.91640e-07
 1.75304e-07
 1.60971e-07
 1.48326e-07
 1.37114e-07
 1.27127e-07
 1.32882e-06
 1.06447e-06
 8.71568e-07
 7.26488e-07
 6.14650e-07
 5.26645e-07
 4.56171e-07
 3.98878e-07
 3.51685e-07
 3.12357e-07
 2.79245e-07
 2.51111e-07
 2.27006e-07
 2.06199e-07
 1.88118e-07
 1.72306e-07
 1.58401e-07
 1.46109e-07
 1.35190e-07
 1.25447e-07
 1.16784e-06
 9.56305e-07
 7.96202e-07
 6.72365e-07
 5.74774e-07
 4.96610e-07
 4.33109e-07
 3.80869e-07
 3.37409e-07
 3.00888e-07
 2.69921e-07
 2.43447e-07
 2.20646e-07
 2.00874e-07
 1.83622e-07
 1.68482e-07
 1.55126e-07
 1.43286e-07
 1.32743e-07
 1.23315e-07
 1.00223e-06
 8.41266e-07
 7.13992e-07
 6.12159e-07
 5.29730e-07
 4.62268e-07
 4.06485e-07
 3.59917e-07
 3.20697e-07
 2.87396e-07
 2.58908e-07
 2.34367e-07
 2.13091e-07
 1.94535e-07
 1.78263e-07
 1.63919e-07
 1.51215e-07
 1.39914e-07
 1.29818e-07
 1.20765e-07
 8.45044e-07
 7.27948e-07
 6.30633e-07
 5.49694e-07
 4.82126e-07
 4.25427e-07
 3.77572e-07
 3.36933e-07
 3.02212e-07
 2.72369e-07
 2.46570e-07
 2.24146e-07
 2.04552e-07
 1.87347e-07
 1.72167e-07
 1.58717e-07
 1.46747e-07
 1.36055e-07
 1.26468e-07
 1.17841e-07
 7.04053e-07
 6.22293e-07
 5.50475e-07
 4.88109e-07
 4.34224e-07
 3.87726e-07
 3.47566e-07
 3.12798e-07
 2.82608e-07
 2.56297e-07
 2.33282e-07
 2.13070e-07
 1.95251e-07
 1.79481e-07
 1.65473e-07
 1.52983e-07
 1.41810e-07
 1.31779e-07
 1.22747e-07
 1.14588e-07
 5.82483e-07
 5.27630e-07
 4.76371e-07
 4.29686e-07
 3.87795e-07
 3.50520e-07
 3.17499e-07
 2.88302e-07
 2.62489e-07
 2.39649e-07
 2.19403e-07
 2.01421e-07
 1.85409e-07
 1.71114e-07
 1.58318e-07
 1.46831e-07
 1.36492e-07
 1.27161e-07
 1.18717e-07
 1.11056e-07
 4.80416e-07
 4.45198e-07
 4.09837e-07
 3.75863e-07
 3.44079e-07
 3.14833e-07
 2.88200e-07
 2.64103e-07
 2.42381e-07
 2.22837e-07
 2.05265e-07
 1.89461e-07
 1.75236e-07
 1.62414e-07
 1.50839e-07
 1.40371e-07
 1.30886e-07
 1.22274e-07
 1.14438e-07
 1.07295e-07
 3.96175e-07
 3.74825e-07
 3.51363e-07
 3.27365e-07
 3.03833e-07
 2.81363e-07
 2.60277e-07
 2.40716e-07
 2.22709e-07
 2.06215e-07
 1.91154e-07
 1.77426e-07
 1.64924e-07
 1.53538e-07
 1.43166e-07
 1.33709e-07
 1.25078e-07
 1.17190e-07
 1.09972e-07
 1.03356e-07
