scalar
part
         1
quad4
 4.82289e-07
 4.50039e-07
 4.16759e-07
 3.84125e-07
 3.53111e-07
 3.24221e-07
 2.97653e-07
 2.73423e-07
 2.51439e-07
 2.31554e-07
 2.13594e-07
 1.97381e-07
 1.82741e-07
 1.69510e-07
 1.57537e-07
 1.46689e-07
 1.36841e-07
 1.27887e-07
 1.19730e-07
 1.12286e-07
 5.78721e-07
 5.29218e-07
 4.81478e-07
 4.36981e-07
 3.96350e-07
 3.59706e-07
 3.26898e-07
 2.97642e-07
 2.71600e-07
 2.48426e-07
 2.27790e-07
 2.09388e-07
 1.92948e-07
 1.78231e-07
 1.65024e-07
 1.53146e-07
 1.42436e-07
 1.32754e-07
 1.23982e-07
 1.16014e-07
 6.94314e-07
 6.20834e-07
 5.54124e-07
 4.94788e-07
 4.42596e-07
 3.96940e-07
 3.57083e-07
 3.22286e-07
 2.91861e-07
 2.65199e-07
 2.41768e-07
 2.21112e-07
 2.02842e-07
 1.86629e-07
 1.72192e-07
 1.59296e-07
 1.47739e-07
 1.37349e-07
 1.27981e-07
 1.19509e-07
 8.30160e-07
 7.24426e-07
 6.33663e-07
 5.56400e-07
 4.90784e-07
 4.35003e-07
 3.87443e-07
 3.46730e-07
 3.11720e-07
 2.81470e-07
 2.55207e-07
 2.32295e-07
 2.12214e-07
 1.94535e-07
 1.78905e-07
 1.65028e-07
 1.52660e-07
 1.41597e-07
 1.31664e-07
 1.22718e-07
 9.84886e-07
 8.37687e-07
 7.17797e-07
 6.19837e-07
 5.39310e-07
 4.72632e-07
 4.16994e-07
 3.70213e-07
 3.30586e-07
 2.96780e-07
 2.67747e-07
 2.42655e-07
 2.20842e-07
 2.01775e-07
 1.85021e-07
 1.70228e-07
 1.57108e-07
 1.45422e-07
 1.34972e-07
 1.25592e-07
 1.15295e-06
 9.55723e-07
 8.02678e-07
 6.82202e-07
 5.86028e-07
 5.08242e-07
 4.44566e-07
 3.91864e-07
 3.47805e-07
 3.10634e-07
 2.79011e-07
 2.51903e-07
 2.28502e-07
 2.08170e-07
 1.90401e-07
 1.74785e-07
 1.60993e-07
 1.48754e-07
 1.37846e-07
 1.28084e-07
 1.32315e-06
 1.07065e-06
 8.82882e-07
 7.39769e-07
 6.28356e-07
 5.40023e-07
 4.68870e-07
 4.10753e-07
 3.62700e-07
 3.22531e-07
 2.88625e-07
 2.59754e-07
 2.34975e-07
 2.13554e-07
 1.94914e-07
 1.78597e-07
 1.64235e-07
 1.51528e-07
 1.40233e-07
 1.30149e-07
 1.47841e-06
 1.17199e-06
 9.51846e-07
 7.88318e-07
 6.63513e-07
 5.66101e-07
 4.88616e-07
 4.25977e-07
 3.74623e-07
 3.32002e-07
 2.96242e-07
 2.65950e-07
 2.40066e-07
 2.17776e-07
 1.98445e-07
 1.81573e-07
 1.66760e-07
 1.53685e-07
 1.42087e-07
 1.31752e-07
 1.59830e-06
 1.24830e-06
 1.00283e-06
 8.23717e-07
 6.88877e-07
 5.84758e-07
 5.02651e-07
 4.36740e-07
 3.83017e-07
 3.38646e-07
 3.01572e-07
 2.70275e-07
 2.43613e-07
 2.20713e-07
 2.00899e-07
 1.83639e-07
 1.68513e-07
 1.55182e-07
 1.43373e-07
 1.32863e-07
 1.66410e-06
 1.28967e-06
 1.03024e-06
 8.42645e-07
 7.02389e-07
 5.94674e-07
 5.10099e-07
 4.42448e-07
 3.87469e-07
 3.42171e-07
 3.04401e-07
 2.72573e-07
 2.45501e-07
 2.22278e-07
 2.02208e-07
 1.84744e-07
 1.69451e-07
 1.55984e-07
 1.44064e-07
 1.33461e-07
 1.66468e-06
 1.29037e-06
 1.03092e-06
 8.43249e-07
 7.02914e-07
 5.95126e-07
 5.10488e-07
 4.42782e-07
 3.87757e-07
 3.42421e-07
 3.04618e-07
 2.72763e-07
 2.45667e-07
 2.22425e-07
 2.02338e-07
 1.84859e-07
 1.69554e-07
 1.56077e-07
 1.44147e-07
 1.33536e-07
 1.60030e-06
 1.25049e-06
 1.00488e-06
 8.25530e-07
 6.90449e-07
 5.86109e-07
 5.03810e-07
 4.37736e-07
 3.83876e-07
 3.39390e-07
 3.02219e-07
 2.70840e-07
 2.44110e-07
 2.21151e-07
 2.01287e-07
 1.83984e-07
 1.68821e-07
 1.55458e-07
 1.43621e-07
 1.33087e-07
 1.48238e-06
 1.17585e-06
 9.55318e-07
 7.91342e-07
 6.66114e-07
 5.68328e-07
 4.90525e-07
 4.27616e-07
 3.76037e-07
 3.33227e-07
 2.97309e-07
 2.66882e-07
 2.40885e-07
 2.18498e-07
 1.99086e-07
 1.82143e-07
 1.67270e-07
 1.54142e-07
 1.42498e-07
 1.32123e-07
 1.32956e-06
 1.07633e-06
 8.87800e-07
 7.43978e-07
 6.31945e-07
 5.43085e-07
 4.71490e-07
 4.13004e-07
 3.64641e-07
 3.24214e-07
 2.90092e-07
 2.61038e-07
 2.36104e-07
 2.14551e-07
 1.95799e-07
 1.79385e-07
 1.64939e-07
 1.52160e-07
 1.40802e-07
 1.30663e-07
 1.16185e-06
 9.63200e-07
 8.08974e-07
 6.87519e-07
 5.90533e-07
 5.12075e-07
 4.47843e-07
 3.94680e-07
 3.50237e-07
 3.12745e-07
 2.80853e-07
 2.53518e-07
 2.29924e-07
 2.09428e-07
 1.91518e-07
 1.75782e-07
 1.61885e-07
 1.49555e-07
 1.38568e-07
 1.28736e-07
 9.95895e-07
 8.46717e-07
 7.25299e-07
 6.26127e-07
 5.44624e-07
 4.77150e-07
 4.20859e-07
 3.73539e-07
 3.33463e-07
 2.99282e-07
 2.69934e-07
 2.44576e-07
 2.22537e-07
 2.03276e-07
 1.86356e-07
 1.71420e-07
 1.58176e-07
 1.46383e-07
 1.35839e-07
 1.26377e-07
 8.42657e-07
 7.34631e-07
 6.42117e-07
 5.63482e-07
 4.96770e-07
 4.40100e-07
 3.91813e-07
 3.50499e-07
 3.14988e-07
 2.84320e-07
 2.57703e-07
 2.34492e-07
 2.14156e-07
 1.96260e-07
 1.80441e-07
 1.66402e-07
 1.53894e-07
 1.42708e-07
 1.32668e-07
 1.23628e-07
 7.07641e-07
 6.31790e-07
 5.63243e-07
 5.02458e-07
 4.49102e-07
 4.02500e-07
 3.61866e-07
 3.26425e-07
 2.95463e-07
 2.68349e-07
 2.44535e-07
 2.23554e-07
 2.05006e-07
 1.88554e-07
 1.73912e-07
 1.60837e-07
 1.49125e-07
 1.38599e-07
 1.29112e-07
 1.20535e-07
 5.92315e-07
 5.40531e-07
 4.90982e-07
 4.45032e-07
 4.03221e-07
 3.65609e-07
 3.32001e-07
 3.02077e-07
 2.75474e-07
 2.51826e-07
 2.30787e-07
 2.12040e-07
 1.95306e-07
 1.80334e-07
 1.66907e-07
 1.54837e-07
 1.43959e-07
 1.34131e-07
 1.25230e-07
 1.17148e-07
 4.95729e-07
 4.61387e-07
 4.26401e-07
 3.92368e-07
 3.60201e-07
 3.30352e-07
 3.02983e-07
 2.78079e-07
 2.55525e-07
 2.35155e-07
 2.16780e-07
 2.00211e-07
 1.85264e-07
 1.71766e-07
 1.59563e-07
 1.48512e-07
 1.38488e-07
 1.29378e-07
 1.21084e-07
 1.13518e-07
