scalar
part
         1
quad4
 5.75735e-07
 5.29546e-07
 4.84172e-07
 4.41222e-07
 4.01505e-07
 3.65318e-07
 3.32654e-07
 3.03335e-07
 2.77100e-07
 2.53656e-07
 2.32709e-07
 2.13981e-07
 1.97214e-07
 1.82178e-07
 1.68669e-07
 1.56505e-07
 1.45529e-07
 1.35602e-07
 1.26603e-07
 1.18427e-07
 6.80983e-07
 6.14269e-07
 5.52107e-07
 4.95690e-07
 4.45282e-07
 4.00646e-07
 3.61307e-07
 3.26705e-07
 2.96273e-07
 2.69479e-07
 2.45845e-07
 2.24949e-07
 2.06423e-07
 1.89953e-07
 1.75266e-07
 1.62131e-07
 1.50348e-07
 1.39749e-07
 1.30187e-07
 1.21537e-07
 8.05003e-07
 7.10476e-07
 6.26823e-07
 5.53972e-07
 4.91032e-07
 4.36823e-07
 3.90139e-07
 3.49864e-07
 3.15021e-07
 2.84771e-07
 2.58409e-07
 2.35343e-07
 2.15079e-07
 1.97205e-07
 1.81378e-07
 1.67311e-07
 1.54761e-07
 1.43527e-07
 1.33436e-07
 1.24344e-07
 9.47744e-07
 8.16759e-07
 7.06577e-07
 6.14418e-07
 5.37344e-07
 4.72700e-07
 4.18232e-07
 3.72091e-07
 3.32779e-07
 2.99091e-07
 2.70055e-07
 2.44890e-07
 2.22965e-07
 2.03764e-07
 1.86869e-07
 1.71936e-07
 1.58679e-07
 1.46864e-07
 1.36292e-07
 1.26799e-07
 1.10597e-06
 9.29479e-07
 7.88182e-07
 6.74478e-07
 5.82258e-07
 5.06793e-07
 4.44474e-07
 3.92549e-07
 3.48916e-07
 3.11957e-07
 2.80415e-07
 2.53308e-07
 2.29862e-07
 2.09459e-07
 1.91605e-07
 1.75900e-07
 1.62017e-07
 1.49691e-07
 1.38699e-07
 1.28859e-07
 1.27142e-06
 1.04207e-06
 8.66808e-07
 7.30700e-07
 6.23321e-07
 5.37358e-07
 4.67611e-07
 4.10330e-07
 3.62767e-07
 3.22878e-07
 2.89121e-07
 2.60318e-07
 2.35558e-07
 2.14125e-07
 1.95457e-07
 1.79102e-07
 1.64696e-07
 1.51945e-07
 1.40607e-07
 1.30481e-07
 1.42946e-06
 1.14488e-06
 9.36164e-07
 7.78948e-07
 6.57778e-07
 5.62525e-07
 4.86355e-07
 4.24530e-07
 3.73687e-07
 3.31388e-07
 2.95832e-07
 2.65667e-07
 2.39861e-07
 2.17618e-07
 1.98314e-07
 1.81456e-07
 1.66648e-07
 1.53573e-07
 1.41972e-07
 1.31632e-07
 1.55983e-06
 1.22620e-06
 9.89272e-07
 8.14931e-07
 6.82904e-07
 5.80518e-07
 4.99517e-07
 4.34336e-07
 3.81109e-07
 3.37083e-07
 3.00255e-07
 2.69139e-07
 2.42613e-07
 2.19818e-07
 2.00085e-07
 1.82891e-07
 1.67819e-07
 1.54533e-07
 1.42762e-07
 1.32285e-07
 1.64094e-06
 1.27470e-06
 1.01981e-06
 8.34945e-07
 6.96438e-07
 5.89904e-07
 5.06163e-07
 4.39122e-07
 3.84603e-07
 3.39663e-07
 3.02178e-07
 2.70582e-07
 2.43701e-07
 2.20640e-07
 2.00707e-07
 1.83360e-07
 1.68171e-07
 1.54795e-07
 1.42954e-07
 1.32422e-07
 1.65723e-06
 1.28269e-06
 1.02369e-06
 8.36666e-07
 6.96998e-07
 5.89830e-07
 5.05747e-07
 4.38529e-07
 3.83930e-07
 3.38964e-07
 3.01485e-07
 2.69912e-07
 2.43064e-07
 2.20041e-07
 2.00147e-07
 1.82839e-07
 1.67686e-07
 1.54345e-07
 1.42537e-07
 1.32036e-07
 1.60538e-06
 1.24862e-06
 1.00011e-06
 8.19680e-07
 6.84356e-07
 5.80169e-07
 4.98198e-07
 4.32518e-07
 3.79066e-07
 3.34973e-07
 2.98170e-07
 2.67128e-07
 2.40704e-07
 2.18022e-07
 1.98407e-07
 1.81329e-07
 1.66367e-07
 1.53186e-07
 1.41513e-07
 1.31127e-07
 1.49516e-06
 1.17743e-06
 9.51793e-07
 7.85565e-07
 6.59483e-07
 5.61542e-07
 4.83928e-07
 4.21372e-07
 3.70211e-07
 3.27834e-07
 2.92338e-07
 2.62310e-07
 2.36680e-07
 2.14631e-07
 1.95525e-07
 1.78860e-07
 1.64237e-07
 1.51337e-07
 1.39899e-07
 1.29709e-07
 1.34482e-06
 1.07871e-06
 8.84103e-07
 7.37502e-07
 6.24347e-07
 5.35214e-07
 4.63778e-07
 4.05664e-07
 3.57767e-07
 3.17834e-07
 2.84199e-07
 2.55610e-07
 2.31109e-07
 2.09955e-07
 1.91567e-07
 1.75484e-07
 1.61338e-07
 1.48831e-07
 1.37719e-07
 1.27804e-07
 1.17470e-06
 9.63841e-07
 8.03747e-07
 6.79596e-07
 5.81552e-07
 5.02890e-07
 4.38893e-07
 3.86183e-07
 3.42288e-07
 3.05371e-07
 2.74045e-07
 2.47247e-07
 2.24154e-07
 2.04120e-07
 1.86631e-07
 1.71279e-07
 1.57730e-07
 1.45716e-07
 1.35014e-07
 1.25442e-07
 1.00253e-06
 8.43602e-07
 7.17434e-07
 6.16144e-07
 5.33921e-07
 4.66467e-07
 4.10580e-07
 3.63846e-07
 3.24430e-07
 2.90922e-07
 2.62226e-07
 2.37483e-07
 2.16015e-07
 1.97278e-07
 1.80836e-07
 1.66335e-07
 1.53486e-07
 1.42050e-07
 1.31830e-07
 1.22662e-07
 8.40999e-07
 7.26517e-07
 6.30902e-07
 5.51040e-07
 4.84131e-07
 4.27815e-07
 3.80159e-07
 3.39602e-07
 3.04885e-07
 2.74997e-07
 2.49125e-07
 2.26608e-07
 2.06913e-07
 1.89602e-07
 1.74316e-07
 1.60761e-07
 1.48691e-07
 1.37902e-07
 1.28223e-07
 1.19509e-07
 6.97341e-07
 6.18297e-07
 5.48415e-07
 4.87406e-07
 4.34456e-07
 3.88593e-07
 3.48852e-07
 3.14355e-07
 2.84328e-07
 2.58107e-07
 2.35130e-07
 2.14921e-07
 1.97080e-07
 1.81271e-07
 1.67214e-07
 1.54669e-07
 1.43436e-07
 1.33345e-07
 1.24251e-07
 1.16031e-07
 5.74278e-07
 5.21993e-07
 4.72686e-07
 4.27459e-07
 3.86642e-07
 3.50151e-07
 3.17697e-07
 2.88903e-07
 2.63374e-07
 2.40727e-07
 2.20611e-07
 2.02710e-07
 1.86744e-07
 1.72469e-07
 1.59674e-07
 1.48176e-07
 1.37815e-07
 1.28455e-07
 1.19978e-07
 1.12281e-07
 4.71503e-07
 4.38595e-07
 4.05077e-07
 3.72548e-07
 3.41882e-07
 3.13492e-07
 2.87510e-07
 2.63903e-07
 2.42548e-07
 2.23277e-07
 2.05904e-07
 1.90244e-07
 1.76121e-07
 1.63368e-07
 1.51838e-07
 1.41396e-07
 1.31922e-07
 1.23311e-07
 1.15468e-07
 1.08312e-07
 3.87057e-07
 3.67728e-07
 3.45943e-07
 3.23311e-07
 3.00877e-07
 2.79280e-07
 2.58882e-07
 2.39861e-07
 2.22274e-07
 2.06106e-07
 1.91297e-07
 1.77761e-07
 1.65404e-07
 1.54128e-07
 1.43836e-07
 1.34438e-07
 1.25847e-07
 1.17985e-07
 1.10782e-07
 1.04174e-07
