scalar
part
         1
quad4
 6.54783e-07
 5.98540e-07
 5.44191e-07
 4.93383e-07
 4.46873e-07
 4.04858e-07
 3.67214e-07
 3.33646e-07
 3.03784e-07
 2.77240e-07
 2.53637e-07
 2.32626e-07
 2.13890e-07
 1.97151e-07
 1.82161e-07
 1.68707e-07
 1.56601e-07
 1.45681e-07
 1.35807e-07
 1.26856e-07
 7.69960e-07
 6.90382e-07
 6.17134e-07
 5.51309e-07
 4.92988e-07
 4.41724e-07
 3.96839e-07
 3.57589e-07
 3.23253e-07
 2.93167e-07
 2.66746e-07
 2.43478e-07
 2.22926e-07
 2.04716e-07
 1.88527e-07
 1.74091e-07
 1.61176e-07
 1.49586e-07
 1.39154e-07
 1.29737e-07
 9.04703e-07
 7.93811e-07
 6.96600e-07
 6.12633e-07
 5.40614e-07
 4.78990e-07
 4.26231e-07
 3.80960e-07
 3.41984e-07
 3.08296e-07
 2.79056e-07
 2.53565e-07
 2.31246e-07
 2.11621e-07
 1.94293e-07
 1.78931e-07
 1.65260e-07
 1.53050e-07
 1.42104e-07
 1.32261e-07
 1.05841e-06
 9.06866e-07
 7.80389e-07
 6.75353e-07
 5.88083e-07
 5.15321e-07
 4.54346e-07
 4.02947e-07
 3.59351e-07
 3.22142e-07
 2.90191e-07
 2.62593e-07
 2.38621e-07
 2.17687e-07
 1.99315e-07
 1.83114e-07
 1.68764e-07
 1.55999e-07
 1.44599e-07
 1.34381e-07
 1.22676e-06
 1.02505e-06
 8.64683e-07
 7.36486e-07
 6.33142e-07
 5.49043e-07
 4.79942e-07
 4.22629e-07
 3.74666e-07
 3.34189e-07
 2.99761e-07
 2.70265e-07
 2.44821e-07
 2.22737e-07
 2.03456e-07
 1.86531e-07
 1.71600e-07
 1.58365e-07
 1.46584e-07
 1.36052e-07
 1.39970e-06
 1.14056e-06
 9.43874e-07
 7.92094e-07
 6.73042e-07
 5.78228e-07
 5.01657e-07
 4.39034e-07
 3.87227e-07
 3.43924e-07
 3.07387e-07
 2.76297e-07
 2.49634e-07
 2.26607e-07
 2.06589e-07
 1.89084e-07
 1.73692e-07
 1.60088e-07
 1.48009e-07
 1.37236e-07
 1.56001e-06
 1.24229e-06
 1.01085e-06
 8.37589e-07
 7.04778e-07
 6.00872e-07
 5.18131e-07
 4.51220e-07
 3.96373e-07
 3.50874e-07
 3.12727e-07
 2.80437e-07
 2.52872e-07
 2.29156e-07
 2.08608e-07
 1.90691e-07
 1.74976e-07
 1.61118e-07
 1.48836e-07
 1.37902e-07
 1.68445e-06
 1.31711e-06
 1.05797e-06
 8.68381e-07
 7.25499e-07
 6.15154e-07
 5.28167e-07
 4.58384e-07
 4.01551e-07
 3.54653e-07
 3.15505e-07
 2.82489e-07
 2.54389e-07
 2.30277e-07
 2.09433e-07
 1.91292e-07
 1.75407e-07
 1.61419e-07
 1.49038e-07
 1.38027e-07
 1.74930e-06
 1.35297e-06
 1.07874e-06
 8.80763e-07
 7.33004e-07
 6.19714e-07
 5.30900e-07
 4.59959e-07
 4.02383e-07
 3.55003e-07
 3.15541e-07
 2.82323e-07
 2.54095e-07
 2.29903e-07
 2.09013e-07
 1.90849e-07
 1.74956e-07
 1.60970e-07
 1.48597e-07
 1.37600e-07
 1.73924e-06
 1.34275e-06
 1.06954e-06
 8.72797e-07
 7.26193e-07
 6.13905e-07
 5.25936e-07
 4.55701e-07
 3.98711e-07
 3.51821e-07
 3.12769e-07
 2.79896e-07
 2.51959e-07
 2.28015e-07
 2.07337e-07
 1.89354e-07
 1.73617e-07
 1.59767e-07
 1.47513e-07
 1.36619e-07
 1.65468e-06
 1.28699e-06
 1.03083e-06
 8.44830e-07
 7.05328e-07
 5.97925e-07
 5.13426e-07
 4.45723e-07
 3.90626e-07
 3.45178e-07
 3.07245e-07
 2.75252e-07
 2.48018e-07
 2.24642e-07
 2.04427e-07
 1.86827e-07
 1.71408e-07
 1.57825e-07
 1.45797e-07
 1.35094e-07
 1.51136e-06
 1.19366e-06
 9.66988e-07
 7.99422e-07
 6.71987e-07
 5.72788e-07
 4.94045e-07
 4.30491e-07
 3.78455e-07
 3.35310e-07
 2.99141e-07
 2.68521e-07
 2.42370e-07
 2.19860e-07
 2.00344e-07
 1.83315e-07
 1.68367e-07
 1.55174e-07
 1.43473e-07
 1.33046e-07
 1.33288e-06
 1.07518e-06
 8.84997e-07
 7.40718e-07
 6.28743e-07
 5.40153e-07
 4.68899e-07
 4.10762e-07
 3.62728e-07
 3.22598e-07
 2.88737e-07
 2.59911e-07
 2.35173e-07
 2.13789e-07
 1.95181e-07
 1.78890e-07
 1.64550e-07
 1.51860e-07
 1.40579e-07
 1.30506e-07
 1.14234e-06
 9.44723e-07
 7.92697e-07
 6.73563e-07
 5.78691e-07
 5.02057e-07
 4.39365e-07
 3.87490e-07
 3.44123e-07
 3.07530e-07
 2.76391e-07
 2.49688e-07
 2.26628e-07
 2.06584e-07
 1.89058e-07
 1.73649e-07
 1.60032e-07
 1.47944e-07
 1.37163e-07
 1.27511e-07
 9.57474e-07
 8.13535e-07
 6.97292e-07
 6.02660e-07
 5.24966e-07
 4.60634e-07
 4.06922e-07
 3.61720e-07
 3.23390e-07
 2.90655e-07
 2.62511e-07
 2.38161e-07
 2.16969e-07
 1.98425e-07
 1.82115e-07
 1.67700e-07
 1.54903e-07
 1.43494e-07
 1.33283e-07
 1.24110e-07
 7.89497e-07
 6.89696e-07
 6.04469e-07
 5.31989e-07
 4.70364e-07
 4.17867e-07
 3.72996e-07
 3.34488e-07
 3.01292e-07
 2.72541e-07
 2.47523e-07
 2.25653e-07
 2.06447e-07
 1.89509e-07
 1.74506e-07
 1.61166e-07
 1.49258e-07
 1.38591e-07
 1.29002e-07
 1.20354e-07
 6.43780e-07
 5.78032e-07
 5.18106e-07
 4.64527e-07
 4.17130e-07
 3.75435e-07
 3.38842e-07
 3.06737e-07
 2.78541e-07
 2.53731e-07
 2.31847e-07
 2.12489e-07
 1.95316e-07
 1.80033e-07
 1.66390e-07
 1.54173e-07
 1.43201e-07
 1.33316e-07
 1.24387e-07
 1.16297e-07
 5.21436e-07
 4.80659e-07
 4.40398e-07
 4.02219e-07
 3.66873e-07
 3.34630e-07
 3.05480e-07
 2.79268e-07
 2.55765e-07
 2.34717e-07
 2.15867e-07
 1.98975e-07
 1.83817e-07
 1.70191e-07
 1.57921e-07
 1.46847e-07
 1.36832e-07
 1.27754e-07
 1.19507e-07
 1.11999e-07
 4.20971e-07
 3.97766e-07
 3.72202e-07
 3.46107e-07
 3.20607e-07
 2.96350e-07
 2.73673e-07
 2.52711e-07
 2.33479e-07
 2.15917e-07
 1.99925e-07
 1.85385e-07
 1.72173e-07
 1.60167e-07
 1.49248e-07
 1.39310e-07
 1.30253e-07
 1.21987e-07
 1.14432e-07
 1.07515e-07
 3.39636e-07
 3.28373e-07
 3.13439e-07
 2.96535e-07
 2.78840e-07
 2.61139e-07
 2.43934e-07
 2.27527e-07
 2.12081e-07
 1.97668e-07
 1.84301e-07
 1.71955e-07
 1.60581e-07
 1.50120e-07
 1.40507e-07
 1.31674e-07
 1.23557e-07
 1.16094e-07
 1.09226e-07
 1.02901e-07
