scalar
part
         1
quad4
 4.08419e-07
 3.85520e-07
 3.60610e-07
 3.35311e-07
 3.10639e-07
 2.87186e-07
 2.65263e-07
 2.44993e-07
 2.26387e-07
 2.09388e-07
 1.93901e-07
 1.79813e-07
 1.67006e-07
 1.55361e-07
 1.44768e-07
 1.35122e-07
 1.26328e-07
 1.18301e-07
 1.10961e-07
 1.04241e-07
 4.94792e-07
 4.57437e-07
 4.20171e-07
 3.84554e-07
 3.51381e-07
 3.20975e-07
 2.93381e-07
 2.68488e-07
 2.46108e-07
 2.26020e-07
 2.07995e-07
 1.91814e-07
 1.77273e-07
 1.64186e-07
 1.52387e-07
 1.41730e-07
 1.32083e-07
 1.23332e-07
 1.15378e-07
 1.08132e-07
 5.99346e-07
 5.41555e-07
 4.87812e-07
 4.39079e-07
 3.95523e-07
 3.56903e-07
 3.22799e-07
 2.92726e-07
 2.66205e-07
 2.42788e-07
 2.22072e-07
 2.03703e-07
 1.87371e-07
 1.72810e-07
 1.59791e-07
 1.48118e-07
 1.37621e-07
 1.28155e-07
 1.19596e-07
 1.11837e-07
 7.23690e-07
 6.37939e-07
 5.62940e-07
 4.98078e-07
 4.42245e-07
 3.94227e-07
 3.52876e-07
 3.17171e-07
 2.86237e-07
 2.59333e-07
 2.35840e-07
 2.15240e-07
 1.97104e-07
 1.81074e-07
 1.66849e-07
 1.54179e-07
 1.42854e-07
 1.32696e-07
 1.23555e-07
 1.15303e-07
 8.67523e-07
 7.45145e-07
 6.43881e-07
 5.59999e-07
 4.90229e-07
 4.31871e-07
 3.82752e-07
 3.41142e-07
 3.05666e-07
 2.75230e-07
 2.48961e-07
 2.26160e-07
 2.06261e-07
 1.88807e-07
 1.73423e-07
 1.59803e-07
 1.47693e-07
 1.36882e-07
 1.27194e-07
 1.18482e-07
 1.02715e-06
 8.59505e-07
 7.27558e-07
 6.22420e-07
 5.37619e-07
 4.68428e-07
 4.11363e-07
 3.63831e-07
 3.23876e-07
 2.90006e-07
 2.61072e-07
 2.36178e-07
 2.14619e-07
 1.95835e-07
 1.79375e-07
 1.64878e-07
 1.52046e-07
 1.40638e-07
 1.30453e-07
 1.21324e-07
 1.19400e-06
 9.74613e-07
 8.09364e-07
 6.82061e-07
 5.82076e-07
 5.02217e-07
 4.37491e-07
 3.84347e-07
 3.40207e-07
 3.03168e-07
 2.71800e-07
 2.45010e-07
 2.21958e-07
 2.01985e-07
 1.84569e-07
 1.69296e-07
 1.55829e-07
 1.43897e-07
 1.33277e-07
 1.23783e-07
 1.35399e-06
 1.08138e-06
 8.83368e-07
 7.34988e-07
 6.20942e-07
 5.31412e-07
 4.59857e-07
 4.01778e-07
 3.54001e-07
 3.14233e-07
 2.80783e-07
 2.52384e-07
 2.28070e-07
 2.07097e-07
 1.88881e-07
 1.72959e-07
 1.58964e-07
 1.46596e-07
 1.35614e-07
 1.25819e-07
 1.48869e-06
 1.16900e-06
 9.42993e-07
 7.77062e-07
 6.51535e-07
 5.54227e-07
 4.77242e-07
 4.15276e-07
 3.64654e-07
 3.22763e-07
 2.87701e-07
 2.58060e-07
 2.32776e-07
 2.11035e-07
 1.92203e-07
 1.75785e-07
 1.61384e-07
 1.48683e-07
 1.37424e-07
 1.27398e-07
 1.57882e-06
 1.22690e-06
 9.82117e-07
 8.04576e-07
 6.71523e-07
 5.69144e-07
 4.88632e-07
 4.24146e-07
 3.71679e-07
 3.28410e-07
 2.92301e-07
 2.61851e-07
 2.35933e-07
 2.13688e-07
 1.94454e-07
 1.77708e-07
 1.63039e-07
 1.50116e-07
 1.38673e-07
 1.28492e-07
 1.60936e-06
 1.24724e-06
 9.96365e-07
 8.14948e-07
 6.79311e-07
 5.75142e-07
 4.93350e-07
 4.27924e-07
 3.74752e-07
 3.30944e-07
 2.94414e-07
 2.63632e-07
 2.37448e-07
 2.14988e-07
 1.95577e-07
 1.78685e-07
 1.63895e-07
 1.50870e-07
 1.39340e-07
 1.29085e-07
 1.57487e-06
 1.22726e-06
 9.84195e-07
 8.07266e-07
 6.74332e-07
 5.71853e-07
 4.91150e-07
 4.26442e-07
 3.73754e-07
 3.30276e-07
 2.93977e-07
 2.63355e-07
 2.37285e-07
 2.14905e-07
 1.95551e-07
 1.78699e-07
 1.63937e-07
 1.50932e-07
 1.39416e-07
 1.29169e-07
 1.48199e-06
 1.17021e-06
 9.47347e-07
 7.82510e-07
 6.57163e-07
 5.59628e-07
 4.82252e-07
 4.19842e-07
 3.68778e-07
 3.26472e-07
 2.91031e-07
 2.61050e-07
 2.35463e-07
 2.13454e-07
 1.94386e-07
 1.77758e-07
 1.63172e-07
 1.50306e-07
 1.38902e-07
 1.28746e-07
 1.34718e-06
 1.08448e-06
 8.90408e-07
 7.43333e-07
 6.29408e-07
 5.39476e-07
 4.67309e-07
 4.08558e-07
 3.60121e-07
 3.19736e-07
 2.85725e-07
 2.56822e-07
 2.32062e-07
 2.10692e-07
 1.92125e-07
 1.75893e-07
 1.61623e-07
 1.49013e-07
 1.37815e-07
 1.27828e-07
 1.19073e-06
 9.81061e-07
 8.19648e-07
 6.93483e-07
 5.93397e-07
 5.12892e-07
 4.47309e-07
 3.93260e-07
 3.48245e-07
 3.10395e-07
 2.78291e-07
 2.50843e-07
 2.27206e-07
 2.06714e-07
 1.88840e-07
 1.73161e-07
 1.59335e-07
 1.47084e-07
 1.36181e-07
 1.26435e-07
 1.03072e-06
 8.70692e-07
 7.41625e-07
 6.37074e-07
 5.51782e-07
 4.81630e-07
 4.23440e-07
 3.74768e-07
 3.33730e-07
 2.98865e-07
 2.69032e-07
 2.43336e-07
 2.21063e-07
 2.01647e-07
 1.84628e-07
 1.69635e-07
 1.56365e-07
 1.44567e-07
 1.34036e-07
 1.24598e-07
 8.79792e-07
 7.61935e-07
 6.62048e-07
 5.77932e-07
 5.07156e-07
 4.47474e-07
 3.96948e-07
 3.53966e-07
 3.17210e-07
 2.85609e-07
 2.58292e-07
 2.34557e-07
 2.13829e-07
 1.95639e-07
 1.79604e-07
 1.65407e-07
 1.52784e-07
 1.41518e-07
 1.31425e-07
 1.22352e-07
 7.44807e-07
 6.60451e-07
 5.85189e-07
 5.19172e-07
 4.61771e-07
 4.12050e-07
 3.69014e-07
 3.31720e-07
 2.99327e-07
 2.71105e-07
 2.46431e-07
 2.24781e-07
 2.05712e-07
 1.88854e-07
 1.73896e-07
 1.60576e-07
 1.48673e-07
 1.38000e-07
 1.28401e-07
 1.19739e-07
 6.28203e-07
 5.69244e-07
 5.13781e-07
 4.63039e-07
 4.17385e-07
 3.76710e-07
 3.40668e-07
 3.08813e-07
 2.80677e-07
 2.55810e-07
 2.33801e-07
 2.14281e-07
 1.96927e-07
 1.81460e-07
 1.67637e-07
 1.55248e-07
 1.44115e-07
 1.34083e-07
 1.25017e-07
 1.16805e-07
 5.29660e-07
 4.89343e-07
 4.49254e-07
 4.10943e-07
 3.75235e-07
 3.42481e-07
 3.12741e-07
 2.85907e-07
 2.61784e-07
 2.40140e-07
 2.20729e-07
 2.03316e-07
 1.87680e-07
 1.73621e-07
 1.60958e-07
 1.49531e-07
 1.39198e-07
 1.29835e-07
 1.21334e-07
 1.13597e-07
