scalar
part
         1
quad4
 6.13665e-07
 5.62412e-07
 5.12565e-07
 4.65732e-07
 4.22681e-07
 3.83653e-07
 3.48574e-07
 3.17206e-07
 2.89231e-07
 2.64307e-07
 2.42099e-07
 2.22291e-07
 2.04599e-07
 1.88766e-07
 1.74568e-07
 1.61806e-07
 1.50309e-07
 1.39926e-07
 1.30528e-07
 1.22000e-07
 7.22977e-07
 6.49937e-07
 5.82370e-07
 5.21399e-07
 4.67183e-07
 4.19374e-07
 3.77395e-07
 3.40591e-07
 3.08319e-07
 2.79982e-07
 2.55048e-07
 2.33051e-07
 2.13590e-07
 1.96320e-07
 1.80947e-07
 1.67220e-07
 1.54926e-07
 1.43881e-07
 1.33929e-07
 1.24938e-07
 8.51168e-07
 7.48798e-07
 6.58689e-07
 5.80574e-07
 5.13357e-07
 4.55671e-07
 4.06152e-07
 3.63558e-07
 3.26807e-07
 2.94978e-07
 2.67300e-07
 2.43132e-07
 2.21939e-07
 2.03278e-07
 1.86780e-07
 1.72137e-07
 1.59092e-07
 1.47429e-07
 1.36964e-07
 1.27545e-07
 9.97858e-07
 8.57289e-07
 7.39543e-07
 6.41433e-07
 5.59667e-07
 4.91304e-07
 4.33871e-07
 3.85345e-07
 3.44101e-07
 3.08834e-07
 2.78498e-07
 2.52255e-07
 2.29427e-07
 2.09467e-07
 1.91929e-07
 1.76447e-07
 1.62720e-07
 1.50498e-07
 1.39574e-07
 1.29774e-07
 1.15924e-06
 9.71338e-07
 8.21439e-07
 7.01219e-07
 6.04017e-07
 5.24705e-07
 4.59379e-07
 4.05079e-07
 3.59548e-07
 3.21057e-07
 2.88266e-07
 2.60131e-07
 2.35832e-07
 2.14715e-07
 1.96259e-07
 1.80042e-07
 1.65723e-07
 1.53021e-07
 1.41704e-07
 1.31581e-07
 1.32619e-06
 1.08380e-06
 8.99186e-07
 7.56258e-07
 6.43823e-07
 5.54048e-07
 4.81379e-07
 4.21826e-07
 3.72470e-07
 3.31148e-07
 2.96233e-07
 2.66483e-07
 2.40942e-07
 2.18859e-07
 1.99644e-07
 1.82826e-07
 1.68026e-07
 1.54937e-07
 1.43306e-07
 1.32927e-07
 1.48287e-06
 1.18437e-06
 9.66132e-07
 8.02226e-07
 6.76230e-07
 5.77416e-07
 4.98561e-07
 4.34673e-07
 3.82220e-07
 3.38643e-07
 3.02062e-07
 2.71062e-07
 2.44571e-07
 2.21758e-07
 2.01977e-07
 1.84715e-07
 1.69564e-07
 1.56195e-07
 1.44340e-07
 1.33780e-07
 1.60775e-06
 1.26074e-06
 1.01504e-06
 8.34725e-07
 6.98481e-07
 5.93030e-07
 5.09746e-07
 4.42825e-07
 3.88247e-07
 3.43155e-07
 3.05474e-07
 2.73665e-07
 2.46570e-07
 2.23302e-07
 2.03173e-07
 1.85645e-07
 1.70288e-07
 1.56757e-07
 1.44776e-07
 1.34116e-07
 1.67842e-06
 1.30135e-06
 1.03958e-06
 8.50102e-07
 7.08376e-07
 5.99518e-07
 5.14050e-07
 4.45695e-07
 3.90156e-07
 3.44410e-07
 3.06277e-07
 2.74154e-07
 2.46839e-07
 2.23417e-07
 2.03180e-07
 1.85576e-07
 1.70166e-07
 1.56600e-07
 1.44595e-07
 1.33920e-07
 1.67966e-06
 1.29894e-06
 1.03598e-06
 8.46275e-07
 7.04710e-07
 5.96153e-07
 5.11021e-07
 4.42994e-07
 3.87757e-07
 3.42281e-07
 3.04386e-07
 2.72471e-07
 2.45337e-07
 2.22073e-07
 2.01975e-07
 1.84491e-07
 1.69188e-07
 1.55715e-07
 1.43792e-07
 1.33190e-07
 1.61020e-06
 1.25310e-06
 1.00413e-06
 8.23255e-07
 6.87528e-07
 5.82987e-07
 5.00711e-07
 4.34769e-07
 3.81090e-07
 3.36801e-07
 2.99828e-07
 2.68639e-07
 2.42085e-07
 2.19289e-07
 1.99573e-07
 1.82405e-07
 1.67364e-07
 1.54111e-07
 1.42374e-07
 1.31931e-07
 1.48292e-06
 1.17036e-06
 9.47637e-07
 7.83141e-07
 6.58125e-07
 5.60856e-07
 4.83676e-07
 4.21402e-07
 3.70425e-07
 3.28167e-07
 2.92748e-07
 2.62766e-07
 2.37163e-07
 2.15127e-07
 1.96023e-07
 1.79355e-07
 1.64725e-07
 1.51814e-07
 1.40363e-07
 1.30160e-07
 1.31875e-06
 1.06174e-06
 8.72684e-07
 7.29612e-07
 6.18783e-07
 5.31230e-07
 4.60894e-07
 4.03562e-07
 3.56231e-07
 3.16715e-07
 2.83390e-07
 2.55035e-07
 2.30711e-07
 2.09692e-07
 1.91408e-07
 1.75406e-07
 1.61323e-07
 1.48864e-07
 1.37790e-07
 1.27904e-07
 1.13933e-06
 9.39503e-07
 7.86536e-07
 6.67137e-07
 5.72352e-07
 4.95980e-07
 4.33629e-07
 3.82124e-07
 3.39127e-07
 3.02889e-07
 2.72083e-07
 2.45688e-07
 2.22911e-07
 2.03126e-07
 1.85837e-07
 1.70644e-07
 1.57225e-07
 1.45315e-07
 1.34700e-07
 1.25198e-07
 9.62211e-07
 8.14557e-07
 6.96105e-07
 6.00195e-07
 5.21798e-07
 4.57116e-07
 4.03271e-07
 3.58067e-07
 3.19814e-07
 2.87202e-07
 2.59204e-07
 2.35011e-07
 2.13981e-07
 1.95596e-07
 1.79438e-07
 1.65170e-07
 1.52511e-07
 1.41233e-07
 1.31144e-07
 1.22085e-07
 7.99115e-07
 6.95095e-07
 6.07041e-07
 5.32688e-07
 4.69839e-07
 4.16552e-07
 3.71186e-07
 3.32379e-07
 2.99018e-07
 2.70191e-07
 2.45158e-07
 2.23312e-07
 2.04156e-07
 1.87284e-07
 1.72357e-07
 1.59098e-07
 1.47274e-07
 1.36690e-07
 1.27183e-07
 1.18614e-07
 6.56162e-07
 5.86273e-07
 5.23349e-07
 4.67625e-07
 4.18708e-07
 3.75942e-07
 3.38600e-07
 3.05977e-07
 2.77427e-07
 2.52382e-07
 2.30347e-07
 2.10899e-07
 1.93679e-07
 1.78380e-07
 1.64743e-07
 1.52549e-07
 1.41609e-07
 1.31764e-07
 1.22879e-07
 1.14837e-07
 5.35140e-07
 4.90582e-07
 4.47420e-07
 4.07046e-07
 3.70057e-07
 3.36589e-07
 3.06533e-07
 2.79652e-07
 2.55658e-07
 2.34252e-07
 2.15145e-07
 1.98069e-07
 1.82782e-07
 1.69071e-07
 1.56747e-07
 1.45642e-07
 1.35614e-07
 1.26536e-07
 1.18299e-07
 1.10807e-07
 4.35069e-07
 4.08548e-07
 3.80316e-07
 3.52112e-07
 3.24963e-07
 2.99426e-07
 2.75761e-07
 2.54040e-07
 2.34225e-07
 2.16217e-07
 1.99886e-07
 1.85090e-07
 1.71685e-07
 1.59534e-07
 1.48510e-07
 1.38496e-07
 1.29386e-07
 1.21085e-07
 1.13508e-07
 1.06580e-07
 3.53563e-07
 3.39454e-07
 3.22142e-07
 3.03287e-07
 2.84011e-07
 2.65041e-07
 2.46824e-07
 2.29613e-07
 2.13531e-07
 1.98616e-07
 1.84854e-07
 1.72196e-07
 1.60579e-07
 1.49928e-07
 1.40166e-07
 1.31220e-07
 1.23015e-07
 1.15486e-07
 1.08570e-07
 1.02209e-07
