scalar
part
         1
quad4
 3.86630e-07
 3.68079e-07
 3.46891e-07
 3.24702e-07
 3.02584e-07
 2.81200e-07
 2.60937e-07
 2.41991e-07
 2.24433e-07
 2.08261e-07
 1.93423e-07
 1.79842e-07
 1.67429e-07
 1.56089e-07
 1.45728e-07
 1.36259e-07
 1.27596e-07
 1.19664e-07
 1.12392e-07
 1.05717e-07
 4.72151e-07
 4.40011e-07
 4.07044e-07
 3.74888e-07
 3.44456e-07
 3.16196e-07
 2.90266e-07
 2.66657e-07
 2.45260e-07
 2.25921e-07
 2.08464e-07
 1.92709e-07
 1.78485e-07
 1.65630e-07
 1.53998e-07
 1.43456e-07
 1.33885e-07
 1.25181e-07
 1.17249e-07
 1.10008e-07
 5.76486e-07
 5.24878e-07
 4.75998e-07
 4.31008e-07
 3.90289e-07
 3.53797e-07
 3.21277e-07
 2.92374e-07
 2.66711e-07
 2.43917e-07
 2.23647e-07
 2.05591e-07
 1.89473e-07
 1.75052e-07
 1.62117e-07
 1.50486e-07
 1.40001e-07
 1.30524e-07
 1.21936e-07
 1.14136e-07
 7.01780e-07
 6.23179e-07
 5.53480e-07
 4.92472e-07
 4.39405e-07
 3.93352e-07
 3.53383e-07
 3.18639e-07
 2.88362e-07
 2.61895e-07
 2.38681e-07
 2.18247e-07
 2.00196e-07
 1.84192e-07
 1.69953e-07
 1.57240e-07
 1.45851e-07
 1.35616e-07
 1.26390e-07
 1.18048e-07
 8.48580e-07
 7.34066e-07
 6.38203e-07
 5.57969e-07
 4.90629e-07
 4.33865e-07
 3.85768e-07
 3.44790e-07
 3.09680e-07
 2.79430e-07
 2.53225e-07
 2.30405e-07
 2.10434e-07
 1.92873e-07
 1.77360e-07
 1.63598e-07
 1.51340e-07
 1.40380e-07
 1.30544e-07
 1.21688e-07
 1.01444e-06
 8.54628e-07
 7.27519e-07
 6.25306e-07
 5.42219e-07
 4.73977e-07
 4.17381e-07
 3.70015e-07
 3.30040e-07
 2.96035e-07
 2.66900e-07
 2.41767e-07
 2.19952e-07
 2.00907e-07
 1.84189e-07
 1.69442e-07
 1.56370e-07
 1.44735e-07
 1.34334e-07
 1.25002e-07
 1.19240e-06
 9.79249e-07
 8.17177e-07
 6.91342e-07
 5.91869e-07
 5.11997e-07
 4.46975e-07
 3.93390e-07
 3.48747e-07
 3.11187e-07
 2.79306e-07
 2.52025e-07
 2.28511e-07
 2.08107e-07
 1.90293e-07
 1.74652e-07
 1.60847e-07
 1.48604e-07
 1.37698e-07
 1.27941e-07
 1.36988e-06
 1.09936e-06
 9.01365e-07
 7.52106e-07
 6.36839e-07
 5.46007e-07
 4.73187e-07
 4.13932e-07
 3.65086e-07
 3.24355e-07
 2.90045e-07
 2.60878e-07
 2.35880e-07
 2.14295e-07
 1.95531e-07
 1.79119e-07
 1.64683e-07
 1.51918e-07
 1.40578e-07
 1.30458e-07
 1.52889e-06
 1.20395e-06
 9.73167e-07
 8.03149e-07
 6.74196e-07
 5.74028e-07
 4.94655e-07
 4.30685e-07
 3.78370e-07
 3.35041e-07
 2.98749e-07
 2.68049e-07
 2.41849e-07
 2.19309e-07
 1.99778e-07
 1.82744e-07
 1.67799e-07
 1.54614e-07
 1.42924e-07
 1.32510e-07
 1.64816e-06
 1.28103e-06
 1.02552e-06
 8.40144e-07
 7.01190e-07
 5.94260e-07
 5.10167e-07
 4.42811e-07
 3.88012e-07
 3.42821e-07
 3.05109e-07
 2.73309e-07
 2.46244e-07
 2.23016e-07
 2.02932e-07
 1.85447e-07
 1.70132e-07
 1.56641e-07
 1.44695e-07
 1.34067e-07
 1.70793e-06
 1.32024e-06
 1.05262e-06
 8.59645e-07
 7.15690e-07
 6.05333e-07
 5.18813e-07
 4.49692e-07
 3.93576e-07
 3.47384e-07
 3.08898e-07
 2.76490e-07
 2.48940e-07
 2.25321e-07
 2.04917e-07
 1.87170e-07
 1.71637e-07
 1.57963e-07
 1.45862e-07
 1.35103e-07
 1.69685e-06
 1.31586e-06
 1.05133e-06
 8.59832e-07
 7.16578e-07
 6.06531e-07
 5.20118e-07
 4.50999e-07
 3.94834e-07
 3.48566e-07
 3.09995e-07
 2.77500e-07
 2.49867e-07
 2.26169e-07
 2.05693e-07
 1.87880e-07
 1.72286e-07
 1.58558e-07
 1.46408e-07
 1.35604e-07
 1.61738e-06
 1.26895e-06
 1.02215e-06
 8.40951e-07
 7.03975e-07
 5.97911e-07
 5.14107e-07
 4.46743e-07
 3.91784e-07
 3.46362e-07
 3.08394e-07
 2.76334e-07
 2.49018e-07
 2.25555e-07
 2.05254e-07
 1.87571e-07
 1.72076e-07
 1.58421e-07
 1.46328e-07
 1.35567e-07
 1.48533e-06
 1.18722e-06
 9.69159e-07
 8.05284e-07
 6.79227e-07
 5.80299e-07
 5.01303e-07
 4.37263e-07
 3.84654e-07
 3.40927e-07
 3.04201e-07
 2.73065e-07
 2.46447e-07
 2.23517e-07
 2.03627e-07
 1.86264e-07
 1.71021e-07
 1.57566e-07
 1.45632e-07
 1.34999e-07
 1.32322e-06
 1.08239e-06
 8.98828e-07
 7.56602e-07
 6.44624e-07
 5.55136e-07
 4.82641e-07
 4.23183e-07
 3.73871e-07
 3.32557e-07
 2.97627e-07
 2.67847e-07
 2.42266e-07
 2.20138e-07
 2.00874e-07
 1.84007e-07
 1.69157e-07
 1.56019e-07
 1.44341e-07
 1.33916e-07
 1.15246e-06
 9.66739e-07
 8.18426e-07
 6.99349e-07
 6.02968e-07
 5.24242e-07
 4.59334e-07
 4.05330e-07
 3.60007e-07
 3.21659e-07
 2.88965e-07
 2.60894e-07
 2.36632e-07
 2.15536e-07
 1.97087e-07
 1.80868e-07
 1.66539e-07
 1.53823e-07
 1.42489e-07
 1.32346e-07
 9.88590e-07
 8.50456e-07
 7.34556e-07
 6.37839e-07
 5.57123e-07
 4.89549e-07
 4.32709e-07
 3.84631e-07
 3.43724e-07
 3.08710e-07
 2.78564e-07
 2.52463e-07
 2.29741e-07
 2.09859e-07
 1.92378e-07
 1.76935e-07
 1.63235e-07
 1.51031e-07
 1.40117e-07
 1.30322e-07
 8.40453e-07
 7.40514e-07
 6.52319e-07
 5.75702e-07
 5.09652e-07
 4.52876e-07
 4.04067e-07
 3.62025e-07
 3.25705e-07
 2.94214e-07
 2.66800e-07
 2.42839e-07
 2.21808e-07
 2.03274e-07
 1.86875e-07
 1.72310e-07
 1.59324e-07
 1.47707e-07
 1.37278e-07
 1.27885e-07
 7.11567e-07
 6.40810e-07
 5.75101e-07
 5.15629e-07
 4.62618e-07
 4.15775e-07
 3.74568e-07
 3.38383e-07
 3.06607e-07
 2.78667e-07
 2.54052e-07
 2.32312e-07
 2.13058e-07
 1.95956e-07
 1.80718e-07
 1.67100e-07
 1.54894e-07
 1.43920e-07
 1.34026e-07
 1.25080e-07
 6.02080e-07
 5.52891e-07
 5.04774e-07
 4.59377e-07
 4.17511e-07
 3.79455e-07
 3.45173e-07
 3.14457e-07
 2.87015e-07
 2.62529e-07
 2.40678e-07
 2.21165e-07
 2.03714e-07
 1.88080e-07
 1.74046e-07
 1.61420e-07
 1.50034e-07
 1.39744e-07
 1.30423e-07
 1.21958e-07
