scalar
part
         1
quad4
 3.37931e-07
 3.26968e-07
 3.12279e-07
 2.95573e-07
 2.78037e-07
 2.60466e-07
 2.43366e-07
 2.27044e-07
 2.11668e-07
 1.97313e-07
 1.83995e-07
 1.71689e-07
 1.60349e-07
 1.49917e-07
 1.40327e-07
 1.31515e-07
 1.23416e-07
 1.15968e-07
 1.09114e-07
 1.02800e-07
 4.19159e-07
 3.96309e-07
 3.71023e-07
 3.45147e-07
 3.19818e-07
 2.95697e-07
 2.73128e-07
 2.52253e-07
 2.33090e-07
 2.15585e-07
 1.99640e-07
 1.85139e-07
 1.71959e-07
 1.59980e-07
 1.49085e-07
 1.39166e-07
 1.30126e-07
 1.21874e-07
 1.14331e-07
 1.07424e-07
 5.19550e-07
 4.79183e-07
 4.39231e-07
 4.01285e-07
 3.66118e-07
 3.34013e-07
 3.04970e-07
 2.78843e-07
 2.55408e-07
 2.34414e-07
 2.15609e-07
 1.98753e-07
 1.83625e-07
 1.70025e-07
 1.57775e-07
 1.46719e-07
 1.36720e-07
 1.27654e-07
 1.19419e-07
 1.11920e-07
 6.41877e-07
 5.76586e-07
 5.16989e-07
 4.63650e-07
 4.16432e-07
 3.74871e-07
 3.38381e-07
 3.06356e-07
 2.78223e-07
 2.53463e-07
 2.31619e-07
 2.12295e-07
 1.95149e-07
 1.79888e-07
 1.66264e-07
 1.54063e-07
 1.43104e-07
 1.33231e-07
 1.24311e-07
 1.16230e-07
 7.87665e-07
 6.88346e-07
 6.03451e-07
 5.31203e-07
 4.69747e-07
 4.17374e-07
 3.72597e-07
 3.34161e-07
 3.01021e-07
 2.72314e-07
 2.47332e-07
 2.25490e-07
 2.06308e-07
 1.89389e-07
 1.74402e-07
 1.61076e-07
 1.49179e-07
 1.38522e-07
 1.28940e-07
 1.20299e-07
 9.55835e-07
 8.12362e-07
 6.96425e-07
 6.02001e-07
 5.24454e-07
 4.60229e-07
 4.06598e-07
 3.61456e-07
 3.23173e-07
 2.90475e-07
 2.62359e-07
 2.38032e-07
 2.16860e-07
 1.98332e-07
 1.82034e-07
 1.67630e-07
 1.54842e-07
 1.43441e-07
 1.33237e-07
 1.24069e-07
 1.14103e-06
 9.43808e-07
 7.92030e-07
 6.73063e-07
 5.78306e-07
 5.01756e-07
 4.39124e-07
 3.87296e-07
 3.43964e-07
 3.07399e-07
 2.76282e-07
 2.49597e-07
 2.26551e-07
 2.06518e-07
 1.89002e-07
 1.73601e-07
 1.59991e-07
 1.47908e-07
 1.37132e-07
 1.27484e-07
 1.33203e-06
 1.07458e-06
 8.84567e-07
 7.40398e-07
 6.28498e-07
 5.39963e-07
 4.68749e-07
 4.10642e-07
 3.62632e-07
 3.22520e-07
 2.88673e-07
 2.59858e-07
 2.35129e-07
 2.13752e-07
 1.95150e-07
 1.78865e-07
 1.64528e-07
 1.51842e-07
 1.40564e-07
 1.30493e-07
 1.51100e-06
 1.19341e-06
 9.66806e-07
 7.99288e-07
 6.71887e-07
 5.72712e-07
 4.93988e-07
 4.30448e-07
 3.78422e-07
 3.35285e-07
 2.99122e-07
 2.68507e-07
 2.42360e-07
 2.19852e-07
 2.00339e-07
 1.83311e-07
 1.68365e-07
 1.55174e-07
 1.43473e-07
 1.33047e-07
 1.65476e-06
 1.28705e-06
 1.03088e-06
 8.44874e-07
 7.05367e-07
 5.97961e-07
 5.13460e-07
 4.45755e-07
 3.90655e-07
 3.45206e-07
 3.07271e-07
 2.75276e-07
 2.48041e-07
 2.24663e-07
 2.04447e-07
 1.86846e-07
 1.71426e-07
 1.57842e-07
 1.45813e-07
 1.35110e-07
 1.73962e-06
 1.34305e-06
 1.06978e-06
 8.72995e-07
 7.26358e-07
 6.14045e-07
 5.26055e-07
 4.55803e-07
 3.98801e-07
 3.51900e-07
 3.12839e-07
 2.79958e-07
 2.52015e-07
 2.28065e-07
 2.07382e-07
 1.89395e-07
 1.73655e-07
 1.59802e-07
 1.47545e-07
 1.36648e-07
 1.74983e-06
 1.35343e-06
 1.07912e-06
 8.81087e-07
 7.33276e-07
 6.19944e-07
 5.31095e-07
 4.60127e-07
 4.02528e-07
 3.55129e-07
 3.15652e-07
 2.82421e-07
 2.54181e-07
 2.29981e-07
 2.09082e-07
 1.90911e-07
 1.75012e-07
 1.61021e-07
 1.48644e-07
 1.37642e-07
 1.68506e-06
 1.31768e-06
 1.05847e-06
 8.68804e-07
 7.25859e-07
 6.15460e-07
 5.28429e-07
 4.58609e-07
 4.01746e-07
 3.54823e-07
 3.15653e-07
 2.82619e-07
 2.54505e-07
 2.30380e-07
 2.09525e-07
 1.91375e-07
 1.75481e-07
 1.61486e-07
 1.49099e-07
 1.38083e-07
 1.56067e-06
 1.24292e-06
 1.01142e-06
 8.38088e-07
 7.05208e-07
 6.01242e-07
 5.18449e-07
 4.51495e-07
 3.96611e-07
 3.51082e-07
 3.12909e-07
 2.80598e-07
 2.53014e-07
 2.29283e-07
 2.08722e-07
 1.90793e-07
 1.75068e-07
 1.61201e-07
 1.48912e-07
 1.37970e-07
 1.40044e-06
 1.14126e-06
 9.44506e-07
 7.92650e-07
 6.73526e-07
 5.78648e-07
 5.02022e-07
 4.39350e-07
 3.87503e-07
 3.44166e-07
 3.07600e-07
 2.76484e-07
 2.49801e-07
 2.26755e-07
 2.06722e-07
 1.89203e-07
 1.73799e-07
 1.60185e-07
 1.48097e-07
 1.37316e-07
 1.22758e-06
 1.02580e-06
 8.65361e-07
 7.37086e-07
 6.33668e-07
 5.49502e-07
 4.80343e-07
 4.22980e-07
 3.74973e-07
 3.34459e-07
 3.00000e-07
 2.70476e-07
 2.45009e-07
 2.22904e-07
 2.03606e-07
 1.86666e-07
 1.71721e-07
 1.58476e-07
 1.46684e-07
 1.36143e-07
 1.05929e-06
 9.07662e-07
 7.81100e-07
 6.75983e-07
 5.88638e-07
 5.15809e-07
 4.54775e-07
 4.03324e-07
 3.59683e-07
 3.22435e-07
 2.90451e-07
 2.62824e-07
 2.38827e-07
 2.17872e-07
 1.99481e-07
 1.83263e-07
 1.68899e-07
 1.56121e-07
 1.44711e-07
 1.34482e-07
 9.05622e-07
 7.94633e-07
 6.97333e-07
 6.13283e-07
 5.41189e-07
 4.79497e-07
 4.26680e-07
 3.81356e-07
 3.42335e-07
 3.08608e-07
 2.79333e-07
 2.53812e-07
 2.31468e-07
 2.11820e-07
 1.94472e-07
 1.79093e-07
 1.65407e-07
 1.53183e-07
 1.42226e-07
 1.32372e-07
 7.70894e-07
 6.91215e-07
 6.17875e-07
 5.51969e-07
 4.93574e-07
 4.42244e-07
 3.97300e-07
 3.58000e-07
 3.23618e-07
 2.93493e-07
 2.67037e-07
 2.43739e-07
 2.23160e-07
 2.04926e-07
 1.88718e-07
 1.74263e-07
 1.61332e-07
 1.49728e-07
 1.39284e-07
 1.29855e-07
 6.55710e-07
 5.99367e-07
 5.44929e-07
 4.94042e-07
 4.47461e-07
 4.05383e-07
 3.67682e-07
 3.34064e-07
 3.04158e-07
 2.77576e-07
 2.53938e-07
 2.32897e-07
 2.14135e-07
 1.97372e-07
 1.82361e-07
 1.68888e-07
 1.56766e-07
 1.45831e-07
 1.35944e-07
 1.26982e-07
