scalar
part
         1
quad4
 3.99931e-07
 3.80427e-07
 3.58153e-07
 3.34858e-07
 3.11680e-07
 2.89320e-07
 2.68176e-07
 2.48447e-07
 2.30200e-07
 2.13424e-07
 1.98058e-07
 1.84016e-07
 1.71200e-07
 1.59506e-07
 1.48836e-07
 1.39093e-07
 1.30190e-07
 1.22044e-07
 1.14583e-07
 1.07738e-07
 4.88645e-07
 4.54892e-07
 4.20274e-07
 3.86554e-07
 3.54704e-07
 3.25191e-07
 2.98171e-07
 2.73621e-07
 2.51416e-07
 2.31383e-07
 2.13330e-07
 1.97062e-07
 1.82395e-07
 1.69157e-07
 1.57191e-07
 1.46358e-07
 1.36533e-07
 1.27604e-07
 1.19474e-07
 1.12057e-07
 5.96944e-07
 5.42735e-07
 4.91427e-07
 4.44285e-07
 4.01715e-07
 3.63655e-07
 3.29816e-07
 2.99807e-07
 2.73215e-07
 2.49638e-07
 2.28708e-07
 2.10091e-07
 1.93495e-07
 1.78664e-07
 1.65376e-07
 1.53439e-07
 1.42686e-07
 1.32976e-07
 1.24184e-07
 1.16203e-07
 7.27006e-07
 6.44388e-07
 5.71244e-07
 5.07374e-07
 4.51964e-07
 4.04003e-07
 3.62481e-07
 3.26468e-07
 2.95148e-07
 2.67820e-07
 2.43889e-07
 2.22854e-07
 2.04295e-07
 1.87860e-07
 1.73251e-07
 1.60221e-07
 1.48557e-07
 1.38083e-07
 1.28646e-07
 1.20120e-07
 8.79227e-07
 7.58800e-07
 6.58257e-07
 5.74365e-07
 5.04169e-07
 4.45165e-07
 3.95298e-07
 3.52907e-07
 3.16660e-07
 2.85484e-07
 2.58518e-07
 2.35068e-07
 2.14569e-07
 1.96562e-07
 1.80670e-07
 1.66584e-07
 1.54047e-07
 1.42843e-07
 1.32796e-07
 1.23754e-07
 1.05066e-06
 8.82648e-07
 7.49523e-07
 6.42866e-07
 5.56456e-07
 4.85694e-07
 4.27158e-07
 3.78276e-07
 3.37098e-07
 3.02128e-07
 2.72207e-07
 2.46428e-07
 2.24076e-07
 2.04580e-07
 1.87481e-07
 1.72408e-07
 1.59056e-07
 1.47178e-07
 1.36567e-07
 1.27050e-07
 1.23332e-06
 1.00967e-06
 8.40399e-07
 7.09502e-07
 6.06382e-07
 5.23818e-07
 4.56765e-07
 4.01617e-07
 3.55750e-07
 3.17215e-07
 2.84546e-07
 2.56622e-07
 2.32575e-07
 2.11725e-07
 1.93534e-07
 1.77572e-07
 1.63491e-07
 1.51010e-07
 1.39896e-07
 1.29958e-07
 1.41310e-06
 1.13050e-06
 9.24651e-07
 7.70080e-07
 6.51085e-07
 5.57550e-07
 4.82718e-07
 4.21929e-07
 3.71887e-07
 3.30209e-07
 2.95136e-07
 2.65346e-07
 2.39832e-07
 2.17816e-07
 1.98688e-07
 1.81966e-07
 1.67263e-07
 1.54268e-07
 1.42727e-07
 1.32431e-07
 1.57039e-06
 1.23341e-06
 9.95057e-07
 8.20014e-07
 6.87570e-07
 5.84887e-07
 5.03645e-07
 4.38249e-07
 3.84824e-07
 3.40612e-07
 3.03608e-07
 2.72325e-07
 2.45640e-07
 2.22695e-07
 2.02821e-07
 1.85494e-07
 1.70295e-07
 1.56891e-07
 1.45010e-07
 1.34428e-07
 1.68313e-06
 1.30622e-06
 1.04453e-06
 8.54992e-07
 7.13116e-07
 6.04053e-07
 5.18354e-07
 4.49760e-07
 3.93985e-07
 3.48011e-07
 3.09662e-07
 2.77336e-07
 2.49831e-07
 2.26232e-07
 2.05832e-07
 1.88076e-07
 1.72526e-07
 1.58830e-07
 1.46705e-07
 1.35919e-07
 1.73252e-06
 1.33914e-06
 1.06758e-06
 8.71778e-07
 7.25720e-07
 6.13761e-07
 5.25991e-07
 4.55877e-07
 3.98960e-07
 3.52112e-07
 3.13083e-07
 2.80219e-07
 2.52284e-07
 2.28336e-07
 2.07650e-07
 1.89658e-07
 1.73911e-07
 1.60050e-07
 1.47785e-07
 1.36879e-07
 1.70977e-06
 1.32766e-06
 1.06173e-06
 8.68899e-07
 7.24469e-07
 6.13419e-07
 5.26158e-07
 4.56325e-07
 3.99555e-07
 3.52776e-07
 3.13767e-07
 2.80897e-07
 2.52939e-07
 2.28961e-07
 2.08240e-07
 1.90212e-07
 1.74428e-07
 1.60532e-07
 1.48233e-07
 1.37296e-07
 1.62019e-06
 1.27424e-06
 1.02820e-06
 8.46999e-07
 7.09715e-07
 6.03226e-07
 5.18971e-07
 4.51171e-07
 3.95809e-07
 3.50023e-07
 3.11727e-07
 2.79376e-07
 2.51800e-07
 2.28107e-07
 2.07600e-07
 1.89734e-07
 1.74075e-07
 1.60274e-07
 1.48049e-07
 1.37169e-07
 1.48122e-06
 1.18749e-06
 9.71575e-07
 8.08682e-07
 6.83002e-07
 5.84134e-07
 5.05035e-07
 4.40812e-07
 3.87988e-07
 3.44036e-07
 3.07089e-07
 2.75745e-07
 2.48931e-07
 2.25821e-07
 2.05765e-07
 1.88252e-07
 1.72871e-07
 1.59291e-07
 1.47243e-07
 1.36505e-07
 1.31545e-06
 1.07942e-06
 8.98596e-07
 7.57903e-07
 6.46752e-07
 5.57676e-07
 4.85350e-07
 4.25918e-07
 3.76550e-07
 3.35136e-07
 3.00082e-07
 2.70169e-07
 2.44453e-07
 2.22192e-07
 2.02803e-07
 1.85816e-07
 1.70855e-07
 1.57613e-07
 1.45838e-07
 1.35324e-07
 1.14345e-06
 9.62056e-07
 8.16499e-07
 6.99144e-07
 6.03819e-07
 5.25721e-07
 4.61168e-07
 4.07345e-07
 3.62093e-07
 3.23746e-07
 2.91012e-07
 2.62874e-07
 2.38532e-07
 2.17347e-07
 1.98809e-07
 1.82500e-07
 1.68085e-07
 1.55285e-07
 1.43871e-07
 1.33654e-07
 9.79768e-07
 8.45152e-07
 7.31706e-07
 6.36658e-07
 5.57055e-07
 4.90209e-07
 4.33832e-07
 3.86037e-07
 3.45292e-07
 3.10358e-07
 2.80237e-07
 2.54125e-07
 2.31370e-07
 2.11439e-07
 1.93900e-07
 1.78395e-07
 1.64631e-07
 1.52363e-07
 1.41386e-07
 1.31530e-07
 8.32490e-07
 7.35252e-07
 6.49093e-07
 5.73962e-07
 5.08973e-07
 4.52939e-07
 4.04638e-07
 3.62937e-07
 3.26837e-07
 2.95480e-07
 2.68142e-07
 2.44214e-07
 2.23187e-07
 2.04637e-07
 1.88209e-07
 1.73606e-07
 1.60577e-07
 1.48913e-07
 1.38436e-07
 1.28995e-07
 7.04682e-07
 6.35934e-07
 5.71844e-07
 5.13630e-07
 4.61568e-07
 4.15426e-07
 3.74729e-07
 3.38906e-07
 3.07381e-07
 2.79612e-07
 2.55107e-07
 2.33433e-07
 2.14213e-07
 1.97121e-07
 1.81877e-07
 1.68242e-07
 1.56010e-07
 1.45006e-07
 1.35078e-07
 1.26096e-07
 5.96257e-07
 5.48541e-07
 5.01683e-07
 4.57315e-07
 4.16266e-07
 3.78843e-07
 3.45042e-07
 3.14684e-07
 2.87506e-07
 2.63208e-07
 2.41489e-07
 2.22064e-07
 2.04669e-07
 1.89066e-07
 1.75045e-07
 1.62419e-07
 1.51023e-07
 1.40716e-07
 1.31373e-07
 1.22883e-07
