scalar
part
         1
quad4
 4.42917e-07
 4.16181e-07
 3.87856e-07
 3.59551e-07
 3.32250e-07
 3.06505e-07
 2.82584e-07
 2.60572e-07
 2.40445e-07
 2.22115e-07
 2.05459e-07
 1.90342e-07
 1.76626e-07
 1.64176e-07
 1.52868e-07
 1.42586e-07
 1.33223e-07
 1.24685e-07
 1.16887e-07
 1.09753e-07
 5.34113e-07
 4.91802e-07
 4.50267e-07
 4.10996e-07
 3.74702e-07
 3.41628e-07
 3.11749e-07
 2.84893e-07
 2.60821e-07
 2.39267e-07
 2.19969e-07
 2.02677e-07
 1.87163e-07
 1.73220e-07
 1.60665e-07
 1.49337e-07
 1.39094e-07
 1.29812e-07
 1.21381e-07
 1.13707e-07
 6.44065e-07
 5.79923e-07
 5.20896e-07
 4.67769e-07
 4.20547e-07
 3.78858e-07
 3.42168e-07
 3.09906e-07
 2.81521e-07
 2.56508e-07
 2.34418e-07
 2.14859e-07
 1.97493e-07
 1.82028e-07
 1.68215e-07
 1.55841e-07
 1.44724e-07
 1.34708e-07
 1.25657e-07
 1.17457e-07
 7.74295e-07
 6.80509e-07
 5.99060e-07
 5.28986e-07
 4.68908e-07
 4.17403e-07
 3.73163e-07
 3.35047e-07
 3.02083e-07
 2.73459e-07
 2.48497e-07
 2.26637e-07
 2.07412e-07
 1.90435e-07
 1.75383e-07
 1.61988e-07
 1.50023e-07
 1.39298e-07
 1.29652e-07
 1.20950e-07
 9.24309e-07
 7.91950e-07
 6.82954e-07
 5.92998e-07
 5.18392e-07
 4.56135e-07
 4.03836e-07
 3.59604e-07
 3.21946e-07
 2.89678e-07
 2.61859e-07
 2.37736e-07
 2.16701e-07
 1.98265e-07
 1.82028e-07
 1.67662e-07
 1.54896e-07
 1.43506e-07
 1.33305e-07
 1.24135e-07
 1.09010e-06
 9.10352e-07
 7.69342e-07
 6.57270e-07
 5.67064e-07
 4.93588e-07
 4.33079e-07
 3.82741e-07
 3.40474e-07
 3.04679e-07
 2.74127e-07
 2.47862e-07
 2.25131e-07
 2.05339e-07
 1.88007e-07
 1.72749e-07
 1.59251e-07
 1.47257e-07
 1.36553e-07
 1.26962e-07
 1.26268e-06
 1.02903e-06
 8.53427e-07
 7.18395e-07
 6.12497e-07
 5.28025e-07
 4.59635e-07
 4.03537e-07
 3.56985e-07
 3.17951e-07
 2.84917e-07
 2.56723e-07
 2.32477e-07
 2.11480e-07
 1.93180e-07
 1.77140e-07
 1.63002e-07
 1.50481e-07
 1.39340e-07
 1.29385e-07
 1.42746e-06
 1.13858e-06
 9.29087e-07
 7.72314e-07
 6.51955e-07
 5.57563e-07
 4.82187e-07
 4.21056e-07
 3.70803e-07
 3.29001e-07
 2.93860e-07
 2.64042e-07
 2.38526e-07
 2.16525e-07
 1.97423e-07
 1.80735e-07
 1.66070e-07
 1.53115e-07
 1.41616e-07
 1.31362e-07
 1.56548e-06
 1.22790e-06
 9.89559e-07
 8.14776e-07
 6.82683e-07
 5.80371e-07
 4.99490e-07
 4.34431e-07
 3.81315e-07
 3.37383e-07
 3.00632e-07
 2.69576e-07
 2.43096e-07
 2.20335e-07
 2.00627e-07
 1.83450e-07
 1.68388e-07
 1.55107e-07
 1.43338e-07
 1.32859e-07
 1.65691e-06
 1.28611e-06
 1.02856e-06
 8.41986e-07
 7.02299e-07
 5.94905e-07
 5.10511e-07
 4.42957e-07
 3.88026e-07
 3.42746e-07
 3.04975e-07
 2.73136e-07
 2.46046e-07
 2.22802e-07
 2.02709e-07
 1.85221e-07
 1.69905e-07
 1.56416e-07
 1.44474e-07
 1.33850e-07
 1.68625e-06
 1.30516e-06
 1.04162e-06
 8.51308e-07
 7.09183e-07
 6.00132e-07
 5.14571e-07
 4.46173e-07
 3.90615e-07
 3.44862e-07
 3.06726e-07
 2.74601e-07
 2.47284e-07
 2.23858e-07
 2.03617e-07
 1.86007e-07
 1.70590e-07
 1.57017e-07
 1.45003e-07
 1.34319e-07
 1.64770e-06
 1.28216e-06
 1.02715e-06
 8.41834e-07
 7.02783e-07
 5.95698e-07
 5.11436e-07
 4.43918e-07
 3.88972e-07
 3.43651e-07
 3.05826e-07
 2.73928e-07
 2.46778e-07
 2.23477e-07
 2.03330e-07
 1.85792e-07
 1.70430e-07
 1.56899e-07
 1.44918e-07
 1.34260e-07
 1.54800e-06
 1.22048e-06
 9.86985e-07
 8.14615e-07
 6.83728e-07
 5.81996e-07
 5.01357e-07
 4.36361e-07
 3.83208e-07
 3.39190e-07
 3.02329e-07
 2.71154e-07
 2.44555e-07
 2.21680e-07
 2.01864e-07
 1.84587e-07
 1.69434e-07
 1.56069e-07
 1.44223e-07
 1.33675e-07
 1.40431e-06
 1.12889e-06
 9.25945e-07
 7.72445e-07
 6.53717e-07
 5.60098e-07
 4.85034e-07
 4.23966e-07
 3.73644e-07
 3.31704e-07
 2.96394e-07
 2.66396e-07
 2.40702e-07
 2.18530e-07
 1.99267e-07
 1.82430e-07
 1.67629e-07
 1.54550e-07
 1.42936e-07
 1.32579e-07
 1.23810e-06
 1.01896e-06
 8.50625e-07
 7.19270e-07
 6.15203e-07
 5.31581e-07
 4.63510e-07
 4.07445e-07
 3.60772e-07
 3.21541e-07
 2.88274e-07
 2.59838e-07
 2.35353e-07
 2.14129e-07
 1.95618e-07
 1.79380e-07
 1.65063e-07
 1.52377e-07
 1.41086e-07
 1.30995e-07
 1.06859e-06
 9.02059e-07
 7.67934e-07
 6.59416e-07
 5.70975e-07
 4.98291e-07
 4.38036e-07
 3.87661e-07
 3.45202e-07
 3.09139e-07
 2.78287e-07
 2.51716e-07
 2.28688e-07
 2.08613e-07
 1.91018e-07
 1.75518e-07
 1.61798e-07
 1.49601e-07
 1.38712e-07
 1.28954e-07
 9.09193e-07
 7.87223e-07
 6.83884e-07
 5.96904e-07
 5.23755e-07
 4.62098e-07
 4.09919e-07
 3.65543e-07
 3.27603e-07
 2.94987e-07
 2.66796e-07
 2.42302e-07
 2.20911e-07
 2.02140e-07
 1.85591e-07
 1.70938e-07
 1.57910e-07
 1.46281e-07
 1.35863e-07
 1.26496e-07
 7.67110e-07
 6.80397e-07
 6.02954e-07
 5.34995e-07
 4.75896e-07
 4.24704e-07
 3.80393e-07
 3.41996e-07
 3.08643e-07
 2.79584e-07
 2.54177e-07
 2.31881e-07
 2.12243e-07
 1.94880e-07
 1.79471e-07
 1.65748e-07
 1.53483e-07
 1.42486e-07
 1.32592e-07
 1.23664e-07
 6.44799e-07
 5.84688e-07
 5.27986e-07
 4.76027e-07
 4.29232e-07
 3.87514e-07
 3.50532e-07
 3.17834e-07
 2.88946e-07
 2.63407e-07
 2.40798e-07
 2.20742e-07
 2.02908e-07
 1.87009e-07
 1.72797e-07
 1.60058e-07
 1.48607e-07
 1.38286e-07
 1.28958e-07
 1.20507e-07
 5.41790e-07
 5.01103e-07
 4.60436e-07
 4.21451e-07
 3.85040e-07
 3.51595e-07
 3.21196e-07
 2.93746e-07
 2.69055e-07
 2.46888e-07
 2.27001e-07
 2.09153e-07
 1.93121e-07
 1.78700e-07
 1.65707e-07
 1.53979e-07
 1.43371e-07
 1.33756e-07
 1.25023e-07
 1.17074e-07
