scalar
part
         1
quad4
 6.55652e-07
 5.99599e-07
 5.45386e-07
 4.94662e-07
 4.48192e-07
 4.06183e-07
 3.68520e-07
 3.34915e-07
 3.05006e-07
 2.78408e-07
 2.54748e-07
 2.33678e-07
 2.14884e-07
 1.98089e-07
 1.83045e-07
 1.69540e-07
 1.57385e-07
 1.46420e-07
 1.36503e-07
 1.27513e-07
 7.70859e-07
 6.91556e-07
 6.18487e-07
 5.52764e-07
 4.94483e-07
 4.43214e-07
 3.98295e-07
 3.58993e-07
 3.24592e-07
 2.94437e-07
 2.67944e-07
 2.44606e-07
 2.23985e-07
 2.05709e-07
 1.89459e-07
 1.74965e-07
 1.61996e-07
 1.50355e-07
 1.39877e-07
 1.30416e-07
 9.05674e-07
 7.95163e-07
 6.98178e-07
 6.14320e-07
 5.42330e-07
 4.80680e-07
 4.27863e-07
 3.82515e-07
 3.43453e-07
 3.09676e-07
 2.80347e-07
 2.54771e-07
 2.32372e-07
 2.12671e-07
 1.95273e-07
 1.79846e-07
 1.66115e-07
 1.53849e-07
 1.42853e-07
 1.32963e-07
 1.05956e-06
 9.08515e-07
 7.82293e-07
 6.77352e-07
 5.90077e-07
 5.17252e-07
 4.56181e-07
 4.04672e-07
 3.60961e-07
 3.23639e-07
 2.91580e-07
 2.63880e-07
 2.39814e-07
 2.18794e-07
 2.00342e-07
 1.84069e-07
 1.69652e-07
 1.56827e-07
 1.45372e-07
 1.35104e-07
 1.22833e-06
 1.02718e-06
 8.67057e-07
 7.38897e-07
 6.35482e-07
 5.51257e-07
 4.82008e-07
 4.24541e-07
 3.76428e-07
 3.35810e-07
 3.01251e-07
 2.71634e-07
 2.46082e-07
 2.23899e-07
 2.04529e-07
 1.87524e-07
 1.72520e-07
 1.59220e-07
 1.47379e-07
 1.36794e-07
 1.40209e-06
 1.14348e-06
 9.46903e-07
 7.95030e-07
 6.75795e-07
 5.80766e-07
 5.03977e-07
 4.41145e-07
 3.89146e-07
 3.45669e-07
 3.08976e-07
 2.77746e-07
 2.50959e-07
 2.27821e-07
 2.07705e-07
 1.90112e-07
 1.74641e-07
 1.60967e-07
 1.48825e-07
 1.37995e-07
 1.56387e-06
 1.24635e-06
 1.01474e-06
 8.41162e-07
 7.08004e-07
 6.03763e-07
 5.20717e-07
 4.53533e-07
 3.98447e-07
 3.52740e-07
 3.14410e-07
 2.81962e-07
 2.54257e-07
 2.30418e-07
 2.09763e-07
 1.91751e-07
 1.75952e-07
 1.62018e-07
 1.49670e-07
 1.38675e-07
 1.69056e-06
 1.32269e-06
 1.06289e-06
 8.72667e-07
 7.29228e-07
 6.18406e-07
 5.31015e-07
 4.60892e-07
 4.03772e-07
 3.56630e-07
 3.17274e-07
 2.84079e-07
 2.55826e-07
 2.31581e-07
 2.10620e-07
 1.92378e-07
 1.76403e-07
 1.62336e-07
 1.49885e-07
 1.38811e-07
 1.75825e-06
 1.36028e-06
 1.08475e-06
 8.85767e-07
 7.37217e-07
 6.23302e-07
 5.33987e-07
 4.62640e-07
 4.04731e-07
 3.57075e-07
 3.17382e-07
 2.83969e-07
 2.55574e-07
 2.31240e-07
 2.10227e-07
 1.91955e-07
 1.75968e-07
 1.61900e-07
 1.49455e-07
 1.38392e-07
 1.75103e-06
 1.35168e-06
 1.07653e-06
 8.78423e-07
 7.30816e-07
 6.17771e-07
 5.29216e-07
 4.58518e-07
 4.01158e-07
 3.53965e-07
 3.14663e-07
 2.81581e-07
 2.53468e-07
 2.29375e-07
 2.08567e-07
 1.90473e-07
 1.74640e-07
 1.60705e-07
 1.48376e-07
 1.37416e-07
 1.66844e-06
 1.29705e-06
 1.03850e-06
 8.50880e-07
 7.10226e-07
 6.01974e-07
 5.16831e-07
 4.48627e-07
 3.93133e-07
 3.47365e-07
 3.09169e-07
 2.76959e-07
 2.49543e-07
 2.26012e-07
 2.05665e-07
 1.87952e-07
 1.72435e-07
 1.58765e-07
 1.46661e-07
 1.35892e-07
 1.52566e-06
 1.20407e-06
 9.74894e-07
 8.05626e-07
 6.76986e-07
 5.76903e-07
 4.97493e-07
 4.33423e-07
 3.80979e-07
 3.37508e-07
 3.01072e-07
 2.70231e-07
 2.43895e-07
 2.21229e-07
 2.01580e-07
 1.84437e-07
 1.69390e-07
 1.56111e-07
 1.44334e-07
 1.33840e-07
 1.34630e-06
 1.08516e-06
 8.92675e-07
 7.46789e-07
 6.33657e-07
 5.44209e-07
 4.72303e-07
 4.13660e-07
 3.65225e-07
 3.24772e-07
 2.90647e-07
 2.61603e-07
 2.36683e-07
 2.15144e-07
 1.96405e-07
 1.80001e-07
 1.65562e-07
 1.52788e-07
 1.41431e-07
 1.31292e-07
 1.15393e-06
 9.53684e-07
 7.99767e-07
 6.79252e-07
 5.83353e-07
 5.05939e-07
 4.42643e-07
 3.90294e-07
 3.46548e-07
 3.09647e-07
 2.78256e-07
 2.51343e-07
 2.28106e-07
 2.07913e-07
 1.90259e-07
 1.74740e-07
 1.61028e-07
 1.48856e-07
 1.38003e-07
 1.28286e-07
 9.66876e-07
 8.21158e-07
 7.03514e-07
 6.07791e-07
 5.29247e-07
 4.64247e-07
 4.10007e-07
 3.64379e-07
 3.25704e-07
 2.92686e-07
 2.64307e-07
 2.39760e-07
 2.18402e-07
 1.99716e-07
 1.83284e-07
 1.68764e-07
 1.55875e-07
 1.44386e-07
 1.34105e-07
 1.24869e-07
 7.96781e-07
 6.95915e-07
 6.09745e-07
 5.36469e-07
 4.74187e-07
 4.21150e-07
 3.75836e-07
 3.36963e-07
 3.03464e-07
 2.74461e-07
 2.49231e-07
 2.27181e-07
 2.07822e-07
 1.90751e-07
 1.75635e-07
 1.62196e-07
 1.50201e-07
 1.39458e-07
 1.29801e-07
 1.21093e-07
 6.49240e-07
 5.82948e-07
 5.22451e-07
 4.68336e-07
 4.20463e-07
 3.78354e-07
 3.41408e-07
 3.09002e-07
 2.80550e-07
 2.55522e-07
 2.33451e-07
 2.13933e-07
 1.96621e-07
 1.81218e-07
 1.67470e-07
 1.55162e-07
 1.44109e-07
 1.34153e-07
 1.25160e-07
 1.17015e-07
 5.25432e-07
 4.84454e-07
 4.43896e-07
 4.05389e-07
 3.69721e-07
 3.37179e-07
 3.07760e-07
 2.81310e-07
 2.57598e-07
 2.36366e-07
 2.17358e-07
 2.00326e-07
 1.85045e-07
 1.71313e-07
 1.58948e-07
 1.47791e-07
 1.37702e-07
 1.28558e-07
 1.20252e-07
 1.12691e-07
 4.23842e-07
 4.00644e-07
 3.74968e-07
 3.48700e-07
 3.23001e-07
 2.98542e-07
 2.75670e-07
 2.54528e-07
 2.35131e-07
 2.17420e-07
 2.01295e-07
 1.86637e-07
 1.73320e-07
 1.61219e-07
 1.50217e-07
 1.40204e-07
 1.31080e-07
 1.22754e-07
 1.15145e-07
 1.08179e-07
 3.41665e-07
 3.30524e-07
 3.15597e-07
 2.98627e-07
 2.80826e-07
 2.63000e-07
 2.45662e-07
 2.29124e-07
 2.13553e-07
 1.99024e-07
 1.85549e-07
 1.73105e-07
 1.61642e-07
 1.51101e-07
 1.41415e-07
 1.32516e-07
 1.24339e-07
 1.16822e-07
 1.09905e-07
 1.03535e-07
