scalar
part
         1
quad4
 3.42804e-07
 3.31490e-07
 3.16412e-07
 2.99313e-07
 2.81403e-07
 2.63484e-07
 2.46071e-07
 2.29469e-07
 2.13845e-07
 1.99272e-07
 1.85761e-07
 1.73286e-07
 1.61798e-07
 1.51235e-07
 1.41530e-07
 1.32616e-07
 1.24426e-07
 1.16898e-07
 1.09971e-07
 1.03593e-07
 4.25094e-07
 4.01681e-07
 3.75823e-07
 3.49404e-07
 3.23582e-07
 2.99021e-07
 2.76068e-07
 2.54859e-07
 2.35407e-07
 2.17652e-07
 2.01491e-07
 1.86802e-07
 1.73460e-07
 1.61339e-07
 1.50320e-07
 1.40292e-07
 1.31156e-07
 1.22820e-07
 1.15201e-07
 1.08228e-07
 5.26793e-07
 4.85549e-07
 4.44774e-07
 4.06095e-07
 3.70292e-07
 3.37641e-07
 3.08137e-07
 2.81618e-07
 2.57851e-07
 2.36576e-07
 2.17532e-07
 2.00472e-07
 1.85168e-07
 1.71416e-07
 1.59035e-07
 1.47865e-07
 1.37765e-07
 1.28612e-07
 1.20298e-07
 1.12730e-07
 6.50692e-07
 5.84075e-07
 5.23329e-07
 4.69023e-07
 4.21004e-07
 3.78783e-07
 3.41751e-07
 3.09278e-07
 2.80773e-07
 2.55703e-07
 2.33599e-07
 2.14055e-07
 1.96722e-07
 1.81302e-07
 1.67540e-07
 1.55221e-07
 1.44158e-07
 1.34194e-07
 1.25195e-07
 1.17043e-07
 7.98280e-07
 6.97032e-07
 6.10584e-07
 5.37105e-07
 4.74675e-07
 4.21527e-07
 3.76130e-07
 3.37195e-07
 3.03648e-07
 2.74607e-07
 2.49348e-07
 2.27275e-07
 2.07898e-07
 1.90813e-07
 1.75685e-07
 1.62237e-07
 1.50235e-07
 1.39485e-07
 1.29823e-07
 1.21111e-07
 9.68339e-07
 8.22196e-07
 7.04262e-07
 6.08338e-07
 5.29652e-07
 4.64551e-07
 4.10237e-07
 3.64555e-07
 3.25840e-07
 2.92791e-07
 2.64388e-07
 2.39823e-07
 2.18451e-07
 1.99754e-07
 1.83313e-07
 1.68786e-07
 1.55892e-07
 1.44398e-07
 1.34113e-07
 1.24874e-07
 1.15522e-06
 9.54547e-07
 8.00357e-07
 6.79663e-07
 5.83643e-07
 5.06147e-07
 4.42793e-07
 3.90402e-07
 3.46626e-07
 3.09704e-07
 2.78296e-07
 2.51371e-07
 2.28125e-07
 2.07924e-07
 1.90265e-07
 1.74742e-07
 1.61027e-07
 1.48852e-07
 1.37997e-07
 1.28279e-07
 1.34722e-06
 1.08573e-06
 8.93032e-07
 7.47017e-07
 6.33802e-07
 5.44300e-07
 4.72358e-07
 4.13691e-07
 3.65239e-07
 3.24775e-07
 2.90642e-07
 2.61593e-07
 2.36668e-07
 2.15127e-07
 1.96386e-07
 1.79982e-07
 1.65542e-07
 1.52767e-07
 1.41411e-07
 1.31272e-07
 1.52600e-06
 1.20423e-06
 9.74949e-07
 8.05628e-07
 6.76958e-07
 5.76860e-07
 4.97442e-07
 4.33369e-07
 3.80924e-07
 3.37453e-07
 3.01019e-07
 2.70180e-07
 2.43847e-07
 2.21183e-07
 2.01537e-07
 1.84395e-07
 1.69350e-07
 1.56074e-07
 1.44299e-07
 1.33807e-07
 1.66804e-06
 1.29670e-06
 1.03821e-06
 8.50630e-07
 7.10011e-07
 6.01787e-07
 5.16668e-07
 4.48484e-07
 3.93006e-07
 3.47251e-07
 3.09067e-07
 2.76867e-07
 2.49459e-07
 2.25937e-07
 2.05596e-07
 1.87888e-07
 1.72376e-07
 1.58711e-07
 1.46611e-07
 1.35845e-07
 1.74982e-06
 1.35081e-06
 1.07588e-06
 8.77915e-07
 7.30410e-07
 6.17439e-07
 5.28940e-07
 4.58285e-07
 4.00958e-07
 3.53793e-07
 3.14513e-07
 2.81448e-07
 2.53350e-07
 2.29269e-07
 2.08473e-07
 1.90388e-07
 1.74563e-07
 1.60634e-07
 1.48312e-07
 1.37356e-07
 1.75634e-06
 1.35894e-06
 1.08377e-06
 8.85020e-07
 7.36633e-07
 6.22834e-07
 5.33605e-07
 4.62322e-07
 4.04462e-07
 3.56846e-07
 3.17184e-07
 2.83796e-07
 2.55423e-07
 2.31106e-07
 2.10107e-07
 1.91848e-07
 1.75872e-07
 1.61813e-07
 1.49375e-07
 1.38320e-07
 1.68817e-06
 1.32100e-06
 1.06165e-06
 8.71724e-07
 7.28492e-07
 6.17818e-07
 5.30538e-07
 4.60497e-07
 4.03440e-07
 3.56349e-07
 3.17032e-07
 2.83870e-07
 2.55643e-07
 2.31420e-07
 2.10478e-07
 1.92251e-07
 1.76289e-07
 1.62233e-07
 1.49792e-07
 1.38726e-07
 1.56126e-06
 1.24446e-06
 1.01332e-06
 8.40076e-07
 7.07151e-07
 6.03081e-07
 5.20160e-07
 4.53073e-07
 3.98061e-07
 3.52412e-07
 3.14130e-07
 2.81719e-07
 2.54045e-07
 2.30233e-07
 2.09599e-07
 1.91605e-07
 1.75821e-07
 1.61901e-07
 1.49563e-07
 1.38578e-07
 1.39947e-06
 1.14151e-06
 9.45400e-07
 7.93858e-07
 6.74864e-07
 5.80013e-07
 5.03360e-07
 4.40632e-07
 3.88715e-07
 3.45303e-07
 3.08662e-07
 2.77474e-07
 2.50722e-07
 2.27613e-07
 2.07521e-07
 1.89949e-07
 1.74495e-07
 1.60836e-07
 1.48706e-07
 1.37887e-07
 1.22583e-06
 1.02525e-06
 8.65540e-07
 7.37689e-07
 6.34508e-07
 5.50461e-07
 4.81350e-07
 4.23991e-07
 3.75963e-07
 3.35413e-07
 3.00909e-07
 2.71338e-07
 2.45823e-07
 2.23672e-07
 2.04328e-07
 1.87345e-07
 1.72360e-07
 1.59076e-07
 1.47249e-07
 1.36676e-07
 1.05727e-06
 9.06680e-07
 7.80814e-07
 6.76150e-07
 5.89092e-07
 5.16436e-07
 4.55499e-07
 4.04097e-07
 3.60472e-07
 3.23220e-07
 2.91217e-07
 2.63565e-07
 2.39538e-07
 2.18550e-07
 2.00126e-07
 1.83876e-07
 1.69480e-07
 1.56672e-07
 1.45233e-07
 1.34977e-07
 9.03611e-07
 7.93461e-07
 6.96773e-07
 6.13154e-07
 5.41357e-07
 4.79863e-07
 4.27173e-07
 3.81927e-07
 3.42949e-07
 3.09241e-07
 2.79969e-07
 2.54441e-07
 2.32081e-07
 2.12415e-07
 1.95045e-07
 1.79642e-07
 1.65933e-07
 1.53685e-07
 1.42704e-07
 1.32828e-07
 7.69023e-07
 6.90001e-07
 6.17174e-07
 5.51653e-07
 4.93541e-07
 4.42413e-07
 3.97609e-07
 3.58403e-07
 3.24082e-07
 2.93994e-07
 2.67556e-07
 2.44265e-07
 2.23685e-07
 2.05442e-07
 1.89221e-07
 1.74752e-07
 1.61804e-07
 1.50183e-07
 1.39720e-07
 1.30274e-07
 6.54027e-07
 5.98192e-07
 5.44173e-07
 4.93618e-07
 4.47293e-07
 4.05407e-07
 3.67848e-07
 3.34332e-07
 3.04498e-07
 2.77963e-07
 2.54356e-07
 2.33332e-07
 2.14577e-07
 1.97815e-07
 1.82801e-07
 1.69320e-07
 1.57187e-07
 1.46241e-07
 1.36341e-07
 1.27365e-07
