scalar
part
         1
quad4
 5.49452e-07
 5.06861e-07
 4.64703e-07
 4.24551e-07
 3.87228e-07
 3.53068e-07
 3.22111e-07
 2.94226e-07
 2.69196e-07
 2.46765e-07
 2.26674e-07
 2.08670e-07
 1.92519e-07
 1.78009e-07
 1.64950e-07
 1.53175e-07
 1.42534e-07
 1.32899e-07
 1.24154e-07
 1.16201e-07
 6.50839e-07
 5.88892e-07
 5.30811e-07
 4.77813e-07
 4.30234e-07
 3.87925e-07
 3.50497e-07
 3.17466e-07
 2.88330e-07
 2.62609e-07
 2.39869e-07
 2.19719e-07
 2.01823e-07
 1.85884e-07
 1.71650e-07
 1.58902e-07
 1.47453e-07
 1.37142e-07
 1.27829e-07
 1.19397e-07
 7.70635e-07
 6.82377e-07
 6.03831e-07
 5.35082e-07
 4.75418e-07
 4.23823e-07
 3.79231e-07
 3.40641e-07
 3.07162e-07
 2.78025e-07
 2.52576e-07
 2.30266e-07
 2.10631e-07
 1.93286e-07
 1.77906e-07
 1.64218e-07
 1.51994e-07
 1.41039e-07
 1.31190e-07
 1.22307e-07
 9.09076e-07
 7.86180e-07
 6.82239e-07
 5.94872e-07
 5.21484e-07
 4.59693e-07
 4.07452e-07
 3.63067e-07
 3.25151e-07
 2.92585e-07
 2.64460e-07
 2.40042e-07
 2.18733e-07
 2.00046e-07
 1.83583e-07
 1.69014e-07
 1.56068e-07
 1.44519e-07
 1.34177e-07
 1.24883e-07
 1.06351e-06
 8.97113e-07
 7.63159e-07
 6.54835e-07
 5.66602e-07
 4.94133e-07
 4.34096e-07
 3.83936e-07
 3.41685e-07
 3.05823e-07
 2.75161e-07
 2.48770e-07
 2.25910e-07
 2.05993e-07
 1.88545e-07
 1.73182e-07
 1.59590e-07
 1.47512e-07
 1.36734e-07
 1.27079e-07
 1.22669e-06
 1.00924e-06
 8.42133e-07
 7.11735e-07
 6.08443e-07
 5.25467e-07
 4.57950e-07
 4.02363e-07
 3.56110e-07
 3.17250e-07
 2.84313e-07
 2.56171e-07
 2.31950e-07
 2.10963e-07
 1.92666e-07
 1.76622e-07
 1.62481e-07
 1.49955e-07
 1.38810e-07
 1.28852e-07
 1.38536e-06
 1.11363e-06
 9.13241e-07
 7.61622e-07
 6.44340e-07
 5.51869e-07
 4.77741e-07
 4.17449e-07
 3.67781e-07
 3.26398e-07
 2.91568e-07
 2.61987e-07
 2.36657e-07
 2.14806e-07
 1.95828e-07
 1.79243e-07
 1.64668e-07
 1.51791e-07
 1.40361e-07
 1.30168e-07
 1.52070e-06
 1.19917e-06
 9.69730e-07
 8.00282e-07
 6.71588e-07
 5.71554e-07
 4.92266e-07
 4.28364e-07
 3.76114e-07
 3.32850e-07
 2.96626e-07
 2.65995e-07
 2.39865e-07
 2.17396e-07
 1.97937e-07
 1.80972e-07
 1.66095e-07
 1.52976e-07
 1.41350e-07
 1.30998e-07
 1.61178e-06
 1.25459e-06
 1.00522e-06
 8.23919e-07
 6.87841e-07
 5.83025e-07
 5.00540e-07
 4.34443e-07
 3.80652e-07
 3.36283e-07
 2.99253e-07
 2.68027e-07
 2.41450e-07
 2.18642e-07
 1.98921e-07
 1.81755e-07
 1.66720e-07
 1.53477e-07
 1.41752e-07
 1.31321e-07
 1.64194e-06
 1.27151e-06
 1.01515e-06
 8.29919e-07
 6.91526e-07
 5.85299e-07
 5.01930e-07
 4.35268e-07
 3.81109e-07
 3.36500e-07
 2.99313e-07
 2.67983e-07
 2.41339e-07
 2.18488e-07
 1.98742e-07
 1.81561e-07
 1.66520e-07
 1.53275e-07
 1.41552e-07
 1.31127e-07
 1.60510e-06
 1.24699e-06
 9.97980e-07
 8.17428e-07
 6.82150e-07
 5.78081e-07
 4.96253e-07
 4.30722e-07
 3.77413e-07
 3.33454e-07
 2.96772e-07
 2.65842e-07
 2.39518e-07
 2.16926e-07
 1.97392e-07
 1.80387e-07
 1.65491e-07
 1.52370e-07
 1.40751e-07
 1.30414e-07
 1.50786e-06
 1.18438e-06
 9.55577e-07
 7.87544e-07
 6.60395e-07
 5.61811e-07
 4.83806e-07
 4.21011e-07
 3.69707e-07
 3.27248e-07
 2.91708e-07
 2.61662e-07
 2.36031e-07
 2.13990e-07
 1.94899e-07
 1.78253e-07
 1.63652e-07
 1.50775e-07
 1.39360e-07
 1.29193e-07
 1.36638e-06
 1.09212e-06
 8.92662e-07
 7.43057e-07
 6.27986e-07
 5.37598e-07
 4.65322e-07
 4.06635e-07
 3.58342e-07
 3.18133e-07
 2.84304e-07
 2.55577e-07
 2.30979e-07
 2.09757e-07
 1.91322e-07
 1.75207e-07
 1.61040e-07
 1.48519e-07
 1.37401e-07
 1.27482e-07
 1.20075e-06
 9.81268e-07
 8.15640e-07
 6.87856e-07
 5.87371e-07
 5.07035e-07
 4.41869e-07
 3.88328e-07
 3.43833e-07
 3.06478e-07
 2.74828e-07
 2.47789e-07
 2.24514e-07
 2.04342e-07
 1.86749e-07
 1.71317e-07
 1.57707e-07
 1.45646e-07
 1.34909e-07
 1.25310e-07
 1.02963e-06
 8.62847e-07
 7.31261e-07
 6.26200e-07
 5.41321e-07
 4.71972e-07
 4.14712e-07
 3.66971e-07
 3.26807e-07
 2.92737e-07
 2.63614e-07
 2.38545e-07
 2.16823e-07
 1.97889e-07
 1.81293e-07
 1.66671e-07
 1.53725e-07
 1.42212e-07
 1.31931e-07
 1.22713e-07
 8.67011e-07
 7.45976e-07
 6.45515e-07
 5.62086e-07
 4.92546e-07
 4.34277e-07
 3.85161e-07
 3.43501e-07
 3.07943e-07
 2.77409e-07
 2.51035e-07
 2.28126e-07
 2.08122e-07
 1.90565e-07
 1.75083e-07
 1.61370e-07
 1.49173e-07
 1.38280e-07
 1.28516e-07
 1.19733e-07
 7.21210e-07
 6.36969e-07
 5.62992e-07
 4.98805e-07
 4.43405e-07
 3.95654e-07
 3.54455e-07
 3.18826e-07
 2.87915e-07
 2.61001e-07
 2.37474e-07
 2.16827e-07
 1.98636e-07
 1.82545e-07
 1.68258e-07
 1.55526e-07
 1.44140e-07
 1.33922e-07
 1.24724e-07
 1.16417e-07
 5.95653e-07
 5.39356e-07
 4.86704e-07
 4.38754e-07
 3.95750e-07
 3.57512e-07
 3.23666e-07
 2.93763e-07
 2.67348e-07
 2.43991e-07
 2.23302e-07
 2.04936e-07
 1.88593e-07
 1.74009e-07
 1.60961e-07
 1.49253e-07
 1.38718e-07
 1.29214e-07
 1.20615e-07
 1.12816e-07
 4.90416e-07
 4.54447e-07
 4.18250e-07
 3.83444e-07
 3.50878e-07
 3.20920e-07
 2.93653e-07
 2.68995e-07
 2.46781e-07
 2.26807e-07
 2.08858e-07
 1.92724e-07
 1.78209e-07
 1.65132e-07
 1.53331e-07
 1.42663e-07
 1.33000e-07
 1.24230e-07
 1.16253e-07
 1.08982e-07
 4.03716e-07
 3.82056e-07
 3.58144e-07
 3.33635e-07
 3.09581e-07
 2.86606e-07
 2.65049e-07
 2.45056e-07
 2.26658e-07
 2.09814e-07
 1.94439e-07
 1.80432e-07
 1.67680e-07
 1.56073e-07
 1.45502e-07
 1.35867e-07
 1.27077e-07
 1.19046e-07
 1.11698e-07
 1.04966e-07
