scalar
part
         1
quad4
 3.36302e-07
 3.25819e-07
 3.11500e-07
 2.95074e-07
 2.77750e-07
 2.60335e-07
 2.43351e-07
 2.27114e-07
 2.11799e-07
 1.97489e-07
 1.84201e-07
 1.71915e-07
 1.60589e-07
 1.50164e-07
 1.40579e-07
 1.31768e-07
 1.23667e-07
 1.16215e-07
 1.09356e-07
 1.03037e-07
 4.17725e-07
 3.95396e-07
 3.70491e-07
 3.44889e-07
 3.19755e-07
 2.95770e-07
 2.73296e-07
 2.52486e-07
 2.33367e-07
 2.15888e-07
 1.99959e-07
 1.85466e-07
 1.72288e-07
 1.60307e-07
 1.49406e-07
 1.39481e-07
 1.30432e-07
 1.22171e-07
 1.14619e-07
 1.07702e-07
 5.18475e-07
 4.78641e-07
 4.39052e-07
 4.01349e-07
 3.66342e-07
 3.34338e-07
 3.05358e-07
 2.79267e-07
 2.55849e-07
 2.34861e-07
 2.16054e-07
 1.99190e-07
 1.84050e-07
 1.70436e-07
 1.58172e-07
 1.47100e-07
 1.37085e-07
 1.28004e-07
 1.19753e-07
 1.12240e-07
 6.41394e-07
 5.76592e-07
 5.17294e-07
 4.64131e-07
 4.17010e-07
 3.75497e-07
 3.39024e-07
 3.06997e-07
 2.78850e-07
 2.54069e-07
 2.32200e-07
 2.12849e-07
 1.95676e-07
 1.80389e-07
 1.66738e-07
 1.54513e-07
 1.43530e-07
 1.33635e-07
 1.24694e-07
 1.16594e-07
 7.88086e-07
 6.89117e-07
 6.04387e-07
 5.32201e-07
 4.70749e-07
 4.18349e-07
 3.73529e-07
 3.35042e-07
 3.01849e-07
 2.73090e-07
 2.48057e-07
 2.26168e-07
 2.06942e-07
 1.89982e-07
 1.74958e-07
 1.61596e-07
 1.49668e-07
 1.38981e-07
 1.29372e-07
 1.20706e-07
 9.57544e-07
 8.14137e-07
 6.98144e-07
 6.03613e-07
 5.25942e-07
 4.61593e-07
 4.07844e-07
 3.62595e-07
 3.24214e-07
 2.91428e-07
 2.63235e-07
 2.38838e-07
 2.17603e-07
 1.99019e-07
 1.82671e-07
 1.68222e-07
 1.55393e-07
 1.43956e-07
 1.33718e-07
 1.24520e-07
 1.14443e-06
 9.46816e-07
 7.94662e-07
 6.75364e-07
 5.80325e-07
 5.03536e-07
 4.40702e-07
 3.88702e-07
 3.45225e-07
 3.08535e-07
 2.77310e-07
 2.50531e-07
 2.27404e-07
 2.07300e-07
 1.89720e-07
 1.74263e-07
 1.60604e-07
 1.48477e-07
 1.37662e-07
 1.27978e-07
 1.33746e-06
 1.07898e-06
 8.88188e-07
 7.43425e-07
 6.31066e-07
 5.42166e-07
 4.70661e-07
 4.12317e-07
 3.64111e-07
 3.23835e-07
 2.89851e-07
 2.60918e-07
 2.36089e-07
 2.14626e-07
 1.95948e-07
 1.79597e-07
 1.65202e-07
 1.52464e-07
 1.41140e-07
 1.31028e-07
 1.51856e-06
 1.19921e-06
 9.71405e-07
 8.03025e-07
 6.74985e-07
 5.75324e-07
 4.96221e-07
 4.32379e-07
 3.80109e-07
 3.36772e-07
 3.00443e-07
 2.69688e-07
 2.43423e-07
 2.20814e-07
 2.01213e-07
 1.84110e-07
 1.69097e-07
 1.55847e-07
 1.44095e-07
 1.33623e-07
 1.66418e-06
 1.29409e-06
 1.03634e-06
 8.49240e-07
 7.08941e-07
 6.00941e-07
 5.15983e-07
 4.47920e-07
 3.92534e-07
 3.46851e-07
 3.08724e-07
 2.76570e-07
 2.49200e-07
 2.25707e-07
 2.05393e-07
 1.87706e-07
 1.72213e-07
 1.58564e-07
 1.46478e-07
 1.35723e-07
 1.75029e-06
 1.35098e-06
 1.07590e-06
 8.77858e-07
 7.30317e-07
 6.17330e-07
 5.28825e-07
 4.58170e-07
 4.00846e-07
 3.53685e-07
 3.14410e-07
 2.81352e-07
 2.53260e-07
 2.29184e-07
 2.08393e-07
 1.90313e-07
 1.74492e-07
 1.60568e-07
 1.48249e-07
 1.37297e-07
 1.76098e-06
 1.36181e-06
 1.08563e-06
 8.86281e-07
 7.37509e-07
 6.23457e-07
 5.34056e-07
 4.62654e-07
 4.04709e-07
 3.57030e-07
 3.17323e-07
 2.83901e-07
 2.55501e-07
 2.31165e-07
 2.10151e-07
 1.91880e-07
 1.75894e-07
 1.61828e-07
 1.49385e-07
 1.38324e-07
 1.69601e-06
 1.32610e-06
 1.06511e-06
 8.74154e-07
 7.30248e-07
 6.19119e-07
 5.31520e-07
 4.61252e-07
 4.04029e-07
 3.56814e-07
 3.17404e-07
 2.84170e-07
 2.55887e-07
 2.31620e-07
 2.10642e-07
 1.92387e-07
 1.76403e-07
 1.62328e-07
 1.49871e-07
 1.38793e-07
 1.57098e-06
 1.25107e-06
 1.01797e-06
 8.43438e-07
 7.09641e-07
 6.04964e-07
 5.21611e-07
 4.54209e-07
 3.98963e-07
 3.53137e-07
 3.14719e-07
 2.82202e-07
 2.54445e-07
 2.30567e-07
 2.09879e-07
 1.91842e-07
 1.76023e-07
 1.62073e-07
 1.49711e-07
 1.38706e-07
 1.40988e-06
 1.14893e-06
 9.50804e-07
 7.97875e-07
 6.77907e-07
 5.82360e-07
 5.05198e-07
 4.42092e-07
 3.89889e-07
 3.46258e-07
 3.09447e-07
 2.78125e-07
 2.51267e-07
 2.28072e-07
 2.07911e-07
 1.90281e-07
 1.74781e-07
 1.61082e-07
 1.48920e-07
 1.38074e-07
 1.23609e-06
 1.03289e-06
 8.71301e-07
 7.42094e-07
 6.37923e-07
 5.53145e-07
 4.83486e-07
 4.25710e-07
 3.77363e-07
 3.36564e-07
 3.01864e-07
 2.72137e-07
 2.46497e-07
 2.24244e-07
 2.04817e-07
 1.87765e-07
 1.72723e-07
 1.59392e-07
 1.47525e-07
 1.36918e-07
 1.06689e-06
 9.14139e-07
 7.86627e-07
 6.80718e-07
 5.92713e-07
 5.19336e-07
 4.57845e-07
 4.06011e-07
 3.62049e-07
 3.24530e-07
 2.92314e-07
 2.64490e-07
 2.40324e-07
 2.19222e-07
 2.00704e-07
 1.84376e-07
 1.69914e-07
 1.57052e-07
 1.45566e-07
 1.35270e-07
 9.12376e-07
 8.00500e-07
 7.02426e-07
 6.17711e-07
 5.45050e-07
 4.82876e-07
 4.29647e-07
 3.83975e-07
 3.44655e-07
 3.10673e-07
 2.81179e-07
 2.55470e-07
 2.32962e-07
 2.13172e-07
 1.95700e-07
 1.80212e-07
 1.66431e-07
 1.54122e-07
 1.43090e-07
 1.33169e-07
 7.76877e-07
 6.96503e-07
 6.22539e-07
 5.56080e-07
 4.97202e-07
 4.45452e-07
 4.00145e-07
 3.60529e-07
 3.25875e-07
 2.95514e-07
 2.68853e-07
 2.45376e-07
 2.24642e-07
 2.06272e-07
 1.89943e-07
 1.75383e-07
 1.62358e-07
 1.50671e-07
 1.40153e-07
 1.30658e-07
 6.61008e-07
 6.04121e-07
 5.49181e-07
 4.97839e-07
 4.50849e-07
 4.08409e-07
 3.70389e-07
 3.36490e-07
 3.06338e-07
 2.79539e-07
 2.55712e-07
 2.34504e-07
 2.15594e-07
 1.98702e-07
 1.83577e-07
 1.70002e-07
 1.57789e-07
 1.46773e-07
 1.36814e-07
 1.27787e-07
