scalar
part
         1
quad4
 5.41671e-07
 5.00944e-07
 4.60250e-07
 4.21249e-07
 3.84829e-07
 3.51381e-07
 3.20983e-07
 2.93537e-07
 2.68852e-07
 2.46692e-07
 2.26811e-07
 2.08971e-07
 1.92947e-07
 1.78534e-07
 1.65549e-07
 1.53828e-07
 1.43227e-07
 1.33620e-07
 1.24893e-07
 1.16950e-07
 6.44563e-07
 5.84422e-07
 5.27705e-07
 4.75741e-07
 4.28948e-07
 3.87237e-07
 3.50264e-07
 3.17577e-07
 2.88700e-07
 2.63174e-07
 2.40577e-07
 2.20532e-07
 2.02710e-07
 1.86822e-07
 1.72620e-07
 1.59890e-07
 1.48448e-07
 1.38136e-07
 1.28816e-07
 1.20372e-07
 7.66713e-07
 6.79992e-07
 6.02554e-07
 5.34608e-07
 4.75526e-07
 4.24352e-07
 3.80062e-07
 3.41684e-07
 3.08351e-07
 2.79310e-07
 2.53921e-07
 2.31642e-07
 2.12019e-07
 1.94669e-07
 1.79274e-07
 1.65563e-07
 1.53309e-07
 1.42322e-07
 1.32437e-07
 1.23518e-07
 9.08581e-07
 7.86641e-07
 6.83338e-07
 5.96395e-07
 5.23284e-07
 4.61663e-07
 4.09517e-07
 3.65173e-07
 3.27261e-07
 2.94670e-07
 2.66503e-07
 2.42030e-07
 2.20659e-07
 2.01906e-07
 1.85373e-07
 1.70735e-07
 1.57720e-07
 1.46103e-07
 1.35696e-07
 1.26339e-07
 1.06770e-06
 9.01255e-07
 7.67211e-07
 6.58766e-07
 5.70390e-07
 4.97762e-07
 4.37558e-07
 3.87227e-07
 3.44807e-07
 3.08778e-07
 2.77957e-07
 2.51413e-07
 2.28408e-07
 2.08355e-07
 1.90779e-07
 1.75296e-07
 1.61592e-07
 1.49409e-07
 1.38532e-07
 1.28786e-07
 1.23685e-06
 1.01789e-06
 8.49696e-07
 7.18460e-07
 6.14491e-07
 5.30951e-07
 4.62950e-07
 4.06943e-07
 3.60321e-07
 3.21134e-07
 2.87905e-07
 2.59502e-07
 2.35046e-07
 2.13847e-07
 1.95358e-07
 1.79140e-07
 1.64840e-07
 1.52170e-07
 1.40894e-07
 1.30815e-07
 1.40264e-06
 1.12751e-06
 9.24787e-07
 7.71461e-07
 6.52870e-07
 5.59362e-07
 4.84389e-07
 4.23397e-07
 3.73137e-07
 3.31250e-07
 2.95986e-07
 2.66027e-07
 2.40366e-07
 2.18223e-07
 1.98987e-07
 1.82172e-07
 1.67391e-07
 1.54329e-07
 1.42732e-07
 1.32388e-07
 1.54584e-06
 1.21876e-06
 9.85583e-07
 8.13450e-07
 6.82744e-07
 5.81153e-07
 5.00628e-07
 4.35723e-07
 3.82646e-07
 3.38691e-07
 3.01883e-07
 2.70753e-07
 2.44193e-07
 2.21350e-07
 2.01564e-07
 1.84312e-07
 1.69181e-07
 1.55836e-07
 1.44007e-07
 1.33474e-07
 1.64504e-06
 1.28010e-06
 1.02550e-06
 8.40491e-07
 7.01665e-07
 5.94753e-07
 5.10626e-07
 4.43217e-07
 3.88358e-07
 3.43109e-07
 3.05344e-07
 2.73497e-07
 2.46390e-07
 2.23126e-07
 2.03011e-07
 1.85500e-07
 1.70163e-07
 1.56653e-07
 1.44691e-07
 1.34049e-07
 1.68311e-06
 1.30279e-06
 1.03975e-06
 8.49804e-07
 7.07944e-07
 5.99093e-07
 5.13687e-07
 4.45412e-07
 3.89953e-07
 3.44281e-07
 3.06212e-07
 2.74143e-07
 2.46873e-07
 2.23487e-07
 2.03280e-07
 1.85700e-07
 1.70310e-07
 1.56759e-07
 1.44766e-07
 1.34100e-07
 1.65340e-06
 1.28348e-06
 1.02652e-06
 8.40350e-07
 7.00959e-07
 5.93789e-07
 5.09566e-07
 4.42147e-07
 3.87323e-07
 3.42131e-07
 3.04432e-07
 2.72654e-07
 2.45614e-07
 2.22414e-07
 2.02358e-07
 1.84901e-07
 1.69613e-07
 1.56148e-07
 1.44227e-07
 1.33623e-07
 1.56177e-06
 1.22511e-06
 9.87396e-07
 8.13048e-07
 6.81271e-07
 5.79196e-07
 4.98497e-07
 4.33582e-07
 3.80580e-07
 3.36741e-07
 3.00066e-07
 2.69073e-07
 2.42647e-07
 2.19931e-07
 2.00262e-07
 1.83119e-07
 1.68086e-07
 1.54830e-07
 1.43083e-07
 1.32624e-07
 1.42373e-06
 1.13575e-06
 9.26875e-07
 7.70539e-07
 6.50501e-07
 5.56351e-07
 4.81163e-07
 4.20179e-07
 3.70044e-07
 3.28338e-07
 2.93276e-07
 2.63524e-07
 2.38063e-07
 2.16109e-07
 1.97048e-07
 1.80394e-07
 1.65759e-07
 1.52831e-07
 1.41355e-07
 1.31121e-07
 1.25909e-06
 1.02626e-06
 8.51235e-07
 7.16620e-07
 6.11035e-07
 5.26801e-07
 4.58596e-07
 4.02646e-07
 3.56212e-07
 3.17276e-07
 2.84321e-07
 2.56194e-07
 2.32004e-07
 2.11055e-07
 1.92797e-07
 1.76791e-07
 1.62685e-07
 1.50190e-07
 1.39073e-07
 1.29139e-07
 1.08678e-06
 9.07726e-07
 7.67226e-07
 6.55537e-07
 5.65622e-07
 4.92373e-07
 4.32042e-07
 3.81848e-07
 3.39697e-07
 3.03997e-07
 2.73525e-07
 2.47327e-07
 2.24653e-07
 2.04908e-07
 1.87617e-07
 1.72395e-07
 1.58929e-07
 1.46962e-07
 1.36281e-07
 1.26712e-07
 9.21313e-07
 7.89520e-07
 6.80958e-07
 5.91338e-07
 5.16995e-07
 4.54947e-07
 4.02816e-07
 3.58720e-07
 3.21174e-07
 2.88999e-07
 2.61257e-07
 2.37199e-07
 2.16220e-07
 1.97832e-07
 1.81636e-07
 1.67305e-07
 1.54570e-07
 1.43207e-07
 1.33030e-07
 1.23882e-07
 7.71639e-07
 6.78300e-07
 5.97208e-07
 5.27422e-07
 4.67575e-07
 4.16258e-07
 3.72172e-07
 3.34182e-07
 3.01324e-07
 2.72788e-07
 2.47900e-07
 2.26103e-07
 2.06932e-07
 1.90002e-07
 1.74990e-07
 1.61630e-07
 1.49696e-07
 1.38998e-07
 1.29376e-07
 1.20695e-07
 6.41738e-07
 5.77940e-07
 5.19201e-07
 4.66314e-07
 4.19291e-07
 3.77767e-07
 3.41215e-07
 3.09069e-07
 2.80781e-07
 2.55851e-07
 2.33831e-07
 2.14332e-07
 1.97017e-07
 1.81597e-07
 1.67824e-07
 1.55485e-07
 1.44398e-07
 1.34408e-07
 1.25380e-07
 1.17201e-07
 5.32086e-07
 4.90036e-07
 4.48730e-07
 4.09656e-07
 3.73530e-07
 3.40599e-07
 3.10842e-07
 2.84090e-07
 2.60106e-07
 2.38628e-07
 2.19396e-07
 2.02161e-07
 1.86695e-07
 1.72795e-07
 1.60278e-07
 1.48983e-07
 1.38769e-07
 1.29513e-07
 1.21105e-07
 1.13452e-07
 4.41154e-07
 4.14616e-07
 3.86470e-07
 3.58325e-07
 3.31164e-07
 3.05542e-07
 2.81726e-07
 2.59807e-07
 2.39759e-07
 2.21498e-07
 2.04902e-07
 1.89838e-07
 1.76168e-07
 1.63760e-07
 1.52487e-07
 1.42236e-07
 1.32902e-07
 1.24389e-07
 1.16613e-07
 1.09499e-07
