scalar
part
         1
quad4
 5.45599e-07
 5.03549e-07
 4.61868e-07
 4.22128e-07
 3.85156e-07
 3.51293e-07
 3.20586e-07
 2.92912e-07
 2.68059e-07
 2.45777e-07
 2.25812e-07
 2.07915e-07
 1.91855e-07
 1.77422e-07
 1.64430e-07
 1.52712e-07
 1.42121e-07
 1.32529e-07
 1.23821e-07
 1.15901e-07
 6.46566e-07
 5.85300e-07
 5.27798e-07
 4.75283e-07
 4.28105e-07
 3.86126e-07
 3.48971e-07
 3.16165e-07
 2.87215e-07
 2.61649e-07
 2.39037e-07
 2.18996e-07
 2.01190e-07
 1.85328e-07
 1.71159e-07
 1.58467e-07
 1.47066e-07
 1.36795e-07
 1.27519e-07
 1.19118e-07
 7.65935e-07
 6.78526e-07
 6.00673e-07
 5.32484e-07
 4.73269e-07
 4.22035e-07
 3.77733e-07
 3.39377e-07
 3.06089e-07
 2.77108e-07
 2.51788e-07
 2.29584e-07
 2.10038e-07
 1.92768e-07
 1.77450e-07
 1.63816e-07
 1.51637e-07
 1.40721e-07
 1.30905e-07
 1.22052e-07
 9.03981e-07
 7.82129e-07
 6.79001e-07
 5.92263e-07
 5.19366e-07
 4.57956e-07
 4.06016e-07
 3.61869e-07
 3.24144e-07
 2.91731e-07
 2.63731e-07
 2.39415e-07
 2.18190e-07
 1.99574e-07
 1.83169e-07
 1.68650e-07
 1.55746e-07
 1.44232e-07
 1.33921e-07
 1.24654e-07
 1.05813e-06
 8.92973e-07
 7.59939e-07
 6.52300e-07
 5.64581e-07
 4.92502e-07
 4.32764e-07
 3.82837e-07
 3.40769e-07
 3.05051e-07
 2.74507e-07
 2.48210e-07
 2.25428e-07
 2.05575e-07
 1.88180e-07
 1.72862e-07
 1.59308e-07
 1.47262e-07
 1.36511e-07
 1.26879e-07
 1.22123e-06
 1.00519e-06
 8.39077e-07
 7.09383e-07
 6.06601e-07
 5.24002e-07
 4.56768e-07
 4.01397e-07
 3.55311e-07
 3.16582e-07
 2.83749e-07
 2.55691e-07
 2.31538e-07
 2.10607e-07
 1.92356e-07
 1.76351e-07
 1.62242e-07
 1.49744e-07
 1.38622e-07
 1.28684e-07
 1.38020e-06
 1.10995e-06
 9.10534e-07
 7.59583e-07
 6.42769e-07
 5.50635e-07
 4.76755e-07
 4.16650e-07
 3.67124e-07
 3.25852e-07
 2.91110e-07
 2.61598e-07
 2.36324e-07
 2.14519e-07
 1.95579e-07
 1.79025e-07
 1.64476e-07
 1.51622e-07
 1.40210e-07
 1.30034e-07
 1.51636e-06
 1.19617e-06
 9.67583e-07
 7.98694e-07
 6.70381e-07
 5.70616e-07
 4.91523e-07
 4.27765e-07
 3.75624e-07
 3.32444e-07
 2.96285e-07
 2.65707e-07
 2.39619e-07
 2.17185e-07
 1.97753e-07
 1.80812e-07
 1.65954e-07
 1.52851e-07
 1.41239e-07
 1.30899e-07
 1.60886e-06
 1.25263e-06
 1.00384e-06
 8.22909e-07
 6.87079e-07
 5.82437e-07
 5.00075e-07
 4.34070e-07
 3.80346e-07
 3.36030e-07
 2.99042e-07
 2.67848e-07
 2.41297e-07
 2.18510e-07
 1.98806e-07
 1.81655e-07
 1.66631e-07
 1.53398e-07
 1.41682e-07
 1.31259e-07
 1.64096e-06
 1.27086e-06
 1.01468e-06
 8.29579e-07
 6.91268e-07
 5.85098e-07
 5.01770e-07
 4.35137e-07
 3.81002e-07
 3.36410e-07
 2.99237e-07
 2.67918e-07
 2.41282e-07
 2.18439e-07
 1.98699e-07
 1.81523e-07
 1.66485e-07
 1.53245e-07
 1.41525e-07
 1.31102e-07
 1.60627e-06
 1.24774e-06
 9.98495e-07
 8.17792e-07
 6.82417e-07
 5.78280e-07
 4.96406e-07
 4.30841e-07
 3.77507e-07
 3.33529e-07
 2.96833e-07
 2.65892e-07
 2.39559e-07
 2.16961e-07
 1.97421e-07
 1.80411e-07
 1.65512e-07
 1.52388e-07
 1.40766e-07
 1.30427e-07
 1.51098e-06
 1.18645e-06
 9.57016e-07
 7.88582e-07
 6.61167e-07
 5.62400e-07
 4.84264e-07
 4.21374e-07
 3.70000e-07
 3.27486e-07
 2.91906e-07
 2.61826e-07
 2.36169e-07
 2.14107e-07
 1.94999e-07
 1.78340e-07
 1.63727e-07
 1.50840e-07
 1.39417e-07
 1.29244e-07
 1.37095e-06
 1.09524e-06
 8.94876e-07
 7.44681e-07
 6.29209e-07
 5.38540e-07
 4.66062e-07
 4.07226e-07
 3.58821e-07
 3.18526e-07
 2.84631e-07
 2.55851e-07
 2.31211e-07
 2.09955e-07
 1.91492e-07
 1.75354e-07
 1.61168e-07
 1.48631e-07
 1.37499e-07
 1.27570e-07
 1.20615e-06
 9.85090e-07
 8.18426e-07
 6.89938e-07
 5.88964e-07
 5.08277e-07
 4.42855e-07
 3.89121e-07
 3.44481e-07
 3.07013e-07
 2.75274e-07
 2.48165e-07
 2.24834e-07
 2.04616e-07
 1.86985e-07
 1.71522e-07
 1.57886e-07
 1.45804e-07
 1.35048e-07
 1.25433e-07
 1.03533e-06
 8.67036e-07
 7.34403e-07
 6.28602e-07
 5.43191e-07
 4.73450e-07
 4.15898e-07
 3.67935e-07
 3.27600e-07
 2.93396e-07
 2.64168e-07
 2.39013e-07
 2.17223e-07
 1.98233e-07
 1.81591e-07
 1.66930e-07
 1.53952e-07
 1.42412e-07
 1.32107e-07
 1.22870e-07
 8.72624e-07
 7.50260e-07
 6.48824e-07
 5.64676e-07
 4.94599e-07
 4.35926e-07
 3.86500e-07
 3.44600e-07
 3.08856e-07
 2.78174e-07
 2.51681e-07
 2.28676e-07
 2.08593e-07
 1.90972e-07
 1.75436e-07
 1.61679e-07
 1.49444e-07
 1.38519e-07
 1.28728e-07
 1.19922e-07
 7.26513e-07
 6.41158e-07
 5.66321e-07
 5.01471e-07
 4.45560e-07
 3.97411e-07
 3.55901e-07
 3.20027e-07
 2.88921e-07
 2.61850e-07
 2.38196e-07
 2.17446e-07
 1.99169e-07
 1.83007e-07
 1.68661e-07
 1.55879e-07
 1.44451e-07
 1.34198e-07
 1.24969e-07
 1.16636e-07
 6.00538e-07
 5.43335e-07
 4.89949e-07
 4.41411e-07
 3.97937e-07
 3.59324e-07
 3.25177e-07
 2.95032e-07
 2.68421e-07
 2.44904e-07
 2.24084e-07
 2.05611e-07
 1.89177e-07
 1.74519e-07
 1.61407e-07
 1.49645e-07
 1.39065e-07
 1.29522e-07
 1.20890e-07
 1.13062e-07
 4.94849e-07
 4.58155e-07
 4.21346e-07
 3.86031e-07
 3.53045e-07
 3.22743e-07
 2.95194e-07
 2.70304e-07
 2.47899e-07
 2.27767e-07
 2.09686e-07
 1.93442e-07
 1.78835e-07
 1.65680e-07
 1.53814e-07
 1.43090e-07
 1.33379e-07
 1.24567e-07
 1.16554e-07
 1.09252e-07
 4.07708e-07
 3.85470e-07
 3.61054e-07
 3.36113e-07
 3.11691e-07
 2.88407e-07
 2.66590e-07
 2.46380e-07
 2.27800e-07
 2.10802e-07
 1.95299e-07
 1.81183e-07
 1.68338e-07
 1.56652e-07
 1.46014e-07
 1.36322e-07
 1.27481e-07
 1.19407e-07
 1.12023e-07
 1.05258e-07
