scalar
part
         1
quad4
 3.71911e-07
 3.56285e-07
 3.37433e-07
 3.17097e-07
 2.96446e-07
 2.76227e-07
 2.56889e-07
 2.38682e-07
 2.21718e-07
 2.06025e-07
 1.91577e-07
 1.78314e-07
 1.66161e-07
 1.55036e-07
 1.44854e-07
 1.35533e-07
 1.26995e-07
 1.19167e-07
 1.11983e-07
 1.05381e-07
 4.57245e-07
 4.28431e-07
 3.98014e-07
 3.67811e-07
 3.38878e-07
 3.11774e-07
 2.86742e-07
 2.63834e-07
 2.42991e-07
 2.24090e-07
 2.06984e-07
 1.91512e-07
 1.77516e-07
 1.64847e-07
 1.53367e-07
 1.42950e-07
 1.33483e-07
 1.24865e-07
 1.17004e-07
 1.09823e-07
 5.61981e-07
 5.14022e-07
 4.67812e-07
 4.24786e-07
 3.85523e-07
 3.50122e-07
 3.18427e-07
 2.90155e-07
 2.64978e-07
 2.42562e-07
 2.22590e-07
 2.04769e-07
 1.88839e-07
 1.74568e-07
 1.61754e-07
 1.50221e-07
 1.39814e-07
 1.30402e-07
 1.21867e-07
 1.14110e-07
 6.88562e-07
 6.13735e-07
 5.46655e-07
 4.87488e-07
 4.35735e-07
 3.90633e-07
 3.51363e-07
 3.17140e-07
 2.87254e-07
 2.61085e-07
 2.38099e-07
 2.17843e-07
 1.99929e-07
 1.84032e-07
 1.69877e-07
 1.57230e-07
 1.45894e-07
 1.35700e-07
 1.26506e-07
 1.18188e-07
 8.37874e-07
 7.26895e-07
 6.33336e-07
 5.54637e-07
 4.88344e-07
 4.32308e-07
 3.84727e-07
 3.44119e-07
 3.09278e-07
 2.79225e-07
 2.53165e-07
 2.30453e-07
 2.10562e-07
 1.93059e-07
 1.77589e-07
 1.63859e-07
 1.51623e-07
 1.40678e-07
 1.30852e-07
 1.22001e-07
 1.00777e-06
 8.50692e-07
 7.25224e-07
 6.24027e-07
 5.41586e-07
 4.73765e-07
 4.17445e-07
 3.70264e-07
 3.30409e-07
 2.96484e-07
 2.67398e-07
 2.42295e-07
 2.20496e-07
 2.01456e-07
 1.84737e-07
 1.69983e-07
 1.56902e-07
 1.45254e-07
 1.34840e-07
 1.25493e-07
 1.19135e-06
 9.79452e-07
 8.17987e-07
 6.92441e-07
 5.93096e-07
 5.13265e-07
 4.48237e-07
 3.94621e-07
 3.49933e-07
 3.12322e-07
 2.80386e-07
 2.53051e-07
 2.29484e-07
 2.09029e-07
 1.91166e-07
 1.75479e-07
 1.61632e-07
 1.49348e-07
 1.38404e-07
 1.28612e-07
 1.37566e-06
 1.10431e-06
 9.05597e-07
 7.55762e-07
 6.40031e-07
 5.48821e-07
 4.75689e-07
 4.16174e-07
 3.67107e-07
 3.26189e-07
 2.91716e-07
 2.62408e-07
 2.37287e-07
 2.15593e-07
 1.96732e-07
 1.80234e-07
 1.65721e-07
 1.52887e-07
 1.41484e-07
 1.31307e-07
 1.54175e-06
 1.21368e-06
 9.80811e-07
 8.09341e-07
 6.79331e-07
 5.78370e-07
 4.98382e-07
 4.33925e-07
 3.81218e-07
 3.37565e-07
 3.01005e-07
 2.70078e-07
 2.43684e-07
 2.20978e-07
 2.01304e-07
 1.84144e-07
 1.69088e-07
 1.55806e-07
 1.44029e-07
 1.33538e-07
 1.66701e-06
 1.29492e-06
 1.03621e-06
 8.48638e-07
 7.08118e-07
 6.00028e-07
 5.15048e-07
 4.46999e-07
 3.91647e-07
 3.46007e-07
 3.07927e-07
 2.75819e-07
 2.48495e-07
 2.25046e-07
 2.04772e-07
 1.87124e-07
 1.71666e-07
 1.58050e-07
 1.45994e-07
 1.35268e-07
 1.73061e-06
 1.33714e-06
 1.06569e-06
 8.70043e-07
 7.24154e-07
 6.12354e-07
 5.24728e-07
 4.54741e-07
 3.97935e-07
 3.51185e-07
 3.12241e-07
 2.79452e-07
 2.51582e-07
 2.27693e-07
 2.07058e-07
 1.89112e-07
 1.73406e-07
 1.59581e-07
 1.47348e-07
 1.36472e-07
 1.72106e-06
 1.33449e-06
 1.06602e-06
 8.71650e-07
 7.26258e-07
 6.14585e-07
 5.26911e-07
 4.56797e-07
 3.99834e-07
 3.52918e-07
 3.13815e-07
 2.80877e-07
 2.52872e-07
 2.28859e-07
 2.08115e-07
 1.90071e-07
 1.74277e-07
 1.60374e-07
 1.48071e-07
 1.37133e-07
 1.64154e-06
 1.28828e-06
 1.03777e-06
 8.53714e-07
 7.14541e-07
 6.06763e-07
 5.21607e-07
 4.53161e-07
 3.97328e-07
 3.51191e-07
 3.12632e-07
 2.80079e-07
 2.52349e-07
 2.28534e-07
 2.07932e-07
 1.89991e-07
 1.74271e-07
 1.60422e-07
 1.48158e-07
 1.37246e-07
 1.50875e-06
 1.20657e-06
 9.85154e-07
 8.18581e-07
 6.90370e-07
 5.89718e-07
 5.09334e-07
 4.44169e-07
 3.90640e-07
 3.46153e-07
 3.08795e-07
 2.77130e-07
 2.50064e-07
 2.26752e-07
 2.06535e-07
 1.88891e-07
 1.73404e-07
 1.59736e-07
 1.47615e-07
 1.36817e-07
 1.34573e-06
 1.10139e-06
 9.14832e-07
 7.70110e-07
 6.56080e-07
 5.64913e-07
 4.91041e-07
 4.30448e-07
 3.80196e-07
 3.38099e-07
 3.02512e-07
 2.72178e-07
 2.46125e-07
 2.23594e-07
 2.03984e-07
 1.86817e-07
 1.71707e-07
 1.58341e-07
 1.46463e-07
 1.35862e-07
 1.17401e-06
 9.85184e-07
 8.34182e-07
 7.12821e-07
 6.14524e-07
 5.34197e-07
 4.67953e-07
 4.12833e-07
 3.66574e-07
 3.27438e-07
 2.94077e-07
 2.65438e-07
 2.40691e-07
 2.19178e-07
 2.00369e-07
 1.83837e-07
 1.69235e-07
 1.56280e-07
 1.44735e-07
 1.34406e-07
 1.00910e-06
 8.68193e-07
 7.49883e-07
 6.51092e-07
 5.68607e-07
 4.99532e-07
 4.41420e-07
 3.92265e-07
 3.50443e-07
 3.14650e-07
 2.83840e-07
 2.57169e-07
 2.33957e-07
 2.13651e-07
 1.95801e-07
 1.80037e-07
 1.66056e-07
 1.53604e-07
 1.42472e-07
 1.32483e-07
 8.59826e-07
 7.57428e-07
 6.67083e-07
 5.88596e-07
 5.20932e-07
 4.62765e-07
 4.12762e-07
 3.69696e-07
 3.32496e-07
 3.00248e-07
 2.72183e-07
 2.47659e-07
 2.26139e-07
 2.07180e-07
 1.90410e-07
 1.75519e-07
 1.62248e-07
 1.50378e-07
 1.39725e-07
 1.30133e-07
 7.29722e-07
 6.56813e-07
 5.89203e-07
 5.28062e-07
 4.73590e-07
 4.25473e-07
 3.83159e-07
 3.46012e-07
 3.13401e-07
 2.84736e-07
 2.59490e-07
 2.37201e-07
 2.17467e-07
 1.99943e-07
 1.84336e-07
 1.70393e-07
 1.57899e-07
 1.46671e-07
 1.36550e-07
 1.27403e-07
 6.18974e-07
 5.67929e-07
 5.18152e-07
 4.71277e-07
 4.28100e-07
 3.88888e-07
 3.53589e-07
 3.21979e-07
 2.93754e-07
 2.68579e-07
 2.46126e-07
 2.26082e-07
 2.08164e-07
 1.92119e-07
 1.77721e-07
 1.64773e-07
 1.53102e-07
 1.42557e-07
 1.33008e-07
 1.24341e-07
