scalar
part
         1
quad4
 6.01295e-07
 5.52931e-07
 5.05493e-07
 4.60619e-07
 4.19132e-07
 3.81334e-07
 3.47213e-07
 3.16584e-07
 2.89173e-07
 2.64677e-07
 2.42790e-07
 2.23220e-07
 2.05701e-07
 1.89990e-07
 1.75876e-07
 1.63168e-07
 1.51702e-07
 1.41333e-07
 1.31934e-07
 1.23396e-07
 7.10357e-07
 6.40777e-07
 5.75970e-07
 5.17148e-07
 4.64577e-07
 4.18009e-07
 3.76956e-07
 3.40836e-07
 3.09062e-07
 2.81084e-07
 2.56402e-07
 2.34578e-07
 2.15230e-07
 1.98028e-07
 1.82690e-07
 1.68974e-07
 1.56671e-07
 1.45605e-07
 1.35623e-07
 1.26594e-07
 8.38851e-07
 7.40552e-07
 6.53516e-07
 5.77667e-07
 5.12094e-07
 4.55583e-07
 4.06893e-07
 3.64874e-07
 3.28511e-07
 2.96936e-07
 2.69416e-07
 2.45335e-07
 2.24179e-07
 2.05520e-07
 1.88998e-07
 1.74313e-07
 1.61215e-07
 1.49490e-07
 1.38960e-07
 1.29473e-07
 9.86826e-07
 8.50876e-07
 7.36376e-07
 6.40497e-07
 5.60238e-07
 4.92872e-07
 4.36080e-07
 3.87951e-07
 3.46934e-07
 3.11777e-07
 2.81473e-07
 2.55209e-07
 2.32325e-07
 2.12286e-07
 1.94655e-07
 1.79072e-07
 1.65241e-07
 1.52914e-07
 1.41886e-07
 1.31985e-07
 1.15115e-06
 9.68114e-07
 8.21324e-07
 7.03036e-07
 6.06997e-07
 5.28348e-07
 4.63363e-07
 4.09199e-07
 3.63674e-07
 3.25107e-07
 2.92191e-07
 2.63904e-07
 2.39438e-07
 2.18150e-07
 1.99523e-07
 1.83139e-07
 1.68660e-07
 1.55804e-07
 1.44342e-07
 1.34082e-07
 1.32360e-06
 1.08563e-06
 9.03431e-07
 7.61733e-07
 6.49836e-07
 5.60199e-07
 4.87441e-07
 4.27674e-07
 3.78040e-07
 3.36413e-07
 3.01187e-07
 2.71132e-07
 2.45298e-07
 2.22940e-07
 2.03468e-07
 1.86411e-07
 1.71390e-07
 1.58096e-07
 1.46277e-07
 1.35723e-07
 1.48946e-06
 1.19359e-06
 9.76221e-07
 8.12306e-07
 6.85889e-07
 5.86476e-07
 5.06966e-07
 4.42427e-07
 3.89355e-07
 3.45206e-07
 3.08100e-07
 2.76625e-07
 2.49704e-07
 2.26504e-07
 2.06374e-07
 1.88796e-07
 1.73361e-07
 1.59734e-07
 1.47645e-07
 1.36872e-07
 1.62796e-06
 1.27986e-06
 1.03241e-06
 8.50255e-07
 7.12293e-07
 6.05310e-07
 5.20687e-07
 4.52605e-07
 3.97023e-07
 3.51062e-07
 3.12626e-07
 2.80160e-07
 2.52490e-07
 2.28718e-07
 2.08145e-07
 1.90223e-07
 1.74515e-07
 1.60673e-07
 1.48412e-07
 1.37500e-07
 1.71637e-06
 1.33238e-06
 1.06526e-06
 8.71624e-07
 7.26631e-07
 6.15172e-07
 5.27607e-07
 4.57540e-07
 4.00589e-07
 3.53664e-07
 3.14539e-07
 2.81574e-07
 2.53537e-07
 2.29492e-07
 2.08715e-07
 1.90639e-07
 1.74815e-07
 1.60884e-07
 1.48554e-07
 1.37590e-07
 1.73728e-06
 1.34260e-06
 1.07021e-06
 8.73840e-07
 7.27380e-07
 6.15126e-07
 5.27132e-07
 4.56845e-07
 3.99792e-07
 3.52835e-07
 3.13716e-07
 2.80778e-07
 2.52781e-07
 2.28782e-07
 2.08052e-07
 1.90022e-07
 1.74242e-07
 1.60352e-07
 1.48062e-07
 1.37134e-07
 1.68564e-06
 1.30820e-06
 1.04613e-06
 8.56312e-07
 7.14222e-07
 6.04993e-07
 5.19163e-07
 4.50464e-07
 3.94602e-07
 3.48557e-07
 3.10148e-07
 2.77772e-07
 2.50224e-07
 2.26588e-07
 2.06156e-07
 1.88372e-07
 1.72798e-07
 1.59081e-07
 1.46936e-07
 1.36133e-07
 1.57067e-06
 1.23390e-06
 9.95620e-07
 8.20580e-07
 6.88112e-07
 5.85395e-07
 5.04115e-07
 4.38683e-07
 3.85223e-07
 3.40979e-07
 3.03945e-07
 2.72635e-07
 2.45927e-07
 2.22960e-07
 2.03067e-07
 1.85722e-07
 1.70508e-07
 1.57089e-07
 1.45195e-07
 1.34602e-07
 1.41154e-06
 1.12969e-06
 9.24274e-07
 7.69948e-07
 6.51095e-07
 5.57645e-07
 4.82861e-07
 4.22099e-07
 3.72071e-07
 3.30398e-07
 2.95325e-07
 2.65531e-07
 2.40012e-07
 2.17990e-07
 1.98855e-07
 1.82126e-07
 1.67416e-07
 1.54414e-07
 1.42866e-07
 1.32563e-07
 1.23047e-06
 1.00787e-06
 8.39255e-07
 7.08773e-07
 6.05924e-07
 5.23539e-07
 4.56607e-07
 4.01542e-07
 3.55731e-07
 3.17236e-07
 2.84593e-07
 2.56687e-07
 2.32652e-07
 2.11810e-07
 1.93624e-07
 1.77665e-07
 1.63585e-07
 1.51104e-07
 1.39989e-07
 1.30049e-07
 1.04707e-06
 8.80185e-07
 7.47814e-07
 6.41668e-07
 5.55612e-07
 4.85097e-07
 4.26736e-07
 3.77981e-07
 3.36895e-07
 3.01992e-07
 2.72121e-07
 2.46380e-07
 2.24056e-07
 2.04581e-07
 1.87497e-07
 1.72436e-07
 1.59093e-07
 1.47222e-07
 1.36615e-07
 1.27101e-07
 8.75315e-07
 7.55958e-07
 6.56176e-07
 5.72830e-07
 5.03028e-07
 4.44311e-07
 3.94656e-07
 3.52424e-07
 3.16295e-07
 2.85209e-07
 2.58313e-07
 2.34916e-07
 2.14458e-07
 1.96483e-07
 1.80617e-07
 1.66551e-07
 1.54029e-07
 1.42838e-07
 1.32801e-07
 1.23766e-07
 7.23059e-07
 6.41386e-07
 5.68954e-07
 5.05619e-07
 4.50611e-07
 4.02956e-07
 3.61665e-07
 3.25830e-07
 2.94647e-07
 2.67425e-07
 2.43578e-07
 2.22609e-07
 2.04102e-07
 1.87709e-07
 1.73134e-07
 1.60130e-07
 1.48488e-07
 1.38032e-07
 1.28610e-07
 1.20095e-07
 5.93133e-07
 5.39725e-07
 4.89052e-07
 4.42408e-07
 4.00226e-07
 3.62471e-07
 3.28868e-07
 2.99046e-07
 2.72602e-07
 2.49143e-07
 2.28306e-07
 2.09765e-07
 1.93230e-07
 1.78448e-07
 1.65200e-07
 1.53296e-07
 1.42571e-07
 1.32883e-07
 1.24109e-07
 1.16143e-07
 4.85059e-07
 4.51971e-07
 4.17902e-07
 3.84629e-07
 3.53140e-07
 3.23918e-07
 2.97132e-07
 2.72769e-07
 2.50716e-07
 2.30806e-07
 2.12853e-07
 1.96667e-07
 1.82067e-07
 1.68883e-07
 1.56963e-07
 1.46168e-07
 1.36374e-07
 1.27472e-07
 1.19364e-07
 1.11966e-07
 3.96608e-07
 3.77649e-07
 3.55842e-07
 3.32940e-07
 3.10089e-07
 2.87999e-07
 2.67078e-07
 2.47532e-07
 2.29436e-07
 2.12784e-07
 1.97521e-07
 1.83564e-07
 1.70818e-07
 1.59183e-07
 1.48562e-07
 1.38861e-07
 1.29993e-07
 1.21877e-07
 1.14440e-07
 1.07617e-07
