scalar
part
         1
quad4
 3.68708e-07
 3.52838e-07
 3.33971e-07
 3.13759e-07
 2.93306e-07
 2.73317e-07
 2.54219e-07
 2.36244e-07
 2.19499e-07
 2.04007e-07
 1.89740e-07
 1.76640e-07
 1.64633e-07
 1.53638e-07
 1.43572e-07
 1.34355e-07
 1.25909e-07
 1.18164e-07
 1.11053e-07
 1.04518e-07
 4.52505e-07
 4.23679e-07
 3.93482e-07
 3.63612e-07
 3.35053e-07
 3.08322e-07
 2.83642e-07
 2.61056e-07
 2.40499e-07
 2.21853e-07
 2.04970e-07
 1.89693e-07
 1.75869e-07
 1.63351e-07
 1.52004e-07
 1.41703e-07
 1.32339e-07
 1.23812e-07
 1.16033e-07
 1.08923e-07
 5.55179e-07
 5.07627e-07
 4.62003e-07
 4.19607e-07
 3.80950e-07
 3.46099e-07
 3.14887e-07
 2.87036e-07
 2.62221e-07
 2.40115e-07
 2.20409e-07
 2.02816e-07
 1.87083e-07
 1.72982e-07
 1.60316e-07
 1.48911e-07
 1.38618e-07
 1.29304e-07
 1.20857e-07
 1.13178e-07
 6.79084e-07
 6.05353e-07
 5.39392e-07
 4.81249e-07
 4.30385e-07
 3.86037e-07
 3.47398e-07
 3.13699e-07
 2.84250e-07
 2.58447e-07
 2.35769e-07
 2.15771e-07
 1.98077e-07
 1.82368e-07
 1.68375e-07
 1.55867e-07
 1.44652e-07
 1.34564e-07
 1.25463e-07
 1.17227e-07
 8.25111e-07
 7.16258e-07
 6.24527e-07
 5.47331e-07
 4.82249e-07
 4.27183e-07
 3.80379e-07
 3.40397e-07
 3.06064e-07
 2.76427e-07
 2.50710e-07
 2.28284e-07
 2.08632e-07
 1.91332e-07
 1.76035e-07
 1.62452e-07
 1.50345e-07
 1.39511e-07
 1.29782e-07
 1.21017e-07
 9.91318e-07
 8.37737e-07
 7.14939e-07
 6.15762e-07
 5.34854e-07
 4.68206e-07
 4.12795e-07
 3.66326e-07
 3.27037e-07
 2.93567e-07
 2.64853e-07
 2.40055e-07
 2.18510e-07
 1.99683e-07
 1.83145e-07
 1.68545e-07
 1.55597e-07
 1.44064e-07
 1.33750e-07
 1.24492e-07
 1.17136e-06
 9.64498e-07
 8.06538e-07
 6.83477e-07
 5.85929e-07
 5.07427e-07
 4.43401e-07
 3.90556e-07
 3.46471e-07
 3.09339e-07
 2.77790e-07
 2.50772e-07
 2.27467e-07
 2.07231e-07
 1.89553e-07
 1.74024e-07
 1.60311e-07
 1.48145e-07
 1.37302e-07
 1.27600e-07
 1.35327e-06
 1.08821e-06
 8.93587e-07
 7.46517e-07
 6.32722e-07
 5.42909e-07
 4.70815e-07
 4.12088e-07
 3.63633e-07
 3.23199e-07
 2.89115e-07
 2.60125e-07
 2.35265e-07
 2.13790e-07
 1.95115e-07
 1.78774e-07
 1.64396e-07
 1.51679e-07
 1.40378e-07
 1.30291e-07
 1.51925e-06
 1.19781e-06
 9.69095e-07
 8.00358e-07
 6.72234e-07
 5.72623e-07
 4.93634e-07
 4.29935e-07
 3.77816e-07
 3.34630e-07
 2.98445e-07
 2.67826e-07
 2.41686e-07
 2.19193e-07
 1.99699e-07
 1.82694e-07
 1.67770e-07
 1.54603e-07
 1.42926e-07
 1.32524e-07
 1.64746e-06
 1.28095e-06
 1.02573e-06
 8.40489e-07
 7.01594e-07
 5.94682e-07
 5.10586e-07
 4.43217e-07
 3.88399e-07
 3.43186e-07
 3.05453e-07
 2.73632e-07
 2.46547e-07
 2.23300e-07
 2.03198e-07
 1.85697e-07
 1.70366e-07
 1.56861e-07
 1.44902e-07
 1.34262e-07
 1.71676e-06
 1.32649e-06
 1.05725e-06
 8.63207e-07
 7.18505e-07
 6.07610e-07
 5.20690e-07
 4.51264e-07
 3.94911e-07
 3.48531e-07
 3.09893e-07
 2.77361e-07
 2.49708e-07
 2.26004e-07
 2.05528e-07
 1.87720e-07
 1.72134e-07
 1.58414e-07
 1.46274e-07
 1.35480e-07
 1.71407e-06
 1.32784e-06
 1.06005e-06
 8.66402e-07
 7.21672e-07
 6.10575e-07
 5.23392e-07
 4.53695e-07
 3.97085e-07
 3.50471e-07
 3.11624e-07
 2.78906e-07
 2.51091e-07
 2.27244e-07
 2.06643e-07
 1.88725e-07
 1.73042e-07
 1.59237e-07
 1.47022e-07
 1.36161e-07
 1.64063e-06
 1.28539e-06
 1.03422e-06
 8.50084e-07
 7.11065e-07
 6.03534e-07
 5.18649e-07
 4.50471e-07
 3.94887e-07
 3.48976e-07
 3.10619e-07
 2.78247e-07
 2.50677e-07
 2.27004e-07
 2.06529e-07
 1.88700e-07
 1.73081e-07
 1.59321e-07
 1.47138e-07
 1.36298e-07
 1.51191e-06
 1.20656e-06
 9.83637e-07
 8.16385e-07
 6.87922e-07
 5.87238e-07
 5.06932e-07
 4.41895e-07
 3.88515e-07
 3.44181e-07
 3.06972e-07
 2.75446e-07
 2.48509e-07
 2.25317e-07
 2.05208e-07
 1.87662e-07
 1.72263e-07
 1.58676e-07
 1.46629e-07
 1.35898e-07
 1.35084e-06
 1.10316e-06
 9.14754e-07
 7.69034e-07
 6.54493e-07
 5.63091e-07
 4.89144e-07
 4.28565e-07
 3.78376e-07
 3.36367e-07
 3.00879e-07
 2.70646e-07
 2.44693e-07
 2.22257e-07
 2.02737e-07
 1.85654e-07
 1.70621e-07
 1.57327e-07
 1.45515e-07
 1.34974e-07
 1.17951e-06
 9.87772e-07
 8.34967e-07
 7.12521e-07
 6.13589e-07
 5.32910e-07
 4.66488e-07
 4.11297e-07
 3.65033e-07
 3.25930e-07
 2.92625e-07
 2.64054e-07
 2.39380e-07
 2.17940e-07
 1.99203e-07
 1.82741e-07
 1.68206e-07
 1.55313e-07
 1.43826e-07
 1.33552e-07
 1.01413e-06
 8.70931e-07
 7.51068e-07
 6.51258e-07
 5.68123e-07
 4.98648e-07
 4.40302e-07
 3.91021e-07
 3.49146e-07
 3.13346e-07
 2.82557e-07
 2.55925e-07
 2.32761e-07
 2.12510e-07
 1.94717e-07
 1.79010e-07
 1.65084e-07
 1.52686e-07
 1.41604e-07
 1.31663e-07
 8.64014e-07
 7.59933e-07
 6.68351e-07
 5.88990e-07
 5.20727e-07
 4.62164e-07
 4.11907e-07
 3.68688e-07
 3.31405e-07
 2.99120e-07
 2.71051e-07
 2.46542e-07
 2.25053e-07
 2.06132e-07
 1.89404e-07
 1.74559e-07
 1.61333e-07
 1.49508e-07
 1.38899e-07
 1.29349e-07
 7.33008e-07
 6.58915e-07
 5.90369e-07
 5.28521e-07
 4.73534e-07
 4.25055e-07
 3.82493e-07
 3.45186e-07
 3.12475e-07
 2.83757e-07
 2.58489e-07
 2.36199e-07
 2.16479e-07
 1.98981e-07
 1.83405e-07
 1.69497e-07
 1.57040e-07
 1.45849e-07
 1.35766e-07
 1.26655e-07
 6.21444e-07
 5.69587e-07
 5.19125e-07
 4.71700e-07
 4.28102e-07
 3.88577e-07
 3.53053e-07
 3.21287e-07
 2.92960e-07
 2.67723e-07
 2.45236e-07
 2.25180e-07
 2.07266e-07
 1.91235e-07
 1.76858e-07
 1.63936e-07
 1.52295e-07
 1.41781e-07
 1.32264e-07
 1.23628e-07
