scalar
part
         1
quad4
 3.39430e-07
 3.28175e-07
 3.13247e-07
 2.96348e-07
 2.78658e-07
 2.60964e-07
 2.43765e-07
 2.27364e-07
 2.11925e-07
 1.97519e-07
 1.84160e-07
 1.71820e-07
 1.60453e-07
 1.49999e-07
 1.40392e-07
 1.31565e-07
 1.23454e-07
 1.15996e-07
 1.09133e-07
 1.02812e-07
 4.20706e-07
 3.97515e-07
 3.71962e-07
 3.45878e-07
 3.20387e-07
 2.96140e-07
 2.73473e-07
 2.52522e-07
 2.33300e-07
 2.15747e-07
 1.99765e-07
 1.85234e-07
 1.72031e-07
 1.60032e-07
 1.49122e-07
 1.39191e-07
 1.30141e-07
 1.21881e-07
 1.14331e-07
 1.07420e-07
 5.21096e-07
 4.80341e-07
 4.40099e-07
 4.01937e-07
 3.66608e-07
 3.34380e-07
 3.05246e-07
 2.79048e-07
 2.55559e-07
 2.34524e-07
 2.15687e-07
 1.98807e-07
 1.83659e-07
 1.70044e-07
 1.57783e-07
 1.46718e-07
 1.36710e-07
 1.27640e-07
 1.19400e-07
 1.11897e-07
 6.43341e-07
 5.77629e-07
 5.17733e-07
 4.64181e-07
 4.16809e-07
 3.75138e-07
 3.38567e-07
 3.06483e-07
 2.78306e-07
 2.53513e-07
 2.31645e-07
 2.12302e-07
 1.95142e-07
 1.79871e-07
 1.66239e-07
 1.54032e-07
 1.43069e-07
 1.33193e-07
 1.24272e-07
 1.16189e-07
 7.88927e-07
 6.89182e-07
 6.04003e-07
 5.31564e-07
 4.69978e-07
 4.17515e-07
 3.72675e-07
 3.34195e-07
 3.01024e-07
 2.72295e-07
 2.47298e-07
 2.25446e-07
 2.06256e-07
 1.89332e-07
 1.74343e-07
 1.61014e-07
 1.49117e-07
 1.38460e-07
 1.28879e-07
 1.20239e-07
 9.56727e-07
 8.12877e-07
 6.96708e-07
 6.02140e-07
 5.24502e-07
 4.60219e-07
 4.06550e-07
 3.61385e-07
 3.23087e-07
 2.90381e-07
 2.62261e-07
 2.37933e-07
 2.16761e-07
 1.98234e-07
 1.81939e-07
 1.67537e-07
 1.54752e-07
 1.43354e-07
 1.33153e-07
 1.23989e-07
 1.14135e-06
 9.43877e-07
 7.91967e-07
 6.72930e-07
 5.78139e-07
 5.01572e-07
 4.38936e-07
 3.87109e-07
 3.43783e-07
 3.07225e-07
 2.76116e-07
 2.49439e-07
 2.26402e-07
 2.06377e-07
 1.88868e-07
 1.73475e-07
 1.59872e-07
 1.47795e-07
 1.37026e-07
 1.27384e-07
 1.33157e-06
 1.07410e-06
 8.84093e-07
 7.39955e-07
 6.28092e-07
 5.39591e-07
 4.68410e-07
 4.10334e-07
 3.62351e-07
 3.22262e-07
 2.88437e-07
 2.59641e-07
 2.34929e-07
 2.13567e-07
 1.94979e-07
 1.78706e-07
 1.64380e-07
 1.51704e-07
 1.40434e-07
 1.30372e-07
 1.50962e-06
 1.19230e-06
 9.65887e-07
 7.98517e-07
 6.71231e-07
 5.72148e-07
 4.93496e-07
 4.30016e-07
 3.78039e-07
 3.34944e-07
 2.98816e-07
 2.68230e-07
 2.42109e-07
 2.19624e-07
 2.00130e-07
 1.83119e-07
 1.68188e-07
 1.55010e-07
 1.43322e-07
 1.32906e-07
 1.65246e-06
 1.28532e-06
 1.02952e-06
 8.43782e-07
 7.04469e-07
 5.97208e-07
 5.12819e-07
 4.45203e-07
 3.90175e-07
 3.44783e-07
 3.06896e-07
 2.74942e-07
 2.47741e-07
 2.24393e-07
 2.04201e-07
 1.86622e-07
 1.71221e-07
 1.57654e-07
 1.45639e-07
 1.34949e-07
 1.73656e-06
 1.34079e-06
 1.06804e-06
 8.71618e-07
 7.25240e-07
 6.13120e-07
 5.25277e-07
 4.55140e-07
 3.98228e-07
 3.51401e-07
 3.12400e-07
 2.79569e-07
 2.51668e-07
 2.27754e-07
 2.07101e-07
 1.89141e-07
 1.73423e-07
 1.59590e-07
 1.47350e-07
 1.36468e-07
 1.74628e-06
 1.35079e-06
 1.07709e-06
 8.79480e-07
 7.31976e-07
 6.18872e-07
 5.30198e-07
 4.59365e-07
 4.01873e-07
 3.54561e-07
 3.15155e-07
 2.81982e-07
 2.53792e-07
 2.29632e-07
 2.08769e-07
 1.90628e-07
 1.74755e-07
 1.60786e-07
 1.48429e-07
 1.37445e-07
 1.68130e-06
 1.31482e-06
 1.05625e-06
 8.67035e-07
 7.24422e-07
 6.14273e-07
 5.27434e-07
 4.57765e-07
 4.01021e-07
 3.54195e-07
 3.15104e-07
 2.82136e-07
 2.54076e-07
 2.29997e-07
 2.09181e-07
 1.91065e-07
 1.75200e-07
 1.61231e-07
 1.48865e-07
 1.37868e-07
 1.55693e-06
 1.24001e-06
 1.00911e-06
 8.36225e-07
 7.03681e-07
 5.99973e-07
 5.17382e-07
 4.50587e-07
 3.95831e-07
 3.50405e-07
 3.12317e-07
 2.80077e-07
 2.52552e-07
 2.28870e-07
 2.08351e-07
 1.90459e-07
 1.74766e-07
 1.60926e-07
 1.48661e-07
 1.37740e-07
 1.39686e-06
 1.13840e-06
 9.42189e-07
 7.90753e-07
 6.71954e-07
 5.77330e-07
 5.00906e-07
 4.38396e-07
 3.86680e-07
 3.43450e-07
 3.06973e-07
 2.75931e-07
 2.49310e-07
 2.26317e-07
 2.06329e-07
 1.88849e-07
 1.73478e-07
 1.59893e-07
 1.47831e-07
 1.37072e-07
 1.22424e-06
 1.02306e-06
 8.63100e-07
 7.35204e-07
 6.32089e-07
 5.48166e-07
 4.79202e-07
 4.21998e-07
 3.74122e-07
 3.33716e-07
 2.99347e-07
 2.69898e-07
 2.44496e-07
 2.22445e-07
 2.03194e-07
 1.86294e-07
 1.71384e-07
 1.58169e-07
 1.46404e-07
 1.35887e-07
 1.05622e-06
 9.05090e-07
 7.78936e-07
 6.74154e-07
 5.87083e-07
 5.14478e-07
 4.53629e-07
 4.02330e-07
 3.58816e-07
 3.21675e-07
 2.89780e-07
 2.62229e-07
 2.38296e-07
 2.17396e-07
 1.99053e-07
 1.82877e-07
 1.68548e-07
 1.55802e-07
 1.44419e-07
 1.34215e-07
 9.02837e-07
 7.92249e-07
 6.95291e-07
 6.11530e-07
 5.39680e-07
 4.78192e-07
 4.25545e-07
 3.80365e-07
 3.41465e-07
 3.07840e-07
 2.78653e-07
 2.53206e-07
 2.30926e-07
 2.11333e-07
 1.94033e-07
 1.78695e-07
 1.65045e-07
 1.52853e-07
 1.41924e-07
 1.32095e-07
 7.68381e-07
 6.89024e-07
 6.15968e-07
 5.50309e-07
 4.92126e-07
 4.40978e-07
 3.96190e-07
 3.57022e-07
 3.22754e-07
 2.92726e-07
 2.66354e-07
 2.43128e-07
 2.22612e-07
 2.04432e-07
 1.88271e-07
 1.73858e-07
 1.60963e-07
 1.49391e-07
 1.38974e-07
 1.29571e-07
 6.53449e-07
 5.97365e-07
 5.43162e-07
 4.92483e-07
 4.46085e-07
 4.04167e-07
 3.66606e-07
 3.33109e-07
 3.03309e-07
 2.76817e-07
 2.53259e-07
 2.32286e-07
 2.13584e-07
 1.96874e-07
 1.81910e-07
 1.68477e-07
 1.56391e-07
 1.45488e-07
 1.35629e-07
 1.26692e-07
