scalar
part
         1
quad4
 5.24251e-07
 4.85184e-07
 4.46131e-07
 4.08663e-07
 3.73629e-07
 3.41408e-07
 3.12086e-07
 2.85577e-07
 2.61705e-07
 2.40252e-07
 2.20987e-07
 2.03684e-07
 1.88129e-07
 1.74129e-07
 1.61508e-07
 1.50109e-07
 1.39793e-07
 1.30440e-07
 1.21942e-07
 1.14204e-07
 6.22886e-07
 5.65369e-07
 5.11056e-07
 4.61211e-07
 4.16248e-07
 3.76098e-07
 3.40452e-07
 3.08892e-07
 2.80974e-07
 2.56265e-07
 2.34369e-07
 2.14928e-07
 1.97628e-07
 1.82195e-07
 1.68391e-07
 1.56010e-07
 1.44877e-07
 1.34838e-07
 1.25762e-07
 1.17535e-07
 7.39870e-07
 6.57141e-07
 5.83111e-07
 5.18010e-07
 4.61278e-07
 4.12041e-07
 3.69350e-07
 3.32298e-07
 3.00070e-07
 2.71958e-07
 2.47354e-07
 2.25744e-07
 2.06694e-07
 1.89839e-07
 1.74873e-07
 1.61537e-07
 1.49612e-07
 1.38915e-07
 1.29289e-07
 1.20599e-07
 8.75699e-07
 7.59598e-07
 6.60956e-07
 5.77704e-07
 5.07518e-07
 4.48230e-07
 3.97960e-07
 3.55138e-07
 3.18474e-07
 2.86917e-07
 2.59614e-07
 2.35869e-07
 2.15117e-07
 1.96894e-07
 1.80819e-07
 1.66579e-07
 1.53912e-07
 1.42601e-07
 1.32463e-07
 1.23346e-07
 1.02818e-06
 8.69896e-07
 7.41953e-07
 6.38107e-07
 5.53240e-07
 4.83329e-07
 4.25259e-07
 3.76630e-07
 3.35585e-07
 3.00682e-07
 2.70792e-07
 2.45027e-07
 2.22682e-07
 2.03189e-07
 1.86095e-07
 1.71029e-07
 1.57689e-07
 1.45824e-07
 1.35229e-07
 1.25731e-07
 1.19078e-06
 9.82556e-07
 8.21925e-07
 6.96146e-07
 5.96209e-07
 5.15715e-07
 4.50064e-07
 3.95905e-07
 3.50758e-07
 3.12768e-07
 2.80524e-07
 2.52940e-07
 2.29173e-07
 2.08559e-07
 1.90570e-07
 1.74785e-07
 1.60861e-07
 1.48519e-07
 1.37532e-07
 1.27709e-07
 1.35123e-06
 1.08918e-06
 8.95223e-07
 7.48009e-07
 6.33827e-07
 5.43592e-07
 4.71114e-07
 4.12063e-07
 3.63345e-07
 3.22702e-07
 2.88456e-07
 2.59342e-07
 2.34390e-07
 2.12847e-07
 1.94124e-07
 1.77751e-07
 1.63354e-07
 1.50628e-07
 1.39325e-07
 1.29242e-07
 1.49169e-06
 1.17906e-06
 9.55267e-07
 7.89542e-07
 6.63398e-07
 5.65168e-07
 4.87189e-07
 4.24259e-07
 3.72748e-07
 3.30053e-07
 2.94276e-07
 2.64002e-07
 2.38158e-07
 2.15923e-07
 1.96655e-07
 1.79851e-07
 1.65107e-07
 1.52101e-07
 1.40571e-07
 1.30301e-07
 1.59178e-06
 1.24107e-06
 9.95637e-07
 8.16879e-07
 6.82508e-07
 5.78884e-07
 4.97256e-07
 4.31792e-07
 3.78478e-07
 3.34476e-07
 2.97734e-07
 2.66736e-07
 2.40343e-07
 2.17684e-07
 1.98087e-07
 1.81023e-07
 1.66073e-07
 1.52903e-07
 1.41239e-07
 1.30862e-07
 1.63429e-06
 1.26633e-06
 1.01146e-06
 8.27181e-07
 6.89429e-07
 5.83651e-07
 5.00606e-07
 4.34185e-07
 3.80210e-07
 3.35743e-07
 2.98668e-07
 2.67429e-07
 2.40857e-07
 2.18066e-07
 1.98370e-07
 1.81231e-07
 1.66225e-07
 1.53011e-07
 1.41314e-07
 1.30910e-07
 1.61125e-06
 1.25089e-06
 1.00058e-06
 8.19232e-07
 6.83438e-07
 5.79022e-07
 4.96955e-07
 4.31254e-07
 3.77821e-07
 3.33770e-07
 2.97019e-07
 2.66037e-07
 2.39672e-07
 2.17048e-07
 1.97489e-07
 1.80464e-07
 1.65552e-07
 1.52418e-07
 1.40789e-07
 1.30443e-07
 1.52667e-06
 1.19679e-06
 9.64170e-07
 7.93713e-07
 6.64960e-07
 5.65274e-07
 4.86488e-07
 4.23126e-07
 3.71401e-07
 3.28622e-07
 2.92837e-07
 2.62598e-07
 2.36814e-07
 2.14651e-07
 1.95461e-07
 1.78734e-07
 1.64067e-07
 1.51134e-07
 1.39672e-07
 1.29466e-07
 1.39467e-06
 1.11139e-06
 9.06311e-07
 7.53040e-07
 6.35485e-07
 5.43360e-07
 4.69837e-07
 4.10232e-07
 3.61250e-07
 3.20513e-07
 2.86275e-07
 2.57226e-07
 2.32371e-07
 2.10941e-07
 1.92336e-07
 1.76082e-07
 1.61799e-07
 1.49183e-07
 1.37983e-07
 1.27995e-07
 1.23461e-06
 1.00520e-06
 8.33049e-07
 7.00851e-07
 5.97292e-07
 5.14758e-07
 4.47986e-07
 3.93245e-07
 3.47839e-07
 3.09781e-07
 2.77580e-07
 2.50103e-07
 2.26478e-07
 2.06021e-07
 1.88194e-07
 1.72569e-07
 1.58799e-07
 1.46603e-07
 1.35752e-07
 1.26056e-07
 1.06561e-06
 8.89272e-07
 7.51058e-07
 6.41317e-07
 5.53069e-07
 4.81250e-07
 4.22146e-07
 3.73007e-07
 3.31766e-07
 2.96854e-07
 2.67065e-07
 2.41463e-07
 2.19311e-07
 2.00026e-07
 1.83140e-07
 1.68276e-07
 1.55129e-07
 1.43446e-07
 1.33021e-07
 1.23680e-07
 9.02645e-07
 7.73143e-07
 6.66478e-07
 5.78475e-07
 5.05526e-07
 4.44688e-07
 3.93610e-07
 3.50433e-07
 3.13689e-07
 2.82216e-07
 2.55092e-07
 2.31576e-07
 2.11077e-07
 1.93114e-07
 1.77295e-07
 1.63301e-07
 1.50866e-07
 1.39773e-07
 1.29839e-07
 1.20909e-07
 7.55006e-07
 6.63639e-07
 5.84163e-07
 5.15746e-07
 4.57082e-07
 4.06799e-07
 3.63620e-07
 3.26431e-07
 2.94279e-07
 2.66368e-07
 2.42035e-07
 2.20730e-07
 2.01997e-07
 1.85457e-07
 1.70796e-07
 1.57749e-07
 1.46097e-07
 1.35653e-07
 1.26261e-07
 1.17788e-07
 6.26877e-07
 5.64763e-07
 5.07406e-07
 4.55689e-07
 4.09680e-07
 3.69044e-07
 3.33277e-07
 3.01829e-07
 2.74164e-07
 2.49788e-07
 2.28265e-07
 2.09210e-07
 1.92295e-07
 1.77233e-07
 1.63782e-07
 1.51734e-07
 1.40910e-07
 1.31159e-07
 1.22348e-07
 1.14365e-07
 5.18823e-07
 4.78182e-07
 4.38049e-07
 3.99974e-07
 3.64718e-07
 3.32554e-07
 3.03478e-07
 2.77335e-07
 2.53899e-07
 2.32914e-07
 2.14125e-07
 1.97290e-07
 1.82186e-07
 1.68614e-07
 1.56393e-07
 1.45367e-07
 1.35398e-07
 1.26364e-07
 1.18160e-07
 1.10692e-07
 4.29342e-07
 4.03959e-07
 3.76796e-07
 3.49500e-07
 3.23083e-07
 2.98121e-07
 2.74898e-07
 2.53510e-07
 2.33944e-07
 2.16119e-07
 1.99919e-07
 1.85215e-07
 1.71872e-07
 1.59762e-07
 1.48761e-07
 1.38758e-07
 1.29650e-07
 1.21344e-07
 1.13758e-07
 1.06818e-07
