scalar
part
         1
quad4
 4.33782e-07
 4.07230e-07
 3.79126e-07
 3.51083e-07
 3.24084e-07
 2.98671e-07
 2.75103e-07
 2.53454e-07
 2.33691e-07
 2.15720e-07
 1.99413e-07
 1.84632e-07
 1.71236e-07
 1.59091e-07
 1.48069e-07
 1.38055e-07
 1.28943e-07
 1.20641e-07
 1.13063e-07
 1.06134e-07
 5.22921e-07
 4.80980e-07
 4.39842e-07
 4.01007e-07
 3.65181e-07
 3.32596e-07
 3.03213e-07
 2.76850e-07
 2.53258e-07
 2.32166e-07
 2.13306e-07
 1.96427e-07
 1.81300e-07
 1.67718e-07
 1.55499e-07
 1.44483e-07
 1.34529e-07
 1.25514e-07
 1.17332e-07
 1.09887e-07
 6.30284e-07
 5.66777e-07
 5.08403e-07
 4.55958e-07
 4.09436e-07
 3.68445e-07
 3.32439e-07
 3.00834e-07
 2.73072e-07
 2.48641e-07
 2.27094e-07
 2.08037e-07
 1.91133e-07
 1.76094e-07
 1.62672e-07
 1.50657e-07
 1.39869e-07
 1.30154e-07
 1.21381e-07
 1.13436e-07
 7.57206e-07
 6.64448e-07
 5.84032e-07
 5.14996e-07
 4.55937e-07
 4.05411e-07
 3.62097e-07
 3.24841e-07
 2.92671e-07
 2.64774e-07
 2.40475e-07
 2.19217e-07
 2.00538e-07
 1.84057e-07
 1.69455e-07
 1.56469e-07
 1.44875e-07
 1.34488e-07
 1.25151e-07
 1.16730e-07
 9.02905e-07
 7.72194e-07
 6.64812e-07
 5.76410e-07
 5.03265e-07
 4.42357e-07
 3.91287e-07
 3.48166e-07
 3.11505e-07
 2.80130e-07
 2.53109e-07
 2.29699e-07
 2.09302e-07
 1.91438e-07
 1.75714e-07
 1.61808e-07
 1.49458e-07
 1.38443e-07
 1.28581e-07
 1.19720e-07
 1.06295e-06
 8.85886e-07
 7.47391e-07
 6.37619e-07
 5.49474e-07
 4.77824e-07
 4.18920e-07
 3.69989e-07
 3.28954e-07
 2.94238e-07
 2.64633e-07
 2.39202e-07
 2.17206e-07
 1.98064e-07
 1.81310e-07
 1.66567e-07
 1.53529e-07
 1.41947e-07
 1.31614e-07
 1.22357e-07
 1.22780e-06
 9.98607e-07
 8.26901e-07
 6.95214e-07
 5.92164e-07
 5.10108e-07
 4.43770e-07
 3.89419e-07
 3.44360e-07
 3.06609e-07
 2.74680e-07
 2.47445e-07
 2.24034e-07
 2.03768e-07
 1.86113e-07
 1.70640e-07
 1.57007e-07
 1.44935e-07
 1.34195e-07
 1.24600e-07
 1.38241e-06
 1.10087e-06
 8.97261e-07
 7.45216e-07
 6.28677e-07
 5.37396e-07
 4.64577e-07
 4.05565e-07
 3.57083e-07
 3.16774e-07
 2.82902e-07
 2.54169e-07
 2.29588e-07
 2.08398e-07
 1.90004e-07
 1.73935e-07
 1.59817e-07
 1.47347e-07
 1.36278e-07
 1.26409e-07
 1.50790e-06
 1.18182e-06
 9.51960e-07
 7.83573e-07
 6.56409e-07
 5.57967e-07
 4.80174e-07
 4.17616e-07
 3.66551e-07
 3.24321e-07
 2.88996e-07
 2.59148e-07
 2.33699e-07
 2.11824e-07
 1.92884e-07
 1.76375e-07
 1.61900e-07
 1.49136e-07
 1.37824e-07
 1.27752e-07
 1.58567e-06
 1.23140e-06
 9.85233e-07
 8.06820e-07
 6.73191e-07
 5.70417e-07
 4.89625e-07
 4.24935e-07
 3.72316e-07
 3.28931e-07
 2.92733e-07
 2.62212e-07
 2.36239e-07
 2.13949e-07
 1.94678e-07
 1.77902e-07
 1.63208e-07
 1.50264e-07
 1.38804e-07
 1.28607e-07
 1.60270e-06
 1.24285e-06
 9.93309e-07
 8.12737e-07
 6.77659e-07
 5.73874e-07
 4.92356e-07
 4.27129e-07
 3.74106e-07
 3.30411e-07
 2.93970e-07
 2.63258e-07
 2.37130e-07
 2.14715e-07
 1.95340e-07
 1.78479e-07
 1.63714e-07
 1.50711e-07
 1.39199e-07
 1.28959e-07
 1.55606e-06
 1.21465e-06
 9.75349e-07
 8.00824e-07
 6.69497e-07
 5.68133e-07
 4.88226e-07
 4.24103e-07
 3.71854e-07
 3.28711e-07
 2.92672e-07
 2.62256e-07
 2.36351e-07
 2.14104e-07
 1.94859e-07
 1.78098e-07
 1.63410e-07
 1.50468e-07
 1.39005e-07
 1.28804e-07
 1.45427e-06
 1.15111e-06
 9.33677e-07
 7.72415e-07
 6.49507e-07
 5.53691e-07
 4.77558e-07
 4.16069e-07
 3.65701e-07
 3.23930e-07
 2.88908e-07
 2.59258e-07
 2.33938e-07
 2.12144e-07
 1.93253e-07
 1.76772e-07
 1.62308e-07
 1.49546e-07
 1.38229e-07
 1.28147e-07
 1.31434e-06
 1.06105e-06
 8.73203e-07
 7.30385e-07
 6.19448e-07
 5.31666e-07
 4.61080e-07
 4.03517e-07
 3.55986e-07
 3.16304e-07
 2.82847e-07
 2.54387e-07
 2.29982e-07
 2.08903e-07
 1.90574e-07
 1.74541e-07
 1.60437e-07
 1.47967e-07
 1.36888e-07
 1.27002e-07
 1.15605e-06
 9.55361e-07
 8.00241e-07
 6.78556e-07
 5.81719e-07
 5.03611e-07
 4.39828e-07
 3.87152e-07
 3.43200e-07
 3.06184e-07
 2.74742e-07
 2.47826e-07
 2.24621e-07
 2.04483e-07
 1.86902e-07
 1.71467e-07
 1.57846e-07
 1.45769e-07
 1.35013e-07
 1.25394e-07
 9.96499e-07
 8.44389e-07
 7.21182e-07
 6.20988e-07
 5.38964e-07
 4.71292e-07
 4.15006e-07
 3.67813e-07
 3.27937e-07
 2.93996e-07
 2.64905e-07
 2.39810e-07
 2.18030e-07
 1.99019e-07
 1.82338e-07
 1.67628e-07
 1.54597e-07
 1.43002e-07
 1.32644e-07
 1.23355e-07
 8.47394e-07
 7.36185e-07
 6.41475e-07
 5.61372e-07
 4.93714e-07
 4.36464e-07
 3.87850e-07
 3.46384e-07
 3.10838e-07
 2.80212e-07
 2.53688e-07
 2.30601e-07
 2.10409e-07
 1.92664e-07
 1.77002e-07
 1.63119e-07
 1.50763e-07
 1.39724e-07
 1.29827e-07
 1.20921e-07
 7.14896e-07
 6.35961e-07
 5.65119e-07
 5.02666e-07
 4.48126e-07
 4.00702e-07
 3.59514e-07
 3.23714e-07
 2.92535e-07
 2.65306e-07
 2.41449e-07
 2.20475e-07
 2.01969e-07
 1.85584e-07
 1.71024e-07
 1.58042e-07
 1.46427e-07
 1.36002e-07
 1.26615e-07
 1.18138e-07
 6.00993e-07
 5.46384e-07
 4.94615e-07
 4.46959e-07
 4.03860e-07
 3.65293e-07
 3.30987e-07
 3.00564e-07
 2.73612e-07
 2.49727e-07
 2.28536e-07
 2.09702e-07
 1.92925e-07
 1.77946e-07
 1.64538e-07
 1.52503e-07
 1.41674e-07
 1.31903e-07
 1.23065e-07
 1.15050e-07
 5.05104e-07
 4.68253e-07
 4.31212e-07
 3.95531e-07
 3.62064e-07
 3.31204e-07
 3.03059e-07
 2.77567e-07
 2.54573e-07
 2.33878e-07
 2.15270e-07
 1.98537e-07
 1.83480e-07
 1.69914e-07
 1.57674e-07
 1.46610e-07
 1.36591e-07
 1.27501e-07
 1.19236e-07
 1.11706e-07
