scalar
part
         1
quad4
 6.60618e-07
 6.03729e-07
 5.48793e-07
 4.97460e-07
 4.50484e-07
 4.08060e-07
 3.70059e-07
 3.36179e-07
 3.06046e-07
 2.79265e-07
 2.55456e-07
 2.34264e-07
 2.15371e-07
 1.98493e-07
 1.83381e-07
 1.69819e-07
 1.57618e-07
 1.46613e-07
 1.36664e-07
 1.27646e-07
 7.76444e-07
 6.96063e-07
 6.22102e-07
 5.55656e-07
 4.96796e-07
 4.45067e-07
 3.99783e-07
 3.60190e-07
 3.25559e-07
 2.95220e-07
 2.68580e-07
 2.45123e-07
 2.24407e-07
 2.06053e-07
 1.89739e-07
 1.75193e-07
 1.62181e-07
 1.50506e-07
 1.39998e-07
 1.30513e-07
 9.11886e-07
 7.99998e-07
 7.01931e-07
 6.17233e-07
 5.44596e-07
 4.82450e-07
 4.29251e-07
 3.83607e-07
 3.44315e-07
 3.10359e-07
 2.80890e-07
 2.55203e-07
 2.32715e-07
 2.12944e-07
 1.95488e-07
 1.80016e-07
 1.66248e-07
 1.53952e-07
 1.42931e-07
 1.33021e-07
 1.06632e-06
 9.13556e-07
 7.86056e-07
 6.80173e-07
 5.92204e-07
 5.18864e-07
 4.57410e-07
 4.05612e-07
 3.61683e-07
 3.24195e-07
 2.92008e-07
 2.64209e-07
 2.40065e-07
 2.18984e-07
 2.00485e-07
 1.84173e-07
 1.69726e-07
 1.56877e-07
 1.45403e-07
 1.35119e-07
 1.23541e-06
 1.03220e-06
 8.70633e-07
 7.41470e-07
 6.37348e-07
 5.52621e-07
 4.83010e-07
 4.25279e-07
 3.76972e-07
 3.36208e-07
 3.01541e-07
 2.71842e-07
 2.46228e-07
 2.23997e-07
 2.04590e-07
 1.87556e-07
 1.72530e-07
 1.59213e-07
 1.47359e-07
 1.36764e-07
 1.40902e-06
 1.14808e-06
 9.50013e-07
 7.97155e-07
 6.77260e-07
 5.81781e-07
 5.04679e-07
 4.41628e-07
 3.89473e-07
 3.45883e-07
 3.09108e-07
 2.77818e-07
 2.50988e-07
 2.27817e-07
 2.07678e-07
 1.90067e-07
 1.74583e-07
 1.60900e-07
 1.48751e-07
 1.37917e-07
 1.56983e-06
 1.25002e-06
 1.01703e-06
 8.42612e-07
 7.08916e-07
 6.04327e-07
 5.21050e-07
 4.53713e-07
 3.98522e-07
 3.52744e-07
 3.14366e-07
 2.81884e-07
 2.54157e-07
 2.30305e-07
 2.09641e-07
 1.91624e-07
 1.75822e-07
 1.61888e-07
 1.49541e-07
 1.38548e-07
 1.69448e-06
 1.32480e-06
 1.06401e-06
 8.73215e-07
 7.29446e-07
 6.18427e-07
 5.30920e-07
 4.60728e-07
 4.03568e-07
 3.56405e-07
 3.17039e-07
 2.83843e-07
 2.55593e-07
 2.31353e-07
 2.10400e-07
 1.92166e-07
 1.76200e-07
 1.62142e-07
 1.49699e-07
 1.38634e-07
 1.75901e-06
 1.36025e-06
 1.08437e-06
 8.85236e-07
 7.36636e-07
 6.22718e-07
 5.33423e-07
 4.62106e-07
 4.04231e-07
 3.56609e-07
 3.16950e-07
 2.83568e-07
 2.55202e-07
 2.30895e-07
 2.09906e-07
 1.91657e-07
 1.75690e-07
 1.61640e-07
 1.49212e-07
 1.38165e-07
 1.74791e-06
 1.34918e-06
 1.07449e-06
 8.76730e-07
 7.29391e-07
 6.16556e-07
 5.28169e-07
 4.57607e-07
 4.00357e-07
 3.53257e-07
 3.14032e-07
 2.81016e-07
 2.52958e-07
 2.28913e-07
 2.08147e-07
 1.90089e-07
 1.74288e-07
 1.60381e-07
 1.48077e-07
 1.37138e-07
 1.66155e-06
 1.29216e-06
 1.03486e-06
 8.48067e-07
 7.07988e-07
 6.00151e-07
 5.15317e-07
 4.47351e-07
 3.92042e-07
 3.46422e-07
 3.08346e-07
 2.76234e-07
 2.48899e-07
 2.25437e-07
 2.05148e-07
 1.87484e-07
 1.72010e-07
 1.58378e-07
 1.46306e-07
 1.35566e-07
 1.51592e-06
 1.19728e-06
 9.69922e-07
 8.01853e-07
 6.74035e-07
 5.74539e-07
 4.95560e-07
 4.31815e-07
 3.79622e-07
 3.36347e-07
 3.00069e-07
 2.69356e-07
 2.43126e-07
 2.20547e-07
 2.00971e-07
 1.83890e-07
 1.68896e-07
 1.55663e-07
 1.43926e-07
 1.33467e-07
 1.33505e-06
 1.07717e-06
 8.86779e-07
 7.42303e-07
 6.30151e-07
 5.41406e-07
 4.70019e-07
 4.11768e-07
 3.63636e-07
 3.23420e-07
 2.89485e-07
 2.60593e-07
 2.35798e-07
 2.14364e-07
 1.95711e-07
 1.79381e-07
 1.65005e-07
 1.52284e-07
 1.40974e-07
 1.30875e-07
 1.14239e-06
 9.45216e-07
 7.93388e-07
 6.74330e-07
 5.79471e-07
 5.02819e-07
 4.40094e-07
 3.88179e-07
 3.44770e-07
 3.08136e-07
 2.76957e-07
 2.50217e-07
 2.27122e-07
 2.07046e-07
 1.89490e-07
 1.74054e-07
 1.60412e-07
 1.48300e-07
 1.37499e-07
 1.27828e-07
 9.55906e-07
 8.12796e-07
 6.97039e-07
 6.02694e-07
 5.25169e-07
 4.60935e-07
 4.07279e-07
 3.62104e-07
 3.23785e-07
 2.91050e-07
 2.62898e-07
 2.38537e-07
 2.17333e-07
 1.98775e-07
 1.82449e-07
 1.68019e-07
 1.55208e-07
 1.43785e-07
 1.33560e-07
 1.24374e-07
 7.86833e-07
 6.88036e-07
 6.03462e-07
 5.31408e-07
 4.70067e-07
 4.17759e-07
 3.73014e-07
 3.34590e-07
 3.01450e-07
 2.72736e-07
 2.47741e-07
 2.25884e-07
 2.06685e-07
 1.89748e-07
 1.74745e-07
 1.61401e-07
 1.49489e-07
 1.38816e-07
 1.29220e-07
 1.20565e-07
 6.40466e-07
 5.75748e-07
 5.16541e-07
 4.63464e-07
 4.16422e-07
 3.74978e-07
 3.38564e-07
 3.06588e-07
 2.78485e-07
 2.53742e-07
 2.31906e-07
 2.12583e-07
 1.95434e-07
 1.80168e-07
 1.66537e-07
 1.54327e-07
 1.43359e-07
 1.33477e-07
 1.24548e-07
 1.16458e-07
 5.17805e-07
 4.77998e-07
 4.38453e-07
 4.00801e-07
 3.65845e-07
 3.33889e-07
 3.04954e-07
 2.78902e-07
 2.55520e-07
 2.34563e-07
 2.15782e-07
 1.98942e-07
 1.83824e-07
 1.70229e-07
 1.57981e-07
 1.46925e-07
 1.36922e-07
 1.27854e-07
 1.19613e-07
 1.12109e-07
 4.17253e-07
 3.94916e-07
 3.70024e-07
 3.44445e-07
 3.19341e-07
 2.95389e-07
 2.72945e-07
 2.52165e-07
 2.33072e-07
 2.15619e-07
 1.99712e-07
 1.85239e-07
 1.72079e-07
 1.60114e-07
 1.49228e-07
 1.39316e-07
 1.30279e-07
 1.22029e-07
 1.14486e-07
 1.07578e-07
 3.35977e-07
 3.25467e-07
 3.11141e-07
 2.94722e-07
 2.77411e-07
 2.60014e-07
 2.43051e-07
 2.26834e-07
 2.11540e-07
 1.97248e-07
 1.83977e-07
 1.71708e-07
 1.60397e-07
 1.49986e-07
 1.40413e-07
 1.31613e-07
 1.23523e-07
 1.16081e-07
 1.09230e-07
 1.02919e-07
