scalar
part
         1
quad4
 3.51051e-07
 3.38544e-07
 3.22415e-07
 3.04409e-07
 2.85727e-07
 2.67158e-07
 2.49199e-07
 2.32140e-07
 2.16134e-07
 2.01240e-07
 1.87460e-07
 1.74759e-07
 1.63080e-07
 1.52354e-07
 1.42512e-07
 1.33480e-07
 1.25189e-07
 1.17574e-07
 1.10572e-07
 1.04129e-07
 4.34239e-07
 4.09323e-07
 3.82188e-07
 3.54702e-07
 3.27999e-07
 3.02716e-07
 2.79170e-07
 2.57475e-07
 2.37624e-07
 2.19540e-07
 2.03106e-07
 1.88191e-07
 1.74660e-07
 1.62380e-07
 1.51227e-07
 1.41086e-07
 1.31853e-07
 1.23435e-07
 1.15745e-07
 1.08711e-07
 5.36851e-07
 4.93725e-07
 4.51417e-07
 4.11505e-07
 3.74716e-07
 3.41279e-07
 3.11146e-07
 2.84123e-07
 2.59950e-07
 2.38345e-07
 2.19031e-07
 2.01750e-07
 1.86264e-07
 1.72360e-07
 1.59853e-07
 1.48576e-07
 1.38386e-07
 1.29157e-07
 1.20778e-07
 1.13154e-07
 6.61583e-07
 5.92647e-07
 5.30100e-07
 4.74405e-07
 4.25314e-07
 3.82264e-07
 3.44585e-07
 3.11605e-07
 2.82699e-07
 2.57309e-07
 2.34948e-07
 2.15195e-07
 1.97691e-07
 1.82131e-07
 1.68253e-07
 1.55837e-07
 1.44693e-07
 1.34661e-07
 1.25603e-07
 1.17402e-07
 8.09756e-07
 7.05733e-07
 6.17245e-07
 5.42262e-07
 4.78713e-07
 4.24727e-07
 3.78693e-07
 3.39269e-07
 3.05343e-07
 2.76004e-07
 2.50509e-07
 2.28248e-07
 2.08718e-07
 1.91509e-07
 1.76279e-07
 1.62746e-07
 1.50674e-07
 1.39865e-07
 1.30154e-07
 1.21399e-07
 9.79887e-07
 8.30590e-07
 7.10471e-07
 6.13011e-07
 5.33226e-07
 4.67327e-07
 4.12421e-07
 3.66296e-07
 3.27243e-07
 2.93933e-07
 2.65326e-07
 2.40600e-07
 2.19099e-07
 2.00299e-07
 1.83773e-07
 1.69177e-07
 1.56226e-07
 1.44685e-07
 1.34359e-07
 1.25087e-07
 1.16595e-06
 9.62002e-07
 8.05672e-07
 6.83545e-07
 5.86538e-07
 5.08345e-07
 4.44490e-07
 3.91730e-07
 3.47679e-07
 3.10547e-07
 2.78978e-07
 2.51927e-07
 2.28582e-07
 2.08302e-07
 1.90579e-07
 1.75005e-07
 1.61248e-07
 1.49038e-07
 1.38154e-07
 1.28412e-07
 1.35589e-06
 1.09145e-06
 8.96949e-07
 7.49779e-07
 6.35798e-07
 5.45773e-07
 4.73464e-07
 4.14533e-07
 3.65889e-07
 3.25281e-07
 2.91040e-07
 2.61907e-07
 2.36918e-07
 2.15326e-07
 1.96545e-07
 1.80109e-07
 1.65644e-07
 1.52848e-07
 1.41475e-07
 1.31322e-07
 1.53113e-06
 1.20739e-06
 9.76979e-07
 8.06971e-07
 6.77867e-07
 5.77484e-07
 4.97874e-07
 4.33668e-07
 3.81130e-07
 3.37592e-07
 3.01110e-07
 2.70236e-07
 2.43877e-07
 2.21193e-07
 2.01533e-07
 1.84380e-07
 1.69328e-07
 1.56045e-07
 1.44266e-07
 1.33771e-07
 1.66836e-06
 1.29665e-06
 1.03799e-06
 8.50346e-07
 7.09704e-07
 6.01481e-07
 5.16372e-07
 4.48203e-07
 3.92743e-07
 3.47006e-07
 3.08839e-07
 2.76655e-07
 2.49262e-07
 2.25753e-07
 2.05425e-07
 1.87729e-07
 1.72227e-07
 1.58572e-07
 1.46480e-07
 1.35723e-07
 1.74485e-06
 1.34731e-06
 1.07330e-06
 8.75938e-07
 7.28850e-07
 6.16179e-07
 5.27903e-07
 4.57417e-07
 4.00221e-07
 3.53159e-07
 3.13963e-07
 2.80967e-07
 2.52925e-07
 2.28891e-07
 2.08134e-07
 1.90083e-07
 1.74287e-07
 1.60384e-07
 1.48083e-07
 1.37147e-07
 1.74663e-06
 1.35229e-06
 1.07898e-06
 8.81446e-07
 7.33881e-07
 6.20661e-07
 5.31853e-07
 4.60885e-07
 4.03264e-07
 3.55834e-07
 3.16321e-07
 2.83051e-07
 2.54774e-07
 2.30537e-07
 2.09605e-07
 1.91401e-07
 1.75472e-07
 1.61453e-07
 1.49050e-07
 1.38025e-07
 1.67507e-06
 1.31189e-06
 1.05506e-06
 8.66791e-07
 7.24697e-07
 6.14830e-07
 5.28138e-07
 4.58537e-07
 4.01815e-07
 3.54984e-07
 3.15873e-07
 2.82876e-07
 2.54782e-07
 2.30668e-07
 2.09817e-07
 1.91666e-07
 1.75769e-07
 1.61768e-07
 1.49373e-07
 1.38348e-07
 1.54636e-06
 1.23380e-06
 1.00546e-06
 8.34115e-07
 7.02526e-07
 5.99418e-07
 5.17209e-07
 4.50657e-07
 3.96057e-07
 3.50729e-07
 3.12701e-07
 2.80495e-07
 2.52987e-07
 2.29311e-07
 2.08790e-07
 1.90891e-07
 1.75186e-07
 1.61334e-07
 1.49055e-07
 1.38120e-07
 1.38416e-06
 1.13016e-06
 9.36809e-07
 7.87223e-07
 6.69645e-07
 5.75839e-07
 4.99971e-07
 4.37843e-07
 3.86392e-07
 3.43346e-07
 3.06998e-07
 2.76046e-07
 2.49487e-07
 2.26536e-07
 2.06577e-07
 1.89115e-07
 1.73755e-07
 1.60175e-07
 1.48114e-07
 1.37353e-07
 1.21105e-06
 1.01389e-06
 8.56695e-07
 7.30712e-07
 6.28927e-07
 5.45940e-07
 4.77642e-07
 4.20915e-07
 3.73385e-07
 3.33231e-07
 2.99046e-07
 2.69734e-07
 2.44433e-07
 2.22458e-07
 2.03261e-07
 1.86402e-07
 1.71523e-07
 1.58329e-07
 1.46579e-07
 1.36072e-07
 1.04353e-06
 8.95755e-07
 7.72074e-07
 6.69101e-07
 5.83354e-07
 5.11720e-07
 4.51587e-07
 4.00821e-07
 3.57704e-07
 3.20863e-07
 2.89195e-07
 2.61817e-07
 2.38017e-07
 2.17219e-07
 1.98954e-07
 1.82838e-07
 1.68556e-07
 1.55846e-07
 1.44491e-07
 1.34309e-07
 8.91134e-07
 7.83233e-07
 6.88377e-07
 6.06237e-07
 5.35625e-07
 4.75082e-07
 4.23157e-07
 3.78530e-07
 3.40054e-07
 3.06758e-07
 2.77826e-07
 2.52579e-07
 2.30455e-07
 2.10985e-07
 1.93782e-07
 1.78522e-07
 1.64933e-07
 1.52790e-07
 1.41900e-07
 1.32102e-07
 7.57839e-07
 6.80586e-07
 6.09264e-07
 5.45004e-07
 4.87935e-07
 4.37668e-07
 3.93574e-07
 3.54953e-07
 3.21117e-07
 2.91431e-07
 2.65329e-07
 2.42320e-07
 2.21976e-07
 2.03935e-07
 1.87886e-07
 1.73563e-07
 1.60741e-07
 1.49229e-07
 1.38861e-07
 1.29497e-07
 6.44067e-07
 5.89615e-07
 5.36817e-07
 4.87320e-07
 4.41897e-07
 4.00776e-07
 3.63862e-07
 3.30888e-07
 3.01510e-07
 2.75360e-07
 2.52078e-07
 2.31330e-07
 2.12811e-07
 1.96249e-07
 1.81407e-07
 1.68075e-07
 1.56071e-07
 1.45236e-07
 1.35434e-07
 1.26543e-07
