scalar
part
         1
quad4
 3.58500e-07
 3.43360e-07
 3.25188e-07
 3.05629e-07
 2.85785e-07
 2.66360e-07
 2.47781e-07
 2.30283e-07
 2.13975e-07
 1.98883e-07
 1.84981e-07
 1.72215e-07
 1.60513e-07
 1.49797e-07
 1.39985e-07
 1.31000e-07
 1.22768e-07
 1.15217e-07
 1.08286e-07
 1.01915e-07
 4.40037e-07
 4.12318e-07
 3.83126e-07
 3.54164e-07
 3.26423e-07
 3.00429e-07
 2.76413e-07
 2.54423e-07
 2.34403e-07
 2.16240e-07
 1.99792e-07
 1.84907e-07
 1.71437e-07
 1.59239e-07
 1.48180e-07
 1.38142e-07
 1.29016e-07
 1.20706e-07
 1.13124e-07
 1.06195e-07
 5.39925e-07
 4.94007e-07
 4.49804e-07
 4.08646e-07
 3.71071e-07
 3.37170e-07
 3.06795e-07
 2.79680e-07
 2.55516e-07
 2.33988e-07
 2.14794e-07
 1.97657e-07
 1.82331e-07
 1.68594e-07
 1.56254e-07
 1.45143e-07
 1.35114e-07
 1.26040e-07
 1.17809e-07
 1.10327e-07
 6.60419e-07
 5.89047e-07
 5.25054e-07
 4.68571e-07
 4.19117e-07
 3.75977e-07
 3.38376e-07
 3.05576e-07
 2.76909e-07
 2.51787e-07
 2.29705e-07
 2.10233e-07
 1.93002e-07
 1.77704e-07
 1.64075e-07
 1.51893e-07
 1.40970e-07
 1.31144e-07
 1.22278e-07
 1.14256e-07
 8.02308e-07
 6.96790e-07
 6.07738e-07
 5.32731e-07
 4.69459e-07
 4.15905e-07
 3.70375e-07
 3.31475e-07
 2.98066e-07
 2.69224e-07
 2.44195e-07
 2.22366e-07
 2.03236e-07
 1.86395e-07
 1.71502e-07
 1.58278e-07
 1.46489e-07
 1.35940e-07
 1.26466e-07
 1.17930e-07
 9.63558e-07
 8.14605e-07
 6.95393e-07
 5.99054e-07
 5.20431e-07
 4.55646e-07
 4.01774e-07
 3.56587e-07
 3.18378e-07
 2.85823e-07
 2.57890e-07
 2.33765e-07
 2.12802e-07
 1.94482e-07
 1.78387e-07
 1.64178e-07
 1.51575e-07
 1.40349e-07
 1.30309e-07
 1.21296e-07
 1.13778e-06
 9.37219e-07
 7.83968e-07
 6.64520e-07
 5.69803e-07
 4.93558e-07
 4.31357e-07
 3.80008e-07
 3.37163e-07
 3.01069e-07
 2.70397e-07
 2.44126e-07
 2.21462e-07
 2.01780e-07
 1.84584e-07
 1.69476e-07
 1.56134e-07
 1.44296e-07
 1.33744e-07
 1.24301e-07
 1.31305e-06
 1.05640e-06
 8.67829e-07
 7.25255e-07
 6.14890e-07
 5.27751e-07
 4.57779e-07
 4.00765e-07
 3.53710e-07
 3.14434e-07
 2.81320e-07
 2.53148e-07
 2.28985e-07
 2.08109e-07
 1.89951e-07
 1.74061e-07
 1.60078e-07
 1.47708e-07
 1.36715e-07
 1.26900e-07
 1.47190e-06
 1.16135e-06
 9.40170e-07
 7.76865e-07
 6.52785e-07
 5.56263e-07
 4.79685e-07
 4.17905e-07
 3.67337e-07
 3.25421e-07
 2.90290e-07
 2.60554e-07
 2.35162e-07
 2.13308e-07
 1.94364e-07
 1.77834e-07
 1.63327e-07
 1.50524e-07
 1.39169e-07
 1.29051e-07
 1.59325e-06
 1.24017e-06
 9.93948e-07
 8.15020e-07
 6.80731e-07
 5.77282e-07
 4.95853e-07
 4.30583e-07
 3.77445e-07
 3.33599e-07
 2.96992e-07
 2.66110e-07
 2.39816e-07
 2.17242e-07
 1.97716e-07
 1.80714e-07
 1.65816e-07
 1.52690e-07
 1.41065e-07
 1.30720e-07
 1.65712e-06
 1.28234e-06
 1.02325e-06
 8.36213e-07
 6.96554e-07
 5.89408e-07
 5.05352e-07
 4.38162e-07
 3.83589e-07
 3.38650e-07
 3.01194e-07
 2.69643e-07
 2.42815e-07
 2.19809e-07
 1.99931e-07
 1.82638e-07
 1.67499e-07
 1.54170e-07
 1.42373e-07
 1.31882e-07
 1.65171e-06
 1.28189e-06
 1.02480e-06
 8.38516e-07
 6.99063e-07
 5.91875e-07
 5.07669e-07
 4.40290e-07
 3.85521e-07
 3.40392e-07
 3.02762e-07
 2.71053e-07
 2.44084e-07
 2.20952e-07
 2.00963e-07
 1.83571e-07
 1.68344e-07
 1.54938e-07
 1.43072e-07
 1.32520e-07
 1.57892e-06
 1.23953e-06
 9.98877e-07
 8.22042e-07
 6.88292e-07
 5.84681e-07
 5.02789e-07
 4.36945e-07
 3.83217e-07
 3.38806e-07
 3.01677e-07
 2.70324e-07
 2.43608e-07
 2.20658e-07
 2.00801e-07
 1.83504e-07
 1.68346e-07
 1.54989e-07
 1.43158e-07
 1.32631e-07
 1.45392e-06
 1.16262e-06
 9.49326e-07
 7.88927e-07
 6.65487e-07
 5.68582e-07
 4.91186e-07
 4.28435e-07
 3.76880e-07
 3.34027e-07
 2.98034e-07
 2.67520e-07
 2.41433e-07
 2.18960e-07
 1.99468e-07
 1.82453e-07
 1.67515e-07
 1.54331e-07
 1.42637e-07
 1.32218e-07
 1.29863e-06
 1.06251e-06
 8.82415e-07
 7.42802e-07
 6.32845e-07
 5.44957e-07
 4.73751e-07
 4.15349e-07
 3.66912e-07
 3.26334e-07
 2.92028e-07
 2.62782e-07
 2.37662e-07
 2.15934e-07
 1.97021e-07
 1.80462e-07
 1.65885e-07
 1.52989e-07
 1.41528e-07
 1.31297e-07
 1.13396e-06
 9.51216e-07
 8.05230e-07
 6.87992e-07
 5.93089e-07
 5.15567e-07
 4.51654e-07
 3.98482e-07
 3.53863e-07
 3.16116e-07
 2.83939e-07
 2.56315e-07
 2.32445e-07
 2.11691e-07
 1.93545e-07
 1.77595e-07
 1.63505e-07
 1.51003e-07
 1.39861e-07
 1.29892e-07
 9.75203e-07
 8.38732e-07
 7.24248e-07
 6.28725e-07
 5.49016e-07
 4.82298e-07
 4.26188e-07
 3.78738e-07
 3.38374e-07
 3.03834e-07
 2.74103e-07
 2.48367e-07
 2.25968e-07
 2.06373e-07
 1.89148e-07
 1.73935e-07
 1.60442e-07
 1.48424e-07
 1.37679e-07
 1.28036e-07
 8.31156e-07
 7.31965e-07
 6.44506e-07
 5.68575e-07
 5.03150e-07
 4.46935e-07
 3.98627e-07
 3.57033e-07
 3.21113e-07
 2.89979e-07
 2.62886e-07
 2.39213e-07
 2.18442e-07
 2.00142e-07
 1.83955e-07
 1.69581e-07
 1.56770e-07
 1.45312e-07
 1.35028e-07
 1.25768e-07
 7.05430e-07
 6.34825e-07
 5.69376e-07
 5.10214e-07
 4.57528e-07
 4.11009e-07
 3.70114e-07
 3.34223e-07
 3.02722e-07
 2.75038e-07
 2.50659e-07
 2.29138e-07
 2.10084e-07
 1.93166e-07
 1.78099e-07
 1.64638e-07
 1.52576e-07
 1.41735e-07
 1.31963e-07
 1.23131e-07
 5.98322e-07
 5.48925e-07
 5.00754e-07
 4.55400e-07
 4.13638e-07
 3.75722e-07
 3.41600e-07
 3.11052e-07
 2.83781e-07
 2.59462e-07
 2.37774e-07
 2.18416e-07
 2.01114e-07
 1.85620e-07
 1.71717e-07
 1.59214e-07
 1.47945e-07
 1.37764e-07
 1.28543e-07
 1.20174e-07
