scalar
part
         1
quad4
 4.84260e-07
 4.51620e-07
 4.18120e-07
 3.85360e-07
 3.54271e-07
 3.25327e-07
 2.98716e-07
 2.74445e-07
 2.52420e-07
 2.32491e-07
 2.14488e-07
 1.98230e-07
 1.83546e-07
 1.70271e-07
 1.58257e-07
 1.47367e-07
 1.37481e-07
 1.28490e-07
 1.20298e-07
 1.12821e-07
 5.79747e-07
 5.30071e-07
 4.82298e-07
 4.37824e-07
 3.97227e-07
 3.60610e-07
 3.27815e-07
 2.98557e-07
 2.72501e-07
 2.49302e-07
 2.28635e-07
 2.10197e-07
 1.93720e-07
 1.78963e-07
 1.65718e-07
 1.53802e-07
 1.43054e-07
 1.33338e-07
 1.24532e-07
 1.16533e-07
 6.94007e-07
 6.20745e-07
 5.54296e-07
 4.95191e-07
 4.43175e-07
 3.97640e-07
 3.57858e-07
 3.23100e-07
 2.92688e-07
 2.66020e-07
 2.42569e-07
 2.21885e-07
 2.03583e-07
 1.87334e-07
 1.72862e-07
 1.59930e-07
 1.48337e-07
 1.37913e-07
 1.28512e-07
 1.20010e-07
 8.28127e-07
 7.23227e-07
 6.33132e-07
 5.56360e-07
 4.91083e-07
 4.35523e-07
 3.88099e-07
 3.47463e-07
 3.12489e-07
 2.82246e-07
 2.55972e-07
 2.33038e-07
 2.12928e-07
 1.95217e-07
 1.79552e-07
 1.65640e-07
 1.53238e-07
 1.42141e-07
 1.32177e-07
 1.23201e-07
 9.80864e-07
 8.35347e-07
 7.16618e-07
 6.19428e-07
 5.39397e-07
 4.73028e-07
 4.17575e-07
 3.70897e-07
 3.31319e-07
 2.97528e-07
 2.68488e-07
 2.43376e-07
 2.21535e-07
 2.02435e-07
 1.85647e-07
 1.70820e-07
 1.57666e-07
 1.45947e-07
 1.35466e-07
 1.26057e-07
 1.14706e-06
 9.52476e-07
 8.01071e-07
 6.81599e-07
 5.86032e-07
 5.08605e-07
 4.45134e-07
 3.92541e-07
 3.48532e-07
 3.11374e-07
 2.79742e-07
 2.52611e-07
 2.29179e-07
 2.08814e-07
 1.91009e-07
 1.75358e-07
 1.61532e-07
 1.49260e-07
 1.38321e-07
 1.28529e-07
 1.31620e-06
 1.06711e-06
 8.81269e-07
 7.39252e-07
 6.28460e-07
 5.40473e-07
 4.69504e-07
 4.11477e-07
 3.63455e-07
 3.23286e-07
 2.89360e-07
 2.60458e-07
 2.35643e-07
 2.14184e-07
 1.95506e-07
 1.79152e-07
 1.64754e-07
 1.52014e-07
 1.40688e-07
 1.30576e-07
 1.47212e-06
 1.16917e-06
 9.50822e-07
 7.88241e-07
 6.63932e-07
 5.66769e-07
 4.89399e-07
 4.26797e-07
 3.75439e-07
 3.32791e-07
 2.96994e-07
 2.66658e-07
 2.40729e-07
 2.18395e-07
 1.99023e-07
 1.82111e-07
 1.67261e-07
 1.54153e-07
 1.42523e-07
 1.32159e-07
 1.59501e-06
 1.24741e-06
 1.00305e-06
 8.24442e-07
 6.89816e-07
 5.85765e-07
 5.03653e-07
 4.37700e-07
 3.83920e-07
 3.39487e-07
 3.02350e-07
 2.70993e-07
 2.44275e-07
 2.21324e-07
 2.01463e-07
 1.84160e-07
 1.68995e-07
 1.55629e-07
 1.43788e-07
 1.33249e-07
 1.66593e-06
 1.29170e-06
 1.03220e-06
 8.44435e-07
 7.03992e-07
 5.96100e-07
 5.11366e-07
 4.43575e-07
 3.88474e-07
 3.43071e-07
 3.05210e-07
 2.73304e-07
 2.46162e-07
 2.22880e-07
 2.02758e-07
 1.85247e-07
 1.69914e-07
 1.56411e-07
 1.44458e-07
 1.33826e-07
 1.67246e-06
 1.29569e-06
 1.03478e-06
 8.46179e-07
 7.05217e-07
 5.96987e-07
 5.12025e-07
 4.44076e-07
 3.88863e-07
 3.43378e-07
 3.05456e-07
 2.73503e-07
 2.46326e-07
 2.23016e-07
 2.02871e-07
 1.85343e-07
 1.69995e-07
 1.56481e-07
 1.44518e-07
 1.33879e-07
 1.61302e-06
 1.25861e-06
 1.01038e-06
 8.29455e-07
 6.93362e-07
 5.88348e-07
 5.05582e-07
 4.39172e-07
 3.85065e-07
 3.40392e-07
 3.03075e-07
 2.71582e-07
 2.44760e-07
 2.21726e-07
 2.01800e-07
 1.84445e-07
 1.69238e-07
 1.55837e-07
 1.43968e-07
 1.33406e-07
 1.49770e-06
 1.18563e-06
 9.61871e-07
 7.95928e-07
 6.69445e-07
 5.70829e-07
 4.92456e-07
 4.29147e-07
 3.77276e-07
 3.34250e-07
 2.98168e-07
 2.67615e-07
 2.41518e-07
 2.19052e-07
 1.99574e-07
 1.82578e-07
 1.67660e-07
 1.54495e-07
 1.42819e-07
 1.32416e-07
 1.34488e-06
 1.08640e-06
 8.94656e-07
 7.48800e-07
 6.35441e-07
 5.45692e-07
 4.73483e-07
 4.14564e-07
 3.65888e-07
 3.25230e-07
 2.90934e-07
 2.61747e-07
 2.36709e-07
 2.15075e-07
 1.96257e-07
 1.79790e-07
 1.65299e-07
 1.52484e-07
 1.41095e-07
 1.30930e-07
 1.17528e-06
 9.72439e-07
 8.15456e-07
 6.92165e-07
 5.93938e-07
 5.14625e-07
 4.49792e-07
 3.96199e-07
 3.51444e-07
 3.13721e-07
 2.81655e-07
 2.54187e-07
 2.30490e-07
 2.09913e-07
 1.91938e-07
 1.76150e-07
 1.62211e-07
 1.49847e-07
 1.38830e-07
 1.28974e-07
 1.00653e-06
 8.54437e-07
 7.30930e-07
 6.30277e-07
 5.47722e-07
 4.79498e-07
 4.22666e-07
 3.74951e-07
 3.34584e-07
 3.00185e-07
 2.70672e-07
 2.45188e-07
 2.23051e-07
 2.03713e-07
 1.86733e-07
 1.71748e-07
 1.58465e-07
 1.46639e-07
 1.36069e-07
 1.26584e-07
 8.50379e-07
 7.40578e-07
 6.46653e-07
 5.66938e-07
 4.99415e-07
 4.42139e-07
 3.93400e-07
 3.51748e-07
 3.15983e-07
 2.85121e-07
 2.58357e-07
 2.35032e-07
 2.14608e-07
 1.96642e-07
 1.80768e-07
 1.66685e-07
 1.54141e-07
 1.42926e-07
 1.32863e-07
 1.23803e-07
 7.12778e-07
 6.36015e-07
 5.66631e-07
 5.05140e-07
 4.51215e-07
 4.04164e-07
 3.63182e-07
 3.27471e-07
 2.96301e-07
 2.69026e-07
 2.45088e-07
 2.24010e-07
 2.05386e-07
 1.88874e-07
 1.74184e-07
 1.61071e-07
 1.49328e-07
 1.38778e-07
 1.29270e-07
 1.20677e-07
 5.95362e-07
 5.43250e-07
 4.93296e-07
 4.46949e-07
 4.04783e-07
 3.66872e-07
 3.33019e-07
 3.02897e-07
 2.76137e-07
 2.52364e-07
 2.31227e-07
 2.12403e-07
 1.95606e-07
 1.80585e-07
 1.67120e-07
 1.55019e-07
 1.44116e-07
 1.34268e-07
 1.25351e-07
 1.17256e-07
 4.97183e-07
 4.62875e-07
 4.27784e-07
 3.93586e-07
 3.61240e-07
 3.31220e-07
 3.03699e-07
 2.78666e-07
 2.56004e-07
 2.35546e-07
 2.17100e-07
 2.00474e-07
 1.85480e-07
 1.71946e-07
 1.59713e-07
 1.48639e-07
 1.38596e-07
 1.29472e-07
 1.21166e-07
 1.13590e-07
