scalar
part
         1
quad4
 4.12289e-07
 3.89494e-07
 3.64668e-07
 3.39414e-07
 3.14742e-07
 2.91247e-07
 2.69246e-07
 2.48870e-07
 2.30138e-07
 2.12999e-07
 1.97364e-07
 1.83125e-07
 1.70166e-07
 1.58372e-07
 1.47634e-07
 1.37848e-07
 1.28920e-07
 1.20765e-07
 1.13305e-07
 1.06470e-07
 4.99641e-07
 4.62364e-07
 4.25144e-07
 3.89520e-07
 3.56285e-07
 3.25768e-07
 2.98025e-07
 2.72958e-07
 2.50387e-07
 2.30100e-07
 2.11874e-07
 1.95494e-07
 1.80759e-07
 1.67486e-07
 1.55510e-07
 1.44684e-07
 1.34878e-07
 1.25978e-07
 1.17883e-07
 1.10506e-07
 6.05451e-07
 5.47699e-07
 4.93938e-07
 4.45113e-07
 4.01396e-07
 3.62564e-07
 3.28212e-07
 2.97873e-07
 2.71078e-07
 2.47388e-07
 2.26406e-07
 2.07781e-07
 1.91206e-07
 1.76416e-07
 1.63183e-07
 1.51309e-07
 1.40626e-07
 1.30987e-07
 1.22267e-07
 1.14357e-07
 7.31460e-07
 6.45677e-07
 5.70541e-07
 5.05440e-07
 4.49292e-07
 4.00913e-07
 3.59177e-07
 3.23085e-07
 2.91770e-07
 2.64502e-07
 2.40664e-07
 2.19742e-07
 2.01307e-07
 1.85000e-07
 1.70520e-07
 1.57615e-07
 1.46074e-07
 1.35717e-07
 1.26393e-07
 1.17973e-07
 8.77588e-07
 7.55013e-07
 6.53382e-07
 5.69013e-07
 4.98690e-07
 4.39756e-07
 3.90068e-07
 3.47912e-07
 3.11923e-07
 2.81013e-07
 2.54308e-07
 2.31109e-07
 2.10848e-07
 1.93064e-07
 1.77380e-07
 1.63488e-07
 1.51129e-07
 1.40093e-07
 1.30199e-07
 1.21299e-07
 1.04051e-06
 8.72265e-07
 7.39511e-07
 6.33473e-07
 5.47761e-07
 4.77695e-07
 4.19817e-07
 3.71542e-07
 3.30915e-07
 2.96441e-07
 2.66967e-07
 2.41590e-07
 2.19599e-07
 2.00427e-07
 1.83621e-07
 1.68811e-07
 1.55699e-07
 1.44038e-07
 1.33624e-07
 1.24287e-07
 1.21217e-06
 9.91283e-07
 8.24428e-07
 6.95576e-07
 5.94169e-07
 5.13039e-07
 4.47192e-07
 3.93066e-07
 3.48069e-07
 3.10281e-07
 2.78256e-07
 2.50891e-07
 2.27333e-07
 2.06912e-07
 1.89101e-07
 1.73475e-07
 1.59695e-07
 1.47482e-07
 1.36609e-07
 1.26888e-07
 1.37905e-06
 1.10316e-06
 9.02238e-07
 7.51367e-07
 6.35218e-07
 5.43921e-07
 4.70879e-07
 4.11546e-07
 3.62705e-07
 3.22028e-07
 2.87800e-07
 2.58730e-07
 2.33834e-07
 2.12353e-07
 1.93691e-07
 1.77377e-07
 1.63034e-07
 1.50358e-07
 1.39101e-07
 1.29059e-07
 1.52292e-06
 1.19703e-06
 9.66239e-07
 7.96590e-07
 6.68132e-07
 5.68483e-07
 4.89605e-07
 4.26091e-07
 3.74188e-07
 3.31226e-07
 2.95262e-07
 2.64853e-07
 2.38911e-07
 2.16602e-07
 1.97277e-07
 1.80428e-07
 1.65648e-07
 1.52612e-07
 1.41056e-07
 1.30765e-07
 1.62378e-06
 1.26179e-06
 1.00996e-06
 8.27305e-07
 6.90423e-07
 5.85103e-07
 5.02285e-07
 4.35956e-07
 3.81996e-07
 3.37499e-07
 3.00368e-07
 2.69059e-07
 2.42412e-07
 2.19544e-07
 1.99771e-07
 1.82558e-07
 1.67480e-07
 1.54199e-07
 1.42439e-07
 1.31976e-07
 1.66479e-06
 1.28863e-06
 1.02847e-06
 8.40605e-07
 7.00296e-07
 5.92632e-07
 5.08156e-07
 4.40623e-07
 3.85766e-07
 3.40588e-07
 3.02931e-07
 2.71209e-07
 2.44233e-07
 2.21100e-07
 2.01110e-07
 1.83720e-07
 1.68494e-07
 1.55089e-07
 1.43225e-07
 1.32673e-07
 1.63810e-06
 1.27360e-06
 1.01962e-06
 8.35233e-07
 6.96981e-07
 5.90577e-07
 5.06893e-07
 4.39868e-07
 3.85342e-07
 3.40382e-07
 3.02869e-07
 2.71241e-07
 2.44327e-07
 2.21233e-07
 2.01268e-07
 1.83891e-07
 1.68672e-07
 1.55269e-07
 1.43403e-07
 1.32847e-07
 1.54859e-06
 1.21910e-06
 9.84669e-07
 8.11901e-07
 6.80895e-07
 5.79189e-07
 4.98651e-07
 4.33791e-07
 3.80788e-07
 3.36922e-07
 3.00208e-07
 2.69174e-07
 2.42706e-07
 2.19952e-07
 2.00249e-07
 1.83075e-07
 1.68016e-07
 1.54739e-07
 1.42973e-07
 1.32498e-07
 1.41251e-06
 1.13328e-06
 9.28036e-07
 7.73142e-07
 6.53561e-07
 5.59421e-07
 4.84046e-07
 4.22799e-07
 3.72382e-07
 3.30401e-07
 2.95087e-07
 2.65106e-07
 2.39443e-07
 2.17311e-07
 1.98094e-07
 1.81303e-07
 1.66550e-07
 1.53518e-07
 1.41951e-07
 1.31638e-07
 1.25125e-06
 1.02752e-06
 8.56140e-07
 7.22757e-07
 6.17322e-07
 5.32768e-07
 4.64060e-07
 4.07555e-07
 3.60580e-07
 3.21141e-07
 2.87734e-07
 2.59205e-07
 2.34661e-07
 2.13401e-07
 1.94872e-07
 1.78629e-07
 1.64314e-07
 1.51638e-07
 1.40361e-07
 1.30286e-07
 1.08453e-06
 9.13328e-07
 7.75898e-07
 6.65036e-07
 5.74920e-07
 5.01032e-07
 4.39905e-07
 3.88894e-07
 3.45967e-07
 3.09560e-07
 2.78454e-07
 2.51694e-07
 2.28527e-07
 2.08350e-07
 1.90680e-07
 1.75125e-07
 1.61368e-07
 1.49145e-07
 1.38239e-07
 1.28471e-07
 9.26334e-07
 8.00030e-07
 6.93445e-07
 6.04042e-07
 5.29084e-07
 4.66073e-07
 4.12874e-07
 3.67726e-07
 3.29198e-07
 2.96133e-07
 2.67597e-07
 2.42836e-07
 2.21238e-07
 2.02307e-07
 1.85634e-07
 1.70885e-07
 1.57781e-07
 1.46095e-07
 1.35631e-07
 1.26230e-07
 7.84416e-07
 6.93876e-07
 6.13426e-07
 5.43126e-07
 4.82211e-07
 4.29610e-07
 3.84206e-07
 3.44956e-07
 3.10936e-07
 2.81353e-07
 2.55532e-07
 2.32910e-07
 2.13011e-07
 1.95440e-07
 1.79865e-07
 1.66008e-07
 1.53636e-07
 1.42552e-07
 1.32589e-07
 1.23605e-07
 6.61636e-07
 5.98244e-07
 5.38858e-07
 4.84729e-07
 4.36194e-07
 3.93085e-07
 3.54991e-07
 3.21406e-07
 2.91807e-07
 2.65697e-07
 2.42628e-07
 2.22200e-07
 2.04065e-07
 1.87920e-07
 1.73508e-07
 1.60605e-07
 1.49019e-07
 1.38588e-07
 1.29169e-07
 1.20642e-07
 5.57806e-07
 5.14353e-07
 4.71343e-07
 4.30402e-07
 3.92376e-07
 3.57603e-07
 3.26117e-07
 2.97780e-07
 2.72362e-07
 2.49601e-07
 2.29226e-07
 2.10977e-07
 1.94614e-07
 1.79920e-07
 1.66701e-07
 1.54785e-07
 1.44020e-07
 1.34274e-07
 1.25431e-07
 1.17390e-07
