scalar
part
         1
quad4
 5.97380e-07
 5.48859e-07
 5.01327e-07
 4.56432e-07
 4.14992e-07
 3.77297e-07
 3.43318e-07
 3.12857e-07
 2.85630e-07
 2.61324e-07
 2.39627e-07
 2.20243e-07
 2.02902e-07
 1.87363e-07
 1.73409e-07
 1.60853e-07
 1.49528e-07
 1.39290e-07
 1.30013e-07
 1.21589e-07
 7.06388e-07
 6.36462e-07
 5.71455e-07
 5.12568e-07
 4.60040e-07
 4.13596e-07
 3.72718e-07
 3.36804e-07
 3.05252e-07
 2.77498e-07
 2.53039e-07
 2.31430e-07
 2.12285e-07
 1.95276e-07
 1.80117e-07
 1.66567e-07
 1.54419e-07
 1.43496e-07
 1.33645e-07
 1.24737e-07
 8.34795e-07
 7.35882e-07
 6.48520e-07
 5.72572e-07
 5.07061e-07
 4.50717e-07
 4.02255e-07
 3.60496e-07
 3.24404e-07
 2.93100e-07
 2.65842e-07
 2.42009e-07
 2.21085e-07
 2.02641e-07
 1.86318e-07
 1.71817e-07
 1.58887e-07
 1.47317e-07
 1.36928e-07
 1.27571e-07
 9.82506e-07
 8.45615e-07
 7.30682e-07
 6.34713e-07
 5.54578e-07
 4.87460e-07
 4.30978e-07
 3.83184e-07
 3.42505e-07
 3.07674e-07
 2.77678e-07
 2.51700e-07
 2.29080e-07
 2.09283e-07
 1.91872e-07
 1.76490e-07
 1.62841e-07
 1.50680e-07
 1.39804e-07
 1.30041e-07
 1.14608e-06
 9.61826e-07
 8.14596e-07
 6.96325e-07
 6.00550e-07
 5.22285e-07
 4.57732e-07
 4.04004e-07
 3.58899e-07
 3.20725e-07
 2.88171e-07
 2.60213e-07
 2.36045e-07
 2.15026e-07
 1.96641e-07
 1.80476e-07
 1.66194e-07
 1.53516e-07
 1.42215e-07
 1.32101e-07
 1.31681e-06
 1.07762e-06
 8.95211e-07
 7.53807e-07
 6.42426e-07
 5.53382e-07
 4.81221e-07
 4.22019e-07
 3.72905e-07
 3.31748e-07
 2.96943e-07
 2.67264e-07
 2.41764e-07
 2.19703e-07
 2.00496e-07
 1.83675e-07
 1.68865e-07
 1.55760e-07
 1.44111e-07
 1.33710e-07
 1.47932e-06
 1.18290e-06
 9.65967e-07
 8.02866e-07
 6.77356e-07
 5.78823e-07
 5.00120e-07
 4.36300e-07
 3.83861e-07
 3.40266e-07
 3.03644e-07
 2.72592e-07
 2.46041e-07
 2.23166e-07
 2.03322e-07
 1.85998e-07
 1.70786e-07
 1.57358e-07
 1.45447e-07
 1.34834e-07
 1.61235e-06
 1.26545e-06
 1.01962e-06
 8.39068e-07
 7.02536e-07
 5.96787e-07
 5.13212e-07
 4.46019e-07
 3.91190e-07
 3.45869e-07
 3.07979e-07
 2.75982e-07
 2.48717e-07
 2.25295e-07
 2.05028e-07
 1.87374e-07
 1.71902e-07
 1.58268e-07
 1.46192e-07
 1.35445e-07
 1.69345e-06
 1.31355e-06
 1.04969e-06
 8.58625e-07
 7.15662e-07
 6.05819e-07
 5.19554e-07
 4.50544e-07
 3.94461e-07
 3.48257e-07
 3.09735e-07
 2.77280e-07
 2.49678e-07
 2.26006e-07
 2.05552e-07
 1.87756e-07
 1.72177e-07
 1.58461e-07
 1.46322e-07
 1.35527e-07
 1.70673e-06
 1.31943e-06
 1.05204e-06
 8.59216e-07
 7.15362e-07
 6.05077e-07
 5.18608e-07
 4.49525e-07
 3.93438e-07
 3.47268e-07
 3.08800e-07
 2.76406e-07
 2.48867e-07
 2.25257e-07
 2.04862e-07
 1.87121e-07
 1.71593e-07
 1.57924e-07
 1.45827e-07
 1.35071e-07
 1.64938e-06
 1.28183e-06
 1.02607e-06
 8.40530e-07
 7.01473e-07
 5.94474e-07
 5.10331e-07
 4.42940e-07
 3.88114e-07
 3.42903e-07
 3.05176e-07
 2.73364e-07
 2.46289e-07
 2.23054e-07
 2.02964e-07
 1.85474e-07
 1.70155e-07
 1.56661e-07
 1.44712e-07
 1.34081e-07
 1.53231e-06
 1.20624e-06
 9.74773e-07
 8.04316e-07
 6.75069e-07
 5.74698e-07
 4.95179e-07
 4.31102e-07
 3.78708e-07
 3.35318e-07
 2.98979e-07
 2.68241e-07
 2.42011e-07
 2.19447e-07
 1.99897e-07
 1.82847e-07
 1.67888e-07
 1.54692e-07
 1.42992e-07
 1.32571e-07
 1.37496e-06
 1.10286e-06
 9.03870e-07
 7.53955e-07
 6.38241e-07
 5.47093e-07
 4.74044e-07
 4.14620e-07
 3.65646e-07
 3.24817e-07
 2.90429e-07
 2.61202e-07
 2.36155e-07
 2.14530e-07
 1.95734e-07
 1.79295e-07
 1.64836e-07
 1.52053e-07
 1.40697e-07
 1.30563e-07
 1.19846e-06
 9.83577e-07
 8.20355e-07
 6.93733e-07
 5.93708e-07
 5.13439e-07
 4.48123e-07
 3.94319e-07
 3.49508e-07
 3.11818e-07
 2.79834e-07
 2.52472e-07
 2.28892e-07
 2.08434e-07
 1.90576e-07
 1.74898e-07
 1.61063e-07
 1.48794e-07
 1.37865e-07
 1.28090e-07
 1.02091e-06
 8.59413e-07
 7.31130e-07
 6.28082e-07
 5.44389e-07
 4.75701e-07
 4.18770e-07
 3.71149e-07
 3.30975e-07
 2.96816e-07
 2.67557e-07
 2.42326e-07
 2.20430e-07
 2.01319e-07
 1.84547e-07
 1.69753e-07
 1.56644e-07
 1.44976e-07
 1.34548e-07
 1.25193e-07
 8.55018e-07
 7.39002e-07
 6.42034e-07
 5.60980e-07
 4.93027e-07
 4.35797e-07
 3.87344e-07
 3.46088e-07
 3.10761e-07
 2.80338e-07
 2.53994e-07
 2.31062e-07
 2.10999e-07
 1.93361e-07
 1.77785e-07
 1.63970e-07
 1.51668e-07
 1.40669e-07
 1.30801e-07
 1.21917e-07
 7.07924e-07
 6.28047e-07
 5.57360e-07
 4.95590e-07
 4.41933e-07
 3.95421e-07
 3.55091e-07
 3.20062e-07
 2.89556e-07
 2.62906e-07
 2.39543e-07
 2.18988e-07
 2.00836e-07
 1.84748e-07
 1.70438e-07
 1.57666e-07
 1.46228e-07
 1.35950e-07
 1.26687e-07
 1.18314e-07
 5.82199e-07
 5.29538e-07
 4.79807e-07
 4.34133e-07
 3.92868e-07
 3.55940e-07
 3.23069e-07
 2.93883e-07
 2.67990e-07
 2.45008e-07
 2.24584e-07
 2.06400e-07
 1.90176e-07
 1.75666e-07
 1.62656e-07
 1.50961e-07
 1.40421e-07
 1.30897e-07
 1.22270e-07
 1.14436e-07
 4.77380e-07
 4.44386e-07
 4.10701e-07
 3.77949e-07
 3.47026e-07
 3.18362e-07
 2.92100e-07
 2.68218e-07
 2.46596e-07
 2.27070e-07
 2.09457e-07
 1.93573e-07
 1.79239e-07
 1.66292e-07
 1.54581e-07
 1.43972e-07
 1.34344e-07
 1.25590e-07
 1.17616e-07
 1.10337e-07
 3.91373e-07
 3.72136e-07
 3.50350e-07
 3.27649e-07
 3.05097e-07
 2.83348e-07
 2.62779e-07
 2.43575e-07
 2.25802e-07
 2.09448e-07
 1.94457e-07
 1.80747e-07
 1.68223e-07
 1.56789e-07
 1.46349e-07
 1.36810e-07
 1.28088e-07
 1.20104e-07
 1.12787e-07
 1.06072e-07
