scalar
part
         1
quad4
 5.14750e-07
 4.78126e-07
 4.41084e-07
 4.05237e-07
 3.71488e-07
 3.40271e-07
 3.11724e-07
 2.85808e-07
 2.62383e-07
 2.41263e-07
 2.22242e-07
 2.05113e-07
 1.89679e-07
 1.75758e-07
 1.63184e-07
 1.51808e-07
 1.41497e-07
 1.32135e-07
 1.23616e-07
 1.15850e-07
 6.13920e-07
 5.59176e-07
 5.07053e-07
 4.58903e-07
 4.15226e-07
 3.76039e-07
 3.41102e-07
 3.10056e-07
 2.82503e-07
 2.58048e-07
 2.36320e-07
 2.16984e-07
 1.99741e-07
 1.84329e-07
 1.70521e-07
 1.58118e-07
 1.46949e-07
 1.36864e-07
 1.27736e-07
 1.19453e-07
 7.32101e-07
 6.52431e-07
 5.80695e-07
 5.17274e-07
 4.61748e-07
 4.13358e-07
 3.71248e-07
 3.34582e-07
 3.02599e-07
 2.74628e-07
 2.50092e-07
 2.28497e-07
 2.09425e-07
 1.92524e-07
 1.77493e-07
 1.64082e-07
 1.52075e-07
 1.41292e-07
 1.31578e-07
 1.22801e-07
 8.70137e-07
 7.57245e-07
 6.60843e-07
 5.79110e-07
 5.09922e-07
 4.51264e-07
 4.01367e-07
 3.58742e-07
 3.22154e-07
 2.90591e-07
 2.63228e-07
 2.39390e-07
 2.18522e-07
 2.00171e-07
 1.83963e-07
 1.69587e-07
 1.56786e-07
 1.45343e-07
 1.35080e-07
 1.25841e-07
 1.02634e-06
 8.71094e-07
 7.45053e-07
 6.42332e-07
 5.58078e-07
 4.88448e-07
 4.30447e-07
 3.81754e-07
 3.40564e-07
 3.05470e-07
 2.75366e-07
 2.49377e-07
 2.26806e-07
 2.07094e-07
 1.89788e-07
 1.74520e-07
 1.60989e-07
 1.48945e-07
 1.38181e-07
 1.28526e-07
 1.19480e-06
 9.88858e-07
 8.29333e-07
 7.03956e-07
 6.04016e-07
 5.23293e-07
 4.57295e-07
 4.02734e-07
 3.57170e-07
 3.18767e-07
 2.86126e-07
 2.58169e-07
 2.34054e-07
 2.13117e-07
 1.94832e-07
 1.78773e-07
 1.64598e-07
 1.52026e-07
 1.40826e-07
 1.30808e-07
 1.36398e-06
 1.10245e-06
 9.08145e-07
 7.60189e-07
 6.45117e-07
 5.53970e-07
 4.80616e-07
 4.20752e-07
 3.71294e-07
 3.29983e-07
 2.95137e-07
 2.65485e-07
 2.40051e-07
 2.18077e-07
 1.98966e-07
 1.82244e-07
 1.67533e-07
 1.54523e-07
 1.42963e-07
 1.32647e-07
 1.51657e-06
 1.20127e-06
 9.74861e-07
 8.06785e-07
 6.78594e-07
 5.78607e-07
 4.99125e-07
 4.34912e-07
 3.82299e-07
 3.38656e-07
 3.02060e-07
 2.71073e-07
 2.44607e-07
 2.21826e-07
 2.02077e-07
 1.84847e-07
 1.69725e-07
 1.56381e-07
 1.44548e-07
 1.34006e-07
 1.63199e-06
 1.27383e-06
 1.02275e-06
 8.39638e-07
 7.01854e-07
 5.95514e-07
 5.11694e-07
 4.44438e-07
 3.89642e-07
 3.44401e-07
 3.06614e-07
 2.74725e-07
 2.47568e-07
 2.24250e-07
 2.04078e-07
 1.86512e-07
 1.71120e-07
 1.57559e-07
 1.45548e-07
 1.34860e-07
 1.69153e-06
 1.31031e-06
 1.04632e-06
 8.55510e-07
 7.12905e-07
 6.03424e-07
 5.17490e-07
 4.48770e-07
 3.92936e-07
 3.46945e-07
 3.08604e-07
 2.76301e-07
 2.48829e-07
 2.25268e-07
 2.04908e-07
 1.87193e-07
 1.71684e-07
 1.58028e-07
 1.45941e-07
 1.35191e-07
 1.68441e-06
 1.30526e-06
 1.04260e-06
 8.52689e-07
 7.10715e-07
 6.01690e-07
 5.16094e-07
 4.47629e-07
 3.91992e-07
 3.46155e-07
 3.07936e-07
 2.75732e-07
 2.48340e-07
 2.24845e-07
 2.04539e-07
 1.86870e-07
 1.71399e-07
 1.57775e-07
 1.45716e-07
 1.34989e-07
 1.61155e-06
 1.25918e-06
 1.01189e-06
 8.31368e-07
 6.95411e-07
 5.90398e-07
 5.07566e-07
 4.41059e-07
 3.86841e-07
 3.42055e-07
 3.04629e-07
 2.73031e-07
 2.46111e-07
 2.22987e-07
 2.02978e-07
 1.85547e-07
 1.70269e-07
 1.56804e-07
 1.44876e-07
 1.34259e-07
 1.48521e-06
 1.17841e-06
 9.57708e-07
 7.93603e-07
 6.68255e-07
 5.70354e-07
 4.92437e-07
 4.29418e-07
 3.77733e-07
 3.34822e-07
 2.98809e-07
 2.68294e-07
 2.42213e-07
 2.19749e-07
 2.00265e-07
 1.83255e-07
 1.68320e-07
 1.55135e-07
 1.43438e-07
 1.33013e-07
 1.32479e-06
 1.07326e-06
 8.85899e-07
 7.42886e-07
 6.31417e-07
 5.42952e-07
 4.71632e-07
 4.13337e-07
 3.65106e-07
 3.24768e-07
 2.90703e-07
 2.61685e-07
 2.36770e-07
 2.15225e-07
 1.96472e-07
 1.80052e-07
 1.65595e-07
 1.52802e-07
 1.41428e-07
 1.31272e-07
 1.15090e-06
 9.55386e-07
 8.03353e-07
 6.83457e-07
 5.87599e-07
 5.09968e-07
 4.46347e-07
 3.93640e-07
 3.49541e-07
 3.12309e-07
 2.80615e-07
 2.53430e-07
 2.29951e-07
 2.09543e-07
 1.91700e-07
 1.76014e-07
 1.62155e-07
 1.49853e-07
 1.38886e-07
 1.29069e-07
 9.80424e-07
 8.35227e-07
 7.16667e-07
 6.19581e-07
 5.39624e-07
 4.73311e-07
 4.17902e-07
 3.71257e-07
 3.31704e-07
 2.97931e-07
 2.68903e-07
 2.43798e-07
 2.21960e-07
 2.02859e-07
 1.86068e-07
 1.71236e-07
 1.58075e-07
 1.46349e-07
 1.35859e-07
 1.26441e-07
 8.24278e-07
 7.20549e-07
 6.31223e-07
 5.54980e-07
 4.90083e-07
 4.34807e-07
 3.87598e-07
 3.47128e-07
 3.12283e-07
 2.82143e-07
 2.55949e-07
 2.33078e-07
 2.13018e-07
 1.95346e-07
 1.79711e-07
 1.65823e-07
 1.53439e-07
 1.42356e-07
 1.32402e-07
 1.23433e-07
 6.87709e-07
 6.16090e-07
 5.50791e-07
 4.92514e-07
 4.41110e-07
 3.96037e-07
 3.56612e-07
 3.22132e-07
 2.91940e-07
 2.65446e-07
 2.42137e-07
 2.21567e-07
 2.03357e-07
 1.87183e-07
 1.72772e-07
 1.59890e-07
 1.48338e-07
 1.37948e-07
 1.28574e-07
 1.20094e-07
 5.71858e-07
 5.24007e-07
 4.77581e-07
 4.34113e-07
 3.94281e-07
 3.58254e-07
 3.25921e-07
 2.97029e-07
 2.71265e-07
 2.48303e-07
 2.27828e-07
 2.09547e-07
 1.93199e-07
 1.78550e-07
 1.65394e-07
 1.53551e-07
 1.42866e-07
 1.33201e-07
 1.24438e-07
 1.16475e-07
 4.75460e-07
 4.44641e-07
 4.12544e-07
 3.80871e-07
 3.50630e-07
 3.22357e-07
 2.96279e-07
 2.72437e-07
 2.50759e-07
 2.31115e-07
 2.13345e-07
 1.97281e-07
 1.82757e-07
 1.69616e-07
 1.57714e-07
 1.46920e-07
 1.37114e-07
 1.28191e-07
 1.20057e-07
 1.12629e-07
