scalar
part
         1
quad4
 6.30947e-07
 5.78415e-07
 5.27302e-07
 4.79251e-07
 4.35055e-07
 3.94965e-07
 3.58913e-07
 3.26660e-07
 2.97884e-07
 2.72238e-07
 2.49380e-07
 2.28987e-07
 2.10769e-07
 1.94462e-07
 1.79837e-07
 1.66690e-07
 1.54845e-07
 1.44147e-07
 1.34463e-07
 1.25676e-07
 7.43290e-07
 6.68456e-07
 5.99180e-07
 5.36619e-07
 4.80948e-07
 4.31825e-07
 3.88666e-07
 3.50811e-07
 3.17603e-07
 2.88434e-07
 2.62760e-07
 2.40106e-07
 2.20060e-07
 2.02269e-07
 1.86429e-07
 1.72285e-07
 1.59615e-07
 1.48233e-07
 1.37977e-07
 1.28710e-07
 8.75143e-07
 7.70268e-07
 6.77864e-07
 5.97683e-07
 5.28632e-07
 4.69330e-07
 4.18395e-07
 3.74561e-07
 3.36725e-07
 3.03947e-07
 2.75437e-07
 2.50536e-07
 2.28698e-07
 2.09467e-07
 1.92463e-07
 1.77371e-07
 1.63924e-07
 1.51901e-07
 1.41114e-07
 1.31405e-07
 1.02624e-06
 8.82189e-07
 7.61377e-07
 6.60605e-07
 5.76548e-07
 5.06219e-07
 4.47101e-07
 3.97130e-07
 3.54643e-07
 3.18303e-07
 2.87039e-07
 2.59988e-07
 2.36455e-07
 2.15878e-07
 1.97796e-07
 1.81833e-07
 1.67679e-07
 1.55078e-07
 1.43815e-07
 1.33711e-07
 1.19289e-06
 1.00016e-06
 8.46201e-07
 7.22588e-07
 6.22559e-07
 5.40886e-07
 4.73583e-07
 4.17620e-07
 3.70683e-07
 3.30994e-07
 2.97179e-07
 2.68164e-07
 2.43102e-07
 2.21322e-07
 2.02287e-07
 1.85562e-07
 1.70793e-07
 1.57693e-07
 1.46022e-07
 1.35583e-07
 1.36600e-06
 1.11699e-06
 9.27066e-07
 7.79881e-07
 6.64015e-07
 5.71453e-07
 4.96504e-07
 4.35067e-07
 3.84142e-07
 3.41504e-07
 3.05475e-07
 2.74776e-07
 2.48420e-07
 2.25633e-07
 2.05807e-07
 1.88455e-07
 1.73186e-07
 1.59683e-07
 1.47686e-07
 1.36980e-07
 1.52963e-06
 1.22219e-06
 9.97161e-07
 8.28036e-07
 6.97970e-07
 5.95937e-07
 5.14503e-07
 4.48523e-07
 3.94351e-07
 3.49349e-07
 3.11573e-07
 2.79565e-07
 2.52214e-07
 2.28663e-07
 2.08244e-07
 1.90428e-07
 1.74792e-07
 1.60996e-07
 1.48764e-07
 1.37868e-07
 1.66179e-06
 1.30309e-06
 1.04899e-06
 8.62478e-07
 7.21548e-07
 6.12479e-07
 5.26349e-07
 4.57153e-07
 4.00730e-07
 3.54124e-07
 3.15183e-07
 2.82318e-07
 2.54328e-07
 2.30296e-07
 2.09510e-07
 1.91411e-07
 1.75557e-07
 1.61591e-07
 1.49225e-07
 1.38224e-07
 1.73906e-06
 1.34754e-06
 1.07588e-06
 8.79344e-07
 7.32419e-07
 6.19623e-07
 5.31104e-07
 4.60338e-07
 4.02862e-07
 3.55538e-07
 3.16101e-07
 2.82890e-07
 2.54657e-07
 2.30454e-07
 2.09547e-07
 1.91363e-07
 1.75450e-07
 1.61443e-07
 1.49050e-07
 1.38032e-07
 1.74478e-06
 1.34756e-06
 1.07366e-06
 8.76342e-07
 7.29256e-07
 6.16569e-07
 5.28269e-07
 4.57758e-07
 4.00537e-07
 3.53451e-07
 3.14232e-07
 2.81215e-07
 2.53155e-07
 2.29104e-07
 2.08332e-07
 1.90267e-07
 1.74458e-07
 1.60544e-07
 1.48232e-07
 1.37286e-07
 1.67631e-06
 1.30212e-06
 1.04195e-06
 8.53327e-07
 7.12019e-07
 6.03324e-07
 5.17870e-07
 4.49442e-07
 3.93783e-07
 3.47891e-07
 3.09600e-07
 2.77315e-07
 2.49840e-07
 2.26263e-07
 2.05879e-07
 1.88134e-07
 1.72592e-07
 1.58901e-07
 1.46779e-07
 1.35995e-07
 1.54606e-06
 1.21756e-06
 9.84240e-07
 8.12354e-07
 6.81981e-07
 5.80707e-07
 5.00454e-07
 4.35771e-07
 3.82870e-07
 3.39052e-07
 3.02348e-07
 2.71297e-07
 2.44795e-07
 2.21995e-07
 2.02237e-07
 1.85004e-07
 1.69882e-07
 1.56542e-07
 1.44712e-07
 1.34175e-07
 1.37567e-06
 1.10519e-06
 9.06870e-07
 7.57179e-07
 6.41469e-07
 5.50220e-07
 4.77020e-07
 4.17426e-07
 3.68276e-07
 3.27277e-07
 2.92728e-07
 2.63348e-07
 2.38160e-07
 2.16406e-07
 1.97490e-07
 1.80942e-07
 1.66382e-07
 1.53506e-07
 1.42065e-07
 1.31853e-07
 1.18818e-06
 9.77940e-07
 8.17438e-07
 6.92456e-07
 5.93440e-07
 5.13798e-07
 4.48873e-07
 3.95308e-07
 3.50638e-07
 3.13024e-07
 2.81074e-07
 2.53718e-07
 2.30124e-07
 2.09642e-07
 1.91751e-07
 1.76036e-07
 1.62160e-07
 1.49850e-07
 1.38881e-07
 1.29065e-07
 1.00258e-06
 8.47465e-07
 7.23266e-07
 6.22897e-07
 5.41000e-07
 4.73539e-07
 4.17458e-07
 3.70434e-07
 3.30683e-07
 2.96824e-07
 2.67779e-07
 2.42700e-07
 2.20911e-07
 2.01874e-07
 1.85152e-07
 1.70391e-07
 1.57300e-07
 1.45641e-07
 1.35215e-07
 1.25856e-07
 8.31591e-07
 7.22572e-07
 6.30379e-07
 5.52636e-07
 4.87013e-07
 4.31450e-07
 3.84204e-07
 3.43835e-07
 3.09165e-07
 2.79235e-07
 2.53263e-07
 2.30613e-07
 2.10765e-07
 1.93293e-07
 1.77843e-07
 1.64125e-07
 1.51896e-07
 1.40954e-07
 1.31128e-07
 1.22275e-07
 6.81841e-07
 6.08806e-07
 5.43055e-07
 4.84869e-07
 4.33839e-07
 3.89273e-07
 3.50399e-07
 3.16471e-07
 2.86806e-07
 2.60803e-07
 2.37942e-07
 2.17780e-07
 1.99937e-07
 1.84094e-07
 1.69979e-07
 1.57362e-07
 1.46047e-07
 1.35869e-07
 1.26686e-07
 1.18377e-07
 5.55243e-07
 5.08843e-07
 4.63851e-07
 4.21767e-07
 3.83227e-07
 3.48382e-07
 3.17113e-07
 2.89170e-07
 2.64247e-07
 2.42028e-07
 2.22209e-07
 2.04507e-07
 1.88670e-07
 1.74472e-07
 1.61716e-07
 1.50227e-07
 1.39856e-07
 1.30471e-07
 1.21958e-07
 1.14217e-07
 4.50734e-07
 4.23239e-07
 3.93900e-07
 3.64563e-07
 3.36320e-07
 3.09763e-07
 2.85165e-07
 2.62600e-07
 2.42029e-07
 2.23345e-07
 2.06411e-07
 1.91076e-07
 1.77191e-07
 1.64610e-07
 1.53202e-07
 1.42842e-07
 1.33421e-07
 1.24840e-07
 1.17010e-07
 1.09852e-07
 3.65755e-07
 3.51230e-07
 3.33309e-07
 3.13749e-07
 2.93735e-07
 2.74037e-07
 2.55123e-07
 2.37259e-07
 2.20574e-07
 2.05108e-07
 1.90843e-07
 1.77730e-07
 1.65700e-07
 1.54675e-07
 1.44575e-07
 1.35321e-07
 1.26838e-07
 1.19056e-07
 1.11909e-07
 1.05339e-07
