scalar
part
         1
quad4
 3.80118e-07
 3.62032e-07
 3.41302e-07
 3.19550e-07
 2.97840e-07
 2.76835e-07
 2.56920e-07
 2.38290e-07
 2.21021e-07
 2.05111e-07
 1.90510e-07
 1.77145e-07
 1.64927e-07
 1.53763e-07
 1.43564e-07
 1.34241e-07
 1.25711e-07
 1.17901e-07
 1.10740e-07
 1.04165e-07
 4.64225e-07
 4.32797e-07
 4.00490e-07
 3.68937e-07
 3.39051e-07
 3.11280e-07
 2.85788e-07
 2.62570e-07
 2.41522e-07
 2.22495e-07
 2.05316e-07
 1.89811e-07
 1.75810e-07
 1.63157e-07
 1.51705e-07
 1.41326e-07
 1.31903e-07
 1.23332e-07
 1.15522e-07
 1.08391e-07
 5.66828e-07
 5.16276e-07
 4.68327e-07
 4.24154e-07
 3.84148e-07
 3.48280e-07
 3.16304e-07
 2.87878e-07
 2.62633e-07
 2.40206e-07
 2.20260e-07
 2.02490e-07
 1.86626e-07
 1.72431e-07
 1.59698e-07
 1.48247e-07
 1.37923e-07
 1.28592e-07
 1.20136e-07
 1.12455e-07
 6.90017e-07
 6.12945e-07
 5.44533e-07
 4.84611e-07
 4.32464e-07
 3.87192e-07
 3.47891e-07
 3.13719e-07
 2.83934e-07
 2.57895e-07
 2.35053e-07
 2.14944e-07
 1.97178e-07
 1.81425e-07
 1.67409e-07
 1.54893e-07
 1.43681e-07
 1.33604e-07
 1.24519e-07
 1.16305e-07
 8.34301e-07
 7.21951e-07
 6.27829e-07
 5.49011e-07
 4.82833e-07
 4.27031e-07
 3.79739e-07
 3.39438e-07
 3.04902e-07
 2.75142e-07
 2.49359e-07
 2.26904e-07
 2.07250e-07
 1.89965e-07
 1.74696e-07
 1.61149e-07
 1.49082e-07
 1.38291e-07
 1.28607e-07
 1.19887e-07
 9.97229e-07
 8.40399e-07
 7.15590e-07
 6.15182e-07
 5.33534e-07
 4.66456e-07
 4.10812e-07
 3.64235e-07
 3.24918e-07
 2.91469e-07
 2.62805e-07
 2.38077e-07
 2.16610e-07
 1.97867e-07
 1.81413e-07
 1.66897e-07
 1.54030e-07
 1.42575e-07
 1.32336e-07
 1.23148e-07
 1.17188e-06
 9.62729e-07
 8.03615e-07
 6.80025e-07
 5.82295e-07
 5.03801e-07
 4.39885e-07
 3.87201e-07
 3.43300e-07
 3.06359e-07
 2.74998e-07
 2.48160e-07
 2.25024e-07
 2.04946e-07
 1.87415e-07
 1.72021e-07
 1.58433e-07
 1.46381e-07
 1.35644e-07
 1.26039e-07
 1.34582e-06
 1.08049e-06
 8.86175e-07
 7.39630e-07
 6.26418e-07
 5.37177e-07
 4.65614e-07
 4.07368e-07
 3.59344e-07
 3.19291e-07
 2.85546e-07
 2.56856e-07
 2.32263e-07
 2.11026e-07
 1.92562e-07
 1.76411e-07
 1.62202e-07
 1.49638e-07
 1.38475e-07
 1.28513e-07
 1.50134e-06
 1.18283e-06
 9.56472e-07
 7.89625e-07
 6.63022e-07
 5.64643e-07
 4.86663e-07
 4.23798e-07
 3.72376e-07
 3.29776e-07
 2.94089e-07
 2.63895e-07
 2.38123e-07
 2.15949e-07
 1.96733e-07
 1.79971e-07
 1.65263e-07
 1.52287e-07
 1.40780e-07
 1.30530e-07
 1.61759e-06
 1.25804e-06
 1.00760e-06
 8.25774e-07
 6.89414e-07
 5.84434e-07
 5.01844e-07
 4.35671e-07
 3.81818e-07
 3.37398e-07
 3.00321e-07
 2.69051e-07
 2.42433e-07
 2.19585e-07
 1.99826e-07
 1.82623e-07
 1.67553e-07
 1.54276e-07
 1.42519e-07
 1.32057e-07
 1.67537e-06
 1.29602e-06
 1.03388e-06
 8.44719e-07
 7.03517e-07
 5.95215e-07
 5.10269e-07
 4.42380e-07
 3.87248e-07
 3.41854e-07
 3.04023e-07
 2.72160e-07
 2.45069e-07
 2.21839e-07
 2.01769e-07
 1.84310e-07
 1.69026e-07
 1.55571e-07
 1.43662e-07
 1.33073e-07
 1.66380e-06
 1.29127e-06
 1.03232e-06
 8.44703e-07
 7.04249e-07
 5.96291e-07
 5.11478e-07
 4.43610e-07
 3.88442e-07
 3.42983e-07
 3.05076e-07
 2.73134e-07
 2.45964e-07
 2.22660e-07
 2.02522e-07
 1.84999e-07
 1.69658e-07
 1.56150e-07
 1.44194e-07
 1.33561e-07
 1.58548e-06
 1.24494e-06
 1.00346e-06
 8.26000e-07
 6.91750e-07
 5.87732e-07
 5.05502e-07
 4.39373e-07
 3.85403e-07
 3.40784e-07
 3.03476e-07
 2.71965e-07
 2.45112e-07
 2.22042e-07
 2.02077e-07
 1.84685e-07
 1.69442e-07
 1.56009e-07
 1.44110e-07
 1.33520e-07
 1.45591e-06
 1.16461e-06
 9.51311e-07
 7.90863e-07
 6.67349e-07
 5.70354e-07
 4.92860e-07
 4.30009e-07
 3.78356e-07
 3.35409e-07
 2.99328e-07
 2.68731e-07
 2.42567e-07
 2.20024e-07
 2.00465e-07
 1.83390e-07
 1.68396e-07
 1.55160e-07
 1.43419e-07
 1.32956e-07
 1.29709e-06
 1.06177e-06
 8.82229e-07
 7.43000e-07
 6.33300e-07
 5.45578e-07
 4.74475e-07
 4.16131e-07
 3.67723e-07
 3.27153e-07
 2.92841e-07
 2.63581e-07
 2.38439e-07
 2.16686e-07
 1.97747e-07
 1.81160e-07
 1.66555e-07
 1.53631e-07
 1.42143e-07
 1.31886e-07
 1.12989e-06
 9.48391e-07
 8.03326e-07
 6.86765e-07
 5.92355e-07
 5.15192e-07
 4.51538e-07
 3.98554e-07
 3.54068e-07
 3.16416e-07
 2.84304e-07
 2.56725e-07
 2.32884e-07
 2.12148e-07
 1.94010e-07
 1.78062e-07
 1.63971e-07
 1.51463e-07
 1.40314e-07
 1.30335e-07
 9.69439e-07
 8.34424e-07
 7.21053e-07
 6.26379e-07
 5.47317e-07
 4.81090e-07
 4.25354e-07
 3.78188e-07
 3.38041e-07
 3.03665e-07
 2.74060e-07
 2.48419e-07
 2.26093e-07
 2.06553e-07
 1.89368e-07
 1.74185e-07
 1.60713e-07
 1.48710e-07
 1.37974e-07
 1.28338e-07
 8.24372e-07
 7.26674e-07
 6.40395e-07
 5.65393e-07
 5.00698e-07
 4.45055e-07
 3.97196e-07
 3.55956e-07
 3.20313e-07
 2.89399e-07
 2.62479e-07
 2.38943e-07
 2.18279e-07
 2.00065e-07
 1.83946e-07
 1.69626e-07
 1.56858e-07
 1.45433e-07
 1.35175e-07
 1.25935e-07
 6.98124e-07
 6.28946e-07
 5.64659e-07
 5.06439e-07
 4.54514e-07
 4.08607e-07
 3.68204e-07
 3.32711e-07
 3.01529e-07
 2.74103e-07
 2.49933e-07
 2.28580e-07
 2.09664e-07
 1.92858e-07
 1.77881e-07
 1.64494e-07
 1.52493e-07
 1.41701e-07
 1.31970e-07
 1.23171e-07
 5.90845e-07
 5.42754e-07
 4.95678e-07
 4.51235e-07
 4.10226e-07
 3.72930e-07
 3.39318e-07
 3.09190e-07
 2.82264e-07
 2.58228e-07
 2.36774e-07
 2.17609e-07
 2.00466e-07
 1.85104e-07
 1.71311e-07
 1.58899e-07
 1.47706e-07
 1.37587e-07
 1.28419e-07
 1.20094e-07
