scalar
part
         1
quad4
 5.77875e-07
 5.31943e-07
 4.86704e-07
 4.43803e-07
 4.04076e-07
 3.67839e-07
 3.35100e-07
 3.05689e-07
 2.79354e-07
 2.55806e-07
 2.34754e-07
 2.15923e-07
 1.99056e-07
 1.83925e-07
 1.70325e-07
 1.58075e-07
 1.47017e-07
 1.37013e-07
 1.27942e-07
 1.19699e-07
 6.84507e-07
 6.17879e-07
 5.55691e-07
 4.99179e-07
 4.48634e-07
 4.03838e-07
 3.64330e-07
 3.29557e-07
 2.98957e-07
 2.72002e-07
 2.48215e-07
 2.27174e-07
 2.08514e-07
 1.91918e-07
 1.77114e-07
 1.63870e-07
 1.51988e-07
 1.41295e-07
 1.31647e-07
 1.22917e-07
 8.10389e-07
 7.15650e-07
 6.31715e-07
 5.58554e-07
 4.95300e-07
 4.40785e-07
 3.93811e-07
 3.53267e-07
 3.18175e-07
 2.87697e-07
 2.61126e-07
 2.37868e-07
 2.17430e-07
 1.99397e-07
 1.83426e-07
 1.69226e-07
 1.56556e-07
 1.45211e-07
 1.35019e-07
 1.25834e-07
 9.55585e-07
 8.23903e-07
 7.13057e-07
 6.20288e-07
 5.42664e-07
 4.77528e-07
 4.22624e-07
 3.76095e-07
 3.36439e-07
 3.02444e-07
 2.73136e-07
 2.47728e-07
 2.25586e-07
 2.06191e-07
 1.89121e-07
 1.74030e-07
 1.60632e-07
 1.48687e-07
 1.37999e-07
 1.28399e-07
 1.11696e-06
 9.39038e-07
 7.96540e-07
 6.81828e-07
 5.88759e-07
 5.12575e-07
 4.49643e-07
 3.97193e-07
 3.53108e-07
 3.15757e-07
 2.83873e-07
 2.56468e-07
 2.32758e-07
 2.12123e-07
 1.94063e-07
 1.78174e-07
 1.64127e-07
 1.51653e-07
 1.40529e-07
 1.30568e-07
 1.28630e-06
 1.05448e-06
 8.77311e-07
 7.39695e-07
 6.31106e-07
 5.44158e-07
 4.73599e-07
 4.15641e-07
 3.67508e-07
 3.27134e-07
 2.92963e-07
 2.63802e-07
 2.38731e-07
 2.17027e-07
 1.98120e-07
 1.81555e-07
 1.66962e-07
 1.54045e-07
 1.42557e-07
 1.32298e-07
 1.44889e-06
 1.16051e-06
 9.49014e-07
 7.89702e-07
 6.66910e-07
 5.70377e-07
 4.93179e-07
 4.30515e-07
 3.78978e-07
 3.36098e-07
 3.00052e-07
 2.69470e-07
 2.43305e-07
 2.20752e-07
 2.01178e-07
 1.84082e-07
 1.69066e-07
 1.55806e-07
 1.44040e-07
 1.33553e-07
 1.58424e-06
 1.24525e-06
 1.00455e-06
 8.27474e-07
 6.93389e-07
 5.89415e-07
 5.07164e-07
 4.40979e-07
 3.86934e-07
 3.42233e-07
 3.04842e-07
 2.73250e-07
 2.46318e-07
 2.23174e-07
 2.03141e-07
 1.85684e-07
 1.70382e-07
 1.56893e-07
 1.44943e-07
 1.34306e-07
 1.67035e-06
 1.29709e-06
 1.03745e-06
 8.49201e-07
 7.08207e-07
 5.99789e-07
 5.14584e-07
 4.46383e-07
 3.90930e-07
 3.45226e-07
 3.07107e-07
 2.74980e-07
 2.47650e-07
 2.24205e-07
 2.03942e-07
 1.86309e-07
 1.70870e-07
 1.57274e-07
 1.45240e-07
 1.34537e-07
 1.69106e-06
 1.30804e-06
 1.04339e-06
 8.52434e-07
 7.09904e-07
 6.00592e-07
 5.14858e-07
 4.46344e-07
 3.90706e-07
 3.44897e-07
 3.06723e-07
 2.74571e-07
 2.47235e-07
 2.23796e-07
 2.03546e-07
 1.85930e-07
 1.70510e-07
 1.56934e-07
 1.44920e-07
 1.34236e-07
 1.64243e-06
 1.27619e-06
 1.02142e-06
 8.36645e-07
 6.98179e-07
 5.91647e-07
 5.07881e-07
 4.40796e-07
 3.86223e-07
 3.41223e-07
 3.03674e-07
 2.72013e-07
 2.45068e-07
 2.21944e-07
 2.01951e-07
 1.84547e-07
 1.69303e-07
 1.55874e-07
 1.43984e-07
 1.33406e-07
 1.53376e-06
 1.20625e-06
 9.74091e-07
 8.03318e-07
 6.73942e-07
 5.73539e-07
 4.94039e-07
 4.30006e-07
 3.77668e-07
 3.34337e-07
 2.98059e-07
 2.67381e-07
 2.41206e-07
 2.18694e-07
 1.99192e-07
 1.82187e-07
 1.67269e-07
 1.54111e-07
 1.42446e-07
 1.32057e-07
 1.38315e-06
 1.10767e-06
 9.06704e-07
 7.55592e-07
 6.39131e-07
 5.47509e-07
 4.74155e-07
 4.14533e-07
 3.65431e-07
 3.24520e-07
 2.90081e-07
 2.60823e-07
 2.35760e-07
 2.14130e-07
 1.95334e-07
 1.78900e-07
 1.64450e-07
 1.51677e-07
 1.40332e-07
 1.30210e-07
 1.21120e-06
 9.91981e-07
 8.26000e-07
 6.97577e-07
 5.96349e-07
 5.15258e-07
 4.49372e-07
 3.95164e-07
 3.50065e-07
 3.12166e-07
 2.80030e-07
 2.52556e-07
 2.28894e-07
 2.08376e-07
 1.90473e-07
 1.74763e-07
 1.60904e-07
 1.48619e-07
 1.37679e-07
 1.27896e-07
 1.03616e-06
 8.70150e-07
 7.38797e-07
 6.33628e-07
 5.48448e-07
 4.78700e-07
 4.21002e-07
 3.72818e-07
 3.32226e-07
 2.97753e-07
 2.68255e-07
 2.42841e-07
 2.20805e-07
 2.01584e-07
 1.84727e-07
 1.69867e-07
 1.56705e-07
 1.44995e-07
 1.34535e-07
 1.25153e-07
 8.71219e-07
 7.50997e-07
 6.50986e-07
 5.67724e-07
 4.98154e-07
 4.39730e-07
 3.90385e-07
 3.48456e-07
 3.12614e-07
 2.81795e-07
 2.55144e-07
 2.31971e-07
 2.11717e-07
 1.93928e-07
 1.78230e-07
 1.64318e-07
 1.51936e-07
 1.40874e-07
 1.30953e-07
 1.22026e-07
 7.24051e-07
 6.40488e-07
 5.66990e-07
 5.03084e-07
 4.47802e-07
 4.00049e-07
 3.58764e-07
 3.22996e-07
 2.91913e-07
 2.64809e-07
 2.41087e-07
 2.20245e-07
 2.01862e-07
 1.85588e-07
 1.71127e-07
 1.58231e-07
 1.46690e-07
 1.36329e-07
 1.26996e-07
 1.18564e-07
 5.97648e-07
 5.41876e-07
 4.89655e-07
 4.42013e-07
 3.99195e-07
 3.61044e-07
 3.27206e-07
 2.97255e-07
 2.70751e-07
 2.47280e-07
 2.26461e-07
 2.07958e-07
 1.91473e-07
 1.76750e-07
 1.63564e-07
 1.51723e-07
 1.41062e-07
 1.31437e-07
 1.22724e-07
 1.14818e-07
 4.91845e-07
 4.56277e-07
 4.20447e-07
 3.85936e-07
 3.53581e-07
 3.23755e-07
 2.96554e-07
 2.71909e-07
 2.49667e-07
 2.29636e-07
 2.11609e-07
 1.95384e-07
 1.80769e-07
 1.67588e-07
 1.55683e-07
 1.44911e-07
 1.35146e-07
 1.26276e-07
 1.18204e-07
 1.10842e-07
 4.04734e-07
 3.83389e-07
 3.59786e-07
 3.35546e-07
 3.11703e-07
 2.88881e-07
 2.67422e-07
 2.47481e-07
 2.29098e-07
 2.12238e-07
 1.96826e-07
 1.82764e-07
 1.69947e-07
 1.58267e-07
 1.47619e-07
 1.37904e-07
 1.29033e-07
 1.20923e-07
 1.13497e-07
 1.06689e-07
