scalar
part
         1
quad4
 3.57942e-07
 3.43495e-07
 3.25874e-07
 3.06735e-07
 2.87200e-07
 2.67993e-07
 2.49559e-07
 2.32149e-07
 2.15884e-07
 2.00802e-07
 1.86887e-07
 1.74089e-07
 1.62344e-07
 1.51576e-07
 1.41707e-07
 1.32662e-07
 1.24367e-07
 1.16756e-07
 1.09763e-07
 1.03333e-07
 4.40393e-07
 4.13375e-07
 3.84706e-07
 3.56115e-07
 3.28620e-07
 3.02775e-07
 2.78833e-07
 2.56864e-07
 2.36825e-07
 2.18615e-07
 2.02102e-07
 1.87141e-07
 1.73587e-07
 1.61301e-07
 1.50155e-07
 1.40030e-07
 1.30818e-07
 1.22425e-07
 1.14764e-07
 1.07759e-07
 5.41622e-07
 4.96350e-07
 4.52581e-07
 4.11687e-07
 3.74245e-07
 3.40382e-07
 3.09977e-07
 2.82789e-07
 2.58523e-07
 2.36875e-07
 2.17552e-07
 2.00284e-07
 1.84826e-07
 1.70961e-07
 1.58498e-07
 1.47269e-07
 1.37128e-07
 1.27947e-07
 1.19618e-07
 1.12042e-07
 6.64060e-07
 5.93162e-07
 5.29410e-07
 4.72995e-07
 4.23491e-07
 3.80223e-07
 3.42448e-07
 3.09449e-07
 2.80572e-07
 2.55240e-07
 2.32953e-07
 2.13283e-07
 1.95866e-07
 1.80393e-07
 1.66601e-07
 1.54267e-07
 1.43203e-07
 1.33246e-07
 1.24259e-07
 1.16125e-07
 8.08731e-07
 7.03311e-07
 6.14142e-07
 5.38881e-07
 4.75280e-07
 4.21364e-07
 3.75464e-07
 3.36204e-07
 3.02453e-07
 2.73291e-07
 2.47967e-07
 2.25866e-07
 2.06488e-07
 1.89420e-07
 1.74320e-07
 1.60908e-07
 1.48946e-07
 1.38240e-07
 1.28623e-07
 1.19956e-07
 9.73904e-07
 8.24330e-07
 7.04393e-07
 6.07306e-07
 5.27957e-07
 4.62495e-07
 4.08003e-07
 3.62258e-07
 3.23548e-07
 2.90546e-07
 2.62215e-07
 2.37735e-07
 2.16455e-07
 1.97852e-07
 1.81504e-07
 1.67067e-07
 1.54260e-07
 1.42849e-07
 1.32642e-07
 1.23477e-07
 1.15351e-06
 9.51077e-07
 7.96155e-07
 6.75248e-07
 5.79274e-07
 5.01950e-07
 4.38825e-07
 3.86683e-07
 3.43157e-07
 3.06474e-07
 2.75291e-07
 2.48575e-07
 2.25522e-07
 2.05498e-07
 1.88000e-07
 1.72625e-07
 1.59045e-07
 1.46994e-07
 1.36252e-07
 1.26637e-07
 1.33586e-06
 1.07534e-06
 8.83747e-07
 7.38775e-07
 6.26488e-07
 5.37794e-07
 4.66549e-07
 4.08481e-07
 3.60547e-07
 3.20530e-07
 2.86787e-07
 2.58076e-07
 2.33450e-07
 2.12172e-07
 1.93663e-07
 1.77465e-07
 1.63210e-07
 1.50600e-07
 1.39392e-07
 1.29386e-07
 1.50331e-06
 1.18613e-06
 9.60185e-07
 7.93355e-07
 6.66595e-07
 5.67990e-07
 4.89764e-07
 4.26657e-07
 3.75005e-07
 3.32195e-07
 2.96316e-07
 2.65948e-07
 2.40019e-07
 2.17704e-07
 1.98360e-07
 1.81484e-07
 1.66672e-07
 1.53601e-07
 1.42009e-07
 1.31681e-07
 1.63395e-06
 1.27098e-06
 1.01809e-06
 8.34440e-07
 6.96692e-07
 5.90632e-07
 5.07184e-07
 4.40320e-07
 3.85903e-07
 3.41014e-07
 3.03545e-07
 2.71943e-07
 2.45042e-07
 2.21950e-07
 2.01981e-07
 1.84594e-07
 1.69362e-07
 1.55943e-07
 1.44059e-07
 1.33486e-07
 1.70626e-06
 1.31859e-06
 1.05108e-06
 8.58252e-07
 7.14438e-07
 6.04211e-07
 5.17806e-07
 4.48785e-07
 3.92758e-07
 3.46643e-07
 3.08225e-07
 2.75875e-07
 2.48377e-07
 2.24804e-07
 2.04441e-07
 1.86730e-07
 1.71229e-07
 1.57584e-07
 1.45509e-07
 1.34773e-07
 1.70670e-06
 1.32209e-06
 1.05543e-06
 8.62598e-07
 7.18483e-07
 6.07860e-07
 5.21052e-07
 4.51655e-07
 3.95292e-07
 3.48881e-07
 3.10205e-07
 2.77632e-07
 2.49940e-07
 2.26199e-07
 2.05690e-07
 1.87852e-07
 1.72240e-07
 1.58497e-07
 1.46337e-07
 1.35526e-07
 1.63612e-06
 1.28168e-06
 1.03110e-06
 8.47405e-07
 7.08741e-07
 6.01499e-07
 5.16852e-07
 4.48872e-07
 3.93456e-07
 3.47688e-07
 3.09453e-07
 2.77187e-07
 2.49709e-07
 2.26117e-07
 2.05713e-07
 1.87947e-07
 1.72384e-07
 1.58674e-07
 1.46536e-07
 1.35737e-07
 1.50981e-06
 1.20463e-06
 9.81849e-07
 8.14738e-07
 6.86410e-07
 5.85849e-07
 5.05656e-07
 4.40723e-07
 3.87437e-07
 3.43188e-07
 3.06055e-07
 2.74598e-07
 2.47724e-07
 2.24587e-07
 2.04529e-07
 1.87029e-07
 1.71671e-07
 1.58122e-07
 1.46109e-07
 1.35410e-07
 1.35061e-06
 1.10267e-06
 9.14099e-07
 7.68288e-07
 6.53703e-07
 5.62290e-07
 4.88351e-07
 4.27794e-07
 3.77633e-07
 3.35656e-07
 3.00202e-07
 2.70004e-07
 2.44085e-07
 2.21681e-07
 2.02192e-07
 1.85138e-07
 1.70133e-07
 1.56865e-07
 1.45077e-07
 1.34559e-07
 1.18065e-06
 9.88391e-07
 8.35223e-07
 7.12524e-07
 6.13420e-07
 5.32624e-07
 4.66127e-07
 4.10890e-07
 3.64599e-07
 3.25483e-07
 2.92175e-07
 2.63607e-07
 2.38941e-07
 2.17512e-07
 1.98788e-07
 1.82340e-07
 1.67819e-07
 1.54941e-07
 1.43469e-07
 1.33208e-07
 1.01620e-06
 8.72359e-07
 7.52020e-07
 6.51858e-07
 5.68464e-07
 4.98800e-07
 4.40316e-07
 3.90936e-07
 3.48989e-07
 3.13138e-07
 2.82314e-07
 2.55659e-07
 2.32481e-07
 2.12222e-07
 1.94425e-07
 1.78718e-07
 1.64794e-07
 1.52400e-07
 1.41325e-07
 1.31390e-07
 8.66670e-07
 7.61916e-07
 6.69811e-07
 5.90047e-07
 5.21475e-07
 4.62674e-07
 4.12236e-07
 3.68879e-07
 3.31490e-07
 2.99126e-07
 2.70996e-07
 2.46442e-07
 2.24919e-07
 2.05973e-07
 1.89228e-07
 1.74370e-07
 1.61136e-07
 1.49306e-07
 1.38694e-07
 1.29144e-07
 7.35997e-07
 6.61251e-07
 5.92180e-07
 5.29912e-07
 4.74592e-07
 4.25849e-07
 3.83080e-07
 3.45609e-07
 3.12769e-07
 2.83949e-07
 2.58601e-07
 2.36248e-07
 2.16479e-07
 1.98942e-07
 1.83335e-07
 1.69404e-07
 1.56929e-07
 1.45725e-07
 1.35631e-07
 1.26513e-07
 6.24583e-07
 5.72123e-07
 5.21159e-07
 4.73323e-07
 4.29389e-07
 3.89590e-07
 3.53845e-07
 3.21900e-07
 2.93428e-07
 2.68074e-07
 2.45492e-07
 2.25360e-07
 2.07384e-07
 1.91303e-07
 1.76886e-07
 1.63932e-07
 1.52264e-07
 1.41730e-07
 1.32196e-07
 1.23547e-07
