scalar
part
         1
quad4
 5.69664e-07
 5.25586e-07
 4.81946e-07
 4.40371e-07
 4.01713e-07
 3.66321e-07
 3.34238e-07
 3.05332e-07
 2.79379e-07
 2.56117e-07
 2.35278e-07
 2.16600e-07
 1.99843e-07
 1.84787e-07
 1.71235e-07
 1.59014e-07
 1.47970e-07
 1.37969e-07
 1.28892e-07
 1.20636e-07
 6.75080e-07
 6.10924e-07
 5.50758e-07
 4.95840e-07
 4.46524e-07
 4.02657e-07
 3.63841e-07
 3.29578e-07
 2.99348e-07
 2.72658e-07
 2.49057e-07
 2.28143e-07
 2.09564e-07
 1.93017e-07
 1.78239e-07
 1.65003e-07
 1.53114e-07
 1.42407e-07
 1.32737e-07
 1.23980e-07
 7.99764e-07
 7.08288e-07
 6.26856e-07
 5.55560e-07
 4.93666e-07
 4.40130e-07
 3.93849e-07
 3.53789e-07
 3.19029e-07
 2.88773e-07
 2.62345e-07
 2.39174e-07
 2.18780e-07
 2.00764e-07
 1.84787e-07
 1.70568e-07
 1.57869e-07
 1.46489e-07
 1.36257e-07
 1.27030e-07
 9.44059e-07
 8.16566e-07
 7.08704e-07
 6.18012e-07
 5.41811e-07
 4.77636e-07
 4.23370e-07
 3.77257e-07
 3.37862e-07
 3.04021e-07
 2.74794e-07
 2.49417e-07
 2.27271e-07
 2.07850e-07
 1.90740e-07
 1.75598e-07
 1.62144e-07
 1.50140e-07
 1.39392e-07
 1.29734e-07
 1.10536e-06
 9.32534e-07
 7.93362e-07
 6.80787e-07
 5.89072e-07
 5.13729e-07
 4.51305e-07
 3.99146e-07
 3.55209e-07
 3.17914e-07
 2.86028e-07
 2.58582e-07
 2.34810e-07
 2.14099e-07
 1.95955e-07
 1.79980e-07
 1.65848e-07
 1.53289e-07
 1.42083e-07
 1.32045e-07
 1.27631e-06
 1.05012e-06
 8.76250e-07
 7.40546e-07
 6.33037e-07
 5.46670e-07
 4.76391e-07
 4.18532e-07
 3.70390e-07
 3.29945e-07
 2.95666e-07
 2.66380e-07
 2.41175e-07
 2.19338e-07
 2.00300e-07
 1.83609e-07
 1.68898e-07
 1.55868e-07
 1.44276e-07
 1.33919e-07
 1.44336e-06
 1.16013e-06
 9.51237e-07
 7.93185e-07
 6.70933e-07
 5.74553e-07
 4.97301e-07
 4.34477e-07
 3.82730e-07
 3.39621e-07
 3.03344e-07
 2.72537e-07
 2.46161e-07
 2.23410e-07
 2.03653e-07
 1.86390e-07
 1.71219e-07
 1.57819e-07
 1.45924e-07
 1.35318e-07
 1.58704e-06
 1.25100e-06
 1.01128e-06
 8.34299e-07
 6.99924e-07
 5.95508e-07
 5.12771e-07
 4.46108e-07
 3.91615e-07
 3.46505e-07
 3.08743e-07
 2.76820e-07
 2.49592e-07
 2.26183e-07
 2.05913e-07
 1.88244e-07
 1.72752e-07
 1.59092e-07
 1.46988e-07
 1.36213e-07
 1.68538e-06
 1.31089e-06
 1.04965e-06
 8.59876e-07
 7.17528e-07
 6.07947e-07
 5.21756e-07
 4.52721e-07
 3.96560e-07
 3.50254e-07
 3.11620e-07
 2.79050e-07
 2.51337e-07
 2.27559e-07
 2.07004e-07
 1.89116e-07
 1.73451e-07
 1.59655e-07
 1.47443e-07
 1.36581e-07
 1.72052e-06
 1.33076e-06
 1.06144e-06
 8.67098e-07
 7.22050e-07
 6.10812e-07
 5.23574e-07
 4.53863e-07
 3.97258e-07
 3.50656e-07
 3.11824e-07
 2.79120e-07
 2.51316e-07
 2.27479e-07
 2.06885e-07
 1.88972e-07
 1.73292e-07
 1.59488e-07
 1.47273e-07
 1.36411e-07
 1.68525e-06
 1.30714e-06
 1.04482e-06
 8.54959e-07
 7.12908e-07
 6.03753e-07
 5.18009e-07
 4.49397e-07
 3.93619e-07
 3.47652e-07
 3.09314e-07
 2.77002e-07
 2.49513e-07
 2.25930e-07
 2.05546e-07
 1.87805e-07
 1.72270e-07
 1.58588e-07
 1.46476e-07
 1.35701e-07
 1.58573e-06
 1.24318e-06
 1.00157e-06
 8.24504e-07
 6.90752e-07
 5.87192e-07
 5.05344e-07
 4.39519e-07
 3.85784e-07
 3.41343e-07
 3.04168e-07
 2.72755e-07
 2.45971e-07
 2.22948e-07
 2.03013e-07
 1.85638e-07
 1.70403e-07
 1.56968e-07
 1.45063e-07
 1.34462e-07
 1.43858e-06
 1.14754e-06
 9.36497e-07
 7.78576e-07
 6.57340e-07
 5.62258e-07
 4.86328e-07
 4.24741e-07
 3.74108e-07
 3.31985e-07
 2.96569e-07
 2.66514e-07
 2.40792e-07
 2.18610e-07
 1.99348e-07
 1.82518e-07
 1.67727e-07
 1.54659e-07
 1.43058e-07
 1.32711e-07
 1.26502e-06
 1.03180e-06
 8.56298e-07
 7.21220e-07
 6.15211e-07
 5.30600e-07
 4.62063e-07
 4.05818e-07
 3.59124e-07
 3.19956e-07
 2.86796e-07
 2.58485e-07
 2.34130e-07
 2.13033e-07
 1.94642e-07
 1.78515e-07
 1.64299e-07
 1.51705e-07
 1.40497e-07
 1.30479e-07
 1.08505e-06
 9.07669e-07
 7.68093e-07
 6.56911e-07
 5.67267e-07
 4.94148e-07
 4.33865e-07
 3.83666e-07
 3.41481e-07
 3.05729e-07
 2.75193e-07
 2.48927e-07
 2.26182e-07
 2.06368e-07
 1.89009e-07
 1.73720e-07
 1.60191e-07
 1.48163e-07
 1.37426e-07
 1.27803e-07
 9.13705e-07
 7.84896e-07
 6.78245e-07
 5.89874e-07
 5.16359e-07
 4.54866e-07
 4.03109e-07
 3.59266e-07
 3.21888e-07
 2.89822e-07
 2.62149e-07
 2.38130e-07
 2.17170e-07
 1.98786e-07
 1.82583e-07
 1.68239e-07
 1.55485e-07
 1.44100e-07
 1.33899e-07
 1.24725e-07
 7.59983e-07
 6.70256e-07
 5.91654e-07
 5.23604e-07
 4.64985e-07
 4.14547e-07
 3.71096e-07
 3.33570e-07
 3.01051e-07
 2.72765e-07
 2.48063e-07
 2.26402e-07
 2.07330e-07
 1.90471e-07
 1.75511e-07
 1.62186e-07
 1.50274e-07
 1.39590e-07
 1.29975e-07
 1.21296e-07
 6.27596e-07
 5.67550e-07
 5.11542e-07
 4.60654e-07
 4.15108e-07
 3.74683e-07
 3.38956e-07
 3.07436e-07
 2.79625e-07
 2.55061e-07
 2.33323e-07
 2.14043e-07
 1.96898e-07
 1.81610e-07
 1.67939e-07
 1.55680e-07
 1.44654e-07
 1.34711e-07
 1.25720e-07
 1.17567e-07
 5.16660e-07
 4.78197e-07
 4.39626e-07
 4.02638e-07
 3.68109e-07
 3.36406e-07
 3.07598e-07
 2.81585e-07
 2.58180e-07
 2.37158e-07
 2.18286e-07
 2.01338e-07
 1.86101e-07
 1.72385e-07
 1.60015e-07
 1.48839e-07
 1.38721e-07
 1.29542e-07
 1.21196e-07
 1.13593e-07
 4.25294e-07
 4.02022e-07
 3.76470e-07
 3.50375e-07
 3.24833e-07
 3.00491e-07
 2.77691e-07
 2.56580e-07
 2.37180e-07
 2.19439e-07
 2.03263e-07
 1.88539e-07
 1.75146e-07
 1.62964e-07
 1.51877e-07
 1.41778e-07
 1.32569e-07
 1.24160e-07
 1.16470e-07
 1.09427e-07
