scalar
part
         1
quad4
 5.28460e-07
 4.89846e-07
 4.50964e-07
 4.13492e-07
 3.78351e-07
 3.45962e-07
 3.16441e-07
 2.89721e-07
 2.65634e-07
 2.43971e-07
 2.24503e-07
 2.07007e-07
 1.91270e-07
 1.77098e-07
 1.64316e-07
 1.52767e-07
 1.42312e-07
 1.32828e-07
 1.24207e-07
 1.16355e-07
 6.30324e-07
 5.72750e-07
 5.18160e-07
 4.67934e-07
 4.22551e-07
 3.81981e-07
 3.45929e-07
 3.13989e-07
 2.85718e-07
 2.60686e-07
 2.38492e-07
 2.18779e-07
 2.01231e-07
 1.85570e-07
 1.71557e-07
 1.58986e-07
 1.47677e-07
 1.37477e-07
 1.28253e-07
 1.19890e-07
 7.51593e-07
 6.67954e-07
 5.92967e-07
 5.26954e-07
 4.69391e-07
 4.19411e-07
 3.76062e-07
 3.38429e-07
 3.05689e-07
 2.77123e-07
 2.52116e-07
 2.30146e-07
 2.10775e-07
 1.93633e-07
 1.78407e-07
 1.64837e-07
 1.52701e-07
 1.41811e-07
 1.32009e-07
 1.23159e-07
 8.92920e-07
 7.74597e-07
 6.74040e-07
 5.89175e-07
 5.17641e-07
 4.57222e-07
 4.05999e-07
 3.62368e-07
 3.25011e-07
 2.92858e-07
 2.65037e-07
 2.40840e-07
 2.19690e-07
 2.01115e-07
 1.84728e-07
 1.70208e-07
 1.57291e-07
 1.45754e-07
 1.35413e-07
 1.26112e-07
 1.05213e-06
 8.89771e-07
 7.58664e-07
 6.52345e-07
 5.65520e-07
 4.94036e-07
 4.34686e-07
 3.84998e-07
 3.43068e-07
 3.07416e-07
 2.76887e-07
 2.50572e-07
 2.27749e-07
 2.07839e-07
 1.90378e-07
 1.74987e-07
 1.61357e-07
 1.49234e-07
 1.38407e-07
 1.28700e-07
 1.22244e-06
 1.00778e-06
 8.42506e-07
 7.13278e-07
 6.10716e-07
 5.28176e-07
 4.60897e-07
 4.05419e-07
 3.59189e-07
 3.20295e-07
 2.87288e-07
 2.59055e-07
 2.34730e-07
 2.13632e-07
 1.95222e-07
 1.79065e-07
 1.64814e-07
 1.52181e-07
 1.40934e-07
 1.30878e-07
 1.39092e-06
 1.11984e-06
 9.19671e-07
 7.68009e-07
 6.50528e-07
 5.57773e-07
 4.83323e-07
 4.22698e-07
 3.72700e-07
 3.31001e-07
 2.95872e-07
 2.66012e-07
 2.40423e-07
 2.18332e-07
 1.99133e-07
 1.82346e-07
 1.67583e-07
 1.54534e-07
 1.42945e-07
 1.32606e-07
 1.53881e-06
 1.21473e-06
 9.83297e-07
 8.12210e-07
 6.82150e-07
 5.80964e-07
 5.00695e-07
 4.35952e-07
 3.82977e-07
 3.39083e-07
 3.02310e-07
 2.71198e-07
 2.44644e-07
 2.21800e-07
 2.02006e-07
 1.84744e-07
 1.69600e-07
 1.56241e-07
 1.44398e-07
 1.33851e-07
 1.64474e-06
 1.28085e-06
 1.02670e-06
 8.41860e-07
 7.03068e-07
 5.96122e-07
 5.11931e-07
 4.44445e-07
 3.89506e-07
 3.44178e-07
 3.06338e-07
 2.74421e-07
 2.47249e-07
 2.23926e-07
 2.03757e-07
 1.86196e-07
 1.70814e-07
 1.57262e-07
 1.45262e-07
 1.34586e-07
 1.69101e-06
 1.30904e-06
 1.04483e-06
 8.54002e-07
 7.11474e-07
 6.02102e-07
 5.16282e-07
 4.47672e-07
 3.91940e-07
 3.46040e-07
 3.07781e-07
 2.75551e-07
 2.48144e-07
 2.24640e-07
 2.04331e-07
 1.86662e-07
 1.71193e-07
 1.57573e-07
 1.45518e-07
 1.34797e-07
 1.66966e-06
 1.29529e-06
 1.03547e-06
 8.47361e-07
 7.06597e-07
 5.98418e-07
 5.13433e-07
 4.45425e-07
 3.90137e-07
 3.44572e-07
 3.06569e-07
 2.74540e-07
 2.47291e-07
 2.23915e-07
 2.03709e-07
 1.86124e-07
 1.70725e-07
 1.57163e-07
 1.45158e-07
 1.34478e-07
 1.58502e-06
 1.24173e-06
 9.99791e-07
 8.22606e-07
 6.88842e-07
 5.85327e-07
 5.03553e-07
 4.37817e-07
 3.84175e-07
 3.39828e-07
 3.02744e-07
 2.71417e-07
 2.44714e-07
 2.21767e-07
 2.01904e-07
 1.84594e-07
 1.69419e-07
 1.56040e-07
 1.44187e-07
 1.33634e-07
 1.45162e-06
 1.15589e-06
 9.41957e-07
 7.82174e-07
 6.59702e-07
 5.63780e-07
 4.87267e-07
 4.25271e-07
 3.74348e-07
 3.32018e-07
 2.96454e-07
 2.66293e-07
 2.40495e-07
 2.18260e-07
 1.98963e-07
 1.82109e-07
 1.67303e-07
 1.54228e-07
 1.42623e-07
 1.32278e-07
 1.28908e-06
 1.04843e-06
 8.68090e-07
 7.29749e-07
 6.21479e-07
 5.35263e-07
 4.65563e-07
 4.08462e-07
 3.61127e-07
 3.21475e-07
 2.87943e-07
 2.59345e-07
 2.34767e-07
 2.13495e-07
 1.94965e-07
 1.78729e-07
 1.64426e-07
 1.51762e-07
 1.40498e-07
 1.30436e-07
 1.11678e-06
 9.30568e-07
 7.84960e-07
 6.69559e-07
 5.76899e-07
 5.01581e-07
 4.39666e-07
 3.88237e-07
 3.45111e-07
 3.08631e-07
 2.77527e-07
 2.50810e-07
 2.27708e-07
 2.07605e-07
 1.90013e-07
 1.74535e-07
 1.60850e-07
 1.48694e-07
 1.37851e-07
 1.28139e-07
 9.49935e-07
 8.11991e-07
 6.98816e-07
 6.05714e-07
 5.28715e-07
 4.64618e-07
 4.10887e-07
 3.65527e-07
 3.26970e-07
 2.93977e-07
 2.65568e-07
 2.40960e-07
 2.19523e-07
 2.00751e-07
 1.84231e-07
 1.69624e-07
 1.56652e-07
 1.45085e-07
 1.34731e-07
 1.25429e-07
 7.98122e-07
 6.99711e-07
 6.14630e-07
 5.41713e-07
 4.79403e-07
 4.26136e-07
 3.80496e-07
 3.41256e-07
 3.07384e-07
 2.78020e-07
 2.52449e-07
 2.30085e-07
 2.10438e-07
 1.93106e-07
 1.77754e-07
 1.64103e-07
 1.51918e-07
 1.41004e-07
 1.31194e-07
 1.22349e-07
 6.65782e-07
 5.97907e-07
 5.35817e-07
 4.80200e-07
 4.30962e-07
 3.87638e-07
 3.49620e-07
 3.16274e-07
 2.86999e-07
 2.61250e-07
 2.38548e-07
 2.18477e-07
 2.00680e-07
 1.84850e-07
 1.70727e-07
 1.58087e-07
 1.46740e-07
 1.36525e-07
 1.27301e-07
 1.18950e-07
 5.53678e-07
 5.08396e-07
 4.64326e-07
 4.22922e-07
 3.84848e-07
 3.50295e-07
 3.19187e-07
 2.91309e-07
 2.66384e-07
 2.44116e-07
 2.24217e-07
 2.06417e-07
 1.90471e-07
 1.76160e-07
 1.63289e-07
 1.51689e-07
 1.41210e-07
 1.31723e-07
 1.23113e-07
 1.15282e-07
 4.60435e-07
 4.31351e-07
 4.00950e-07
 3.70844e-07
 3.41999e-07
 3.14939e-07
 2.89902e-07
 2.66945e-07
 2.46016e-07
 2.27004e-07
 2.09769e-07
 1.94157e-07
 1.80016e-07
 1.67201e-07
 1.55578e-07
 1.45021e-07
 1.35420e-07
 1.26674e-07
 1.18693e-07
 1.11398e-07
