scalar
part
         1
quad4
 6.41890e-07
 5.87863e-07
 5.35426e-07
 4.86227e-07
 4.41048e-07
 4.00123e-07
 3.63365e-07
 3.30516e-07
 3.01238e-07
 2.75166e-07
 2.51947e-07
 2.31249e-07
 2.12768e-07
 1.96238e-07
 1.81420e-07
 1.68107e-07
 1.56117e-07
 1.45294e-07
 1.35500e-07
 1.26616e-07
 7.55540e-07
 6.78804e-07
 6.07902e-07
 5.43976e-07
 4.87171e-07
 4.37108e-07
 3.93173e-07
 3.54675e-07
 3.20933e-07
 2.91319e-07
 2.65274e-07
 2.42307e-07
 2.21997e-07
 2.03980e-07
 1.87950e-07
 1.73641e-07
 1.60830e-07
 1.49324e-07
 1.38962e-07
 1.29602e-07
 8.88770e-07
 7.81487e-07
 6.87110e-07
 6.05333e-07
 5.34995e-07
 4.74656e-07
 4.22884e-07
 3.78370e-07
 3.39979e-07
 3.06745e-07
 2.77859e-07
 2.52646e-07
 2.30546e-07
 2.11094e-07
 1.93903e-07
 1.78651e-07
 1.65068e-07
 1.52927e-07
 1.42038e-07
 1.32240e-07
 1.04121e-06
 8.94154e-07
 7.70997e-07
 6.68400e-07
 5.82920e-07
 5.11478e-07
 4.51480e-07
 4.00809e-07
 3.57761e-07
 3.20966e-07
 2.89330e-07
 2.61973e-07
 2.38187e-07
 2.17397e-07
 1.99137e-07
 1.83022e-07
 1.68739e-07
 1.56027e-07
 1.44669e-07
 1.34482e-07
 1.20897e-06
 1.01260e-06
 8.55939e-07
 7.30312e-07
 6.28766e-07
 5.45937e-07
 4.77742e-07
 4.21083e-07
 3.73595e-07
 3.33467e-07
 2.99296e-07
 2.69991e-07
 2.44690e-07
 2.22712e-07
 2.03511e-07
 1.86645e-07
 1.71758e-07
 1.58556e-07
 1.46797e-07
 1.36282e-07
 1.38264e-06
 1.12942e-06
 9.36543e-07
 7.87244e-07
 6.69838e-07
 5.76132e-07
 5.00320e-07
 4.38219e-07
 3.86778e-07
 3.43731e-07
 3.07375e-07
 2.76411e-07
 2.49837e-07
 2.26872e-07
 2.06896e-07
 1.89419e-07
 1.74044e-07
 1.60450e-07
 1.48374e-07
 1.37601e-07
 1.54587e-06
 1.23391e-06
 1.00587e-06
 8.34683e-07
 7.03157e-07
 6.00065e-07
 5.17844e-07
 4.51269e-07
 3.96637e-07
 3.51276e-07
 3.13214e-07
 2.80975e-07
 2.53436e-07
 2.29730e-07
 2.09183e-07
 1.91258e-07
 1.75531e-07
 1.61657e-07
 1.49358e-07
 1.38405e-07
 1.67617e-06
 1.31318e-06
 1.05636e-06
 8.68025e-07
 7.25840e-07
 6.15876e-07
 5.29090e-07
 4.59402e-07
 4.02602e-07
 3.55701e-07
 3.16528e-07
 2.83475e-07
 2.55332e-07
 2.31174e-07
 2.10284e-07
 1.92098e-07
 1.76169e-07
 1.62140e-07
 1.49720e-07
 1.38672e-07
 1.74989e-06
 1.35504e-06
 1.08131e-06
 8.83430e-07
 7.35583e-07
 6.22134e-07
 5.33138e-07
 4.62014e-07
 4.04264e-07
 3.56725e-07
 3.17119e-07
 2.83770e-07
 2.55425e-07
 2.31129e-07
 2.10145e-07
 1.91897e-07
 1.75928e-07
 1.61874e-07
 1.49440e-07
 1.38386e-07
 1.75058e-06
 1.35167e-06
 1.07672e-06
 8.78695e-07
 7.31121e-07
 6.18082e-07
 5.29520e-07
 4.58808e-07
 4.01430e-07
 3.54220e-07
 3.14902e-07
 2.81803e-07
 2.53675e-07
 2.29567e-07
 2.08747e-07
 1.90641e-07
 1.74797e-07
 1.60852e-07
 1.48514e-07
 1.37545e-07
 1.67640e-06
 1.30250e-06
 1.04243e-06
 8.53827e-07
 7.12507e-07
 6.03786e-07
 5.18300e-07
 4.49841e-07
 3.94150e-07
 3.48229e-07
 3.09911e-07
 2.77603e-07
 2.50106e-07
 2.26509e-07
 2.06106e-07
 1.88346e-07
 1.72789e-07
 1.59085e-07
 1.46951e-07
 1.36156e-07
 1.54086e-06
 1.21439e-06
 9.82237e-07
 8.11053e-07
 6.81122e-07
 5.80136e-07
 5.00076e-07
 4.35524e-07
 3.82715e-07
 3.38961e-07
 3.02303e-07
 2.71285e-07
 2.44807e-07
 2.22023e-07
 2.02277e-07
 1.85053e-07
 1.69937e-07
 1.56601e-07
 1.44774e-07
 1.34238e-07
 1.36645e-06
 1.09914e-06
 9.02747e-07
 7.54287e-07
 6.39392e-07
 5.48698e-07
 4.75886e-07
 4.16569e-07
 3.67623e-07
 3.26774e-07
 2.92338e-07
 2.63045e-07
 2.37924e-07
 2.16222e-07
 1.97347e-07
 1.80831e-07
 1.66298e-07
 1.53442e-07
 1.42018e-07
 1.31819e-07
 1.17652e-06
 9.69879e-07
 8.11711e-07
 6.88288e-07
 5.90343e-07
 5.11454e-07
 4.47071e-07
 3.93903e-07
 3.49529e-07
 3.12140e-07
 2.80363e-07
 2.53141e-07
 2.29654e-07
 2.09255e-07
 1.91432e-07
 1.75771e-07
 1.61941e-07
 1.49667e-07
 1.38728e-07
 1.28937e-07
 9.89863e-07
 8.38262e-07
 7.16483e-07
 6.17807e-07
 5.37118e-07
 4.70532e-07
 4.15097e-07
 3.68558e-07
 3.29175e-07
 2.95600e-07
 2.66777e-07
 2.41872e-07
 2.20224e-07
 2.01299e-07
 1.84668e-07
 1.69981e-07
 1.56952e-07
 1.45344e-07
 1.34961e-07
 1.25637e-07
 8.18822e-07
 7.12935e-07
 6.23029e-07
 5.46963e-07
 4.82581e-07
 4.27947e-07
 3.81404e-07
 3.41574e-07
 3.07322e-07
 2.77719e-07
 2.52006e-07
 2.29563e-07
 2.09882e-07
 1.92545e-07
 1.77207e-07
 1.63581e-07
 1.51428e-07
 1.40550e-07
 1.30778e-07
 1.21971e-07
 6.69626e-07
 5.99237e-07
 5.35525e-07
 4.78902e-07
 4.29073e-07
 3.85432e-07
 3.47278e-07
 3.13914e-07
 2.84693e-07
 2.59045e-07
 2.36469e-07
 2.16537e-07
 1.98882e-07
 1.83193e-07
 1.69206e-07
 1.56695e-07
 1.45470e-07
 1.35367e-07
 1.26247e-07
 1.17992e-07
 5.43890e-07
 4.99656e-07
 4.56416e-07
 4.15731e-07
 3.78304e-07
 3.44344e-07
 3.13779e-07
 2.86400e-07
 2.61931e-07
 2.40080e-07
 2.20560e-07
 2.03103e-07
 1.87468e-07
 1.73438e-07
 1.60822e-07
 1.49451e-07
 1.39179e-07
 1.29878e-07
 1.21437e-07
 1.13758e-07
 4.40358e-07
 4.14608e-07
 3.86739e-07
 3.58621e-07
 3.31379e-07
 3.05641e-07
 2.81711e-07
 2.59693e-07
 2.39569e-07
 2.21254e-07
 2.04624e-07
 1.89542e-07
 1.75868e-07
 1.63464e-07
 1.52204e-07
 1.41971e-07
 1.32657e-07
 1.24167e-07
 1.16415e-07
 1.09325e-07
 3.56362e-07
 3.43230e-07
 3.26527e-07
 3.08010e-07
 2.88879e-07
 2.69920e-07
 2.51625e-07
 2.34278e-07
 2.18025e-07
 2.02918e-07
 1.88955e-07
 1.76096e-07
 1.64280e-07
 1.53436e-07
 1.43490e-07
 1.34368e-07
 1.25997e-07
 1.18312e-07
 1.11249e-07
 1.04750e-07
