scalar
part
         1
quad4
 3.50110e-07
 3.37531e-07
 3.21372e-07
 3.03368e-07
 2.84708e-07
 2.66174e-07
 2.48258e-07
 2.31246e-07
 2.15287e-07
 2.00442e-07
 1.86708e-07
 1.74051e-07
 1.62413e-07
 1.51728e-07
 1.41922e-07
 1.32925e-07
 1.24666e-07
 1.17080e-07
 1.10106e-07
 1.03689e-07
 4.32872e-07
 4.07930e-07
 3.80814e-07
 3.53377e-07
 3.26737e-07
 3.01525e-07
 2.78052e-07
 2.56429e-07
 2.36648e-07
 2.18630e-07
 2.02258e-07
 1.87401e-07
 1.73922e-07
 1.61691e-07
 1.50583e-07
 1.40483e-07
 1.31288e-07
 1.22904e-07
 1.15246e-07
 1.08241e-07
 5.34912e-07
 4.91846e-07
 4.49636e-07
 4.09840e-07
 3.73171e-07
 3.39852e-07
 3.09831e-07
 2.82912e-07
 2.58835e-07
 2.37317e-07
 2.18083e-07
 2.00873e-07
 1.85452e-07
 1.71607e-07
 1.59153e-07
 1.47924e-07
 1.37778e-07
 1.28588e-07
 1.20245e-07
 1.12655e-07
 6.58888e-07
 5.90156e-07
 5.27826e-07
 4.72341e-07
 4.23447e-07
 3.80575e-07
 3.43055e-07
 3.10217e-07
 2.81436e-07
 2.56158e-07
 2.33895e-07
 2.14230e-07
 1.96804e-07
 1.81313e-07
 1.67497e-07
 1.55136e-07
 1.44042e-07
 1.34055e-07
 1.25038e-07
 1.16874e-07
 8.06088e-07
 7.02493e-07
 6.14391e-07
 5.39746e-07
 4.76489e-07
 4.22754e-07
 3.76935e-07
 3.37695e-07
 3.03928e-07
 2.74727e-07
 2.49352e-07
 2.27194e-07
 2.07755e-07
 1.90626e-07
 1.75467e-07
 1.61997e-07
 1.49981e-07
 1.39222e-07
 1.29556e-07
 1.20842e-07
 9.75008e-07
 8.26465e-07
 7.06960e-07
 6.09999e-07
 5.30622e-07
 4.65056e-07
 4.10428e-07
 3.64534e-07
 3.25675e-07
 2.92530e-07
 2.64064e-07
 2.39459e-07
 2.18063e-07
 1.99354e-07
 1.82908e-07
 1.68382e-07
 1.55493e-07
 1.44007e-07
 1.33731e-07
 1.24503e-07
 1.15965e-06
 9.56888e-07
 8.01455e-07
 6.80014e-07
 5.83544e-07
 5.05776e-07
 4.42264e-07
 3.89783e-07
 3.45962e-07
 3.09023e-07
 2.77615e-07
 2.50702e-07
 2.27475e-07
 2.07297e-07
 1.89663e-07
 1.74166e-07
 1.60476e-07
 1.48327e-07
 1.37496e-07
 1.27802e-07
 1.34805e-06
 1.08532e-06
 8.92021e-07
 7.45739e-07
 6.32428e-07
 5.42919e-07
 4.71017e-07
 4.12412e-07
 3.64033e-07
 3.23643e-07
 2.89584e-07
 2.60604e-07
 2.35746e-07
 2.14266e-07
 1.95581e-07
 1.79229e-07
 1.64837e-07
 1.52106e-07
 1.40790e-07
 1.30688e-07
 1.52180e-06
 1.20029e-06
 9.71403e-07
 8.02472e-07
 6.74160e-07
 5.74376e-07
 4.95230e-07
 4.31392e-07
 3.79150e-07
 3.35854e-07
 2.99571e-07
 2.68864e-07
 2.42646e-07
 2.20083e-07
 2.00526e-07
 1.83464e-07
 1.68489e-07
 1.55275e-07
 1.43557e-07
 1.33116e-07
 1.65785e-06
 1.28880e-06
 1.03190e-06
 8.45477e-07
 7.05724e-07
 5.98165e-07
 5.13566e-07
 4.45799e-07
 3.90659e-07
 3.45182e-07
 3.07230e-07
 2.75224e-07
 2.47982e-07
 2.24600e-07
 2.04382e-07
 1.86780e-07
 1.71361e-07
 1.57778e-07
 1.45750e-07
 1.35048e-07
 1.73370e-06
 1.33901e-06
 1.06688e-06
 8.70823e-07
 7.24680e-07
 6.12715e-07
 5.24979e-07
 4.54916e-07
 3.98057e-07
 3.51269e-07
 3.12298e-07
 2.79488e-07
 2.51604e-07
 2.27703e-07
 2.07061e-07
 1.89108e-07
 1.73397e-07
 1.59569e-07
 1.47334e-07
 1.36455e-07
 1.73545e-06
 1.34389e-06
 1.07245e-06
 8.76228e-07
 7.29619e-07
 6.17116e-07
 5.28859e-07
 4.58323e-07
 4.01049e-07
 3.53900e-07
 3.14616e-07
 2.81539e-07
 2.53423e-07
 2.29323e-07
 2.08507e-07
 1.90405e-07
 1.74564e-07
 1.60621e-07
 1.48286e-07
 1.37320e-07
 1.66440e-06
 1.30373e-06
 1.04863e-06
 8.61611e-07
 7.20440e-07
 6.11274e-07
 5.25125e-07
 4.55953e-07
 3.99576e-07
 3.53026e-07
 3.14147e-07
 2.81342e-07
 2.53412e-07
 2.29437e-07
 2.08704e-07
 1.90655e-07
 1.74847e-07
 1.60924e-07
 1.48597e-07
 1.37633e-07
 1.53658e-06
 1.22612e-06
 9.99306e-07
 8.29094e-07
 6.98360e-07
 5.95914e-07
 5.14223e-07
 4.48087e-07
 3.93822e-07
 3.48770e-07
 3.10970e-07
 2.78955e-07
 2.51609e-07
 2.28070e-07
 2.07668e-07
 1.89871e-07
 1.74256e-07
 1.60482e-07
 1.48272e-07
 1.37398e-07
 1.37544e-06
 1.12313e-06
 9.31060e-07
 7.82457e-07
 6.65643e-07
 5.72441e-07
 4.97055e-07
 4.35318e-07
 3.84186e-07
 3.41405e-07
 3.05278e-07
 2.74512e-07
 2.48111e-07
 2.25296e-07
 2.05453e-07
 1.88093e-07
 1.72822e-07
 1.59320e-07
 1.47327e-07
 1.36627e-07
 1.20342e-06
 1.00757e-06
 8.51415e-07
 7.26261e-07
 6.25142e-07
 5.42692e-07
 4.74831e-07
 4.18463e-07
 3.71231e-07
 3.31327e-07
 2.97352e-07
 2.68219e-07
 2.43070e-07
 2.21226e-07
 2.02144e-07
 1.85384e-07
 1.70591e-07
 1.57474e-07
 1.45792e-07
 1.35345e-07
 1.03693e-06
 8.90144e-07
 7.67289e-07
 6.65000e-07
 5.79816e-07
 5.08650e-07
 4.48905e-07
 3.98464e-07
 3.55621e-07
 3.19011e-07
 2.87540e-07
 2.60330e-07
 2.36676e-07
 2.16004e-07
 1.97849e-07
 1.81829e-07
 1.67632e-07
 1.54996e-07
 1.43707e-07
 1.33584e-07
 8.85452e-07
 7.78292e-07
 6.84081e-07
 6.02493e-07
 5.32351e-07
 4.72208e-07
 4.20622e-07
 3.76284e-07
 3.38055e-07
 3.04971e-07
 2.76220e-07
 2.51131e-07
 2.29143e-07
 2.09793e-07
 1.92695e-07
 1.77527e-07
 1.64020e-07
 1.51948e-07
 1.41123e-07
 1.31382e-07
 7.52958e-07
 6.76255e-07
 6.05430e-07
 5.41610e-07
 4.84928e-07
 4.34998e-07
 3.91196e-07
 3.52828e-07
 3.19212e-07
 2.89717e-07
 2.63782e-07
 2.40917e-07
 2.20701e-07
 2.02772e-07
 1.86821e-07
 1.72586e-07
 1.59842e-07
 1.48399e-07
 1.38093e-07
 1.28785e-07
 6.39870e-07
 5.85823e-07
 5.33406e-07
 4.84258e-07
 4.39149e-07
 3.98309e-07
 3.61643e-07
 3.28889e-07
 2.99705e-07
 2.73725e-07
 2.50594e-07
 2.29979e-07
 2.11577e-07
 1.95120e-07
 1.80370e-07
 1.67121e-07
 1.55190e-07
 1.44421e-07
 1.34678e-07
 1.25841e-07
