scalar
part
         1
quad4
 3.51289e-07
 3.38105e-07
 3.21547e-07
 3.03287e-07
 2.84469e-07
 2.65844e-07
 2.47879e-07
 2.30846e-07
 2.14884e-07
 2.00045e-07
 1.86324e-07
 1.73683e-07
 1.62064e-07
 1.51396e-07
 1.41609e-07
 1.32628e-07
 1.24386e-07
 1.16816e-07
 1.09857e-07
 1.03453e-07
 4.33511e-07
 4.07983e-07
 3.80522e-07
 3.52894e-07
 3.26162e-07
 3.00915e-07
 2.77442e-07
 2.55839e-07
 2.36087e-07
 2.18102e-07
 2.01765e-07
 1.86941e-07
 1.73494e-07
 1.61292e-07
 1.50211e-07
 1.40137e-07
 1.30965e-07
 1.22601e-07
 1.14963e-07
 1.07975e-07
 5.34716e-07
 4.91168e-07
 4.48736e-07
 4.08865e-07
 3.72201e-07
 3.38928e-07
 3.08970e-07
 2.82120e-07
 2.58109e-07
 2.36655e-07
 2.17478e-07
 2.00321e-07
 1.84946e-07
 1.71143e-07
 1.58725e-07
 1.47529e-07
 1.37412e-07
 1.28248e-07
 1.19929e-07
 1.12360e-07
 6.57479e-07
 5.88510e-07
 5.26176e-07
 4.70793e-07
 4.22038e-07
 3.79313e-07
 3.41932e-07
 3.09218e-07
 2.80547e-07
 2.55363e-07
 2.33182e-07
 2.13587e-07
 1.96223e-07
 1.80784e-07
 1.67015e-07
 1.54694e-07
 1.43636e-07
 1.33680e-07
 1.24690e-07
 1.16551e-07
 8.03039e-07
 6.99652e-07
 6.11879e-07
 5.37573e-07
 4.74624e-07
 4.21151e-07
 3.75554e-07
 3.36497e-07
 3.02881e-07
 2.73807e-07
 2.48536e-07
 2.26467e-07
 2.07104e-07
 1.90038e-07
 1.74934e-07
 1.61511e-07
 1.49536e-07
 1.38814e-07
 1.29179e-07
 1.20493e-07
 9.69946e-07
 8.22286e-07
 7.03547e-07
 6.07207e-07
 5.28320e-07
 4.63139e-07
 4.08812e-07
 3.63157e-07
 3.24489e-07
 2.91499e-07
 2.63159e-07
 2.38658e-07
 2.17349e-07
 1.98713e-07
 1.82330e-07
 1.67857e-07
 1.55014e-07
 1.43568e-07
 1.33327e-07
 1.24130e-07
 1.15245e-06
 9.51414e-07
 7.97230e-07
 6.76692e-07
 5.80881e-07
 5.03603e-07
 4.40459e-07
 3.88263e-07
 3.44664e-07
 3.07901e-07
 2.76636e-07
 2.49840e-07
 2.26709e-07
 2.06612e-07
 1.89045e-07
 1.73606e-07
 1.59967e-07
 1.47861e-07
 1.37068e-07
 1.27407e-07
 1.33910e-06
 1.07889e-06
 8.87241e-07
 7.42070e-07
 6.29534e-07
 5.40582e-07
 4.69091e-07
 4.10797e-07
 3.62658e-07
 3.22458e-07
 2.88551e-07
 2.59695e-07
 2.34939e-07
 2.13545e-07
 1.94932e-07
 1.78641e-07
 1.64302e-07
 1.51617e-07
 1.40341e-07
 1.30274e-07
 1.51220e-06
 1.19359e-06
 9.66487e-07
 7.98723e-07
 6.71208e-07
 5.71990e-07
 4.93261e-07
 4.29738e-07
 3.77738e-07
 3.34634e-07
 2.98506e-07
 2.67925e-07
 2.41812e-07
 2.19337e-07
 1.99854e-07
 1.82854e-07
 1.67934e-07
 1.54768e-07
 1.43090e-07
 1.32686e-07
 1.64927e-06
 1.28271e-06
 1.02736e-06
 8.41954e-07
 7.02906e-07
 5.95857e-07
 5.11639e-07
 4.44163e-07
 3.89252e-07
 3.43959e-07
 3.06156e-07
 2.74273e-07
 2.47133e-07
 2.23838e-07
 2.03694e-07
 1.86155e-07
 1.70791e-07
 1.57256e-07
 1.45270e-07
 1.34605e-07
 1.72775e-06
 1.33438e-06
 1.06317e-06
 8.67799e-07
 7.22168e-07
 6.10596e-07
 5.23169e-07
 4.53353e-07
 3.96694e-07
 3.50071e-07
 3.11236e-07
 2.78541e-07
 2.50754e-07
 2.26937e-07
 2.06365e-07
 1.88475e-07
 1.72818e-07
 1.59037e-07
 1.46844e-07
 1.36003e-07
 1.73292e-06
 1.34115e-06
 1.06986e-06
 8.73878e-07
 7.27528e-07
 6.15267e-07
 5.27224e-07
 4.56875e-07
 3.99761e-07
 3.52749e-07
 3.13585e-07
 2.80610e-07
 2.52583e-07
 2.28560e-07
 2.07812e-07
 1.89769e-07
 1.73980e-07
 1.60084e-07
 1.47790e-07
 1.36861e-07
 1.66496e-06
 1.30283e-06
 1.04717e-06
 8.59977e-07
 7.18814e-07
 6.09732e-07
 5.23696e-07
 4.54644e-07
 3.98383e-07
 3.51941e-07
 3.13159e-07
 2.80443e-07
 2.52591e-07
 2.28685e-07
 2.08015e-07
 1.90022e-07
 1.74264e-07
 1.60385e-07
 1.48098e-07
 1.37170e-07
 1.53913e-06
 1.22660e-06
 9.98776e-07
 8.28097e-07
 6.97172e-07
 5.94675e-07
 5.13007e-07
 4.46927e-07
 3.92735e-07
 3.47759e-07
 3.10035e-07
 2.78093e-07
 2.50813e-07
 2.27337e-07
 2.06991e-07
 1.89245e-07
 1.73677e-07
 1.59945e-07
 1.47772e-07
 1.36933e-07
 1.37879e-06
 1.12439e-06
 9.31163e-07
 7.81944e-07
 6.64816e-07
 5.71469e-07
 4.96035e-07
 4.34302e-07
 3.83205e-07
 3.40472e-07
 3.04400e-07
 2.73692e-07
 2.47347e-07
 2.24585e-07
 2.04792e-07
 1.87478e-07
 1.72249e-07
 1.58786e-07
 1.46829e-07
 1.36163e-07
 1.20671e-06
 1.00908e-06
 8.51851e-07
 7.26059e-07
 6.24576e-07
 5.41930e-07
 4.73975e-07
 4.17576e-07
 3.70348e-07
 3.30469e-07
 2.96532e-07
 2.67442e-07
 2.42339e-07
 2.20540e-07
 2.01501e-07
 1.84782e-07
 1.70028e-07
 1.56947e-07
 1.45299e-07
 1.34883e-07
 1.03970e-06
 8.91570e-07
 7.67819e-07
 6.64954e-07
 5.79415e-07
 5.08038e-07
 4.48178e-07
 3.97682e-07
 3.54824e-07
 3.18222e-07
 2.86774e-07
 2.59596e-07
 2.35977e-07
 2.15343e-07
 1.97225e-07
 1.81242e-07
 1.67080e-07
 1.54478e-07
 1.43220e-07
 1.33126e-07
 8.87561e-07
 7.79448e-07
 6.84549e-07
 6.02487e-07
 5.32033e-07
 4.71690e-07
 4.19986e-07
 3.75584e-07
 3.37328e-07
 3.04241e-07
 2.75503e-07
 2.50436e-07
 2.28477e-07
 2.09158e-07
 1.92092e-07
 1.76956e-07
 1.63480e-07
 1.51440e-07
 1.40643e-07
 1.30930e-07
 7.54416e-07
 6.77075e-07
 6.05755e-07
 5.41571e-07
 4.84633e-07
 4.34530e-07
 3.90620e-07
 3.52188e-07
 3.18540e-07
 2.89036e-07
 2.63107e-07
 2.40258e-07
 2.20065e-07
 2.02161e-07
 1.86238e-07
 1.72032e-07
 1.59316e-07
 1.47901e-07
 1.37622e-07
 1.28339e-07
 6.40770e-07
 5.86316e-07
 5.33559e-07
 4.84145e-07
 4.38840e-07
 3.97860e-07
 3.61101e-07
 3.28290e-07
 2.99075e-07
 2.73084e-07
 2.49955e-07
 2.29351e-07
 2.10967e-07
 1.94532e-07
 1.79807e-07
 1.66582e-07
 1.54678e-07
 1.43934e-07
 1.34216e-07
 1.25402e-07
