scalar
part
         1
quad4
 6.28310e-07
 5.76194e-07
 5.25442e-07
 4.77699e-07
 4.33761e-07
 3.93885e-07
 3.58011e-07
 3.25905e-07
 2.97250e-07
 2.71705e-07
 2.48929e-07
 2.28606e-07
 2.10445e-07
 1.94186e-07
 1.79602e-07
 1.66489e-07
 1.54673e-07
 1.43999e-07
 1.34336e-07
 1.25566e-07
 7.40413e-07
 6.66096e-07
 5.97251e-07
 5.35044e-07
 4.79662e-07
 4.30772e-07
 3.87802e-07
 3.50099e-07
 3.17014e-07
 2.87946e-07
 2.62354e-07
 2.39767e-07
 2.19776e-07
 2.02030e-07
 1.86228e-07
 1.72115e-07
 1.59472e-07
 1.48112e-07
 1.37874e-07
 1.28623e-07
 8.72047e-07
 7.67804e-07
 6.75906e-07
 5.96126e-07
 5.27390e-07
 4.68336e-07
 4.17595e-07
 3.73915e-07
 3.36200e-07
 3.03519e-07
 2.75086e-07
 2.50249e-07
 2.28461e-07
 2.09272e-07
 1.92302e-07
 1.77237e-07
 1.63813e-07
 1.51810e-07
 1.41039e-07
 1.31343e-07
 1.02298e-06
 8.79691e-07
 7.59459e-07
 6.59125e-07
 5.75399e-07
 5.05323e-07
 4.46397e-07
 3.96574e-07
 3.54201e-07
 3.17951e-07
 2.86757e-07
 2.59762e-07
 2.36274e-07
 2.15732e-07
 1.97679e-07
 1.81739e-07
 1.67605e-07
 1.55019e-07
 1.43769e-07
 1.33675e-07
 1.18960e-06
 9.97747e-07
 8.44420e-07
 7.21262e-07
 6.21564e-07
 5.40133e-07
 4.73010e-07
 4.17181e-07
 3.70345e-07
 3.30734e-07
 2.96978e-07
 2.68009e-07
 2.42984e-07
 2.21232e-07
 2.02219e-07
 1.85512e-07
 1.70758e-07
 1.57669e-07
 1.46007e-07
 1.35575e-07
 1.36289e-06
 1.11483e-06
 9.25554e-07
 7.78808e-07
 6.63245e-07
 5.70896e-07
 4.96100e-07
 4.34773e-07
 3.83929e-07
 3.41351e-07
 3.05367e-07
 2.74702e-07
 2.48371e-07
 2.25604e-07
 2.05793e-07
 1.88453e-07
 1.73193e-07
 1.59697e-07
 1.47704e-07
 1.37002e-07
 1.52706e-06
 1.22053e-06
 9.96083e-07
 8.27325e-07
 6.97500e-07
 5.95629e-07
 5.14305e-07
 4.48401e-07
 3.94282e-07
 3.49318e-07
 3.11569e-07
 2.79579e-07
 2.52242e-07
 2.28700e-07
 2.08288e-07
 1.90476e-07
 1.74843e-07
 1.61049e-07
 1.48817e-07
 1.37922e-07
 1.66023e-06
 1.30222e-06
 1.04853e-06
 8.62242e-07
 7.21451e-07
 6.12467e-07
 5.26389e-07
 4.57226e-07
 4.00822e-07
 3.54226e-07
 3.15291e-07
 2.82428e-07
 2.54437e-07
 2.30403e-07
 2.09614e-07
 1.91512e-07
 1.75654e-07
 1.61684e-07
 1.49314e-07
 1.38310e-07
 1.73901e-06
 1.34774e-06
 1.07618e-06
 8.79676e-07
 7.32753e-07
 6.19946e-07
 5.31408e-07
 4.60622e-07
 4.03126e-07
 3.55781e-07
 3.16327e-07
 2.83099e-07
 2.54850e-07
 2.30633e-07
 2.09713e-07
 1.91518e-07
 1.75594e-07
 1.61578e-07
 1.49176e-07
 1.38150e-07
 1.74662e-06
 1.34900e-06
 1.07482e-06
 8.77295e-07
 7.30052e-07
 6.17244e-07
 5.28849e-07
 4.58260e-07
 4.00977e-07
 3.53839e-07
 3.14577e-07
 2.81524e-07
 2.53433e-07
 2.29356e-07
 2.08561e-07
 1.90476e-07
 1.74649e-07
 1.60720e-07
 1.48395e-07
 1.37437e-07
 1.68008e-06
 1.30482e-06
 1.04398e-06
 8.54900e-07
 7.13274e-07
 6.04348e-07
 5.18721e-07
 4.50160e-07
 3.94397e-07
 3.48421e-07
 3.10063e-07
 2.77723e-07
 2.50202e-07
 2.26586e-07
 2.06169e-07
 1.88396e-07
 1.72830e-07
 1.59118e-07
 1.46978e-07
 1.36177e-07
 1.55143e-06
 1.22134e-06
 9.87029e-07
 8.14484e-07
 6.83654e-07
 5.82053e-07
 5.01558e-07
 4.36691e-07
 3.83648e-07
 3.39717e-07
 3.02924e-07
 2.71800e-07
 2.45237e-07
 2.22386e-07
 2.02586e-07
 1.85317e-07
 1.70165e-07
 1.56798e-07
 1.44946e-07
 1.34388e-07
 1.38206e-06
 1.10975e-06
 9.10243e-07
 7.59757e-07
 6.43492e-07
 5.51842e-07
 4.78345e-07
 4.18525e-07
 3.69202e-07
 3.28065e-07
 2.93406e-07
 2.63938e-07
 2.38677e-07
 2.16862e-07
 1.97895e-07
 1.81304e-07
 1.66707e-07
 1.53800e-07
 1.42331e-07
 1.32095e-07
 1.19498e-06
 9.82910e-07
 8.21180e-07
 6.95346e-07
 5.95723e-07
 5.15636e-07
 4.50378e-07
 3.96558e-07
 3.51690e-07
 3.13919e-07
 2.81843e-07
 2.54385e-07
 2.30708e-07
 2.10156e-07
 1.92207e-07
 1.76442e-07
 1.62525e-07
 1.50179e-07
 1.39179e-07
 1.29336e-07
 1.00929e-06
 8.52532e-07
 7.27170e-07
 6.25962e-07
 5.43449e-07
 4.75527e-07
 4.19096e-07
 3.71800e-07
 3.31836e-07
 2.97807e-07
 2.68626e-07
 2.43435e-07
 2.21554e-07
 2.02440e-07
 1.85654e-07
 1.70838e-07
 1.57701e-07
 1.46002e-07
 1.35542e-07
 1.26153e-07
 8.37902e-07
 7.27499e-07
 6.34273e-07
 5.55753e-07
 4.89541e-07
 4.33525e-07
 3.85928e-07
 3.45284e-07
 3.10394e-07
 2.80287e-07
 2.54171e-07
 2.31403e-07
 2.11458e-07
 1.93903e-07
 1.78384e-07
 1.64608e-07
 1.52329e-07
 1.41344e-07
 1.31481e-07
 1.22595e-07
 6.87598e-07
 6.13446e-07
 5.46816e-07
 4.87942e-07
 4.36372e-07
 3.91379e-07
 3.52167e-07
 3.17968e-07
 2.88084e-07
 2.61903e-07
 2.38897e-07
 2.18613e-07
 2.00669e-07
 1.84741e-07
 1.70554e-07
 1.57875e-07
 1.46508e-07
 1.36285e-07
 1.27062e-07
 1.18718e-07
 5.60399e-07
 5.13120e-07
 4.67403e-07
 4.24726e-07
 3.85708e-07
 3.50474e-07
 3.18889e-07
 2.90687e-07
 2.65553e-07
 2.43159e-07
 2.23195e-07
 2.05372e-07
 1.89432e-07
 1.75148e-07
 1.62317e-07
 1.50766e-07
 1.40340e-07
 1.30908e-07
 1.22353e-07
 1.14577e-07
 4.55307e-07
 4.27129e-07
 3.97201e-07
 3.67367e-07
 3.38707e-07
 3.11804e-07
 2.86917e-07
 2.64113e-07
 2.43341e-07
 2.24490e-07
 2.07414e-07
 1.91960e-07
 1.77974e-07
 1.65307e-07
 1.53824e-07
 1.43401e-07
 1.33924e-07
 1.25295e-07
 1.17423e-07
 1.10228e-07
 3.69793e-07
 3.54739e-07
 3.36347e-07
 3.16374e-07
 2.96005e-07
 2.76002e-07
 2.56830e-07
 2.38747e-07
 2.21876e-07
 2.06252e-07
 1.91852e-07
 1.78624e-07
 1.66495e-07
 1.55385e-07
 1.45212e-07
 1.35894e-07
 1.27356e-07
 1.19525e-07
 1.12336e-07
 1.05728e-07
