scalar
part
         1
quad4
 3.40234e-07
 3.28862e-07
 3.13838e-07
 2.96859e-07
 2.79103e-07
 2.61354e-07
 2.44109e-07
 2.27670e-07
 2.12198e-07
 1.97764e-07
 1.84380e-07
 1.72019e-07
 1.60634e-07
 1.50164e-07
 1.40543e-07
 1.31704e-07
 1.23581e-07
 1.16113e-07
 1.09242e-07
 1.02913e-07
 4.21601e-07
 3.98266e-07
 3.72598e-07
 3.46421e-07
 3.20856e-07
 2.96549e-07
 2.73831e-07
 2.52838e-07
 2.33581e-07
 2.15998e-07
 1.99990e-07
 1.85437e-07
 1.72215e-07
 1.60200e-07
 1.49275e-07
 1.39331e-07
 1.30269e-07
 1.22000e-07
 1.14441e-07
 1.07521e-07
 5.22084e-07
 4.81155e-07
 4.40779e-07
 4.02512e-07
 3.67099e-07
 3.34804e-07
 3.05616e-07
 2.79373e-07
 2.55847e-07
 2.34780e-07
 2.15916e-07
 1.99013e-07
 1.83845e-07
 1.70213e-07
 1.57937e-07
 1.46859e-07
 1.36840e-07
 1.27759e-07
 1.19509e-07
 1.11999e-07
 6.44420e-07
 5.78502e-07
 5.18452e-07
 4.64783e-07
 4.17320e-07
 3.75576e-07
 3.38947e-07
 3.06815e-07
 2.78599e-07
 2.53773e-07
 2.31877e-07
 2.12510e-07
 1.95330e-07
 1.80041e-07
 1.66394e-07
 1.54174e-07
 1.43199e-07
 1.33313e-07
 1.24381e-07
 1.16291e-07
 7.90087e-07
 6.90106e-07
 6.04756e-07
 5.32189e-07
 4.70505e-07
 4.17965e-07
 3.73064e-07
 3.34534e-07
 3.01321e-07
 2.72559e-07
 2.47532e-07
 2.25656e-07
 2.06445e-07
 1.89503e-07
 1.74498e-07
 1.61156e-07
 1.49247e-07
 1.38578e-07
 1.28988e-07
 1.20340e-07
 9.57955e-07
 8.13843e-07
 6.97489e-07
 6.02784e-07
 5.25042e-07
 4.60678e-07
 4.06945e-07
 3.61728e-07
 3.23388e-07
 2.90646e-07
 2.62497e-07
 2.38143e-07
 2.16950e-07
 1.98405e-07
 1.82093e-07
 1.67678e-07
 1.54881e-07
 1.43472e-07
 1.33262e-07
 1.24089e-07
 1.14263e-06
 9.44877e-07
 7.92771e-07
 6.73590e-07
 5.78690e-07
 5.02039e-07
 4.39336e-07
 3.87455e-07
 3.44085e-07
 3.07491e-07
 2.76352e-07
 2.49649e-07
 2.26590e-07
 2.06547e-07
 1.89022e-07
 1.73615e-07
 1.60000e-07
 1.47912e-07
 1.37133e-07
 1.27483e-07
 1.33290e-06
 1.07513e-06
 8.84920e-07
 7.40630e-07
 6.28653e-07
 5.40064e-07
 4.68814e-07
 4.10682e-07
 3.62653e-07
 3.22528e-07
 2.88672e-07
 2.59850e-07
 2.35116e-07
 2.13735e-07
 1.95131e-07
 1.78844e-07
 1.64506e-07
 1.51819e-07
 1.40541e-07
 1.30469e-07
 1.51103e-06
 1.19337e-06
 9.66740e-07
 7.99207e-07
 6.71800e-07
 5.72624e-07
 4.93901e-07
 4.30364e-07
 3.78341e-07
 3.35208e-07
 2.99049e-07
 2.68437e-07
 2.42294e-07
 2.19790e-07
 2.00280e-07
 1.83255e-07
 1.68312e-07
 1.55124e-07
 1.43426e-07
 1.33003e-07
 1.65397e-06
 1.28645e-06
 1.03041e-06
 8.44487e-07
 7.05045e-07
 5.97687e-07
 5.13223e-07
 4.45548e-07
 3.90474e-07
 3.45044e-07
 3.07126e-07
 2.75145e-07
 2.47922e-07
 2.24556e-07
 2.04349e-07
 1.86755e-07
 1.71343e-07
 1.57765e-07
 1.45741e-07
 1.35043e-07
 1.73819e-06
 1.34198e-06
 1.06895e-06
 8.72335e-07
 7.25820e-07
 6.13598e-07
 5.25679e-07
 4.55482e-07
 3.98523e-07
 3.51657e-07
 3.12625e-07
 2.79768e-07
 2.51845e-07
 2.27913e-07
 2.07245e-07
 1.89271e-07
 1.73542e-07
 1.59698e-07
 1.47450e-07
 1.36560e-07
 1.74801e-06
 1.35203e-06
 1.07802e-06
 8.80202e-07
 7.32553e-07
 6.19345e-07
 5.30593e-07
 4.59700e-07
 4.02161e-07
 3.54811e-07
 3.15374e-07
 2.82176e-07
 2.53964e-07
 2.29787e-07
 2.08909e-07
 1.90755e-07
 1.74870e-07
 1.60892e-07
 1.48526e-07
 1.37534e-07
 1.68304e-06
 1.31606e-06
 1.05717e-06
 8.67746e-07
 7.24989e-07
 6.14736e-07
 5.27819e-07
 4.58090e-07
 4.01300e-07
 3.54437e-07
 3.15317e-07
 2.82323e-07
 2.54243e-07
 2.30147e-07
 2.09316e-07
 1.91187e-07
 1.75312e-07
 1.61333e-07
 1.48959e-07
 1.37955e-07
 1.55857e-06
 1.24119e-06
 1.00999e-06
 8.36908e-07
 7.04226e-07
 6.00418e-07
 5.17751e-07
 4.50899e-07
 3.96098e-07
 3.50637e-07
 3.12521e-07
 2.80257e-07
 2.52712e-07
 2.29014e-07
 2.08481e-07
 1.90577e-07
 1.74873e-07
 1.61025e-07
 1.48751e-07
 1.37824e-07
 1.39832e-06
 1.13947e-06
 9.43006e-07
 7.91392e-07
 6.72466e-07
 5.77750e-07
 5.01256e-07
 4.38693e-07
 3.86935e-07
 3.43671e-07
 3.07167e-07
 2.76103e-07
 2.49463e-07
 2.26454e-07
 2.06453e-07
 1.88962e-07
 1.73581e-07
 1.59988e-07
 1.47918e-07
 1.37152e-07
 1.22547e-06
 1.02400e-06
 8.63830e-07
 7.35784e-07
 6.32559e-07
 5.48554e-07
 4.79528e-07
 4.22275e-07
 3.74361e-07
 3.33924e-07
 2.99530e-07
 2.70061e-07
 2.44641e-07
 2.22576e-07
 2.03312e-07
 1.86401e-07
 1.71483e-07
 1.58259e-07
 1.46487e-07
 1.35964e-07
 1.05722e-06
 9.05883e-07
 7.79570e-07
 6.74668e-07
 5.87506e-07
 5.14831e-07
 4.53927e-07
 4.02586e-07
 3.59038e-07
 3.21869e-07
 2.89951e-07
 2.62381e-07
 2.38433e-07
 2.17519e-07
 1.99165e-07
 1.82978e-07
 1.68641e-07
 1.55888e-07
 1.44498e-07
 1.34288e-07
 9.03631e-07
 7.92901e-07
 6.95828e-07
 6.11975e-07
 5.40052e-07
 4.78507e-07
 4.25815e-07
 3.80598e-07
 3.41668e-07
 3.08019e-07
 2.78811e-07
 2.53348e-07
 2.31053e-07
 2.11448e-07
 1.94137e-07
 1.78791e-07
 1.65133e-07
 1.52934e-07
 1.41999e-07
 1.32164e-07
 7.68998e-07
 6.89549e-07
 6.16413e-07
 5.50686e-07
 4.92449e-07
 4.41255e-07
 3.96430e-07
 3.57232e-07
 3.22938e-07
 2.92889e-07
 2.66499e-07
 2.43259e-07
 2.22730e-07
 2.04539e-07
 1.88368e-07
 1.73947e-07
 1.61045e-07
 1.49467e-07
 1.39045e-07
 1.29637e-07
 6.53922e-07
 5.97781e-07
 5.43524e-07
 4.92798e-07
 4.46360e-07
 4.04407e-07
 3.66817e-07
 3.33295e-07
 3.03474e-07
 2.76964e-07
 2.53391e-07
 2.32406e-07
 2.13693e-07
 1.96973e-07
 1.82000e-07
 1.68561e-07
 1.56468e-07
 1.45559e-07
 1.35695e-07
 1.26754e-07
