scalar
part
         1
quad4
 3.76661e-07
 3.60592e-07
 3.41313e-07
 3.20581e-07
 2.99570e-07
 2.79028e-07
 2.59406e-07
 2.40947e-07
 2.23762e-07
 2.07874e-07
 1.93254e-07
 1.79841e-07
 1.67555e-07
 1.56312e-07
 1.46026e-07
 1.36612e-07
 1.27991e-07
 1.20088e-07
 1.12837e-07
 1.06176e-07
 4.62900e-07
 4.33450e-07
 4.02451e-07
 3.71729e-07
 3.42341e-07
 3.14842e-07
 2.89468e-07
 2.66265e-07
 2.45167e-07
 2.26046e-07
 2.08748e-07
 1.93108e-07
 1.78967e-07
 1.66170e-07
 1.54578e-07
 1.44062e-07
 1.34506e-07
 1.25809e-07
 1.17878e-07
 1.10634e-07
 5.68717e-07
 5.19857e-07
 4.72864e-07
 4.29168e-07
 3.89338e-07
 3.53459e-07
 3.21360e-07
 2.92747e-07
 2.67280e-07
 2.44617e-07
 2.24433e-07
 2.06430e-07
 1.90341e-07
 1.75933e-07
 1.62999e-07
 1.51360e-07
 1.40860e-07
 1.31365e-07
 1.22757e-07
 1.14935e-07
 6.96560e-07
 6.20477e-07
 5.52361e-07
 4.92347e-07
 4.39900e-07
 3.94231e-07
 3.54493e-07
 3.19881e-07
 2.89671e-07
 2.63229e-07
 2.40012e-07
 2.19559e-07
 2.01476e-07
 1.85433e-07
 1.71151e-07
 1.58393e-07
 1.46959e-07
 1.36679e-07
 1.27409e-07
 1.19024e-07
 8.47289e-07
 7.34600e-07
 6.39705e-07
 5.59960e-07
 4.92840e-07
 4.36145e-07
 3.88031e-07
 3.46990e-07
 3.11793e-07
 2.81444e-07
 2.55136e-07
 2.32214e-07
 2.12144e-07
 1.94487e-07
 1.78885e-07
 1.65039e-07
 1.52703e-07
 1.41669e-07
 1.31765e-07
 1.22844e-07
 1.01867e-06
 8.59346e-07
 7.32215e-07
 6.29766e-07
 5.46368e-07
 4.77801e-07
 4.20892e-07
 3.73238e-07
 3.33000e-07
 2.98759e-07
 2.69411e-07
 2.44088e-07
 2.22103e-07
 2.02903e-07
 1.86047e-07
 1.71175e-07
 1.57990e-07
 1.46252e-07
 1.35758e-07
 1.26341e-07
 1.20364e-06
 9.88934e-07
 8.25489e-07
 6.98506e-07
 5.98092e-07
 5.17445e-07
 4.51783e-07
 3.97665e-07
 3.52573e-07
 3.14632e-07
 2.82424e-07
 2.54862e-07
 2.31104e-07
 2.10486e-07
 1.92484e-07
 1.76676e-07
 1.62723e-07
 1.50348e-07
 1.39323e-07
 1.29460e-07
 1.38901e-06
 1.11436e-06
 9.13427e-07
 7.62021e-07
 6.45144e-07
 5.53074e-07
 4.79280e-07
 4.19246e-07
 3.69764e-07
 3.28509e-07
 2.93760e-07
 2.64222e-07
 2.38907e-07
 2.17049e-07
 1.98048e-07
 1.81429e-07
 1.66810e-07
 1.53885e-07
 1.42401e-07
 1.32153e-07
 1.55555e-06
 1.22393e-06
 9.88723e-07
 8.15629e-07
 6.84448e-07
 5.82614e-07
 5.01960e-07
 4.36981e-07
 3.83859e-07
 3.39870e-07
 3.03034e-07
 2.71878e-07
 2.45292e-07
 2.22423e-07
 2.02609e-07
 1.85329e-07
 1.70169e-07
 1.56795e-07
 1.44938e-07
 1.34377e-07
 1.68049e-06
 1.30492e-06
 1.04393e-06
 8.54777e-07
 7.13118e-07
 6.04179e-07
 5.18551e-07
 4.49995e-07
 3.94238e-07
 3.48271e-07
 3.09921e-07
 2.77589e-07
 2.50077e-07
 2.26469e-07
 2.06059e-07
 1.88293e-07
 1.72733e-07
 1.59027e-07
 1.46892e-07
 1.36097e-07
 1.74302e-06
 1.34647e-06
 1.07295e-06
 8.75864e-07
 7.28924e-07
 6.16334e-07
 5.28099e-07
 4.57633e-07
 4.00445e-07
 3.53382e-07
 3.14181e-07
 2.81178e-07
 2.53127e-07
 2.29084e-07
 2.08317e-07
 1.90257e-07
 1.74452e-07
 1.60540e-07
 1.48231e-07
 1.37287e-07
 1.73187e-06
 1.34283e-06
 1.07263e-06
 8.77020e-07
 7.30706e-07
 6.18327e-07
 5.30103e-07
 4.59550e-07
 4.02233e-07
 3.55028e-07
 3.15684e-07
 2.82544e-07
 2.54368e-07
 2.30210e-07
 2.09339e-07
 1.91186e-07
 1.75297e-07
 1.61311e-07
 1.48935e-07
 1.37931e-07
 1.65057e-06
 1.29547e-06
 1.04361e-06
 8.58548e-07
 7.18602e-07
 6.10219e-07
 5.24581e-07
 4.55746e-07
 3.99595e-07
 3.53195e-07
 3.14415e-07
 2.81676e-07
 2.53786e-07
 2.29835e-07
 2.09115e-07
 1.91071e-07
 1.75262e-07
 1.61333e-07
 1.48999e-07
 1.38025e-07
 1.51607e-06
 1.21261e-06
 9.90200e-07
 8.22845e-07
 6.94011e-07
 5.92859e-07
 5.12067e-07
 4.46566e-07
 3.92758e-07
 3.48037e-07
 3.10481e-07
 2.78647e-07
 2.51435e-07
 2.27998e-07
 2.07671e-07
 1.89931e-07
 1.74359e-07
 1.60617e-07
 1.48430e-07
 1.37573e-07
 1.35156e-06
 1.10637e-06
 9.19112e-07
 7.73808e-07
 6.59297e-07
 5.67729e-07
 4.93521e-07
 4.32646e-07
 3.82155e-07
 3.39855e-07
 3.04093e-07
 2.73608e-07
 2.47424e-07
 2.24779e-07
 2.05069e-07
 1.87813e-07
 1.72625e-07
 1.59190e-07
 1.47250e-07
 1.36593e-07
 1.17861e-06
 9.89247e-07
 8.37768e-07
 7.15991e-07
 6.17332e-07
 5.36694e-07
 4.70181e-07
 4.14829e-07
 3.68370e-07
 3.29060e-07
 2.95548e-07
 2.66776e-07
 2.41914e-07
 2.20298e-07
 2.01398e-07
 1.84786e-07
 1.70113e-07
 1.57093e-07
 1.45491e-07
 1.35110e-07
 1.01272e-06
 8.71484e-07
 7.52863e-07
 6.53784e-07
 5.71036e-07
 5.01726e-07
 4.43405e-07
 3.94063e-07
 3.52077e-07
 3.16139e-07
 2.85199e-07
 2.58414e-07
 2.35100e-07
 2.14704e-07
 1.96773e-07
 1.80937e-07
 1.66890e-07
 1.54380e-07
 1.43195e-07
 1.33159e-07
 8.62667e-07
 7.60085e-07
 6.69547e-07
 5.90868e-07
 5.23019e-07
 4.64680e-07
 4.14517e-07
 3.71305e-07
 3.33973e-07
 3.01605e-07
 2.73432e-07
 2.48810e-07
 2.27203e-07
 2.08165e-07
 1.91324e-07
 1.76368e-07
 1.63039e-07
 1.51116e-07
 1.40415e-07
 1.30779e-07
 7.31957e-07
 6.58956e-07
 5.91235e-07
 5.29972e-07
 4.75375e-07
 4.27135e-07
 3.84702e-07
 3.47444e-07
 3.14728e-07
 2.85966e-07
 2.60632e-07
 2.38261e-07
 2.18452e-07
 2.00861e-07
 1.85191e-07
 1.71192e-07
 1.58646e-07
 1.47370e-07
 1.37206e-07
 1.28019e-07
 6.20737e-07
 5.69659e-07
 5.19825e-07
 4.72879e-07
 4.29622e-07
 3.90325e-07
 3.54941e-07
 3.23247e-07
 2.94941e-07
 2.69690e-07
 2.47164e-07
 2.27053e-07
 2.09073e-07
 1.92970e-07
 1.78518e-07
 1.65521e-07
 1.53804e-07
 1.43217e-07
 1.33629e-07
 1.24926e-07
