scalar
part
         1
quad4
 3.95145e-07
 3.75110e-07
 3.52658e-07
 3.29411e-07
 3.06417e-07
 2.84315e-07
 2.63464e-07
 2.44038e-07
 2.26091e-07
 2.09600e-07
 1.94503e-07
 1.80709e-07
 1.68122e-07
 1.56639e-07
 1.46161e-07
 1.36595e-07
 1.27852e-07
 1.19854e-07
 1.12527e-07
 1.05806e-07
 4.81157e-07
 4.47239e-07
 4.12810e-07
 3.79471e-07
 3.48090e-07
 3.19072e-07
 2.92539e-07
 2.68449e-07
 2.46670e-07
 2.27025e-07
 2.09323e-07
 1.93372e-07
 1.78990e-07
 1.66008e-07
 1.54273e-07
 1.43648e-07
 1.34010e-07
 1.25251e-07
 1.17275e-07
 1.09997e-07
 5.85816e-07
 5.32107e-07
 4.81571e-07
 4.35291e-07
 3.93573e-07
 3.56310e-07
 3.23192e-07
 2.93828e-07
 2.67805e-07
 2.44731e-07
 2.24243e-07
 2.06015e-07
 1.89762e-07
 1.75235e-07
 1.62216e-07
 1.50519e-07
 1.39981e-07
 1.30463e-07
 1.21843e-07
 1.14018e-07
 7.11111e-07
 6.30092e-07
 5.58579e-07
 4.96221e-07
 4.42151e-07
 3.95351e-07
 3.54824e-07
 3.19661e-07
 2.89068e-07
 2.62363e-07
 2.38968e-07
 2.18397e-07
 2.00241e-07
 1.84157e-07
 1.69857e-07
 1.57098e-07
 1.45676e-07
 1.35415e-07
 1.26170e-07
 1.17815e-07
 8.57357e-07
 7.40187e-07
 6.42448e-07
 5.60890e-07
 4.92612e-07
 4.35179e-07
 3.86604e-07
 3.45282e-07
 3.09924e-07
 2.79493e-07
 2.53159e-07
 2.30245e-07
 2.10207e-07
 1.92598e-07
 1.77053e-07
 1.63269e-07
 1.50998e-07
 1.40030e-07
 1.30191e-07
 1.21335e-07
 1.02179e-06
 8.59292e-07
 7.30422e-07
 6.27045e-07
 5.43184e-07
 4.74424e-07
 4.17479e-07
 3.69880e-07
 3.29748e-07
 2.95641e-07
 2.66439e-07
 2.41267e-07
 2.19430e-07
 2.00375e-07
 1.83656e-07
 1.68914e-07
 1.55852e-07
 1.44229e-07
 1.33842e-07
 1.24526e-07
 1.19706e-06
 9.81607e-07
 8.18168e-07
 6.91516e-07
 5.91556e-07
 5.11397e-07
 4.46210e-07
 3.92538e-07
 3.47856e-07
 3.10288e-07
 2.78417e-07
 2.51159e-07
 2.27674e-07
 2.07303e-07
 1.89523e-07
 1.73917e-07
 1.60147e-07
 1.47937e-07
 1.37063e-07
 1.27337e-07
 1.37028e-06
 1.09846e-06
 8.99857e-07
 7.50346e-07
 6.35010e-07
 5.44202e-07
 4.71453e-07
 4.12291e-07
 3.63545e-07
 3.22916e-07
 2.88702e-07
 2.59627e-07
 2.34714e-07
 2.13208e-07
 1.94516e-07
 1.78171e-07
 1.63795e-07
 1.51086e-07
 1.39797e-07
 1.29724e-07
 1.52340e-06
 1.19891e-06
 9.68665e-07
 7.99165e-07
 6.70675e-07
 5.70910e-07
 4.91883e-07
 4.28210e-07
 3.76151e-07
 3.33041e-07
 2.96940e-07
 2.66405e-07
 2.40348e-07
 2.17935e-07
 1.98516e-07
 1.81581e-07
 1.66724e-07
 1.53617e-07
 1.41997e-07
 1.31647e-07
 1.63568e-06
 1.27133e-06
 1.01776e-06
 8.33797e-07
 6.95903e-07
 5.89788e-07
 5.06335e-07
 4.39491e-07
 3.85108e-07
 3.40259e-07
 3.02832e-07
 2.71272e-07
 2.44411e-07
 2.21358e-07
 2.01425e-07
 1.84072e-07
 1.68871e-07
 1.55481e-07
 1.43624e-07
 1.33075e-07
 1.68848e-06
 1.30595e-06
 1.04168e-06
 8.51002e-07
 7.08691e-07
 5.99551e-07
 5.13956e-07
 4.45554e-07
 3.90010e-07
 3.44279e-07
 3.06170e-07
 2.74073e-07
 2.46784e-07
 2.23387e-07
 2.03172e-07
 1.85588e-07
 1.70195e-07
 1.56644e-07
 1.44651e-07
 1.33987e-07
 1.67175e-06
 1.29770e-06
 1.03764e-06
 8.49168e-07
 7.08050e-07
 5.99565e-07
 5.14326e-07
 4.46111e-07
 3.90655e-07
 3.44955e-07
 3.06844e-07
 2.74727e-07
 2.47408e-07
 2.23974e-07
 2.03723e-07
 1.86101e-07
 1.70673e-07
 1.57087e-07
 1.45063e-07
 1.34369e-07
 1.58884e-06
 1.24815e-06
 1.00643e-06
 8.28712e-07
 6.94209e-07
 5.89958e-07
 5.07517e-07
 4.41202e-07
 3.87065e-07
 3.42299e-07
 3.04861e-07
 2.73236e-07
 2.46281e-07
 2.23120e-07
 2.03074e-07
 1.85609e-07
 1.70301e-07
 1.56809e-07
 1.44857e-07
 1.34219e-07
 1.45565e-06
 1.16513e-06
 9.52240e-07
 7.92001e-07
 6.68576e-07
 5.71600e-07
 4.94086e-07
 4.31192e-07
 3.79486e-07
 3.36481e-07
 3.00339e-07
 2.69684e-07
 2.43464e-07
 2.20867e-07
 2.01258e-07
 1.84136e-07
 1.69099e-07
 1.55822e-07
 1.44043e-07
 1.33546e-07
 1.29426e-06
 1.06021e-06
 8.81502e-07
 7.42808e-07
 6.33453e-07
 5.45949e-07
 4.74981e-07
 4.16718e-07
 3.68354e-07
 3.27804e-07
 2.93496e-07
 2.64228e-07
 2.39072e-07
 2.17302e-07
 1.98341e-07
 1.81732e-07
 1.67104e-07
 1.54158e-07
 1.42646e-07
 1.32368e-07
 1.12537e-06
 9.45361e-07
 8.01339e-07
 6.85511e-07
 5.91615e-07
 5.14813e-07
 4.51414e-07
 3.98608e-07
 3.54247e-07
 3.16680e-07
 2.84626e-07
 2.57086e-07
 2.33268e-07
 2.12545e-07
 1.94414e-07
 1.78467e-07
 1.64372e-07
 1.51858e-07
 1.40700e-07
 1.30711e-07
 9.63950e-07
 8.30428e-07
 7.18171e-07
 6.24322e-07
 5.45871e-07
 4.80097e-07
 4.24697e-07
 3.77781e-07
 3.37819e-07
 3.03582e-07
 2.74080e-07
 2.48516e-07
 2.26246e-07
 2.06747e-07
 1.89591e-07
 1.74429e-07
 1.60971e-07
 1.48977e-07
 1.38247e-07
 1.28612e-07
 8.18410e-07
 7.22108e-07
 6.36919e-07
 5.62762e-07
 4.98717e-07
 4.43576e-07
 3.96103e-07
 3.55160e-07
 3.19748e-07
 2.89011e-07
 2.62230e-07
 2.38801e-07
 2.18221e-07
 2.00072e-07
 1.84003e-07
 1.69721e-07
 1.56983e-07
 1.45580e-07
 1.35339e-07
 1.26112e-07
 6.92028e-07
 6.24101e-07
 5.60829e-07
 5.03424e-07
 4.52150e-07
 4.06759e-07
 3.66767e-07
 3.31599e-07
 3.00676e-07
 2.73456e-07
 2.49450e-07
 2.28228e-07
 2.09417e-07
 1.92694e-07
 1.77784e-07
 1.64451e-07
 1.52493e-07
 1.41736e-07
 1.32032e-07
 1.23255e-07
 5.84832e-07
 5.37832e-07
 4.91672e-07
 4.47989e-07
 4.07603e-07
 3.70817e-07
 3.37620e-07
 3.07829e-07
 2.81176e-07
 2.57364e-07
 2.36091e-07
 2.17074e-07
 2.00051e-07
 1.84788e-07
 1.71076e-07
 1.58731e-07
 1.47591e-07
 1.37518e-07
 1.28387e-07
 1.20091e-07
