scalar
part
         1
quad4
 3.48610e-07
 3.35756e-07
 3.19442e-07
 3.01370e-07
 2.82701e-07
 2.64199e-07
 2.46341e-07
 2.29402e-07
 2.13527e-07
 1.98767e-07
 1.85121e-07
 1.72549e-07
 1.60994e-07
 1.50387e-07
 1.40656e-07
 1.31728e-07
 1.23535e-07
 1.16011e-07
 1.09095e-07
 1.02731e-07
 4.30443e-07
 4.05315e-07
 3.78142e-07
 3.50732e-07
 3.24172e-07
 2.99071e-07
 2.75724e-07
 2.54234e-07
 2.34586e-07
 2.16695e-07
 2.00446e-07
 1.85704e-07
 1.72333e-07
 1.60202e-07
 1.49186e-07
 1.39172e-07
 1.30056e-07
 1.21745e-07
 1.14155e-07
 1.07212e-07
 5.31213e-07
 4.88136e-07
 4.46035e-07
 4.06414e-07
 3.69952e-07
 3.36850e-07
 3.07043e-07
 2.80330e-07
 2.56444e-07
 2.35104e-07
 2.16033e-07
 1.98972e-07
 1.83686e-07
 1.69965e-07
 1.57623e-07
 1.46497e-07
 1.36444e-07
 1.27339e-07
 1.19074e-07
 1.11555e-07
 6.53483e-07
 5.85047e-07
 5.23087e-07
 4.67993e-07
 4.19477e-07
 3.76958e-07
 3.39762e-07
 3.07216e-07
 2.78697e-07
 2.53652e-07
 2.31597e-07
 2.12118e-07
 1.94858e-07
 1.79516e-07
 1.65833e-07
 1.53592e-07
 1.42606e-07
 1.32716e-07
 1.23787e-07
 1.15703e-07
 7.98447e-07
 6.95647e-07
 6.08300e-07
 5.34337e-07
 4.71680e-07
 4.18467e-07
 3.73101e-07
 3.34253e-07
 3.00825e-07
 2.71920e-07
 2.46801e-07
 2.24868e-07
 2.05628e-07
 1.88674e-07
 1.73669e-07
 1.60337e-07
 1.48443e-07
 1.37795e-07
 1.28227e-07
 1.19603e-07
 9.64549e-07
 8.17546e-07
 6.99322e-07
 6.03416e-07
 5.24908e-07
 4.60062e-07
 4.06033e-07
 3.60640e-07
 3.22205e-07
 2.89420e-07
 2.61262e-07
 2.36922e-07
 2.15757e-07
 1.97249e-07
 1.80979e-07
 1.66608e-07
 1.53857e-07
 1.42493e-07
 1.32326e-07
 1.23196e-07
 1.14584e-06
 9.45626e-07
 7.92135e-07
 6.72194e-07
 5.76898e-07
 5.00066e-07
 4.37307e-07
 3.85443e-07
 3.42131e-07
 3.05618e-07
 2.74570e-07
 2.47962e-07
 2.24997e-07
 2.05046e-07
 1.87609e-07
 1.72284e-07
 1.58746e-07
 1.46731e-07
 1.36020e-07
 1.26432e-07
 1.33055e-06
 1.07160e-06
 8.80998e-07
 7.36693e-07
 6.24874e-07
 5.36519e-07
 4.65525e-07
 4.07648e-07
 3.59862e-07
 3.19961e-07
 2.86310e-07
 2.57673e-07
 2.33107e-07
 2.11878e-07
 1.93410e-07
 1.77246e-07
 1.63019e-07
 1.50433e-07
 1.39246e-07
 1.29258e-07
 1.50073e-06
 1.18427e-06
 9.58807e-07
 7.92308e-07
 6.65783e-07
 5.67352e-07
 4.89256e-07
 4.26247e-07
 3.74672e-07
 3.31921e-07
 2.96090e-07
 2.65761e-07
 2.39862e-07
 2.17571e-07
 1.98249e-07
 1.81389e-07
 1.66591e-07
 1.53533e-07
 1.41951e-07
 1.31631e-07
 1.63392e-06
 1.27092e-06
 1.01803e-06
 8.34402e-07
 6.96671e-07
 5.90625e-07
 5.07188e-07
 4.40332e-07
 3.85921e-07
 3.41036e-07
 3.03571e-07
 2.71971e-07
 2.45071e-07
 2.21980e-07
 2.02011e-07
 1.84624e-07
 1.69392e-07
 1.55973e-07
 1.44089e-07
 1.33514e-07
 1.70815e-06
 1.32001e-06
 1.05218e-06
 8.59126e-07
 7.15148e-07
 6.04797e-07
 5.18297e-07
 4.49202e-07
 3.93116e-07
 3.46953e-07
 3.08496e-07
 2.76114e-07
 2.48589e-07
 2.24993e-07
 2.04611e-07
 1.86883e-07
 1.71368e-07
 1.57710e-07
 1.45625e-07
 1.34879e-07
 1.70976e-06
 1.32459e-06
 1.05745e-06
 8.64244e-07
 7.19833e-07
 6.08979e-07
 5.21989e-07
 4.52448e-07
 3.95968e-07
 3.49463e-07
 3.10710e-07
 2.78073e-07
 2.50328e-07
 2.26542e-07
 2.05995e-07
 1.88125e-07
 1.72485e-07
 1.58718e-07
 1.46538e-07
 1.35708e-07
 1.63986e-06
 1.28492e-06
 1.03382e-06
 8.49670e-07
 7.10628e-07
 6.03078e-07
 5.18183e-07
 4.50002e-07
 3.94422e-07
 3.48520e-07
 3.10175e-07
 2.77817e-07
 2.50262e-07
 2.26606e-07
 2.06147e-07
 1.88334e-07
 1.72731e-07
 1.58987e-07
 1.46818e-07
 1.35993e-07
 1.51403e-06
 1.20840e-06
 9.85092e-07
 8.17487e-07
 6.88730e-07
 5.87811e-07
 5.07323e-07
 4.42147e-07
 3.88660e-07
 3.44245e-07
 3.06974e-07
 2.75402e-07
 2.48430e-07
 2.25211e-07
 2.05083e-07
 1.87523e-07
 1.72115e-07
 1.58521e-07
 1.46470e-07
 1.35736e-07
 1.35528e-06
 1.10685e-06
 9.17733e-07
 7.71404e-07
 6.56363e-07
 5.64562e-07
 4.90296e-07
 4.29465e-07
 3.79077e-07
 3.36910e-07
 3.01296e-07
 2.70963e-07
 2.44930e-07
 2.22430e-07
 2.02858e-07
 1.85733e-07
 1.70667e-07
 1.57345e-07
 1.45511e-07
 1.34952e-07
 1.18572e-06
 9.92885e-07
 8.39142e-07
 7.15911e-07
 6.16336e-07
 5.35135e-07
 4.68294e-07
 4.12764e-07
 3.66227e-07
 3.26904e-07
 2.93420e-07
 2.64702e-07
 2.39909e-07
 2.18372e-07
 1.99554e-07
 1.83026e-07
 1.68435e-07
 1.55496e-07
 1.43971e-07
 1.33664e-07
 1.02155e-06
 8.77067e-07
 7.56132e-07
 6.55432e-07
 5.71564e-07
 5.01488e-07
 4.42652e-07
 3.92970e-07
 3.50767e-07
 3.14697e-07
 2.83687e-07
 2.56872e-07
 2.33557e-07
 2.13179e-07
 1.95281e-07
 1.79485e-07
 1.65485e-07
 1.53024e-07
 1.41889e-07
 1.31903e-07
 8.72165e-07
 7.66735e-07
 6.74029e-07
 5.93733e-07
 5.24692e-07
 4.65485e-07
 4.14695e-07
 3.71034e-07
 3.33385e-07
 3.00796e-07
 2.72473e-07
 2.47753e-07
 2.26086e-07
 2.07016e-07
 1.90162e-07
 1.75210e-07
 1.61893e-07
 1.49991e-07
 1.39316e-07
 1.29709e-07
 7.41495e-07
 6.66083e-07
 5.96427e-07
 5.33644e-07
 4.77872e-07
 4.28734e-07
 3.85620e-07
 3.47848e-07
 3.14749e-07
 2.85703e-07
 2.60160e-07
 2.37637e-07
 2.17721e-07
 2.00055e-07
 1.84336e-07
 1.70307e-07
 1.57745e-07
 1.46465e-07
 1.36304e-07
 1.27126e-07
 6.29970e-07
 5.76885e-07
 5.25370e-07
 4.77047e-07
 4.32682e-07
 3.92506e-07
 3.56428e-07
 3.24193e-07
 2.95466e-07
 2.69889e-07
 2.47113e-07
 2.26811e-07
 2.08686e-07
 1.92475e-07
 1.77943e-07
 1.64888e-07
 1.53131e-07
 1.42518e-07
 1.32914e-07
 1.24202e-07
