scalar
part
         1
quad4
 5.21893e-07
 4.84322e-07
 4.46439e-07
 4.09860e-07
 3.75482e-07
 3.43728e-07
 3.14726e-07
 2.88422e-07
 2.64670e-07
 2.43271e-07
 2.24012e-07
 2.06680e-07
 1.91072e-07
 1.77001e-07
 1.64297e-07
 1.52808e-07
 1.42400e-07
 1.32951e-07
 1.24358e-07
 1.16526e-07
 6.21910e-07
 5.65964e-07
 5.12811e-07
 4.63792e-07
 4.19388e-07
 3.79596e-07
 3.44156e-07
 3.12691e-07
 2.84788e-07
 2.60040e-07
 2.38065e-07
 2.18520e-07
 2.01100e-07
 1.85537e-07
 1.71599e-07
 1.59085e-07
 1.47818e-07
 1.37649e-07
 1.28448e-07
 1.20100e-07
 7.40986e-07
 6.59800e-07
 5.86816e-07
 5.22377e-07
 4.66026e-07
 4.16966e-07
 3.74311e-07
 3.37200e-07
 3.04851e-07
 2.76578e-07
 2.51790e-07
 2.29985e-07
 2.10736e-07
 1.93684e-07
 1.78526e-07
 1.65005e-07
 1.52904e-07
 1.42039e-07
 1.32254e-07
 1.23414e-07
 8.79907e-07
 7.65128e-07
 6.67242e-07
 5.84343e-07
 5.14239e-07
 4.54857e-07
 4.04384e-07
 3.61297e-07
 3.24335e-07
 2.92468e-07
 2.64854e-07
 2.40808e-07
 2.19767e-07
 2.01270e-07
 1.84938e-07
 1.70457e-07
 1.57565e-07
 1.46045e-07
 1.35714e-07
 1.26417e-07
 1.03687e-06
 8.79339e-07
 7.51583e-07
 6.47569e-07
 5.62330e-07
 4.91942e-07
 4.33351e-07
 3.84193e-07
 3.42633e-07
 3.07240e-07
 2.76893e-07
 2.50704e-07
 2.27968e-07
 2.08117e-07
 1.90694e-07
 1.75328e-07
 1.61711e-07
 1.49595e-07
 1.38768e-07
 1.29058e-07
 1.20580e-06
 9.97194e-07
 8.35774e-07
 7.09024e-07
 6.08072e-07
 5.26588e-07
 4.60010e-07
 4.04999e-07
 3.59081e-07
 3.20395e-07
 2.87527e-07
 2.59383e-07
 2.35115e-07
 2.14051e-07
 1.95658e-07
 1.79508e-07
 1.65256e-07
 1.52617e-07
 1.41360e-07
 1.31293e-07
 1.37489e-06
 1.11047e-06
 9.14201e-07
 7.64877e-07
 6.48824e-07
 5.56956e-07
 4.83061e-07
 4.22783e-07
 3.73002e-07
 3.31435e-07
 2.96384e-07
 2.66565e-07
 2.40994e-07
 2.18906e-07
 1.99700e-07
 1.82899e-07
 1.68119e-07
 1.55050e-07
 1.43440e-07
 1.33079e-07
 1.52658e-06
 1.20843e-06
 9.80182e-07
 8.10858e-07
 6.81793e-07
 5.81172e-07
 5.01221e-07
 4.36650e-07
 3.83760e-07
 3.39900e-07
 3.03128e-07
 2.72000e-07
 2.45418e-07
 2.22541e-07
 2.02711e-07
 1.85413e-07
 1.70232e-07
 1.56839e-07
 1.44963e-07
 1.34384e-07
 1.64007e-06
 1.27955e-06
 1.02698e-06
 8.42869e-07
 7.04394e-07
 5.97557e-07
 5.13369e-07
 4.45833e-07
 3.90820e-07
 3.45408e-07
 3.07484e-07
 2.75484e-07
 2.48235e-07
 2.24840e-07
 2.04604e-07
 1.86983e-07
 1.71545e-07
 1.57943e-07
 1.45898e-07
 1.35180e-07
 1.69677e-06
 1.31408e-06
 1.04916e-06
 8.57718e-07
 7.14670e-07
 6.04867e-07
 5.18691e-07
 4.49784e-07
 3.93804e-07
 3.47695e-07
 3.09260e-07
 2.76879e-07
 2.49342e-07
 2.25726e-07
 2.05320e-07
 1.87565e-07
 1.72021e-07
 1.58335e-07
 1.46222e-07
 1.35450e-07
 1.68628e-06
 1.30681e-06
 1.04389e-06
 8.53776e-07
 7.11643e-07
 6.02491e-07
 5.16791e-07
 4.48242e-07
 3.92534e-07
 3.46638e-07
 3.08369e-07
 2.76122e-07
 2.48693e-07
 2.25166e-07
 2.04833e-07
 1.87139e-07
 1.71647e-07
 1.58004e-07
 1.45928e-07
 1.35187e-07
 1.61015e-06
 1.25854e-06
 1.01165e-06
 8.31336e-07
 6.95500e-07
 5.90554e-07
 5.07757e-07
 4.41266e-07
 3.87055e-07
 3.42267e-07
 3.04836e-07
 2.73232e-07
 2.46304e-07
 2.23171e-07
 2.03153e-07
 1.85713e-07
 1.70427e-07
 1.56954e-07
 1.45018e-07
 1.34394e-07
 1.48117e-06
 1.17589e-06
 9.56095e-07
 7.92552e-07
 6.67565e-07
 5.69901e-07
 4.92145e-07
 4.29236e-07
 3.77628e-07
 3.34771e-07
 2.98796e-07
 2.68308e-07
 2.42247e-07
 2.19797e-07
 2.00322e-07
 1.83319e-07
 1.68388e-07
 1.55206e-07
 1.43510e-07
 1.33085e-07
 1.31899e-06
 1.06936e-06
 8.83202e-07
 7.40984e-07
 6.30053e-07
 5.41960e-07
 4.70903e-07
 4.12797e-07
 3.64704e-07
 3.24469e-07
 2.90481e-07
 2.61522e-07
 2.36652e-07
 2.15141e-07
 1.96416e-07
 1.80016e-07
 1.65576e-07
 1.52795e-07
 1.41432e-07
 1.31284e-07
 1.14417e-06
 9.50597e-07
 7.99887e-07
 6.80907e-07
 5.85694e-07
 5.08526e-07
 4.45242e-07
 3.92786e-07
 3.48874e-07
 3.11786e-07
 2.80201e-07
 2.53102e-07
 2.29691e-07
 2.09336e-07
 1.91535e-07
 1.75883e-07
 1.62052e-07
 1.49773e-07
 1.38823e-07
 1.29021e-07
 9.73387e-07
 8.29990e-07
 7.12727e-07
 6.16584e-07
 5.37317e-07
 4.71516e-07
 4.16491e-07
 3.70138e-07
 3.30809e-07
 2.97209e-07
 2.68318e-07
 2.43321e-07
 2.21569e-07
 2.02537e-07
 1.85802e-07
 1.71016e-07
 1.57893e-07
 1.46197e-07
 1.35733e-07
 1.26336e-07
 8.17353e-07
 7.15190e-07
 6.27054e-07
 5.51714e-07
 4.87506e-07
 4.32755e-07
 3.85952e-07
 3.45797e-07
 3.11199e-07
 2.81254e-07
 2.55215e-07
 2.32469e-07
 2.12510e-07
 1.94920e-07
 1.79353e-07
 1.65521e-07
 1.53183e-07
 1.42138e-07
 1.32217e-07
 1.23275e-07
 6.81135e-07
 6.10828e-07
 5.46575e-07
 4.89126e-07
 4.38374e-07
 3.93815e-07
 3.54796e-07
 3.20639e-07
 2.90706e-07
 2.64420e-07
 2.41278e-07
 2.20845e-07
 2.02747e-07
 1.86666e-07
 1.72332e-07
 1.59513e-07
 1.48015e-07
 1.37669e-07
 1.28334e-07
 1.19886e-07
 5.65748e-07
 5.18975e-07
 4.73444e-07
 4.30712e-07
 3.91477e-07
 3.55935e-07
 3.23995e-07
 2.95422e-07
 2.69918e-07
 2.47169e-07
 2.26868e-07
 2.08732e-07
 1.92503e-07
 1.77953e-07
 1.64881e-07
 1.53108e-07
 1.42482e-07
 1.32867e-07
 1.24148e-07
 1.16221e-07
 4.69852e-07
 4.39910e-07
 4.08567e-07
 3.77534e-07
 3.47829e-07
 3.20001e-07
 2.94293e-07
 2.70757e-07
 2.49334e-07
 2.29901e-07
 2.12307e-07
 1.96390e-07
 1.81989e-07
 1.68953e-07
 1.57139e-07
 1.46419e-07
 1.36676e-07
 1.27808e-07
 1.19721e-07
 1.12333e-07
