scalar
part
         1
quad4
 3.36334e-07
 3.25847e-07
 3.11523e-07
 2.95093e-07
 2.77765e-07
 2.60348e-07
 2.43361e-07
 2.27122e-07
 2.11806e-07
 1.97494e-07
 1.84205e-07
 1.71919e-07
 1.60592e-07
 1.50167e-07
 1.40581e-07
 1.31769e-07
 1.23668e-07
 1.16216e-07
 1.09357e-07
 1.03038e-07
 4.17760e-07
 3.95425e-07
 3.70514e-07
 3.44907e-07
 3.19769e-07
 2.95782e-07
 2.73306e-07
 2.52494e-07
 2.33373e-07
 2.15893e-07
 1.99963e-07
 1.85469e-07
 1.72291e-07
 1.60309e-07
 1.49408e-07
 1.39482e-07
 1.30433e-07
 1.22172e-07
 1.14619e-07
 1.07703e-07
 5.18512e-07
 4.78670e-07
 4.39075e-07
 4.01367e-07
 3.66355e-07
 3.34348e-07
 3.05367e-07
 2.79273e-07
 2.55854e-07
 2.34865e-07
 2.16057e-07
 1.99192e-07
 1.84051e-07
 1.70437e-07
 1.58172e-07
 1.47101e-07
 1.37085e-07
 1.28004e-07
 1.19753e-07
 1.12240e-07
 6.41432e-07
 5.76621e-07
 5.17316e-07
 4.64147e-07
 4.17022e-07
 3.75506e-07
 3.39031e-07
 3.07002e-07
 2.78853e-07
 2.54071e-07
 2.32202e-07
 2.12850e-07
 1.95676e-07
 1.80389e-07
 1.66739e-07
 1.54513e-07
 1.43530e-07
 1.33635e-07
 1.24694e-07
 1.16593e-07
 7.88123e-07
 6.89143e-07
 6.04406e-07
 5.32215e-07
 4.70759e-07
 4.18355e-07
 3.73533e-07
 3.35045e-07
 3.01850e-07
 2.73091e-07
 2.48058e-07
 2.26168e-07
 2.06942e-07
 1.89981e-07
 1.74957e-07
 1.61595e-07
 1.49667e-07
 1.38980e-07
 1.29371e-07
 1.20705e-07
 9.57577e-07
 8.14159e-07
 6.98158e-07
 6.03622e-07
 5.25948e-07
 4.61596e-07
 4.07846e-07
 3.62595e-07
 3.24214e-07
 2.91428e-07
 2.63234e-07
 2.38837e-07
 2.17602e-07
 1.99018e-07
 1.82670e-07
 1.68221e-07
 1.55392e-07
 1.43954e-07
 1.33716e-07
 1.24518e-07
 1.14446e-06
 9.46829e-07
 7.94669e-07
 6.75367e-07
 5.80326e-07
 5.03535e-07
 4.40701e-07
 3.88700e-07
 3.45223e-07
 3.08532e-07
 2.77307e-07
 2.50529e-07
 2.27401e-07
 2.07297e-07
 1.89718e-07
 1.74261e-07
 1.60602e-07
 1.48474e-07
 1.37659e-07
 1.27976e-07
 1.33747e-06
 1.07898e-06
 8.88185e-07
 7.43421e-07
 6.31061e-07
 5.42161e-07
 4.70656e-07
 4.12312e-07
 3.64106e-07
 3.23831e-07
 2.89846e-07
 2.60914e-07
 2.36085e-07
 2.14622e-07
 1.95945e-07
 1.79593e-07
 1.65199e-07
 1.52461e-07
 1.41137e-07
 1.31026e-07
 1.51854e-06
 1.19920e-06
 9.71391e-07
 8.03011e-07
 6.74973e-07
 5.75314e-07
 4.96211e-07
 4.32371e-07
 3.80101e-07
 3.36766e-07
 3.00437e-07
 2.69683e-07
 2.43418e-07
 2.20809e-07
 2.01209e-07
 1.84106e-07
 1.69093e-07
 1.55844e-07
 1.44092e-07
 1.33620e-07
 1.66414e-06
 1.29406e-06
 1.03631e-06
 8.49217e-07
 7.08922e-07
 6.00925e-07
 5.15969e-07
 4.47908e-07
 3.92524e-07
 3.46842e-07
 3.08716e-07
 2.76562e-07
 2.49193e-07
 2.25702e-07
 2.05387e-07
 1.87702e-07
 1.72209e-07
 1.58560e-07
 1.46474e-07
 1.35720e-07
 1.75021e-06
 1.35092e-06
 1.07585e-06
 8.77826e-07
 7.30290e-07
 6.17308e-07
 5.28807e-07
 4.58154e-07
 4.00833e-07
 3.53673e-07
 3.14400e-07
 2.81343e-07
 2.53252e-07
 2.29177e-07
 2.08386e-07
 1.90307e-07
 1.74487e-07
 1.60563e-07
 1.48245e-07
 1.37293e-07
 1.76087e-06
 1.36174e-06
 1.08558e-06
 8.86239e-07
 7.37476e-07
 6.23431e-07
 5.34034e-07
 4.62635e-07
 4.04693e-07
 3.57017e-07
 3.17311e-07
 2.83891e-07
 2.55492e-07
 2.31157e-07
 2.10144e-07
 1.91873e-07
 1.75888e-07
 1.61822e-07
 1.49380e-07
 1.38320e-07
 1.69589e-06
 1.32601e-06
 1.06505e-06
 8.74106e-07
 7.30210e-07
 6.19088e-07
 5.31495e-07
 4.61231e-07
 4.04012e-07
 3.56799e-07
 3.17391e-07
 2.84158e-07
 2.55877e-07
 2.31611e-07
 2.10634e-07
 1.92380e-07
 1.76396e-07
 1.62322e-07
 1.49866e-07
 1.38789e-07
 1.57085e-06
 1.25098e-06
 1.01790e-06
 8.43385e-07
 7.09599e-07
 6.04930e-07
 5.21583e-07
 4.54185e-07
 3.98943e-07
 3.53120e-07
 3.14704e-07
 2.82190e-07
 2.54434e-07
 2.30557e-07
 2.09871e-07
 1.91834e-07
 1.76016e-07
 1.62067e-07
 1.49706e-07
 1.38701e-07
 1.40976e-06
 1.14884e-06
 9.50733e-07
 7.97819e-07
 6.77863e-07
 5.82324e-07
 5.05168e-07
 4.42067e-07
 3.89868e-07
 3.46240e-07
 3.09431e-07
 2.78112e-07
 2.51255e-07
 2.28061e-07
 2.07901e-07
 1.90273e-07
 1.74773e-07
 1.61076e-07
 1.48914e-07
 1.38068e-07
 1.23598e-06
 1.03280e-06
 8.71232e-07
 7.42038e-07
 6.37877e-07
 5.53108e-07
 4.83455e-07
 4.25684e-07
 3.77340e-07
 3.36545e-07
 3.01848e-07
 2.72123e-07
 2.46484e-07
 2.24232e-07
 2.04807e-07
 1.87756e-07
 1.72715e-07
 1.59385e-07
 1.47518e-07
 1.36912e-07
 1.06679e-06
 9.14057e-07
 7.86561e-07
 6.80663e-07
 5.92669e-07
 5.19299e-07
 4.57813e-07
 4.05984e-07
 3.62026e-07
 3.24510e-07
 2.92297e-07
 2.64475e-07
 2.40310e-07
 2.19211e-07
 2.00694e-07
 1.84367e-07
 1.69906e-07
 1.57044e-07
 1.45559e-07
 1.35264e-07
 9.12285e-07
 8.00424e-07
 7.02364e-07
 6.17659e-07
 5.45007e-07
 4.82839e-07
 4.29616e-07
 3.83948e-07
 3.44632e-07
 3.10653e-07
 2.81162e-07
 2.55455e-07
 2.32948e-07
 2.13160e-07
 1.95689e-07
 1.80203e-07
 1.66422e-07
 1.54114e-07
 1.43082e-07
 1.33162e-07
 7.76797e-07
 6.96435e-07
 6.22481e-07
 5.56031e-07
 4.97160e-07
 4.45416e-07
 4.00114e-07
 3.60502e-07
 3.25852e-07
 2.95493e-07
 2.68835e-07
 2.45361e-07
 2.24628e-07
 2.06259e-07
 1.89932e-07
 1.75373e-07
 1.62349e-07
 1.50663e-07
 1.40145e-07
 1.30651e-07
 6.60938e-07
 6.04060e-07
 5.49129e-07
 4.97793e-07
 4.50810e-07
 4.08375e-07
 3.70360e-07
 3.36465e-07
 3.06316e-07
 2.79519e-07
 2.55694e-07
 2.34488e-07
 2.15580e-07
 1.98689e-07
 1.83565e-07
 1.69992e-07
 1.57779e-07
 1.46765e-07
 1.36806e-07
 1.27780e-07
