scalar
part
         1
quad4
 3.36556e-07
 3.25877e-07
 3.11423e-07
 2.94908e-07
 2.77525e-07
 2.60077e-07
 2.43074e-07
 2.26829e-07
 2.11515e-07
 1.97208e-07
 1.83927e-07
 1.71651e-07
 1.60335e-07
 1.49921e-07
 1.40347e-07
 1.31546e-07
 1.23456e-07
 1.16014e-07
 1.09165e-07
 1.02855e-07
 4.17770e-07
 3.95249e-07
 3.70226e-07
 3.44554e-07
 3.19385e-07
 2.95386e-07
 2.72911e-07
 2.52109e-07
 2.33003e-07
 2.15540e-07
 1.99627e-07
 1.85151e-07
 1.71991e-07
 1.60025e-07
 1.49141e-07
 1.39230e-07
 1.30195e-07
 1.21947e-07
 1.14407e-07
 1.07502e-07
 5.18204e-07
 4.78210e-07
 4.38540e-07
 4.00806e-07
 3.65797e-07
 3.33808e-07
 3.04852e-07
 2.78788e-07
 2.55400e-07
 2.34440e-07
 2.15660e-07
 1.98822e-07
 1.83706e-07
 1.70115e-07
 1.57871e-07
 1.46819e-07
 1.36821e-07
 1.27757e-07
 1.19521e-07
 1.12021e-07
 6.40668e-07
 5.75780e-07
 5.16471e-07
 4.63337e-07
 4.16262e-07
 3.74803e-07
 3.38383e-07
 3.06408e-07
 2.78308e-07
 2.53571e-07
 2.31742e-07
 2.12427e-07
 1.95286e-07
 1.80028e-07
 1.66404e-07
 1.54201e-07
 1.43240e-07
 1.33364e-07
 1.24441e-07
 1.16356e-07
 7.86734e-07
 6.87819e-07
 6.03190e-07
 5.31118e-07
 4.69776e-07
 4.17476e-07
 3.72745e-07
 3.34337e-07
 3.01213e-07
 2.72514e-07
 2.47534e-07
 2.25691e-07
 2.06505e-07
 1.89581e-07
 1.74588e-07
 1.61255e-07
 1.49351e-07
 1.38687e-07
 1.29099e-07
 1.20451e-07
 9.55385e-07
 8.12256e-07
 6.96521e-07
 6.02213e-07
 5.24729e-07
 4.60535e-07
 4.06916e-07
 3.61775e-07
 3.23485e-07
 2.90776e-07
 2.62648e-07
 2.38308e-07
 2.17121e-07
 1.98579e-07
 1.82269e-07
 1.67852e-07
 1.55052e-07
 1.43639e-07
 1.33424e-07
 1.24247e-07
 1.14132e-06
 9.44292e-07
 7.92591e-07
 6.73641e-07
 5.78874e-07
 5.02297e-07
 4.39633e-07
 3.87771e-07
 3.44406e-07
 3.07809e-07
 2.76662e-07
 2.49950e-07
 2.26878e-07
 2.06823e-07
 1.89285e-07
 1.73865e-07
 1.60238e-07
 1.48139e-07
 1.37349e-07
 1.27688e-07
 1.33336e-06
 1.07583e-06
 8.85692e-07
 7.41404e-07
 6.29395e-07
 5.40762e-07
 4.69464e-07
 4.11284e-07
 3.63210e-07
 3.23042e-07
 2.89147e-07
 2.60290e-07
 2.35524e-07
 2.14115e-07
 1.95484e-07
 1.79173e-07
 1.64814e-07
 1.52107e-07
 1.40810e-07
 1.30723e-07
 1.51364e-06
 1.19554e-06
 9.68564e-07
 8.00758e-07
 6.73134e-07
 5.73783e-07
 4.94916e-07
 4.31260e-07
 3.79138e-07
 3.35921e-07
 2.99691e-07
 2.69019e-07
 2.42823e-07
 2.20273e-07
 2.00723e-07
 1.83663e-07
 1.68688e-07
 1.55472e-07
 1.43749e-07
 1.33304e-07
 1.65880e-06
 1.29012e-06
 1.03328e-06
 8.46812e-07
 7.06963e-07
 5.99299e-07
 5.14597e-07
 4.46733e-07
 3.91507e-07
 3.45953e-07
 3.07932e-07
 2.75865e-07
 2.48569e-07
 2.25140e-07
 2.04879e-07
 1.87240e-07
 1.71787e-07
 1.58173e-07
 1.46118e-07
 1.35391e-07
 1.74494e-06
 1.34696e-06
 1.07277e-06
 8.75362e-07
 7.28275e-07
 6.15629e-07
 5.27387e-07
 4.56937e-07
 3.99778e-07
 3.52751e-07
 3.13587e-07
 2.80620e-07
 2.52605e-07
 2.28595e-07
 2.07860e-07
 1.89829e-07
 1.74050e-07
 1.60163e-07
 1.47877e-07
 1.36954e-07
 1.75606e-06
 1.35799e-06
 1.08259e-06
 8.83807e-07
 7.35464e-07
 6.21740e-07
 5.32596e-07
 4.61398e-07
 4.03618e-07
 3.56074e-07
 3.16479e-07
 2.83150e-07
 2.54829e-07
 2.30560e-07
 2.09603e-07
 1.91382e-07
 1.75440e-07
 1.61412e-07
 1.49002e-07
 1.37971e-07
 1.69172e-06
 1.32261e-06
 1.06224e-06
 8.71774e-07
 7.28250e-07
 6.17423e-07
 5.30066e-07
 4.59993e-07
 4.02931e-07
 3.55848e-07
 3.16548e-07
 2.83407e-07
 2.55203e-07
 2.31003e-07
 2.10084e-07
 1.91879e-07
 1.75939e-07
 1.61903e-07
 1.49480e-07
 1.38433e-07
 1.56732e-06
 1.24796e-06
 1.01533e-06
 8.41196e-07
 7.07726e-07
 6.03317e-07
 5.20185e-07
 4.52965e-07
 3.97871e-07
 3.52172e-07
 3.13860e-07
 2.81435e-07
 2.53755e-07
 2.29944e-07
 2.09314e-07
 1.91328e-07
 1.75552e-07
 1.61642e-07
 1.49314e-07
 1.38339e-07
 1.40676e-06
 1.14618e-06
 9.48405e-07
 7.95792e-07
 6.76098e-07
 5.80783e-07
 5.03817e-07
 4.40877e-07
 3.88815e-07
 3.45303e-07
 3.08594e-07
 2.77360e-07
 2.50577e-07
 2.27447e-07
 2.07343e-07
 1.89763e-07
 1.74306e-07
 1.60647e-07
 1.48518e-07
 1.37702e-07
 1.23339e-06
 1.03045e-06
 8.69129e-07
 7.40174e-07
 6.36228e-07
 5.51649e-07
 4.82162e-07
 4.24536e-07
 3.76317e-07
 3.35628e-07
 3.01024e-07
 2.71380e-07
 2.45812e-07
 2.23622e-07
 2.04250e-07
 1.87247e-07
 1.72248e-07
 1.58954e-07
 1.47121e-07
 1.36544e-07
 1.06451e-06
 9.11961e-07
 7.84660e-07
 6.78953e-07
 5.91136e-07
 5.17927e-07
 4.56585e-07
 4.04884e-07
 3.61037e-07
 3.23619e-07
 2.91493e-07
 2.63746e-07
 2.39648e-07
 2.18606e-07
 2.00141e-07
 1.83860e-07
 1.69440e-07
 1.56614e-07
 1.45161e-07
 1.34896e-07
 9.10252e-07
 7.98545e-07
 7.00642e-07
 6.16092e-07
 5.43586e-07
 4.81554e-07
 4.28455e-07
 3.82899e-07
 3.43683e-07
 3.09793e-07
 2.80381e-07
 2.54743e-07
 2.32299e-07
 2.12566e-07
 1.95144e-07
 1.79701e-07
 1.65960e-07
 1.53687e-07
 1.42687e-07
 1.32795e-07
 7.74974e-07
 6.94740e-07
 6.20916e-07
 5.54593e-07
 4.95845e-07
 4.44217e-07
 3.99021e-07
 3.59507e-07
 3.24945e-07
 2.94667e-07
 2.68080e-07
 2.44670e-07
 2.23995e-07
 2.05678e-07
 1.89397e-07
 1.74879e-07
 1.61893e-07
 1.50240e-07
 1.39753e-07
 1.30286e-07
 6.59296e-07
 6.02526e-07
 5.47702e-07
 4.96473e-07
 4.49593e-07
 4.07256e-07
 3.69333e-07
 3.35523e-07
 3.05452e-07
 2.78727e-07
 2.54967e-07
 2.33820e-07
 2.14965e-07
 1.98122e-07
 1.83041e-07
 1.69507e-07
 1.57330e-07
 1.46348e-07
 1.36418e-07
 1.27418e-07
