scalar
part
         1
quad4
 6.00515e-07
 5.50950e-07
 5.02604e-07
 4.57080e-07
 4.15161e-07
 3.77104e-07
 3.42855e-07
 3.12195e-07
 2.84825e-07
 2.60419e-07
 2.38654e-07
 2.19228e-07
 2.01864e-07
 1.86315e-07
 1.72364e-07
 1.59817e-07
 1.48508e-07
 1.38291e-07
 1.29037e-07
 1.20638e-07
 7.08389e-07
 6.37460e-07
 5.71709e-07
 5.12279e-07
 4.59362e-07
 4.12642e-07
 3.71576e-07
 3.35538e-07
 3.03910e-07
 2.76117e-07
 2.51643e-07
 2.30038e-07
 2.10911e-07
 1.93929e-07
 1.78804e-07
 1.65292e-07
 1.53184e-07
 1.42302e-07
 1.32493e-07
 1.23628e-07
 8.35081e-07
 7.35333e-07
 6.47400e-07
 5.71075e-07
 5.05325e-07
 4.48841e-07
 4.00309e-07
 3.58529e-07
 3.22451e-07
 2.91183e-07
 2.63976e-07
 2.40204e-07
 2.19346e-07
 2.00971e-07
 1.84718e-07
 1.70287e-07
 1.57424e-07
 1.45919e-07
 1.35594e-07
 1.26296e-07
 9.80308e-07
 8.42953e-07
 7.27772e-07
 6.31699e-07
 5.51556e-07
 4.84490e-07
 4.28099e-07
 3.80419e-07
 3.39865e-07
 3.05165e-07
 2.75299e-07
 2.49448e-07
 2.26951e-07
 2.07271e-07
 1.89970e-07
 1.74692e-07
 1.61141e-07
 1.49071e-07
 1.38280e-07
 1.28596e-07
 1.14044e-06
 9.56385e-07
 8.09428e-07
 6.91462e-07
 5.96003e-07
 5.18050e-07
 4.53796e-07
 4.00349e-07
 3.55506e-07
 3.17573e-07
 2.85241e-07
 2.57487e-07
 2.33504e-07
 2.12654e-07
 1.94425e-07
 1.78402e-07
 1.64248e-07
 1.51689e-07
 1.40497e-07
 1.30483e-07
 1.30659e-06
 1.06866e-06
 8.87294e-07
 7.46765e-07
 6.36129e-07
 5.47725e-07
 4.76117e-07
 4.17396e-07
 3.68702e-07
 3.27914e-07
 2.93433e-07
 2.64041e-07
 2.38796e-07
 2.16961e-07
 1.97956e-07
 1.81317e-07
 1.66670e-07
 1.53713e-07
 1.42197e-07
 1.31917e-07
 1.46334e-06
 1.16970e-06
 9.54844e-07
 7.93350e-07
 6.69115e-07
 5.71616e-07
 4.93763e-07
 4.30652e-07
 3.78810e-07
 3.35722e-07
 2.99536e-07
 2.68861e-07
 2.42637e-07
 2.20049e-07
 2.00456e-07
 1.83355e-07
 1.68341e-07
 1.55090e-07
 1.43338e-07
 1.32867e-07
 1.58954e-06
 1.24740e-06
 1.00494e-06
 8.26864e-07
 6.92223e-07
 5.87951e-07
 5.05555e-07
 4.39316e-07
 3.85273e-07
 3.40607e-07
 3.03269e-07
 2.71740e-07
 2.44877e-07
 2.21803e-07
 2.01838e-07
 1.84448e-07
 1.69210e-07
 1.55782e-07
 1.43889e-07
 1.33306e-07
 1.66315e-06
 1.29031e-06
 1.03128e-06
 8.43655e-07
 7.03243e-07
 5.95345e-07
 5.10597e-07
 4.42794e-07
 3.87688e-07
 3.42287e-07
 3.04433e-07
 2.72538e-07
 2.45412e-07
 2.22148e-07
 2.02045e-07
 1.84555e-07
 1.69243e-07
 1.55762e-07
 1.43831e-07
 1.33220e-07
 1.66893e-06
 1.29110e-06
 1.03000e-06
 8.41578e-07
 7.00921e-07
 5.93033e-07
 5.08409e-07
 4.40775e-07
 3.85849e-07
 3.40623e-07
 3.02933e-07
 2.71187e-07
 2.44194e-07
 2.21049e-07
 2.01053e-07
 1.83656e-07
 1.68428e-07
 1.55021e-07
 1.43156e-07
 1.32604e-07
 1.60509e-06
 1.24904e-06
 1.00083e-06
 8.20518e-07
 6.85220e-07
 5.81015e-07
 4.99005e-07
 4.33279e-07
 3.79778e-07
 3.35636e-07
 2.98787e-07
 2.67703e-07
 2.41238e-07
 2.18520e-07
 1.98871e-07
 1.81762e-07
 1.66773e-07
 1.53566e-07
 1.41870e-07
 1.31462e-07
 1.48354e-06
 1.17017e-06
 9.47073e-07
 7.82411e-07
 6.57333e-07
 5.60057e-07
 4.82897e-07
 4.20657e-07
 3.69720e-07
 3.27505e-07
 2.92126e-07
 2.62184e-07
 2.36619e-07
 2.14617e-07
 1.95547e-07
 1.78908e-07
 1.64306e-07
 1.51420e-07
 1.39992e-07
 1.29810e-07
 1.32429e-06
 1.06502e-06
 8.74642e-07
 7.30769e-07
 6.19437e-07
 5.31562e-07
 4.61016e-07
 4.03546e-07
 3.56123e-07
 3.16547e-07
 2.83184e-07
 2.54804e-07
 2.30467e-07
 2.09441e-07
 1.91155e-07
 1.75155e-07
 1.61075e-07
 1.48621e-07
 1.37553e-07
 1.27674e-07
 1.14843e-06
 9.45509e-07
 7.90594e-07
 6.69928e-07
 5.74294e-07
 4.97341e-07
 4.34584e-07
 3.82790e-07
 3.39584e-07
 3.03194e-07
 2.72275e-07
 2.45798e-07
 2.22958e-07
 2.03127e-07
 1.85803e-07
 1.70584e-07
 1.57145e-07
 1.45221e-07
 1.34595e-07
 1.25086e-07
 9.73460e-07
 8.22451e-07
 7.01745e-07
 6.04290e-07
 5.24813e-07
 4.59361e-07
 4.04959e-07
 3.59345e-07
 3.20787e-07
 2.87943e-07
 2.59769e-07
 2.35441e-07
 2.14304e-07
 1.95837e-07
 1.79614e-07
 1.65294e-07
 1.52594e-07
 1.41283e-07
 1.31168e-07
 1.22088e-07
 8.11357e-07
 7.04101e-07
 6.13745e-07
 5.37739e-07
 4.73688e-07
 4.19516e-07
 3.73490e-07
 3.34185e-07
 3.00444e-07
 2.71324e-07
 2.46061e-07
 2.24035e-07
 2.04736e-07
 1.87749e-07
 1.72731e-07
 1.59397e-07
 1.47512e-07
 1.36879e-07
 1.27331e-07
 1.18728e-07
 6.68570e-07
 5.95769e-07
 5.30665e-07
 4.73307e-07
 4.23157e-07
 3.79455e-07
 3.41397e-07
 3.08220e-07
 2.79238e-07
 2.53852e-07
 2.31548e-07
 2.11885e-07
 1.94491e-07
 1.79051e-07
 1.65300e-07
 1.53011e-07
 1.41993e-07
 1.32083e-07
 1.23144e-07
 1.15056e-07
 5.47189e-07
 5.00122e-07
 4.54992e-07
 4.13083e-07
 3.74896e-07
 3.40492e-07
 3.09700e-07
 2.82238e-07
 2.57783e-07
 2.36007e-07
 2.16601e-07
 1.99284e-07
 1.83800e-07
 1.69927e-07
 1.57469e-07
 1.46253e-07
 1.36132e-07
 1.26976e-07
 1.18674e-07
 1.11126e-07
 4.46466e-07
 4.17837e-07
 3.87883e-07
 3.58286e-07
 3.30016e-07
 3.03578e-07
 2.79189e-07
 2.56883e-07
 2.36595e-07
 2.18201e-07
 2.01555e-07
 1.86500e-07
 1.72880e-07
 1.60552e-07
 1.49380e-07
 1.39241e-07
 1.30026e-07
 1.21636e-07
 1.13984e-07
 1.06992e-07
 3.64170e-07
 3.48314e-07
 3.29525e-07
 3.09436e-07
 2.89138e-07
 2.69326e-07
 2.50417e-07
 2.32635e-07
 2.16082e-07
 2.00778e-07
 1.86693e-07
 1.73767e-07
 1.61925e-07
 1.51085e-07
 1.41165e-07
 1.32083e-07
 1.23765e-07
 1.16138e-07
 1.09138e-07
 1.02706e-07
