scalar
part
         1
quad4
 4.41059e-07
 4.15456e-07
 3.87876e-07
 3.60047e-07
 3.33041e-07
 3.07470e-07
 2.83644e-07
 2.61676e-07
 2.41559e-07
 2.23217e-07
 2.06537e-07
 1.91389e-07
 1.77637e-07
 1.65149e-07
 1.53802e-07
 1.43481e-07
 1.34081e-07
 1.25506e-07
 1.17673e-07
 1.10506e-07
 5.34083e-07
 4.92705e-07
 4.51687e-07
 4.12675e-07
 3.76485e-07
 3.43424e-07
 3.13506e-07
 2.86584e-07
 2.62432e-07
 2.40795e-07
 2.21413e-07
 2.04040e-07
 1.88448e-07
 1.74432e-07
 1.61810e-07
 1.50419e-07
 1.40117e-07
 1.30781e-07
 1.22300e-07
 1.14579e-07
 6.46674e-07
 5.83012e-07
 5.24093e-07
 4.70883e-07
 4.23491e-07
 3.81597e-07
 3.44699e-07
 3.12237e-07
 2.83668e-07
 2.58487e-07
 2.36245e-07
 2.16551e-07
 1.99062e-07
 1.83488e-07
 1.69576e-07
 1.57114e-07
 1.45917e-07
 1.35827e-07
 1.26710e-07
 1.18449e-07
 7.80527e-07
 6.86397e-07
 6.04411e-07
 5.33768e-07
 4.73156e-07
 4.21177e-07
 3.76526e-07
 3.38056e-07
 3.04789e-07
 2.75905e-07
 2.50719e-07
 2.28665e-07
 2.09271e-07
 1.92146e-07
 1.76964e-07
 1.63453e-07
 1.51385e-07
 1.40568e-07
 1.30840e-07
 1.22063e-07
 9.35216e-07
 8.01210e-07
 6.90770e-07
 5.99616e-07
 5.24036e-07
 4.60993e-07
 4.08056e-07
 3.63305e-07
 3.25218e-07
 2.92595e-07
 2.64476e-07
 2.40099e-07
 2.18848e-07
 2.00225e-07
 1.83826e-07
 1.69317e-07
 1.56426e-07
 1.44925e-07
 1.34625e-07
 1.25368e-07
 1.10655e-06
 9.23361e-07
 7.79775e-07
 6.65776e-07
 5.74114e-07
 4.99523e-07
 4.38144e-07
 3.87119e-07
 3.44299e-07
 3.08053e-07
 2.77129e-07
 2.50553e-07
 2.27559e-07
 2.07542e-07
 1.90017e-07
 1.74591e-07
 1.60947e-07
 1.48823e-07
 1.38004e-07
 1.28312e-07
 1.28494e-06
 1.04576e-06
 8.66372e-07
 7.28679e-07
 6.20859e-07
 5.34961e-07
 4.65487e-07
 4.08547e-07
 3.61328e-07
 3.21758e-07
 2.88283e-07
 2.59725e-07
 2.35172e-07
 2.13915e-07
 1.95394e-07
 1.79160e-07
 1.64856e-07
 1.52188e-07
 1.40918e-07
 1.30847e-07
 1.45474e-06
 1.15842e-06
 9.44114e-07
 7.84080e-07
 6.61424e-07
 5.65358e-07
 4.88725e-07
 4.26625e-07
 3.75611e-07
 3.33198e-07
 2.97560e-07
 2.67330e-07
 2.41470e-07
 2.19177e-07
 1.99827e-07
 1.82924e-07
 1.68073e-07
 1.54956e-07
 1.43313e-07
 1.32932e-07
 1.59573e-06
 1.24965e-06
 1.00594e-06
 8.27570e-07
 6.92965e-07
 5.88828e-07
 5.06577e-07
 4.40464e-07
 3.86517e-07
 3.41919e-07
 3.04624e-07
 2.73120e-07
 2.46264e-07
 2.23185e-07
 2.03206e-07
 1.85795e-07
 1.70531e-07
 1.57073e-07
 1.45148e-07
 1.34531e-07
 1.68721e-06
 1.30821e-06
 1.04541e-06
 8.55268e-07
 7.13053e-07
 6.03798e-07
 5.17993e-07
 4.49343e-07
 3.93542e-07
 3.47561e-07
 3.09216e-07
 2.76900e-07
 2.49410e-07
 2.25828e-07
 2.05446e-07
 1.87708e-07
 1.72175e-07
 1.58497e-07
 1.46388e-07
 1.35617e-07
 1.71387e-06
 1.32615e-06
 1.05809e-06
 8.64568e-07
 7.20078e-07
 6.09237e-07
 5.22291e-07
 4.52799e-07
 3.96362e-07
 3.49893e-07
 3.11166e-07
 2.78548e-07
 2.50815e-07
 2.27036e-07
 2.06491e-07
 1.88619e-07
 1.72974e-07
 1.59201e-07
 1.47012e-07
 1.36173e-07
 1.67117e-06
 1.30115e-06
 1.04267e-06
 8.54686e-07
 7.13553e-07
 6.04827e-07
 5.19256e-07
 4.50681e-07
 3.94872e-07
 3.48837e-07
 3.10418e-07
 2.78020e-07
 2.50445e-07
 2.26781e-07
 2.06321e-07
 1.88512e-07
 1.72914e-07
 1.59175e-07
 1.47011e-07
 1.36191e-07
 1.56743e-06
 1.23729e-06
 1.00133e-06
 8.26848e-07
 6.94197e-07
 5.91007e-07
 5.09165e-07
 4.43172e-07
 3.89189e-07
 3.44476e-07
 3.07027e-07
 2.75353e-07
 2.48328e-07
 2.25085e-07
 2.04952e-07
 1.87398e-07
 1.72002e-07
 1.58424e-07
 1.46390e-07
 1.35675e-07
 1.42082e-06
 1.14386e-06
 9.39168e-07
 7.84006e-07
 6.63799e-07
 5.68902e-07
 4.92749e-07
 4.30756e-07
 3.79648e-07
 3.37039e-07
 3.01157e-07
 2.70669e-07
 2.44551e-07
 2.22012e-07
 2.02431e-07
 1.85314e-07
 1.70267e-07
 1.56971e-07
 1.45166e-07
 1.34638e-07
 1.25290e-06
 1.03262e-06
 8.62919e-07
 7.30205e-07
 6.24880e-07
 5.40134e-07
 4.71080e-07
 4.14161e-07
 3.66750e-07
 3.26882e-07
 2.93065e-07
 2.64152e-07
 2.39252e-07
 2.17666e-07
 1.98837e-07
 1.82320e-07
 1.67757e-07
 1.54853e-07
 1.43368e-07
 1.33103e-07
 1.08251e-06
 9.14839e-07
 7.79509e-07
 6.69808e-07
 5.80262e-07
 5.06575e-07
 4.45428e-07
 3.94267e-07
 3.51119e-07
 3.14453e-07
 2.83075e-07
 2.56044e-07
 2.32612e-07
 2.12182e-07
 1.94275e-07
 1.78498e-07
 1.64534e-07
 1.52119e-07
 1.41036e-07
 1.31104e-07
 9.22580e-07
 7.99387e-07
 6.94892e-07
 6.06826e-07
 5.32676e-07
 4.70110e-07
 4.17114e-07
 3.72012e-07
 3.33429e-07
 3.00245e-07
 2.71554e-07
 2.46618e-07
 2.24838e-07
 2.05722e-07
 1.88868e-07
 1.73944e-07
 1.60674e-07
 1.48829e-07
 1.38217e-07
 1.28677e-07
 7.80037e-07
 6.92047e-07
 6.13474e-07
 5.44494e-07
 4.84470e-07
 4.32441e-07
 3.87379e-07
 3.48309e-07
 3.14357e-07
 2.84764e-07
 2.58883e-07
 2.36167e-07
 2.16154e-07
 1.98458e-07
 1.82753e-07
 1.68764e-07
 1.56263e-07
 1.45052e-07
 1.34968e-07
 1.25868e-07
 6.57201e-07
 5.95832e-07
 5.38043e-07
 4.85123e-07
 4.37467e-07
 3.94976e-07
 3.57298e-07
 3.23977e-07
 2.94529e-07
 2.68491e-07
 2.45434e-07
 2.24978e-07
 2.06786e-07
 1.90568e-07
 1.76069e-07
 1.63072e-07
 1.51390e-07
 1.40861e-07
 1.31346e-07
 1.22725e-07
 5.53577e-07
 5.11711e-07
 4.70026e-07
 4.30145e-07
 3.92937e-07
 3.58776e-07
 3.27734e-07
 2.99706e-07
 2.74494e-07
 2.51859e-07
 2.31550e-07
 2.13324e-07
 1.96952e-07
 1.82225e-07
 1.68957e-07
 1.56980e-07
 1.46148e-07
 1.36330e-07
 1.27414e-07
 1.19299e-07
