scalar
part
         1
quad4
 6.03452e-07
 5.54088e-07
 5.05815e-07
 4.60280e-07
 4.18296e-07
 3.80138e-07
 3.45769e-07
 3.14979e-07
 2.87475e-07
 2.62934e-07
 2.41038e-07
 2.21485e-07
 2.04000e-07
 1.88336e-07
 1.74276e-07
 1.61628e-07
 1.50223e-07
 1.39916e-07
 1.30579e-07
 1.22101e-07
 7.13113e-07
 6.42132e-07
 5.76228e-07
 5.16592e-07
 4.63443e-07
 4.16484e-07
 3.75181e-07
 3.38915e-07
 3.07071e-07
 2.79074e-07
 2.54411e-07
 2.32630e-07
 2.13341e-07
 1.96208e-07
 1.80944e-07
 1.67304e-07
 1.55078e-07
 1.44087e-07
 1.34178e-07
 1.25220e-07
 8.42187e-07
 7.41962e-07
 6.53530e-07
 5.76717e-07
 5.10509e-07
 4.53604e-07
 4.04689e-07
 3.62560e-07
 3.26168e-07
 2.94617e-07
 2.67153e-07
 2.43150e-07
 2.22084e-07
 2.03520e-07
 1.87095e-07
 1.72507e-07
 1.59503e-07
 1.47868e-07
 1.37424e-07
 1.28019e-07
 9.90517e-07
 8.52022e-07
 7.35837e-07
 6.38894e-07
 5.57999e-07
 4.90284e-07
 4.33330e-07
 3.85161e-07
 3.44179e-07
 3.09104e-07
 2.78908e-07
 2.52764e-07
 2.30007e-07
 2.10096e-07
 1.92589e-07
 1.77125e-07
 1.63406e-07
 1.51185e-07
 1.40257e-07
 1.30450e-07
 1.15456e-06
 9.68400e-07
 8.19752e-07
 7.00421e-07
 6.03845e-07
 5.24968e-07
 4.59942e-07
 4.05845e-07
 3.60447e-07
 3.22038e-07
 2.89294e-07
 2.61182e-07
 2.36886e-07
 2.15761e-07
 1.97287e-07
 1.81047e-07
 1.66701e-07
 1.53969e-07
 1.42621e-07
 1.32467e-07
 1.32546e-06
 1.08410e-06
 9.00162e-07
 7.57661e-07
 6.45479e-07
 5.55836e-07
 4.83223e-07
 4.23673e-07
 3.74287e-07
 3.32914e-07
 2.97936e-07
 2.68118e-07
 2.42503e-07
 2.20348e-07
 2.01061e-07
 1.84175e-07
 1.69308e-07
 1.56156e-07
 1.44465e-07
 1.34029e-07
 1.48761e-06
 1.18891e-06
 9.70449e-07
 8.06292e-07
 6.80032e-07
 5.80953e-07
 5.01843e-07
 4.37715e-07
 3.85038e-07
 3.41256e-07
 3.04485e-07
 2.73314e-07
 2.46665e-07
 2.23710e-07
 2.03799e-07
 1.86418e-07
 1.71160e-07
 1.57692e-07
 1.45746e-07
 1.35103e-07
 1.61955e-06
 1.27052e-06
 1.02333e-06
 8.41864e-07
 7.04700e-07
 5.98498e-07
 5.14591e-07
 4.47148e-07
 3.92127e-07
 3.46657e-07
 3.08649e-07
 2.76556e-07
 2.49214e-07
 2.25729e-07
 2.05409e-07
 1.87710e-07
 1.72201e-07
 1.58535e-07
 1.46432e-07
 1.35662e-07
 1.69872e-06
 1.31719e-06
 1.05233e-06
 8.60606e-07
 7.17193e-07
 6.07030e-07
 5.20531e-07
 4.51346e-07
 3.95129e-07
 3.48821e-07
 3.10216e-07
 2.77694e-07
 2.50038e-07
 2.26322e-07
 2.05830e-07
 1.88003e-07
 1.72397e-07
 1.58659e-07
 1.46500e-07
 1.35689e-07
 1.70931e-06
 1.32125e-06
 1.05338e-06
 8.60244e-07
 7.16172e-07
 6.05730e-07
 5.19145e-07
 4.49973e-07
 3.93818e-07
 3.47594e-07
 3.09082e-07
 2.76652e-07
 2.49084e-07
 2.25450e-07
 2.05034e-07
 1.87276e-07
 1.71733e-07
 1.58050e-07
 1.45943e-07
 1.35177e-07
 1.64895e-06
 1.28165e-06
 1.02602e-06
 8.40545e-07
 7.01524e-07
 5.94543e-07
 5.10409e-07
 4.43021e-07
 3.88196e-07
 3.42983e-07
 3.05253e-07
 2.73438e-07
 2.46360e-07
 2.23121e-07
 2.03027e-07
 1.85535e-07
 1.70212e-07
 1.56715e-07
 1.44763e-07
 1.34130e-07
 1.52908e-06
 1.20416e-06
 9.73379e-07
 8.03348e-07
 6.74378e-07
 5.74195e-07
 4.94806e-07
 4.30822e-07
 3.78495e-07
 3.35155e-07
 2.98853e-07
 2.68145e-07
 2.41936e-07
 2.19389e-07
 1.99853e-07
 1.82813e-07
 1.67863e-07
 1.54674e-07
 1.42979e-07
 1.32562e-07
 1.36957e-06
 1.09923e-06
 9.01322e-07
 7.52115e-07
 6.36878e-07
 5.46062e-07
 4.73250e-07
 4.13998e-07
 3.65153e-07
 3.24421e-07
 2.90109e-07
 2.60939e-07
 2.35939e-07
 2.14351e-07
 1.95584e-07
 1.79169e-07
 1.64731e-07
 1.51964e-07
 1.40621e-07
 1.30498e-07
 1.19173e-06
 9.78837e-07
 8.16924e-07
 6.91188e-07
 5.91780e-07
 5.11950e-07
 4.46955e-07
 3.93389e-07
 3.48759e-07
 3.11207e-07
 2.79331e-07
 2.52054e-07
 2.28542e-07
 2.08139e-07
 1.90325e-07
 1.74684e-07
 1.60879e-07
 1.48636e-07
 1.37728e-07
 1.27971e-07
 1.01356e-06
 8.54028e-07
 7.27108e-07
 6.25023e-07
 5.42023e-07
 4.73842e-07
 4.17289e-07
 3.69955e-07
 3.30001e-07
 2.96013e-07
 2.66889e-07
 2.41765e-07
 2.19956e-07
 2.00916e-07
 1.84201e-07
 1.69456e-07
 1.56387e-07
 1.44752e-07
 1.34352e-07
 1.25021e-07
 8.47594e-07
 7.33354e-07
 6.37686e-07
 5.57591e-07
 4.90351e-07
 4.33659e-07
 3.85616e-07
 3.44677e-07
 3.09597e-07
 2.79369e-07
 2.53181e-07
 2.30375e-07
 2.10413e-07
 1.92860e-07
 1.77353e-07
 1.63596e-07
 1.51341e-07
 1.40384e-07
 1.30550e-07
 1.21696e-07
 7.00770e-07
 6.22415e-07
 5.52899e-07
 4.92029e-07
 4.39066e-07
 3.93092e-07
 3.53182e-07
 3.18483e-07
 2.88240e-07
 2.61801e-07
 2.38608e-07
 2.18191e-07
 2.00153e-07
 1.84159e-07
 1.69928e-07
 1.57221e-07
 1.45838e-07
 1.35608e-07
 1.26385e-07
 1.18046e-07
 5.75500e-07
 5.24103e-07
 4.75388e-07
 4.30528e-07
 3.89910e-07
 3.53497e-07
 3.21038e-07
 2.92184e-07
 2.66559e-07
 2.43794e-07
 2.23548e-07
 2.05512e-07
 1.89409e-07
 1.75001e-07
 1.62076e-07
 1.50454e-07
 1.39975e-07
 1.30503e-07
 1.21921e-07
 1.14125e-07
 4.71215e-07
 4.39251e-07
 4.06429e-07
 3.74391e-07
 3.44054e-07
 3.15870e-07
 2.90001e-07
 2.66440e-07
 2.45083e-07
 2.25776e-07
 2.08344e-07
 1.92611e-07
 1.78403e-07
 1.65563e-07
 1.53942e-07
 1.43410e-07
 1.33847e-07
 1.25150e-07
 1.17224e-07
 1.09988e-07
 3.85758e-07
 3.67352e-07
 3.46288e-07
 3.24203e-07
 3.02171e-07
 2.80859e-07
 2.60654e-07
 2.41756e-07
 2.24238e-07
 2.08098e-07
 1.93286e-07
 1.79728e-07
 1.67333e-07
 1.56008e-07
 1.45660e-07
 1.36201e-07
 1.27548e-07
 1.19624e-07
 1.12358e-07
 1.05688e-07
