scalar
part
         1
quad4
 3.89082e-07
 3.71113e-07
 3.50187e-07
 3.28053e-07
 3.05862e-07
 2.84336e-07
 2.63894e-07
 2.44754e-07
 2.27003e-07
 2.10644e-07
 1.95631e-07
 1.81887e-07
 1.69324e-07
 1.57847e-07
 1.47363e-07
 1.37780e-07
 1.29015e-07
 1.20990e-07
 1.13633e-07
 1.06879e-07
 4.76536e-07
 4.44727e-07
 4.11755e-07
 3.79407e-07
 3.48691e-07
 3.20111e-07
 2.93860e-07
 2.69942e-07
 2.48260e-07
 2.28661e-07
 2.10969e-07
 1.95005e-07
 1.80593e-07
 1.67570e-07
 1.55788e-07
 1.45112e-07
 1.35421e-07
 1.26609e-07
 1.18580e-07
 1.11251e-07
 5.83527e-07
 5.31762e-07
 4.82439e-07
 4.36894e-07
 3.95602e-07
 3.58566e-07
 3.25550e-07
 2.96205e-07
 2.70153e-07
 2.47019e-07
 2.26452e-07
 2.08136e-07
 1.91791e-07
 1.77170e-07
 1.64060e-07
 1.52274e-07
 1.41651e-07
 1.32051e-07
 1.23354e-07
 1.15456e-07
 7.12341e-07
 6.32749e-07
 5.61950e-07
 4.99891e-07
 4.45885e-07
 3.99018e-07
 3.58354e-07
 3.23020e-07
 2.92243e-07
 2.65352e-07
 2.41776e-07
 2.21033e-07
 2.02716e-07
 1.86481e-07
 1.72041e-07
 1.59152e-07
 1.47609e-07
 1.37238e-07
 1.27890e-07
 1.19440e-07
 8.63573e-07
 7.46786e-07
 6.48921e-07
 5.67013e-07
 4.98302e-07
 4.40422e-07
 3.91418e-07
 3.49698e-07
 3.13977e-07
 2.83221e-07
 2.56592e-07
 2.33415e-07
 2.13141e-07
 1.95319e-07
 1.79582e-07
 1.65626e-07
 1.53198e-07
 1.42089e-07
 1.32122e-07
 1.23148e-07
 1.03459e-06
 8.70749e-07
 7.40531e-07
 6.35937e-07
 5.51019e-07
 4.81359e-07
 4.23649e-07
 3.75398e-07
 3.34709e-07
 3.00124e-07
 2.70509e-07
 2.44977e-07
 2.22826e-07
 2.03495e-07
 1.86533e-07
 1.71574e-07
 1.58319e-07
 1.46523e-07
 1.35982e-07
 1.26525e-07
 1.21782e-06
 9.98601e-07
 8.32251e-07
 7.03346e-07
 6.01623e-07
 5.20065e-07
 4.53753e-07
 3.99164e-07
 3.53724e-07
 3.15522e-07
 2.83116e-07
 2.55403e-07
 2.31526e-07
 2.10816e-07
 1.92740e-07
 1.76875e-07
 1.62875e-07
 1.50463e-07
 1.39407e-07
 1.29519e-07
 1.39961e-06
 1.12116e-06
 9.17921e-07
 7.65071e-07
 6.47253e-07
 5.54551e-07
 4.80324e-07
 4.19986e-07
 3.70287e-07
 3.28874e-07
 2.94009e-07
 2.64385e-07
 2.39006e-07
 2.17100e-07
 1.98062e-07
 1.81416e-07
 1.66776e-07
 1.53835e-07
 1.42340e-07
 1.32083e-07
 1.56056e-06
 1.22673e-06
 9.90300e-07
 8.16495e-07
 6.84887e-07
 5.82789e-07
 5.01970e-07
 4.36888e-07
 3.83700e-07
 3.39672e-07
 3.02812e-07
 2.71644e-07
 2.45053e-07
 2.22184e-07
 2.02373e-07
 1.85098e-07
 1.69944e-07
 1.56578e-07
 1.44728e-07
 1.34175e-07
 1.67835e-06
 1.30294e-06
 1.04216e-06
 8.53212e-07
 7.11737e-07
 6.02958e-07
 5.17466e-07
 4.49027e-07
 3.93371e-07
 3.47490e-07
 3.09215e-07
 2.76949e-07
 2.49493e-07
 2.25934e-07
 2.05568e-07
 1.87840e-07
 1.72315e-07
 1.58640e-07
 1.46532e-07
 1.35761e-07
 1.73337e-06
 1.33955e-06
 1.06776e-06
 8.71833e-07
 7.25707e-07
 6.13708e-07
 5.25917e-07
 4.55792e-07
 3.98871e-07
 3.52022e-07
 3.12993e-07
 2.80132e-07
 2.52200e-07
 2.28256e-07
 2.07573e-07
 1.89585e-07
 1.73842e-07
 1.59984e-07
 1.47722e-07
 1.36819e-07
 1.71575e-06
 1.33152e-06
 1.06433e-06
 8.70716e-07
 7.25776e-07
 6.14381e-07
 5.26881e-07
 4.56876e-07
 3.99982e-07
 3.53109e-07
 3.14031e-07
 2.81106e-07
 2.53107e-07
 2.29096e-07
 2.08349e-07
 1.90300e-07
 1.74500e-07
 1.60590e-07
 1.48280e-07
 1.37334e-07
 1.63000e-06
 1.28086e-06
 1.03284e-06
 8.50354e-07
 7.12204e-07
 6.05114e-07
 5.20430e-07
 4.52318e-07
 3.96723e-07
 3.50760e-07
 3.12328e-07
 2.79870e-07
 2.52211e-07
 2.28450e-07
 2.07890e-07
 1.89980e-07
 1.74284e-07
 1.60453e-07
 1.48203e-07
 1.37302e-07
 1.49330e-06
 1.19600e-06
 9.77735e-07
 8.13253e-07
 6.86468e-07
 5.86811e-07
 5.07138e-07
 4.42490e-07
 3.89343e-07
 3.45143e-07
 3.08004e-07
 2.76507e-07
 2.49571e-07
 2.26363e-07
 2.06227e-07
 1.88648e-07
 1.73213e-07
 1.59587e-07
 1.47501e-07
 1.36731e-07
 1.32845e-06
 1.08896e-06
 9.05732e-07
 7.63335e-07
 6.50957e-07
 5.60982e-07
 4.87986e-07
 4.28046e-07
 3.78288e-07
 3.36570e-07
 3.01277e-07
 2.71174e-07
 2.45303e-07
 2.22918e-07
 2.03426e-07
 1.86354e-07
 1.71322e-07
 1.58020e-07
 1.46196e-07
 1.35639e-07
 1.15641e-06
 9.71948e-07
 8.24132e-07
 7.05104e-07
 6.08529e-07
 5.29488e-07
 4.64215e-07
 4.09836e-07
 3.64149e-07
 3.25460e-07
 2.92451e-07
 2.64092e-07
 2.39571e-07
 2.18239e-07
 1.99578e-07
 1.83169e-07
 1.68668e-07
 1.55796e-07
 1.44322e-07
 1.34052e-07
 9.92108e-07
 8.54912e-07
 7.39462e-07
 6.42864e-07
 5.62060e-07
 4.94281e-07
 4.37174e-07
 3.88803e-07
 3.47600e-07
 3.12298e-07
 2.81881e-07
 2.55527e-07
 2.32572e-07
 2.12477e-07
 1.94801e-07
 1.79182e-07
 1.65321e-07
 1.52970e-07
 1.41923e-07
 1.32007e-07
 8.43930e-07
 7.44584e-07
 6.56708e-07
 5.80195e-07
 5.14100e-07
 4.57179e-07
 4.08168e-07
 3.65894e-07
 3.29331e-07
 2.97597e-07
 2.69950e-07
 2.45766e-07
 2.24528e-07
 2.05801e-07
 1.89225e-07
 1.74496e-07
 1.61361e-07
 1.49606e-07
 1.39051e-07
 1.29543e-07
 7.15120e-07
 6.44678e-07
 5.79151e-07
 5.19736e-07
 4.66682e-07
 4.19724e-07
 3.78356e-07
 3.41982e-07
 3.10002e-07
 2.81857e-07
 2.57040e-07
 2.35105e-07
 2.15666e-07
 1.98390e-07
 1.82990e-07
 1.69223e-07
 1.56877e-07
 1.45776e-07
 1.35763e-07
 1.26709e-07
 6.05699e-07
 5.56632e-07
 5.08585e-07
 4.63193e-07
 4.21271e-07
 3.83112e-07
 3.48692e-07
 3.17816e-07
 2.90202e-07
 2.65538e-07
 2.43511e-07
 2.23826e-07
 2.06211e-07
 1.90421e-07
 1.76239e-07
 1.63475e-07
 1.51962e-07
 1.41553e-07
 1.32120e-07
 1.23553e-07
