scalar
part
         1
quad4
 6.33869e-07
 5.80286e-07
 5.28308e-07
 4.79576e-07
 4.34861e-07
 3.94389e-07
 3.58064e-07
 3.25623e-07
 2.96725e-07
 2.71005e-07
 2.48108e-07
 2.27704e-07
 2.09492e-07
 1.93206e-07
 1.78611e-07
 1.65500e-07
 1.53694e-07
 1.43038e-07
 1.33397e-07
 1.24652e-07
 7.46621e-07
 6.70400e-07
 6.00046e-07
 5.36683e-07
 4.80436e-07
 4.30912e-07
 3.87487e-07
 3.49462e-07
 3.16156e-07
 2.86940e-07
 2.61256e-07
 2.38615e-07
 2.18600e-07
 2.00849e-07
 1.85059e-07
 1.70966e-07
 1.58351e-07
 1.47023e-07
 1.36821e-07
 1.27606e-07
 8.78792e-07
 7.72111e-07
 6.78400e-07
 5.97313e-07
 5.27654e-07
 4.67962e-07
 4.16791e-07
 3.72828e-07
 3.34936e-07
 3.02151e-07
 2.73667e-07
 2.48814e-07
 2.27036e-07
 2.07871e-07
 1.90938e-07
 1.75917e-07
 1.62541e-07
 1.50586e-07
 1.39865e-07
 1.30219e-07
 1.02993e-06
 8.83603e-07
 7.61286e-07
 6.59555e-07
 5.74914e-07
 5.04253e-07
 4.44967e-07
 3.94935e-07
 3.52455e-07
 3.16165e-07
 2.84975e-07
 2.58012e-07
 2.34575e-07
 2.14094e-07
 1.96108e-07
 1.80238e-07
 1.66173e-07
 1.53656e-07
 1.42472e-07
 1.32442e-07
 1.19598e-06
 1.00059e-06
 8.45046e-07
 7.20537e-07
 6.20039e-07
 5.38158e-07
 4.70805e-07
 4.14884e-07
 3.68041e-07
 3.28475e-07
 2.94794e-07
 2.65917e-07
 2.40991e-07
 2.19342e-07
 2.00431e-07
 1.83822e-07
 1.69162e-07
 1.56162e-07
 1.44584e-07
 1.34231e-07
 1.36733e-06
 1.11558e-06
 9.24265e-07
 7.76443e-07
 6.60355e-07
 5.67797e-07
 4.92972e-07
 4.31717e-07
 3.80998e-07
 3.38571e-07
 3.02748e-07
 2.72245e-07
 2.46071e-07
 2.23452e-07
 2.03780e-07
 1.86570e-07
 1.71430e-07
 1.58044e-07
 1.46154e-07
 1.35546e-07
 1.52738e-06
 1.21782e-06
 9.92038e-07
 8.22800e-07
 6.92920e-07
 5.91201e-07
 5.10124e-07
 4.44503e-07
 3.90671e-07
 3.45984e-07
 3.08495e-07
 2.76744e-07
 2.49624e-07
 2.26281e-07
 2.06048e-07
 1.88398e-07
 1.72912e-07
 1.59252e-07
 1.47141e-07
 1.36356e-07
 1.65362e-06
 1.29455e-06
 1.04090e-06
 8.55094e-07
 7.14917e-07
 6.06559e-07
 5.21068e-07
 4.52435e-07
 3.96503e-07
 3.50323e-07
 3.11753e-07
 2.79211e-07
 2.51503e-07
 2.27718e-07
 2.07150e-07
 1.89244e-07
 1.73560e-07
 1.59746e-07
 1.47516e-07
 1.36636e-07
 1.72291e-06
 1.33390e-06
 1.06439e-06
 8.69624e-07
 7.24129e-07
 6.12493e-07
 5.24919e-07
 4.54931e-07
 3.98101e-07
 3.51316e-07
 3.12335e-07
 2.79511e-07
 2.51610e-07
 2.27692e-07
 2.07034e-07
 1.89067e-07
 1.73343e-07
 1.59504e-07
 1.47260e-07
 1.36374e-07
 1.71993e-06
 1.32865e-06
 1.05880e-06
 8.64355e-07
 7.19385e-07
 6.08301e-07
 5.21244e-07
 4.51716e-07
 3.95285e-07
 3.48845e-07
 3.10160e-07
 2.77590e-07
 2.49906e-07
 2.26176e-07
 2.05680e-07
 1.87854e-07
 1.72253e-07
 1.58521e-07
 1.46370e-07
 1.35566e-07
 1.64423e-06
 1.27883e-06
 1.02427e-06
 8.39438e-07
 7.00817e-07
 5.94095e-07
 5.10132e-07
 4.42860e-07
 3.88114e-07
 3.42957e-07
 3.05266e-07
 2.73477e-07
 2.46418e-07
 2.23192e-07
 2.03107e-07
 1.85620e-07
 1.70300e-07
 1.56805e-07
 1.44854e-07
 1.34220e-07
 1.51000e-06
 1.19160e-06
 9.64722e-07
 7.97168e-07
 6.69839e-07
 5.70781e-07
 4.92188e-07
 4.28781e-07
 3.76881e-07
 3.33862e-07
 2.97808e-07
 2.67291e-07
 2.41234e-07
 2.18807e-07
 1.99367e-07
 1.82407e-07
 1.67520e-07
 1.54384e-07
 1.42734e-07
 1.32354e-07
 1.33934e-06
 1.07860e-06
 8.86706e-07
 7.41428e-07
 6.28859e-07
 5.39911e-07
 4.68443e-07
 4.10182e-07
 3.62080e-07
 3.21917e-07
 2.88045e-07
 2.59223e-07
 2.34499e-07
 2.13134e-07
 1.94548e-07
 1.78282e-07
 1.63966e-07
 1.51302e-07
 1.40045e-07
 1.29995e-07
 1.15449e-06
 9.52489e-07
 7.97732e-07
 6.76851e-07
 5.80832e-07
 5.03429e-07
 4.40211e-07
 3.87974e-07
 3.44353e-07
 3.07582e-07
 2.76317e-07
 2.49526e-07
 2.26404e-07
 2.06317e-07
 1.88762e-07
 1.73335e-07
 1.59708e-07
 1.47613e-07
 1.36832e-07
 1.27182e-07
 9.73136e-07
 8.24336e-07
 7.04851e-07
 6.08018e-07
 5.28802e-07
 4.63399e-07
 4.08921e-07
 3.63164e-07
 3.24426e-07
 2.91388e-07
 2.63017e-07
 2.38495e-07
 2.17174e-07
 1.98531e-07
 1.82144e-07
 1.67671e-07
 1.54830e-07
 1.43387e-07
 1.33150e-07
 1.23958e-07
 8.06851e-07
 7.02324e-07
 6.13750e-07
 5.38879e-07
 4.75529e-07
 4.21771e-07
 3.75968e-07
 3.36763e-07
 3.03039e-07
 2.73885e-07
 2.48557e-07
 2.26445e-07
 2.07051e-07
 1.89963e-07
 1.74842e-07
 1.61408e-07
 1.49425e-07
 1.38697e-07
 1.29060e-07
 1.20372e-07
 6.61537e-07
 5.91523e-07
 5.28409e-07
 4.72448e-07
 4.23264e-07
 3.80218e-07
 3.42598e-07
 3.09703e-07
 2.80896e-07
 2.55608e-07
 2.33348e-07
 2.13693e-07
 1.96282e-07
 1.80808e-07
 1.67010e-07
 1.54668e-07
 1.43593e-07
 1.33625e-07
 1.24626e-07
 1.16480e-07
 5.38778e-07
 4.94317e-07
 4.51170e-07
 4.10744e-07
 3.73652e-07
 3.40047e-07
 3.09834e-07
 2.82784e-07
 2.58619e-07
 2.37044e-07
 2.17773e-07
 2.00540e-07
 1.85106e-07
 1.71256e-07
 1.58801e-07
 1.47575e-07
 1.37434e-07
 1.28252e-07
 1.19917e-07
 1.12335e-07
 4.37436e-07
 4.11132e-07
 3.83038e-07
 3.54899e-07
 3.27758e-07
 3.02186e-07
 2.78454e-07
 2.56645e-07
 2.36728e-07
 2.18611e-07
 2.02168e-07
 1.87259e-07
 1.73744e-07
 1.61486e-07
 1.50360e-07
 1.40249e-07
 1.31046e-07
 1.22658e-07
 1.15000e-07
 1.07995e-07
 3.54999e-07
 3.41168e-07
 3.24061e-07
 3.05343e-07
 2.86148e-07
 2.67213e-07
 2.48995e-07
 2.31756e-07
 2.15627e-07
 2.00651e-07
 1.86818e-07
 1.74086e-07
 1.62390e-07
 1.51661e-07
 1.41822e-07
 1.32799e-07
 1.24522e-07
 1.16922e-07
 1.09939e-07
 1.03514e-07
