scalar
part
         1
quad4
 4.84728e-07
 4.51621e-07
 4.17671e-07
 3.84521e-07
 3.53118e-07
 3.23937e-07
 2.97157e-07
 2.72775e-07
 2.50685e-07
 2.30729e-07
 2.12726e-07
 1.96488e-07
 1.81838e-07
 1.68609e-07
 1.56646e-07
 1.45812e-07
 1.35984e-07
 1.27052e-07
 1.18919e-07
 1.11499e-07
 5.80609e-07
 5.30197e-07
 4.81781e-07
 4.36792e-07
 3.95809e-07
 3.58921e-07
 3.25949e-07
 2.96588e-07
 2.70484e-07
 2.47279e-07
 2.26634e-07
 2.08239e-07
 1.91818e-07
 1.77127e-07
 1.63952e-07
 1.52108e-07
 1.41433e-07
 1.31789e-07
 1.23054e-07
 1.15122e-07
 6.95306e-07
 6.20922e-07
 5.53585e-07
 4.93829e-07
 4.41365e-07
 3.95542e-07
 3.55595e-07
 3.20758e-07
 2.90331e-07
 2.63689e-07
 2.40294e-07
 2.19684e-07
 2.01466e-07
 1.85308e-07
 1.70928e-07
 1.58087e-07
 1.46585e-07
 1.36248e-07
 1.26930e-07
 1.18507e-07
 8.29776e-07
 7.23246e-07
 6.31994e-07
 5.54453e-07
 4.88699e-07
 4.32872e-07
 3.85325e-07
 3.44662e-07
 3.09725e-07
 2.79559e-07
 2.53386e-07
 2.30566e-07
 2.10575e-07
 1.92984e-07
 1.77438e-07
 1.63641e-07
 1.51348e-07
 1.40355e-07
 1.30489e-07
 1.21604e-07
 9.82474e-07
 8.34766e-07
 7.14660e-07
 6.16661e-07
 5.36200e-07
 4.69644e-07
 4.14159e-07
 3.67541e-07
 3.28079e-07
 2.94434e-07
 2.65554e-07
 2.40607e-07
 2.18927e-07
 1.99984e-07
 1.83344e-07
 1.68657e-07
 1.55633e-07
 1.44037e-07
 1.33669e-07
 1.24365e-07
 1.14768e-06
 9.50506e-07
 7.97701e-07
 6.77548e-07
 5.81723e-07
 5.04283e-07
 4.40933e-07
 3.88533e-07
 3.44749e-07
 3.07827e-07
 2.76428e-07
 2.49521e-07
 2.26301e-07
 2.06133e-07
 1.88510e-07
 1.73027e-07
 1.59355e-07
 1.47224e-07
 1.36414e-07
 1.26742e-07
 1.31405e-06
 1.06254e-06
 8.75698e-07
 7.33407e-07
 6.22712e-07
 5.34999e-07
 4.64381e-07
 4.06725e-07
 3.59069e-07
 3.19246e-07
 2.85641e-07
 2.57033e-07
 2.32485e-07
 2.11268e-07
 1.92809e-07
 1.76652e-07
 1.62433e-07
 1.49854e-07
 1.38674e-07
 1.28694e-07
 1.46453e-06
 1.16047e-06
 9.42159e-07
 7.80080e-07
 6.56432e-07
 5.59956e-07
 4.83238e-07
 4.21233e-07
 3.70410e-07
 3.28236e-07
 2.92857e-07
 2.62891e-07
 2.37289e-07
 2.15244e-07
 1.96127e-07
 1.79444e-07
 1.64797e-07
 1.51870e-07
 1.40404e-07
 1.30187e-07
 1.57893e-06
 1.23304e-06
 9.90495e-07
 8.13540e-07
 6.80337e-07
 5.77490e-07
 4.96390e-07
 4.31291e-07
 3.78232e-07
 3.34410e-07
 2.97796e-07
 2.66888e-07
 2.40558e-07
 2.17944e-07
 1.98376e-07
 1.81332e-07
 1.66395e-07
 1.53231e-07
 1.41570e-07
 1.31191e-07
 1.63918e-06
 1.27073e-06
 1.01534e-06
 8.30609e-07
 6.92460e-07
 5.86341e-07
 5.03005e-07
 4.36334e-07
 3.82145e-07
 3.37493e-07
 3.00257e-07
 2.68877e-07
 2.42183e-07
 2.19284e-07
 1.99493e-07
 1.82269e-07
 1.67187e-07
 1.53905e-07
 1.42147e-07
 1.31688e-07
 1.63505e-06
 1.26827e-06
 1.01380e-06
 8.29592e-07
 6.91765e-07
 5.85852e-07
 5.02651e-07
 4.36073e-07
 3.81948e-07
 3.37342e-07
 3.00140e-07
 2.68785e-07
 2.42110e-07
 2.19225e-07
 1.99444e-07
 1.82229e-07
 1.67154e-07
 1.53877e-07
 1.42124e-07
 1.31669e-07
 1.56762e-06
 1.22618e-06
 9.86121e-07
 8.10632e-07
 6.78336e-07
 5.76073e-07
 4.95362e-07
 4.30528e-07
 3.77655e-07
 3.33967e-07
 2.97451e-07
 2.66615e-07
 2.40340e-07
 2.17768e-07
 1.98233e-07
 1.81215e-07
 1.66297e-07
 1.53149e-07
 1.41501e-07
 1.31133e-07
 1.44867e-06
 1.15051e-06
 9.35647e-07
 7.75668e-07
 6.53353e-07
 5.57750e-07
 4.81622e-07
 4.20025e-07
 3.69491e-07
 3.27527e-07
 2.92302e-07
 2.62451e-07
 2.36937e-07
 2.14959e-07
 1.95895e-07
 1.79252e-07
 1.64639e-07
 1.51738e-07
 1.40292e-07
 1.30092e-07
 1.29664e-06
 1.05109e-06
 8.67944e-07
 7.28014e-07
 6.18869e-07
 5.32201e-07
 4.62304e-07
 4.05156e-07
 3.57866e-07
 3.18311e-07
 2.84905e-07
 2.56447e-07
 2.32013e-07
 2.10884e-07
 1.92494e-07
 1.76393e-07
 1.62217e-07
 1.49673e-07
 1.38522e-07
 1.28565e-07
 1.13104e-06
 9.38965e-07
 7.89564e-07
 6.71708e-07
 5.77458e-07
 5.01114e-07
 4.38543e-07
 3.86704e-07
 3.43331e-07
 3.06714e-07
 2.75545e-07
 2.48813e-07
 2.25728e-07
 2.05665e-07
 1.88125e-07
 1.72708e-07
 1.59089e-07
 1.47001e-07
 1.36225e-07
 1.26581e-07
 9.67896e-07
 8.24093e-07
 7.06805e-07
 6.10827e-07
 5.31819e-07
 4.66317e-07
 4.11602e-07
 3.65555e-07
 3.26519e-07
 2.93196e-07
 2.64562e-07
 2.39805e-07
 2.18274e-07
 1.99447e-07
 1.82900e-07
 1.68287e-07
 1.55324e-07
 1.43776e-07
 1.33448e-07
 1.24176e-07
 8.17711e-07
 7.13934e-07
 6.24840e-07
 5.48949e-07
 4.84446e-07
 4.29563e-07
 3.82731e-07
 3.42613e-07
 3.08092e-07
 2.78248e-07
 2.52324e-07
 2.29700e-07
 2.09864e-07
 1.92397e-07
 1.76949e-07
 1.63231e-07
 1.51003e-07
 1.40063e-07
 1.30240e-07
 1.21392e-07
 6.85676e-07
 6.13115e-07
 5.47334e-07
 4.88851e-07
 4.37404e-07
 3.92385e-07
 3.53068e-07
 3.18726e-07
 2.88687e-07
 2.62351e-07
 2.39199e-07
 2.18782e-07
 2.00719e-07
 1.84685e-07
 1.70406e-07
 1.57648e-07
 1.46213e-07
 1.35932e-07
 1.26660e-07
 1.18276e-07
 5.73093e-07
 5.23826e-07
 4.76479e-07
 4.32428e-07
 3.92237e-07
 3.56002e-07
 3.23564e-07
 2.94634e-07
 2.68879e-07
 2.45955e-07
 2.25537e-07
 2.07326e-07
 1.91055e-07
 1.76486e-07
 1.63411e-07
 1.51650e-07
 1.41043e-07
 1.31456e-07
 1.22767e-07
 1.14876e-07
 4.78942e-07
 4.46515e-07
 4.13268e-07
 3.80782e-07
 3.49972e-07
 3.21305e-07
 2.94961e-07
 2.70943e-07
 2.49156e-07
 2.29450e-07
 2.11653e-07
 1.95586e-07
 1.81077e-07
 1.67963e-07
 1.56097e-07
 1.45344e-07
 1.35583e-07
 1.26707e-07
 1.18622e-07
 1.11242e-07
