scalar
part
         1
quad4
 5.00424e-07
 4.65817e-07
 4.30549e-07
 3.96234e-07
 3.63791e-07
 3.33680e-07
 3.06065e-07
 2.80932e-07
 2.58167e-07
 2.37603e-07
 2.19052e-07
 2.02321e-07
 1.87226e-07
 1.73594e-07
 1.61267e-07
 1.50104e-07
 1.39977e-07
 1.30774e-07
 1.22394e-07
 1.14749e-07
 5.98079e-07
 5.45858e-07
 4.95880e-07
 4.49523e-07
 4.07334e-07
 3.69375e-07
 3.35450e-07
 3.05240e-07
 2.78378e-07
 2.54497e-07
 2.33248e-07
 2.14313e-07
 1.97407e-07
 1.82281e-07
 1.68716e-07
 1.56520e-07
 1.45528e-07
 1.35597e-07
 1.26601e-07
 1.18434e-07
 7.14726e-07
 6.38190e-07
 5.69015e-07
 5.07661e-07
 4.53798e-07
 4.06744e-07
 3.65711e-07
 3.29916e-07
 2.98641e-07
 2.71250e-07
 2.47190e-07
 2.25990e-07
 2.07248e-07
 1.90622e-07
 1.75825e-07
 1.62610e-07
 1.50772e-07
 1.40133e-07
 1.30543e-07
 1.21873e-07
 8.51358e-07
 7.42299e-07
 6.48889e-07
 5.69481e-07
 5.02102e-07
 4.44858e-07
 3.96074e-07
 3.54331e-07
 3.18448e-07
 2.87454e-07
 2.60553e-07
 2.37093e-07
 2.16538e-07
 1.98446e-07
 1.82456e-07
 1.68263e-07
 1.55617e-07
 1.44307e-07
 1.34157e-07
 1.25017e-07
 1.00654e-06
 8.55854e-07
 7.33195e-07
 6.32995e-07
 5.50636e-07
 4.82445e-07
 4.25551e-07
 3.77718e-07
 3.37205e-07
 3.02649e-07
 2.72977e-07
 2.47338e-07
 2.25053e-07
 2.05577e-07
 1.88468e-07
 1.73364e-07
 1.59972e-07
 1.48045e-07
 1.37383e-07
 1.27814e-07
 1.17477e-06
 9.73992e-07
 8.18096e-07
 6.95310e-07
 5.97252e-07
 5.17920e-07
 4.52966e-07
 3.99203e-07
 3.54256e-07
 3.16337e-07
 2.84081e-07
 2.56433e-07
 2.32568e-07
 2.11837e-07
 1.93722e-07
 1.77804e-07
 1.63748e-07
 1.51276e-07
 1.40162e-07
 1.30217e-07
 1.34504e-06
 1.08892e-06
 8.98207e-07
 7.52712e-07
 6.39370e-07
 5.49468e-07
 4.77030e-07
 4.17854e-07
 3.68921e-07
 3.28017e-07
 2.93492e-07
 2.64095e-07
 2.38867e-07
 2.17060e-07
 1.98086e-07
 1.81479e-07
 1.66863e-07
 1.53934e-07
 1.42442e-07
 1.32184e-07
 1.50061e-06
 1.19028e-06
 9.66999e-07
 8.00988e-07
 6.74208e-07
 5.75212e-07
 4.96449e-07
 4.32766e-07
 3.80554e-07
 3.37220e-07
 3.00863e-07
 2.70066e-07
 2.43753e-07
 2.21095e-07
 2.01447e-07
 1.84300e-07
 1.69248e-07
 1.55962e-07
 1.44179e-07
 1.33679e-07
 1.62121e-06
 1.26664e-06
 1.01772e-06
 8.35993e-07
 6.99132e-07
 5.93431e-07
 5.10066e-07
 4.43143e-07
 3.88595e-07
 3.43544e-07
 3.05904e-07
 2.74131e-07
 2.47066e-07
 2.23822e-07
 2.03711e-07
 1.86194e-07
 1.70844e-07
 1.57317e-07
 1.45336e-07
 1.34672e-07
 1.68785e-06
 1.30794e-06
 1.04470e-06
 8.54362e-07
 7.12064e-07
 6.02792e-07
 5.17005e-07
 4.48390e-07
 3.92634e-07
 3.46702e-07
 3.08406e-07
 2.76138e-07
 2.48693e-07
 2.25154e-07
 2.04812e-07
 1.87112e-07
 1.71614e-07
 1.57968e-07
 1.45889e-07
 1.35146e-07
 1.68870e-06
 1.30814e-06
 1.04463e-06
 8.54176e-07
 7.11841e-07
 6.02565e-07
 5.16788e-07
 4.48190e-07
 3.92453e-07
 3.46538e-07
 3.08259e-07
 2.76007e-07
 2.48576e-07
 2.25049e-07
 2.04717e-07
 1.87026e-07
 1.71537e-07
 1.57898e-07
 1.45826e-07
 1.35088e-07
 1.62318e-06
 1.26700e-06
 1.01739e-06
 8.35387e-07
 6.98439e-07
 5.92738e-07
 5.09411e-07
 4.42541e-07
 3.88051e-07
 3.43055e-07
 3.05465e-07
 2.73739e-07
 2.46714e-07
 2.23506e-07
 2.03428e-07
 1.85939e-07
 1.70614e-07
 1.57109e-07
 1.45147e-07
 1.34501e-07
 1.50236e-06
 1.19020e-06
 9.66143e-07
 7.99835e-07
 6.72986e-07
 5.74028e-07
 4.95346e-07
 4.31761e-07
 3.79648e-07
 3.36407e-07
 3.00136e-07
 2.69416e-07
 2.43170e-07
 2.20573e-07
 2.00978e-07
 1.83878e-07
 1.68866e-07
 1.55617e-07
 1.43866e-07
 1.33394e-07
 1.34519e-06
 1.08776e-06
 8.96516e-07
 7.50866e-07
 6.37552e-07
 5.47763e-07
 4.75470e-07
 4.16446e-07
 3.67658e-07
 3.26888e-07
 2.92483e-07
 2.63194e-07
 2.38060e-07
 2.16336e-07
 1.97437e-07
 1.80894e-07
 1.66335e-07
 1.53455e-07
 1.42008e-07
 1.31789e-07
 1.17254e-06
 9.71334e-07
 8.15352e-07
 6.92664e-07
 5.94791e-07
 5.15678e-07
 4.50948e-07
 3.97397e-07
 3.52645e-07
 3.14901e-07
 2.82801e-07
 2.55289e-07
 2.31545e-07
 2.10920e-07
 1.92897e-07
 1.77061e-07
 1.63077e-07
 1.50668e-07
 1.39610e-07
 1.29715e-07
 1.00183e-06
 8.51590e-07
 7.29332e-07
 6.29517e-07
 5.47524e-07
 4.79673e-07
 4.23087e-07
 3.75530e-07
 3.35262e-07
 3.00921e-07
 2.71438e-07
 2.45965e-07
 2.23825e-07
 2.04476e-07
 1.87477e-07
 1.72472e-07
 1.59165e-07
 1.47314e-07
 1.36718e-07
 1.27209e-07
 8.44577e-07
 7.36597e-07
 6.43990e-07
 5.65223e-07
 4.98378e-07
 4.41587e-07
 3.93193e-07
 3.51787e-07
 3.16196e-07
 2.85455e-07
 2.58775e-07
 2.35506e-07
 2.15117e-07
 1.97172e-07
 1.81309e-07
 1.67228e-07
 1.54681e-07
 1.43459e-07
 1.33386e-07
 1.24314e-07
 7.06463e-07
 6.31368e-07
 5.63261e-07
 5.02736e-07
 4.49538e-07
 4.03032e-07
 3.62458e-07
 3.27052e-07
 2.96110e-07
 2.69005e-07
 2.45193e-07
 2.24207e-07
 2.05651e-07
 1.89188e-07
 1.74533e-07
 1.61444e-07
 1.49716e-07
 1.39174e-07
 1.29671e-07
 1.21078e-07
 5.88918e-07
 5.38275e-07
 4.89498e-07
 4.44079e-07
 4.02640e-07
 3.65295e-07
 3.31881e-07
 3.02101e-07
 2.75604e-07
 2.52036e-07
 2.31056e-07
 2.12354e-07
 1.95652e-07
 1.80703e-07
 1.67293e-07
 1.55233e-07
 1.44361e-07
 1.34536e-07
 1.25635e-07
 1.17552e-07
 4.90848e-07
 4.57804e-07
 4.23765e-07
 3.90427e-07
 3.58776e-07
 3.29316e-07
 3.02243e-07
 2.77566e-07
 2.55189e-07
 2.34957e-07
 2.16692e-07
 2.00209e-07
 1.85330e-07
 1.71886e-07
 1.59725e-07
 1.48708e-07
 1.38710e-07
 1.29620e-07
 1.21342e-07
 1.13787e-07
