scalar
part
         1
quad4
 3.47908e-07
 3.35827e-07
 3.20077e-07
 3.02402e-07
 2.84004e-07
 2.65677e-07
 2.47922e-07
 2.31036e-07
 2.15176e-07
 2.00406e-07
 1.86731e-07
 1.74118e-07
 1.62514e-07
 1.51854e-07
 1.42067e-07
 1.33083e-07
 1.24833e-07
 1.17254e-07
 1.10284e-07
 1.03868e-07
 4.30708e-07
 4.06337e-07
 3.79670e-07
 3.52580e-07
 3.26206e-07
 3.01197e-07
 2.77876e-07
 2.56369e-07
 2.36673e-07
 2.18718e-07
 2.02392e-07
 1.87568e-07
 1.74113e-07
 1.61898e-07
 1.50800e-07
 1.40707e-07
 1.31515e-07
 1.23131e-07
 1.15472e-07
 1.08465e-07
 5.32905e-07
 4.90474e-07
 4.48739e-07
 4.09293e-07
 3.72879e-07
 3.39745e-07
 3.09857e-07
 2.83033e-07
 2.59021e-07
 2.37549e-07
 2.18345e-07
 2.01154e-07
 1.85744e-07
 1.71904e-07
 1.59451e-07
 1.48220e-07
 1.38069e-07
 1.28873e-07
 1.20523e-07
 1.12924e-07
 6.57224e-07
 5.89163e-07
 5.27303e-07
 4.72144e-07
 4.23471e-07
 3.80748e-07
 3.43327e-07
 3.10552e-07
 2.81811e-07
 2.56553e-07
 2.34300e-07
 2.14636e-07
 1.97206e-07
 1.81707e-07
 1.67880e-07
 1.55507e-07
 1.44400e-07
 1.34400e-07
 1.25370e-07
 1.17192e-07
 8.05043e-07
 7.02093e-07
 6.14403e-07
 5.40016e-07
 4.76916e-07
 4.23271e-07
 3.77500e-07
 3.38280e-07
 3.04515e-07
 2.75305e-07
 2.49914e-07
 2.27736e-07
 2.08275e-07
 1.91123e-07
 1.75941e-07
 1.62448e-07
 1.50410e-07
 1.39630e-07
 1.29943e-07
 1.21210e-07
 9.74971e-07
 8.26931e-07
 7.07695e-07
 6.10866e-07
 5.31540e-07
 4.65980e-07
 4.11330e-07
 3.65400e-07
 3.26498e-07
 2.93307e-07
 2.64795e-07
 2.40146e-07
 2.18707e-07
 1.99958e-07
 1.83476e-07
 1.68915e-07
 1.55993e-07
 1.44478e-07
 1.34175e-07
 1.24921e-07
 1.16112e-06
 9.58537e-07
 8.03115e-07
 6.81609e-07
 5.85039e-07
 5.07162e-07
 4.43540e-07
 3.90955e-07
 3.47038e-07
 3.10011e-07
 2.78525e-07
 2.51540e-07
 2.28249e-07
 2.08013e-07
 1.90327e-07
 1.74782e-07
 1.61051e-07
 1.48863e-07
 1.37997e-07
 1.28271e-07
 1.35158e-06
 1.08846e-06
 8.94791e-07
 7.48171e-07
 6.34567e-07
 5.44809e-07
 4.72694e-07
 4.13907e-07
 3.65373e-07
 3.24850e-07
 2.90675e-07
 2.61595e-07
 2.36650e-07
 2.15093e-07
 1.96341e-07
 1.79929e-07
 1.65485e-07
 1.52706e-07
 1.41348e-07
 1.31207e-07
 1.52787e-06
 1.20518e-06
 9.75403e-07
 8.05805e-07
 6.76977e-07
 5.76787e-07
 4.97317e-07
 4.33215e-07
 3.80755e-07
 3.37278e-07
 3.00843e-07
 2.70007e-07
 2.43679e-07
 2.21021e-07
 2.01381e-07
 1.84247e-07
 1.69209e-07
 1.55938e-07
 1.44170e-07
 1.33684e-07
 1.66665e-06
 1.29548e-06
 1.03714e-06
 8.49709e-07
 7.09210e-07
 6.01088e-07
 5.16053e-07
 4.47939e-07
 3.92521e-07
 3.46818e-07
 3.08677e-07
 2.76514e-07
 2.49139e-07
 2.25644e-07
 2.05328e-07
 1.87642e-07
 1.72149e-07
 1.58502e-07
 1.46417e-07
 1.35664e-07
 1.74494e-06
 1.34731e-06
 1.07325e-06
 8.75871e-07
 7.28778e-07
 6.16107e-07
 5.27832e-07
 4.57350e-07
 4.00158e-07
 3.53100e-07
 3.13908e-07
 2.80916e-07
 2.52878e-07
 2.28847e-07
 2.08093e-07
 1.90045e-07
 1.74251e-07
 1.60351e-07
 1.48052e-07
 1.37117e-07
 1.74840e-06
 1.35339e-06
 1.07970e-06
 8.81937e-07
 7.34223e-07
 6.20905e-07
 5.32029e-07
 4.61013e-07
 4.03360e-07
 3.55905e-07
 3.16373e-07
 2.83090e-07
 2.54803e-07
 2.30558e-07
 2.09619e-07
 1.91411e-07
 1.75479e-07
 1.61457e-07
 1.49052e-07
 1.38024e-07
 1.67813e-06
 1.31391e-06
 1.05644e-06
 8.67774e-07
 7.25413e-07
 6.15364e-07
 5.28544e-07
 4.58850e-07
 4.02061e-07
 3.55179e-07
 3.16029e-07
 2.83001e-07
 2.54885e-07
 2.30752e-07
 2.09886e-07
 1.91724e-07
 1.75817e-07
 1.61808e-07
 1.49406e-07
 1.38376e-07
 1.55019e-06
 1.23644e-06
 1.00734e-06
 8.35490e-07
 7.03553e-07
 6.00202e-07
 5.17817e-07
 4.51136e-07
 3.96439e-07
 3.51038e-07
 3.12953e-07
 2.80702e-07
 2.53159e-07
 2.29455e-07
 2.08912e-07
 1.90994e-07
 1.75274e-07
 1.61409e-07
 1.49119e-07
 1.38176e-07
 1.38830e-06
 1.13315e-06
 9.39012e-07
 7.88878e-07
 6.70910e-07
 5.76823e-07
 5.00746e-07
 4.38463e-07
 3.86893e-07
 3.43756e-07
 3.07336e-07
 2.76328e-07
 2.49723e-07
 2.26737e-07
 2.06747e-07
 1.89261e-07
 1.73880e-07
 1.60284e-07
 1.48208e-07
 1.37436e-07
 1.21517e-06
 1.01699e-06
 8.59061e-07
 7.32538e-07
 6.30355e-07
 5.47071e-07
 4.78548e-07
 4.21649e-07
 3.73986e-07
 3.33727e-07
 2.99460e-07
 2.70082e-07
 2.44727e-07
 2.22709e-07
 2.03476e-07
 1.86588e-07
 1.71684e-07
 1.58469e-07
 1.46701e-07
 1.36180e-07
 1.04744e-06
 8.98813e-07
 7.74479e-07
 6.71007e-07
 5.84876e-07
 5.12948e-07
 4.52586e-07
 4.01641e-07
 3.58384e-07
 3.21430e-07
 2.89672e-07
 2.62221e-07
 2.38361e-07
 2.17514e-07
 1.99209e-07
 1.83060e-07
 1.68749e-07
 1.56015e-07
 1.44640e-07
 1.34440e-07
 8.94736e-07
 7.86146e-07
 6.90735e-07
 6.08150e-07
 5.37186e-07
 4.76364e-07
 4.24216e-07
 3.79411e-07
 3.40793e-07
 3.07381e-07
 2.78354e-07
 2.53030e-07
 2.30842e-07
 2.11320e-07
 1.94072e-07
 1.78775e-07
 1.65155e-07
 1.52985e-07
 1.42072e-07
 1.32255e-07
 7.61104e-07
 6.83303e-07
 6.11519e-07
 5.46875e-07
 4.89492e-07
 4.38968e-07
 3.94664e-07
 3.55872e-07
 3.21895e-07
 2.92093e-07
 2.65897e-07
 2.42808e-07
 2.22399e-07
 2.04302e-07
 1.88206e-07
 1.73844e-07
 1.60988e-07
 1.49447e-07
 1.39055e-07
 1.29670e-07
 6.47001e-07
 5.92116e-07
 5.38940e-07
 4.89117e-07
 4.43419e-07
 4.02066e-07
 3.64959e-07
 3.31824e-07
 3.02311e-07
 2.76049e-07
 2.52674e-07
 2.31846e-07
 2.13260e-07
 1.96643e-07
 1.81752e-07
 1.68379e-07
 1.56340e-07
 1.45475e-07
 1.35646e-07
 1.26733e-07
