scalar
part
         1
quad4
 5.73093e-07
 5.27272e-07
 4.82221e-07
 4.39549e-07
 4.00069e-07
 3.64084e-07
 3.31590e-07
 3.02414e-07
 2.76300e-07
 2.52958e-07
 2.32097e-07
 2.13442e-07
 1.96738e-07
 1.81757e-07
 1.68294e-07
 1.56170e-07
 1.45228e-07
 1.35331e-07
 1.26358e-07
 1.18205e-07
 6.78065e-07
 6.11810e-07
 5.50037e-07
 4.93946e-07
 4.43808e-07
 3.99395e-07
 3.60241e-07
 3.25791e-07
 2.95486e-07
 2.68798e-07
 2.45252e-07
 2.24430e-07
 2.05967e-07
 1.89550e-07
 1.74909e-07
 1.61813e-07
 1.50064e-07
 1.39494e-07
 1.29957e-07
 1.21329e-07
 8.01808e-07
 7.07848e-07
 6.24658e-07
 5.52181e-07
 4.89543e-07
 4.35577e-07
 3.89088e-07
 3.48973e-07
 3.14260e-07
 2.84118e-07
 2.57844e-07
 2.34851e-07
 2.14649e-07
 1.96827e-07
 1.81044e-07
 1.67014e-07
 1.54497e-07
 1.43290e-07
 1.33223e-07
 1.24152e-07
 9.44295e-07
 8.14001e-07
 7.04358e-07
 6.12619e-07
 5.35873e-07
 4.71485e-07
 4.17221e-07
 3.71242e-07
 3.32060e-07
 2.98477e-07
 2.69527e-07
 2.44434e-07
 2.22567e-07
 2.03416e-07
 1.86563e-07
 1.71664e-07
 1.58438e-07
 1.46648e-07
 1.36098e-07
 1.26625e-07
 1.10234e-06
 9.26664e-07
 7.85974e-07
 6.72725e-07
 5.80848e-07
 5.05645e-07
 4.43528e-07
 3.91762e-07
 3.48255e-07
 3.11396e-07
 2.79935e-07
 2.52895e-07
 2.29503e-07
 2.09146e-07
 1.91330e-07
 1.75657e-07
 1.61802e-07
 1.49498e-07
 1.38527e-07
 1.28704e-07
 1.26775e-06
 1.03931e-06
 8.64702e-07
 7.29061e-07
 6.22024e-07
 5.36315e-07
 4.66761e-07
 4.09628e-07
 3.62181e-07
 3.22384e-07
 2.88700e-07
 2.59957e-07
 2.35245e-07
 2.13853e-07
 1.95218e-07
 1.78891e-07
 1.64509e-07
 1.51779e-07
 1.40457e-07
 1.30347e-07
 1.42597e-06
 1.14235e-06
 9.34277e-07
 7.77506e-07
 6.56651e-07
 5.61629e-07
 4.85631e-07
 4.23936e-07
 3.73193e-07
 3.30973e-07
 2.95479e-07
 2.65365e-07
 2.39600e-07
 2.17391e-07
 1.98115e-07
 1.81280e-07
 1.66493e-07
 1.53435e-07
 1.41848e-07
 1.31520e-07
 1.55684e-06
 1.22410e-06
 9.87735e-07
 8.13773e-07
 6.82008e-07
 5.79810e-07
 4.98947e-07
 4.33870e-07
 3.80722e-07
 3.36758e-07
 2.99980e-07
 2.68903e-07
 2.42409e-07
 2.19640e-07
 1.99929e-07
 1.82754e-07
 1.67696e-07
 1.54424e-07
 1.42664e-07
 1.32197e-07
 1.63883e-06
 1.27324e-06
 1.01876e-06
 8.34152e-07
 6.95825e-07
 5.89420e-07
 5.05772e-07
 4.38801e-07
 3.84336e-07
 3.39439e-07
 3.01987e-07
 2.70417e-07
 2.43558e-07
 2.20514e-07
 2.00596e-07
 1.83262e-07
 1.68083e-07
 1.54716e-07
 1.42883e-07
 1.32359e-07
 1.65631e-06
 1.28204e-06
 1.02320e-06
 8.36296e-07
 6.96705e-07
 5.89594e-07
 5.05552e-07
 4.38366e-07
 3.83791e-07
 3.38845e-07
 3.01382e-07
 2.69822e-07
 2.42985e-07
 2.19970e-07
 2.00084e-07
 1.82782e-07
 1.67635e-07
 1.54298e-07
 1.42495e-07
 1.31997e-07
 1.60578e-06
 1.24885e-06
 1.00025e-06
 8.19758e-07
 6.84399e-07
 5.80191e-07
 4.98206e-07
 4.32518e-07
 3.79059e-07
 3.34963e-07
 2.98157e-07
 2.67115e-07
 2.40690e-07
 2.18008e-07
 1.98392e-07
 1.81314e-07
 1.66353e-07
 1.53172e-07
 1.41500e-07
 1.31114e-07
 1.49680e-06
 1.17850e-06
 9.52516e-07
 7.86075e-07
 6.59853e-07
 5.61816e-07
 4.84136e-07
 4.21532e-07
 3.70335e-07
 3.27932e-07
 2.92416e-07
 2.62372e-07
 2.36730e-07
 2.14672e-07
 1.95558e-07
 1.78886e-07
 1.64259e-07
 1.51355e-07
 1.39913e-07
 1.29721e-07
 1.34738e-06
 1.08045e-06
 8.85330e-07
 7.38394e-07
 6.25012e-07
 5.35721e-07
 4.64172e-07
 4.05974e-07
 3.58015e-07
 3.18034e-07
 2.84363e-07
 2.55746e-07
 2.31222e-07
 2.10050e-07
 1.91647e-07
 1.75552e-07
 1.61396e-07
 1.48881e-07
 1.37762e-07
 1.27841e-07
 1.17784e-06
 9.66058e-07
 8.05357e-07
 6.80795e-07
 5.82464e-07
 5.03597e-07
 4.39451e-07
 3.86629e-07
 3.42649e-07
 3.05667e-07
 2.74289e-07
 2.47451e-07
 2.24326e-07
 2.04266e-07
 1.86756e-07
 1.71385e-07
 1.57822e-07
 1.45796e-07
 1.35084e-07
 1.25503e-07
 1.00592e-06
 8.46091e-07
 7.19298e-07
 6.17565e-07
 5.35023e-07
 4.67336e-07
 4.11274e-07
 3.64407e-07
 3.24890e-07
 2.91302e-07
 2.62543e-07
 2.37750e-07
 2.16241e-07
 1.97471e-07
 1.81002e-07
 1.66479e-07
 1.53611e-07
 1.42159e-07
 1.31926e-07
 1.22746e-07
 8.44403e-07
 7.29111e-07
 6.32902e-07
 5.52602e-07
 4.85366e-07
 4.28804e-07
 3.80961e-07
 3.40258e-07
 3.05427e-07
 2.75450e-07
 2.49506e-07
 2.26931e-07
 2.07188e-07
 1.89838e-07
 1.74521e-07
 1.60939e-07
 1.48846e-07
 1.38038e-07
 1.28343e-07
 1.19615e-07
 7.00609e-07
 6.20872e-07
 5.50458e-07
 4.89039e-07
 4.35773e-07
 3.89664e-07
 3.49732e-07
 3.15084e-07
 2.84937e-07
 2.58620e-07
 2.35564e-07
 2.15291e-07
 1.97398e-07
 1.81547e-07
 1.67453e-07
 1.54878e-07
 1.43619e-07
 1.33506e-07
 1.24394e-07
 1.16158e-07
 5.77330e-07
 5.24472e-07
 4.74702e-07
 4.29106e-07
 3.87996e-07
 3.51271e-07
 3.18628e-07
 2.89683e-07
 2.64032e-07
 2.41287e-07
 2.21089e-07
 2.03121e-07
 1.87099e-07
 1.72778e-07
 1.59944e-07
 1.48412e-07
 1.38023e-07
 1.28640e-07
 1.20142e-07
 1.12427e-07
 4.74307e-07
 4.40931e-07
 4.07022e-07
 3.74169e-07
 3.43238e-07
 3.14630e-07
 2.88470e-07
 2.64717e-07
 2.43242e-07
 2.23871e-07
 2.06416e-07
 1.90687e-07
 1.76506e-07
 1.63705e-07
 1.52133e-07
 1.41656e-07
 1.32152e-07
 1.23515e-07
 1.15650e-07
 1.08475e-07
 3.89607e-07
 3.69901e-07
 3.47789e-07
 3.24879e-07
 3.02209e-07
 2.80414e-07
 2.59851e-07
 2.40691e-07
 2.22989e-07
 2.06724e-07
 1.91833e-07
 1.78228e-07
 1.65813e-07
 1.54487e-07
 1.44153e-07
 1.34718e-07
 1.26096e-07
 1.18207e-07
 1.10981e-07
 1.04352e-07
