scalar
part
         1
quad4
 5.73219e-07
 5.28376e-07
 4.84095e-07
 4.41994e-07
 4.02910e-07
 3.67178e-07
 3.34826e-07
 3.05707e-07
 2.79588e-07
 2.56197e-07
 2.35257e-07
 2.16502e-07
 1.99686e-07
 1.84585e-07
 1.71001e-07
 1.58756e-07
 1.47695e-07
 1.37681e-07
 1.28597e-07
 1.20337e-07
 6.78649e-07
 6.13601e-07
 5.52715e-07
 4.97229e-07
 4.47469e-07
 4.03261e-07
 3.64185e-07
 3.29723e-07
 2.99344e-07
 2.72542e-07
 2.48858e-07
 2.27883e-07
 2.09261e-07
 1.92684e-07
 1.77885e-07
 1.64636e-07
 1.52741e-07
 1.42031e-07
 1.32362e-07
 1.23609e-07
 8.03191e-07
 7.10695e-07
 6.28479e-07
 5.56592e-07
 4.94258e-07
 4.40398e-07
 3.93880e-07
 3.53650e-07
 3.18769e-07
 2.88428e-07
 2.61941e-07
 2.38731e-07
 2.18314e-07
 2.00285e-07
 1.84303e-07
 1.70085e-07
 1.57391e-07
 1.46019e-07
 1.35798e-07
 1.26582e-07
 9.47088e-07
 8.18472e-07
 7.09797e-07
 6.18528e-07
 5.41924e-07
 4.77470e-07
 4.23015e-07
 3.76776e-07
 3.37301e-07
 3.03411e-07
 2.74158e-07
 2.48771e-07
 2.26625e-07
 2.07212e-07
 1.90115e-07
 1.74991e-07
 1.61555e-07
 1.49572e-07
 1.38844e-07
 1.29207e-07
 1.10759e-06
 9.33608e-07
 7.93668e-07
 6.80594e-07
 5.88560e-07
 5.13022e-07
 4.50483e-07
 3.98264e-07
 3.54302e-07
 3.17006e-07
 2.85135e-07
 2.57713e-07
 2.33970e-07
 2.13291e-07
 1.95182e-07
 1.79242e-07
 1.65143e-07
 1.52617e-07
 1.41443e-07
 1.31435e-07
 1.27713e-06
 1.04992e-06
 8.75452e-07
 7.39418e-07
 6.31743e-07
 5.45309e-07
 4.75023e-07
 4.17192e-07
 3.69097e-07
 3.28709e-07
 2.94493e-07
 2.65270e-07
 2.40129e-07
 2.18351e-07
 1.99371e-07
 1.82734e-07
 1.68073e-07
 1.55090e-07
 1.43542e-07
 1.33225e-07
 1.44195e-06
 1.15810e-06
 9.48973e-07
 7.90886e-07
 6.68699e-07
 5.72433e-07
 4.95314e-07
 4.32628e-07
 3.81015e-07
 3.38034e-07
 3.01874e-07
 2.71176e-07
 2.44899e-07
 2.22238e-07
 2.02563e-07
 1.85374e-07
 1.70272e-07
 1.56933e-07
 1.45094e-07
 1.34540e-07
 1.58236e-06
 1.24654e-06
 1.00720e-06
 8.30610e-07
 6.96615e-07
 5.92543e-07
 5.10111e-07
 4.43715e-07
 3.89456e-07
 3.44550e-07
 3.06967e-07
 2.75200e-07
 2.48110e-07
 2.24823e-07
 2.04661e-07
 1.87088e-07
 1.71681e-07
 1.58099e-07
 1.46064e-07
 1.35350e-07
 1.67644e-06
 1.30349e-06
 1.04346e-06
 8.54644e-07
 7.13056e-07
 6.04087e-07
 5.18394e-07
 4.49768e-07
 3.93948e-07
 3.47927e-07
 3.09535e-07
 2.77172e-07
 2.49636e-07
 2.26012e-07
 2.05592e-07
 1.87820e-07
 1.72259e-07
 1.58555e-07
 1.46425e-07
 1.35635e-07
 1.70672e-06
 1.32016e-06
 1.05304e-06
 8.60278e-07
 7.16401e-07
 6.06056e-07
 5.19515e-07
 4.50357e-07
 3.94200e-07
 3.47965e-07
 3.09437e-07
 2.76989e-07
 2.49403e-07
 2.25750e-07
 2.05316e-07
 1.87541e-07
 1.71982e-07
 1.58285e-07
 1.46163e-07
 1.35385e-07
 1.66682e-06
 1.29352e-06
 1.03435e-06
 8.46651e-07
 7.06156e-07
 5.98157e-07
 5.13296e-07
 4.45372e-07
 3.90142e-07
 3.44618e-07
 3.06644e-07
 2.74634e-07
 2.47398e-07
 2.24030e-07
 2.03829e-07
 1.86247e-07
 1.70849e-07
 1.57286e-07
 1.45280e-07
 1.34598e-07
 1.56378e-06
 1.22717e-06
 9.89392e-07
 8.14948e-07
 6.83059e-07
 5.80870e-07
 5.00058e-07
 4.35036e-07
 3.81934e-07
 3.38001e-07
 3.01241e-07
 2.70170e-07
 2.43671e-07
 2.20889e-07
 2.01160e-07
 1.83961e-07
 1.68877e-07
 1.55575e-07
 1.43785e-07
 1.33287e-07
 1.41480e-06
 1.13006e-06
 9.23177e-07
 7.68122e-07
 6.48935e-07
 5.55366e-07
 4.80579e-07
 4.19878e-07
 3.69943e-07
 3.28379e-07
 2.93420e-07
 2.63739e-07
 2.38329e-07
 2.16410e-07
 1.97372e-07
 1.80733e-07
 1.66107e-07
 1.53183e-07
 1.41706e-07
 1.31470e-07
 1.24111e-06
 1.01386e-06
 8.42449e-07
 7.10263e-07
 6.06359e-07
 5.23319e-07
 4.55981e-07
 4.00669e-07
 3.54714e-07
 3.16140e-07
 2.83464e-07
 2.55552e-07
 2.31530e-07
 2.10713e-07
 1.92559e-07
 1.76637e-07
 1.62596e-07
 1.50154e-07
 1.39079e-07
 1.29178e-07
 1.06228e-06
 8.90113e-07
 7.54278e-07
 6.45833e-07
 5.58231e-07
 4.86666e-07
 4.27585e-07
 3.78332e-07
 3.36901e-07
 3.01759e-07
 2.71724e-07
 2.45870e-07
 2.23472e-07
 2.03949e-07
 1.86838e-07
 1.71762e-07
 1.58416e-07
 1.46548e-07
 1.35950e-07
 1.26449e-07
 8.92844e-07
 7.68320e-07
 6.64907e-07
 5.78998e-07
 5.07376e-07
 4.47356e-07
 3.96760e-07
 3.53843e-07
 3.17212e-07
 2.85756e-07
 2.58586e-07
 2.34986e-07
 2.14378e-07
 1.96291e-07
 1.80343e-07
 1.66217e-07
 1.53652e-07
 1.42431e-07
 1.32374e-07
 1.23326e-07
 7.41336e-07
 6.54998e-07
 5.79088e-07
 5.13170e-07
 4.56243e-07
 4.07156e-07
 3.64792e-07
 3.28146e-07
 2.96349e-07
 2.68658e-07
 2.44451e-07
 2.23205e-07
 2.04484e-07
 1.87924e-07
 1.73220e-07
 1.60116e-07
 1.48396e-07
 1.37879e-07
 1.28410e-07
 1.19860e-07
 6.11172e-07
 5.53741e-07
 4.99913e-07
 4.50820e-07
 4.06744e-07
 3.67525e-07
 3.32790e-07
 3.02089e-07
 2.74958e-07
 2.50962e-07
 2.29703e-07
 2.10827e-07
 1.94026e-07
 1.79033e-07
 1.65617e-07
 1.53577e-07
 1.42743e-07
 1.32968e-07
 1.24124e-07
 1.16102e-07
 5.02303e-07
 4.65833e-07
 4.28996e-07
 3.93490e-07
 3.60213e-07
 3.29564e-07
 3.01643e-07
 2.76375e-07
 2.53600e-07
 2.33111e-07
 2.14693e-07
 1.98132e-07
 1.83229e-07
 1.69799e-07
 1.57678e-07
 1.46719e-07
 1.36791e-07
 1.27778e-07
 1.19580e-07
 1.12107e-07
 4.12780e-07
 3.91018e-07
 3.66831e-07
 3.41942e-07
 3.17451e-07
 2.94017e-07
 2.71997e-07
 2.51555e-07
 2.32728e-07
 2.15480e-07
 1.99728e-07
 1.85370e-07
 1.72295e-07
 1.60388e-07
 1.49542e-07
 1.39655e-07
 1.30631e-07
 1.22386e-07
 1.14841e-07
 1.07928e-07
