scalar
part
         1
quad4
 5.62165e-07
 5.18477e-07
 4.75200e-07
 4.33984e-07
 3.95687e-07
 3.60658e-07
 3.28933e-07
 3.00375e-07
 2.74756e-07
 2.51811e-07
 2.31269e-07
 2.12870e-07
 1.96370e-07
 1.81552e-07
 1.68221e-07
 1.56202e-07
 1.45344e-07
 1.35513e-07
 1.26593e-07
 1.18481e-07
 6.67168e-07
 6.03338e-07
 5.43512e-07
 4.88966e-07
 4.40045e-07
 3.96586e-07
 3.58177e-07
 3.24310e-07
 2.94459e-07
 2.68126e-07
 2.44858e-07
 2.24251e-07
 2.05956e-07
 1.89670e-07
 1.75129e-07
 1.62110e-07
 1.50421e-07
 1.39895e-07
 1.30391e-07
 1.21787e-07
 7.91419e-07
 7.00139e-07
 6.19011e-07
 5.48107e-07
 4.86660e-07
 4.33595e-07
 3.87787e-07
 3.48185e-07
 3.13858e-07
 2.84007e-07
 2.57951e-07
 2.35121e-07
 2.15039e-07
 1.97306e-07
 1.81587e-07
 1.67601e-07
 1.55114e-07
 1.43926e-07
 1.33870e-07
 1.24801e-07
 9.35152e-07
 8.07675e-07
 7.00092e-07
 6.09846e-07
 5.34180e-07
 4.70572e-07
 4.16867e-07
 3.71290e-07
 3.32395e-07
 2.99013e-07
 2.70204e-07
 2.45206e-07
 2.23402e-07
 2.04288e-07
 1.87455e-07
 1.72563e-07
 1.59333e-07
 1.47533e-07
 1.36968e-07
 1.27476e-07
 1.09552e-06
 9.22554e-07
 7.83718e-07
 6.71725e-07
 5.80696e-07
 5.06060e-07
 4.44318e-07
 3.92793e-07
 3.49436e-07
 3.12664e-07
 2.81247e-07
 2.54220e-07
 2.30820e-07
 2.10441e-07
 1.92595e-07
 1.76885e-07
 1.62990e-07
 1.50644e-07
 1.39630e-07
 1.29764e-07
 1.26472e-06
 1.03847e-06
 8.65199e-07
 7.30358e-07
 6.23783e-07
 5.38323e-07
 4.68884e-07
 4.11781e-07
 3.64311e-07
 3.24459e-07
 2.90703e-07
 2.61877e-07
 2.37077e-07
 2.15597e-07
 1.96876e-07
 1.80464e-07
 1.66002e-07
 1.53195e-07
 1.41802e-07
 1.31623e-07
 1.42863e-06
 1.14601e-06
 9.38331e-07
 7.81634e-07
 6.60682e-07
 5.65476e-07
 4.89257e-07
 4.27329e-07
 3.76357e-07
 3.33917e-07
 2.98218e-07
 2.67912e-07
 2.41972e-07
 2.19602e-07
 2.00178e-07
 1.83209e-07
 1.68298e-07
 1.55127e-07
 1.43437e-07
 1.33015e-07
 1.56729e-06
 1.23350e-06
 9.96106e-07
 8.21203e-07
 6.88610e-07
 5.85691e-07
 5.04206e-07
 4.38592e-07
 3.84979e-07
 3.40612e-07
 3.03482e-07
 2.72099e-07
 2.45335e-07
 2.22327e-07
 2.02406e-07
 1.85042e-07
 1.69818e-07
 1.56395e-07
 1.44500e-07
 1.33911e-07
 1.65897e-06
 1.28940e-06
 1.03200e-06
 8.45204e-07
 7.05186e-07
 5.97448e-07
 5.12733e-07
 4.44893e-07
 3.89712e-07
 3.44217e-07
 3.06262e-07
 2.74265e-07
 2.47039e-07
 2.23679e-07
 2.03485e-07
 1.85910e-07
 1.70519e-07
 1.56964e-07
 1.44964e-07
 1.34290e-07
 1.68711e-06
 1.30537e-06
 1.04151e-06
 8.51048e-07
 7.08852e-07
 5.99773e-07
 5.14207e-07
 4.45816e-07
 3.90272e-07
 3.44535e-07
 3.06417e-07
 2.74310e-07
 2.47011e-07
 2.23601e-07
 2.03376e-07
 1.85781e-07
 1.70377e-07
 1.56816e-07
 1.44815e-07
 1.34142e-07
 1.64662e-06
 1.27893e-06
 1.02330e-06
 8.37989e-07
 6.99170e-07
 5.92398e-07
 5.08461e-07
 4.41253e-07
 3.86588e-07
 3.41519e-07
 3.03916e-07
 2.72214e-07
 2.45236e-07
 2.22086e-07
 2.02071e-07
 1.84650e-07
 1.69391e-07
 1.55950e-07
 1.44050e-07
 1.33464e-07
 1.54532e-06
 1.21399e-06
 9.79522e-07
 8.07268e-07
 6.76900e-07
 5.75810e-07
 4.95818e-07
 4.31425e-07
 3.78816e-07
 3.35280e-07
 2.98841e-07
 2.68037e-07
 2.41761e-07
 2.19168e-07
 1.99599e-07
 1.82539e-07
 1.67576e-07
 1.54380e-07
 1.42683e-07
 1.32266e-07
 1.40019e-06
 1.11943e-06
 9.15120e-07
 7.61808e-07
 6.43844e-07
 5.51162e-07
 4.77040e-07
 4.16850e-07
 3.67317e-07
 3.26075e-07
 2.91378e-07
 2.61916e-07
 2.36689e-07
 2.14925e-07
 1.96020e-07
 1.79496e-07
 1.64970e-07
 1.52134e-07
 1.40735e-07
 1.30568e-07
 1.23148e-06
 1.00646e-06
 8.36633e-07
 7.05582e-07
 6.02507e-07
 5.20087e-07
 4.53221e-07
 3.98279e-07
 3.52618e-07
 3.14283e-07
 2.81803e-07
 2.54056e-07
 2.30173e-07
 2.09475e-07
 1.91424e-07
 1.75591e-07
 1.61629e-07
 1.49257e-07
 1.38243e-07
 1.28398e-07
 1.05770e-06
 8.86105e-07
 7.50844e-07
 6.42894e-07
 5.55698e-07
 4.84461e-07
 4.25645e-07
 3.76608e-07
 3.35356e-07
 3.00364e-07
 2.70455e-07
 2.44710e-07
 2.22405e-07
 2.02964e-07
 1.85924e-07
 1.70912e-07
 1.57622e-07
 1.45805e-07
 1.35252e-07
 1.25793e-07
 8.92602e-07
 7.67411e-07
 6.63735e-07
 5.77753e-07
 5.06143e-07
 4.46172e-07
 3.95639e-07
 3.52787e-07
 3.16221e-07
 2.84826e-07
 2.57711e-07
 2.34163e-07
 2.13602e-07
 1.95560e-07
 1.79652e-07
 1.65563e-07
 1.53032e-07
 1.41843e-07
 1.31815e-07
 1.22795e-07
 7.44412e-07
 6.56640e-07
 5.79879e-07
 5.13450e-07
 4.56212e-07
 4.06933e-07
 3.64451e-07
 3.27734e-07
 2.95894e-07
 2.68180e-07
 2.43962e-07
 2.22713e-07
 2.03996e-07
 1.87443e-07
 1.72748e-07
 1.59655e-07
 1.47948e-07
 1.37444e-07
 1.27989e-07
 1.19452e-07
 6.16545e-07
 5.57311e-07
 5.02284e-07
 4.52386e-07
 4.07763e-07
 3.68165e-07
 3.33164e-07
 3.02273e-07
 2.75007e-07
 2.50912e-07
 2.29581e-07
 2.10653e-07
 1.93815e-07
 1.78795e-07
 1.65359e-07
 1.53306e-07
 1.42464e-07
 1.32684e-07
 1.23838e-07
 1.15816e-07
 5.09116e-07
 4.70747e-07
 4.32556e-07
 3.96079e-07
 3.62101e-07
 3.30942e-07
 3.02643e-07
 2.77095e-07
 2.54107e-07
 2.33456e-07
 2.14914e-07
 1.98257e-07
 1.83279e-07
 1.69791e-07
 1.57625e-07
 1.46630e-07
 1.36674e-07
 1.27640e-07
 1.19425e-07
 1.11940e-07
 4.20382e-07
 3.96790e-07
 3.71225e-07
 3.45300e-07
 3.20028e-07
 2.96001e-07
 2.73529e-07
 2.52738e-07
 2.33640e-07
 2.16179e-07
 2.00260e-07
 1.85770e-07
 1.72588e-07
 1.60596e-07
 1.49681e-07
 1.39738e-07
 1.30669e-07
 1.22387e-07
 1.14813e-07
 1.07874e-07
