scalar
part
         1
quad4
 3.47069e-07
 3.34471e-07
 3.18418e-07
 3.00588e-07
 2.82134e-07
 2.63815e-07
 2.46109e-07
 2.29295e-07
 2.13518e-07
 1.98837e-07
 1.85251e-07
 1.72725e-07
 1.61205e-07
 1.50624e-07
 1.40911e-07
 1.31996e-07
 1.23811e-07
 1.16291e-07
 1.09376e-07
 1.03012e-07
 4.28796e-07
 4.04003e-07
 3.77154e-07
 3.50033e-07
 3.23717e-07
 2.98815e-07
 2.75627e-07
 2.54261e-07
 2.34707e-07
 2.16888e-07
 2.00691e-07
 1.85986e-07
 1.72642e-07
 1.60528e-07
 1.49523e-07
 1.39514e-07
 1.30399e-07
 1.22086e-07
 1.14492e-07
 1.07544e-07
 5.29482e-07
 4.86848e-07
 4.45149e-07
 4.05864e-07
 3.69671e-07
 3.36778e-07
 3.07128e-07
 2.80530e-07
 2.56727e-07
 2.35446e-07
 2.16414e-07
 1.99378e-07
 1.84107e-07
 1.70392e-07
 1.58050e-07
 1.46920e-07
 1.36860e-07
 1.27747e-07
 1.19471e-07
 1.11940e-07
 6.51736e-07
 5.83885e-07
 5.22410e-07
 4.67692e-07
 4.19457e-07
 3.77141e-07
 3.40087e-07
 3.07636e-07
 2.79180e-07
 2.54172e-07
 2.32138e-07
 2.12666e-07
 1.95405e-07
 1.80054e-07
 1.66360e-07
 1.54104e-07
 1.43101e-07
 1.33194e-07
 1.24248e-07
 1.16146e-07
 7.96852e-07
 6.94794e-07
 6.08001e-07
 5.34427e-07
 4.72035e-07
 4.18994e-07
 3.73734e-07
 3.34946e-07
 3.01548e-07
 2.72650e-07
 2.47525e-07
 2.25576e-07
 2.06314e-07
 1.89335e-07
 1.74304e-07
 1.60944e-07
 1.49023e-07
 1.38348e-07
 1.28754e-07
 1.20104e-07
 9.63459e-07
 8.17316e-07
 6.99650e-07
 6.04088e-07
 5.25780e-07
 4.61037e-07
 4.07050e-07
 3.61662e-07
 3.23208e-07
 2.90390e-07
 2.62191e-07
 2.37807e-07
 2.16596e-07
 1.98042e-07
 1.81729e-07
 1.67317e-07
 1.54525e-07
 1.43124e-07
 1.32922e-07
 1.23760e-07
 1.14590e-06
 9.46500e-07
 7.93432e-07
 6.73684e-07
 5.78448e-07
 5.01601e-07
 4.38788e-07
 3.86849e-07
 3.43454e-07
 3.06855e-07
 2.75725e-07
 2.49039e-07
 2.26000e-07
 2.05980e-07
 1.88480e-07
 1.73097e-07
 1.59507e-07
 1.47443e-07
 1.36687e-07
 1.27058e-07
 1.33280e-06
 1.07423e-06
 8.83673e-07
 7.39261e-07
 6.27270e-07
 5.38724e-07
 4.67541e-07
 4.09486e-07
 3.61537e-07
 3.21489e-07
 2.87706e-07
 2.58952e-07
 2.34281e-07
 2.12958e-07
 1.94406e-07
 1.78167e-07
 1.63873e-07
 1.51227e-07
 1.39985e-07
 1.29947e-07
 1.50648e-06
 1.18939e-06
 9.63274e-07
 7.96194e-07
 6.69170e-07
 5.70316e-07
 4.91862e-07
 4.28553e-07
 3.76723e-07
 3.33755e-07
 2.97737e-07
 2.67248e-07
 2.41211e-07
 2.18800e-07
 1.99371e-07
 1.82419e-07
 1.67539e-07
 1.54408e-07
 1.42761e-07
 1.32384e-07
 1.64440e-06
 1.27912e-06
 1.02460e-06
 8.39769e-07
 7.01137e-07
 5.94396e-07
 5.10413e-07
 4.43120e-07
 3.88354e-07
 3.43178e-07
 3.05471e-07
 2.73667e-07
 2.46594e-07
 2.23355e-07
 2.03258e-07
 1.85761e-07
 1.70432e-07
 1.56928e-07
 1.44969e-07
 1.34328e-07
 1.72386e-06
 1.33147e-06
 1.06092e-06
 8.65997e-07
 7.20695e-07
 6.09369e-07
 5.22131e-07
 4.52463e-07
 3.95923e-07
 3.49395e-07
 3.10640e-07
 2.78011e-07
 2.50280e-07
 2.26510e-07
 2.05979e-07
 1.88123e-07
 1.72497e-07
 1.58743e-07
 1.46573e-07
 1.35753e-07
 1.73002e-06
 1.33895e-06
 1.06812e-06
 8.72471e-07
 7.26362e-07
 6.14282e-07
 5.26380e-07
 4.56143e-07
 3.99120e-07
 3.52183e-07
 3.13081e-07
 2.80158e-07
 2.52176e-07
 2.28191e-07
 2.07476e-07
 1.89462e-07
 1.73698e-07
 1.59824e-07
 1.47550e-07
 1.36638e-07
 1.66296e-06
 1.30129e-06
 1.04593e-06
 8.58953e-07
 7.17948e-07
 6.08986e-07
 5.23046e-07
 4.54071e-07
 3.97874e-07
 3.51485e-07
 3.12748e-07
 2.80071e-07
 2.52252e-07
 2.28375e-07
 2.07730e-07
 1.89760e-07
 1.74021e-07
 1.60160e-07
 1.47889e-07
 1.36975e-07
 1.53794e-06
 1.22566e-06
 9.97997e-07
 8.27430e-07
 6.96588e-07
 5.94157e-07
 5.12542e-07
 4.46507e-07
 3.92353e-07
 3.47411e-07
 3.09716e-07
 2.77798e-07
 2.50542e-07
 2.27085e-07
 2.06757e-07
 1.89028e-07
 1.73474e-07
 1.59755e-07
 1.47594e-07
 1.36765e-07
 1.37828e-06
 1.12396e-06
 9.30782e-07
 7.81592e-07
 6.64486e-07
 5.71159e-07
 4.95742e-07
 4.34026e-07
 3.82944e-07
 3.40226e-07
 3.04168e-07
 2.73473e-07
 2.47140e-07
 2.24390e-07
 2.04608e-07
 1.87304e-07
 1.72085e-07
 1.58631e-07
 1.46682e-07
 1.36023e-07
 1.20674e-06
 1.00907e-06
 8.51802e-07
 7.25977e-07
 6.24468e-07
 5.41804e-07
 4.73837e-07
 4.17430e-07
 3.70199e-07
 3.30319e-07
 2.96383e-07
 2.67295e-07
 2.42194e-07
 2.20399e-07
 2.01365e-07
 1.84651e-07
 1.69902e-07
 1.56825e-07
 1.45182e-07
 1.34771e-07
 1.04014e-06
 8.91888e-07
 7.68037e-07
 6.65095e-07
 5.79494e-07
 5.08071e-07
 4.48175e-07
 3.97653e-07
 3.54775e-07
 3.18158e-07
 2.86700e-07
 2.59515e-07
 2.35891e-07
 2.15254e-07
 1.97135e-07
 1.81151e-07
 1.66989e-07
 1.54389e-07
 1.43132e-07
 1.33040e-07
 8.88288e-07
 7.80006e-07
 6.84974e-07
 6.02805e-07
 5.32266e-07
 4.71857e-07
 4.20099e-07
 3.75656e-07
 3.37368e-07
 3.04255e-07
 2.75498e-07
 2.50416e-07
 2.28445e-07
 2.09117e-07
 1.92044e-07
 1.76903e-07
 1.63424e-07
 1.51381e-07
 1.40583e-07
 1.30869e-07
 7.55329e-07
 6.77801e-07
 6.06330e-07
 5.42024e-07
 4.84987e-07
 4.34805e-07
 3.90830e-07
 3.52347e-07
 3.18657e-07
 2.89119e-07
 2.63163e-07
 2.40293e-07
 2.20082e-07
 2.02164e-07
 1.86230e-07
 1.72015e-07
 1.59292e-07
 1.47871e-07
 1.37588e-07
 1.28302e-07
 6.41791e-07
 5.87150e-07
 5.34239e-07
 4.84697e-07
 4.39286e-07
 3.98220e-07
 3.61390e-07
 3.28520e-07
 2.99256e-07
 2.73226e-07
 2.50065e-07
 2.29434e-07
 2.11028e-07
 1.94575e-07
 1.79835e-07
 1.66598e-07
 1.54683e-07
 1.43932e-07
 1.34206e-07
 1.25388e-07
