scalar
part
         1
quad4
 5.87392e-07
 5.39929e-07
 4.93380e-07
 4.49374e-07
 4.08723e-07
 3.71720e-07
 3.38347e-07
 3.08412e-07
 2.81643e-07
 2.57735e-07
 2.36385e-07
 2.17305e-07
 2.00231e-07
 1.84925e-07
 1.71178e-07
 1.58805e-07
 1.47642e-07
 1.37550e-07
 1.28403e-07
 1.20094e-07
 6.94636e-07
 6.26176e-07
 5.62471e-07
 5.04718e-07
 4.53165e-07
 4.07554e-07
 3.67387e-07
 3.32079e-07
 3.01045e-07
 2.73737e-07
 2.49661e-07
 2.28383e-07
 2.09526e-07
 1.92768e-07
 1.77829e-07
 1.64473e-07
 1.52496e-07
 1.41724e-07
 1.32009e-07
 1.23222e-07
 8.20978e-07
 7.24077e-07
 6.38421e-07
 5.63900e-07
 4.99576e-07
 4.44219e-07
 3.96581e-07
 3.55510e-07
 3.19998e-07
 2.89184e-07
 2.62343e-07
 2.38868e-07
 2.18252e-07
 2.00074e-07
 1.83984e-07
 1.69686e-07
 1.56934e-07
 1.45521e-07
 1.35273e-07
 1.26040e-07
 9.66340e-07
 8.32172e-07
 7.19433e-07
 6.25227e-07
 5.46510e-07
 4.80539e-07
 4.24993e-07
 3.77969e-07
 3.37926e-07
 3.03629e-07
 2.74081e-07
 2.48483e-07
 2.26189e-07
 2.06671e-07
 1.89503e-07
 1.74331e-07
 1.60867e-07
 1.48868e-07
 1.38135e-07
 1.28500e-07
 1.12738e-06
 9.46716e-07
 8.02236e-07
 6.86085e-07
 5.91963e-07
 5.15001e-07
 4.51490e-07
 3.98604e-07
 3.54187e-07
 3.16581e-07
 2.84502e-07
 2.56943e-07
 2.33114e-07
 2.12385e-07
 1.94250e-07
 1.78302e-07
 1.64208e-07
 1.51696e-07
 1.40541e-07
 1.30556e-07
 1.29558e-06
 1.06096e-06
 8.81880e-07
 7.42944e-07
 6.33430e-07
 5.45826e-07
 4.74794e-07
 4.16492e-07
 3.68106e-07
 3.27544e-07
 2.93232e-07
 2.63966e-07
 2.38814e-07
 2.17050e-07
 1.98097e-07
 1.81496e-07
 1.66878e-07
 1.53940e-07
 1.42438e-07
 1.32168e-07
 1.45593e-06
 1.16503e-06
 9.51933e-07
 7.91584e-07
 6.68106e-07
 5.71112e-07
 4.93598e-07
 4.30717e-07
 3.79029e-07
 3.36045e-07
 2.99926e-07
 2.69294e-07
 2.43095e-07
 2.20520e-07
 2.00931e-07
 1.83828e-07
 1.68808e-07
 1.55548e-07
 1.43785e-07
 1.33301e-07
 1.58762e-06
 1.24693e-06
 1.00528e-06
 8.27638e-07
 6.93225e-07
 5.89060e-07
 5.06700e-07
 4.40457e-07
 3.86385e-07
 3.41678e-07
 3.04292e-07
 2.72713e-07
 2.45799e-07
 2.22675e-07
 2.02662e-07
 1.85227e-07
 1.69945e-07
 1.56477e-07
 1.44547e-07
 1.33929e-07
 1.66862e-06
 1.29513e-06
 1.03550e-06
 8.47360e-07
 7.06504e-07
 5.98228e-07
 5.13159e-07
 4.45084e-07
 3.89744e-07
 3.44142e-07
 3.06114e-07
 2.74068e-07
 2.46810e-07
 2.23430e-07
 2.03225e-07
 1.85644e-07
 1.70251e-07
 1.56698e-07
 1.44702e-07
 1.34033e-07
 1.68318e-06
 1.30191e-06
 1.03850e-06
 8.48430e-07
 7.06568e-07
 5.97768e-07
 5.12437e-07
 4.44245e-07
 3.88869e-07
 3.43276e-07
 3.05281e-07
 2.73280e-07
 2.46073e-07
 2.22745e-07
 2.02590e-07
 1.85057e-07
 1.69709e-07
 1.56198e-07
 1.44240e-07
 1.33606e-07
 1.62827e-06
 1.26587e-06
 1.01358e-06
 8.30493e-07
 6.93226e-07
 5.87577e-07
 5.04478e-07
 4.37910e-07
 3.83745e-07
 3.39073e-07
 3.01791e-07
 2.70350e-07
 2.43589e-07
 2.20621e-07
 2.00760e-07
 1.83469e-07
 1.68323e-07
 1.54979e-07
 1.43164e-07
 1.32651e-07
 1.51430e-06
 1.19227e-06
 9.63626e-07
 7.95220e-07
 6.67507e-07
 5.68314e-07
 4.89719e-07
 4.26380e-07
 3.74584e-07
 3.31685e-07
 2.95755e-07
 2.65362e-07
 2.39423e-07
 2.17109e-07
 1.97774e-07
 1.80911e-07
 1.66115e-07
 1.53063e-07
 1.41490e-07
 1.31181e-07
 1.36015e-06
 1.09101e-06
 8.94185e-07
 7.45901e-07
 6.31445e-07
 5.41286e-07
 4.69028e-07
 4.10246e-07
 3.61799e-07
 3.21409e-07
 2.87390e-07
 2.58474e-07
 2.33694e-07
 2.12299e-07
 1.93702e-07
 1.77438e-07
 1.63132e-07
 1.50483e-07
 1.39246e-07
 1.29219e-07
 1.18661e-06
 9.73766e-07
 8.12122e-07
 6.86741e-07
 5.87707e-07
 5.08239e-07
 4.43579e-07
 3.90318e-07
 3.45960e-07
 3.08653e-07
 2.76993e-07
 2.49910e-07
 2.26570e-07
 2.06321e-07
 1.88644e-07
 1.73126e-07
 1.59432e-07
 1.47288e-07
 1.36471e-07
 1.26795e-07
 1.01158e-06
 8.51433e-07
 7.24251e-07
 6.22109e-07
 5.39168e-07
 4.71107e-07
 4.14704e-07
 3.67530e-07
 3.27736e-07
 2.93903e-07
 2.64925e-07
 2.39938e-07
 2.18255e-07
 1.99329e-07
 1.82721e-07
 1.68073e-07
 1.55092e-07
 1.43539e-07
 1.33214e-07
 1.23951e-07
 8.47758e-07
 7.32594e-07
 6.36360e-07
 5.55942e-07
 4.88538e-07
 4.31785e-07
 3.83744e-07
 3.42847e-07
 3.07831e-07
 2.77680e-07
 2.51574e-07
 2.28852e-07
 2.08974e-07
 1.91500e-07
 1.76070e-07
 1.62385e-07
 1.50198e-07
 1.39304e-07
 1.29530e-07
 1.20731e-07
 7.02323e-07
 6.22947e-07
 5.52726e-07
 4.91383e-07
 4.38113e-07
 3.91950e-07
 3.51933e-07
 3.17183e-07
 2.86927e-07
 2.60499e-07
 2.37335e-07
 2.16956e-07
 1.98963e-07
 1.83017e-07
 1.68835e-07
 1.56178e-07
 1.44843e-07
 1.34659e-07
 1.25481e-07
 1.17185e-07
 5.77902e-07
 5.25508e-07
 4.76050e-07
 4.30647e-07
 3.89643e-07
 3.52961e-07
 3.20319e-07
 2.91346e-07
 2.65648e-07
 2.42843e-07
 2.22581e-07
 2.04544e-07
 1.88453e-07
 1.74065e-07
 1.61165e-07
 1.49571e-07
 1.39122e-07
 1.29682e-07
 1.21130e-07
 1.13365e-07
 4.74099e-07
 4.41217e-07
 4.07672e-07
 3.75078e-07
 3.44319e-07
 3.15821e-07
 2.89722e-07
 2.65996e-07
 2.44522e-07
 2.25135e-07
 2.07651e-07
 1.91886e-07
 1.77663e-07
 1.64818e-07
 1.53201e-07
 1.42678e-07
 1.33130e-07
 1.24449e-07
 1.16543e-07
 1.09326e-07
 3.88879e-07
 3.69656e-07
 3.47921e-07
 3.25297e-07
 3.02838e-07
 2.81194e-07
 2.60733e-07
 2.41639e-07
 2.23975e-07
 2.07726e-07
 1.92836e-07
 1.79221e-07
 1.66788e-07
 1.55438e-07
 1.45077e-07
 1.35612e-07
 1.26958e-07
 1.19038e-07
 1.11780e-07
 1.05120e-07
