scalar
part
         1
quad4
 5.95379e-07
 5.47077e-07
 4.99791e-07
 4.55130e-07
 4.13894e-07
 3.76368e-07
 3.42526e-07
 3.12174e-07
 2.85033e-07
 2.60796e-07
 2.39152e-07
 2.19812e-07
 2.02506e-07
 1.86995e-07
 1.73065e-07
 1.60529e-07
 1.49221e-07
 1.38998e-07
 1.29735e-07
 1.21322e-07
 7.02787e-07
 6.33470e-07
 5.69005e-07
 5.10570e-07
 4.58404e-07
 4.12243e-07
 3.71585e-07
 3.35841e-07
 3.04421e-07
 2.76771e-07
 2.52393e-07
 2.30849e-07
 2.11758e-07
 1.94791e-07
 1.79669e-07
 1.66150e-07
 1.54028e-07
 1.43127e-07
 1.33296e-07
 1.24406e-07
 8.29155e-07
 7.31436e-07
 6.45024e-07
 5.69806e-07
 5.04846e-07
 4.48915e-07
 4.00765e-07
 3.59241e-07
 3.23330e-07
 2.92167e-07
 2.65018e-07
 2.41273e-07
 2.20421e-07
 2.02036e-07
 1.85762e-07
 1.71303e-07
 1.58408e-07
 1.46869e-07
 1.36508e-07
 1.27175e-07
 9.74407e-07
 8.39525e-07
 7.26057e-07
 6.31144e-07
 5.51770e-07
 4.85204e-07
 4.29127e-07
 3.81636e-07
 3.41185e-07
 3.06531e-07
 2.76674e-07
 2.50807e-07
 2.28277e-07
 2.08554e-07
 1.91206e-07
 1.75876e-07
 1.62273e-07
 1.50152e-07
 1.39310e-07
 1.29577e-07
 1.13527e-06
 9.54037e-07
 8.08855e-07
 6.91981e-07
 5.97174e-07
 5.19592e-07
 4.55532e-07
 4.02168e-07
 3.57337e-07
 3.19374e-07
 2.86986e-07
 2.59161e-07
 2.35102e-07
 2.14172e-07
 1.95863e-07
 1.79762e-07
 1.65535e-07
 1.52905e-07
 1.41646e-07
 1.31569e-07
 1.30340e-06
 1.06830e-06
 8.88496e-07
 7.48788e-07
 6.38547e-07
 5.50293e-07
 4.78697e-07
 4.19910e-07
 3.71109e-07
 3.30194e-07
 2.95579e-07
 2.66054e-07
 2.40680e-07
 2.18724e-07
 1.99605e-07
 1.82859e-07
 1.68114e-07
 1.55066e-07
 1.43466e-07
 1.33110e-07
 1.46401e-06
 1.17252e-06
 9.58559e-07
 7.97338e-07
 6.73072e-07
 5.75396e-07
 4.97306e-07
 4.33938e-07
 3.81843e-07
 3.38515e-07
 3.02106e-07
 2.71226e-07
 2.44818e-07
 2.22062e-07
 2.02318e-07
 1.85081e-07
 1.69944e-07
 1.56581e-07
 1.44728e-07
 1.34165e-07
 1.59648e-06
 1.25469e-06
 1.01189e-06
 8.33228e-07
 6.97957e-07
 5.93084e-07
 5.10145e-07
 4.43426e-07
 3.88963e-07
 3.43930e-07
 3.06272e-07
 2.74464e-07
 2.47357e-07
 2.24068e-07
 2.03914e-07
 1.86356e-07
 1.70969e-07
 1.57409e-07
 1.45397e-07
 1.34708e-07
 1.67855e-06
 1.30313e-06
 1.04197e-06
 8.52650e-07
 7.10882e-07
 6.01895e-07
 5.16264e-07
 4.47739e-07
 3.92036e-07
 3.46137e-07
 3.07864e-07
 2.75614e-07
 2.48183e-07
 2.24657e-07
 2.04328e-07
 1.86640e-07
 1.71154e-07
 1.57520e-07
 1.45453e-07
 1.34722e-07
 1.69372e-06
 1.30974e-06
 1.04452e-06
 8.53204e-07
 7.10436e-07
 6.00961e-07
 5.15116e-07
 4.46521e-07
 3.90826e-07
 3.44975e-07
 3.06770e-07
 2.74596e-07
 2.47242e-07
 2.23791e-07
 2.03531e-07
 1.85908e-07
 1.70483e-07
 1.56903e-07
 1.44886e-07
 1.34201e-07
 1.63807e-06
 1.27279e-06
 1.01873e-06
 8.34472e-07
 6.96401e-07
 5.90173e-07
 5.06642e-07
 4.39744e-07
 3.85321e-07
 3.40442e-07
 3.02993e-07
 2.71415e-07
 2.44538e-07
 2.21473e-07
 2.01529e-07
 1.84168e-07
 1.68960e-07
 1.55563e-07
 1.43700e-07
 1.33146e-07
 1.52168e-06
 1.19742e-06
 9.67409e-07
 7.98122e-07
 6.69812e-07
 5.70196e-07
 4.91291e-07
 4.27717e-07
 3.75739e-07
 3.32696e-07
 2.96648e-07
 2.66158e-07
 2.40139e-07
 2.17756e-07
 1.98363e-07
 1.81450e-07
 1.66610e-07
 1.53520e-07
 1.41913e-07
 1.31574e-07
 1.36387e-06
 1.09372e-06
 8.96232e-07
 7.47505e-07
 6.32743e-07
 5.42367e-07
 4.69950e-07
 4.11047e-07
 3.62506e-07
 3.22040e-07
 2.87959e-07
 2.58992e-07
 2.34168e-07
 2.12736e-07
 1.94106e-07
 1.77812e-07
 1.63481e-07
 1.50810e-07
 1.39553e-07
 1.29507e-07
 1.18630e-06
 9.73781e-07
 8.12267e-07
 6.86941e-07
 5.87932e-07
 5.08476e-07
 4.43822e-07
 3.90562e-07
 3.46205e-07
 3.08894e-07
 2.77232e-07
 2.50143e-07
 2.26798e-07
 2.06543e-07
 1.88860e-07
 1.73336e-07
 1.59634e-07
 1.47484e-07
 1.36660e-07
 1.26978e-07
 1.00766e-06
 8.48914e-07
 7.22555e-07
 6.20929e-07
 5.38330e-07
 4.70506e-07
 4.14271e-07
 3.67221e-07
 3.27520e-07
 2.93757e-07
 2.64834e-07
 2.39888e-07
 2.18238e-07
 1.99338e-07
 1.82749e-07
 1.68117e-07
 1.55148e-07
 1.43604e-07
 1.33286e-07
 1.24029e-07
 8.41099e-07
 7.27982e-07
 6.33063e-07
 5.53521e-07
 4.86722e-07
 4.30398e-07
 3.82671e-07
 3.42009e-07
 3.07173e-07
 2.77160e-07
 2.51164e-07
 2.28528e-07
 2.08718e-07
 1.91300e-07
 1.75915e-07
 1.62267e-07
 1.50110e-07
 1.39241e-07
 1.29488e-07
 1.20705e-07
 6.93850e-07
 6.16797e-07
 5.48164e-07
 4.87929e-07
 4.35452e-07
 3.89868e-07
 3.50283e-07
 3.15862e-07
 2.85859e-07
 2.59630e-07
 2.36623e-07
 2.16371e-07
 1.98480e-07
 1.82617e-07
 1.68504e-07
 1.55903e-07
 1.44616e-07
 1.34471e-07
 1.25326e-07
 1.17058e-07
 5.68427e-07
 5.18359e-07
 4.70578e-07
 4.26399e-07
 3.86299e-07
 3.50296e-07
 3.18171e-07
 2.89597e-07
 2.64212e-07
 2.41655e-07
 2.21592e-07
 2.03716e-07
 1.87757e-07
 1.73477e-07
 1.60667e-07
 1.49147e-07
 1.38761e-07
 1.29374e-07
 1.20868e-07
 1.13141e-07
 4.64237e-07
 4.33524e-07
 4.01619e-07
 3.70268e-07
 3.40459e-07
 3.12693e-07
 2.87164e-07
 2.63885e-07
 2.42767e-07
 2.23666e-07
 2.06414e-07
 1.90839e-07
 1.76772e-07
 1.64056e-07
 1.52548e-07
 1.42116e-07
 1.32644e-07
 1.24029e-07
 1.16178e-07
 1.09009e-07
 3.79054e-07
 3.61766e-07
 3.41558e-07
 3.20133e-07
 2.98619e-07
 2.77720e-07
 2.57853e-07
 2.39235e-07
 2.21954e-07
 2.06018e-07
 1.91384e-07
 1.77980e-07
 1.65722e-07
 1.54519e-07
 1.44281e-07
 1.34921e-07
 1.26356e-07
 1.18512e-07
 1.11319e-07
 1.04716e-07
