scalar
part
         1
quad4
 4.98725e-07
 4.62760e-07
 4.26442e-07
 3.91360e-07
 3.58397e-07
 3.27967e-07
 3.00190e-07
 2.75015e-07
 2.52297e-07
 2.31842e-07
 2.13444e-07
 1.96894e-07
 1.81998e-07
 1.68574e-07
 1.56458e-07
 1.45505e-07
 1.35585e-07
 1.26581e-07
 1.18394e-07
 1.10934e-07
 5.94602e-07
 5.40910e-07
 4.89877e-07
 4.42829e-07
 4.00240e-07
 3.62106e-07
 3.28171e-07
 2.98068e-07
 2.71392e-07
 2.47748e-07
 2.26766e-07
 2.08114e-07
 1.91497e-07
 1.76658e-07
 1.63372e-07
 1.51446e-07
 1.40713e-07
 1.31027e-07
 1.22264e-07
 1.14316e-07
 7.08667e-07
 6.30619e-07
 5.60490e-07
 4.98630e-07
 4.44592e-07
 3.97597e-07
 3.56778e-07
 3.21297e-07
 2.90393e-07
 2.63401e-07
 2.39750e-07
 2.18956e-07
 2.00607e-07
 1.84358e-07
 1.69918e-07
 1.57040e-07
 1.45518e-07
 1.35175e-07
 1.25860e-07
 1.17448e-07
 8.41516e-07
 7.31082e-07
 6.37021e-07
 5.57477e-07
 4.90302e-07
 4.33472e-07
 3.85221e-07
 3.44067e-07
 3.08792e-07
 2.78398e-07
 2.52076e-07
 2.29164e-07
 2.09123e-07
 1.91511e-07
 1.75963e-07
 1.62181e-07
 1.49913e-07
 1.38952e-07
 1.29123e-07
 1.20279e-07
 9.91116e-07
 8.39592e-07
 7.16942e-07
 6.17263e-07
 5.35702e-07
 4.68437e-07
 4.12505e-07
 3.65618e-07
 3.26006e-07
 2.92291e-07
 2.63395e-07
 2.38468e-07
 2.16832e-07
 1.97947e-07
 1.81375e-07
 1.66760e-07
 1.53812e-07
 1.42290e-07
 1.31996e-07
 1.22764e-07
 1.15115e-06
 9.50849e-07
 7.96207e-07
 6.75008e-07
 5.78620e-07
 5.00913e-07
 4.37477e-07
 3.85099e-07
 3.41402e-07
 3.04604e-07
 2.73348e-07
 2.46592e-07
 2.23523e-07
 2.03503e-07
 1.86023e-07
 1.70677e-07
 1.57133e-07
 1.45123e-07
 1.34427e-07
 1.24860e-07
 1.30967e-06
 1.05668e-06
 8.69315e-07
 7.26997e-07
 6.16520e-07
 5.29140e-07
 4.58898e-07
 4.01626e-07
 3.54341e-07
 3.14866e-07
 2.81584e-07
 2.53272e-07
 2.28994e-07
 2.08023e-07
 1.89788e-07
 1.73835e-07
 1.59801e-07
 1.47392e-07
 1.36366e-07
 1.26527e-07
 1.44927e-06
 1.14665e-06
 9.29847e-07
 7.69165e-07
 6.46755e-07
 5.51355e-07
 4.75566e-07
 4.14360e-07
 3.64226e-07
 3.22649e-07
 2.87789e-07
 2.58276e-07
 2.33070e-07
 2.11374e-07
 1.92566e-07
 1.76156e-07
 1.61754e-07
 1.49045e-07
 1.37775e-07
 1.27734e-07
 1.55015e-06
 1.20990e-06
 9.71518e-07
 7.97711e-07
 6.66941e-07
 5.66012e-07
 4.86448e-07
 4.22598e-07
 3.70568e-07
 3.27604e-07
 2.91712e-07
 2.61417e-07
 2.35612e-07
 2.13451e-07
 1.94278e-07
 1.77578e-07
 1.62944e-07
 1.50047e-07
 1.38624e-07
 1.28457e-07
 1.59566e-06
 1.23778e-06
 9.89513e-07
 8.09808e-07
 6.75343e-07
 5.72006e-07
 4.90823e-07
 4.25853e-07
 3.73031e-07
 3.29494e-07
 2.93181e-07
 2.62572e-07
 2.36529e-07
 2.14186e-07
 1.94871e-07
 1.78060e-07
 1.63338e-07
 1.50372e-07
 1.38892e-07
 1.28681e-07
 1.57797e-06
 1.22629e-06
 9.81638e-07
 8.04184e-07
 6.71190e-07
 5.68854e-07
 4.88375e-07
 4.23914e-07
 3.71470e-07
 3.28219e-07
 2.92126e-07
 2.61689e-07
 2.35783e-07
 2.13550e-07
 1.94324e-07
 1.77587e-07
 1.62926e-07
 1.50010e-07
 1.38574e-07
 1.28398e-07
 1.50056e-06
 1.17716e-06
 9.48840e-07
 7.81387e-07
 6.54816e-07
 5.56768e-07
 4.79245e-07
 4.16878e-07
 3.65953e-07
 3.23827e-07
 2.88582e-07
 2.58795e-07
 2.33394e-07
 2.11558e-07
 1.92650e-07
 1.76168e-07
 1.61714e-07
 1.48969e-07
 1.37673e-07
 1.27614e-07
 1.37654e-06
 1.09723e-06
 8.94913e-07
 7.43644e-07
 6.27589e-07
 5.36619e-07
 4.64006e-07
 4.05133e-07
 3.56749e-07
 3.16509e-07
 2.82687e-07
 2.53991e-07
 2.29438e-07
 2.08269e-07
 1.89892e-07
 1.73837e-07
 1.59729e-07
 1.47268e-07
 1.36206e-07
 1.26342e-07
 1.22418e-06
 9.96410e-07
 8.25559e-07
 6.94389e-07
 5.91657e-07
 5.09798e-07
 4.43584e-07
 3.89310e-07
 3.44299e-07
 3.06578e-07
 2.74668e-07
 2.47444e-07
 2.24040e-07
 2.03777e-07
 1.86123e-07
 1.70650e-07
 1.57016e-07
 1.44943e-07
 1.34202e-07
 1.24605e-07
 1.06181e-06
 8.85300e-07
 7.47162e-07
 6.37606e-07
 5.49586e-07
 4.78003e-07
 4.19130e-07
 3.70208e-07
 3.29169e-07
 2.94443e-07
 2.64825e-07
 2.39377e-07
 2.17366e-07
 1.98209e-07
 1.81441e-07
 1.66684e-07
 1.53635e-07
 1.42041e-07
 1.31698e-07
 1.22433e-07
 9.04021e-07
 7.73145e-07
 6.65672e-07
 5.77200e-07
 5.03991e-07
 4.43019e-07
 3.91888e-07
 3.48708e-07
 3.11992e-07
 2.80566e-07
 2.53499e-07
 2.30047e-07
 2.09613e-07
 1.91716e-07
 1.75962e-07
 1.62031e-07
 1.49657e-07
 1.38622e-07
 1.28742e-07
 1.19865e-07
 7.60105e-07
 6.66697e-07
 5.85855e-07
 5.16517e-07
 4.57231e-07
 4.06527e-07
 3.63066e-07
 3.25689e-07
 2.93415e-07
 2.65429e-07
 2.41054e-07
 2.19730e-07
 2.00994e-07
 1.84463e-07
 1.69818e-07
 1.56793e-07
 1.45166e-07
 1.34749e-07
 1.25386e-07
 1.16942e-07
 6.34437e-07
 5.70016e-07
 5.11004e-07
 4.58096e-07
 4.11225e-07
 3.69964e-07
 3.33742e-07
 3.01961e-07
 2.74053e-07
 2.49501e-07
 2.27850e-07
 2.08704e-07
 1.91725e-07
 1.76620e-07
 1.63142e-07
 1.51077e-07
 1.40246e-07
 1.30494e-07
 1.21687e-07
 1.13713e-07
 5.27858e-07
 4.84905e-07
 4.43023e-07
 4.03629e-07
 3.67375e-07
 3.34454e-07
 3.04804e-07
 2.78223e-07
 2.54451e-07
 2.33209e-07
 2.14223e-07
 1.97237e-07
 1.82017e-07
 1.68357e-07
 1.56069e-07
 1.44994e-07
 1.34988e-07
 1.25928e-07
 1.17705e-07
 1.10225e-07
 4.39132e-07
 4.11577e-07
 3.82700e-07
 3.54059e-07
 3.26589e-07
 3.00801e-07
 2.76930e-07
 2.55033e-07
 2.35066e-07
 2.16923e-07
 2.00472e-07
 1.85568e-07
 1.72068e-07
 1.59831e-07
 1.48731e-07
 1.38649e-07
 1.29478e-07
 1.21123e-07
 1.13499e-07
 1.06529e-07
