scalar
part
         1
quad4
 5.21277e-07
 4.82837e-07
 4.44241e-07
 4.07115e-07
 3.72346e-07
 3.40336e-07
 3.11186e-07
 2.84820e-07
 2.61068e-07
 2.39716e-07
 2.20537e-07
 2.03308e-07
 1.87816e-07
 1.73870e-07
 1.61295e-07
 1.49936e-07
 1.39656e-07
 1.30332e-07
 1.21859e-07
 1.14143e-07
 6.20901e-07
 5.63844e-07
 5.09841e-07
 4.60219e-07
 4.15426e-07
 3.75414e-07
 3.39882e-07
 3.08419e-07
 2.80584e-07
 2.55947e-07
 2.34112e-07
 2.14723e-07
 1.97469e-07
 1.82074e-07
 1.68303e-07
 1.55951e-07
 1.44841e-07
 1.34823e-07
 1.25764e-07
 1.17553e-07
 7.39304e-07
 6.56714e-07
 5.82750e-07
 5.17692e-07
 4.61001e-07
 4.11804e-07
 3.69154e-07
 3.32143e-07
 2.99954e-07
 2.71878e-07
 2.47306e-07
 2.25724e-07
 2.06699e-07
 1.89865e-07
 1.74918e-07
 1.61597e-07
 1.49685e-07
 1.38999e-07
 1.29381e-07
 1.20698e-07
 8.77024e-07
 7.60538e-07
 6.61609e-07
 5.78162e-07
 5.07851e-07
 4.48487e-07
 3.98173e-07
 3.55328e-07
 3.18653e-07
 2.87093e-07
 2.59789e-07
 2.36047e-07
 2.15297e-07
 1.97077e-07
 1.81004e-07
 1.66765e-07
 1.54099e-07
 1.42787e-07
 1.32649e-07
 1.23531e-07
 1.03181e-06
 8.72405e-07
 7.43726e-07
 6.39402e-07
 5.54224e-07
 4.84110e-07
 4.25906e-07
 3.77185e-07
 3.36076e-07
 3.01127e-07
 2.71203e-07
 2.45412e-07
 2.23045e-07
 2.03535e-07
 1.86426e-07
 1.71346e-07
 1.57993e-07
 1.46117e-07
 1.35511e-07
 1.26003e-07
 1.19690e-06
 9.86684e-07
 8.24832e-07
 6.98285e-07
 5.97853e-07
 5.17031e-07
 4.51154e-07
 3.96835e-07
 3.51571e-07
 3.13493e-07
 2.81179e-07
 2.53539e-07
 2.29726e-07
 2.09073e-07
 1.91051e-07
 1.75236e-07
 1.61286e-07
 1.48921e-07
 1.37913e-07
 1.28070e-07
 1.35958e-06
 1.09475e-06
 8.99158e-07
 7.50936e-07
 6.36104e-07
 5.45431e-07
 4.72645e-07
 4.13370e-07
 3.64484e-07
 3.23710e-07
 2.89360e-07
 2.60160e-07
 2.35136e-07
 2.13533e-07
 1.94758e-07
 1.78340e-07
 1.63902e-07
 1.51141e-07
 1.39806e-07
 1.29695e-07
 1.50149e-06
 1.18568e-06
 9.60026e-07
 7.93151e-07
 6.66253e-07
 5.67502e-07
 4.89148e-07
 4.25939e-07
 3.74210e-07
 3.31345e-07
 2.95429e-07
 2.65039e-07
 2.39099e-07
 2.16782e-07
 1.97443e-07
 1.80577e-07
 1.65779e-07
 1.52726e-07
 1.41153e-07
 1.30845e-07
 1.60196e-06
 1.24822e-06
 1.00098e-06
 8.21049e-07
 6.85878e-07
 5.81681e-07
 4.99625e-07
 4.33832e-07
 3.80258e-07
 3.36047e-07
 2.99133e-07
 2.67992e-07
 2.41477e-07
 2.18715e-07
 1.99029e-07
 1.81887e-07
 1.66869e-07
 1.53639e-07
 1.41922e-07
 1.31497e-07
 1.64401e-06
 1.27365e-06
 1.01719e-06
 8.31814e-07
 6.93260e-07
 5.86877e-07
 5.03365e-07
 4.36573e-07
 3.82300e-07
 3.37588e-07
 3.00309e-07
 2.68899e-07
 2.42182e-07
 2.19267e-07
 1.99463e-07
 1.82231e-07
 1.67143e-07
 1.53856e-07
 1.42096e-07
 1.31635e-07
 1.62034e-06
 1.25827e-06
 1.00665e-06
 8.24284e-07
 6.87698e-07
 5.82654e-07
 5.00084e-07
 4.33975e-07
 3.80207e-07
 3.35878e-07
 2.98894e-07
 2.67714e-07
 2.41181e-07
 2.18414e-07
 1.98730e-07
 1.81596e-07
 1.66589e-07
 1.53371e-07
 1.41668e-07
 1.31256e-07
 1.53561e-06
 1.20441e-06
 9.70622e-07
 7.99192e-07
 6.69638e-07
 5.69296e-07
 4.89972e-07
 4.26165e-07
 3.74070e-07
 3.30982e-07
 2.94935e-07
 2.64474e-07
 2.38501e-07
 2.16175e-07
 1.96843e-07
 1.79994e-07
 1.65218e-07
 1.52190e-07
 1.40645e-07
 1.30364e-07
 1.40418e-06
 1.11954e-06
 9.13259e-07
 7.58977e-07
 6.40580e-07
 5.47758e-07
 4.73656e-07
 4.13569e-07
 3.64184e-07
 3.23109e-07
 2.88584e-07
 2.59290e-07
 2.34225e-07
 2.12615e-07
 1.93853e-07
 1.77463e-07
 1.63060e-07
 1.50338e-07
 1.39045e-07
 1.28975e-07
 1.24519e-06
 1.01408e-06
 8.40573e-07
 7.07265e-07
 6.02796e-07
 5.19512e-07
 4.52118e-07
 3.96859e-07
 3.51019e-07
 3.12594e-07
 2.80082e-07
 2.52341e-07
 2.28487e-07
 2.07834e-07
 1.89837e-07
 1.74063e-07
 1.60163e-07
 1.47852e-07
 1.36899e-07
 1.27113e-07
 1.07733e-06
 8.98929e-07
 7.59153e-07
 6.48184e-07
 5.58950e-07
 4.86326e-07
 4.26559e-07
 3.76868e-07
 3.35165e-07
 2.99863e-07
 2.69744e-07
 2.43858e-07
 2.21463e-07
 2.01967e-07
 1.84898e-07
 1.69876e-07
 1.56588e-07
 1.44782e-07
 1.34248e-07
 1.24811e-07
 9.15206e-07
 7.83420e-07
 6.75048e-07
 5.85723e-07
 5.11725e-07
 4.50038e-07
 3.98263e-07
 3.54507e-07
 3.17278e-07
 2.85397e-07
 2.57924e-07
 2.34111e-07
 2.13356e-07
 1.95170e-07
 1.79159e-07
 1.64996e-07
 1.52413e-07
 1.41190e-07
 1.31139e-07
 1.22107e-07
 7.67977e-07
 6.74280e-07
 5.93046e-07
 5.23265e-07
 4.63519e-07
 4.12360e-07
 3.68463e-07
 3.30677e-07
 2.98025e-07
 2.69691e-07
 2.44998e-07
 2.23384e-07
 2.04385e-07
 1.87615e-07
 1.72752e-07
 1.59530e-07
 1.47722e-07
 1.37142e-07
 1.27629e-07
 1.19048e-07
 6.39825e-07
 5.75488e-07
 5.16416e-07
 4.63349e-07
 4.16259e-07
 3.74745e-07
 3.38254e-07
 3.06203e-07
 2.78030e-07
 2.53224e-07
 2.31334e-07
 2.11964e-07
 1.94775e-07
 1.79476e-07
 1.65818e-07
 1.53589e-07
 1.42605e-07
 1.32711e-07
 1.23775e-07
 1.15680e-07
 5.31406e-07
 4.88747e-07
 4.47009e-07
 4.07647e-07
 3.71344e-07
 3.38321e-07
 3.08531e-07
 2.81790e-07
 2.57848e-07
 2.36432e-07
 2.17274e-07
 2.00121e-07
 1.84741e-07
 1.70927e-07
 1.58496e-07
 1.47285e-07
 1.37152e-07
 1.27973e-07
 1.19639e-07
 1.12056e-07
 4.41329e-07
 4.14175e-07
 3.85560e-07
 3.57071e-07
 3.29668e-07
 3.03885e-07
 2.79972e-07
 2.58002e-07
 2.37940e-07
 2.19689e-07
 2.03123e-07
 1.88101e-07
 1.74482e-07
 1.62130e-07
 1.50917e-07
 1.40726e-07
 1.31452e-07
 1.22999e-07
 1.15282e-07
 1.08225e-07
