scalar
part
         1
quad4
 5.58754e-07
 5.15745e-07
 4.73031e-07
 4.32276e-07
 3.94353e-07
 3.59625e-07
 3.28142e-07
 2.99777e-07
 2.74312e-07
 2.51490e-07
 2.31046e-07
 2.12725e-07
 1.96288e-07
 1.81520e-07
 1.68227e-07
 1.56240e-07
 1.45406e-07
 1.35595e-07
 1.26690e-07
 1.18590e-07
 6.63755e-07
 6.00700e-07
 5.41496e-07
 4.87441e-07
 4.38905e-07
 3.95747e-07
 3.57573e-07
 3.23888e-07
 2.94178e-07
 2.67955e-07
 2.44771e-07
 2.24231e-07
 2.05987e-07
 1.89739e-07
 1.75228e-07
 1.62232e-07
 1.50559e-07
 1.40046e-07
 1.30551e-07
 1.21952e-07
 7.88150e-07
 6.97733e-07
 6.17267e-07
 5.46865e-07
 4.85797e-07
 4.33017e-07
 3.87423e-07
 3.47981e-07
 3.13774e-07
 2.84012e-07
 2.58023e-07
 2.35242e-07
 2.15196e-07
 1.97488e-07
 1.81787e-07
 1.67814e-07
 1.55334e-07
 1.44151e-07
 1.34096e-07
 1.25027e-07
 9.32255e-07
 8.05695e-07
 6.98777e-07
 6.09012e-07
 5.33691e-07
 4.70330e-07
 4.16802e-07
 3.71350e-07
 3.32542e-07
 2.99223e-07
 2.70455e-07
 2.45485e-07
 2.23698e-07
 2.04594e-07
 1.87765e-07
 1.72873e-07
 1.59640e-07
 1.47836e-07
 1.37265e-07
 1.27765e-07
 1.09333e-06
 9.21262e-07
 7.83032e-07
 6.71447e-07
 5.80691e-07
 5.06236e-07
 4.44611e-07
 3.93162e-07
 3.49850e-07
 3.13103e-07
 2.81697e-07
 2.54672e-07
 2.31268e-07
 2.10880e-07
 1.93022e-07
 1.77299e-07
 1.63389e-07
 1.51029e-07
 1.39999e-07
 1.30119e-07
 1.26371e-06
 1.03820e-06
 8.65377e-07
 7.30802e-07
 6.24380e-07
 5.39001e-07
 4.69597e-07
 4.12502e-07
 3.65023e-07
 3.25152e-07
 2.91370e-07
 2.62516e-07
 2.37686e-07
 2.16176e-07
 1.97425e-07
 1.80986e-07
 1.66497e-07
 1.53664e-07
 1.42246e-07
 1.32045e-07
 1.42939e-06
 1.14715e-06
 9.39628e-07
 7.82969e-07
 6.61993e-07
 5.66732e-07
 4.90443e-07
 4.28441e-07
 3.77394e-07
 3.34882e-07
 2.99116e-07
 2.68748e-07
 2.42750e-07
 2.20327e-07
 2.00855e-07
 1.83841e-07
 1.68890e-07
 1.55682e-07
 1.43958e-07
 1.33505e-07
 1.57050e-06
 1.23645e-06
 9.98762e-07
 8.23577e-07
 6.90729e-07
 5.87586e-07
 5.05905e-07
 4.40119e-07
 3.86358e-07
 3.41862e-07
 3.04619e-07
 2.73136e-07
 2.46285e-07
 2.23201e-07
 2.03211e-07
 1.85787e-07
 1.70508e-07
 1.57036e-07
 1.45098e-07
 1.34469e-07
 1.66524e-06
 1.29448e-06
 1.03619e-06
 8.48718e-07
 7.08172e-07
 6.00016e-07
 5.14964e-07
 4.46849e-07
 3.91441e-07
 3.45756e-07
 3.07640e-07
 2.75506e-07
 2.48163e-07
 2.24701e-07
 2.04419e-07
 1.86766e-07
 1.71307e-07
 1.57691e-07
 1.45638e-07
 1.34916e-07
 1.69675e-06
 1.31271e-06
 1.04729e-06
 8.55723e-07
 7.12712e-07
 6.03014e-07
 5.16967e-07
 4.48196e-07
 3.92345e-07
 3.46358e-07
 3.08032e-07
 2.75751e-07
 2.48304e-07
 2.24769e-07
 2.04435e-07
 1.86746e-07
 1.71261e-07
 1.57628e-07
 1.45563e-07
 1.34833e-07
 1.65942e-06
 1.28839e-06
 1.03058e-06
 8.43752e-07
 7.03849e-07
 5.96272e-07
 5.11721e-07
 4.44033e-07
 3.88988e-07
 3.43611e-07
 3.05756e-07
 2.73845e-07
 2.46691e-07
 2.23392e-07
 2.03251e-07
 1.85720e-07
 1.70366e-07
 1.56843e-07
 1.44870e-07
 1.34219e-07
 1.56052e-06
 1.22514e-06
 9.88025e-07
 8.13953e-07
 6.82287e-07
 5.80239e-07
 4.99521e-07
 4.34565e-07
 3.81511e-07
 3.37617e-07
 3.00887e-07
 2.69842e-07
 2.43366e-07
 2.20603e-07
 2.00891e-07
 1.83707e-07
 1.68637e-07
 1.55348e-07
 1.43570e-07
 1.33082e-07
 1.41672e-06
 1.13166e-06
 9.24482e-07
 7.69178e-07
 6.49781e-07
 5.56037e-07
 4.81109e-07
 4.20293e-07
 3.70265e-07
 3.28627e-07
 2.93606e-07
 2.63877e-07
 2.38428e-07
 2.16477e-07
 1.97414e-07
 1.80754e-07
 1.66111e-07
 1.53173e-07
 1.41685e-07
 1.31440e-07
 1.24824e-06
 1.01911e-06
 8.46444e-07
 7.13370e-07
 6.08815e-07
 5.25283e-07
 4.57566e-07
 4.01959e-07
 3.55770e-07
 3.17010e-07
 2.84184e-07
 2.56150e-07
 2.32029e-07
 2.11129e-07
 1.92908e-07
 1.76929e-07
 1.62841e-07
 1.50359e-07
 1.39251e-07
 1.29321e-07
 1.07384e-06
 8.98611e-07
 7.60722e-07
 6.50839e-07
 5.62192e-07
 4.89847e-07
 4.30171e-07
 3.80455e-07
 3.38659e-07
 3.03227e-07
 2.72957e-07
 2.46913e-07
 2.24357e-07
 2.04705e-07
 1.87485e-07
 1.72319e-07
 1.58897e-07
 1.46964e-07
 1.36310e-07
 1.26762e-07
 9.07607e-07
 7.79361e-07
 6.73374e-07
 5.85627e-07
 5.12658e-07
 4.51625e-07
 4.00253e-07
 3.56731e-07
 3.19621e-07
 2.87782e-07
 2.60302e-07
 2.36448e-07
 2.15630e-07
 1.97370e-07
 1.81277e-07
 1.67028e-07
 1.54359e-07
 1.43051e-07
 1.32917e-07
 1.23805e-07
 7.58028e-07
 6.67783e-07
 5.89062e-07
 5.21081e-07
 4.62611e-07
 4.12347e-07
 3.69072e-07
 3.31710e-07
 2.99341e-07
 2.71190e-07
 2.46608e-07
 2.25054e-07
 2.06078e-07
 1.89306e-07
 1.74423e-07
 1.61167e-07
 1.49319e-07
 1.38692e-07
 1.29129e-07
 1.20497e-07
 6.28718e-07
 5.67526e-07
 5.10880e-07
 4.59653e-07
 4.13942e-07
 3.73453e-07
 3.37720e-07
 3.06224e-07
 2.78454e-07
 2.53939e-07
 2.32253e-07
 2.13026e-07
 1.95932e-07
 1.80693e-07
 1.67068e-07
 1.54852e-07
 1.43868e-07
 1.33964e-07
 1.25008e-07
 1.16890e-07
 5.19908e-07
 4.80010e-07
 4.40503e-07
 4.02909e-07
 3.67991e-07
 3.36041e-07
 3.07080e-07
 2.80973e-07
 2.57515e-07
 2.36466e-07
 2.17584e-07
 2.00638e-07
 1.85411e-07
 1.71709e-07
 1.59357e-07
 1.48200e-07
 1.38102e-07
 1.28943e-07
 1.20618e-07
 1.13036e-07
 4.29914e-07
 4.05134e-07
 3.78511e-07
 3.51659e-07
 3.25584e-07
 3.00867e-07
 2.77804e-07
 2.56508e-07
 2.36977e-07
 2.19145e-07
 2.02906e-07
 1.88139e-07
 1.74718e-07
 1.62518e-07
 1.51422e-07
 1.41320e-07
 1.32111e-07
 1.23706e-07
 1.16022e-07
 1.08987e-07
