scalar
part
         1
quad4
 5.92646e-07
 5.44451e-07
 4.97260e-07
 4.52700e-07
 4.11577e-07
 3.74175e-07
 3.40463e-07
 3.10244e-07
 2.83234e-07
 2.59124e-07
 2.37602e-07
 2.18375e-07
 2.01176e-07
 1.85764e-07
 1.71925e-07
 1.59472e-07
 1.48240e-07
 1.38088e-07
 1.28889e-07
 1.20534e-07
 7.00441e-07
 6.31069e-07
 5.66590e-07
 5.08189e-07
 4.56099e-07
 4.10044e-07
 3.69509e-07
 3.33897e-07
 3.02611e-07
 2.75093e-07
 2.50841e-07
 2.29415e-07
 2.10433e-07
 1.93569e-07
 1.78539e-07
 1.65105e-07
 1.53061e-07
 1.42232e-07
 1.32466e-07
 1.23635e-07
 8.27342e-07
 7.29311e-07
 6.42733e-07
 5.67467e-07
 5.02543e-07
 4.46702e-07
 3.98672e-07
 3.57284e-07
 3.21513e-07
 2.90486e-07
 2.63469e-07
 2.39846e-07
 2.19108e-07
 2.00827e-07
 1.84648e-07
 1.70276e-07
 1.57460e-07
 1.45993e-07
 1.35696e-07
 1.26422e-07
 9.73216e-07
 8.37671e-07
 7.23857e-07
 6.28813e-07
 5.49444e-07
 4.82960e-07
 4.27009e-07
 3.79662e-07
 3.39360e-07
 3.04852e-07
 2.75132e-07
 2.49393e-07
 2.26981e-07
 2.07365e-07
 1.90114e-07
 1.74872e-07
 1.61348e-07
 1.49298e-07
 1.38521e-07
 1.28847e-07
 1.13463e-06
 9.52337e-07
 8.06644e-07
 6.89586e-07
 5.94778e-07
 5.17293e-07
 4.53377e-07
 4.00174e-07
 3.55506e-07
 3.17700e-07
 2.85458e-07
 2.57767e-07
 2.33829e-07
 2.13009e-07
 1.94798e-07
 1.78786e-07
 1.64638e-07
 1.52079e-07
 1.40884e-07
 1.30865e-07
 1.30294e-06
 1.06648e-06
 8.86093e-07
 7.46222e-07
 6.36025e-07
 5.47911e-07
 4.76494e-07
 4.17895e-07
 3.69277e-07
 3.28532e-07
 2.94073e-07
 2.64688e-07
 2.39439e-07
 2.17594e-07
 1.98574e-07
 1.81917e-07
 1.67251e-07
 1.54273e-07
 1.42736e-07
 1.32436e-07
 1.46293e-06
 1.17011e-06
 9.55719e-07
 7.94476e-07
 6.70364e-07
 5.72907e-07
 4.95050e-07
 4.31907e-07
 3.80018e-07
 3.36876e-07
 3.00632e-07
 2.69898e-07
 2.43618e-07
 2.20974e-07
 2.01330e-07
 1.84179e-07
 1.69120e-07
 1.55826e-07
 1.44033e-07
 1.33525e-07
 1.59364e-06
 1.25117e-06
 1.00837e-06
 8.29970e-07
 6.95028e-07
 5.90484e-07
 5.07845e-07
 4.41394e-07
 3.87162e-07
 3.42330e-07
 3.04845e-07
 2.73187e-07
 2.46208e-07
 2.23031e-07
 2.02975e-07
 1.85503e-07
 1.70190e-07
 1.56696e-07
 1.44743e-07
 1.34106e-07
 1.67292e-06
 1.29811e-06
 1.03765e-06
 8.48972e-07
 7.07747e-07
 5.99210e-07
 5.13951e-07
 4.45733e-07
 3.90284e-07
 3.44597e-07
 3.06501e-07
 2.74401e-07
 2.47099e-07
 2.23683e-07
 2.03448e-07
 1.85841e-07
 1.70427e-07
 1.56856e-07
 1.44844e-07
 1.34162e-07
 1.68513e-06
 1.30328e-06
 1.03951e-06
 8.49204e-07
 7.07177e-07
 5.98259e-07
 5.12841e-07
 4.44582e-07
 3.89154e-07
 3.43520e-07
 3.05493e-07
 2.73465e-07
 2.46236e-07
 2.22889e-07
 2.02719e-07
 1.85173e-07
 1.69814e-07
 1.56292e-07
 1.44326e-07
 1.33685e-07
 1.62758e-06
 1.26549e-06
 1.01337e-06
 8.30378e-07
 6.93169e-07
 5.87556e-07
 5.04479e-07
 4.37925e-07
 3.83769e-07
 3.39102e-07
 3.01823e-07
 2.70384e-07
 2.43624e-07
 2.20655e-07
 2.00794e-07
 1.83502e-07
 1.68355e-07
 1.55010e-07
 1.43194e-07
 1.32680e-07
 1.51117e-06
 1.19024e-06
 9.62242e-07
 7.94244e-07
 6.66801e-07
 5.67791e-07
 4.89324e-07
 4.26077e-07
 3.74349e-07
 3.31500e-07
 2.95609e-07
 2.65245e-07
 2.39329e-07
 2.17033e-07
 1.97713e-07
 1.80861e-07
 1.66075e-07
 1.53030e-07
 1.41464e-07
 1.31160e-07
 1.35515e-06
 1.08762e-06
 8.91796e-07
 7.44166e-07
 6.30151e-07
 5.40301e-07
 4.68264e-07
 4.09644e-07
 3.61318e-07
 3.21020e-07
 2.87072e-07
 2.58212e-07
 2.33476e-07
 2.12117e-07
 1.93549e-07
 1.77307e-07
 1.63020e-07
 1.50388e-07
 1.39164e-07
 1.29148e-07
 1.18045e-06
 9.69421e-07
 8.08968e-07
 6.84393e-07
 5.85921e-07
 5.06855e-07
 4.42489e-07
 3.89447e-07
 3.45255e-07
 3.08075e-07
 2.76516e-07
 2.49511e-07
 2.26235e-07
 2.06037e-07
 1.88402e-07
 1.72918e-07
 1.59252e-07
 1.47133e-07
 1.36335e-07
 1.26677e-07
 1.00491e-06
 8.46537e-07
 7.20587e-07
 6.19316e-07
 5.37002e-07
 4.69401e-07
 4.13341e-07
 3.66427e-07
 3.26835e-07
 2.93158e-07
 2.64303e-07
 2.39414e-07
 2.17811e-07
 1.98951e-07
 1.82396e-07
 1.67792e-07
 1.54848e-07
 1.43326e-07
 1.33027e-07
 1.23786e-07
 8.41050e-07
 7.27484e-07
 6.32421e-07
 5.52866e-07
 4.86106e-07
 4.29838e-07
 3.82167e-07
 3.41556e-07
 3.06764e-07
 2.76790e-07
 2.50826e-07
 2.28218e-07
 2.08433e-07
 1.91035e-07
 1.75668e-07
 1.62036e-07
 1.49894e-07
 1.39037e-07
 1.29295e-07
 1.20522e-07
 6.95875e-07
 6.17867e-07
 5.48698e-07
 4.88164e-07
 4.35518e-07
 3.89839e-07
 3.50200e-07
 3.15748e-07
 2.85729e-07
 2.59491e-07
 2.36480e-07
 2.16227e-07
 1.98337e-07
 1.82476e-07
 1.68365e-07
 1.55768e-07
 1.44483e-07
 1.34342e-07
 1.25201e-07
 1.16936e-07
 5.71875e-07
 5.20615e-07
 4.72070e-07
 4.27396e-07
 3.86972e-07
 3.50754e-07
 3.18482e-07
 2.89807e-07
 2.64349e-07
 2.41741e-07
 2.21639e-07
 2.03735e-07
 1.87754e-07
 1.73457e-07
 1.60635e-07
 1.49106e-07
 1.38713e-07
 1.29319e-07
 1.20809e-07
 1.13079e-07
 4.68561e-07
 4.36602e-07
 4.03831e-07
 3.71876e-07
 3.41643e-07
 3.13575e-07
 2.87828e-07
 2.64390e-07
 2.43154e-07
 2.23963e-07
 2.06642e-07
 1.91013e-07
 1.76904e-07
 1.64155e-07
 1.52620e-07
 1.42166e-07
 1.32677e-07
 1.24047e-07
 1.16184e-07
 1.09006e-07
 3.83840e-07
 3.65362e-07
 3.44273e-07
 3.22201e-07
 3.00207e-07
 2.78954e-07
 2.58820e-07
 2.40000e-07
 2.22564e-07
 2.06507e-07
 1.91778e-07
 1.78300e-07
 1.65982e-07
 1.54730e-07
 1.44452e-07
 1.35059e-07
 1.26467e-07
 1.18601e-07
 1.11389e-07
 1.04769e-07
