scalar
part
         1
quad4
 6.28315e-07
 5.75502e-07
 5.24201e-07
 4.76052e-07
 4.31836e-07
 3.91787e-07
 3.55820e-07
 3.23681e-07
 2.95038e-07
 2.69534e-07
 2.46821e-07
 2.26573e-07
 2.08494e-07
 1.92323e-07
 1.77825e-07
 1.64799e-07
 1.53067e-07
 1.42475e-07
 1.32889e-07
 1.24193e-07
 7.40550e-07
 6.65276e-07
 5.95726e-07
 5.33037e-07
 4.77352e-07
 4.28294e-07
 3.85254e-07
 3.47549e-07
 3.14509e-07
 2.85516e-07
 2.60017e-07
 2.37534e-07
 2.17651e-07
 2.00013e-07
 1.84318e-07
 1.70308e-07
 1.57764e-07
 1.46497e-07
 1.36348e-07
 1.27180e-07
 8.72219e-07
 7.66690e-07
 6.73924e-07
 5.93603e-07
 5.24565e-07
 4.65375e-07
 4.14611e-07
 3.70979e-07
 3.33359e-07
 3.00797e-07
 2.72498e-07
 2.47799e-07
 2.26150e-07
 2.07094e-07
 1.90253e-07
 1.75310e-07
 1.62001e-07
 1.50105e-07
 1.39434e-07
 1.29831e-07
 1.02292e-06
 8.77977e-07
 7.56745e-07
 6.55865e-07
 5.71892e-07
 5.01757e-07
 4.42888e-07
 3.93191e-07
 3.50980e-07
 3.14908e-07
 2.83897e-07
 2.57081e-07
 2.33766e-07
 2.13388e-07
 1.95488e-07
 1.79690e-07
 1.65687e-07
 1.53223e-07
 1.42085e-07
 1.32095e-07
 1.18870e-06
 9.94914e-07
 8.40579e-07
 7.16981e-07
 6.17175e-07
 5.35826e-07
 4.68886e-07
 4.13289e-07
 3.66703e-07
 3.27343e-07
 2.93830e-07
 2.65088e-07
 2.40275e-07
 2.18719e-07
 1.99885e-07
 1.83342e-07
 1.68737e-07
 1.55785e-07
 1.44247e-07
 1.33929e-07
 1.36007e-06
 1.11010e-06
 9.20063e-07
 7.73165e-07
 6.57760e-07
 5.65713e-07
 4.91276e-07
 4.30320e-07
 3.79836e-07
 3.37594e-07
 3.01920e-07
 2.71537e-07
 2.45460e-07
 2.22923e-07
 2.03319e-07
 1.86165e-07
 1.71072e-07
 1.57727e-07
 1.45871e-07
 1.35293e-07
 1.52059e-06
 1.21287e-06
 9.88341e-07
 8.19974e-07
 6.90717e-07
 5.89454e-07
 5.08717e-07
 4.43353e-07
 3.89721e-07
 3.45190e-07
 3.07824e-07
 2.76172e-07
 2.49134e-07
 2.25857e-07
 2.05679e-07
 1.88075e-07
 1.72627e-07
 1.58999e-07
 1.46916e-07
 1.36155e-07
 1.64796e-06
 1.29055e-06
 1.03798e-06
 8.52903e-07
 7.13232e-07
 6.05236e-07
 5.20011e-07
 4.51577e-07
 3.95797e-07
 3.49735e-07
 3.11259e-07
 2.78791e-07
 2.51143e-07
 2.27408e-07
 2.06880e-07
 1.89008e-07
 1.73352e-07
 1.59562e-07
 1.47352e-07
 1.36490e-07
 1.71910e-06
 1.33129e-06
 1.06252e-06
 8.68238e-07
 7.23073e-07
 6.11670e-07
 5.24265e-07
 4.54402e-07
 3.97667e-07
 3.50956e-07
 3.12033e-07
 2.79254e-07
 2.51390e-07
 2.27502e-07
 2.06869e-07
 1.88922e-07
 1.73216e-07
 1.59392e-07
 1.47160e-07
 1.36285e-07
 1.71866e-06
 1.32779e-06
 1.05819e-06
 8.63902e-07
 7.19040e-07
 6.08032e-07
 5.21029e-07
 4.51541e-07
 3.95142e-07
 3.48725e-07
 3.10059e-07
 2.77503e-07
 2.49832e-07
 2.26112e-07
 2.05623e-07
 1.87804e-07
 1.72209e-07
 1.58481e-07
 1.46334e-07
 1.35534e-07
 1.64582e-06
 1.27988e-06
 1.02501e-06
 8.39974e-07
 7.01218e-07
 5.94402e-07
 5.10373e-07
 4.43052e-07
 3.88269e-07
 3.43083e-07
 3.05370e-07
 2.73565e-07
 2.46491e-07
 2.23254e-07
 2.03160e-07
 1.85666e-07
 1.70340e-07
 1.56839e-07
 1.44884e-07
 1.34247e-07
 1.51429e-06
 1.19450e-06
 9.66769e-07
 7.98668e-07
 6.70970e-07
 5.71655e-07
 4.92876e-07
 4.29332e-07
 3.77330e-07
 3.34232e-07
 2.98116e-07
 2.67551e-07
 2.41454e-07
 2.18996e-07
 1.99530e-07
 1.82548e-07
 1.67644e-07
 1.54492e-07
 1.42829e-07
 1.32438e-07
 1.34574e-06
 1.08303e-06
 8.89884e-07
 7.43786e-07
 6.30653e-07
 5.41307e-07
 4.69550e-07
 4.11074e-07
 3.62808e-07
 3.22519e-07
 2.88549e-07
 2.59649e-07
 2.34861e-07
 2.13445e-07
 1.94817e-07
 1.78516e-07
 1.64171e-07
 1.51482e-07
 1.40205e-07
 1.30137e-07
 1.16223e-06
 9.58002e-07
 8.01781e-07
 6.79903e-07
 5.83184e-07
 5.05277e-07
 4.41688e-07
 3.89171e-07
 3.45337e-07
 3.08400e-07
 2.77004e-07
 2.50108e-07
 2.26901e-07
 2.06745e-07
 1.89133e-07
 1.73658e-07
 1.59992e-07
 1.47864e-07
 1.37054e-07
 1.27379e-07
 9.81468e-07
 8.30481e-07
 7.09482e-07
 6.11577e-07
 5.31586e-07
 4.65613e-07
 4.10708e-07
 3.64624e-07
 3.25633e-07
 2.92397e-07
 2.63868e-07
 2.39219e-07
 2.17795e-07
 1.99067e-07
 1.82610e-07
 1.68079e-07
 1.55188e-07
 1.43703e-07
 1.33431e-07
 1.24208e-07
 8.15222e-07
 7.08713e-07
 6.18694e-07
 5.42759e-07
 4.78617e-07
 4.24260e-07
 3.77998e-07
 3.38437e-07
 3.04434e-07
 2.75059e-07
 2.49552e-07
 2.27296e-07
 2.07783e-07
 1.90597e-07
 1.75395e-07
 1.61893e-07
 1.49852e-07
 1.39076e-07
 1.29396e-07
 1.20673e-07
 6.69585e-07
 5.97866e-07
 5.33447e-07
 4.76486e-07
 4.26533e-07
 3.82892e-07
 3.44804e-07
 3.11541e-07
 2.82440e-07
 2.56916e-07
 2.34464e-07
 2.14652e-07
 1.97111e-07
 1.81529e-07
 1.67641e-07
 1.55223e-07
 1.44084e-07
 1.34060e-07
 1.25014e-07
 1.16827e-07
 5.46304e-07
 5.00423e-07
 4.56140e-07
 4.14811e-07
 3.77001e-07
 3.42826e-07
 3.12155e-07
 2.84738e-07
 2.60276e-07
 2.38457e-07
 2.18987e-07
 2.01589e-07
 1.86017e-07
 1.72052e-07
 1.59500e-07
 1.48192e-07
 1.37981e-07
 1.28739e-07
 1.20352e-07
 1.12726e-07
 4.44354e-07
 4.16890e-07
 3.87830e-07
 3.58897e-07
 3.31106e-07
 3.05003e-07
 2.80836e-07
 2.58671e-07
 2.38461e-07
 2.20102e-07
 2.03457e-07
 1.88380e-07
 1.74723e-07
 1.62346e-07
 1.51118e-07
 1.40920e-07
 1.31643e-07
 1.23191e-07
 1.15477e-07
 1.08424e-07
 3.61294e-07
 3.46525e-07
 3.28609e-07
 3.09205e-07
 2.89433e-07
 2.70015e-07
 2.51394e-07
 2.33817e-07
 2.17406e-07
 2.02193e-07
 1.88161e-07
 1.75260e-07
 1.63422e-07
 1.52571e-07
 1.42628e-07
 1.33516e-07
 1.25161e-07
 1.17495e-07
 1.10453e-07
 1.03978e-07
