scalar
part
         1
quad4
 3.67574e-07
 3.50920e-07
 3.31470e-07
 3.10847e-07
 2.90122e-07
 2.69974e-07
 2.50802e-07
 2.32816e-07
 2.16106e-07
 2.00682e-07
 1.86506e-07
 1.73512e-07
 1.61620e-07
 1.50744e-07
 1.40799e-07
 1.31700e-07
 1.23372e-07
 1.15740e-07
 1.08739e-07
 1.02308e-07
 4.49734e-07
 4.20197e-07
 3.89523e-07
 3.59366e-07
 3.30667e-07
 3.03904e-07
 2.79270e-07
 2.56783e-07
 2.36362e-07
 2.17873e-07
 2.01159e-07
 1.86056e-07
 1.72406e-07
 1.60058e-07
 1.48876e-07
 1.38734e-07
 1.29521e-07
 1.21137e-07
 1.13493e-07
 1.06512e-07
 5.50105e-07
 5.02037e-07
 4.56153e-07
 4.13687e-07
 3.75095e-07
 3.40401e-07
 3.09404e-07
 2.81799e-07
 2.57247e-07
 2.35409e-07
 2.15966e-07
 1.98628e-07
 1.83137e-07
 1.69266e-07
 1.56816e-07
 1.45613e-07
 1.35508e-07
 1.26370e-07
 1.18087e-07
 1.10559e-07
 6.70800e-07
 5.96956e-07
 5.31117e-07
 4.73254e-07
 4.22764e-07
 3.78838e-07
 3.40639e-07
 3.07377e-07
 2.78351e-07
 2.52948e-07
 2.30644e-07
 2.10994e-07
 1.93622e-07
 1.78209e-07
 1.64487e-07
 1.52229e-07
 1.41243e-07
 1.31365e-07
 1.22457e-07
 1.14399e-07
 8.12408e-07
 7.04173e-07
 6.13196e-07
 5.36812e-07
 4.72543e-07
 4.18257e-07
 3.72185e-07
 3.32877e-07
 2.99158e-07
 2.70077e-07
 2.44863e-07
 2.22890e-07
 2.03647e-07
 1.86714e-07
 1.71750e-07
 1.58467e-07
 1.46632e-07
 1.36044e-07
 1.26540e-07
 1.17979e-07
 9.72630e-07
 8.20909e-07
 6.99847e-07
 6.02247e-07
 5.22747e-07
 4.57342e-07
 4.03023e-07
 3.57510e-07
 3.19060e-07
 2.86324e-07
 2.58254e-07
 2.34025e-07
 2.12982e-07
 1.94600e-07
 1.78458e-07
 1.64211e-07
 1.51579e-07
 1.40330e-07
 1.30272e-07
 1.21245e-07
 1.14480e-06
 9.41763e-07
 7.86967e-07
 6.66522e-07
 5.71145e-07
 4.94453e-07
 4.31944e-07
 3.80379e-07
 3.37381e-07
 3.01178e-07
 2.70428e-07
 2.44100e-07
 2.21395e-07
 2.01683e-07
 1.84466e-07
 1.69344e-07
 1.55993e-07
 1.44148e-07
 1.33593e-07
 1.24148e-07
 1.31679e-06
 1.05846e-06
 8.68926e-07
 7.25784e-07
 6.15074e-07
 5.27724e-07
 4.57621e-07
 4.00527e-07
 3.53424e-07
 3.14122e-07
 2.80995e-07
 2.52819e-07
 2.28659e-07
 2.07788e-07
 1.89639e-07
 1.73759e-07
 1.59786e-07
 1.47428e-07
 1.36445e-07
 1.26642e-07
 1.47122e-06
 1.16031e-06
 9.39013e-07
 7.75710e-07
 6.51680e-07
 5.55228e-07
 4.78726e-07
 4.17019e-07
 3.66520e-07
 3.24668e-07
 2.89596e-07
 2.59913e-07
 2.34569e-07
 2.12758e-07
 1.93853e-07
 1.77359e-07
 1.62883e-07
 1.50109e-07
 1.38780e-07
 1.28687e-07
 1.58748e-06
 1.23570e-06
 9.90369e-07
 8.12089e-07
 6.78285e-07
 5.75209e-07
 4.94074e-07
 4.29038e-07
 3.76091e-07
 3.32402e-07
 2.95927e-07
 2.65155e-07
 2.38955e-07
 2.16462e-07
 1.97006e-07
 1.80064e-07
 1.65221e-07
 1.52142e-07
 1.40558e-07
 1.30250e-07
 1.64646e-06
 1.27456e-06
 1.01733e-06
 8.31563e-07
 6.92807e-07
 5.86327e-07
 5.02774e-07
 4.35975e-07
 3.81710e-07
 3.37018e-07
 2.99765e-07
 2.68381e-07
 2.41692e-07
 2.18804e-07
 1.99026e-07
 1.81819e-07
 1.66754e-07
 1.53489e-07
 1.41749e-07
 1.31308e-07
 1.63714e-06
 1.27134e-06
 1.01685e-06
 8.32344e-07
 6.94145e-07
 5.87874e-07
 5.04356e-07
 4.37506e-07
 3.83151e-07
 3.38352e-07
 3.00989e-07
 2.69499e-07
 2.42711e-07
 2.19731e-07
 1.99871e-07
 1.82588e-07
 1.67456e-07
 1.54131e-07
 1.42336e-07
 1.31846e-07
 1.56190e-06
 1.22703e-06
 9.89397e-07
 8.14655e-07
 6.82403e-07
 5.79895e-07
 4.98835e-07
 4.33632e-07
 3.80405e-07
 3.36394e-07
 2.99589e-07
 2.68500e-07
 2.42002e-07
 2.19236e-07
 1.99532e-07
 1.82366e-07
 1.67321e-07
 1.54060e-07
 1.42314e-07
 1.31860e-07
 1.43587e-06
 1.14903e-06
 9.38857e-07
 7.80680e-07
 6.58867e-07
 5.63178e-07
 4.86709e-07
 4.24678e-07
 3.73691e-07
 3.31292e-07
 2.95667e-07
 2.65454e-07
 2.39617e-07
 2.17354e-07
 1.98037e-07
 1.81173e-07
 1.66363e-07
 1.53289e-07
 1.41691e-07
 1.31356e-07
 1.28065e-06
 1.04860e-06
 8.71471e-07
 7.34050e-07
 6.25742e-07
 5.39111e-07
 4.68880e-07
 4.11243e-07
 3.63416e-07
 3.23329e-07
 2.89423e-07
 2.60508e-07
 2.35661e-07
 2.14164e-07
 1.95445e-07
 1.79052e-07
 1.64617e-07
 1.51844e-07
 1.40489e-07
 1.30351e-07
 1.11679e-06
 9.37547e-07
 7.94234e-07
 6.79048e-07
 5.85731e-07
 5.09449e-07
 4.46515e-07
 3.94123e-07
 3.50133e-07
 3.12898e-07
 2.81141e-07
 2.53867e-07
 2.30288e-07
 2.09780e-07
 1.91842e-07
 1.76070e-07
 1.62134e-07
 1.49764e-07
 1.38737e-07
 1.28869e-07
 9.59238e-07
 8.25676e-07
 7.13513e-07
 6.19837e-07
 5.41600e-07
 4.76060e-07
 4.20899e-07
 3.74218e-07
 3.34482e-07
 3.00459e-07
 2.71158e-07
 2.45780e-07
 2.23684e-07
 2.04345e-07
 1.87338e-07
 1.72312e-07
 1.58980e-07
 1.47102e-07
 1.36479e-07
 1.26943e-07
 8.16559e-07
 7.19734e-07
 6.34241e-07
 5.59928e-07
 4.95830e-07
 4.40703e-07
 3.93289e-07
 3.52434e-07
 3.17125e-07
 2.86502e-07
 2.59837e-07
 2.36524e-07
 2.16059e-07
 1.98020e-07
 1.82056e-07
 1.67876e-07
 1.55232e-07
 1.43919e-07
 1.33762e-07
 1.24614e-07
 6.92218e-07
 6.23515e-07
 5.59703e-07
 5.01931e-07
 4.50418e-07
 4.04882e-07
 3.64813e-07
 3.29615e-07
 2.98697e-07
 2.71506e-07
 2.47545e-07
 2.26379e-07
 2.07630e-07
 1.90974e-07
 1.76131e-07
 1.62866e-07
 1.50974e-07
 1.40282e-07
 1.30641e-07
 1.21924e-07
 5.86429e-07
 5.38551e-07
 4.91730e-07
 4.47557e-07
 4.06815e-07
 3.69774e-07
 3.36401e-07
 3.06493e-07
 2.79769e-07
 2.55918e-07
 2.34631e-07
 2.15619e-07
 1.98614e-07
 1.83378e-07
 1.69699e-07
 1.57392e-07
 1.46294e-07
 1.36263e-07
 1.27175e-07
 1.18922e-07
