scalar
part
         1
quad4
 6.30518e-07
 5.77233e-07
 5.25548e-07
 4.77090e-07
 4.32624e-07
 3.92374e-07
 3.56246e-07
 3.23977e-07
 2.95230e-07
 2.69644e-07
 2.46864e-07
 2.26564e-07
 2.08444e-07
 1.92240e-07
 1.77717e-07
 1.64671e-07
 1.52924e-07
 1.42321e-07
 1.32727e-07
 1.24025e-07
 7.42364e-07
 6.66632e-07
 5.96723e-07
 5.33751e-07
 4.77844e-07
 4.28612e-07
 3.85437e-07
 3.47626e-07
 3.14505e-07
 2.85448e-07
 2.59902e-07
 2.37382e-07
 2.17472e-07
 1.99815e-07
 1.84106e-07
 1.70087e-07
 1.57536e-07
 1.46266e-07
 1.36116e-07
 1.26948e-07
 8.73415e-07
 7.67497e-07
 6.74434e-07
 5.93888e-07
 5.24678e-07
 4.65360e-07
 4.14500e-07
 3.70798e-07
 3.33126e-07
 3.00528e-07
 2.72204e-07
 2.47488e-07
 2.25829e-07
 2.06769e-07
 1.89927e-07
 1.74986e-07
 1.61682e-07
 1.49791e-07
 1.39127e-07
 1.29531e-07
 1.02320e-06
 8.78019e-07
 7.56611e-07
 6.55602e-07
 5.71537e-07
 5.01340e-07
 4.42431e-07
 3.92709e-07
 3.50486e-07
 3.14411e-07
 2.83403e-07
 2.56596e-07
 2.33292e-07
 2.12926e-07
 1.95041e-07
 1.79259e-07
 1.65271e-07
 1.52823e-07
 1.41700e-07
 1.31725e-07
 1.18771e-06
 9.93945e-07
 8.39624e-07
 7.16042e-07
 6.16259e-07
 5.34937e-07
 4.68029e-07
 4.12467e-07
 3.65918e-07
 3.26595e-07
 2.93119e-07
 2.64414e-07
 2.39635e-07
 2.18112e-07
 1.99310e-07
 1.82796e-07
 1.68220e-07
 1.55294e-07
 1.43782e-07
 1.33487e-07
 1.35740e-06
 1.10785e-06
 9.18104e-07
 7.71422e-07
 6.56188e-07
 5.64284e-07
 4.89970e-07
 4.29121e-07
 3.78732e-07
 3.36575e-07
 3.00976e-07
 2.70661e-07
 2.44646e-07
 2.22164e-07
 2.02610e-07
 1.85501e-07
 1.70451e-07
 1.57143e-07
 1.45323e-07
 1.34776e-07
 1.51586e-06
 1.20909e-06
 9.85204e-07
 8.17306e-07
 6.88407e-07
 5.87427e-07
 5.06920e-07
 4.41747e-07
 3.88276e-07
 3.43883e-07
 3.06635e-07
 2.75087e-07
 2.48138e-07
 2.24940e-07
 2.04832e-07
 1.87291e-07
 1.71899e-07
 1.58321e-07
 1.46283e-07
 1.35563e-07
 1.64080e-06
 1.28501e-06
 1.03352e-06
 8.49213e-07
 7.10118e-07
 6.02567e-07
 5.17694e-07
 4.49544e-07
 3.93998e-07
 3.48131e-07
 3.09819e-07
 2.77490e-07
 2.49963e-07
 2.26331e-07
 2.05895e-07
 1.88102e-07
 1.72517e-07
 1.58789e-07
 1.46634e-07
 1.35822e-07
 1.70927e-06
 1.32383e-06
 1.05664e-06
 8.63467e-07
 7.19120e-07
 6.08337e-07
 5.21414e-07
 4.51934e-07
 3.95508e-07
 3.49051e-07
 3.10339e-07
 2.77738e-07
 2.50025e-07
 2.26267e-07
 2.05744e-07
 1.87895e-07
 1.72274e-07
 1.58524e-07
 1.46359e-07
 1.35542e-07
 1.70605e-06
 1.31836e-06
 1.05086e-06
 8.58046e-07
 7.14249e-07
 6.04040e-07
 5.17651e-07
 4.48644e-07
 3.92630e-07
 3.46526e-07
 3.08117e-07
 2.75777e-07
 2.48286e-07
 2.24720e-07
 2.04364e-07
 1.86658e-07
 1.71162e-07
 1.57522e-07
 1.45451e-07
 1.34719e-07
 1.63056e-06
 1.26860e-06
 1.01632e-06
 8.33096e-07
 6.95639e-07
 5.89787e-07
 5.06494e-07
 4.39748e-07
 3.85421e-07
 3.40604e-07
 3.03192e-07
 2.71637e-07
 2.44773e-07
 2.21714e-07
 2.01771e-07
 1.84406e-07
 1.69194e-07
 1.55791e-07
 1.43922e-07
 1.33361e-07
 1.49689e-06
 1.18166e-06
 9.56929e-07
 7.90903e-07
 6.64696e-07
 5.66486e-07
 4.88549e-07
 4.25660e-07
 3.74176e-07
 3.31496e-07
 2.95720e-07
 2.65436e-07
 2.39575e-07
 2.17316e-07
 1.98019e-07
 1.81181e-07
 1.66403e-07
 1.53360e-07
 1.41793e-07
 1.31485e-07
 1.32702e-06
 1.06912e-06
 8.79189e-07
 7.35332e-07
 6.23820e-07
 5.35681e-07
 4.64844e-07
 4.07085e-07
 3.59387e-07
 3.19556e-07
 2.85959e-07
 2.57367e-07
 2.32837e-07
 2.11637e-07
 1.93194e-07
 1.77051e-07
 1.62842e-07
 1.50272e-07
 1.39098e-07
 1.29121e-07
 1.14313e-06
 9.43593e-07
 7.90590e-07
 6.70999e-07
 5.75956e-07
 4.99309e-07
 4.36688e-07
 3.84928e-07
 3.41696e-07
 3.05245e-07
 2.74247e-07
 2.47680e-07
 2.24748e-07
 2.04824e-07
 1.87410e-07
 1.72104e-07
 1.58583e-07
 1.46582e-07
 1.35883e-07
 1.26306e-07
 9.62839e-07
 8.16118e-07
 6.98157e-07
 6.02471e-07
 5.24137e-07
 4.59427e-07
 4.05504e-07
 3.60195e-07
 3.21825e-07
 2.89092e-07
 2.60977e-07
 2.36671e-07
 2.15534e-07
 1.97050e-07
 1.80800e-07
 1.66446e-07
 1.53709e-07
 1.42358e-07
 1.32202e-07
 1.23082e-07
 7.97660e-07
 6.94835e-07
 6.07552e-07
 5.33678e-07
 4.71112e-07
 4.17979e-07
 3.72683e-07
 3.33892e-07
 3.00511e-07
 2.71645e-07
 2.46559e-07
 2.24654e-07
 2.05436e-07
 1.88501e-07
 1.73513e-07
 1.60195e-07
 1.48313e-07
 1.37675e-07
 1.28117e-07
 1.19500e-07
 6.53431e-07
 5.84776e-07
 5.22731e-07
 4.67619e-07
 4.19118e-07
 3.76628e-07
 3.39463e-07
 3.06947e-07
 2.78456e-07
 2.53436e-07
 2.31404e-07
 2.11943e-07
 1.94700e-07
 1.79372e-07
 1.65702e-07
 1.53471e-07
 1.42495e-07
 1.32613e-07
 1.23692e-07
 1.15614e-07
 5.31688e-07
 4.88291e-07
 4.46013e-07
 4.06298e-07
 3.69791e-07
 3.36672e-07
 3.06864e-07
 2.80156e-07
 2.56279e-07
 2.34950e-07
 2.15890e-07
 1.98840e-07
 1.83564e-07
 1.69852e-07
 1.57518e-07
 1.46399e-07
 1.36353e-07
 1.27254e-07
 1.18994e-07
 1.11479e-07
 4.31263e-07
 4.05781e-07
 3.78383e-07
 3.50832e-07
 3.24186e-07
 2.99033e-07
 2.75657e-07
 2.54152e-07
 2.34495e-07
 2.16603e-07
 2.00354e-07
 1.85614e-07
 1.72247e-07
 1.60119e-07
 1.49107e-07
 1.39097e-07
 1.29985e-07
 1.21678e-07
 1.14091e-07
 1.07151e-07
 3.49636e-07
 3.36434e-07
 3.19879e-07
 3.01641e-07
 2.82860e-07
 2.64284e-07
 2.46375e-07
 2.29404e-07
 2.13507e-07
 1.98733e-07
 1.85078e-07
 1.72501e-07
 1.60943e-07
 1.50335e-07
 1.40603e-07
 1.31677e-07
 1.23484e-07
 1.15961e-07
 1.09047e-07
 1.02684e-07
