scalar
part
         1
quad4
 5.39129e-07
 4.98952e-07
 4.58710e-07
 4.20074e-07
 3.83949e-07
 3.50733e-07
 3.20520e-07
 2.93220e-07
 2.68649e-07
 2.46578e-07
 2.26768e-07
 2.08982e-07
 1.93000e-07
 1.78620e-07
 1.65660e-07
 1.53958e-07
 1.43371e-07
 1.33773e-07
 1.25054e-07
 1.17115e-07
 6.42079e-07
 5.82561e-07
 5.26335e-07
 4.74755e-07
 4.28258e-07
 3.86775e-07
 3.49977e-07
 3.17423e-07
 2.88647e-07
 2.63197e-07
 2.40657e-07
 2.20655e-07
 2.02864e-07
 1.86998e-07
 1.72812e-07
 1.60093e-07
 1.48658e-07
 1.38350e-07
 1.29032e-07
 1.20587e-07
 7.64424e-07
 6.78384e-07
 6.01459e-07
 5.33897e-07
 4.75099e-07
 4.24134e-07
 3.79996e-07
 3.41729e-07
 3.08476e-07
 2.79492e-07
 2.54142e-07
 2.31890e-07
 2.12285e-07
 1.94946e-07
 1.79556e-07
 1.65846e-07
 1.53591e-07
 1.42600e-07
 1.32711e-07
 1.23786e-07
 9.06692e-07
 7.85457e-07
 6.82656e-07
 5.96067e-07
 5.23202e-07
 4.61751e-07
 4.09722e-07
 3.65455e-07
 3.27593e-07
 2.95034e-07
 2.66884e-07
 2.42418e-07
 2.21048e-07
 2.02290e-07
 1.85751e-07
 1.71103e-07
 1.58078e-07
 1.46450e-07
 1.36030e-07
 1.26661e-07
 1.06651e-06
 9.00725e-07
 7.67114e-07
 6.58947e-07
 5.70747e-07
 4.98226e-07
 4.38083e-07
 3.87783e-07
 3.45374e-07
 3.09343e-07
 2.78512e-07
 2.51952e-07
 2.28929e-07
 2.08856e-07
 1.91258e-07
 1.75754e-07
 1.62029e-07
 1.49826e-07
 1.38930e-07
 1.29164e-07
 1.23676e-06
 1.01830e-06
 8.50383e-07
 7.19289e-07
 6.15384e-07
 5.31859e-07
 4.63845e-07
 4.07809e-07
 3.61149e-07
 3.21920e-07
 2.88648e-07
 2.60203e-07
 2.35706e-07
 2.14469e-07
 1.95943e-07
 1.79691e-07
 1.65360e-07
 1.52660e-07
 1.41356e-07
 1.31251e-07
 1.40416e-06
 1.12919e-06
 9.26468e-07
 7.73077e-07
 6.54391e-07
 5.60775e-07
 4.85696e-07
 4.24601e-07
 3.74246e-07
 3.32272e-07
 2.96929e-07
 2.66898e-07
 2.41172e-07
 2.18970e-07
 1.99681e-07
 1.82818e-07
 1.67993e-07
 1.54892e-07
 1.43259e-07
 1.32883e-07
 1.54954e-06
 1.22203e-06
 9.88454e-07
 8.15971e-07
 6.84965e-07
 5.83119e-07
 5.02376e-07
 4.37285e-07
 3.84049e-07
 3.39957e-07
 3.03029e-07
 2.71797e-07
 2.45146e-07
 2.22224e-07
 2.02368e-07
 1.85054e-07
 1.69867e-07
 1.56472e-07
 1.44600e-07
 1.34027e-07
 1.65140e-06
 1.28521e-06
 1.02970e-06
 8.43991e-07
 7.04629e-07
 5.97294e-07
 5.12829e-07
 4.45144e-07
 3.90058e-07
 3.44620e-07
 3.06696e-07
 2.74713e-07
 2.47490e-07
 2.24125e-07
 2.03923e-07
 1.86336e-07
 1.70932e-07
 1.57362e-07
 1.45347e-07
 1.34659e-07
 1.69235e-06
 1.30982e-06
 1.04529e-06
 8.54287e-07
 7.11647e-07
 6.02203e-07
 5.16337e-07
 4.47697e-07
 3.91944e-07
 3.46030e-07
 3.07762e-07
 2.75526e-07
 2.48114e-07
 2.24608e-07
 2.04298e-07
 1.86628e-07
 1.71158e-07
 1.57539e-07
 1.45485e-07
 1.34765e-07
 1.66528e-06
 1.29229e-06
 1.03331e-06
 8.45741e-07
 7.05345e-07
 5.97426e-07
 5.12631e-07
 4.44765e-07
 3.89585e-07
 3.44105e-07
 3.06170e-07
 2.74195e-07
 2.46990e-07
 2.23650e-07
 2.03475e-07
 1.85915e-07
 1.70538e-07
 1.56995e-07
 1.45005e-07
 1.34340e-07
 1.57559e-06
 1.23529e-06
 9.95185e-07
 8.19192e-07
 6.86235e-07
 5.83288e-07
 5.01925e-07
 4.36494e-07
 3.83084e-07
 3.38916e-07
 3.01973e-07
 2.70758e-07
 2.44146e-07
 2.21274e-07
 2.01472e-07
 1.84213e-07
 1.69081e-07
 1.55740e-07
 1.43917e-07
 1.33391e-07
 1.43854e-06
 1.14676e-06
 9.35337e-07
 7.77225e-07
 6.55904e-07
 5.60800e-07
 4.84885e-07
 4.23336e-07
 3.72753e-07
 3.30686e-07
 2.95331e-07
 2.65335e-07
 2.39672e-07
 2.17547e-07
 1.98340e-07
 1.81562e-07
 1.66819e-07
 1.53798e-07
 1.42239e-07
 1.31934e-07
 1.27396e-06
 1.03753e-06
 8.60013e-07
 7.23614e-07
 6.16717e-07
 5.31496e-07
 4.62533e-07
 4.05988e-07
 3.59082e-07
 3.19764e-07
 2.86497e-07
 2.58112e-07
 2.33706e-07
 2.12575e-07
 1.94162e-07
 1.78024e-07
 1.63803e-07
 1.51209e-07
 1.40004e-07
 1.29993e-07
 1.10100e-06
 9.18785e-07
 7.75995e-07
 6.62614e-07
 5.71426e-07
 4.97201e-07
 4.36110e-07
 3.85314e-07
 3.42681e-07
 3.06589e-07
 2.75795e-07
 2.49329e-07
 2.26430e-07
 2.06496e-07
 1.89044e-07
 1.73683e-07
 1.60096e-07
 1.48025e-07
 1.37253e-07
 1.27604e-07
 9.34447e-07
 8.00022e-07
 6.89460e-07
 5.98308e-07
 5.22780e-07
 4.59804e-07
 4.06936e-07
 3.62251e-07
 3.24226e-07
 2.91658e-07
 2.63592e-07
 2.39262e-07
 2.18055e-07
 1.99473e-07
 1.83111e-07
 1.68637e-07
 1.55779e-07
 1.44308e-07
 1.34037e-07
 1.24806e-07
 7.83501e-07
 6.88043e-07
 6.05266e-07
 5.34140e-07
 4.73226e-07
 4.21053e-07
 3.76275e-07
 3.37722e-07
 3.04400e-07
 2.75480e-07
 2.50273e-07
 2.28206e-07
 2.08806e-07
 1.91681e-07
 1.76502e-07
 1.62997e-07
 1.50937e-07
 1.40130e-07
 1.30412e-07
 1.21646e-07
 6.52300e-07
 5.86835e-07
 5.26711e-07
 4.72683e-07
 4.24724e-07
 3.82429e-07
 3.45242e-07
 3.12569e-07
 2.83843e-07
 2.58545e-07
 2.36215e-07
 2.16453e-07
 1.98913e-07
 1.83300e-07
 1.69360e-07
 1.56876e-07
 1.45664e-07
 1.35563e-07
 1.26438e-07
 1.18173e-07
 5.41419e-07
 4.98074e-07
 4.55648e-07
 4.15620e-07
 3.78687e-07
 3.45077e-07
 3.14747e-07
 2.87512e-07
 2.63120e-07
 2.41296e-07
 2.21768e-07
 2.04280e-07
 1.88597e-07
 1.74508e-07
 1.61827e-07
 1.50390e-07
 1.40051e-07
 1.30685e-07
 1.22180e-07
 1.14440e-07
 4.49373e-07
 4.21834e-07
 3.92792e-07
 3.63859e-07
 3.36013e-07
 3.09800e-07
 2.85477e-07
 2.63122e-07
 2.42700e-07
 2.24116e-07
 2.07243e-07
 1.91939e-07
 1.78060e-07
 1.65470e-07
 1.54039e-07
 1.43649e-07
 1.34191e-07
 1.25570e-07
 1.17698e-07
 1.10499e-07
