scalar
part
         1
quad4
 4.48653e-07
 4.19942e-07
 3.89953e-07
 3.60296e-07
 3.31928e-07
 3.05365e-07
 2.80832e-07
 2.58375e-07
 2.37935e-07
 2.19395e-07
 2.02610e-07
 1.87424e-07
 1.73685e-07
 1.61247e-07
 1.49976e-07
 1.39747e-07
 1.30451e-07
 1.21989e-07
 1.14272e-07
 1.07222e-07
 5.39363e-07
 4.94720e-07
 4.51308e-07
 4.10585e-07
 3.73205e-07
 3.39346e-07
 3.08918e-07
 2.81697e-07
 2.57397e-07
 2.35720e-07
 2.16374e-07
 1.99090e-07
 1.83621e-07
 1.69752e-07
 1.57289e-07
 1.46065e-07
 1.35933e-07
 1.26766e-07
 1.18451e-07
 1.10891e-07
 6.48299e-07
 5.81440e-07
 5.20359e-07
 4.65745e-07
 4.17493e-07
 3.75121e-07
 3.38008e-07
 3.05513e-07
 2.77029e-07
 2.52011e-07
 2.29981e-07
 2.10525e-07
 1.93291e-07
 1.77975e-07
 1.64320e-07
 1.52108e-07
 1.41152e-07
 1.31294e-07
 1.22397e-07
 1.14345e-07
 7.76628e-07
 6.79785e-07
 5.96218e-07
 5.24756e-07
 4.63825e-07
 4.11846e-07
 3.67394e-07
 3.29242e-07
 2.96358e-07
 2.67887e-07
 2.43123e-07
 2.21485e-07
 2.02495e-07
 1.85754e-07
 1.70936e-07
 1.57767e-07
 1.46019e-07
 1.35501e-07
 1.26052e-07
 1.17534e-07
 9.23283e-07
 7.87747e-07
 6.76827e-07
 5.85815e-07
 5.10724e-07
 4.48347e-07
 3.96156e-07
 3.52166e-07
 3.14825e-07
 2.82912e-07
 2.55459e-07
 2.31700e-07
 2.11020e-07
 1.92921e-07
 1.77002e-07
 1.62934e-07
 1.50447e-07
 1.39316e-07
 1.29356e-07
 1.20410e-07
 1.08340e-06
 9.00924e-07
 7.58675e-07
 6.46249e-07
 5.56192e-07
 4.83139e-07
 4.23186e-07
 3.73458e-07
 3.31808e-07
 2.96612e-07
 2.66627e-07
 2.40890e-07
 2.18648e-07
 1.99304e-07
 1.82383e-07
 1.67501e-07
 1.54348e-07
 1.42668e-07
 1.32251e-07
 1.22924e-07
 1.24687e-06
 1.01211e-06
 8.36744e-07
 7.02577e-07
 5.97797e-07
 5.14503e-07
 4.47258e-07
 3.92229e-07
 3.46654e-07
 3.08504e-07
 2.76262e-07
 2.48779e-07
 2.25168e-07
 2.04739e-07
 1.86950e-07
 1.71367e-07
 1.57642e-07
 1.45492e-07
 1.34687e-07
 1.25036e-07
 1.39810e-06
 1.11159e-06
 9.04875e-07
 7.50799e-07
 6.32883e-07
 5.40637e-07
 4.67123e-07
 4.07599e-07
 3.58732e-07
 3.18127e-07
 2.84026e-07
 2.55111e-07
 2.30386e-07
 2.09078e-07
 1.90589e-07
 1.74441e-07
 1.60258e-07
 1.47733e-07
 1.36617e-07
 1.26708e-07
 1.51799e-06
 1.18851e-06
 9.56605e-07
 7.86921e-07
 6.58895e-07
 5.59860e-07
 4.81646e-07
 4.18781e-07
 3.67488e-07
 3.25084e-07
 2.89626e-07
 2.59673e-07
 2.34140e-07
 2.12198e-07
 1.93203e-07
 1.76650e-07
 1.62137e-07
 1.49342e-07
 1.38005e-07
 1.27911e-07
 1.58838e-06
 1.23313e-06
 9.86386e-07
 8.07620e-07
 6.73764e-07
 5.70838e-07
 4.89940e-07
 4.25174e-07
 3.72501e-07
 3.29075e-07
 2.92846e-07
 2.62302e-07
 2.36310e-07
 2.14007e-07
 1.94724e-07
 1.77939e-07
 1.63238e-07
 1.50288e-07
 1.38823e-07
 1.28623e-07
 1.59744e-06
 1.23931e-06
 9.90809e-07
 8.10898e-07
 6.76262e-07
 5.72785e-07
 4.91489e-07
 4.26426e-07
 3.73528e-07
 3.29928e-07
 2.93562e-07
 2.62909e-07
 2.36829e-07
 2.14454e-07
 1.95112e-07
 1.78278e-07
 1.63535e-07
 1.50551e-07
 1.39056e-07
 1.28831e-07
 1.54372e-06
 1.20631e-06
 9.69447e-07
 7.96493e-07
 6.66223e-07
 5.65595e-07
 4.86218e-07
 4.22486e-07
 3.70531e-07
 3.27615e-07
 2.91753e-07
 2.61477e-07
 2.35684e-07
 2.13529e-07
 1.94359e-07
 1.77661e-07
 1.63025e-07
 1.50127e-07
 1.38702e-07
 1.28533e-07
 1.43680e-06
 1.13900e-06
 9.24964e-07
 7.65946e-07
 6.44578e-07
 5.49850e-07
 4.74507e-07
 4.13606e-07
 3.63683e-07
 3.22256e-07
 2.87504e-07
 2.58068e-07
 2.32920e-07
 2.11267e-07
 1.92492e-07
 1.76106e-07
 1.61723e-07
 1.49028e-07
 1.37769e-07
 1.27736e-07
 1.29400e-06
 1.04646e-06
 8.62452e-07
 7.22262e-07
 6.13176e-07
 5.26729e-07
 4.57129e-07
 4.00307e-07
 3.53345e-07
 3.14106e-07
 2.80997e-07
 2.52816e-07
 2.28636e-07
 2.07741e-07
 1.89565e-07
 1.73658e-07
 1.59661e-07
 1.47280e-07
 1.36277e-07
 1.26457e-07
 1.13475e-06
 9.39524e-07
 7.88242e-07
 6.69299e-07
 5.74454e-07
 4.97821e-07
 4.35147e-07
 3.83319e-07
 3.40025e-07
 3.03526e-07
 2.72496e-07
 2.45913e-07
 2.22977e-07
 2.03061e-07
 1.85663e-07
 1.70382e-07
 1.56890e-07
 1.44923e-07
 1.34260e-07
 1.24721e-07
 9.75585e-07
 8.28274e-07
 7.08624e-07
 6.11080e-07
 5.31050e-07
 4.64894e-07
 4.09773e-07
 3.63488e-07
 3.24327e-07
 2.90954e-07
 2.62321e-07
 2.37598e-07
 2.16122e-07
 1.97363e-07
 1.80892e-07
 1.66358e-07
 1.53476e-07
 1.42008e-07
 1.31758e-07
 1.22562e-07
 8.27653e-07
 7.20465e-07
 6.28889e-07
 5.51220e-07
 4.85455e-07
 4.29686e-07
 3.82238e-07
 3.41697e-07
 3.06892e-07
 2.76863e-07
 2.50825e-07
 2.28137e-07
 2.08274e-07
 1.90805e-07
 1.75373e-07
 1.61684e-07
 1.49493e-07
 1.38595e-07
 1.28818e-07
 1.20018e-07
 6.96706e-07
 6.21045e-07
 5.52874e-07
 4.92578e-07
 4.39772e-07
 3.93742e-07
 3.53677e-07
 3.18787e-07
 2.88348e-07
 2.61724e-07
 2.38367e-07
 2.17807e-07
 1.99647e-07
 1.83551e-07
 1.69236e-07
 1.56462e-07
 1.45024e-07
 1.34751e-07
 1.25496e-07
 1.17133e-07
 5.84464e-07
 5.32482e-07
 4.82943e-07
 4.37153e-07
 3.95601e-07
 3.58311e-07
 3.25058e-07
 2.95503e-07
 2.69271e-07
 2.45984e-07
 2.25292e-07
 2.06876e-07
 1.90452e-07
 1.75772e-07
 1.62617e-07
 1.50800e-07
 1.40157e-07
 1.30547e-07
 1.21848e-07
 1.13954e-07
 4.90200e-07
 4.55441e-07
 4.20240e-07
 3.86148e-07
 3.54035e-07
 3.24321e-07
 2.97142e-07
 2.72463e-07
 2.50154e-07
 2.30037e-07
 2.11917e-07
 1.95598e-07
 1.80893e-07
 1.67628e-07
 1.55646e-07
 1.44804e-07
 1.34978e-07
 1.26054e-07
 1.17934e-07
 1.10531e-07
