scalar
part
         1
quad4
 6.59353e-07
 6.02787e-07
 5.48119e-07
 4.97002e-07
 4.50197e-07
 4.07904e-07
 3.70002e-07
 3.36196e-07
 3.06118e-07
 2.79377e-07
 2.55596e-07
 2.34424e-07
 2.15543e-07
 1.98673e-07
 1.83566e-07
 1.70005e-07
 1.57803e-07
 1.46796e-07
 1.36843e-07
 1.27821e-07
 7.75035e-07
 6.95071e-07
 6.21440e-07
 5.55245e-07
 4.96575e-07
 4.44985e-07
 3.99801e-07
 3.60281e-07
 3.25700e-07
 2.95395e-07
 2.68777e-07
 2.45334e-07
 2.24625e-07
 2.06274e-07
 1.89960e-07
 1.75412e-07
 1.62395e-07
 1.50715e-07
 1.40201e-07
 1.30710e-07
 9.10359e-07
 7.99002e-07
 7.01328e-07
 6.16915e-07
 5.44479e-07
 4.82473e-07
 4.29369e-07
 3.83789e-07
 3.44539e-07
 3.10608e-07
 2.81153e-07
 2.55472e-07
 2.32985e-07
 2.13210e-07
 1.95749e-07
 1.80269e-07
 1.66493e-07
 1.54188e-07
 1.43158e-07
 1.33239e-07
 1.06475e-06
 9.12639e-07
 7.85590e-07
 6.80010e-07
 5.92240e-07
 5.19030e-07
 4.57657e-07
 4.05908e-07
 3.62006e-07
 3.24530e-07
 2.92345e-07
 2.64543e-07
 2.40391e-07
 2.19300e-07
 2.00788e-07
 1.84464e-07
 1.70004e-07
 1.57142e-07
 1.45656e-07
 1.35359e-07
 1.23395e-06
 1.03150e-06
 8.70414e-07
 7.41544e-07
 6.37599e-07
 5.52973e-07
 4.83417e-07
 4.25711e-07
 3.77409e-07
 3.36641e-07
 3.01961e-07
 2.72247e-07
 2.46614e-07
 2.24364e-07
 2.04938e-07
 1.87886e-07
 1.72842e-07
 1.59508e-07
 1.47638e-07
 1.37027e-07
 1.40796e-06
 1.14782e-06
 9.50189e-07
 7.97568e-07
 6.77792e-07
 5.82364e-07
 5.05276e-07
 4.42215e-07
 3.90039e-07
 3.46422e-07
 3.09618e-07
 2.78298e-07
 2.51437e-07
 2.28239e-07
 2.08072e-07
 1.90437e-07
 1.74930e-07
 1.61225e-07
 1.49056e-07
 1.38204e-07
 1.56963e-06
 1.25047e-06
 1.01778e-06
 8.43468e-07
 7.09795e-07
 6.05183e-07
 5.21863e-07
 4.54473e-07
 3.99228e-07
 3.53397e-07
 3.14969e-07
 2.82442e-07
 2.54672e-07
 2.30782e-07
 2.10082e-07
 1.92034e-07
 1.76203e-07
 1.62243e-07
 1.49872e-07
 1.38857e-07
 1.69570e-06
 1.32626e-06
 1.06548e-06
 8.74609e-07
 7.30725e-07
 6.19587e-07
 5.31967e-07
 4.61671e-07
 4.04419e-07
 3.57176e-07
 3.17738e-07
 2.84479e-07
 2.56173e-07
 2.31884e-07
 2.10888e-07
 1.92615e-07
 1.76615e-07
 1.62526e-07
 1.50056e-07
 1.38966e-07
 1.76217e-06
 1.36297e-06
 1.08669e-06
 8.87222e-07
 7.38342e-07
 6.24193e-07
 5.34708e-07
 4.63234e-07
 4.05227e-07
 3.57495e-07
 3.17742e-07
 2.84280e-07
 2.55846e-07
 2.31479e-07
 2.10438e-07
 1.92144e-07
 1.76137e-07
 1.62052e-07
 1.49593e-07
 1.38518e-07
 1.75321e-06
 1.35322e-06
 1.07768e-06
 8.79303e-07
 7.31512e-07
 6.18335e-07
 5.29682e-07
 4.58909e-07
 4.01490e-07
 3.54251e-07
 3.14912e-07
 2.81799e-07
 2.53661e-07
 2.29546e-07
 2.08721e-07
 1.90612e-07
 1.74765e-07
 1.60819e-07
 1.48480e-07
 1.37511e-07
 1.66870e-06
 1.29734e-06
 1.03879e-06
 8.51149e-07
 7.10472e-07
 6.02196e-07
 5.17031e-07
 4.48807e-07
 3.93296e-07
 3.47512e-07
 3.09303e-07
 2.77081e-07
 2.49654e-07
 2.26115e-07
 2.05760e-07
 1.88038e-07
 1.72515e-07
 1.58840e-07
 1.46731e-07
 1.35956e-07
 1.52417e-06
 1.20320e-06
 9.74370e-07
 8.05307e-07
 6.76793e-07
 5.76790e-07
 4.97432e-07
 4.33396e-07
 3.80974e-07
 3.37518e-07
 3.01092e-07
 2.70257e-07
 2.43926e-07
 2.21262e-07
 2.01615e-07
 1.84472e-07
 1.69425e-07
 1.56146e-07
 1.44368e-07
 1.33874e-07
 1.34352e-06
 1.08336e-06
 8.91468e-07
 7.45959e-07
 6.33072e-07
 5.43790e-07
 4.71999e-07
 4.13437e-07
 3.65061e-07
 3.24651e-07
 2.90558e-07
 2.61537e-07
 2.36635e-07
 2.15111e-07
 1.96382e-07
 1.79987e-07
 1.65554e-07
 1.52784e-07
 1.41432e-07
 1.31296e-07
 1.15039e-06
 9.51254e-07
 7.98054e-07
 6.78017e-07
 5.82444e-07
 5.05259e-07
 4.42127e-07
 3.89897e-07
 3.46239e-07
 3.09405e-07
 2.78065e-07
 2.51191e-07
 2.27985e-07
 2.07815e-07
 1.90181e-07
 1.74677e-07
 1.60977e-07
 1.48815e-07
 1.37970e-07
 1.28260e-07
 9.63042e-07
 8.18384e-07
 7.01475e-07
 6.06269e-07
 5.28092e-07
 4.63359e-07
 4.09315e-07
 3.63834e-07
 3.25270e-07
 2.92337e-07
 2.64024e-07
 2.39529e-07
 2.18212e-07
 1.99559e-07
 1.83154e-07
 1.68655e-07
 1.55784e-07
 1.44310e-07
 1.34040e-07
 1.24815e-07
 7.92955e-07
 6.93021e-07
 6.07539e-07
 5.34769e-07
 4.72864e-07
 4.20108e-07
 3.75008e-07
 3.36297e-07
 3.02925e-07
 2.74020e-07
 2.48868e-07
 2.26879e-07
 2.07570e-07
 1.90540e-07
 1.75457e-07
 1.62045e-07
 1.50073e-07
 1.39348e-07
 1.29707e-07
 1.21012e-07
 6.45604e-07
 5.80089e-07
 5.20197e-07
 4.66550e-07
 4.19038e-07
 3.77209e-07
 3.40480e-07
 3.08245e-07
 2.79927e-07
 2.55005e-07
 2.33020e-07
 2.13572e-07
 1.96316e-07
 1.80959e-07
 1.67249e-07
 1.54973e-07
 1.43946e-07
 1.34013e-07
 1.25038e-07
 1.16908e-07
 5.22072e-07
 4.81723e-07
 4.41679e-07
 4.03587e-07
 3.68252e-07
 3.35974e-07
 3.06768e-07
 2.80487e-07
 2.56912e-07
 2.35791e-07
 2.16872e-07
 1.99914e-07
 1.84694e-07
 1.71012e-07
 1.58689e-07
 1.47567e-07
 1.37508e-07
 1.28389e-07
 1.20104e-07
 1.12561e-07
 4.20785e-07
 3.98089e-07
 3.72841e-07
 3.46931e-07
 3.21529e-07
 2.97313e-07
 2.74641e-07
 2.53663e-07
 2.34401e-07
 2.16800e-07
 2.00767e-07
 1.86185e-07
 1.72931e-07
 1.60883e-07
 1.49926e-07
 1.39951e-07
 1.30859e-07
 1.22560e-07
 1.14974e-07
 1.08028e-07
 3.38907e-07
 3.28163e-07
 3.13588e-07
 2.96923e-07
 2.79382e-07
 2.61775e-07
 2.44622e-07
 2.28238e-07
 2.12796e-07
 1.98374e-07
 1.84991e-07
 1.72622e-07
 1.61224e-07
 1.50737e-07
 1.41097e-07
 1.32237e-07
 1.24094e-07
 1.16606e-07
 1.09714e-07
 1.03366e-07
