scalar
part
         1
quad4
 4.90574e-07
 4.57059e-07
 4.22788e-07
 3.89362e-07
 3.57704e-07
 3.28278e-07
 3.01259e-07
 2.76644e-07
 2.54328e-07
 2.34155e-07
 2.15944e-07
 1.99510e-07
 1.84675e-07
 1.71271e-07
 1.59146e-07
 1.48161e-07
 1.38192e-07
 1.29129e-07
 1.20875e-07
 1.13343e-07
 5.86755e-07
 5.35979e-07
 4.87272e-07
 4.42014e-07
 4.00766e-07
 3.63611e-07
 3.30371e-07
 3.00745e-07
 2.74383e-07
 2.50930e-07
 2.30049e-07
 2.11433e-07
 1.94804e-07
 1.79920e-07
 1.66565e-07
 1.54555e-07
 1.43727e-07
 1.33941e-07
 1.25075e-07
 1.17023e-07
 7.01727e-07
 6.27094e-07
 5.59524e-07
 4.99512e-07
 4.46765e-07
 4.00641e-07
 3.60383e-07
 3.25239e-07
 2.94512e-07
 2.67585e-07
 2.43920e-07
 2.23059e-07
 2.04608e-07
 1.88234e-07
 1.73656e-07
 1.60634e-07
 1.48964e-07
 1.38474e-07
 1.29015e-07
 1.20463e-07
 8.36517e-07
 7.29933e-07
 6.38522e-07
 5.60724e-07
 4.94646e-07
 4.38459e-07
 3.90540e-07
 3.49509e-07
 3.14218e-07
 2.83719e-07
 2.57236e-07
 2.34130e-07
 2.13878e-07
 1.96047e-07
 1.80282e-07
 1.66285e-07
 1.53811e-07
 1.42652e-07
 1.32635e-07
 1.23613e-07
 9.89776e-07
 8.42245e-07
 7.22019e-07
 6.23708e-07
 5.42832e-07
 4.75818e-07
 4.19867e-07
 3.72800e-07
 3.32914e-07
 2.98878e-07
 2.69640e-07
 2.44367e-07
 2.22393e-07
 2.03183e-07
 1.86302e-07
 1.71398e-07
 1.58178e-07
 1.46404e-07
 1.35874e-07
 1.26424e-07
 1.15618e-06
 9.59292e-07
 8.06264e-07
 6.85629e-07
 5.89212e-07
 5.11154e-07
 4.47206e-07
 3.94247e-07
 3.49952e-07
 3.12569e-07
 2.80756e-07
 2.53480e-07
 2.29929e-07
 2.09466e-07
 1.91580e-07
 1.75861e-07
 1.61977e-07
 1.49656e-07
 1.38675e-07
 1.28847e-07
 1.32497e-06
 1.07344e-06
 8.85971e-07
 7.42830e-07
 6.31242e-07
 5.42678e-07
 4.71281e-07
 4.12929e-07
 3.64658e-07
 3.24294e-07
 2.90213e-07
 2.61187e-07
 2.36271e-07
 2.14729e-07
 1.95983e-07
 1.79572e-07
 1.65126e-07
 1.52345e-07
 1.40983e-07
 1.30841e-07
 1.47976e-06
 1.17452e-06
 9.54706e-07
 7.91152e-07
 6.66170e-07
 5.68529e-07
 4.90808e-07
 4.27945e-07
 3.76388e-07
 3.33585e-07
 2.97665e-07
 2.67231e-07
 2.41223e-07
 2.18824e-07
 1.99398e-07
 1.82441e-07
 1.67554e-07
 1.54413e-07
 1.42756e-07
 1.32368e-07
 1.60059e-06
 1.25123e-06
 1.00579e-06
 8.26482e-07
 6.91379e-07
 5.86992e-07
 5.04635e-07
 4.38501e-07
 3.84583e-07
 3.40042e-07
 3.02821e-07
 2.71397e-07
 2.44624e-07
 2.21628e-07
 2.01729e-07
 1.84396e-07
 1.69204e-07
 1.55816e-07
 1.43956e-07
 1.33401e-07
 1.66862e-06
 1.29356e-06
 1.03355e-06
 8.45452e-07
 7.04783e-07
 5.96729e-07
 5.11878e-07
 4.43998e-07
 3.88830e-07
 3.43374e-07
 3.05470e-07
 2.73529e-07
 2.46360e-07
 2.23054e-07
 2.02912e-07
 1.85385e-07
 1.70038e-07
 1.56523e-07
 1.44560e-07
 1.33919e-07
 1.67187e-06
 1.29538e-06
 1.03462e-06
 8.46105e-07
 7.05193e-07
 5.96992e-07
 5.12048e-07
 4.44109e-07
 3.88902e-07
 3.43420e-07
 3.05499e-07
 2.73546e-07
 2.46368e-07
 2.23057e-07
 2.02912e-07
 1.85381e-07
 1.70032e-07
 1.56516e-07
 1.44552e-07
 1.33911e-07
 1.60936e-06
 1.25624e-06
 1.00877e-06
 8.28322e-07
 6.92542e-07
 5.87740e-07
 5.05122e-07
 4.38820e-07
 3.84791e-07
 3.40175e-07
 3.02903e-07
 2.71445e-07
 2.44648e-07
 2.21636e-07
 2.01726e-07
 1.84385e-07
 1.69188e-07
 1.55797e-07
 1.43935e-07
 1.33378e-07
 1.49168e-06
 1.18156e-06
 9.59013e-07
 7.93856e-07
 6.67904e-07
 5.69656e-07
 4.91547e-07
 4.28430e-07
 3.76704e-07
 3.33787e-07
 2.97789e-07
 2.67302e-07
 2.41257e-07
 2.18833e-07
 1.99389e-07
 1.82421e-07
 1.67526e-07
 1.54380e-07
 1.42720e-07
 1.32330e-07
 1.33740e-06
 1.08114e-06
 8.90848e-07
 7.45973e-07
 6.33296e-07
 5.44032e-07
 4.72177e-07
 4.13520e-07
 3.65044e-07
 3.24539e-07
 2.90362e-07
 2.61270e-07
 2.36307e-07
 2.14734e-07
 1.95966e-07
 1.79540e-07
 1.65083e-07
 1.52296e-07
 1.40931e-07
 1.30786e-07
 1.16716e-06
 9.66496e-07
 8.11021e-07
 6.88792e-07
 5.91327e-07
 5.12571e-07
 4.48154e-07
 3.94876e-07
 3.50362e-07
 3.12827e-07
 2.80909e-07
 2.53559e-07
 2.29958e-07
 2.09459e-07
 1.91548e-07
 1.75813e-07
 1.61918e-07
 1.49590e-07
 1.38605e-07
 1.28775e-07
 9.98368e-07
 8.48235e-07
 7.26159e-07
 6.26559e-07
 5.44787e-07
 4.77151e-07
 4.20768e-07
 3.73399e-07
 3.33302e-07
 2.99117e-07
 2.69774e-07
 2.44427e-07
 2.22402e-07
 2.03156e-07
 1.86251e-07
 1.71330e-07
 1.58099e-07
 1.46318e-07
 1.35786e-07
 1.26334e-07
 8.42554e-07
 7.34421e-07
 6.41780e-07
 5.63049e-07
 4.96283e-07
 4.39595e-07
 3.91313e-07
 3.50021e-07
 3.14543e-07
 2.83910e-07
 2.57331e-07
 2.34157e-07
 2.13857e-07
 1.95993e-07
 1.80205e-07
 1.66193e-07
 1.53710e-07
 1.42546e-07
 1.32526e-07
 1.23504e-07
 7.05487e-07
 6.30099e-07
 5.61823e-07
 5.01217e-07
 4.47996e-07
 4.01506e-07
 3.60971e-07
 3.25621e-07
 2.94742e-07
 2.67703e-07
 2.43958e-07
 2.23039e-07
 2.04547e-07
 1.88146e-07
 1.73548e-07
 1.60514e-07
 1.48837e-07
 1.38343e-07
 1.28884e-07
 1.20333e-07
 5.88683e-07
 5.37684e-07
 4.88665e-07
 4.43092e-07
 4.01561e-07
 3.64170e-07
 3.30741e-07
 3.00969e-07
 2.74495e-07
 2.50958e-07
 2.30017e-07
 2.11356e-07
 1.94696e-07
 1.79791e-07
 1.66423e-07
 1.54405e-07
 1.43573e-07
 1.33786e-07
 1.24921e-07
 1.16871e-07
 4.91124e-07
 4.57709e-07
 4.23396e-07
 3.89863e-07
 3.58077e-07
 3.28528e-07
 3.01401e-07
 2.76697e-07
 2.54311e-07
 2.34083e-07
 2.15832e-07
 1.99369e-07
 1.84514e-07
 1.71098e-07
 1.58965e-07
 1.47977e-07
 1.38008e-07
 1.28948e-07
 1.20697e-07
 1.13170e-07
