scalar
part
         1
quad4
 6.37671e-07
 5.83631e-07
 5.31240e-07
 4.82143e-07
 4.37110e-07
 3.96362e-07
 3.59801e-07
 3.27157e-07
 2.98085e-07
 2.72215e-07
 2.49189e-07
 2.28673e-07
 2.10365e-07
 1.93995e-07
 1.79326e-07
 1.66150e-07
 1.54288e-07
 1.43582e-07
 1.33896e-07
 1.25111e-07
 7.50986e-07
 6.74162e-07
 6.03283e-07
 5.39471e-07
 4.82844e-07
 4.33001e-07
 3.89306e-07
 3.51055e-07
 3.17557e-07
 2.88179e-07
 2.62356e-07
 2.39598e-07
 2.19480e-07
 2.01642e-07
 1.85775e-07
 1.71617e-07
 1.58943e-07
 1.47564e-07
 1.37317e-07
 1.28062e-07
 8.83792e-07
 7.76319e-07
 6.81947e-07
 6.00315e-07
 5.30210e-07
 4.70152e-07
 4.18679e-07
 3.74466e-07
 3.36367e-07
 3.03408e-07
 2.74778e-07
 2.49801e-07
 2.27918e-07
 2.08663e-07
 1.91652e-07
 1.76563e-07
 1.63128e-07
 1.51122e-07
 1.40356e-07
 1.30670e-07
 1.03561e-06
 8.88262e-07
 7.65128e-07
 6.62749e-07
 5.77593e-07
 5.06519e-07
 4.46901e-07
 3.96601e-07
 3.53900e-07
 3.17427e-07
 2.86086e-07
 2.58996e-07
 2.35451e-07
 2.14878e-07
 1.96813e-07
 1.80875e-07
 1.66751e-07
 1.54183e-07
 1.42954e-07
 1.32884e-07
 1.20236e-06
 1.00566e-06
 8.49136e-07
 7.23877e-07
 6.22800e-07
 5.40469e-07
 4.72760e-07
 4.16554e-07
 3.69481e-07
 3.29728e-07
 2.95893e-07
 2.66887e-07
 2.41853e-07
 2.20112e-07
 2.01122e-07
 1.84446e-07
 1.69727e-07
 1.56677e-07
 1.45055e-07
 1.34663e-07
 1.37432e-06
 1.12098e-06
 9.28521e-07
 7.79859e-07
 6.63143e-07
 5.70108e-07
 4.94912e-07
 4.33366e-07
 3.82415e-07
 3.39799e-07
 3.03822e-07
 2.73190e-07
 2.46909e-07
 2.24200e-07
 2.04452e-07
 1.87175e-07
 1.71979e-07
 1.58544e-07
 1.46610e-07
 1.35965e-07
 1.53477e-06
 1.22337e-06
 9.96330e-07
 8.26198e-07
 6.95667e-07
 5.93461e-07
 5.12012e-07
 4.46101e-07
 3.92041e-07
 3.47169e-07
 3.09529e-07
 2.77654e-07
 2.50431e-07
 2.27001e-07
 2.06694e-07
 1.88981e-07
 1.73441e-07
 1.59732e-07
 1.47581e-07
 1.36759e-07
 1.66105e-06
 1.30001e-06
 1.04506e-06
 8.58361e-07
 7.17544e-07
 6.08713e-07
 5.22864e-07
 4.53953e-07
 3.97803e-07
 3.51448e-07
 3.12736e-07
 2.80076e-07
 2.52270e-07
 2.28403e-07
 2.07765e-07
 1.89799e-07
 1.74064e-07
 1.60205e-07
 1.47936e-07
 1.37022e-07
 1.72986e-06
 1.33897e-06
 1.06824e-06
 8.72642e-07
 7.26556e-07
 6.14485e-07
 5.26583e-07
 4.56341e-07
 3.99310e-07
 3.52365e-07
 3.13253e-07
 2.80321e-07
 2.52329e-07
 2.28336e-07
 2.07613e-07
 1.89591e-07
 1.73820e-07
 1.59939e-07
 1.47658e-07
 1.36740e-07
 1.72590e-06
 1.33305e-06
 1.06217e-06
 8.67016e-07
 7.21541e-07
 6.10084e-07
 5.22742e-07
 4.52992e-07
 3.96386e-07
 3.49803e-07
 3.11002e-07
 2.78336e-07
 2.50572e-07
 2.26774e-07
 2.06219e-07
 1.88343e-07
 1.72698e-07
 1.58928e-07
 1.46744e-07
 1.35911e-07
 1.64887e-06
 1.28235e-06
 1.02703e-06
 8.41665e-07
 7.02651e-07
 5.95631e-07
 5.11438e-07
 4.43984e-07
 3.89091e-07
 3.43814e-07
 3.06024e-07
 2.74153e-07
 2.47024e-07
 2.23738e-07
 2.03602e-07
 1.86070e-07
 1.70713e-07
 1.57183e-07
 1.45202e-07
 1.34542e-07
 1.51319e-06
 1.19417e-06
 9.66830e-07
 7.98925e-07
 6.71324e-07
 5.72052e-07
 4.93287e-07
 4.29740e-07
 3.77726e-07
 3.34612e-07
 2.98477e-07
 2.67892e-07
 2.41776e-07
 2.19300e-07
 1.99816e-07
 1.82817e-07
 1.67898e-07
 1.54732e-07
 1.43055e-07
 1.32652e-07
 1.34123e-06
 1.08028e-06
 8.88180e-07
 7.42721e-07
 6.29995e-07
 5.40914e-07
 4.69332e-07
 4.10974e-07
 3.62789e-07
 3.22555e-07
 2.88622e-07
 2.59747e-07
 2.34976e-07
 2.13570e-07
 1.94949e-07
 1.78651e-07
 1.64307e-07
 1.51617e-07
 1.40338e-07
 1.30268e-07
 1.15535e-06
 9.53413e-07
 7.98645e-07
 6.77719e-07
 5.81641e-07
 5.04175e-07
 4.40896e-07
 3.88601e-07
 3.44928e-07
 3.08110e-07
 2.76802e-07
 2.49972e-07
 2.26815e-07
 2.06697e-07
 1.89114e-07
 1.73662e-07
 1.60012e-07
 1.47897e-07
 1.37097e-07
 1.27430e-07
 9.73259e-07
 8.24674e-07
 7.05303e-07
 6.08521e-07
 5.29320e-07
 4.63912e-07
 4.09417e-07
 3.63636e-07
 3.24873e-07
 2.91809e-07
 2.63411e-07
 2.38865e-07
 2.17520e-07
 1.98855e-07
 1.82448e-07
 1.67956e-07
 1.55097e-07
 1.43638e-07
 1.33386e-07
 1.24180e-07
 8.06485e-07
 7.02238e-07
 6.13844e-07
 5.39085e-07
 4.75802e-07
 4.22081e-07
 3.76295e-07
 3.37094e-07
 3.03368e-07
 2.74206e-07
 2.48866e-07
 2.26742e-07
 2.07334e-07
 1.90232e-07
 1.75099e-07
 1.61651e-07
 1.49656e-07
 1.38916e-07
 1.29267e-07
 1.20569e-07
 6.60869e-07
 5.91147e-07
 5.28240e-07
 4.72423e-07
 4.23337e-07
 3.80357e-07
 3.42778e-07
 3.09910e-07
 2.81118e-07
 2.55837e-07
 2.33579e-07
 2.13921e-07
 1.96506e-07
 1.81025e-07
 1.67221e-07
 1.54871e-07
 1.43789e-07
 1.33812e-07
 1.24806e-07
 1.16652e-07
 5.37940e-07
 4.93755e-07
 4.50817e-07
 4.10547e-07
 3.73569e-07
 3.40047e-07
 3.09892e-07
 2.82884e-07
 2.58747e-07
 2.37191e-07
 2.17931e-07
 2.00706e-07
 1.85274e-07
 1.71425e-07
 1.58969e-07
 1.47740e-07
 1.37596e-07
 1.28409e-07
 1.20070e-07
 1.12483e-07
 4.36513e-07
 4.10458e-07
 3.82562e-07
 3.54578e-07
 3.27557e-07
 3.02076e-07
 2.78412e-07
 2.56654e-07
 2.36775e-07
 2.18686e-07
 2.02263e-07
 1.87368e-07
 1.73862e-07
 1.61611e-07
 1.50488e-07
 1.40378e-07
 1.31176e-07
 1.22787e-07
 1.15127e-07
 1.08120e-07
 3.54048e-07
 3.40435e-07
 3.23508e-07
 3.04937e-07
 2.85860e-07
 2.67018e-07
 2.48874e-07
 2.31692e-07
 2.15606e-07
 2.00664e-07
 1.86857e-07
 1.74144e-07
 1.62463e-07
 1.51744e-07
 1.41913e-07
 1.32896e-07
 1.24621e-07
 1.17024e-07
 1.10041e-07
 1.03616e-07
