scalar
part
         1
quad4
 5.44684e-07
 5.03295e-07
 4.62060e-07
 4.22621e-07
 3.85851e-07
 3.52124e-07
 3.21506e-07
 2.93888e-07
 2.69067e-07
 2.46801e-07
 2.26839e-07
 2.08935e-07
 1.92861e-07
 1.78411e-07
 1.65397e-07
 1.53655e-07
 1.43038e-07
 1.33419e-07
 1.24685e-07
 1.16737e-07
 6.47493e-07
 5.86607e-07
 5.29302e-07
 4.76880e-07
 4.29734e-07
 3.87751e-07
 3.50572e-07
 3.17728e-07
 2.88733e-07
 2.63117e-07
 2.40454e-07
 2.20360e-07
 2.02501e-07
 1.86587e-07
 1.72368e-07
 1.59626e-07
 1.48178e-07
 1.37862e-07
 1.28541e-07
 1.20099e-07
 7.69393e-07
 6.81860e-07
 6.03809e-07
 5.35408e-07
 4.75990e-07
 4.24570e-07
 3.80100e-07
 3.41593e-07
 3.08167e-07
 2.79060e-07
 2.53626e-07
 2.31316e-07
 2.11674e-07
 1.94314e-07
 1.78914e-07
 1.65202e-07
 1.52952e-07
 1.41969e-07
 1.32092e-07
 1.23181e-07
 9.10761e-07
 7.87983e-07
 6.84086e-07
 5.96726e-07
 5.23326e-07
 4.61506e-07
 4.09227e-07
 3.64793e-07
 3.26824e-07
 2.94200e-07
 2.66015e-07
 2.41536e-07
 2.20166e-07
 2.01419e-07
 1.84897e-07
 1.70271e-07
 1.57271e-07
 1.45669e-07
 1.35277e-07
 1.25935e-07
 1.06902e-06
 9.01797e-07
 7.67245e-07
 6.58476e-07
 5.69898e-07
 4.97149e-07
 4.36878e-07
 3.86514e-07
 3.44085e-07
 3.08062e-07
 2.77257e-07
 2.50734e-07
 2.27755e-07
 2.07728e-07
 1.90180e-07
 1.74724e-07
 1.61046e-07
 1.48889e-07
 1.38037e-07
 1.28314e-07
 1.23683e-06
 1.01729e-06
 8.48780e-07
 7.17384e-07
 6.13350e-07
 5.29800e-07
 4.61822e-07
 4.05856e-07
 3.59284e-07
 3.20151e-07
 2.86977e-07
 2.58627e-07
 2.34223e-07
 2.13073e-07
 1.94630e-07
 1.78455e-07
 1.64196e-07
 1.51563e-07
 1.40321e-07
 1.30274e-07
 1.40066e-06
 1.12538e-06
 9.22666e-07
 7.69433e-07
 6.50970e-07
 5.57600e-07
 4.82764e-07
 4.21900e-07
 3.71761e-07
 3.29983e-07
 2.94818e-07
 2.64948e-07
 2.39368e-07
 2.17298e-07
 1.98128e-07
 1.81373e-07
 1.66645e-07
 1.53633e-07
 1.42080e-07
 1.31777e-07
 1.54123e-06
 1.21471e-06
 9.82028e-07
 8.10330e-07
 6.79998e-07
 5.78725e-07
 4.98469e-07
 4.33794e-07
 3.80915e-07
 3.37129e-07
 3.00468e-07
 2.69466e-07
 2.43017e-07
 2.20273e-07
 2.00573e-07
 1.83397e-07
 1.68334e-07
 1.55050e-07
 1.43277e-07
 1.32793e-07
 1.63723e-06
 1.27383e-06
 1.02035e-06
 8.36194e-07
 6.98025e-07
 5.91630e-07
 5.07919e-07
 4.40848e-07
 3.86268e-07
 3.41251e-07
 3.03682e-07
 2.72001e-07
 2.45037e-07
 2.21897e-07
 2.01889e-07
 1.84472e-07
 1.69217e-07
 1.55780e-07
 1.43883e-07
 1.33299e-07
 1.67186e-06
 1.29420e-06
 1.03298e-06
 8.44324e-07
 7.03416e-07
 5.95287e-07
 5.10443e-07
 4.42613e-07
 3.87514e-07
 3.42135e-07
 3.04310e-07
 2.72446e-07
 2.45348e-07
 2.22111e-07
 2.02032e-07
 1.84562e-07
 1.69268e-07
 1.55802e-07
 1.43883e-07
 1.33283e-07
 1.63899e-06
 1.27278e-06
 1.01826e-06
 8.33781e-07
 6.95611e-07
 5.89350e-07
 5.05823e-07
 4.38948e-07
 3.84557e-07
 3.39716e-07
 3.02306e-07
 2.70767e-07
 2.43928e-07
 2.20898e-07
 2.00989e-07
 1.83658e-07
 1.68479e-07
 1.55110e-07
 1.43273e-07
 1.32742e-07
 1.54503e-06
 1.21277e-06
 9.77936e-07
 8.05578e-07
 6.75228e-07
 5.74212e-07
 4.94318e-07
 4.30029e-07
 3.77523e-07
 3.34084e-07
 2.97735e-07
 2.67013e-07
 2.40813e-07
 2.18288e-07
 1.98782e-07
 1.81778e-07
 1.66866e-07
 1.53717e-07
 1.42062e-07
 1.31684e-07
 1.40581e-06
 1.12242e-06
 9.16611e-07
 7.62421e-07
 6.43935e-07
 5.50940e-07
 4.76632e-07
 4.16334e-07
 3.66742e-07
 3.25473e-07
 2.90769e-07
 2.61312e-07
 2.36098e-07
 2.14352e-07
 1.95468e-07
 1.78965e-07
 1.64462e-07
 1.51648e-07
 1.40271e-07
 1.30125e-07
 1.24111e-06
 1.01261e-06
 8.40597e-07
 7.08136e-07
 6.04135e-07
 5.21095e-07
 4.53809e-07
 3.98578e-07
 3.52718e-07
 3.14244e-07
 2.81668e-07
 2.53855e-07
 2.29927e-07
 2.09199e-07
 1.91129e-07
 1.75286e-07
 1.61319e-07
 1.48946e-07
 1.37934e-07
 1.28093e-07
 1.06959e-06
 8.94343e-07
 7.56605e-07
 6.46957e-07
 5.58579e-07
 4.86510e-07
 4.27099e-07
 3.77633e-07
 3.36066e-07
 3.00842e-07
 2.70761e-07
 2.44887e-07
 2.22485e-07
 2.02971e-07
 1.85877e-07
 1.70824e-07
 1.57503e-07
 1.45663e-07
 1.35094e-07
 1.25622e-07
 9.05431e-07
 7.76811e-07
 6.70662e-07
 5.82891e-07
 5.09979e-07
 4.49053e-07
 3.97811e-07
 3.54430e-07
 3.17463e-07
 2.85764e-07
 2.58415e-07
 2.34686e-07
 2.13985e-07
 1.95832e-07
 1.79837e-07
 1.65680e-07
 1.53095e-07
 1.41863e-07
 1.31801e-07
 1.22754e-07
 7.57294e-07
 6.66509e-07
 5.87451e-07
 5.19281e-07
 4.60724e-07
 4.10441e-07
 3.67192e-07
 3.29884e-07
 2.97586e-07
 2.69514e-07
 2.45015e-07
 2.23544e-07
 2.04650e-07
 1.87956e-07
 1.73148e-07
 1.59964e-07
 1.48182e-07
 1.37617e-07
 1.28113e-07
 1.19535e-07
 6.28961e-07
 5.67174e-07
 5.10107e-07
 4.58597e-07
 4.12706e-07
 3.72113e-07
 3.36328e-07
 3.04819e-07
 2.77062e-07
 2.52577e-07
 2.30933e-07
 2.11753e-07
 1.94710e-07
 1.79524e-07
 1.65953e-07
 1.53789e-07
 1.42855e-07
 1.32999e-07
 1.24090e-07
 1.16016e-07
 5.20794e-07
 4.80308e-07
 4.40354e-07
 4.02431e-07
 3.67280e-07
 3.35170e-07
 3.06104e-07
 2.79936e-07
 2.56446e-07
 2.35388e-07
 2.16513e-07
 1.99584e-07
 1.84383e-07
 1.70711e-07
 1.58392e-07
 1.47270e-07
 1.37208e-07
 1.28085e-07
 1.19796e-07
 1.12247e-07
 4.31209e-07
 4.05879e-07
 3.78815e-07
 3.51622e-07
 3.25288e-07
 3.00379e-07
 2.77177e-07
 2.55784e-07
 2.36190e-07
 2.18318e-07
 2.02058e-07
 1.87285e-07
 1.73868e-07
 1.61679e-07
 1.50599e-07
 1.40517e-07
 1.31332e-07
 1.22950e-07
 1.15292e-07
 1.08282e-07
