scalar
part
         1
quad4
 3.47118e-07
 3.34376e-07
 3.18185e-07
 3.00233e-07
 2.81680e-07
 2.63284e-07
 2.45521e-07
 2.28667e-07
 2.12867e-07
 1.98174e-07
 1.84585e-07
 1.72064e-07
 1.60554e-07
 1.49986e-07
 1.40290e-07
 1.31394e-07
 1.23228e-07
 1.15728e-07
 1.08834e-07
 1.02489e-07
 4.28623e-07
 4.03674e-07
 3.76680e-07
 3.49437e-07
 3.23029e-07
 2.98061e-07
 2.74831e-07
 2.53443e-07
 2.33882e-07
 2.16067e-07
 1.99883e-07
 1.85198e-07
 1.71876e-07
 1.59788e-07
 1.48810e-07
 1.38829e-07
 1.29742e-07
 1.21457e-07
 1.13890e-07
 1.06967e-07
 5.28990e-07
 4.86189e-07
 4.44344e-07
 4.04948e-07
 3.68681e-07
 3.35746e-07
 3.06080e-07
 2.79485e-07
 2.55700e-07
 2.34445e-07
 2.15447e-07
 1.98448e-07
 1.83215e-07
 1.69541e-07
 1.57239e-07
 1.46147e-07
 1.36124e-07
 1.27047e-07
 1.18805e-07
 1.11307e-07
 6.50776e-07
 5.82755e-07
 5.21150e-07
 4.66352e-07
 4.18081e-07
 3.75765e-07
 3.38734e-07
 3.06324e-07
 2.77918e-07
 2.52967e-07
 2.30992e-07
 2.11579e-07
 1.94377e-07
 1.79083e-07
 1.65442e-07
 1.53237e-07
 1.42283e-07
 1.32421e-07
 1.23516e-07
 1.15454e-07
 7.95185e-07
 6.92984e-07
 6.06116e-07
 5.32530e-07
 4.70172e-07
 4.17196e-07
 3.72019e-07
 3.33324e-07
 3.00020e-07
 2.71216e-07
 2.46182e-07
 2.24321e-07
 2.05140e-07
 1.88236e-07
 1.73275e-07
 1.59980e-07
 1.48119e-07
 1.37498e-07
 1.27956e-07
 1.19353e-07
 9.60700e-07
 8.14523e-07
 6.96914e-07
 6.01469e-07
 5.23311e-07
 4.58734e-07
 4.04914e-07
 3.59687e-07
 3.21384e-07
 2.88707e-07
 2.60637e-07
 2.36371e-07
 2.15266e-07
 1.96810e-07
 1.80585e-07
 1.66252e-07
 1.53533e-07
 1.42198e-07
 1.32056e-07
 1.22948e-07
 1.14146e-06
 9.42311e-07
 7.89564e-07
 6.70156e-07
 5.75249e-07
 4.98708e-07
 4.36172e-07
 3.84482e-07
 3.41308e-07
 3.04904e-07
 2.73946e-07
 2.47413e-07
 2.24510e-07
 2.04611e-07
 1.87217e-07
 1.71930e-07
 1.58425e-07
 1.46438e-07
 1.35752e-07
 1.26185e-07
 1.32583e-06
 1.06813e-06
 8.78365e-07
 7.34633e-07
 6.23223e-07
 5.35168e-07
 4.64401e-07
 4.06699e-07
 3.59050e-07
 3.19259e-07
 2.85696e-07
 2.57133e-07
 2.32628e-07
 2.11450e-07
 1.93025e-07
 1.76898e-07
 1.62704e-07
 1.50145e-07
 1.38982e-07
 1.29015e-07
 1.49601e-06
 1.18087e-06
 9.56244e-07
 7.90313e-07
 6.64188e-07
 5.66048e-07
 4.88170e-07
 4.25329e-07
 3.73887e-07
 3.31241e-07
 2.95495e-07
 2.65236e-07
 2.39396e-07
 2.17155e-07
 1.97873e-07
 1.81050e-07
 1.66283e-07
 1.53251e-07
 1.41693e-07
 1.31394e-07
 1.62965e-06
 1.26783e-06
 1.01568e-06
 8.32561e-07
 6.95189e-07
 5.89406e-07
 5.06168e-07
 4.39466e-07
 3.85176e-07
 3.40389e-07
 3.03003e-07
 2.71469e-07
 2.44623e-07
 2.21578e-07
 2.01649e-07
 1.84296e-07
 1.69093e-07
 1.55699e-07
 1.43838e-07
 1.33283e-07
 1.70473e-06
 1.31743e-06
 1.05017e-06
 8.57516e-07
 7.13828e-07
 6.03697e-07
 5.17366e-07
 4.48404e-07
 3.92424e-07
 3.46347e-07
 3.07961e-07
 2.75639e-07
 2.48163e-07
 2.24610e-07
 2.04265e-07
 1.86569e-07
 1.71080e-07
 1.57447e-07
 1.45383e-07
 1.34656e-07
 1.70737e-06
 1.32265e-06
 1.05585e-06
 8.62910e-07
 7.18708e-07
 6.08019e-07
 5.21162e-07
 4.51729e-07
 3.95338e-07
 3.48906e-07
 3.10214e-07
 2.77629e-07
 2.49929e-07
 2.26181e-07
 2.05667e-07
 1.87826e-07
 1.72211e-07
 1.58466e-07
 1.46305e-07
 1.35493e-07
 1.63846e-06
 1.28361e-06
 1.03264e-06
 8.48627e-07
 7.09710e-07
 6.02271e-07
 5.17470e-07
 4.49371e-07
 3.93859e-07
 3.48017e-07
 3.09723e-07
 2.77409e-07
 2.49892e-07
 2.26269e-07
 2.05839e-07
 1.88052e-07
 1.72471e-07
 1.58747e-07
 1.46596e-07
 1.35787e-07
 1.51339e-06
 1.20762e-06
 9.84288e-07
 8.16715e-07
 6.88012e-07
 5.87154e-07
 5.06725e-07
 4.41604e-07
 3.88168e-07
 3.43798e-07
 3.06567e-07
 2.75031e-07
 2.48091e-07
 2.24900e-07
 2.04797e-07
 1.87259e-07
 1.71871e-07
 1.58295e-07
 1.46259e-07
 1.35540e-07
 1.35514e-06
 1.10646e-06
 9.17233e-07
 7.70865e-07
 6.55825e-07
 5.64043e-07
 4.89807e-07
 4.29009e-07
 3.78653e-07
 3.36518e-07
 3.00935e-07
 2.70630e-07
 2.44622e-07
 2.22145e-07
 2.02594e-07
 1.85488e-07
 1.70439e-07
 1.57133e-07
 1.45313e-07
 1.34767e-07
 1.18585e-06
 9.92759e-07
 8.38866e-07
 7.15558e-07
 6.15948e-07
 5.34739e-07
 4.67903e-07
 4.12388e-07
 3.65869e-07
 3.26567e-07
 2.93103e-07
 2.64406e-07
 2.39633e-07
 2.18113e-07
 1.99313e-07
 1.82800e-07
 1.68224e-07
 1.55298e-07
 1.43785e-07
 1.33490e-07
 1.02182e-06
 8.77100e-07
 7.56012e-07
 6.55218e-07
 5.71297e-07
 5.01194e-07
 4.42347e-07
 3.92665e-07
 3.50469e-07
 3.14410e-07
 2.83412e-07
 2.56611e-07
 2.33311e-07
 2.12947e-07
 1.95061e-07
 1.79279e-07
 1.65290e-07
 1.52841e-07
 1.41717e-07
 1.31740e-07
 8.72479e-07
 7.66854e-07
 6.74010e-07
 5.93619e-07
 5.24517e-07
 4.65273e-07
 4.14461e-07
 3.70791e-07
 3.33140e-07
 3.00554e-07
 2.72238e-07
 2.47526e-07
 2.25868e-07
 2.06808e-07
 1.89964e-07
 1.75022e-07
 1.61715e-07
 1.49822e-07
 1.39155e-07
 1.29557e-07
 7.41810e-07
 6.66244e-07
 5.96469e-07
 5.33599e-07
 4.77765e-07
 4.28586e-07
 3.85445e-07
 3.47658e-07
 3.14551e-07
 2.85502e-07
 2.59960e-07
 2.37441e-07
 2.17530e-07
 1.99871e-07
 1.84159e-07
 1.70136e-07
 1.57583e-07
 1.46309e-07
 1.36156e-07
 1.26985e-07
 6.30267e-07
 5.77060e-07
 5.25447e-07
 4.77047e-07
 4.32625e-07
 3.92407e-07
 3.56300e-07
 3.24046e-07
 2.95306e-07
 2.69723e-07
 2.46945e-07
 2.26643e-07
 2.08520e-07
 1.92312e-07
 1.77785e-07
 1.64735e-07
 1.52983e-07
 1.42376e-07
 1.32778e-07
 1.24072e-07
