scalar
part
         1
quad4
 5.91180e-07
 5.44196e-07
 4.97981e-07
 4.54168e-07
 4.13590e-07
 3.76564e-07
 3.43097e-07
 3.13019e-07
 2.86075e-07
 2.61973e-07
 2.40420e-07
 2.21135e-07
 2.03858e-07
 1.88356e-07
 1.74420e-07
 1.61867e-07
 1.50535e-07
 1.40282e-07
 1.30985e-07
 1.22536e-07
 6.99086e-07
 6.31252e-07
 5.67938e-07
 5.10370e-07
 4.58843e-07
 4.13141e-07
 3.72804e-07
 3.37278e-07
 3.05997e-07
 2.78429e-07
 2.54091e-07
 2.32557e-07
 2.13453e-07
 1.96459e-07
 1.81299e-07
 1.67734e-07
 1.55563e-07
 1.44610e-07
 1.34726e-07
 1.25783e-07
 8.26378e-07
 7.30273e-07
 6.45037e-07
 5.70649e-07
 5.06254e-07
 4.50695e-07
 4.02775e-07
 3.61380e-07
 3.25528e-07
 2.94373e-07
 2.67200e-07
 2.43407e-07
 2.22493e-07
 2.04036e-07
 1.87687e-07
 1.73149e-07
 1.60177e-07
 1.48560e-07
 1.38124e-07
 1.28718e-07
 9.73202e-07
 8.39968e-07
 7.27597e-07
 6.33378e-07
 5.54416e-07
 4.88069e-07
 4.32081e-07
 3.84593e-07
 3.44091e-07
 3.09352e-07
 2.79389e-07
 2.53405e-07
 2.30754e-07
 2.10910e-07
 1.93442e-07
 1.77998e-07
 1.64285e-07
 1.52059e-07
 1.41119e-07
 1.31294e-07
 1.13659e-06
 9.56835e-07
 8.12482e-07
 6.96018e-07
 6.01357e-07
 5.23759e-07
 4.59588e-07
 4.06059e-07
 3.61036e-07
 3.22870e-07
 2.90279e-07
 2.62257e-07
 2.38009e-07
 2.16901e-07
 1.98425e-07
 1.82170e-07
 1.67798e-07
 1.55035e-07
 1.43653e-07
 1.33462e-07
 1.30863e-06
 1.07442e-06
 8.94878e-07
 7.55086e-07
 6.44582e-07
 5.55979e-07
 4.84005e-07
 4.24838e-07
 3.75673e-07
 3.34417e-07
 2.99487e-07
 2.69673e-07
 2.44036e-07
 2.21839e-07
 2.02502e-07
 1.85559e-07
 1.70633e-07
 1.57421e-07
 1.45672e-07
 1.35179e-07
 1.47495e-06
 1.18310e-06
 9.68419e-07
 8.06357e-07
 6.81253e-07
 5.82793e-07
 5.03990e-07
 4.39987e-07
 3.87328e-07
 3.43502e-07
 3.06653e-07
 2.75385e-07
 2.48632e-07
 2.25571e-07
 2.05555e-07
 1.88074e-07
 1.72719e-07
 1.59161e-07
 1.47132e-07
 1.36410e-07
 1.61522e-06
 1.27092e-06
 1.02590e-06
 8.45360e-07
 7.08515e-07
 6.02329e-07
 5.18289e-07
 4.50644e-07
 3.95397e-07
 3.49696e-07
 3.11466e-07
 2.79166e-07
 2.51630e-07
 2.27968e-07
 2.07486e-07
 1.89640e-07
 1.73998e-07
 1.60210e-07
 1.47996e-07
 1.37125e-07
 1.70695e-06
 1.32589e-06
 1.06058e-06
 8.68119e-07
 7.23930e-07
 6.13039e-07
 5.25888e-07
 4.56130e-07
 3.99415e-07
 3.52674e-07
 3.13695e-07
 2.80846e-07
 2.52905e-07
 2.28939e-07
 2.08227e-07
 1.90206e-07
 1.74428e-07
 1.60536e-07
 1.48240e-07
 1.37306e-07
 1.73255e-06
 1.33929e-06
 1.06777e-06
 8.71977e-07
 7.25916e-07
 6.13946e-07
 5.26163e-07
 4.56036e-07
 3.99107e-07
 3.52247e-07
 3.13207e-07
 2.80333e-07
 2.52389e-07
 2.28434e-07
 2.07741e-07
 1.89742e-07
 1.73989e-07
 1.60123e-07
 1.47853e-07
 1.36942e-07
 1.68627e-06
 1.30841e-06
 1.04613e-06
 8.56209e-07
 7.14067e-07
 6.04815e-07
 5.18977e-07
 4.50278e-07
 3.94422e-07
 3.48384e-07
 3.09984e-07
 2.77616e-07
 2.50077e-07
 2.26450e-07
 2.06026e-07
 1.88250e-07
 1.72683e-07
 1.58972e-07
 1.46834e-07
 1.36037e-07
 1.57631e-06
 1.23747e-06
 9.97975e-07
 8.22189e-07
 6.89241e-07
 5.86203e-07
 5.04703e-07
 4.39115e-07
 3.85543e-07
 3.41217e-07
 3.04124e-07
 2.72768e-07
 2.46025e-07
 2.23031e-07
 2.03117e-07
 1.85756e-07
 1.70530e-07
 1.57101e-07
 1.45199e-07
 1.34600e-07
 1.42102e-06
 1.13602e-06
 9.28651e-07
 7.73074e-07
 6.53387e-07
 5.59362e-07
 4.84171e-07
 4.23114e-07
 3.72869e-07
 3.31032e-07
 2.95833e-07
 2.65943e-07
 2.40348e-07
 2.18266e-07
 1.99083e-07
 1.82314e-07
 1.67573e-07
 1.54544e-07
 1.42975e-07
 1.32654e-07
 1.24231e-06
 1.01612e-06
 8.45168e-07
 7.13121e-07
 6.09191e-07
 5.26042e-07
 4.58556e-07
 4.03083e-07
 3.56965e-07
 3.18235e-07
 2.85411e-07
 2.57362e-07
 2.33213e-07
 2.12280e-07
 1.94021e-07
 1.78001e-07
 1.63872e-07
 1.51349e-07
 1.40200e-07
 1.30231e-07
 1.05993e-06
 8.89533e-07
 7.54741e-07
 6.46899e-07
 5.59630e-07
 4.88234e-07
 4.29220e-07
 3.79973e-07
 3.38511e-07
 3.03317e-07
 2.73218e-07
 2.47295e-07
 2.24826e-07
 2.05232e-07
 1.88053e-07
 1.72912e-07
 1.59504e-07
 1.47577e-07
 1.36924e-07
 1.27371e-07
 8.88222e-07
 7.65718e-07
 6.63644e-07
 5.78617e-07
 5.07571e-07
 4.47922e-07
 3.97559e-07
 3.54783e-07
 3.18232e-07
 2.86814e-07
 2.59654e-07
 2.36045e-07
 2.15415e-07
 1.97300e-07
 1.81318e-07
 1.67156e-07
 1.54554e-07
 1.43296e-07
 1.33202e-07
 1.24119e-07
 7.35408e-07
 6.51067e-07
 5.76586e-07
 5.11683e-07
 4.55472e-07
 4.06887e-07
 3.64874e-07
 3.28472e-07
 2.96840e-07
 2.69260e-07
 2.45124e-07
 2.23922e-07
 2.05224e-07
 1.88672e-07
 1.73966e-07
 1.60853e-07
 1.49119e-07
 1.38585e-07
 1.29097e-07
 1.20525e-07
 6.04614e-07
 5.49015e-07
 4.96578e-07
 4.48529e-07
 4.05230e-07
 3.66587e-07
 3.32278e-07
 3.01889e-07
 2.74988e-07
 2.51159e-07
 2.30021e-07
 2.11231e-07
 1.94491e-07
 1.79539e-07
 1.66148e-07
 1.54123e-07
 1.43296e-07
 1.33522e-07
 1.24674e-07
 1.16645e-07
 4.95553e-07
 4.60698e-07
 4.25146e-07
 3.90647e-07
 3.58152e-07
 3.28108e-07
 3.00651e-07
 2.75740e-07
 2.53237e-07
 2.32957e-07
 2.14697e-07
 1.98256e-07
 1.83443e-07
 1.70081e-07
 1.58010e-07
 1.47087e-07
 1.37184e-07
 1.28188e-07
 1.20000e-07
 1.12532e-07
 4.06111e-07
 3.85738e-07
 3.62701e-07
 3.38747e-07
 3.15009e-07
 2.92175e-07
 2.70633e-07
 2.50569e-07
 2.32040e-07
 2.15027e-07
 1.99460e-07
 1.85248e-07
 1.72286e-07
 1.60468e-07
 1.49692e-07
 1.39857e-07
 1.30875e-07
 1.22660e-07
 1.15139e-07
 1.08241e-07
