scalar
part
         1
quad4
 3.98160e-07
 3.77935e-07
 3.55289e-07
 3.31853e-07
 3.08678e-07
 2.86406e-07
 2.65398e-07
 2.45826e-07
 2.27744e-07
 2.11132e-07
 1.95922e-07
 1.82027e-07
 1.69347e-07
 1.57779e-07
 1.47224e-07
 1.37588e-07
 1.28781e-07
 1.20724e-07
 1.13344e-07
 1.06573e-07
 4.84858e-07
 4.50636e-07
 4.15918e-07
 3.82310e-07
 3.50683e-07
 3.21441e-07
 2.94705e-07
 2.70433e-07
 2.48490e-07
 2.28698e-07
 2.10863e-07
 1.94793e-07
 1.80304e-07
 1.67225e-07
 1.55403e-07
 1.44699e-07
 1.34989e-07
 1.26165e-07
 1.18130e-07
 1.10799e-07
 5.90363e-07
 5.36189e-07
 4.85234e-07
 4.38582e-07
 3.96535e-07
 3.58983e-07
 3.25610e-07
 2.96020e-07
 2.69800e-07
 2.46550e-07
 2.25906e-07
 2.07541e-07
 1.91166e-07
 1.76529e-07
 1.63413e-07
 1.51628e-07
 1.41011e-07
 1.31421e-07
 1.22738e-07
 1.14854e-07
 7.16695e-07
 6.34984e-07
 5.62881e-07
 5.00020e-07
 4.45520e-07
 3.98352e-07
 3.57508e-07
 3.22072e-07
 2.91242e-07
 2.64331e-07
 2.40757e-07
 2.20028e-07
 2.01734e-07
 1.85527e-07
 1.71119e-07
 1.58263e-07
 1.46754e-07
 1.36416e-07
 1.27102e-07
 1.18684e-07
 8.64191e-07
 7.46022e-07
 6.47471e-07
 5.65247e-07
 4.96418e-07
 4.38526e-07
 3.89565e-07
 3.47916e-07
 3.12280e-07
 2.81612e-07
 2.55072e-07
 2.31980e-07
 2.11787e-07
 1.94042e-07
 1.78377e-07
 1.64488e-07
 1.52123e-07
 1.41071e-07
 1.31158e-07
 1.22235e-07
 1.03010e-06
 8.66196e-07
 7.36237e-07
 6.31999e-07
 5.47447e-07
 4.78125e-07
 4.20719e-07
 3.72737e-07
 3.32284e-07
 2.97905e-07
 2.68473e-07
 2.43102e-07
 2.21093e-07
 2.01889e-07
 1.85041e-07
 1.70184e-07
 1.57021e-07
 1.45308e-07
 1.34842e-07
 1.25454e-07
 1.20704e-06
 9.89681e-07
 8.24823e-07
 6.97086e-07
 5.96281e-07
 5.15450e-07
 4.49723e-07
 3.95610e-07
 3.50564e-07
 3.12691e-07
 2.80563e-07
 2.53087e-07
 2.29415e-07
 2.08882e-07
 1.90962e-07
 1.75234e-07
 1.61356e-07
 1.49051e-07
 1.38092e-07
 1.28291e-07
 1.38207e-06
 1.10775e-06
 9.07356e-07
 7.56520e-07
 6.40178e-07
 5.48589e-07
 4.75221e-07
 4.15562e-07
 3.66410e-07
 3.25444e-07
 2.90951e-07
 2.61639e-07
 2.36525e-07
 2.14846e-07
 1.96005e-07
 1.79530e-07
 1.65040e-07
 1.52231e-07
 1.40854e-07
 1.30702e-07
 1.53701e-06
 1.20937e-06
 9.76952e-07
 8.05892e-07
 6.76242e-07
 5.75592e-07
 4.95875e-07
 4.31654e-07
 3.79151e-07
 3.35679e-07
 2.99276e-07
 2.68489e-07
 2.42219e-07
 2.19623e-07
 2.00047e-07
 1.82976e-07
 1.67999e-07
 1.54789e-07
 1.43077e-07
 1.32645e-07
 1.65087e-06
 1.28278e-06
 1.02671e-06
 8.40977e-07
 7.01794e-07
 5.94710e-07
 5.10508e-07
 4.43074e-07
 3.88218e-07
 3.42984e-07
 3.05240e-07
 2.73414e-07
 2.46330e-07
 2.23086e-07
 2.02989e-07
 1.85495e-07
 1.70172e-07
 1.56674e-07
 1.44723e-07
 1.34090e-07
 1.70474e-06
 1.31807e-06
 1.05107e-06
 8.58490e-07
 7.14804e-07
 6.04637e-07
 5.18254e-07
 4.49235e-07
 3.93197e-07
 3.47066e-07
 3.08627e-07
 2.76257e-07
 2.48738e-07
 2.25144e-07
 2.04762e-07
 1.87033e-07
 1.71514e-07
 1.57853e-07
 1.45764e-07
 1.35014e-07
 1.68832e-06
 1.31005e-06
 1.04720e-06
 8.56784e-07
 7.14261e-07
 6.04728e-07
 5.18685e-07
 4.49841e-07
 3.93883e-07
 3.47776e-07
 3.09330e-07
 2.76935e-07
 2.49382e-07
 2.25750e-07
 2.05328e-07
 1.87560e-07
 1.72004e-07
 1.58307e-07
 1.46184e-07
 1.35404e-07
 1.60489e-06
 1.26025e-06
 1.01586e-06
 8.36262e-07
 7.00388e-07
 5.95105e-07
 5.11871e-07
 4.44932e-07
 3.90296e-07
 3.45125e-07
 3.07353e-07
 2.75450e-07
 2.48261e-07
 2.24901e-07
 2.04685e-07
 1.87073e-07
 1.71637e-07
 1.58033e-07
 1.45983e-07
 1.35258e-07
 1.47050e-06
 1.17655e-06
 9.61270e-07
 7.99303e-07
 6.74595e-07
 5.76642e-07
 4.98368e-07
 4.34873e-07
 3.82683e-07
 3.39282e-07
 3.02814e-07
 2.71886e-07
 2.45435e-07
 2.22642e-07
 2.02865e-07
 1.85597e-07
 1.70433e-07
 1.57046e-07
 1.45169e-07
 1.34585e-07
 1.30748e-06
 1.07066e-06
 8.89921e-07
 7.49714e-07
 6.39205e-07
 5.50807e-07
 4.79134e-07
 4.20306e-07
 3.71482e-07
 3.30554e-07
 2.95932e-07
 2.66400e-07
 2.41021e-07
 2.19059e-07
 1.99934e-07
 1.83182e-07
 1.68430e-07
 1.55374e-07
 1.43767e-07
 1.33402e-07
 1.13683e-06
 9.54684e-07
 8.09020e-07
 6.91916e-07
 5.97020e-07
 5.19425e-07
 4.55388e-07
 4.02063e-07
 3.57275e-07
 3.19354e-07
 2.87004e-07
 2.59212e-07
 2.35181e-07
 2.14274e-07
 1.95984e-07
 1.79898e-07
 1.65682e-07
 1.53062e-07
 1.41810e-07
 1.31738e-07
 9.73699e-07
 8.38597e-07
 7.25057e-07
 6.30170e-07
 5.50877e-07
 4.84417e-07
 4.28454e-07
 3.81073e-07
 3.40724e-07
 3.06160e-07
 2.76382e-07
 2.50583e-07
 2.28111e-07
 2.08437e-07
 1.91130e-07
 1.75835e-07
 1.62261e-07
 1.50164e-07
 1.39342e-07
 1.29627e-07
 8.26623e-07
 7.29182e-07
 6.43017e-07
 5.68036e-07
 5.03300e-07
 4.47580e-07
 3.99621e-07
 3.58269e-07
 3.22510e-07
 2.91478e-07
 2.64443e-07
 2.40796e-07
 2.20028e-07
 2.01715e-07
 1.85503e-07
 1.71096e-07
 1.58246e-07
 1.46745e-07
 1.36416e-07
 1.27110e-07
 6.98918e-07
 6.30183e-07
 5.66184e-07
 5.08138e-07
 4.56307e-07
 4.10438e-07
 3.70033e-07
 3.34510e-07
 3.03282e-07
 2.75798e-07
 2.51564e-07
 2.30143e-07
 2.11158e-07
 1.94284e-07
 1.79240e-07
 1.65788e-07
 1.53725e-07
 1.42874e-07
 1.33087e-07
 1.24234e-07
 5.90610e-07
 5.43045e-07
 4.96350e-07
 4.52176e-07
 4.11350e-07
 3.74173e-07
 3.40631e-07
 3.10538e-07
 2.83620e-07
 2.59575e-07
 2.38099e-07
 2.18902e-07
 2.01721e-07
 1.86318e-07
 1.72482e-07
 1.60026e-07
 1.48788e-07
 1.38626e-07
 1.29416e-07
 1.21049e-07
