scalar
part
         1
quad4
 4.17738e-07
 3.94438e-07
 3.69138e-07
 3.43450e-07
 3.18386e-07
 2.94541e-07
 2.72228e-07
 2.51575e-07
 2.32598e-07
 2.15241e-07
 1.99413e-07
 1.85002e-07
 1.71891e-07
 1.59960e-07
 1.49100e-07
 1.39205e-07
 1.30179e-07
 1.21935e-07
 1.14394e-07
 1.07487e-07
 5.06072e-07
 4.68090e-07
 4.30236e-07
 3.94052e-07
 3.60326e-07
 3.29380e-07
 3.01265e-07
 2.75872e-07
 2.53018e-07
 2.32483e-07
 2.14039e-07
 1.97468e-07
 1.82565e-07
 1.69143e-07
 1.57034e-07
 1.46089e-07
 1.36178e-07
 1.27183e-07
 1.19003e-07
 1.11549e-07
 6.13046e-07
 5.54320e-07
 4.99721e-07
 4.50181e-07
 4.05856e-07
 3.66507e-07
 3.31714e-07
 3.00997e-07
 2.73878e-07
 2.49909e-07
 2.28684e-07
 2.09848e-07
 1.93088e-07
 1.78137e-07
 1.64760e-07
 1.52760e-07
 1.41964e-07
 1.32225e-07
 1.23415e-07
 1.15425e-07
 7.40408e-07
 6.53299e-07
 5.77072e-07
 5.11073e-07
 4.54183e-07
 4.05188e-07
 3.62939e-07
 3.26414e-07
 2.94733e-07
 2.67153e-07
 2.43048e-07
 2.21896e-07
 2.03261e-07
 1.86779e-07
 1.72146e-07
 1.59107e-07
 1.47447e-07
 1.36984e-07
 1.27566e-07
 1.19062e-07
 8.88068e-07
 7.63721e-07
 6.60697e-07
 5.75221e-07
 5.04010e-07
 4.44356e-07
 3.94078e-07
 3.51434e-07
 3.15037e-07
 2.83784e-07
 2.56788e-07
 2.33340e-07
 2.12864e-07
 1.94894e-07
 1.79049e-07
 1.65015e-07
 1.52532e-07
 1.41385e-07
 1.31394e-07
 1.22406e-07
 1.05265e-06
 8.82100e-07
 7.47610e-07
 6.40240e-07
 5.53487e-07
 4.82596e-07
 4.24053e-07
 3.75236e-07
 3.34162e-07
 2.99317e-07
 2.69530e-07
 2.43887e-07
 2.21669e-07
 2.02301e-07
 1.85325e-07
 1.70368e-07
 1.57126e-07
 1.45351e-07
 1.34835e-07
 1.25408e-07
 1.22600e-06
 1.00221e-06
 8.33263e-07
 7.02852e-07
 6.00256e-07
 5.18201e-07
 4.51621e-07
 3.96906e-07
 3.51427e-07
 3.13241e-07
 2.80885e-07
 2.53241e-07
 2.29445e-07
 2.08820e-07
 1.90833e-07
 1.75054e-07
 1.61140e-07
 1.48809e-07
 1.37833e-07
 1.28019e-07
 1.39443e-06
 1.11506e-06
 9.11701e-07
 7.59063e-07
 6.41596e-07
 5.49289e-07
 4.75457e-07
 4.15494e-07
 3.66145e-07
 3.25051e-07
 2.90477e-07
 2.61116e-07
 2.35974e-07
 2.14283e-07
 1.95441e-07
 1.78970e-07
 1.64491e-07
 1.51695e-07
 1.40332e-07
 1.30197e-07
 1.53954e-06
 1.20965e-06
 9.76155e-07
 8.04580e-07
 6.74706e-07
 5.73985e-07
 4.94277e-07
 4.30107e-07
 3.77677e-07
 3.34285e-07
 2.97965e-07
 2.67259e-07
 2.41066e-07
 2.18543e-07
 1.99035e-07
 1.82027e-07
 1.67109e-07
 1.53952e-07
 1.42290e-07
 1.31904e-07
 1.64109e-06
 1.27480e-06
 1.02010e-06
 8.35429e-07
 6.97078e-07
 5.90656e-07
 5.06988e-07
 4.39992e-07
 3.85496e-07
 3.40564e-07
 3.03074e-07
 2.71466e-07
 2.44567e-07
 2.21484e-07
 2.01527e-07
 1.84155e-07
 1.68939e-07
 1.55536e-07
 1.43670e-07
 1.33112e-07
 1.68211e-06
 1.30160e-06
 1.03856e-06
 8.48681e-07
 7.06907e-07
 5.98145e-07
 5.12825e-07
 4.44628e-07
 3.89240e-07
 3.43630e-07
 3.05617e-07
 2.73598e-07
 2.46372e-07
 2.23025e-07
 2.02854e-07
 1.85305e-07
 1.69943e-07
 1.56418e-07
 1.44448e-07
 1.33802e-07
 1.65469e-06
 1.28611e-06
 1.02939e-06
 8.43078e-07
 7.03422e-07
 5.95960e-07
 5.11461e-07
 4.43793e-07
 3.88751e-07
 3.43371e-07
 3.05510e-07
 2.73593e-07
 2.46434e-07
 2.23132e-07
 2.02989e-07
 1.85457e-07
 1.70104e-07
 1.56582e-07
 1.44612e-07
 1.33965e-07
 1.56380e-06
 1.23074e-06
 9.93866e-07
 8.19348e-07
 6.87049e-07
 5.84359e-07
 5.03057e-07
 4.37589e-07
 3.84097e-07
 3.39830e-07
 3.02784e-07
 2.71472e-07
 2.44769e-07
 2.21814e-07
 2.01937e-07
 1.84614e-07
 1.69424e-07
 1.56032e-07
 1.44165e-07
 1.33600e-07
 1.42591e-06
 1.14378e-06
 9.36473e-07
 7.80060e-07
 6.59334e-07
 5.64309e-07
 4.88236e-07
 4.26430e-07
 3.75559e-07
 3.33204e-07
 2.97577e-07
 2.67334e-07
 2.41447e-07
 2.19123e-07
 1.99740e-07
 1.82806e-07
 1.67927e-07
 1.54784e-07
 1.43119e-07
 1.32719e-07
 1.26270e-06
 1.03674e-06
 8.63703e-07
 7.29058e-07
 6.22645e-07
 5.37320e-07
 4.67994e-07
 4.10987e-07
 3.63599e-07
 3.23818e-07
 2.90122e-07
 2.61348e-07
 2.36595e-07
 2.15155e-07
 1.96469e-07
 1.80089e-07
 1.65655e-07
 1.52873e-07
 1.41502e-07
 1.31344e-07
 1.09406e-06
 9.21248e-07
 7.82548e-07
 6.70677e-07
 5.79756e-07
 5.05215e-07
 4.43555e-07
 3.92103e-07
 3.48810e-07
 3.12094e-07
 2.80725e-07
 2.53742e-07
 2.30381e-07
 2.10036e-07
 1.92220e-07
 1.76538e-07
 1.62667e-07
 1.50344e-07
 1.39349e-07
 1.29502e-07
 9.34151e-07
 8.06725e-07
 6.99203e-07
 6.09023e-07
 5.33421e-07
 4.69873e-07
 4.16225e-07
 3.70700e-07
 3.31851e-07
 2.98512e-07
 2.69742e-07
 2.44778e-07
 2.23005e-07
 2.03920e-07
 1.87112e-07
 1.72244e-07
 1.59035e-07
 1.47254e-07
 1.36707e-07
 1.27231e-07
 7.90765e-07
 6.99475e-07
 6.18358e-07
 5.47477e-07
 4.86061e-07
 4.33029e-07
 3.87255e-07
 3.47687e-07
 3.13393e-07
 2.83572e-07
 2.57545e-07
 2.34742e-07
 2.14685e-07
 1.96974e-07
 1.81276e-07
 1.67310e-07
 1.54840e-07
 1.43669e-07
 1.33627e-07
 1.24573e-07
 6.66772e-07
 6.02897e-07
 5.43049e-07
 4.88498e-07
 4.39582e-07
 3.96136e-07
 3.57745e-07
 3.23897e-07
 2.94066e-07
 2.67754e-07
 2.44505e-07
 2.23919e-07
 2.05642e-07
 1.89373e-07
 1.74849e-07
 1.61846e-07
 1.50171e-07
 1.39659e-07
 1.30168e-07
 1.21575e-07
 5.61958e-07
 5.18206e-07
 4.74889e-07
 4.33649e-07
 3.95341e-07
 3.60309e-07
 3.28588e-07
 3.00037e-07
 2.74429e-07
 2.51496e-07
 2.30967e-07
 2.12581e-07
 1.96095e-07
 1.81290e-07
 1.67971e-07
 1.55964e-07
 1.45118e-07
 1.35298e-07
 1.26389e-07
 1.18287e-07
