scalar
part
         1
quad4
 3.58515e-07
 3.44193e-07
 3.26660e-07
 3.07579e-07
 2.88075e-07
 2.68881e-07
 2.50444e-07
 2.33020e-07
 2.16734e-07
 2.01625e-07
 1.87680e-07
 1.74851e-07
 1.63073e-07
 1.52272e-07
 1.42371e-07
 1.33295e-07
 1.24971e-07
 1.17330e-07
 1.10310e-07
 1.03854e-07
 4.41357e-07
 4.14437e-07
 3.85826e-07
 3.57260e-07
 3.29766e-07
 3.03902e-07
 2.79930e-07
 2.57921e-07
 2.37838e-07
 2.19582e-07
 2.03022e-07
 1.88014e-07
 1.74414e-07
 1.62085e-07
 1.50896e-07
 1.40731e-07
 1.31482e-07
 1.23054e-07
 1.15360e-07
 1.08324e-07
 5.43121e-07
 4.97892e-07
 4.54127e-07
 4.13206e-07
 3.75716e-07
 3.41791e-07
 3.11318e-07
 2.84058e-07
 2.59719e-07
 2.38001e-07
 2.18610e-07
 2.01277e-07
 1.85758e-07
 1.71836e-07
 1.59320e-07
 1.48041e-07
 1.37855e-07
 1.28632e-07
 1.20263e-07
 1.12651e-07
 6.66286e-07
 5.95333e-07
 5.31494e-07
 4.74972e-07
 4.25351e-07
 3.81962e-07
 3.44068e-07
 3.10955e-07
 2.81970e-07
 2.56538e-07
 2.34158e-07
 2.14403e-07
 1.96909e-07
 1.81364e-07
 1.67507e-07
 1.55113e-07
 1.43994e-07
 1.33988e-07
 1.24956e-07
 1.16780e-07
 8.11941e-07
 7.06296e-07
 6.16898e-07
 5.41411e-07
 4.77595e-07
 4.23479e-07
 3.77397e-07
 3.37970e-07
 3.04070e-07
 2.74774e-07
 2.49328e-07
 2.27120e-07
 2.07645e-07
 1.90489e-07
 1.75312e-07
 1.61828e-07
 1.49803e-07
 1.39039e-07
 1.29370e-07
 1.20655e-07
 9.78426e-07
 8.28351e-07
 7.07969e-07
 6.10488e-07
 5.30793e-07
 4.65030e-07
 4.10277e-07
 3.64304e-07
 3.25396e-07
 2.92221e-07
 2.63738e-07
 2.39125e-07
 2.17728e-07
 1.99022e-07
 1.82582e-07
 1.68063e-07
 1.55182e-07
 1.43705e-07
 1.33439e-07
 1.24221e-07
 1.15975e-06
 9.56380e-07
 8.00701e-07
 6.79174e-07
 5.82689e-07
 5.04941e-07
 4.41463e-07
 3.89023e-07
 3.45244e-07
 3.08346e-07
 2.76979e-07
 2.50104e-07
 2.26912e-07
 2.06767e-07
 1.89163e-07
 1.73694e-07
 1.60031e-07
 1.47906e-07
 1.37098e-07
 1.27424e-07
 1.34424e-06
 1.08216e-06
 8.89393e-07
 7.43517e-07
 6.30521e-07
 5.41262e-07
 4.69560e-07
 4.11118e-07
 3.62874e-07
 3.22599e-07
 2.88636e-07
 2.59740e-07
 2.34954e-07
 2.13537e-07
 1.94909e-07
 1.78605e-07
 1.64258e-07
 1.51566e-07
 1.40286e-07
 1.30215e-07
 1.51419e-06
 1.19463e-06
 9.67001e-07
 7.98941e-07
 6.71253e-07
 5.71933e-07
 4.93143e-07
 4.29584e-07
 3.77565e-07
 3.34452e-07
 2.98321e-07
 2.67741e-07
 2.41631e-07
 2.19161e-07
 1.99684e-07
 1.82692e-07
 1.67778e-07
 1.54619e-07
 1.42948e-07
 1.32550e-07
 1.64742e-06
 1.28116e-06
 1.02604e-06
 8.40833e-07
 7.01941e-07
 5.95019e-07
 5.10906e-07
 4.43517e-07
 3.88678e-07
 3.43446e-07
 3.05694e-07
 2.73855e-07
 2.46754e-07
 2.23493e-07
 2.03377e-07
 1.85865e-07
 1.70523e-07
 1.57008e-07
 1.45040e-07
 1.34391e-07
 1.72198e-06
 1.33020e-06
 1.06002e-06
 8.65341e-07
 7.20198e-07
 6.08984e-07
 5.21825e-07
 4.52217e-07
 3.95722e-07
 3.49228e-07
 3.10500e-07
 2.77893e-07
 2.50178e-07
 2.26422e-07
 2.05903e-07
 1.88057e-07
 1.72439e-07
 1.58691e-07
 1.46527e-07
 1.35712e-07
 1.72386e-06
 1.33470e-06
 1.06506e-06
 8.70201e-07
 7.24630e-07
 6.12931e-07
 5.25306e-07
 4.55275e-07
 3.98409e-07
 3.51593e-07
 3.12585e-07
 2.79738e-07
 2.51817e-07
 2.27882e-07
 2.07208e-07
 1.89228e-07
 1.73492e-07
 1.59642e-07
 1.47388e-07
 1.36494e-07
 1.65366e-06
 1.29467e-06
 1.04107e-06
 8.55292e-07
 7.15123e-07
 6.06764e-07
 5.21268e-07
 4.52626e-07
 3.96685e-07
 3.50494e-07
 3.11915e-07
 2.79363e-07
 2.51646e-07
 2.27853e-07
 2.07276e-07
 1.89363e-07
 1.73672e-07
 1.59851e-07
 1.47615e-07
 1.36730e-07
 1.52672e-06
 1.21741e-06
 9.91795e-07
 8.22669e-07
 6.92864e-07
 5.91194e-07
 5.10151e-07
 4.44551e-07
 3.90734e-07
 3.46056e-07
 3.08571e-07
 2.76823e-07
 2.49704e-07
 2.26361e-07
 2.06127e-07
 1.88476e-07
 1.72988e-07
 1.59324e-07
 1.47212e-07
 1.36424e-07
 1.36619e-06
 1.11477e-06
 9.23695e-07
 7.76042e-07
 6.60076e-07
 5.67606e-07
 4.92844e-07
 4.31636e-07
 3.80952e-07
 3.38550e-07
 3.02746e-07
 2.72256e-07
 2.46091e-07
 2.23480e-07
 2.03814e-07
 1.86607e-07
 1.71470e-07
 1.58086e-07
 1.46196e-07
 1.35589e-07
 1.19454e-06
 9.99507e-07
 8.44235e-07
 7.19928e-07
 6.19581e-07
 5.37814e-07
 4.70546e-07
 4.14690e-07
 3.67897e-07
 3.28369e-07
 2.94719e-07
 2.65865e-07
 2.40957e-07
 2.19322e-07
 2.00422e-07
 1.83821e-07
 1.69168e-07
 1.56173e-07
 1.44600e-07
 1.34250e-07
 1.02832e-06
 8.82352e-07
 7.60311e-07
 6.58794e-07
 5.74319e-07
 5.03786e-07
 4.44600e-07
 3.94647e-07
 3.52228e-07
 3.15986e-07
 2.84835e-07
 2.57903e-07
 2.34490e-07
 2.14029e-07
 1.96059e-07
 1.80202e-07
 1.66147e-07
 1.53638e-07
 1.42462e-07
 1.32438e-07
 8.77123e-07
 7.70770e-07
 6.77324e-07
 5.96449e-07
 5.26959e-07
 4.67403e-07
 4.16339e-07
 3.72462e-07
 3.34639e-07
 3.01910e-07
 2.73471e-07
 2.48654e-07
 2.26906e-07
 2.07766e-07
 1.90853e-07
 1.75848e-07
 1.62485e-07
 1.50543e-07
 1.39831e-07
 1.30193e-07
 7.44956e-07
 6.69028e-07
 5.98919e-07
 5.35756e-07
 4.79674e-07
 4.30285e-07
 3.86970e-07
 3.49035e-07
 3.15802e-07
 2.86646e-07
 2.61011e-07
 2.38412e-07
 2.18430e-07
 2.00708e-07
 1.84940e-07
 1.70868e-07
 1.58269e-07
 1.46954e-07
 1.36764e-07
 1.27559e-07
 6.32252e-07
 5.78924e-07
 5.27165e-07
 4.78618e-07
 4.34059e-07
 3.93717e-07
 3.57501e-07
 3.25150e-07
 2.96326e-07
 2.70668e-07
 2.47824e-07
 2.27463e-07
 2.09288e-07
 1.93033e-07
 1.78464e-07
 1.65374e-07
 1.53588e-07
 1.42947e-07
 1.33319e-07
 1.24586e-07
